-2.5680605626e-06 -1.0949212737e-07
2.6082354957e-01 1.0280974865e-03
5.1659903151e-01 4.0715185233e-03
7.6720399989e-01 9.0456400025e-03
1.0125821716e+00 1.5901799035e-02
1.2526141141e+00 2.4539566610e-02
1.4872407848e+00 3.4921090037e-02
1.7163541339e+00 4.6951236229e-02
1.9398784223e+00 6.0570531980e-02
2.1577242096e+00 7.5705588223e-02
2.3697947249e+00 9.2274033434e-02
2.5760235803e+00 1.1022841970e-01
2.7763135611e+00 1.2947265301e-01
2.9705854792e+00 1.4994889951e-01
3.1587642784e+00 1.7158207434e-01
3.3407640035e+00 1.9428663567e-01
3.5165196551e+00 2.1801113360e-01
3.6859628771e+00 2.4265976596e-01
3.8490132202e+00 2.6816895302e-01
4.0056268443e+00 2.9446736787e-01
4.1557119884e+00 3.2146829027e-01
4.2992353370e+00 3.4910641463e-01
4.4361370166e+00 3.7730554698e-01
4.5663601416e+00 4.0598102145e-01
4.6898617178e+00 4.3506384393e-01
4.8066088780e+00 4.6448224812e-01
4.9165643316e+00 4.9414890532e-01
5.0196858167e+00 5.2399041788e-01
5.1159589398e+00 5.5393763308e-01
5.2053445930e+00 5.8390683776e-01
5.2878576948e+00 6.1381987196e-01
5.3634724613e+00 6.4361135500e-01
5.4321801182e+00 6.7319380852e-01
5.4939874551e+00 7.0249614964e-01
5.5489009736e+00 7.3145006725e-01
5.5969376055e+00 7.5996938997e-01
5.6381185449e+00 7.8798521201e-01
5.6724726670e+00 8.1542747121e-01
5.7000247189e+00 8.4222364960e-01
5.7208222887e+00 8.6829522259e-01
5.7349078360e+00 8.9357764229e-01
5.7423218057e+00 9.1799899850e-01
5.7431509328e+00 9.4149310188e-01
5.7374500770e+00 9.6399368673e-01
5.7252679232e+00 9.8543171675e-01
5.7067110728e+00 1.0057418296e+00
5.6818602205e+00 1.0248628651e+00
5.6508031606e+00 1.0427394935e+00
5.6136280348e+00 1.0593029548e+00
5.5704757987e+00 1.0745065681e+00
5.5214261133e+00 1.0882958800e+00
5.4666092249e+00 1.1006091792e+00
5.4061552979e+00 1.1113975767e+00
5.3401779967e+00 1.1206196839e+00
5.2688255753e+00 1.1282281195e+00
5.1922620427e+00 1.1341790853e+00
5.1106000644e+00 1.1384335866e+00
5.0240152937e+00 1.1409584848e+00
4.9326682179e+00 1.1417123862e+00
4.8367249385e+00 1.1406745554e+00
4.7363538179e+00 1.1378155690e+00
4.6317368325e+00 1.1331111418e+00
4.5230800864e+00 1.1265485773e+00
4.4105315197e+00 1.1181073672e+00
4.2943051801e+00 1.1077781680e+00
4.1746175309e+00 1.0955633618e+00
4.0516486404e+00 1.0814572762e+00
3.9255986201e+00 1.0654574166e+00
3.7967117109e+00 1.0475758901e+00
3.6651949783e+00 1.0278276280e+00
3.5312656507e+00 1.0062366245e+00
3.3951609909e+00 9.8282691446e-01
3.2571039050e+00 9.5762110387e-01
3.1173556654e+00 9.3066393809e-01
2.9761397285e+00 9.0199964665e-01
2.8337052310e+00 8.7167743062e-01
2.6903253995e+00 8.3976121627e-01
2.5462661554e+00 8.0631425700e-01
2.4017869764e+00 7.7140359732e-01
2.2571695081e+00 7.3511976530e-01
2.1127166343e+00 6.9755664581e-01
1.9687271062e+00 6.5882274016e-01
1.8254959755e+00 6.1902296208e-01
1.6833614832e+00 5.7828390650e-01
1.5426747264e+00 5.3674361237e-01
1.4038089999e+00 4.9455931806e-01
1.2671361987e+00 4.5189783183e-01
1.1330762391e+00 4.0895448588e-01
1.0021014096e+00 3.6594173903e-01
8.7469754075e-01 3.2308388669e-01
7.5142584851e-01 2.8068041548e-01
6.3294232837e-01 2.3901026478e-01
5.1994876068e-01 1.9842075153e-01
4.1325563841e-01 1.5931727630e-01
3.1393127384e-01 1.2221545974e-01
2.2330052751e-01 8.7767912900e-02
1.4311075955e-01 5.6790854410e-02
7.5601708664e-02 3.0286530182e-02
2.4880821963e-02 9.8629202845e-03
-1.4563535754e-06 -1.6495623305e-06
