6.7371459759e-01 -1.3811144990e-01
6.8737111310e-01 -1.4817441849e-01
7.0099769081e-01 -1.5809068154e-01
7.1450584812e-01 -1.6784956549e-01
7.2792010916e-01 -1.7716489499e-01
7.4142136110e-01 -1.8610851768e-01
7.5459198416e-01 -1.9471188696e-01
7.6748766283e-01 -2.0294422776e-01
7.8015594990e-01 -2.1081497066e-01
7.9260417648e-01 -2.1837411518e-01
8.0489810170e-01 -2.2569542446e-01
8.1704783026e-01 -2.3276920310e-01
8.2901486719e-01 -2.3958304826e-01
8.4070137035e-01 -2.4609100377e-01
8.5219232719e-01 -2.5226644299e-01
8.6354702012e-01 -2.5823648517e-01
8.7475100555e-01 -2.6401430125e-01
8.8575130395e-01 -2.6955844638e-01
8.9653943023e-01 -2.7487878361e-01
9.0719252654e-01 -2.8009700523e-01
9.1771174046e-01 -2.8513440011e-01
9.2804800200e-01 -2.8998457144e-01
9.3819608470e-01 -2.9465895381e-01
9.4818494715e-01 -2.9916527423e-01
9.5807802374e-01 -3.0354875192e-01
9.6787611896e-01 -3.0781284559e-01
9.7753500919e-01 -3.1193189234e-01
9.8703408325e-01 -3.1591109254e-01
9.9641593979e-01 -3.1983712378e-01
1.0057103935e+00 -3.2365007761e-01
1.0148960211e+00 -3.2734452408e-01
1.0239584522e+00 -3.3093481167e-01
1.0329065094e+00 -3.3441415419e-01
1.0417819466e+00 -3.3779260881e-01
1.0505877048e+00 -3.4109663119e-01
1.0592813822e+00 -3.4430260281e-01
1.0678527253e+00 -3.4741770077e-01
1.0763447069e+00 -3.5047422366e-01
1.0847798203e+00 -3.5346016458e-01
1.0931562998e+00 -3.5637488740e-01
1.1014688303e+00 -3.5922863176e-01
1.1097101617e+00 -3.6197783747e-01
1.1178752315e+00 -3.6467306220e-01
1.1259518942e+00 -3.6730139515e-01
1.1339383573e+00 -3.6986220857e-01
1.1418494447e+00 -3.7236182521e-01
1.1497204727e+00 -3.7480600868e-01
1.1575506311e+00 -3.7719294200e-01
1.1653380537e+00 -3.7952203378e-01
1.1730891394e+00 -3.8180530947e-01
1.1807813021e+00 -3.8401553364e-01
1.1884155443e+00 -3.8618182102e-01
1.1959834854e+00 -3.8829369198e-01
1.2034832522e+00 -3.9035057035e-01
1.2109239515e+00 -3.9235896447e-01
1.2183382876e+00 -3.9432491935e-01
1.2257237714e+00 -3.9624181163e-01
1.2330784757e+00 -3.9810910851e-01
1.2404063799e+00 -3.9993625694e-01
1.2476776508e+00 -4.0170472464e-01
1.2549196122e+00 -4.0343924805e-01
1.2621145539e+00 -4.0512863094e-01
1.2692605424e+00 -4.0677235770e-01
1.2763587673e+00 -4.0837414520e-01
1.2834357821e+00 -4.0994560811e-01
1.2904924334e+00 -4.1147358830e-01
1.2975267449e+00 -4.1295760926e-01
1.3045309930e+00 -4.1440530446e-01
1.3114966166e+00 -4.1580069165e-01
1.3184466986e+00 -4.1715966534e-01
1.3253643535e+00 -4.1848642959e-01
1.3322417458e+00 -4.1977301669e-01
1.3390780162e+00 -4.2102094941e-01
1.3458980285e+00 -4.2224519175e-01
1.3527045726e+00 -4.2342862623e-01
1.3594955991e+00 -4.2457083228e-01
1.3662685376e+00 -4.2568327116e-01
1.3730065623e+00 -4.2675637575e-01
1.3797183891e+00 -4.2778211710e-01
1.3864271519e+00 -4.2878208331e-01
1.3931084741e+00 -4.2974664356e-01
1.3997565273e+00 -4.3067244341e-01
1.4063772776e+00 -4.3157266512e-01
1.4129918571e+00 -4.3244937737e-01
1.4195971854e+00 -4.3328746073e-01
1.4261886850e+00 -4.3408762787e-01
1.4327590519e+00 -4.3485843552e-01
1.4393083089e+00 -4.3559972137e-01
1.4458311188e+00 -4.3628897216e-01
1.4523561765e+00 -4.3695124085e-01
1.4588691726e+00 -4.3758545367e-01
1.4653518942e+00 -4.3818386955e-01
1.4718110622e+00 -4.3875591061e-01
1.4782750776e+00 -4.3931096987e-01
1.4847318387e+00 -4.3982532650e-01
1.4911659818e+00 -4.4030336833e-01
1.4975881933e+00 -4.4075765919e-01
1.5039834798e+00 -4.4117731361e-01
1.5103727081e+00 -4.4156380678e-01
1.5167613525e+00 -4.4192040728e-01
1.5231402373e+00 -4.4224068232e-01
1.5295023544e+00 -4.4253199347e-01
1.5358698291e+00 -4.4280366236e-01
1.5422164694e+00 -4.4303635179e-01
1.5485444828e+00 -4.4324130440e-01
1.5548515183e+00 -4.4341828044e-01
1.5611395345e+00 -4.4355613646e-01
1.5674322774e+00 -4.4366631017e-01
1.5737282620e+00 -4.4374967488e-01
1.5800131633e+00 -4.4379503124e-01
1.5862803983e+00 -4.4381272049e-01
1.5925594903e+00 -4.4381863946e-01
1.5988188713e+00 -4.4378001915e-01
1.6050638219e+00 -4.4371451672e-01
1.6112922511e+00 -4.4362234911e-01
1.6174972524e+00 -4.4349879853e-01
1.6236967603e+00 -4.4334072035e-01
1.6299005972e+00 -4.4315209973e-01
1.6361062936e+00 -4.4293282939e-01
1.6423113619e+00 -4.4268279848e-01
1.6485070225e+00 -4.4240318112e-01
1.6546870202e+00 -4.4209409876e-01
1.6608540204e+00 -4.4175625910e-01
1.6670055626e+00 -4.4138959303e-01
1.6731391681e+00 -4.4099402801e-01
1.6792668991e+00 -4.4057485265e-01
1.6853962360e+00 -4.4012379539e-01
1.6915226124e+00 -4.3963835855e-01
1.6976470650e+00 -4.3912528147e-01
1.7037565809e+00 -4.3858313252e-01
1.7098489992e+00 -4.3799457191e-01
1.7159496879e+00 -4.3738711476e-01
1.7220330646e+00 -4.3674971247e-01
1.7280955581e+00 -4.3608125857e-01
1.7341487457e+00 -4.3539441581e-01
1.7402015387e+00 -4.3467637609e-01
1.7462488057e+00 -4.3392082737e-01
1.7522927002e+00 -4.3313370959e-01
1.7583312829e+00 -4.3232511276e-01
1.7643382714e+00 -4.3148130827e-01
1.7703367931e+00 -4.3060120563e-01
1.7763389813e+00 -4.2969051048e-01
1.7823341488e+00 -4.2874653095e-01
1.7883039539e+00 -4.2776775088e-01
1.7942923419e+00 -4.2677872379e-01
1.8002581082e+00 -4.2574549340e-01
1.8062067985e+00 -4.2468216891e-01
1.8121404281e+00 -4.2359270754e-01
1.8180561330e+00 -4.2247721589e-01
1.8239486118e+00 -4.2132601107e-01
1.8298408125e+00 -4.2014182722e-01
1.8357300264e+00 -4.1892491211e-01
1.8416135225e+00 -4.1767551034e-01
1.8474885478e+00 -4.1639386325e-01
1.8533476973e+00 -4.1507795514e-01
1.8591921734e+00 -4.1373028200e-01
1.8650191562e+00 -4.1235512742e-01
1.8708259487e+00 -4.1095278898e-01
1.8766098310e+00 -4.0952356115e-01
1.8823841625e+00 -4.0806655666e-01
1.8881491230e+00 -4.0657104081e-01
1.8939019425e+00 -4.0503733880e-01
1.8996467797e+00 -4.0346891302e-01
1.9053913931e+00 -4.0188020130e-01
1.9110797039e+00 -4.0024934462e-01
1.9167688527e+00 -3.9858665655e-01
1.9224460560e+00 -3.9689393113e-01
1.9280965278e+00 -3.9516928390e-01
1.9337287728e+00 -3.9341781609e-01
1.9393567023e+00 -3.9163511672e-01
1.9449640625e+00 -3.8981178179e-01
1.9505515502e+00 -3.8796032717e-01
1.9561189078e+00 -3.8608498730e-01
1.9616451637e+00 -3.8417293605e-01
1.9671607834e+00 -3.8222403175e-01
1.9726637792e+00 -3.8023905438e-01
1.9781505649e+00 -3.7821840795e-01
1.9835974405e+00 -3.7616196618e-01
1.9890465209e+00 -3.7408058935e-01
1.9944568401e+00 -3.7196333060e-01
1.9998428779e+00 -3.6981828473e-01
2.0052018549e+00 -3.6764607379e-01
2.0105371084e+00 -3.6544597844e-01
2.0158529167e+00 -3.6320831958e-01
2.0211443354e+00 -3.6093188951e-01
2.0264085832e+00 -3.5861736759e-01
2.0316573296e+00 -3.5627125928e-01
2.0368622113e+00 -3.5388545830e-01
2.0420529530e+00 -3.5146806641e-01
2.0472121939e+00 -3.4902211029e-01
2.0523337369e+00 -3.4654722872e-01
2.0574148342e+00 -3.4404415715e-01
2.0624838527e+00 -3.4151443344e-01
2.0675247239e+00 -3.3894282359e-01
2.0725315437e+00 -3.3632945411e-01
2.0775148232e+00 -3.3368877042e-01
2.0824687621e+00 -3.3102529180e-01
2.0873632543e+00 -3.2832301966e-01
2.0922340115e+00 -3.2558287578e-01
2.0970782628e+00 -3.2280579790e-01
2.1018928001e+00 -3.1999265148e-01
2.1066410172e+00 -3.1714227689e-01
2.1114024699e+00 -3.1426614992e-01
2.1160990675e+00 -3.1135272107e-01
2.1207568584e+00 -3.0841250539e-01
2.1253731519e+00 -3.0544648961e-01
2.1299461827e+00 -3.0245583876e-01
2.1344874543e+00 -2.9943268828e-01
2.1389894446e+00 -2.9636755266e-01
2.1434495208e+00 -2.9326148086e-01
2.1478773171e+00 -2.9012020670e-01
2.1522753333e+00 -2.8695688664e-01
2.1565974754e+00 -2.8375461957e-01
2.1608900100e+00 -2.8051746791e-01
2.1651427315e+00 -2.7724867381e-01
2.1693398442e+00 -2.7395204359e-01
2.1735087357e+00 -2.7062798984e-01
2.1776320474e+00 -2.6726114749e-01
2.1816949496e+00 -2.6386242712e-01
2.1857135024e+00 -2.6044342123e-01
2.1896846149e+00 -2.5700538929e-01
2.1935979076e+00 -2.5353662341e-01
2.1974636576e+00 -2.5002589739e-01
2.2012793529e+00 -2.4647451706e-01
2.2050424453e+00 -2.4288378773e-01
2.2087862667e+00 -2.3925812272e-01
2.2124291946e+00 -2.3561560941e-01
2.2160388718e+00 -2.3193977763e-01
2.2195972431e+00 -2.2823665226e-01
2.2230962150e+00 -2.2450817754e-01
2.2265417158e+00 -2.2075445188e-01
2.2299521991e+00 -2.1696124205e-01
2.2332836531e+00 -2.1312763205e-01
2.2365566475e+00 -2.0927126073e-01
2.2397799980e+00 -2.0539851164e-01
2.2429452107e+00 -2.0150971128e-01
2.2460405738e+00 -1.9758745132e-01
2.2490745447e+00 -1.9362676388e-01
2.2520448454e+00 -1.8962919523e-01
2.2549491581e+00 -1.8559629250e-01
2.2578270977e+00 -1.8152848129e-01
2.2606006499e+00 -1.7745424165e-01
2.2633214051e+00 -1.7334705550e-01
2.2659808196e+00 -1.6921322846e-01
2.2685702598e+00 -1.6505732449e-01
2.2710912588e+00 -1.6087995448e-01
2.2735755617e+00 -1.5666169296e-01
2.2759640162e+00 -1.5240952747e-01
2.2782831996e+00 -1.4814141183e-01
2.2805388903e+00 -1.4386115241e-01
2.2827375348e+00 -1.3957073577e-01
2.2848917654e+00 -1.3525533857e-01
2.2869541305e+00 -1.3090397173e-01
2.2889227715e+00 -1.2651841266e-01
2.2907971136e+00 -1.2209897214e-01
2.2926205773e+00 -1.1764538815e-01
2.2943746456e+00 -1.1320091792e-01
2.2960588319e+00 -1.0872729804e-01
2.2976694278e+00 -1.0422695945e-01
2.2991939878e+00 -9.9708531413e-02
2.3006488808e+00 -9.5169234971e-02
2.3020396823e+00 -9.0591023318e-02
2.3033363821e+00 -8.6001514721e-02
2.3045604953e+00 -8.1403218598e-02
2.3057103728e+00 -7.6798100859e-02
2.3067851172e+00 -7.2177004821e-02
2.3077766042e+00 -6.7527138140e-02
2.3086826246e+00 -6.2850568942e-02
2.3095016492e+00 -5.8149277347e-02
2.3102670926e+00 -5.3434525510e-02
2.3109272044e+00 -4.8687334510e-02
2.3115122089e+00 -4.3943882316e-02
2.3120134069e+00 -3.9184318145e-02
2.3124295235e+00 -3.4410789816e-02
2.3127592378e+00 -2.9625452055e-02
2.3130026037e+00 -2.4828115120e-02
2.3131574097e+00 -1.9997620564e-02
2.3132303271e+00 -1.5159458444e-02
2.3132202943e+00 -1.0315735763e-02
2.3131262047e+00 -5.4685674618e-03
2.3129580877e+00 -6.0979184190e-04
2.3127021530e+00 4.2803559116e-03
2.3123291186e+00 9.1806706127e-03
2.3118783036e+00 1.4081010107e-02
2.3113555214e+00 1.8980217473e-02
2.3107577118e+00 2.3882558251e-02
2.3100571505e+00 2.8801982532e-02
2.3092498346e+00 3.3737029682e-02
2.3083412679e+00 3.8689739040e-02
2.3073820421e+00 4.3661769432e-02
2.3063183537e+00 4.8606083901e-02
2.3051573915e+00 5.3559466340e-02
2.3039027672e+00 5.8523491026e-02
2.3025539117e+00 6.3495784170e-02
2.3011084555e+00 6.8471645264e-02
2.2995672426e+00 7.3454942779e-02
2.2979366424e+00 7.8434948522e-02
2.2962180670e+00 8.3411110290e-02
2.2944111740e+00 8.8381103815e-02
2.2925219215e+00 9.3350321928e-02
2.2905419638e+00 9.8346215224e-02
2.2884348647e+00 1.0333389224e-01
2.2862462147e+00 1.0831181159e-01
2.2839846665e+00 1.1328257110e-01
2.2816467818e+00 1.1824548628e-01
2.2791980413e+00 1.2320928787e-01
2.2766308486e+00 1.2817349946e-01
2.2739552953e+00 1.3314185841e-01
2.2712205507e+00 1.3811180060e-01
2.2684040944e+00 1.4305247925e-01
2.2654780449e+00 1.4798505880e-01
2.2624456039e+00 1.5291562218e-01
2.2593070693e+00 1.5784168530e-01
2.2560815246e+00 1.6278438364e-01
2.2527685612e+00 1.6768324711e-01
2.2493589354e+00 1.7257910312e-01
2.2458519889e+00 1.7746668568e-01
2.2422490317e+00 1.8233615680e-01
2.2385591081e+00 1.8720122792e-01
2.2347587808e+00 1.9206801736e-01
2.2308621126e+00 1.9690344310e-01
2.2268834743e+00 2.0171742614e-01
2.2228237311e+00 2.0650743037e-01
2.2186869157e+00 2.1129025954e-01
2.2144338125e+00 2.1607341501e-01
2.2100542389e+00 2.2083732506e-01
2.2055943880e+00 2.2557302656e-01
2.2010642830e+00 2.3029201773e-01
2.1964626493e+00 2.3499141370e-01
2.1917504345e+00 2.3967015174e-01
2.1869152953e+00 2.4432786028e-01
2.1819646551e+00 2.4896595563e-01
2.1769494638e+00 2.5358759047e-01
2.1718794556e+00 2.5818313245e-01
2.1667128612e+00 2.6274331557e-01
2.1614343708e+00 2.6727945262e-01
2.1560455503e+00 2.7178906105e-01
2.1505480955e+00 2.7629056324e-01
2.1449987081e+00 2.8076977827e-01
2.1393762222e+00 2.8520037691e-01
2.1336489902e+00 2.8960419338e-01
2.1278189585e+00 2.9397871660e-01
2.1218880302e+00 2.9832141142e-01
2.1158665422e+00 3.0266368974e-01
2.1097814368e+00 3.0694695289e-01
2.1035999109e+00 3.1120263994e-01
2.0973242891e+00 3.1542822688e-01
2.0909609499e+00 3.1961524038e-01
2.0845056494e+00 3.2377801753e-01
2.0779729862e+00 3.2790065360e-01
2.0713558592e+00 3.3198895045e-01
2.0646567230e+00 3.3604055528e-01
2.0578779942e+00 3.4005308994e-01
2.0509989715e+00 3.4404861855e-01
2.0440286314e+00 3.4799280912e-01
2.0369888972e+00 3.5189191037e-01
2.0298735212e+00 3.5575389982e-01
2.0226852816e+00 3.5957643412e-01
2.0154110062e+00 3.6337009950e-01
2.0080166496e+00 3.6712727198e-01
2.0005628037e+00 3.7081996630e-01
1.9930396499e+00 3.7447375114e-01
1.9854503571e+00 3.7808631297e-01
1.9777858076e+00 3.8166856334e-01
1.9700053045e+00 3.8521402484e-01
1.9621657781e+00 3.8869161903e-01
1.9542598426e+00 3.9212495729e-01
1.9462777528e+00 3.9551705750e-01
1.9382204180e+00 3.9887585672e-01
1.9300656390e+00 4.0219809470e-01
1.9218435723e+00 4.0545791145e-01
1.9135632433e+00 4.0865270431e-01
1.9052041007e+00 4.1178623675e-01
1.8967800439e+00 4.1488826880e-01
1.8882907467e+00 4.1795404070e-01
1.8797093071e+00 4.2095686460e-01
1.8710399987e+00 4.2389585842e-01
1.8623193793e+00 4.2679154288e-01
1.8535603388e+00 4.2964483690e-01
1.8447379438e+00 4.3245211923e-01
1.8358237753e+00 4.3519295190e-01
1.8268232340e+00 4.3786659469e-01
1.8177654163e+00 4.4049460963e-01
1.8086684199e+00 4.4307794511e-01
1.7995188373e+00 4.4561263234e-01
1.7902820220e+00 4.4807810068e-01
1.7809623696e+00 4.5047260779e-01
1.7715924500e+00 4.5281728769e-01
1.7621877407e+00 4.5511516255e-01
1.7527320194e+00 4.5736190066e-01
1.7431938583e+00 4.5953732885e-01
1.7335789947e+00 4.6163818050e-01
1.7239130450e+00 4.6368356847e-01
1.7142105986e+00 4.6568072767e-01
1.7044692916e+00 4.6762781452e-01
1.6946516509e+00 4.6950496004e-01
1.6847594356e+00 4.7130212549e-01
1.6748188697e+00 4.7303645676e-01
1.6648438526e+00 4.7472023858e-01
1.6548362277e+00 4.7635249428e-01
1.6447520706e+00 4.7791797651e-01
1.6345944005e+00 4.7939960170e-01
1.6244002978e+00 4.8081159290e-01
1.6141734375e+00 4.8217077988e-01
1.6039188551e+00 4.8347588191e-01
1.5935959992e+00 4.8471837079e-01
1.5831990777e+00 4.8587417535e-01
1.5727667171e+00 4.8695267108e-01
1.5623035172e+00 4.8797466235e-01
1.5518099312e+00 4.8893941466e-01
1.5412626046e+00 4.8984411509e-01
1.5306347299e+00 4.9066106811e-01
1.5199892915e+00 4.9139603212e-01
1.5093130397e+00 4.9207090287e-01
1.4986001885e+00 4.9268498039e-01
1.4878540320e+00 4.9323703682e-01
1.4769934177e+00 4.9369773887e-01
1.4661622489e+00 4.9408651313e-01
1.4552790382e+00 4.9440779427e-01
1.4443423317e+00 4.9465970422e-01
1.4333616206e+00 4.9483424976e-01
1.4223614665e+00 4.9491738453e-01
1.4113320601e+00 4.9493116028e-01
1.4002799539e+00 4.9487506590e-01
1.3891781763e+00 4.9475441181e-01
1.3780091620e+00 4.9454901203e-01
1.3668111981e+00 4.9426702693e-01
1.3556074868e+00 4.9392233130e-01
1.3443716788e+00 4.9348646940e-01
1.3330881045e+00 4.9295986820e-01
1.3217570473e+00 4.9234190677e-01
1.3103799838e+00 4.9165311248e-01
1.2989924206e+00 4.9090714866e-01
1.2875833697e+00 4.9007450023e-01
1.2761300760e+00 4.8914105558e-01
1.2646395303e+00 4.8810682865e-01
1.2531008227e+00 4.8698706013e-01
1.2415405281e+00 4.8580738127e-01
1.2299620839e+00 4.8455621503e-01
1.2183404580e+00 4.8319784807e-01
1.2066781834e+00 4.8173042023e-01
1.1949827052e+00 4.8016908010e-01
1.1832591411e+00 4.7853874958e-01
1.1715096985e+00 4.7683779436e-01
1.1597046238e+00 4.7502550589e-01
1.1478618438e+00 4.7309094321e-01
1.1360173968e+00 4.7106220617e-01
1.1241275345e+00 4.6895290411e-01
1.1121999992e+00 4.6676407548e-01
1.1002420640e+00 4.6449644788e-01
1.0881808452e+00 4.6208023569e-01
1.0761274813e+00 4.5953836459e-01
1.0640525154e+00 4.5690203382e-01
1.0519315859e+00 4.5417218642e-01
1.0397725512e+00 4.5135023140e-01
1.0275832961e+00 4.4843755582e-01
1.0152772725e+00 4.4536592579e-01
1.0030080473e+00 4.4220812175e-01
9.9066423969e-01 4.3892213278e-01
9.7826337556e-01 4.3551011589e-01
9.6583747364e-01 4.3198434263e-01
9.5334923753e-01 4.2832940259e-01
9.4078818543e-01 4.2455911708e-01
9.2819165960e-01 4.2065465121e-01
9.1554617588e-01 4.1660122185e-01
9.0286020434e-01 4.1240108517e-01
8.9008938767e-01 4.0805103435e-01
8.7725289941e-01 4.0358322468e-01
8.6434200672e-01 3.9897738386e-01
8.5136437843e-01 3.9418393608e-01
8.3834803622e-01 3.8921764711e-01
8.2526804635e-01 3.8410762686e-01
8.1210128363e-01 3.7884666648e-01
7.9885648436e-01 3.7343799238e-01
7.8545093300e-01 3.6779532589e-01
7.7200867162e-01 3.6194494858e-01
7.5852269936e-01 3.5593696139e-01
7.4493002377e-01 3.4974046161e-01
7.3123924105e-01 3.4335914344e-01
7.1744088474e-01 3.3678011312e-01
7.0340898376e-01 3.2985315071e-01
6.8937652117e-01 3.2284534505e-01
6.7516300798e-01 3.1552341730e-01
6.6086633005e-01 3.0796680778e-01
6.4650888412e-01 3.0019623754e-01
6.3202902733e-01 2.9211285149e-01
6.1731438598e-01 2.8366984219e-01
6.0244509477e-01 2.7496290267e-01
5.8748677556e-01 2.6594898340e-01
5.7244641752e-01 2.5662447372e-01
5.5729724949e-01 2.4705694629e-01
5.4193320554e-01 2.3709279675e-01
5.2636008989e-01 2.2672956190e-01
5.1057045378e-01 2.1593887911e-01
4.9462389798e-01 2.0471799454e-01
4.7862462320e-01 1.9334925548e-01
4.6242651326e-01 1.8157129314e-01
4.4603418740e-01 1.6939420365e-01
4.2950443375e-01 1.5688134449e-01
4.1280284776e-01 1.4388187940e-01
