2.7845103707e+02
2.7916033116e+02
2.7774252515e+02
2.7988167900e+02
2.7703228898e+02
2.8060297870e+02
2.7631896807e+02
2.8132176743e+02
2.7560556619e+02
2.8203917206e+02
2.7489484359e+02
2.8275662208e+02
2.7418442308e+02
2.8347311046e+02
2.7347626941e+02
2.8418960759e+02
2.7277069496e+02
2.8490611625e+02
2.7206499043e+02
2.8562328132e+02
2.7135607198e+02
2.8634054584e+02
2.7064659802e+02
2.8706218772e+02
2.6993940511e+02
2.8778395230e+02
2.6923531695e+02
2.8850394746e+02
2.6853104852e+02
2.8922270908e+02
2.6783199649e+02
2.8994161598e+02
2.6713404231e+02
2.9066421336e+02
2.6643698792e+02
2.9138712729e+02
2.6574097388e+02
2.9210616103e+02
2.6504475927e+02
2.9282056573e+02
2.6434808182e+02
2.9353515036e+02
2.6365118973e+02
2.9425666753e+02
2.6295653259e+02
2.9497904175e+02
2.6226703674e+02
2.9570171051e+02
2.6157729031e+02
2.9642603607e+02
2.6088925319e+02
2.9715059122e+02
2.6020172825e+02
2.9786286624e+02
2.5951533218e+02
2.9857326256e+02
2.5883164964e+02
2.9928614375e+02
2.5814767133e+02
3.0000445484e+02
2.5746744190e+02
3.0072301725e+02
2.5678873266e+02
3.0144207263e+02
2.5611121213e+02
3.0216135127e+02
2.5543828427e+02
3.0287829735e+02
2.5476503180e+02
3.0359096529e+02
2.5409484609e+02
3.0430392108e+02
2.5342617405e+02
3.0501527854e+02
2.5275787991e+02
3.0572631641e+02
2.5209036296e+02
3.0643914286e+02
2.5142247530e+02
3.0715848615e+02
2.5076028186e+02
3.0787817518e+02
2.5010156901e+02
3.0858833042e+02
2.4944313753e+02
3.0929525340e+02
2.4878540769e+02
3.1000183795e+02
2.4812726868e+02
3.1070767763e+02
2.4747419743e+02
3.1141387263e+02
2.4682481189e+02
3.1212023983e+02
2.4617573147e+02
3.1282683157e+02
2.4553098700e+02
3.1353259397e+02
2.4488580007e+02
3.1423513670e+02
2.4424383973e+02
3.1493806632e+02
2.4360466527e+02
3.1563962134e+02
2.4296549542e+02
3.1634059111e+02
3.1704090337e+02
2.4233278086e+02
3.1773751395e+02
2.4169959163e+02
3.1843454126e+02
2.4106883790e+02
3.1913020212e+02
2.4044062370e+02
3.1982511552e+02
2.3981199393e+02
3.2052067856e+02
2.3919252524e+02
3.2122306861e+02
2.3857250823e+02
3.2192591694e+02
2.3795392887e+02
3.2261469377e+02
2.3733722184e+02
3.2329319734e+02
2.3672007154e+02
3.2397223777e+02
2.3611141162e+02
3.2465586648e+02
2.3550251362e+02
3.2533995934e+02
2.3489644910e+02
3.2602290605e+02
2.3429466452e+02
3.2670486827e+02
2.3369240553e+02
3.2738686764e+02
2.3309617443e+02
3.2806595709e+02
2.3249982516e+02
3.2874553855e+02
2.3190645692e+02
3.2942292647e+02
2.3131851725e+02
3.3009802293e+02
2.3073008204e+02
3.3077355305e+02
2.3014649096e+02
3.3144282437e+02
2.2956287498e+02
3.3211269571e+02
2.2898241321e+02
3.3278136690e+02
2.2840890757e+02
3.3344846094e+02
2.2783489201e+02
3.3411602000e+02
2.2726552682e+02
3.3478197720e+02
2.2669634835e+02
3.3544858876e+02
3.3610896235e+02
2.2612934750e+02
3.3676025666e+02
2.2556852565e+02
3.3741204776e+02
2.2500717817e+02
3.3807006075e+02
2.2445496734e+02
3.3872951260e+02
2.2390460782e+02
3.3938441552e+02
2.2335312767e+02
3.4003129096e+02
2.2279962408e+02
3.4067867559e+02
2.2224562623e+02
3.4131989736e+02
2.2170970181e+02
3.4196069965e+02
2.2117931738e+02
3.4260390574e+02
2.2064643696e+02
3.4325131251e+02
2.2010610283e+02
3.4389919502e+02
2.1956525999e+02
3.4453515447e+02
2.1903359300e+02
3.4516925968e+02
2.1850479300e+02
3.4580298450e+02
2.1797880180e+02
3.4643493659e+02
2.1746900814e+02
3.4706742278e+02
2.1695860176e+02
3.4769561367e+02
2.1644732327e+02
3.4832322797e+02
2.1593493361e+02
3.4894955663e+02
3.4957088641e+02
2.1542307374e+02
3.5019276666e+02
2.1491855547e+02
3.5080618521e+02
2.1441342057e+02
3.5141707616e+02
2.1391664626e+02
3.5203092389e+02
2.1342445127e+02
3.5265411773e+02
2.1293185690e+02
3.5327784756e+02
2.1244163824e+02
3.5388669626e+02
2.1195077485e+02
3.5448965766e+02
2.1146722636e+02
3.5509288123e+02
2.1098852020e+02
3.5569498862e+02
2.1050952419e+02
3.5629766662e+02
2.1003801211e+02
3.5689627469e+02
2.0956583010e+02
3.5749326980e+02
2.0909743223e+02
3.5809069448e+02
2.0863184198e+02
3.5868744939e+02
2.0816562088e+02
3.5928478788e+02
2.0770943899e+02
3.5987398625e+02
3.6045856414e+02
2.0725256074e+02
3.6104330207e+02
2.0679831409e+02
3.6162385433e+02
2.0634636902e+02
3.6220499765e+02
2.0589366141e+02
3.6278057222e+02
2.0545539416e+02
3.6335227593e+02
2.0501687948e+02
3.6392482016e+02
2.0458366495e+02
3.6450214104e+02
2.0415696697e+02
3.6507998319e+02
2.0372952797e+02
3.6565159326e+02
2.0330192878e+02
3.6621854015e+02
2.0287371653e+02
3.6678606863e+02
2.0245016447e+02
3.6734870365e+02
2.0203294347e+02
3.6791193376e+02
2.0161498519e+02
3.6847146844e+02
3.6902752090e+02
2.0120202242e+02
3.6958422083e+02
2.0078909248e+02
3.7013551448e+02
2.0037956291e+02
3.7068722695e+02
1.9997563794e+02
3.7123275755e+02
1.9957095521e+02
3.7177077670e+02
1.9917185710e+02
3.7230942678e+02
1.9877316953e+02
3.7286200425e+02
1.9837908620e+02
3.7341618259e+02
1.9799465306e+02
3.7396161150e+02
1.9760944859e+02
3.7449477034e+02
1.9723525758e+02
3.7502858946e+02
1.9686319527e+02
3.7555742444e+02
1.9649023084e+02
3.7608619609e+02
3.7661204047e+02
1.9611544768e+02
3.7713253804e+02
1.9573995564e+02
3.7765368817e+02
1.9536876922e+02
3.7817290760e+02
1.9499842952e+02
3.7869228038e+02
1.9463105695e+02
3.7920999170e+02
1.9427294246e+02
3.7972410583e+02
1.9391407708e+02
3.8023887251e+02
1.9355892372e+02
3.8075084479e+02
1.9320471975e+02
3.8126262979e+02
1.9285127150e+02
3.8176980839e+02
1.9250174323e+02
3.8226504506e+02
1.9215142977e+02
3.8276094156e+02
3.8326006672e+02
1.9181556752e+02
3.8376057871e+02
1.9148589423e+02
3.8425760712e+02
1.9115693123e+02
3.8474350953e+02
1.9083489466e+02
3.8523006473e+02
1.9051212320e+02
3.8571816926e+02
1.9018707172e+02
3.8620721334e+02
1.8986047340e+02
3.8669423032e+02
1.8953520762e+02
3.8717287297e+02
1.8922196391e+02
3.8765217658e+02
1.8890797267e+02
3.8812701392e+02
3.8860014822e+02
1.8859435493e+02
3.8907219054e+02
1.8828073647e+02
3.8953677894e+02
1.8796818146e+02
3.9000202141e+02
1.8767242943e+02
3.9046704329e+02
1.8737591024e+02
3.9093222334e+02
1.8708575849e+02
3.9139605511e+02
1.8680039131e+02
3.9184769926e+02
1.8651422250e+02
3.9230000861e+02
1.8622129674e+02
3.9274784340e+02
1.8592764744e+02
3.9319297155e+02
3.9363814822e+02
1.8564051558e+02
3.9407880009e+02
1.8535920647e+02
3.9452010307e+02
1.8507729597e+02
3.9495711979e+02
1.8481690324e+02
3.9539097540e+02
1.8455579445e+02
3.9582507340e+02
1.8429058107e+02
3.9625408742e+02
1.8402114207e+02
3.9668375625e+02
1.8375110040e+02
3.9710348570e+02
1.8349690210e+02
3.9751426497e+02
1.8324219208e+02
3.9792567506e+02
3.9833718654e+02
1.8298681651e+02
3.9874929292e+02
1.8273083583e+02
3.9915957130e+02
1.8247419485e+02
3.9956786869e+02
1.8223131337e+02
3.9997676890e+02
1.8198856302e+02
4.0037651465e+02
1.8174926087e+02
4.0077670887e+02
1.8151543787e+02
4.0117088947e+02
1.8128091636e+02
4.0155738549e+02
1.8105990695e+02
4.0194452257e+02
4.0231930181e+02
1.8083999351e+02
4.0269366005e+02
1.8061809704e+02
4.0306577262e+02
1.8039330842e+02
4.0343425138e+02
1.8016786403e+02
4.0380334538e+02
1.7995474222e+02
4.0416309892e+02
1.7974291715e+02
4.0452224823e+02
1.7953507101e+02
4.0488032272e+02
1.7933641296e+02
4.0523604145e+02
1.7913704853e+02
4.0559239332e+02
4.0593154518e+02
1.7894417809e+02
4.0626819372e+02
1.7875217283e+02
4.0660011519e+02
1.7856319299e+02
4.0692138346e+02
1.7838304525e+02
4.0724328273e+02
1.7820216843e+02
4.0755647097e+02
1.7803235306e+02
4.0786805266e+02
1.7786538716e+02
4.0817642849e+02
1.7770055168e+02
4.0847568215e+02
4.0877556122e+02
1.7754398303e+02
4.0906185793e+02
1.7738669560e+02
4.0934441503e+02
1.7723662048e+02
4.0962517396e+02
1.7708856984e+02
4.0989896445e+02
1.7694728137e+02
4.1017339055e+02
1.7683502226e+02
4.1042742270e+02
1.7672202100e+02
4.1067416162e+02
1.7661759979e+02
4.1091641105e+02
4.1113893787e+02
1.7651729720e+02
4.1136207910e+02
1.7641791189e+02
4.1156750927e+02
1.7632597757e+02
4.1176498500e+02
1.7623333763e+02
4.1196333953e+02
1.7616254809e+02
4.1216370576e+02
1.7610320636e+02
4.1236469176e+02
1.7604766910e+02
4.1251543905e+02
4.1263828832e+02
1.7602461847e+02
4.1275980789e+02
1.7600076516e+02
4.1286792142e+02
1.7601795264e+02
4.1297664737e+02
1.7606225173e+02
4.1305203290e+02
1.7611044059e+02
4.1310549884e+02
1.7621104991e+02
4.1315447227e+02
1.7631099360e+02
4.1314600218e+02
4.1313816047e+02
1.7645815327e+02
4.1306178562e+02
1.7664150329e+02
4.1293218612e+02
1.7683261635e+02
4.1279472569e+02
1.7722571943e+02
4.1245497885e+02
1.7761818286e+02
4.1211575206e+02
1.7848960529e+02
4.1118944658e+02
1.7981530666e+02
4.0971366256e+02
1.8114220005e+02
4.0823722783e+02
