-2.5225933170e-06 -1.8417310950e-10
3.3946995050e-01 -4.7972084393e-07
6.7200148734e-01 -5.1372067358e-07
9.9759544185e-01 1.0729564535e-07
1.3162517046e+00 8.2606825651e-08
1.6279721139e+00 -3.4765291959e-07
1.9327586405e+00 -5.8581290944e-07
2.2306094181e+00 -3.2013648313e-07
2.5215270538e+00 8.3312778018e-08
2.8055030611e+00 -9.9808173445e-08
3.0825522496e+00 -5.6815907577e-07
3.3526710763e+00 -8.1371014261e-07
3.6158466334e+00 -7.0186903709e-07
3.8720985982e+00 -3.4357774500e-07
4.1214142607e+00 2.7132117867e-07
4.3637991746e+00 1.0354091349e-06
4.5992535867e+00 7.7197408650e-07
4.8277713032e+00 -6.7964584855e-07
5.0493710355e+00 -2.1478491760e-06
5.2640323058e+00 -2.1572600041e-06
5.4717641862e+00 -9.6448549897e-07
5.6725802070e+00 -1.9912612873e-07
5.8664561747e+00 -3.6253978560e-07
6.0534117206e+00 -9.4409289827e-07
6.2334317240e+00 -2.3964482941e-07
6.4065213282e+00 1.5049483852e-06
6.5726810949e+00 3.6173996544e-06
6.7319206933e+00 5.0679508855e-06
6.8842372489e+00 5.8515141494e-06
7.0296301911e+00 5.3349122109e-06
7.1680816334e+00 3.1583104174e-06
7.2996299876e+00 3.1688211502e-06
7.4242432803e+00 2.8345573153e-06
7.5419264882e+00 2.0244335759e-06
7.6526870894e+00 9.5815944162e-07
7.7565415680e+00 1.7180718068e-07
7.8534450387e+00 -3.7497776389e-07
7.9434341320e+00 -1.3988067302e-06
8.0265181393e+00 -3.0760526926e-06
8.1026668252e+00 -4.0596222711e-06
8.1718962794e+00 -3.3012513820e-06
8.2341959144e+00 -2.0624647858e-06
8.2895790260e+00 -2.5493177313e-06
8.3380346316e+00 -5.3691482572e-06
8.3795760800e+00 -6.3545034137e-06
8.4141738868e+00 -5.2389899147e-06
8.4418485666e+00 -3.6506302619e-06
8.4626201139e+00 -3.5981978717e-06
8.4764810990e+00 -5.0297852420e-06
8.4834040991e+00 -6.2822520900e-06
8.4834016859e+00 -6.1000095284e-06
8.4764900373e+00 -5.4360462164e-06
8.4626432025e+00 -5.5973383318e-06
8.4418739352e+00 -4.9909787452e-06
8.4141951271e+00 -5.0186060615e-06
8.3795775213e+00 -4.4938422482e-06
8.3380497684e+00 -3.5722511835e-06
8.2895945012e+00 -3.9188904781e-06
8.2341997826e+00 -4.5902493577e-06
8.1718992963e+00 -4.9014274259e-06
8.1026839303e+00 -4.7364936489e-06
8.0265484958e+00 -3.7599257793e-06
7.9434806965e+00 -3.5921536849e-06
7.8534726290e+00 -4.4169099955e-06
7.7565645146e+00 -4.7642109305e-06
7.6527220632e+00 -4.2679992407e-06
7.5419491116e+00 -2.8476029067e-06
7.4242591159e+00 -2.1097415642e-06
7.2996423797e+00 -2.3865104306e-06
7.1681169765e+00 -3.1746471320e-06
7.0296523875e+00 -2.9538231724e-06
6.8842563823e+00 -1.4836229422e-06
6.7319585362e+00 -6.7386674851e-07
6.5727071168e+00 -4.1339149113e-07
6.4065255312e+00 -7.5185195639e-07
6.2334336844e+00 -1.0841403747e-06
6.0534229795e+00 -8.7074201203e-07
5.8664639255e+00 -1.1244799199e-06
5.6725879178e+00 -1.3948984177e-06
5.4717774525e+00 -1.2138545573e-06
5.2640385789e+00 -6.7535055712e-07
5.0493862182e+00 3.8514691792e-07
4.8277920340e+00 1.1524492434e-06
4.5992645610e+00 9.1347148430e-07
4.3638098587e+00 -1.8960077003e-07
4.1214250082e+00 -5.9783863187e-07
3.8720968908e+00 -8.9095513580e-08
3.6158511050e+00 3.5091233402e-07
3.3526696025e+00 4.9018325060e-07
3.0825526771e+00 1.3802566387e-07
2.8055054820e+00 -1.7240863267e-07
2.5215250684e+00 -4.5116325717e-07
2.2306093066e+00 -5.3431938219e-07
1.9327589802e+00 -3.6230786609e-07
1.6279748544e+00 1.2628678945e-07
1.3162535021e+00 4.6902483744e-07
9.9759375664e-01 2.7813582414e-07
6.7200029666e-01 -1.3955193055e-07
3.3946865090e-01 -2.7102872610e-07
-2.7796448201e-06 -1.0899469949e-11
