2.2968314759e+02
2.2976883365e+02
2.2985354352e+02
2.2993332098e+02
2.3001053073e+02
2.3008366523e+02
2.3015690700e+02
2.3022503155e+02
2.3029073894e+02
2.3035361416e+02
2.3041437102e+02
2.3047332623e+02
2.3052749452e+02
2.3057966135e+02
2.3063092817e+02
2.3067841271e+02
2.3072457596e+02
2.3076719776e+02
2.3080776013e+02
2.3084792270e+02
2.3088340873e+02
2.3091794537e+02
2.3095083104e+02
2.3098023906e+02
2.3100881913e+02
2.3103542719e+02
2.3105903703e+02
2.3108219727e+02
2.3110250331e+02
2.3112161179e+02
2.3113975057e+02
2.3115408557e+02
2.3116726869e+02
2.3117914343e+02
2.3118710004e+02
2.3119638221e+02
2.3120398230e+02
2.3120724074e+02
2.3121109628e+02
2.3121224582e+02
2.3121100724e+02
2.3121000125e+02
2.3120538954e+02
2.3120017826e+02
2.3119401254e+02
2.3118305159e+02
2.3117300006e+02
2.3116027648e+02
2.3114740355e+02
2.3112975766e+02
2.3111239184e+02
2.3109206893e+02
2.3106950230e+02
2.3104588568e+02
2.3101802200e+02
2.3099205021e+02
2.3095999127e+02
2.3092707077e+02
2.3089362650e+02
2.3085487572e+02
2.3081678880e+02
2.3077321609e+02
2.3072649576e+02
2.3068164090e+02
2.3063075660e+02
2.3057786495e+02
2.3052168510e+02
2.3046329178e+02
2.3040193205e+02
2.3033340972e+02
2.3026695984e+02
2.3019503072e+02
2.3011766973e+02
2.3003803367e+02
2.2995692378e+02
2.2986815223e+02
2.2977606965e+02
2.2967965058e+02
2.2958390055e+02
2.2947922597e+02
2.2936565866e+02
2.2925836938e+02
2.2913531734e+02
2.2902400428e+02
2.2888884199e+02
2.2876669981e+02
2.2862352074e+02
2.2848797095e+02
2.2833990620e+02
2.2819641805e+02
2.2803817788e+02
2.2789372103e+02
2.2772463476e+02
2.2757578057e+02
2.2742935732e+02
2.2721240656e+02
2.2713775227e+02
2.2693633308e+02
2.2687035531e+02
2.2812045097e+02
