7.2350160711e+01
7.2322557720e+01
7.2322922345e+01
7.2349735229e+01
7.2323286970e+01
7.2349309746e+01
7.2323637702e+01
7.2348884263e+01
7.2324074520e+01
7.2348459993e+01
7.2324582774e+01
7.2348036766e+01
7.2325087477e+01
7.2347561380e+01
7.2325560795e+01
7.2347101738e+01
7.2326008821e+01
7.2346703776e+01
7.2326480015e+01
7.2346282624e+01
7.2326957877e+01
7.2345784977e+01
7.2327435739e+01
7.2345339129e+01
7.2327967876e+01
7.2344906730e+01
7.2328486375e+01
7.2344474332e+01
7.2328956500e+01
7.2344038067e+01
7.2329427746e+01
7.2343624508e+01
7.2329928512e+01
7.2343219053e+01
7.2330429278e+01
7.2342813598e+01
7.2330873095e+01
7.2342442277e+01
7.2331286421e+01
7.2342090978e+01
7.2331693587e+01
7.2341726125e+01
7.2332100754e+01
7.2341378219e+01
7.2332514158e+01
7.2341133237e+01
7.2332898756e+01
7.2340888256e+01
7.2333279488e+01
7.2340640682e+01
7.2333660219e+01
7.2340344181e+01
7.2334028442e+01
7.2340044551e+01
7.2334378095e+01
7.2339744921e+01
7.2334664774e+01
7.2339509738e+01
7.2334951453e+01
7.2339330765e+01
7.2335140224e+01
7.2339182534e+01
7.2335322070e+01
7.2339033878e+01
7.2335510014e+01
7.2338876054e+01
7.2335729857e+01
7.2338718231e+01
7.2335972378e+01
7.2338562609e+01
7.2336214899e+01
7.2338418728e+01
7.2336463273e+01
7.2338275442e+01
7.2336578775e+01
7.2338136752e+01
7.2336644286e+01
7.2337999825e+01
7.2336709797e+01
7.2337923136e+01
7.2336780061e+01
7.2337885875e+01
7.2336867161e+01
7.2337848613e+01
7.2336976460e+01
7.2337808168e+01
7.2337091632e+01
7.2337763648e+01
7.2337176566e+01
7.2337711439e+01
7.2337248619e+01
7.2337651387e+01
7.2337321952e+01
7.2337609851e+01
7.2337399275e+01
7.2337570273e+01
7.2337437830e+01
7.2337530695e+01
7.2337476385e+01
7.2337511316e+01
