5.1341268658e+02
5.1360867120e+02
5.1380468752e+02
5.1400073599e+02
5.1414584426e+02
5.1420329000e+02
5.1426961122e+02
5.1433604707e+02
5.1440259909e+02
5.1446926879e+02
5.1446533366e+02
5.1441548358e+02
5.1436774899e+02
5.1432021883e+02
5.1427289563e+02
5.1419323950e+02
5.1405807635e+02
5.1392316301e+02
5.1378850239e+02
5.1366142451e+02
5.1351593013e+02
5.1333581521e+02
5.1315715970e+02
5.1297877273e+02
5.1280065724e+02
5.1259624601e+02
5.1236755108e+02
5.1213916530e+02
5.1191109191e+02
5.1167271529e+02
5.1142189518e+02
5.1117139314e+02
5.1092121237e+02
5.1066750161e+02
5.1037477645e+02
5.1008240170e+02
5.0979038074e+02
5.0949871696e+02
5.0919350440e+02
5.0888249757e+02
5.0857185447e+02
5.0826157847e+02
5.0793326159e+02
5.0759070874e+02
5.0724854549e+02
5.0690677530e+02
5.0657183508e+02
5.0620542571e+02
5.0584321370e+02
5.0548141502e+02
5.0512003318e+02
5.0475328843e+02
5.0435936014e+02
5.0396587541e+02
5.0357283791e+02
5.0318025130e+02
5.0278491160e+02
5.0237232577e+02
5.0196019688e+02
5.0154852852e+02
5.0113732433e+02
5.0072491199e+02
5.0028745950e+02
4.9985050482e+02
4.9941314953e+02
4.9897610746e+02
4.9852056593e+02
4.9806144166e+02
4.9760879666e+02
4.9715882920e+02
4.9669004180e+02
4.9621276015e+02
4.9573666470e+02
4.9526711018e+02
4.9478900733e+02
4.9428880559e+02
4.9379560613e+02
4.9330638377e+02
4.9281773171e+02
4.9231285253e+02
4.9179487347e+02
4.9127749736e+02
4.9076524101e+02
4.9025405474e+02
4.8971461855e+02
4.8917583167e+02
4.8864615242e+02
4.8811855967e+02
4.8757341647e+02
4.8701948782e+02
4.8647124930e+02
4.8592413508e+02
4.8535734738e+02
4.8478818671e+02
4.8422497876e+02
4.8366198779e+02
4.8307430629e+02
4.8248733142e+02
4.8190106747e+02
4.8131276408e+02
4.8071219309e+02
4.8011442058e+02
4.7951737471e+02
4.7892105974e+02
4.7830510211e+02
4.7767956437e+02
4.7705479790e+02
4.7643330876e+02
4.7580828410e+02
4.7516062517e+02
4.7452331110e+02
4.7388870818e+02
4.7325489295e+02
4.7259318018e+02
4.7193047893e+02
4.7127192316e+02
4.7061484413e+02
4.6994408217e+02
4.6925767721e+02
4.6857214790e+02
4.6789597802e+02
4.6722308920e+02
4.6652690419e+02
4.6582017103e+02
4.6511509846e+02
4.6441106067e+02
4.6370792232e+02
4.6300191408e+02
4.6226948035e+02
4.6153799357e+02
4.6080745854e+02
4.6007810460e+02
4.5932729665e+02
4.5857766551e+02
4.5783271910e+02
4.5708872501e+02
4.5634389618e+02
4.5556810030e+02
4.5479330510e+02
4.5401922267e+02
4.5324539232e+02
4.5246464374e+02
4.5166223846e+02
4.5086089422e+02
4.5007228226e+02
4.4928709752e+02
4.4846930249e+02
4.4765173502e+02
4.4683662871e+02
4.4602258561e+02
4.4520042612e+02
4.4435528262e+02
4.4351125486e+02
4.4266834790e+02
4.4182617079e+02
4.4096088732e+02
4.4009080786e+02
4.3922636398e+02
4.3836300515e+02
4.3750073615e+02
4.3663956178e+02
4.3574881376e+02
4.3485711308e+02
4.3396046810e+02
4.3306467891e+02
4.3217003756e+02
4.3124642256e+02
4.3032312356e+02
4.2940103189e+02
4.2848015267e+02
4.2754307329e+02
4.2660550275e+02
4.2566908407e+02
4.2473382203e+02
4.2379972143e+02
4.2283957182e+02
4.2187293523e+02
4.2090626830e+02
4.1993811100e+02
4.1897116724e+02
4.1798567333e+02
4.1698728358e+02
4.1599016025e+02
4.1499430841e+02
4.1399947362e+02
4.1298141594e+02
4.1196838293e+02
4.1095653203e+02
4.0994586788e+02
4.0893639511e+02
4.0789849773e+02
4.0686133254e+02
4.0581965008e+02
4.0477646632e+02
4.0372719794e+02
4.0266024946e+02
4.0159457880e+02
4.0053019082e+02
3.9946709032e+02
3.9838448951e+02
3.9730470516e+02
3.9622608743e+02
3.9514864066e+02
3.9407225463e+02
3.9297044238e+02
3.9186984835e+02
3.9076277468e+02
3.8964729776e+02
3.8853249704e+02
3.8740671448e+02
3.8628216458e+02
3.8515885176e+02
3.8402914893e+02
3.8288122283e+02
3.8172821259e+02
3.8057643223e+02
3.7942588608e+02
3.7828675985e+02
3.7714893465e+02
3.7599489722e+02
3.7482440074e+02
3.7365493997e+02
3.7248651850e+02
3.7131913990e+02
3.7014987112e+02
3.6897639341e+02
3.6779296180e+02
3.6659747079e+02
3.6540299838e+02
3.6420726818e+02
3.6301041214e+02
3.6181459196e+02
3.6061981109e+02
3.5941133338e+02
3.5818668947e+02
3.5696612574e+02
3.5574654118e+02
3.5452793899e+02
3.5331032241e+02
3.5209369464e+02
3.5087590705e+02
3.4964753715e+02
3.4841991039e+02
3.4719302918e+02
3.4596689592e+02
3.4474347393e+02
3.4351101814e+02
3.4226652713e+02
3.4102271895e+02
3.3977973207e+02
3.3854313390e+02
3.3730721786e+02
3.3607198607e+02
3.3480807108e+02
3.3353829989e+02
3.3229018631e+02
3.3104708791e+02
3.2980455467e+02
3.2856258833e+02
3.2729524725e+02
3.2603414609e+02
3.2478383569e+02
3.2353395651e+02
3.2228450985e+02
3.2103549701e+02
3.1976114757e+02
3.1850840541e+02
3.1725595020e+02
3.1600378281e+02
3.1475190408e+02
3.1350031488e+02
3.1224602222e+02
3.1099456338e+02
3.0974367930e+02
3.0849284182e+02
3.0724205108e+02
3.0599762933e+02
3.0475122489e+02
3.0350471801e+02
3.0225810839e+02
3.0101139573e+02
2.9977855593e+02
2.9854143449e+02
2.9730120625e+02
2.9606072334e+02
2.9481998504e+02
2.9359259996e+02
2.9236692624e+02
2.9113940084e+02
2.8991145517e+02
2.8868308806e+02
2.8745429833e+02
2.8624786742e+02
2.8503699093e+02
2.8382553304e+02
2.8261349217e+02
2.8140086669e+02
2.8019546821e+02
2.7900449120e+02
2.7781232575e+02
2.7661941335e+02
2.7542567696e+02
2.7423107347e+02
2.7304361675e+02
2.7187522718e+02
2.7070587970e+02
2.6953557176e+02
2.6836430079e+02
2.6718556398e+02
2.6603604192e+02
2.6488949069e+02
2.6374181639e+02
2.6259301607e+02
2.6144201692e+02
2.6029225436e+02
2.5917518828e+02
2.5805680337e+02
2.5693709621e+02
2.5581606336e+02
2.5468389353e+02
2.5357916675e+02
2.5249094250e+02
2.5140123552e+02
2.5031004199e+02
2.4921473774e+02
2.4811435281e+02
2.4704564579e+02
2.4599127379e+02
2.4493526666e+02
2.4387828220e+02
2.4282094258e+02
2.4176195999e+02
2.4071909149e+02
2.3969465364e+02
2.3867807454e+02
2.3766637044e+02
2.3665291543e+02
2.3563770517e+02
2.3461379321e+02
2.3362557013e+02
2.3263863336e+02
2.3164970480e+02
2.3066352982e+02
2.2970810145e+02
2.2875070779e+02
2.2777880312e+02
2.2684099100e+02
2.2590240366e+02
2.2496168608e+02
2.2401836808e+02
2.2309478701e+02
2.2219149646e+02
2.2128599868e+02
2.2037899630e+02
2.1947087020e+02
2.1857616020e+02
2.1771187278e+02
2.1684529504e+02
2.1597730422e+02
2.1510956196e+02
2.1424268372e+02
2.1341455112e+02
2.1258404932e+02
2.1175154376e+02
2.1092456752e+02
2.1009523835e+02
2.0929437494e+02
2.0850464835e+02
2.0771249203e+02
2.0692549769e+02
2.0613678577e+02
2.0535735177e+02
2.0460606931e+02
2.0385232083e+02
2.0310385640e+02
2.0235576161e+02
2.0161048084e+02
2.0090091348e+02
2.0018886033e+02
1.9947497030e+02
1.9875909945e+02
1.9804882545e+02
1.9738240661e+02
1.9671351806e+02
1.9604215432e+02
1.9536830993e+02
1.9471705373e+02
1.9406646776e+02
1.9341331451e+02
1.9275758837e+02
1.9213426773e+02
1.9151903041e+02
1.9090135154e+02
1.9028906139e+02
1.8968147805e+02
1.8911317279e+02
1.8854247829e+02
1.8795665441e+02
1.8736284466e+02
1.8679399547e+02
1.8624765307e+02
1.8570073613e+02
1.8515300381e+02
1.8460617487e+02
1.8409956163e+02
1.8359058501e+02
1.8307924002e+02
1.8256481879e+02
1.8205931962e+02
1.8157376528e+02
1.8108578272e+02
1.8059536684e+02
1.8010373481e+02
1.7965887725e+02
1.7921170356e+02
1.7876220893e+02
1.7830913380e+02
1.7787131871e+02
1.7745450054e+02
1.7702593502e+02
1.7659502252e+02
1.7616175823e+02
1.7577985319e+02
1.7539611081e+02
1.7500922753e+02
1.7461644413e+02
1.7424734514e+02
1.7387896689e+02
1.7350846436e+02
1.7314162083e+02
1.7279886517e+02
1.7246141256e+02
1.7212189979e+02
1.7178032275e+02
1.7143837770e+02
1.7113371953e+02
1.7083334619e+02
1.7052670872e+02
1.7021795188e+02
1.6990707148e+02
1.6960850496e+02
1.6933798790e+02
1.6907060113e+02
1.6879767914e+02
1.6851822483e+02
1.6826254997e+02
1.6802306093e+02
1.6777183283e+02
1.6751864070e+02
1.6727386406e+02
1.6704956936e+02
1.6683812797e+02
1.6662483746e+02
1.6640969425e+02
1.6619269480e+02
1.6599140671e+02
1.6580779978e+02
1.6562866077e+02
1.6544776684e+02
1.6526590198e+02
1.6509691363e+02
1.6494562558e+02
1.6479284100e+02
1.6463837113e+02
1.6449765842e+02
1.6436497798e+02
1.6423015714e+02
1.6409375352e+02
1.6399379468e+02
1.6389716529e+02
1.6379937877e+02
1.6370056426e+02
1.6362363573e+02
1.6354881434e+02
1.6347381457e+02
1.6342074385e+02
1.6336632241e+02
1.6333989796e+02
1.6332159406e+02
1.6330198158e+02
1.6328862909e+02
1.6328312712e+02
1.6331152023e+02
1.6334972374e+02
1.6338674742e+02
1.6343265687e+02
1.6351177974e+02
1.6359929989e+02
1.6368579925e+02
1.6379085878e+02
1.6394181238e+02
1.6409861216e+02
1.6429922444e+02
1.6449913813e+02
1.6469978326e+02
1.6498295154e+02
1.6526403559e+02
1.6553537649e+02
1.6585914107e+02
1.6634074322e+02
