1.9551046762e+02
1.9560889228e+02
1.9570731694e+02
1.9579977112e+02
1.9589111838e+02
1.9597539378e+02
1.9605918593e+02
1.9613803988e+02
1.9621455509e+02
1.9628886737e+02
1.9635743694e+02
1.9642541505e+02
1.9648793768e+02
1.9654847030e+02
1.9660650875e+02
1.9666041492e+02
1.9671408841e+02
1.9676185012e+02
1.9680800180e+02
1.9685216880e+02
1.9689276252e+02
1.9693177887e+02
1.9696549178e+02
1.9699819662e+02
1.9703042820e+02
1.9705843660e+02
1.9708447548e+02
1.9710724476e+02
1.9712813321e+02
1.9714592984e+02
1.9716189102e+02
1.9717682389e+02
1.9718811616e+02
1.9719695369e+02
1.9720470174e+02
1.9720944599e+02
1.9721194327e+02
1.9721203497e+02
1.9721029679e+02
1.9720708211e+02
1.9720060390e+02
1.9719141674e+02
1.9717918382e+02
1.9716711703e+02
1.9715221935e+02
1.9713544019e+02
1.9711607586e+02
1.9709245794e+02
1.9706839276e+02
1.9704117007e+02
1.9701305051e+02
1.9698076864e+02
1.9694640415e+02
1.9691147806e+02
1.9687062633e+02
1.9683043834e+02
1.9678469698e+02
1.9673909850e+02
1.9668841150e+02
1.9663493084e+02
1.9657878983e+02
1.9652029292e+02
1.9646032800e+02
1.9639405749e+02
1.9632750434e+02
1.9625418197e+02
1.9618325686e+02
1.9610315649e+02
1.9602297746e+02
1.9593591982e+02
1.9584985653e+02
1.9575644653e+02
1.9566003967e+02
1.9556092442e+02
1.9545764463e+02
1.9535211032e+02
1.9523681261e+02
1.9512643345e+02
1.9500273788e+02
1.9488254303e+02
1.9474997616e+02
1.9462319790e+02
1.9448451035e+02
1.9434398442e+02
1.9420217199e+02
1.9405643897e+02
1.9390510711e+02
1.9374787912e+02
1.9359891744e+02
1.9343793977e+02
1.9327478562e+02
1.9311438472e+02
1.9296076254e+02
1.9278973065e+02
1.9265879404e+02
1.9248056988e+02
1.9238674200e+02
1.9231519663e+02
1.9214102492e+02
1.9374212601e+02
