2.6086259425e-01 -1.0659193349e-01
2.7231646562e-01 -1.1689293314e-01
2.8370332209e-01 -1.2708620795e-01
2.9502090721e-01 -1.3716999911e-01
3.0645856278e-01 -1.4729401463e-01
3.1754183064e-01 -1.5705041079e-01
3.2851633610e-01 -1.6656275244e-01
3.3940724921e-01 -1.7584965210e-01
3.5021209378e-01 -1.8490921276e-01
3.6110249903e-01 -1.9388311791e-01
3.7180218137e-01 -2.0264630134e-01
3.8229432712e-01 -2.1113970232e-01
3.9275240186e-01 -2.1948628488e-01
4.0317325690e-01 -2.2768364116e-01
4.1349349154e-01 -2.3566981214e-01
4.2379269207e-01 -2.4362590466e-01
4.3395704737e-01 -2.5137336308e-01
4.4402036008e-01 -2.5897627934e-01
4.5397984849e-01 -2.6643260234e-01
4.6388265460e-01 -2.7379097358e-01
4.7378630341e-01 -2.8106329340e-01
4.8362539454e-01 -2.8817800818e-01
4.9337756758e-01 -2.9516616088e-01
5.0308287176e-01 -3.0207721231e-01
5.1273902932e-01 -3.0890435584e-01
5.2236624129e-01 -3.1562888129e-01
5.3197352842e-01 -3.2225645551e-01
5.4154395555e-01 -3.2880511011e-01
5.5102660126e-01 -3.3522236361e-01
5.6048044020e-01 -3.4154203769e-01
5.6993225189e-01 -3.4780449976e-01
5.7937851619e-01 -3.5400757781e-01
5.8877085820e-01 -3.6010897869e-01
5.9816585620e-01 -3.6617555965e-01
6.0751786807e-01 -3.7214541446e-01
6.1683887536e-01 -3.7804305259e-01
6.2614798447e-01 -3.8388768948e-01
6.3544172112e-01 -3.8967725291e-01
6.4473327020e-01 -3.9541805883e-01
6.5404371040e-01 -4.0108076239e-01
6.6332705606e-01 -4.0668067327e-01
6.7258057758e-01 -4.1222512749e-01
6.8180188354e-01 -4.1770724517e-01
6.9103406165e-01 -4.2313427942e-01
7.0028431654e-01 -4.2850932137e-01
7.0954878815e-01 -4.3383029188e-01
7.1886870504e-01 -4.3915735093e-01
7.2812913282e-01 -4.4439162679e-01
7.3739555091e-01 -4.4956650650e-01
7.4668664981e-01 -4.5470028364e-01
7.5599828199e-01 -4.5979081336e-01
7.6532419274e-01 -4.6483620707e-01
7.7465222929e-01 -4.6984095007e-01
7.8399616236e-01 -4.7480419033e-01
7.9335189113e-01 -4.7972388973e-01
8.0271528621e-01 -4.8459799078e-01
8.1211156165e-01 -4.8945430669e-01
8.2155154182e-01 -4.9427712728e-01
8.3098839499e-01 -4.9903631763e-01
8.4044150550e-01 -5.0376155970e-01
8.4990644228e-01 -5.0845074083e-01
8.5939718230e-01 -5.1311273847e-01
8.6893712088e-01 -5.1774050371e-01
8.7851946036e-01 -5.2232587329e-01
8.8814337498e-01 -5.2689190942e-01
8.9777914646e-01 -5.3143406303e-01
9.0740811448e-01 -5.3591495132e-01
9.1708794160e-01 -5.4035655666e-01
9.2682143744e-01 -5.4476378336e-01
9.3660364805e-01 -5.4913456310e-01
9.4647598002e-01 -5.5351945861e-01
9.5629911696e-01 -5.5783185536e-01
9.6617983592e-01 -5.6211681222e-01
9.7611290569e-01 -5.6637224863e-01
9.8609306056e-01 -5.7059606237e-01
9.9611500030e-01 -5.7478612931e-01
1.0061768209e+00 -5.7894158600e-01
1.0162983509e+00 -5.8307121164e-01
1.0264697644e+00 -5.8717377309e-01
1.0366858073e+00 -5.9124733115e-01
1.0469411902e+00 -5.9528992571e-01
1.0572305891e+00 -5.9929957556e-01
1.0676408812e+00 -6.0332543007e-01
1.0780576149e+00 -6.0727220606e-01
1.0885243116e+00 -6.1119123255e-01
1.0990352947e+00 -6.1508053456e-01
1.1095871738e+00 -6.1894009004e-01
1.1202542870e+00 -6.2281126685e-01
1.1309774821e+00 -6.2662650043e-01
1.1417371222e+00 -6.3039960382e-01
1.1525424724e+00 -6.3414854083e-01
1.1633946325e+00 -6.3787368878e-01
1.1743269831e+00 -6.4156996809e-01
1.1853363551e+00 -6.4522882201e-01
1.1964199246e+00 -6.4885605718e-01
1.2075711422e+00 -6.5246801109e-01
1.2187319873e+00 -6.5601862380e-01
1.2299888731e+00 -6.5954913940e-01
1.2413378949e+00 -6.6305943179e-01
1.2527722846e+00 -6.6654760764e-01
1.2642689001e+00 -6.7000213263e-01
1.2758043508e+00 -6.7341132924e-01
1.2874222015e+00 -6.7679248440e-01
1.2991157292e+00 -6.8014389652e-01
1.3108781657e+00 -6.8346383908e-01
1.3227026970e+00 -6.8675056035e-01
1.3346404027e+00 -6.9002019967e-01
1.3466198446e+00 -6.9322702129e-01
1.3586784312e+00 -6.9640309004e-01
1.3708089801e+00 -6.9954673737e-01
1.3830042604e+00 -7.0265626803e-01
1.3953011571e+00 -7.0574976410e-01
1.4077134575e+00 -7.0880544866e-01
1.4201524807e+00 -7.1179557697e-01
1.4326694053e+00 -7.1475385086e-01
1.4452565566e+00 -7.1767864255e-01
1.4579327811e+00 -7.2058136522e-01
1.4707584265e+00 -7.2346510546e-01
1.4835908083e+00 -7.2625866495e-01
1.4965070649e+00 -7.2902158588e-01
1.5094990491e+00 -7.3175230508e-01
1.5225888654e+00 -7.3446145563e-01
1.5357996041e+00 -7.3712929924e-01
1.5490597981e+00 -7.3972037331e-01
1.5623922490e+00 -7.4227290010e-01
1.5758032943e+00 -7.4479486412e-01
1.5893030958e+00 -7.4728668978e-01
1.6029068677e+00 -7.4972207972e-01
1.6165939624e+00 -7.5208957837e-01
1.6303578902e+00 -7.5441098749e-01
1.6442019631e+00 -7.5670152426e-01
1.6581162047e+00 -7.5895435469e-01
1.6721166727e+00 -7.6114300757e-01
1.6862036054e+00 -7.6326346379e-01
1.7003850254e+00 -7.6532507784e-01
1.7146728333e+00 -7.6736140058e-01
1.7290246275e+00 -7.6936013264e-01
1.7434336552e+00 -7.7128322083e-01
1.7579321298e+00 -7.7313528523e-01
1.7725104656e+00 -7.7491542414e-01
1.7871978050e+00 -7.7664205099e-01
1.8020093261e+00 -7.7835320173e-01
1.8168372126e+00 -7.7999708986e-01
1.8317403030e+00 -7.8156132527e-01
1.8467214107e+00 -7.8304905180e-01
1.8617704268e+00 -7.8445951390e-01
1.8769453432e+00 -7.8580449033e-01
1.8922192343e+00 -7.8711885853e-01
1.9075172593e+00 -7.8835342761e-01
1.9228980062e+00 -7.8951378875e-01
1.9383509912e+00 -7.9059944572e-01
1.9539022880e+00 -7.9162126857e-01
1.9695225910e+00 -7.9258281288e-01
1.9852020815e+00 -7.9345898872e-01
2.0009578355e+00 -7.9425623553e-01
2.0167788629e+00 -7.9497423203e-01
2.0326638208e+00 -7.9561586400e-01
2.0486519995e+00 -7.9620662683e-01
2.0646796247e+00 -7.9670125714e-01
2.0807757946e+00 -7.9710688205e-01
2.0969291289e+00 -7.9742343961e-01
2.1131281479e+00 -7.9765081937e-01
2.1294582104e+00 -7.9782084716e-01
2.1457937492e+00 -7.9788550627e-01
2.1622001761e+00 -7.9785512478e-01
2.1786657138e+00 -7.9772999555e-01
2.1951772165e+00 -7.9751004863e-01
2.2117008782e+00 -7.9719097312e-01
2.2283022013e+00 -7.9682315526e-01
2.2449568055e+00 -7.9635652137e-01
2.2616785060e+00 -7.9578904776e-01
2.2784456552e+00 -7.9511959633e-01
2.2952453188e+00 -7.9434850713e-01
2.3121143458e+00 -7.9345942586e-01
2.3289768819e+00 -7.9246729600e-01
2.3458878894e+00 -7.9136978644e-01
2.3628341604e+00 -7.9016772337e-01
2.3797954703e+00 -7.8886171058e-01
2.3967939423e+00 -7.8745678506e-01
2.4138280330e+00 -7.8595770946e-01
2.4308926488e+00 -7.8433585961e-01
2.4479662960e+00 -7.8259679332e-01
2.4650361550e+00 -7.8074220101e-01
2.4821083618e+00 -7.7877097231e-01
2.4992558726e+00 -7.7670870238e-01
2.5163940905e+00 -7.7452945118e-01
2.5335269081e+00 -7.7222003858e-01
2.5506418994e+00 -7.6978231925e-01
2.5677264898e+00 -7.6721808870e-01
2.5848571369e+00 -7.6452392284e-01
2.6020242598e+00 -7.6174657091e-01
2.6191375021e+00 -7.5884870053e-01
2.6362259526e+00 -7.5580899555e-01
2.6532770988e+00 -7.5262980201e-01
2.6702782657e+00 -7.4931340495e-01
2.6873527244e+00 -7.4585276172e-01
2.7043989827e+00 -7.4231739372e-01
2.7213720252e+00 -7.3864847432e-01
2.7382836800e+00 -7.3483361699e-01
2.7551214265e+00 -7.3087557082e-01
2.7719614411e+00 -7.2675393105e-01
2.7888315850e+00 -7.2253031915e-01
2.8055998772e+00 -7.1819744274e-01
2.8222765331e+00 -7.1371360986e-01
2.8388492657e+00 -7.0908196865e-01
2.8553945391e+00 -7.0428182066e-01
2.8719631924e+00 -6.9937136416e-01
2.8884211142e+00 -6.9435866651e-01
2.9047622758e+00 -6.8918636158e-01
2.9209746426e+00 -6.8385802914e-01
2.9371213200e+00 -6.7836063731e-01
2.9532786967e+00 -6.7274604963e-01
2.9693206151e+00 -6.6703569524e-01
2.9852181518e+00 -6.6116281067e-01
3.0009646570e+00 -6.5512785683e-01
3.0165962847e+00 -6.4892216769e-01
3.0322117232e+00 -6.4259015807e-01
3.0477500998e+00 -6.3615732711e-01
3.0631084288e+00 -6.2957463442e-01
3.0782817583e+00 -6.2283032579e-01
3.0932762807e+00 -6.1591979995e-01
3.1082044646e+00 -6.0887207795e-01
3.1230778776e+00 -6.0171091902e-01
3.1378038670e+00 -5.9441239258e-01
3.1523002689e+00 -5.8695115644e-01
3.1665544369e+00 -5.7934179518e-01
3.1806819130e+00 -5.7160612382e-01
3.1947317276e+00 -5.6373798589e-01
3.2086883533e+00 -5.5573567736e-01
3.2224204014e+00 -5.4754130000e-01
3.2358620503e+00 -5.3921290839e-01
3.2491103955e+00 -5.3079753625e-01
3.2622260894e+00 -5.2224257491e-01
3.2751984592e+00 -5.1355373232e-01
3.2880165726e+00 -5.0473666724e-01
3.3006068553e+00 -4.9570280586e-01
3.3129623529e+00 -4.8659878613e-01
3.3251151402e+00 -4.7734408008e-01
3.3370539567e+00 -4.6795972452e-01
3.3487482813e+00 -4.5846375450e-01
3.3601907817e+00 -4.4877969656e-01
3.3714748600e+00 -4.3898195993e-01
3.3825079365e+00 -4.2909402437e-01
3.3932702765e+00 -4.1908721215e-01
3.4037525187e+00 -4.0896828334e-01
3.4139383768e+00 -3.9869982225e-01
3.4239339045e+00 -3.8823274177e-01
3.4337711232e+00 -3.7771732115e-01
3.4432936513e+00 -3.6710715984e-01
3.4524817671e+00 -3.5639208178e-01
3.4613290266e+00 -3.4556056373e-01
3.4699494726e+00 -3.3458307275e-01
3.4783957772e+00 -3.2350844343e-01
3.4865737979e+00 -3.1231296230e-01
3.4943526019e+00 -3.0100700866e-01
3.5018097389e+00 -2.8964451385e-01
3.5090342359e+00 -2.7818217635e-01
3.5160129099e+00 -2.6661091754e-01
3.5226677142e+00 -2.5486983051e-01
3.5289525832e+00 -2.4310039072e-01
3.5349605625e+00 -2.3126142557e-01
3.5406777692e+00 -2.1932535224e-01
3.5460976078e+00 -2.0729990735e-01
3.5512017037e+00 -1.9517032557e-01
3.5559627207e+00 -1.8295514883e-01
3.5603876414e+00 -1.7068517364e-01
3.5644729090e+00 -1.5837098105e-01
3.5681798087e+00 -1.4599275510e-01
3.5715304055e+00 -1.3345626487e-01
3.5746766977e+00 -1.2089740593e-01
3.5774336206e+00 -1.0831089532e-01
3.5797759320e+00 -9.5691248029e-02
3.5817199274e+00 -8.3043820421e-02
3.5833628295e+00 -7.0331065278e-02
3.5847133084e+00 -5.7549136058e-02
3.5857673763e+00 -4.4707097434e-02
3.5863453383e+00 -3.1764580579e-02
3.5866147523e+00 -1.8863376628e-02
3.5865703103e+00 -5.9316905250e-03
3.5861368916e+00 7.0588533744e-03
3.5853463380e+00 2.0063935242e-02
3.5842101624e+00 3.3056765458e-02
3.5825859168e+00 4.6125359836e-02
3.5807039719e+00 5.9221835621e-02
3.5784785482e+00 7.2289608771e-02
3.5758378637e+00 8.5335247801e-02
3.5727804978e+00 9.8349663746e-02
3.5693629797e+00 1.1135042680e-01
3.5656160847e+00 1.2438320872e-01
3.5615377001e+00 1.3743951491e-01
3.5570919622e+00 1.5051284304e-01
3.5521332883e+00 1.6355305597e-01
3.5469469822e+00 1.7650859982e-01
3.5413633337e+00 1.8947451261e-01
3.5354053585e+00 2.0242575486e-01
3.5291137617e+00 2.1532059858e-01
3.5223794352e+00 2.2822396264e-01
3.5153389685e+00 2.4108157534e-01
3.5079623890e+00 2.5383302830e-01
3.5001815176e+00 2.6653014847e-01
3.4919988236e+00 2.7916306410e-01
3.4833820926e+00 2.9174619297e-01
3.4744076902e+00 3.0434849106e-01
3.4652121668e+00 3.1690167177e-01
3.4556532166e+00 3.2933052611e-01
3.4456915064e+00 3.4163206395e-01
3.4353571291e+00 3.5379901546e-01
3.4247341083e+00 3.6589728801e-01
3.4137490257e+00 3.7795332867e-01
3.4024069008e+00 3.8995757666e-01
3.3907123973e+00 4.0190035971e-01
3.3786668764e+00 4.1377273953e-01
3.3662516551e+00 4.2555596073e-01
3.3535216794e+00 4.3720720835e-01
3.3404845061e+00 4.4871656342e-01
3.3271473577e+00 4.6007396342e-01
3.3135158336e+00 4.7126905645e-01
3.2995231572e+00 4.8234069077e-01
3.2852121423e+00 4.9333781603e-01
3.2705910713e+00 5.0425073930e-01
3.2556678921e+00 5.1506962455e-01
3.2402875502e+00 5.2570026960e-01
3.2248056228e+00 5.3626414332e-01
3.2088906452e+00 5.4666999750e-01
3.1927311761e+00 5.5691073800e-01
3.1763454987e+00 5.6697762625e-01
3.1597063698e+00 5.7685325985e-01
3.1427277855e+00 5.8658306047e-01
3.1254679784e+00 5.9620389356e-01
3.1079381286e+00 6.0570632846e-01
3.0900798944e+00 6.1500699296e-01
3.0720541889e+00 6.2418337325e-01
3.0537042566e+00 6.3321089475e-01
3.0351082228e+00 6.4204074741e-01
3.0163434098e+00 6.5068282834e-01
2.9974230917e+00 6.5912751210e-01
2.9782562554e+00 6.6739542836e-01
2.9588036985e+00 6.7550880684e-01
2.9390812966e+00 6.8345904127e-01
2.9191020729e+00 6.9123749696e-01
2.8989408034e+00 6.9885833165e-01
2.8785631894e+00 7.0626448216e-01
2.8580222966e+00 7.1348941158e-01
2.8373209606e+00 7.2050352570e-01
2.8164738554e+00 7.2729845049e-01
2.7955166324e+00 7.3396014359e-01
2.7742903317e+00 7.4044861991e-01
2.7528116376e+00 7.4674751051e-01
2.7312558787e+00 7.5287362511e-01
2.7096212548e+00 7.5875762314e-01
2.6877788208e+00 7.6440252995e-01
2.6657616740e+00 7.6989160762e-01
2.6435889407e+00 7.7517070948e-01
2.6213025459e+00 7.8019936554e-01
2.5989310565e+00 7.8516096391e-01
2.5763540978e+00 7.8987058978e-01
2.5537351013e+00 7.9435844605e-01
2.5311116907e+00 7.9865173446e-01
2.5084110274e+00 8.0274397361e-01
2.4855550104e+00 8.0664238337e-01
2.4625787062e+00 8.1034322595e-01
2.4394737200e+00 8.1382273495e-01
2.4163192912e+00 8.1711291973e-01
2.3931140209e+00 8.2025907205e-01
2.3698379898e+00 8.2316549867e-01
2.3465604825e+00 8.2586414235e-01
2.3233027557e+00 8.2834914763e-01
2.2998978993e+00 8.3062200232e-01
2.2765000864e+00 8.3278041745e-01
2.2531582883e+00 8.3473966788e-01
2.2297244619e+00 8.3647204817e-01
2.2062193331e+00 8.3797280557e-01
2.1826615803e+00 8.3925622853e-01
2.1591460836e+00 8.4040462122e-01
2.1356483722e+00 8.4131558214e-01
2.1121337964e+00 8.4207239409e-01
2.0886595258e+00 8.4262556349e-01
2.0652554571e+00 8.4296027160e-01
2.0418754188e+00 8.4318009628e-01
2.0184055675e+00 8.4322825344e-01
1.9949682837e+00 8.4303985543e-01
1.9716399815e+00 8.4268679519e-01
1.9484277043e+00 8.4217684536e-01
1.9253078584e+00 8.4151549858e-01
1.9021635987e+00 8.4066127152e-01
1.8790106117e+00 8.3959698861e-01
1.8558713513e+00 8.3833538664e-01
1.8328685342e+00 8.3690627072e-01
1.8099375971e+00 8.3525301960e-01
1.7870802912e+00 8.3350642468e-01
1.7643431297e+00 8.3160966620e-01
1.7417498929e+00 8.2956141155e-01
1.7192397964e+00 8.2739184698e-01
1.6966823883e+00 8.2505051594e-01
1.6742154907e+00 8.2248891201e-01
1.6519324451e+00 8.1978724422e-01
1.6297833830e+00 8.1696566241e-01
1.6077899317e+00 8.1402774444e-01
1.5858731994e+00 8.1094437097e-01
1.5640075837e+00 8.0767713453e-01
1.5422144712e+00 8.0423017179e-01
1.5205539675e+00 8.0069050360e-01
1.4991603307e+00 7.9698536068e-01
1.4778363149e+00 7.9315031736e-01
1.4566055961e+00 7.8918760740e-01
1.4354931426e+00 7.8509884666e-01
1.4145576265e+00 7.8088636484e-01
1.3937163680e+00 7.7651826390e-01
1.3730362221e+00 7.7204730094e-01
1.3525259231e+00 7.6748115408e-01
1.3322099257e+00 7.6282229493e-01
1.3120211612e+00 7.5807388411e-01
1.2918913731e+00 7.5316626605e-01
1.2718903766e+00 7.4809829681e-01
1.2520771257e+00 7.4297059137e-01
1.2324784793e+00 7.3779701852e-01
1.2130972511e+00 7.3252594028e-01
1.1938294025e+00 7.2711100403e-01
1.1746984911e+00 7.2155579339e-01
1.1556814178e+00 7.1586279569e-01
1.1367300353e+00 7.1012534517e-01
1.1181231904e+00 7.0437109845e-01
1.0996419969e+00 6.9849635474e-01
1.0813101458e+00 6.9250584504e-01
1.0631514593e+00 6.8640420889e-01
1.0450617607e+00 6.8019578235e-01
1.0272611413e+00 6.7398470777e-01
1.0095818994e+00 6.6767972868e-01
9.9204755100e-01 6.6128679161e-01
9.7469453151e-01 6.5481621369e-01
9.5751388288e-01 6.4826432752e-01
9.4051047091e-01 6.4163962322e-01
9.2365406044e-01 6.3495982410e-01
9.0696677345e-01 6.2823133065e-01
8.9047087244e-01 6.2146049041e-01
8.7407455117e-01 6.1459893979e-01
8.5783302881e-01 6.0761067618e-01
8.4180848158e-01 6.0060546380e-01
8.2595478040e-01 5.9358942948e-01
8.1025259368e-01 5.8653995201e-01
7.9467459568e-01 5.7937572619e-01
7.7923881804e-01 5.7210897571e-01
7.6396930566e-01 5.6483713569e-01
7.4893231285e-01 5.5758074116e-01
7.3404982068e-01 5.5023632223e-01
7.1931355917e-01 5.4279307361e-01
7.0467479399e-01 5.3525968775e-01
6.9018607671e-01 5.2772985604e-01
6.7590789506e-01 5.2017381072e-01
6.6176982364e-01 5.1252308482e-01
6.4776283804e-01 5.0478253371e-01
6.3382883022e-01 4.9705976697e-01
6.2008032328e-01 4.8931536943e-01
6.0653340754e-01 4.8150172597e-01
5.9317922191e-01 4.7361505832e-01
5.7991152729e-01 4.6567907359e-01
5.6674301007e-01 4.5772871402e-01
5.5369605468e-01 4.4975092846e-01
5.4080813018e-01 4.4168422379e-01
5.2809802611e-01 4.3354063480e-01
5.1550967450e-01 4.2537707206e-01
5.0302204105e-01 4.1720366192e-01
4.9063649168e-01 4.0900902543e-01
4.7836062455e-01 4.0070797298e-01
4.6625356088e-01 3.9232710998e-01
4.5428036110e-01 3.8393360100e-01
4.4240021896e-01 3.7552175569e-01
4.3061071580e-01 3.6707780111e-01
4.1891706999e-01 3.5851759257e-01
4.0738607944e-01 3.4988238421e-01
3.9597192575e-01 3.4123211368e-01
3.8463787763e-01 3.3255506996e-01
3.7337836600e-01 3.2383195233e-01
3.6220226351e-01 3.1498055932e-01
3.5118095893e-01 3.0605849499e-01
3.4025724659e-01 2.9711839081e-01
3.2940271668e-01 2.8815126484e-01
3.1861132496e-01 2.7913931257e-01
3.0788460053e-01 2.6999161391e-01
2.9728559788e-01 2.6074463805e-01
2.8680157436e-01 2.5147791346e-01
2.7637520337e-01 2.4217069349e-01
2.6601400886e-01 2.3282582529e-01
2.5567021591e-01 2.2332057896e-01
2.4545846707e-01 2.1375691515e-01
2.3531958461e-01 2.0415864500e-01
2.2522056028e-01 1.9449340314e-01
2.1514834644e-01 1.8470910102e-01
2.0518190677e-01 1.7485764392e-01
1.9529388670e-01 1.6498271716e-01
1.8545974771e-01 1.5506844986e-01
1.7567723239e-01 1.4507304216e-01
1.6594144103e-01 1.3497600406e-01
1.5626315157e-01 1.2478948877e-01
1.4666399616e-01 1.1466793534e-01
1.3711506183e-01 1.0454015056e-01
1.2758844178e-01 9.4343151070e-02
1.1813381119e-01 8.4204502165e-02
1.0872605157e-01 7.4212538559e-02
9.9332997166e-02 6.4318571409e-02
