4.0542157441e+01
4.0477795495e+01
4.0555251222e+01
4.0560126598e+01
4.0565286894e+01
4.0570447190e+01
4.0575884259e+01
4.0581539085e+01
4.0587348985e+01
4.0593795371e+01
4.0600288229e+01
4.0606475381e+01
4.0612927506e+01
4.0619820786e+01
4.0627153960e+01
4.0634775441e+01
4.0643015094e+01
4.0651254747e+01
4.0659037959e+01
4.0667731009e+01
4.0676538576e+01
4.0685674587e+01
4.0695761845e+01
4.0705849102e+01
4.0542157441e+01
4.0538868632e+01
4.0535579823e+01
4.0532291013e+01
4.0529002204e+01
4.0525713395e+01
4.0522424585e+01
4.0519662066e+01
4.0517322827e+01
4.0514983587e+01
4.0512644348e+01
4.0510305109e+01
4.0507795599e+01
4.0505074194e+01
4.0502996944e+01
4.0500997371e+01
4.0498997798e+01
4.0496998225e+01
4.0494998652e+01
4.0493059592e+01
4.0491796353e+01
4.0490533114e+01
4.0489269875e+01
4.0488006636e+01
4.0486547579e+01
4.0485162174e+01
4.0484216373e+01
4.0483285930e+01
4.0482355487e+01
4.0481425043e+01
4.0480494600e+01
4.0479684546e+01
4.0479307545e+01
4.0478930544e+01
4.0478553543e+01
4.0478176542e+01
4.0477655241e+01
4.0477616131e+01
4.0477577021e+01
4.0477537911e+01
4.0477498802e+01
4.0477459692e+01
4.0477977810e+01
4.0478643807e+01
4.0479240683e+01
4.0479631488e+01
4.0480022293e+01
4.0480764603e+01
4.0481791159e+01
4.0482817714e+01
4.0483844269e+01
4.0484757897e+01
4.0486017642e+01
4.0487302007e+01
4.0488586372e+01
4.0489870738e+01
4.0491670488e+01
4.0493713651e+01
4.0495756813e+01
4.0497606461e+01
4.0499340891e+01
4.0501601445e+01
4.0503875894e+01
4.0506150343e+01
4.0508603175e+01
4.0511630591e+01
4.0514658006e+01
4.0517678899e+01
4.0520112874e+01
4.0523356776e+01
4.0526847921e+01
4.0530339066e+01
4.0533934022e+01
4.0538396632e+01
4.0542859242e+01
4.0547321852e+01
4.0551208212e+01
