2.7208683501e+02
2.7208180362e+02
2.7207679180e+02
2.7207206312e+02
2.7206557519e+02
2.7205944587e+02
2.7205357641e+02
2.7204653473e+02
2.7203937729e+02
2.7203075708e+02
2.7202265355e+02
2.7201373643e+02
2.7200414964e+02
2.7199315654e+02
2.7198238799e+02
2.7196950483e+02
2.7195658276e+02
2.7194244984e+02
2.7192805520e+02
2.7191092938e+02
2.7189377803e+02
2.7187557094e+02
2.7185620764e+02
2.7183500529e+02
2.7181257664e+02
2.7178971961e+02
2.7176422259e+02
2.7173774324e+02
2.7170995020e+02
2.7168082741e+02
2.7164973375e+02
2.7161724474e+02
2.7158397966e+02
2.7154894669e+02
2.7151270602e+02
2.7147223254e+02
2.7143037140e+02
2.7139552788e+02
2.7135806960e+02
2.7130737023e+02
2.7125942176e+02
2.7121146894e+02
2.7116098316e+02
2.7110963065e+02
2.7105932610e+02
2.7100695992e+02
2.7095339452e+02
2.7089835437e+02
2.7084254078e+02
2.7078605040e+02
2.7072760162e+02
2.7066915367e+02
2.7061108434e+02
2.7055164706e+02
2.7049024981e+02
2.7043077776e+02
2.7037008931e+02
2.7030758654e+02
2.7024785218e+02
2.7018679262e+02
2.7012752949e+02
2.7006749913e+02
2.7000777045e+02
2.6994730982e+02
2.6988808732e+02
2.6983106042e+02
2.6977461693e+02
2.6972030990e+02
2.6966594908e+02
2.6961216622e+02
2.6956173448e+02
2.6951144661e+02
2.6946460750e+02
2.6942024182e+02
2.6937361331e+02
2.6933199305e+02
2.6929485258e+02
2.6925323794e+02
2.6922532364e+02
2.6919628331e+02
2.6916507953e+02
2.6913943231e+02
2.6910795697e+02
2.6908920015e+02
2.6907358409e+02
2.6905427737e+02
2.6904997017e+02
2.6904012422e+02
2.6903258596e+02
2.6902937902e+02
2.6902778018e+02
2.6902798926e+02
2.6903202328e+02
2.6903739851e+02
2.6904466975e+02
2.6905295731e+02
2.6906370056e+02
2.6907293497e+02
2.6908526929e+02
2.6909565942e+02
