-4.0330025200e-06 -5.2556598707e-06
2.6778438523e-01 3.3965543454e-04
5.2984517735e-01 1.3387252445e-03
7.8616943452e-01 2.9698314575e-03
1.0367576686e+00 5.2179868812e-03
1.2816039503e+00 8.0530052785e-03
1.5207116687e+00 1.1455565259e-02
1.7540671132e+00 1.5403500623e-02
1.9816739618e+00 1.9871524439e-02
2.2035214470e+00 2.4843587746e-02
2.4196164096e+00 3.0291491121e-02
2.6299391760e+00 3.6201514132e-02
2.8344912547e+00 4.2547828511e-02
3.0332693354e+00 4.9309336728e-02
3.2262662363e+00 5.6470403984e-02
3.4134781865e+00 6.4005846921e-02
3.5949021860e+00 7.1898442407e-02
3.7705326011e+00 8.0126825221e-02
3.9403669997e+00 8.8670703952e-02
4.1043891890e+00 9.7511986914e-02
4.2626148905e+00 1.0662976534e-01
4.4150163791e+00 1.1600247049e-01
4.5616113700e+00 1.2561295442e-01
4.7023882297e+00 1.3544273109e-01
4.8373468724e+00 1.4546775203e-01
4.9664857948e+00 1.5567100680e-01
5.0897977729e+00 1.6603272918e-01
5.2072816079e+00 1.7653188167e-01
5.3189424733e+00 1.8715389110e-01
5.4247701138e+00 1.9787335027e-01
5.5247877399e+00 2.0867420982e-01
5.6189787192e+00 2.1953706250e-01
5.7073461755e+00 2.3043693460e-01
5.7898978195e+00 2.4136036578e-01
5.8666313618e+00 2.5228384185e-01
5.9375404321e+00 2.6318651790e-01
6.0026475263e+00 2.7405072427e-01
6.0619455909e+00 2.8485584396e-01
6.1154501627e+00 2.9558109212e-01
6.1631793212e+00 3.0620506125e-01
6.2051069148e+00 3.1670906321e-01
6.2412823277e+00 3.2707339577e-01
6.2716802963e+00 3.3727428517e-01
6.2963360170e+00 3.4729506389e-01
6.3152590828e+00 3.5710968554e-01
6.3284417283e+00 3.6669925524e-01
6.3359293343e+00 3.7604508362e-01
6.3377155833e+00 3.8512010836e-01
6.3338184056e+00 3.9390971224e-01
6.3242717718e+00 4.0238756084e-01
6.3090843063e+00 4.1053041530e-01
6.2882867557e+00 4.1832117056e-01
6.2618956886e+00 4.2573532833e-01
6.2299380833e+00 4.3274964615e-01
6.1924180675e+00 4.3934158247e-01
6.1494005576e+00 4.4549262635e-01
6.1009041142e+00 4.5117485108e-01
6.0469419491e+00 4.5636584451e-01
5.9875497532e+00 4.6104758343e-01
5.9228045011e+00 4.6519485586e-01
5.8526838992e+00 4.6878032651e-01
5.7772749236e+00 4.7178446191e-01
5.6965960626e+00 4.7418474874e-01
5.6107062798e+00 4.7596302387e-01
5.5196405378e+00 4.7708568622e-01
5.4234690383e+00 4.7753735559e-01
5.3222167120e+00 4.7729330878e-01
5.2159487100e+00 4.7632764757e-01
5.1047495767e+00 4.7462756408e-01
4.9886533303e+00 4.7215983017e-01
4.8677414858e+00 4.6890849123e-01
4.7420963881e+00 4.6485143016e-01
4.6117593822e+00 4.5996869818e-01
4.4768400505e+00 4.5423939174e-01
4.3374240924e+00 4.4763894795e-01
4.1936063094e+00 4.4015231960e-01
4.0454555231e+00 4.3176479238e-01
3.8931104510e+00 4.2245728199e-01
3.7366704522e+00 4.1220822623e-01
3.5762689289e+00 4.0101474262e-01
3.4120258625e+00 3.8885245055e-01
3.2440941060e+00 3.7571945084e-01
3.0726247389e+00 3.6160087191e-01
2.8978041062e+00 3.4649581434e-01
2.7198167215e+00 3.3039316672e-01
2.5388707765e+00 3.1330281441e-01
2.3552088026e+00 2.9522987262e-01
2.1691143399e+00 2.7616717191e-01
1.9808937098e+00 2.5616770953e-01
1.7908811437e+00 2.3521294483e-01
1.5995165493e+00 2.1336363646e-01
1.4072926954e+00 1.9067300321e-01
1.2148491350e+00 1.6717349276e-01
1.0229210285e+00 1.4300966020e-01
8.3245895262e-01 1.1823082967e-01
6.4484215322e-01 9.3049981697e-02
4.6197176176e-01 6.7804729313e-02
2.8715168578e-01 4.2764565929e-02
1.2605931413e-01 1.8816093162e-02
-1.6587386735e-04 -1.8396007745e-05
