2.9830064464e+02
2.9829451640e+02
2.9828838817e+02
2.9828117792e+02
2.9827276048e+02
2.9826279013e+02
2.9825410509e+02
2.9824005112e+02
2.9822735596e+02
2.9821523881e+02
2.9820019590e+02
2.9818308814e+02
2.9816255692e+02
2.9814456188e+02
2.9812217466e+02
2.9809870049e+02
2.9807116654e+02
2.9804335871e+02
2.9801457433e+02
2.9798081606e+02
2.9794774582e+02
2.9790912937e+02
2.9786938866e+02
2.9782649186e+02
2.9777946394e+02
2.9773081549e+02
2.9767718067e+02
2.9762516556e+02
2.9756444785e+02
2.9750298848e+02
2.9743969341e+02
2.9737381160e+02
2.9730317895e+02
2.9722732505e+02
2.9715078385e+02
2.9706788902e+02
2.9698581588e+02
2.9689868962e+02
2.9681070972e+02
2.9671647919e+02
2.9662069232e+02
2.9652271869e+02
2.9642455604e+02
2.9631002799e+02
2.9619028268e+02
2.9607747199e+02
2.9597480067e+02
2.9586128441e+02
2.9574184888e+02
2.9561598522e+02
2.9549256270e+02
2.9536974061e+02
2.9524176812e+02
2.9511254427e+02
2.9498254454e+02
2.9485630463e+02
2.9473328994e+02
2.9460476696e+02
2.9446729626e+02
2.9433654894e+02
2.9420808549e+02
2.9407557225e+02
2.9394233655e+02
2.9381519971e+02
2.9369008896e+02
2.9356724250e+02
2.9344423716e+02
2.9332034640e+02
2.9320180418e+02
2.9308640903e+02
2.9297309788e+02
2.9286366209e+02
2.9275977528e+02
2.9265795855e+02
2.9256194008e+02
2.9247203581e+02
2.9238321501e+02
2.9230254118e+02
2.9222724908e+02
2.9215617455e+02
2.9209465899e+02
2.9203254049e+02
2.9198202978e+02
2.9193543283e+02
2.9189658958e+02
2.9186444194e+02
2.9183911575e+02
2.9181618839e+02
2.9180593423e+02
2.9179670155e+02
2.9179586035e+02
2.9180102072e+02
2.9181397342e+02
2.9182428917e+02
2.9184632447e+02
2.9187131598e+02
2.9189592293e+02
2.9193049162e+02
2.9195610022e+02
2.9198749600e+02
