1.8236742167e+02
1.8257459984e+02
1.8277695479e+02
1.8297051825e+02
1.8315478259e+02
1.8333597917e+02
1.8350964506e+02
1.8367807344e+02
1.8383718940e+02
1.8398802224e+02
1.8413416901e+02
1.8427010270e+02
1.8440434376e+02
1.8453064201e+02
1.8464733353e+02
1.8476003636e+02
1.8486374549e+02
1.8496446400e+02
1.8505988057e+02
1.8514455561e+02
1.8522551439e+02
1.8530018913e+02
1.8536883598e+02
1.8543269070e+02
1.8548660112e+02
1.8553818397e+02
1.8558245848e+02
1.8562353422e+02
1.8565633719e+02
1.8568379592e+02
1.8570693300e+02
1.8572342445e+02
1.8573346632e+02
1.8573975518e+02
1.8574111678e+02
1.8573432262e+02
1.8572423500e+02
1.8571064614e+02
1.8568755925e+02
1.8566158548e+02
1.8563052995e+02
1.8559292003e+02
1.8555086593e+02
1.8550630257e+02
1.8545211894e+02
1.8539493708e+02
1.8533216803e+02
1.8526612490e+02
1.8518921100e+02
1.8511476432e+02
1.8503053269e+02
1.8494328441e+02
1.8484872820e+02
1.8475425143e+02
1.8464877185e+02
1.8454363540e+02
1.8442879036e+02
1.8431248844e+02
1.8418454514e+02
1.8406196161e+02
1.8392536257e+02
1.8379068635e+02
1.8364585456e+02
1.8350127563e+02
1.8334462713e+02
1.8319113798e+02
1.8303094415e+02
1.8286467008e+02
1.8269303726e+02
1.8251684806e+02
1.8233971905e+02
1.8215271001e+02
1.8196499892e+02
1.8177762324e+02
1.8158031221e+02
1.8138523502e+02
1.8117827449e+02
1.8098006270e+02
1.8077400598e+02
1.8056458861e+02
1.8035944536e+02
1.8014570969e+02
1.7994133799e+02
1.7972359266e+02
1.7952248907e+02
1.7931581556e+02
1.7910291729e+02
1.7891527281e+02
1.7872096018e+02
1.7853102195e+02
1.7836964321e+02
1.7820262195e+02
1.7806559569e+02
1.7792641047e+02
1.7782011571e+02
1.7779408891e+02
1.7777299863e+02
1.7776436768e+02
1.7789949680e+02
1.7918463393e+02
