-2.2324724979e-05 -3.0963707330e-05
2.2654623803e-01 1.3632738235e-03
4.4809512562e-01 5.3752808080e-03
6.6461615805e-01 1.1915080183e-02
8.7593137247e-01 2.0878706063e-02
1.0819753877e+00 3.2243083839e-02
1.2825582569e+00 4.5826582440e-02
1.4776803405e+00 6.1531255026e-02
1.6672590450e+00 7.9297141379e-02
1.8510641497e+00 9.8959538052e-02
2.0291094374e+00 1.2048418855e-01
2.2012865626e+00 1.4368492487e-01
2.3675155770e+00 1.6849353204e-01
2.5277527154e+00 1.9483225395e-01
2.6817850217e+00 2.2252084158e-01
2.8297106539e+00 2.5151082521e-01
2.9713770165e+00 2.8166757993e-01
3.1067534507e+00 3.1284956235e-01
3.2357971902e+00 3.4502541840e-01
3.3583703906e+00 3.7799145353e-01
3.4745728366e+00 4.1169631849e-01
3.5842876568e+00 4.4600914041e-01
3.6874898981e+00 4.8078831918e-01
3.7841750197e+00 5.1600442458e-01
3.8743268942e+00 5.5143949644e-01
3.9579485312e+00 5.8705079125e-01
4.0350292091e+00 6.2272480245e-01
4.1055259250e+00 6.5829882053e-01
4.1695573961e+00 6.9374802984e-01
4.2271030966e+00 7.2888314398e-01
4.2781704646e+00 7.6364972820e-01
4.3228252560e+00 7.9794705145e-01
4.3610670637e+00 8.3158175979e-01
4.3929969210e+00 8.6456528753e-01
4.4186416151e+00 8.9676842590e-01
4.4381711424e+00 9.2806074725e-01
4.4514926451e+00 9.5838542959e-01
4.4588019005e+00 9.8759336585e-01
4.4601838047e+00 1.0156392986e+00
4.4556988038e+00 1.0424565449e+00
4.4455220911e+00 1.0679077256e+00
4.4296762319e+00 1.0919786626e+00
4.4083610247e+00 1.1145214762e+00
4.3816656709e+00 1.1354979279e+00
4.3496802903e+00 1.1548647602e+00
4.3126393377e+00 1.1724900311e+00
4.2706238055e+00 1.1883919205e+00
4.2238063152e+00 1.2024716442e+00
4.1723895425e+00 1.2146836616e+00
4.1164134151e+00 1.2249936323e+00
4.0561879391e+00 1.2333186933e+00
3.9917692421e+00 1.2396733965e+00
3.9234002547e+00 1.2440001540e+00
3.8512901178e+00 1.2462890665e+00
3.7755207310e+00 1.2465183286e+00
3.6964223765e+00 1.2446487197e+00
3.6140296847e+00 1.2406834813e+00
3.5286329305e+00 1.2346171968e+00
3.4404687993e+00 1.2264527656e+00
3.3495906277e+00 1.2162145819e+00
3.2563853784e+00 1.2039270092e+00
3.1609198969e+00 1.1895691284e+00
3.0633851611e+00 1.1731727435e+00
2.9641434692e+00 1.1547746382e+00
2.8631777761e+00 1.1344087972e+00
2.7608921882e+00 1.1121511484e+00
2.6574201531e+00 1.0880412545e+00
2.5529111441e+00 1.0621162483e+00
2.4477065699e+00 1.0344688832e+00
2.3418214305e+00 1.0051037172e+00
2.2356066828e+00 9.7415471323e-01
2.1293026733e+00 9.4169349036e-01
2.0228976145e+00 9.0776184774e-01
1.9168449512e+00 8.7254977077e-01
1.8112316181e+00 8.3612534272e-01
1.7062130956e+00 7.9853255277e-01
1.6021400380e+00 7.5995578980e-01
1.4990144591e+00 7.2041335607e-01
1.3972214172e+00 6.8014810226e-01
1.2969211729e+00 6.3927192195e-01
1.1982344573e+00 5.9790010096e-01
1.1014952208e+00 5.5626649465e-01
1.0067681551e+00 5.1434643982e-01
9.1447099875e-01 4.7246917371e-01
8.2467228956e-01 4.3072042682e-01
7.3762741874e-01 3.8933116648e-01
6.5367895716e-01 3.4860642008e-01
5.7293124155e-01 3.0860004577e-01
4.9585265606e-01 2.6964468894e-01
4.2247326255e-01 2.3182735548e-01
3.5337346465e-01 1.9557511951e-01
2.8883859513e-01 1.6116033384e-01
2.2891916757e-01 1.2866890635e-01
1.7481633677e-01 9.8847353933e-02
1.2626715814e-01 7.1567306706e-02
8.4243471056e-02 4.8193914711e-02
4.9364600809e-02 2.8665211103e-02
2.2946029462e-02 1.3313890302e-02
6.3229633473e-03 3.5977598619e-03
-5.7828140455e-05 -2.4168445461e-05
