2.7799495591e-01 -1.1200485410e-01
2.8996405893e-01 -1.2285111144e-01
3.0180857971e-01 -1.3350679832e-01
3.1352649248e-01 -1.4397028368e-01
3.2511574787e-01 -1.5423991256e-01
3.3690958303e-01 -1.6458416402e-01
3.4834167622e-01 -1.7445727417e-01
3.5973344344e-01 -1.8411692153e-01
3.7104980334e-01 -1.9356270088e-01
3.8223835635e-01 -2.0273918330e-01
3.9323895376e-01 -2.1178701799e-01
4.0416810122e-01 -2.2069869055e-01
4.1503686437e-01 -2.2943740232e-01
4.2578500279e-01 -2.3795884061e-01
4.3652340917e-01 -2.4633103138e-01
4.4711920929e-01 -2.5453700628e-01
4.5760893787e-01 -2.6256392664e-01
4.6806675246e-01 -2.7045235819e-01
4.7846411359e-01 -2.7818954811e-01
4.8876050877e-01 -2.8576577181e-01
4.9895665480e-01 -2.9332540639e-01
5.0912182612e-01 -3.0075942277e-01
5.1921705551e-01 -3.0805117679e-01
5.2923755769e-01 -3.1519928980e-01
5.3932668948e-01 -3.2226104445e-01
5.4927184160e-01 -3.2921566208e-01
5.5914338189e-01 -3.3606161854e-01
5.6899417934e-01 -3.4281502022e-01
5.7882105156e-01 -3.4947384394e-01
5.8867084084e-01 -3.5605132842e-01
5.9844365382e-01 -3.6257172247e-01
6.0816376349e-01 -3.6899792347e-01
6.1782802494e-01 -3.7532793365e-01
6.2744529124e-01 -3.8158979008e-01
6.3707054166e-01 -3.8779091111e-01
6.4670434961e-01 -3.9392611450e-01
6.5635057854e-01 -4.0001882373e-01
6.6595737787e-01 -4.0605188271e-01
6.7553147032e-01 -4.1198275585e-01
6.8512210129e-01 -4.1785673473e-01
6.9469685106e-01 -4.2365670466e-01
7.0423052921e-01 -4.2941283590e-01
7.1377093803e-01 -4.3514361813e-01
7.2332730303e-01 -4.4081684406e-01
7.3287068872e-01 -4.4641670549e-01
7.4248185328e-01 -4.5199241219e-01
7.5200418940e-01 -4.5747242244e-01
7.6155728122e-01 -4.6291431051e-01
7.7113322055e-01 -4.6831508747e-01
7.8070560720e-01 -4.7365951084e-01
7.9028469378e-01 -4.7896521699e-01
7.9990480394e-01 -4.8425608736e-01
8.0951473836e-01 -4.8947678695e-01
8.1913587950e-01 -4.9465436640e-01
8.2876414488e-01 -4.9978673736e-01
8.3839587687e-01 -5.0489188360e-01
8.4807156178e-01 -5.0996195739e-01
8.5778979362e-01 -5.1499647868e-01
8.6752969858e-01 -5.2000132657e-01
8.7729478751e-01 -5.2493100632e-01
8.8709210050e-01 -5.2984898892e-01
8.9689926840e-01 -5.3471988251e-01
9.0671200049e-01 -5.3954089824e-01
9.1654586036e-01 -5.4434189455e-01
9.2643693950e-01 -5.4912024360e-01
9.3638349328e-01 -5.5387089893e-01
9.4636485843e-01 -5.5860158249e-01
9.5635527972e-01 -5.6329849468e-01
9.6636301861e-01 -5.6790604951e-01
9.7643575511e-01 -5.7249882007e-01
9.8656841562e-01 -5.7707465750e-01
9.9674442326e-01 -5.8162212412e-01
1.0069248517e+00 -5.8611474355e-01
1.0171795616e+00 -5.9062040531e-01
1.0274929835e+00 -5.9508590729e-01
1.0378277059e+00 -5.9949706565e-01
1.0482084601e+00 -6.0388419561e-01
1.0586300126e+00 -6.0824521583e-01
1.0690906513e+00 -6.1258231334e-01
1.0796205444e+00 -6.1690030879e-01
1.0902242965e+00 -6.2118853506e-01
1.1008833421e+00 -6.2545765823e-01
1.1115652488e+00 -6.2968060071e-01
1.1223043782e+00 -6.3385571506e-01
1.1331260157e+00 -6.3801192035e-01
1.1440104319e+00 -6.4213415900e-01
1.1549312874e+00 -6.4621687343e-01
1.1659433614e+00 -6.5033386342e-01
1.1770003529e+00 -6.5438551878e-01
1.1881115053e+00 -6.5840018485e-01
1.1992707659e+00 -6.6237579191e-01
1.2104676061e+00 -6.6632489789e-01
1.2217581828e+00 -6.7025468102e-01
1.2331418670e+00 -6.7416224733e-01
1.2446122327e+00 -6.7804558817e-01
1.2561699059e+00 -6.8190000507e-01
1.2677646878e+00 -6.8572756632e-01
1.2794227432e+00 -6.8951117662e-01
1.2911492444e+00 -6.9326307713e-01
1.3029375996e+00 -6.9698132692e-01
1.3147811700e+00 -7.0066395971e-01
1.3267384916e+00 -7.0435931012e-01
1.3387926503e+00 -7.0801194749e-01
1.3508996925e+00 -7.1161208609e-01
1.3630739341e+00 -7.1518217607e-01
1.3753008254e+00 -7.1871931235e-01
1.3876095953e+00 -7.2222670196e-01
1.4000279669e+00 -7.2570713541e-01
1.4125484558e+00 -7.2915874207e-01
1.4251633123e+00 -7.3257503387e-01
1.4378602156e+00 -7.3595293070e-01
1.4506225238e+00 -7.3929092349e-01
1.4634426855e+00 -7.4258721850e-01
1.4763140802e+00 -7.4584183249e-01
1.4892848295e+00 -7.4908337846e-01
1.5023698347e+00 -7.5228772335e-01
1.5155690781e+00 -7.5546495889e-01
1.5288470638e+00 -7.5862769139e-01
1.5421644106e+00 -7.6173221162e-01
1.5555677332e+00 -7.6475355419e-01
1.5690926427e+00 -7.6774249304e-01
1.5827304036e+00 -7.7069732691e-01
1.5964519928e+00 -7.7359993234e-01
1.6102681072e+00 -7.7650160201e-01
1.6241578709e+00 -7.7934467374e-01
1.6381323035e+00 -7.8213292828e-01
1.6521826759e+00 -7.8486482431e-01
1.6662884313e+00 -7.8755038628e-01
1.6804782171e+00 -7.9021200699e-01
1.6947983683e+00 -7.9282631805e-01
1.7092396539e+00 -7.9539201518e-01
1.7237927745e+00 -7.9790776059e-01
1.7384866879e+00 -8.0037748282e-01
1.7531831691e+00 -8.0279171089e-01
1.7679806150e+00 -8.0515640139e-01
1.7828713226e+00 -8.0746925088e-01
1.7978310623e+00 -8.0972443191e-01
1.8128498959e+00 -8.1192045220e-01
1.8280280008e+00 -8.1409476192e-01
1.8432852648e+00 -8.1615856427e-01
1.8586548793e+00 -8.1817843188e-01
1.8740856920e+00 -8.2012996103e-01
1.8895678261e+00 -8.2201209368e-01
1.9052208110e+00 -8.2390028897e-01
1.9209478343e+00 -8.2569048329e-01
1.9367294452e+00 -8.2739827132e-01
1.9525844099e+00 -8.2904366861e-01
1.9685118893e+00 -8.3063461839e-01
1.9845524605e+00 -8.3216450855e-01
2.0006995805e+00 -8.3361287335e-01
2.0169422450e+00 -8.3499184564e-01
2.0332641724e+00 -8.3631788168e-01
2.0495898508e+00 -8.3752507844e-01
2.0660500536e+00 -8.3866408296e-01
2.0826384818e+00 -8.3973755267e-01
2.0992914593e+00 -8.4071389961e-01
2.1159940973e+00 -8.4161771853e-01
2.1328981200e+00 -8.4252771869e-01
2.1497399500e+00 -8.4326180579e-01
2.1666635020e+00 -8.4392487877e-01
2.1836571341e+00 -8.4451669855e-01
2.2007090988e+00 -8.4503697916e-01
2.2178774815e+00 -8.4549812840e-01
2.2351464626e+00 -8.4584988001e-01
2.2524724684e+00 -8.4607843606e-01
2.2698490843e+00 -8.4622050550e-01
2.2872836402e+00 -8.4629453602e-01
2.3047577454e+00 -8.4628491172e-01
2.3222969041e+00 -8.4615669491e-01
2.3398999154e+00 -8.4590987787e-01
2.3575797674e+00 -8.4555402361e-01
2.3753786075e+00 -8.4513831348e-01
2.3931381298e+00 -8.4461142682e-01
2.4109495233e+00 -8.4396597373e-01
2.4288294747e+00 -8.4321065898e-01
2.4467650061e+00 -8.4234619803e-01
2.4647759251e+00 -8.4138114042e-01
2.4827792504e+00 -8.4027382059e-01
2.5008470212e+00 -8.3907057931e-01
2.5189287912e+00 -8.3776105717e-01
2.5370119814e+00 -8.3634623350e-01
2.5551287771e+00 -8.3483795806e-01
2.5734021337e+00 -8.3322209625e-01
2.5915822813e+00 -8.3142564157e-01
2.6097651275e+00 -8.2951442706e-01
2.6279928986e+00 -8.2750552191e-01
2.6462521348e+00 -8.2540036421e-01
2.6645866115e+00 -8.2317684154e-01
2.6829201237e+00 -8.2078166464e-01
2.7011501010e+00 -8.1823486619e-01
2.7193918593e+00 -8.1557995376e-01
2.7376621326e+00 -8.1282015854e-01
2.7559472322e+00 -8.0995740850e-01
2.7743112827e+00 -8.0693883555e-01
2.7926085334e+00 -8.0373952261e-01
2.8108086795e+00 -8.0039817028e-01
2.8290147460e+00 -7.9695102587e-01
2.8472129281e+00 -7.9340043753e-01
2.8654207334e+00 -7.8972945269e-01
2.8835871928e+00 -7.8587867451e-01
2.9016778816e+00 -7.8184601181e-01
2.9197349743e+00 -7.7767616389e-01
2.9377907767e+00 -7.7340621293e-01
2.9557933889e+00 -7.6902035443e-01
2.9737127856e+00 -7.6445994088e-01
2.9915509471e+00 -7.5972353386e-01
3.0093333771e+00 -7.5481443930e-01
3.0271574145e+00 -7.4978621332e-01
3.0448497162e+00 -7.4464960928e-01
3.0624213869e+00 -7.3934404719e-01
3.0799111089e+00 -7.3386750703e-01
3.0973053319e+00 -7.2822386277e-01
3.1146664208e+00 -7.2241383006e-01
3.1319661986e+00 -7.1649164035e-01
3.1490988669e+00 -7.1041811077e-01
3.1661361830e+00 -7.0417787552e-01
3.1830645961e+00 -6.9777541447e-01
3.1998703185e+00 -6.9121513996e-01
3.2165656308e+00 -6.8449283298e-01
3.2331528965e+00 -6.7761298579e-01
3.2495984721e+00 -6.7059094942e-01
3.2658901611e+00 -6.6343126891e-01
3.2820155243e+00 -6.5613843148e-01
3.2980549689e+00 -6.4868433274e-01
3.3140423360e+00 -6.4100055209e-01
3.3297253328e+00 -6.3323243200e-01
3.3452720874e+00 -6.2530815134e-01
3.3606706103e+00 -6.1723297790e-01
3.3759086522e+00 -6.0901212378e-01
3.3909891861e+00 -6.0063552595e-01
3.4059017817e+00 -5.9204440139e-01
3.4205827502e+00 -5.8334794360e-01
3.4350855074e+00 -5.7449609380e-01
3.4493985760e+00 -5.6549450014e-01
3.4635102016e+00 -5.5634875824e-01
3.4774364058e+00 -5.4702253909e-01
3.4911115061e+00 -5.3757332500e-01
3.5045758174e+00 -5.2796843699e-01
3.5178186361e+00 -5.1821398792e-01
3.5308289661e+00 -5.0831604309e-01
3.5436097455e+00 -4.9826366583e-01
3.5561443856e+00 -4.8808160716e-01
3.5684302670e+00 -4.7777638268e-01
3.5804820023e+00 -4.6731647348e-01
3.5922893869e+00 -4.5670844903e-01
3.6038419063e+00 -4.4595883692e-01
3.6151277050e+00 -4.3507665341e-01
3.6261445940e+00 -4.2406095765e-01
3.6368836538e+00 -4.1291190539e-01
3.6473352134e+00 -4.0163747388e-01
3.6574892555e+00 -3.9024560404e-01
3.6673421216e+00 -3.7872354068e-01
3.6769738087e+00 -3.6704383526e-01
3.6862896226e+00 -3.5528362580e-01
3.6952821645e+00 -3.4340674163e-01
3.7039426598e+00 -3.3142152257e-01
3.7122619709e+00 -3.1933628194e-01
3.7202902199e+00 -3.0699342068e-01
3.7280850735e+00 -2.9467103587e-01
3.7355167531e+00 -2.8224234530e-01
3.7425777923e+00 -2.6971587877e-01
3.7492603507e+00 -2.5710015055e-01
3.7555677728e+00 -2.4429938704e-01
3.7616754890e+00 -2.3139343811e-01
3.7674734116e+00 -2.1847960048e-01
3.7728570768e+00 -2.0548082368e-01
3.7778200241e+00 -1.9240579379e-01
3.7823580106e+00 -1.7922568286e-01
3.7866153833e+00 -1.6592596762e-01
3.7906367887e+00 -1.5255816497e-01
3.7942666067e+00 -1.3913122330e-01
3.7974259220e+00 -1.2564597831e-01
3.8001474385e+00 -1.1212348342e-01
3.8025601548e+00 -9.8545167440e-02
3.8046526281e+00 -8.4888209825e-02
3.8064200139e+00 -7.1162289192e-02
3.8077487344e+00 -5.7328060053e-02
3.8085804936e+00 -4.3485179821e-02
3.8090724404e+00 -2.9667746934e-02
3.8092170815e+00 -1.5793155541e-02
3.8090111311e+00 -1.8710267879e-03
3.8084509067e+00 1.2088986516e-02
3.8073787963e+00 2.6169422940e-02
3.8059268906e+00 4.0152628934e-02
3.8041011671e+00 5.4162502496e-02
3.8018850726e+00 6.8207524922e-02
3.7992764534e+00 8.2278202734e-02
3.7962779346e+00 9.6357926788e-02
3.7929215049e+00 1.1043109753e-01
3.7891281940e+00 1.2448906511e-01
3.7848976809e+00 1.3852139907e-01
3.7802292237e+00 1.5251759889e-01
3.7751264595e+00 1.6655731522e-01
3.7697337452e+00 1.8060483507e-01
3.7639299576e+00 1.9454773719e-01
3.7576874593e+00 2.0846690545e-01
3.7510069578e+00 2.2235169537e-01
3.7439354040e+00 2.3628513085e-01
3.7365374409e+00 2.5007808807e-01
3.7287057297e+00 2.6382493156e-01
3.7204442293e+00 2.7754114811e-01
3.7117529668e+00 2.9129135162e-01
3.7026451096e+00 3.0494494506e-01
3.6931300975e+00 3.1847042712e-01
3.6833375366e+00 3.3196155051e-01
3.6731188587e+00 3.4533390168e-01
3.6624773695e+00 3.5857711187e-01
3.6515360769e+00 3.7173475316e-01
3.6401944692e+00 3.8486623880e-01
3.6284555468e+00 3.9796137500e-01
3.6163237853e+00 4.1100973530e-01
3.6037993239e+00 4.2392873067e-01
3.5909000495e+00 4.3672148208e-01
3.5776480852e+00 4.4938548423e-01
3.5640507136e+00 4.6190960027e-01
3.5501148328e+00 4.7428253712e-01
3.5356098521e+00 4.8658062965e-01
3.5208567990e+00 4.9882695257e-01
3.5058911975e+00 5.1091869590e-01
3.4905336192e+00 5.2282315622e-01
3.4747919543e+00 5.3452984670e-01
3.4587411201e+00 5.4606406985e-01
3.4423643332e+00 5.5751301806e-01
3.4256378825e+00 5.6887156963e-01
3.4085711943e+00 5.8012943197e-01
3.3910848313e+00 5.9124298599e-01
3.3734133914e+00 6.0216295856e-01
3.3553592722e+00 6.1290910245e-01
3.3370402017e+00 6.2347535830e-01
3.3184684169e+00 6.3385093658e-01
3.2995663714e+00 6.4402808151e-01
3.2803168428e+00 6.5406673390e-01
3.2608375414e+00 6.6396767716e-01
3.2410814107e+00 6.7365071395e-01
3.2210567189e+00 6.8310001466e-01
3.2008541083e+00 6.9240114362e-01
3.1803240855e+00 7.0154455342e-01
3.1594798535e+00 7.1052092308e-01
3.1383781811e+00 7.1933552290e-01
3.1170212869e+00 7.2789520540e-01
3.0954706998e+00 7.3627322861e-01
3.0737241643e+00 7.4443374543e-01
3.0517972328e+00 7.5236728252e-01
3.0297066377e+00 7.6010542011e-01
3.0073276393e+00 7.6765895713e-01
2.9846483208e+00 7.7501002161e-01
2.9618345990e+00 7.8219158278e-01
2.9389617556e+00 7.8915734489e-01
2.9158753806e+00 7.9585626867e-01
2.8925549960e+00 8.0234897880e-01
2.8690182804e+00 8.0862693816e-01
2.8452971365e+00 8.1475659324e-01
2.8214531151e+00 8.2055535387e-01
2.7974818399e+00 8.2620179649e-01
2.7734098216e+00 8.3160976479e-01
2.7492561625e+00 8.3677117870e-01
2.7249918593e+00 8.4175363071e-01
2.7004407211e+00 8.4658816644e-01
2.6757755286e+00 8.5111354073e-01
2.6511032925e+00 8.5543852881e-01
2.6264204123e+00 8.5958315761e-01
2.6017056353e+00 8.6353941938e-01
2.5767950452e+00 8.6724623269e-01
2.5517128135e+00 8.7067311487e-01
2.5265488166e+00 8.7386788240e-01
2.5013972816e+00 8.7690335995e-01
2.4762647415e+00 8.7976680350e-01
2.4510546817e+00 8.8237824423e-01
2.4257677035e+00 8.8471198719e-01
2.4004337683e+00 8.8679690845e-01
2.3750865414e+00 8.8871981616e-01
2.3497487683e+00 8.9047929541e-01
2.3243717861e+00 8.9200084449e-01
2.2989704705e+00 8.9323676097e-01
2.2736269413e+00 8.9437654588e-01
2.2481783941e+00 8.9526785907e-01
2.2227439284e+00 8.9594286590e-01
2.1974294689e+00 8.9643338350e-01
2.1722093901e+00 8.9669730272e-01
2.1469679683e+00 8.9675247399e-01
2.1217229383e+00 8.9661499515e-01
2.0964806365e+00 8.9624527956e-01
2.0712876080e+00 8.9559183135e-01
2.0460305944e+00 8.9494241587e-01
2.0209192009e+00 8.9400489026e-01
1.9959231597e+00 8.9288278121e-01
1.9710642833e+00 8.9157592471e-01
1.9463375962e+00 8.9010609572e-01
1.9216062636e+00 8.8846685210e-01
1.8968843571e+00 8.8660507427e-01
1.8722021508e+00 8.8453268128e-01
1.8476765290e+00 8.8230512696e-01
1.8232297026e+00 8.7987528198e-01
1.7989033010e+00 8.7730480228e-01
1.7747416726e+00 8.7454804650e-01
1.7507480145e+00 8.7161021950e-01
1.7268299840e+00 8.6853305519e-01
1.7030164219e+00 8.6532180763e-01
1.6793005992e+00 8.6196614535e-01
1.6555997671e+00 8.5837027926e-01
1.6322083999e+00 8.5467226566e-01
1.6089074699e+00 8.5082586722e-01
1.5857232035e+00 8.4683208523e-01
1.5626818973e+00 8.4269176128e-01
1.5397491896e+00 8.3837719126e-01
1.5169432913e+00 8.3393655054e-01
1.4943113906e+00 8.2935397764e-01
1.4718716592e+00 8.2463874477e-01
1.4496513765e+00 8.1979293164e-01
1.4276320038e+00 8.1485959534e-01
1.4056778396e+00 8.0982536224e-01
1.3838260834e+00 8.0461162912e-01
1.3621395474e+00 7.9926891965e-01
1.3407062869e+00 7.9381960115e-01
1.3192901816e+00 7.8815979251e-01
1.2982455315e+00 7.8253577715e-01
1.2773304026e+00 7.7676577528e-01
1.2565717640e+00 7.7085416581e-01
1.2359967270e+00 7.6480520873e-01
1.2155895505e+00 7.5864545784e-01
1.1953446071e+00 7.5244833600e-01
1.1752636104e+00 7.4614237123e-01
1.1553894567e+00 7.3973677026e-01
1.1357479649e+00 7.3323633650e-01
1.1162010933e+00 7.2667761430e-01
1.0968199002e+00 7.1999872846e-01
1.0776659915e+00 7.1324804447e-01
1.0587639733e+00 7.0644170096e-01
1.0400353298e+00 6.9954984788e-01
1.0214642155e+00 6.9254751291e-01
1.0030759157e+00 6.8544088916e-01
9.8473367216e-01 6.7828044055e-01
9.6666390134e-01 6.7112209056e-01
9.4883013969e-01 6.6385399879e-01
9.3121656968e-01 6.5646187992e-01
9.1368423328e-01 6.4897901780e-01
8.9636135141e-01 6.4153070912e-01
8.7926144587e-01 6.3403226119e-01
8.6234754874e-01 6.2642612834e-01
8.4562310482e-01 6.1871115964e-01
8.2898945389e-01 6.1092810317e-01
8.1255279725e-01 6.0317603672e-01
7.9633746306e-01 5.9538014289e-01
7.8031146381e-01 5.8749331345e-01
7.6447679001e-01 5.7951256986e-01
7.4873856514e-01 5.7146882667e-01
7.3317357851e-01 5.6344902895e-01
7.1781865245e-01 5.5539031021e-01
7.0265018511e-01 5.4724687295e-01
6.8766818680e-01 5.3901730491e-01
6.7278993978e-01 5.3074142973e-01
6.5805823479e-01 5.2247932911e-01
6.4352026554e-01 5.1417915458e-01
6.2916765430e-01 5.0579651916e-01
6.1499912282e-01 4.9733610043e-01
6.0093847267e-01 4.8884492683e-01
5.8700298353e-01 4.8035558559e-01
5.7323547551e-01 4.7182018099e-01
5.5964893913e-01 4.6319691743e-01
5.4623929351e-01 4.5451119592e-01
5.3293362924e-01 4.4580903538e-01
5.1974097411e-01 4.3710070606e-01
5.0666392742e-01 4.2830933978e-01
4.9378388082e-01 4.1942794284e-01
4.8111150406e-01 4.1052680269e-01
4.6853091110e-01 4.0161264227e-01
4.5604793411e-01 3.9268711248e-01
4.4365058113e-01 3.8372268671e-01
4.3135191767e-01 3.7461646131e-01
4.1924243586e-01 3.6542588912e-01
4.0729029811e-01 3.5624032392e-01
3.9542280882e-01 3.4702927674e-01
3.8365795627e-01 3.3780513774e-01
3.7195147681e-01 3.2847565636e-01
3.6037006865e-01 3.1902025598e-01
3.4894603252e-01 3.0952719978e-01
3.3760935184e-01 3.0001546944e-01
3.2637257853e-01 2.9049512246e-01
3.1521785037e-01 2.8089498680e-01
3.0416543911e-01 2.7117226526e-01
2.9320069923e-01 2.6135174680e-01
2.8230276814e-01 2.5150556518e-01
2.7151588306e-01 2.4165170082e-01
2.6082586912e-01 2.3170486343e-01
2.5023006916e-01 2.2165489903e-01
2.3963725525e-01 2.1149210707e-01
2.2916470240e-01 2.0134216783e-01
2.1878432522e-01 1.9111581121e-01
2.0848190599e-01 1.8080197169e-01
1.9817952463e-01 1.7038840669e-01
1.8800732607e-01 1.5992791013e-01
1.7791548498e-01 1.4940562263e-01
1.6788268911e-01 1.3888073022e-01
1.5790790731e-01 1.2833449220e-01
1.4793472379e-01 1.1764133297e-01
1.3810444662e-01 1.0708396096e-01
1.2830475969e-01 9.6538226839e-02
1.1854859655e-01 8.6015688191e-02
1.0886927830e-01 7.5530972263e-02
9.9263075968e-02 6.5275703049e-02
