-6.5836480825e-06 4.4739334751e-10
2.5406744417e-01 -2.8426483816e-07
5.0255213199e-01 -2.9900927795e-07
7.4545735732e-01 -1.2325120871e-07
9.8282279080e-01 1.2427550194e-07
1.2146548567e+00 5.0422988874e-07
1.4409811721e+00 7.4336091918e-07
1.6618165746e+00 7.0066063174e-07
1.8771972189e+00 8.5707377504e-07
2.0871221459e+00 1.2739785642e-06
2.2916276189e+00 1.6585962705e-06
2.4907308197e+00 1.9925988674e-06
2.6844384071e+00 2.2785773765e-06
2.8727919091e+00 2.4411152035e-06
3.0557974893e+00 2.4448184724e-06
3.2334731684e+00 2.5142563594e-06
3.4058474118e+00 3.0655372036e-06
3.5729244477e+00 4.0547428274e-06
3.7347360735e+00 4.8228589964e-06
3.8912909643e+00 5.1970363730e-06
4.0426109290e+00 5.1940597959e-06
4.1887142835e+00 5.5140017927e-06
4.3296006889e+00 6.1191121015e-06
4.4653249939e+00 6.8019265767e-06
4.5958754727e+00 7.2194828810e-06
4.7212616686e+00 7.3091866319e-06
4.8415210081e+00 7.4415736524e-06
4.9566514205e+00 7.7926508991e-06
5.0666630338e+00 7.7937820709e-06
5.1715847590e+00 7.5567292802e-06
5.2714201650e+00 6.9567897123e-06
5.3661906789e+00 6.2687901747e-06
5.4559007755e+00 5.5085699118e-06
5.5405531329e+00 5.1665485939e-06
5.6201757299e+00 4.9353081884e-06
5.6947694928e+00 4.8141782031e-06
5.7643483495e+00 4.2361899693e-06
5.8288949594e+00 3.9817118712e-06
5.8884427814e+00 4.2647798461e-06
5.9430105170e+00 5.9496938006e-06
5.9925953987e+00 8.5085071478e-06
6.0372296773e+00 8.7172917379e-06
6.0769101840e+00 6.1880892478e-06
6.1115880786e+00 1.7008041644e-06
6.1412873862e+00 -1.5231594465e-06
6.1660364793e+00 -1.9091701820e-06
6.1858403723e+00 -2.3267751713e-06
6.2006951577e+00 -4.4359248584e-06
6.2105852065e+00 -5.6853250357e-06
6.2155486913e+00 -4.8879894870e-06
6.2155503857e+00 -3.1127980578e-06
6.2106022354e+00 -1.0282101097e-06
6.2007023921e+00 -3.0176874040e-06
6.1858533144e+00 -7.2814550106e-06
6.1660480791e+00 -9.6387168499e-06
6.1412964430e+00 -1.0087347951e-05
6.1115832605e+00 -9.8825620731e-06
6.0769043659e+00 -1.0041894755e-05
6.0372645021e+00 -1.0253110389e-05
5.9926527567e+00 -1.0265847696e-05
5.9430534379e+00 -1.0468275350e-05
5.8884824175e+00 -1.0367972456e-05
5.8289085304e+00 -1.0448681769e-05
5.7643320026e+00 -1.0328740095e-05
5.6947533987e+00 -1.0380010075e-05
5.6201543663e+00 -1.0777934675e-05
5.5405406472e+00 -1.1178215290e-05
5.4558771932e+00 -1.1579098000e-05
5.3661615150e+00 -1.1818606071e-05
5.2714060047e+00 -1.2038085241e-05
5.1715609951e+00 -1.1881699532e-05
5.0666391073e+00 -1.0725731571e-05
4.9566295571e+00 -9.8915041922e-06
4.8414932960e+00 -1.0083317134e-05
4.7212390148e+00 -1.0121334252e-05
4.5958467666e+00 -9.3458368908e-06
4.4653079840e+00 -8.3970158775e-06
4.3295879075e+00 -7.2807508787e-06
4.1886869964e+00 -6.1770829993e-06
4.0425933097e+00 -5.0006620377e-06
3.8912649122e+00 -4.5987175086e-06
3.7347069314e+00 -5.0018015420e-06
3.5728984957e+00 -4.8983322863e-06
3.4058098657e+00 -3.9312771466e-06
3.2334466337e+00 -2.5174360536e-06
3.0557669105e+00 -2.0306217905e-06
2.8727702125e+00 -2.5452861415e-06
2.6844217249e+00 -3.2144783728e-06
2.4907041163e+00 -3.2023070675e-06
2.2916120545e+00 -2.2058400170e-06
2.0871057073e+00 -1.3299385285e-06
1.8771756413e+00 -1.0977896136e-06
1.6618064360e+00 -1.0746730924e-06
1.4409636560e+00 -9.9634951370e-07
1.2146444705e+00 -7.2735285024e-07
9.8281225013e-01 -2.9670353377e-07
7.4544985929e-01 1.9550726699e-08
5.0254831980e-01 -4.7726689324e-08
2.5406671516e-01 -1.5173263458e-07
-2.0898648565e-07 -1.0292170918e-08
