-3.2152986804e-03 -6.9478210059e-03
-2.5895368282e-03 -6.6176085362e-03
2.1853971413e-03 -8.4534217180e-04
2.9591622447e-03 -1.0514621081e-02
8.8955470375e-03 7.8381513245e-03
1.2499610441e-02 -3.0448741219e-02
1.6967118762e-02 1.8687278134e-02
2.5992270863e-02 3.2810813363e-02
2.9951022131e-02 -6.0034079730e-02
4.1757659282e-02 5.7166740248e-02
5.1735831459e-02 -9.6371834499e-02
6.6701211626e-02 8.8551305455e-02
7.6409425572e-02 -1.3749950120e-01
9.9714680871e-02 1.2679812671e-01
1.0702151906e-01 -1.9039068283e-01
1.3535318369e-01 1.6832137772e-01
1.5768954953e-01 -2.6685663636e-01
1.7286617976e-01 2.1229852515e-01
2.2382645054e-01 2.6489039336e-01
2.2426510936e-01 -3.5178021847e-01
2.8710021232e-01 3.2159572496e-01
3.0192877676e-01 -4.4591103331e-01
3.6107430794e-01 3.8155367459e-01
3.8406929654e-01 -5.4442771391e-01
4.4569305722e-01 4.4814068075e-01
4.7045822117e-01 -6.4692337377e-01
5.3540460996e-01 5.2085157908e-01
5.8512149867e-01 -7.6561914108e-01
6.3232901534e-01 5.9179500248e-01
7.1626824592e-01 -8.8433814302e-01
7.4410375047e-01 6.6183308945e-01
8.6168837752e-01 -1.0021037044e+00
8.6829855021e-01 7.3101662695e-01
1.0028560405e+00 7.9869151069e-01
1.0243396282e+00 -1.1295339074e+00
1.1461379742e+00 8.6469987383e-01
1.1937570289e+00 -1.2630073879e+00
1.3024934219e+00 9.4152827532e-01
1.3712216442e+00 -1.3917507946e+00
1.4609109715e+00 1.0064230729e+00
1.5646535182e+00 -1.5129034592e+00
1.6316936468e+00 1.0655473686e+00
1.7692366083e+00 -1.6266770160e+00
1.8126095523e+00 1.1188464933e+00
1.9826496217e+00 -1.7326856571e+00
2.0013367204e+00 1.1661658561e+00
2.1954740658e+00 1.2072515058e+00
2.2024435837e+00 -1.8303234599e+00
2.3974422568e+00 1.2451206332e+00
2.4385743850e+00 -1.9318196427e+00
2.6031177548e+00 1.2764163415e+00
2.6725371821e+00 -2.0222256422e+00
2.8139105057e+00 1.2951095983e+00
2.9088984368e+00 -2.0967846851e+00
3.0320814115e+00 1.3064275271e+00
3.1498072235e+00 -2.1594504726e+00
3.2513759280e+00 1.3084542474e+00
3.3933051006e+00 -2.2105571366e+00
3.4703521534e+00 1.3017458122e+00
3.6363332612e+00 -2.2505411746e+00
3.6874554913e+00 1.2868221095e+00
3.8769895468e+00 -2.2789651034e+00
3.9133063263e+00 1.2628450483e+00
4.1093147767e+00 -2.2961847439e+00
4.1297888034e+00 1.2265764912e+00
4.3385030176e+00 -2.3003550416e+00
4.3398899096e+00 1.1801604014e+00
4.5482976012e+00 1.1244998209e+00
4.5636150694e+00 -2.2920525575e+00
4.7536756242e+00 1.0605387024e+00
4.7835368978e+00 -2.2717703986e+00
4.9545454322e+00 9.8918996752e-01
4.9969843281e+00 -2.2399157687e+00
5.1539835405e+00 9.0407336769e-01
5.2012680599e+00 -2.1935779247e+00
5.3343155096e+00 8.1048147569e-01
5.3973562980e+00 -2.1365287117e+00
5.4986470634e+00 7.1095552772e-01
5.5670433229e+00 -2.0642074681e+00
5.6565669750e+00 6.0294169187e-01
5.7274735402e+00 -1.9823550960e+00
5.8072463694e+00 4.8767668130e-01
5.8781645287e+00 -1.8921289843e+00
5.9496929627e+00 3.6638647353e-01
6.0184246919e+00 -1.7946195129e+00
6.0822640436e+00 2.3965401176e-01
6.1464130648e+00 -1.6880053651e+00
6.1929652178e+00 1.0226123282e-01
6.2537323130e+00 -1.5699099767e+00
6.2973004726e+00 -3.3840129006e-02
6.3372362346e+00 -1.4442719827e+00
6.3706878257e+00 -1.7526686446e-01
6.4035218156e+00 -1.3146898891e+00
6.4306537218e+00 -3.1914592942e-01
6.4583547609e+00 -1.1808067309e+00
6.4778569220e+00 -4.6411788589e-01
6.5015532094e+00 -1.0439463284e+00
6.5120375251e+00 -6.0881990473e-01
6.5299083494e+00 -9.0338486769e-01
6.5321720480e+00 -7.5622279074e-01
