1.9507669425e+02
1.9525692855e+02
1.9543334346e+02
1.9560078189e+02
1.9576353021e+02
1.9592131675e+02
1.9607171699e+02
1.9621660111e+02
1.9635310964e+02
1.9648800457e+02
1.9661292824e+02
1.9673486793e+02
1.9684740336e+02
1.9695614909e+02
1.9706327156e+02
1.9715816842e+02
1.9725205890e+02
1.9733768405e+02
1.9741945693e+02
1.9749910446e+02
1.9756719234e+02
1.9763388600e+02
1.9769261078e+02
1.9774957749e+02
1.9780139503e+02
1.9784681168e+02
1.9788878251e+02
1.9792237525e+02
1.9795531216e+02
1.9798344961e+02
1.9800298381e+02
1.9801914259e+02
1.9803299667e+02
1.9804331339e+02
1.9804538850e+02
1.9804638247e+02
1.9803886767e+02
1.9802628505e+02
1.9801471516e+02
1.9799581547e+02
1.9797142186e+02
1.9794342804e+02
1.9791012030e+02
1.9787474972e+02
1.9783344772e+02
1.9778437335e+02
1.9773875347e+02
1.9768438468e+02
1.9762237909e+02
1.9756221403e+02
1.9749445539e+02
1.9742065253e+02
1.9734416013e+02
1.9726368440e+02
1.9717616949e+02
1.9708823862e+02
1.9699300248e+02
1.9689043943e+02
1.9678955204e+02
1.9667899224e+02
1.9656411459e+02
1.9644724827e+02
1.9632542113e+02
1.9619385783e+02
1.9606448498e+02
1.9592664832e+02
1.9578385788e+02
1.9563743075e+02
1.9548727598e+02
1.9533038397e+02
1.9516679374e+02
1.9500641979e+02
1.9483093720e+02
1.9465575681e+02
1.9448177969e+02
1.9429529365e+02
1.9411129751e+02
1.9391680003e+02
1.9372689246e+02
1.9352375322e+02
1.9332524927e+02
1.9312535905e+02
1.9291395038e+02
1.9271858959e+02
1.9249939649e+02
1.9229518381e+02
1.9209052848e+02
1.9187941946e+02
1.9168961085e+02
1.9148218506e+02
1.9128966568e+02
1.9111458404e+02
1.9094573864e+02
1.9078936117e+02
1.9065496351e+02
1.9054832505e+02
1.9047743593e+02
1.9052680424e+02
1.9085436625e+02
1.9187783857e+02
