4.2950899261e+02
4.2933382889e+02
4.2915866518e+02
4.2898513724e+02
4.2882421172e+02
4.2866328621e+02
4.2851941219e+02
4.2838499029e+02
4.2825000236e+02
4.2813076165e+02
4.2801096056e+02
4.2790502744e+02
4.2781326049e+02
4.2771542304e+02
4.2764215076e+02
4.2756476309e+02
4.2750045597e+02
4.2744903510e+02
4.2739230354e+02
4.2736350571e+02
4.2733321264e+02
4.2731208767e+02
4.2730052233e+02
4.2728848722e+02
4.2730422087e+02
4.2731995452e+02
4.2734354216e+02
4.2737488632e+02
4.2740814180e+02
4.2746683862e+02
4.2752533597e+02
4.2759731849e+02
4.2767146836e+02
4.2774973202e+02
4.2785009731e+02
4.2794933803e+02
4.2806738769e+02
4.2818273148e+02
4.2830879626e+02
4.2844818102e+02
4.2859394863e+02
4.2874413304e+02
4.2890135139e+02
4.2907040206e+02
4.2924355081e+02
4.2943625254e+02
4.2961924321e+02
4.2981455106e+02
4.3001847265e+02
4.3022887781e+02
4.3045235244e+02
4.3067169817e+02
4.3090118681e+02
4.3113343204e+02
4.3137588385e+02
4.3162395960e+02
4.3187713054e+02
4.3212996989e+02
4.3238806668e+02
4.3265304417e+02
4.3292922239e+02
4.3320016395e+02
4.3346941372e+02
4.3374753760e+02
4.3403164211e+02
4.3432777558e+02
4.3460694753e+02
4.3488902401e+02
4.3517799483e+02
4.3547724059e+02
4.3577644244e+02
4.3605893544e+02
4.3634487381e+02
4.3664617224e+02
4.3695042199e+02
4.3723685407e+02
4.3751384578e+02
4.3780763362e+02
4.3810580808e+02
4.3840131174e+02
4.3866608203e+02
4.3893827466e+02
4.3922760160e+02
4.3951244945e+02
4.3977155610e+02
4.4000979148e+02
4.4028433514e+02
4.4055281307e+02
4.4077995467e+02
4.4098805157e+02
4.4122067268e+02
4.4146838925e+02
4.4166372959e+02
4.4180211596e+02
4.4191119918e+02
4.4218750900e+02
4.4232195172e+02
4.4216585113e+02
4.4162456462e+02
4.4108327811e+02
