1.1161368254e-04 8.7032403850e-06
9.8046734298e-04 -1.0041735029e-05
1.0691317430e-03 3.1446575766e-05
1.5047801263e-03 -5.1021445671e-07
1.5331701887e-03 1.2152653947e-05
1.5479061072e-03 2.3826130111e-05
1.5193091406e-03 -2.3414631719e-05
1.1046991743e-03 2.9285045185e-05
1.0196893857e-03 -2.8186768705e-05
1.5936351278e-04 1.0167810381e-05
6.6566670936e-05 1.7129298533e-06
9.4650064615e-04 1.2576016285e-05
1.0237531845e-03 -3.9150283456e-06
1.4931542529e-03 2.5959393722e-05
1.5089558281e-03 -2.0312954814e-05
1.5557491126e-03 3.9602009010e-05
1.5372999837e-03 -3.8994771372e-05
1.1294586119e-03 3.7499990861e-05
1.0624230209e-03 -3.4877014915e-05
2.0293683566e-04 1.3919062156e-05
5.4004050834e-05 -3.7018857830e-07
9.1887988383e-04 2.1905547488e-05
1.0053744311e-03 -1.5024538185e-05
1.4865720642e-03 4.2846427033e-05
1.5057615835e-03 -3.7894535831e-05
1.5609686763e-03 7.0422891214e-05
1.5222881246e-03 -6.0278965612e-05
1.1545641042e-03 7.6564331193e-05
1.0634510086e-03 -5.3642129460e-05
2.5255514267e-04 2.7880526792e-05
1.1178224152e-04 -6.9612654891e-06
8.7834250999e-04 3.7658009953e-05
9.6926385237e-04 -3.2452187039e-05
1.4628087077e-03 6.4654803277e-05
1.4851502259e-03 -6.0016563605e-05
1.5566135750e-03 8.2583769775e-05
1.5185987032e-03 -7.8380665305e-05
1.1612950397e-03 7.3312510862e-05
1.0781196902e-03 -6.5927304508e-05
2.9132905475e-04 2.8087843484e-05
1.5819068422e-04 -1.1761854452e-05
8.5635890922e-04 3.2232655004e-05
9.3410511180e-04 -4.3572654714e-05
1.4586368133e-03 6.8493949609e-05
1.4650641750e-03 -7.7837662868e-05
1.5631737911e-03 1.0558280829e-04
1.5138879505e-03 -9.6094914819e-05
1.1950827442e-03 9.7480526774e-05
1.0946277272e-03 -7.9217736388e-05
3.3634179693e-04 3.9303862272e-05
2.0386079306e-04 -1.8269813269e-05
8.0988821484e-04 5.5955070775e-05
8.9585300565e-04 -4.5458638355e-05
1.4327788118e-03 1.0035671534e-04
1.4413608872e-03 -8.8710230784e-05
1.5627344427e-03 1.2771906696e-04
1.5142219040e-03 -1.2999310199e-04
1.2156971262e-03 1.1617299505e-04
1.1264485315e-03 -1.2630811892e-04
3.8022183721e-04 4.9907255528e-05
2.5241474178e-04 -3.6390542665e-05
7.6850813640e-04 6.8467367908e-05
8.3818220759e-04 -6.6439492784e-05
1.4062136014e-03 1.2112114577e-04
1.3990957387e-03 -1.1472313617e-04
1.5553209353e-03 1.4808569602e-04
1.5034950218e-03 -1.3495693642e-04
1.2316810282e-03 1.3417527063e-04
1.1302253171e-03 -1.0964167583e-04
4.1851057775e-04 6.0024588490e-05
2.8940407673e-04 -3.3808908482e-05
7.2302587849e-04 7.4512862790e-05
8.1502527187e-04 -7.3599129257e-05
1.3785527554e-03 1.3668578742e-04
1.3882976380e-03 -1.2965310510e-04
1.5512796072e-03 1.6949417594e-04
1.4903610664e-03 -1.5368396099e-04
1.2518328412e-03 1.5309596411e-04
1.1376543921e-03 -1.3110151176e-04
4.5954426313e-04 7.1321273543e-05
3.2726122635e-04 -4.5879612494e-05
6.8171235429e-04 8.4364372298e-05
7.7138333080e-04 -7.9896400867e-05
1.3519202242e-03 1.5661762404e-04
1.3571868616e-03 -1.4359080890e-04
1.5363233557e-03 1.9101233495e-04
1.4798698728e-03 -1.7239858572e-04
1.2561119791e-03 1.8445439797e-04
1.1518559155e-03 -1.4871048070e-04
4.9381095537e-04 9.1666422304e-05
3.6662618738e-04 -5.6879613594e-05
6.3626506034e-04 8.9645406939e-05
7.3323253367e-04 -8.8489717618e-05
1.3191423751e-03 1.6986013437e-04
1.3298417685e-03 -1.5953365870e-04
1.5253588119e-03 2.0673859685e-04
1.4609580551e-03 -1.8755508316e-04
1.2499503211e-03 1.8553983100e-04
1.1495474181e-03 -1.6079978573e-04
5.1689646481e-04 9.2721439454e-05
3.9841964105e-04 -6.5916232322e-05
6.0163766246e-04 7.7467049728e-05
6.9242124407e-04 -9.0559112575e-05
1.3015984137e-03 1.6328984490e-04
1.2989588304e-03 -1.6956691606e-04
1.5076761840e-03 2.2722852161e-04
1.4456545768e-03 -2.0651500526e-04
1.2681313837e-03 2.1769526603e-04
1.1642175431e-03 -1.8511041987e-04
5.5752831773e-04 1.1565564409e-04
4.3637896822e-04 -8.1759071048e-05
5.4841187606e-04 9.7877241502e-05
6.3893554932e-04 -9.5361333371e-05
1.2566119853e-03 1.9910218665e-04
1.2541572913e-03 -1.8274793836e-04
1.4890401697e-03 2.4470527541e-04
1.4294741399e-03 -2.2569553494e-04
1.2645211992e-03 2.2234102125e-04
1.1759313429e-03 -2.1732626709e-04
5.8199805274e-04 1.1925172479e-04
4.7330324893e-04 -1.0372363296e-04
5.8747973247e-04 -9.9886148800e-05
5.0436568420e-04 9.7984550298e-05
1.2062865420e-03 -1.9402392034e-04
1.2258619513e-03 2.1059150936e-04
1.4072102127e-03 -2.3549606315e-04
1.4712208035e-03 2.6285917993e-04
1.1720307705e-03 -2.0911108139e-04
1.2720168771e-03 2.4719334265e-04
4.9965466587e-04 -1.0131800737e-04
6.1317298090e-04 1.3835810848e-04
5.5207215891e-04 -1.0153167873e-04
4.5053412889e-04 9.9518055230e-05
1.1809088517e-03 -2.0414071482e-04
1.1777814415e-03 2.2280199560e-04
1.3833459165e-03 -2.4624639052e-04
1.4458765620e-03 2.7861775201e-04
1.1569060978e-03 -2.2322809116e-04
1.2682174186e-03 2.6186548461e-04
5.1745996454e-04 -1.1369764959e-04
6.3851245067e-04 1.5147181137e-04
5.1585662992e-04 -9.8608675762e-05
4.0788133764e-04 9.9883935668e-05
1.1549234269e-03 -2.0797258162e-04
1.1444825742e-03 2.3287239902e-04
1.3612975731e-03 -2.6218361925e-04
1.4216617255e-03 2.9403048266e-04
1.1605539441e-03 -2.3998286024e-04
1.2571860436e-03 2.8068813312e-04
5.4639882796e-04 -1.2670162037e-04
6.5517969103e-04 1.6737959715e-04
4.7486324867e-04 -1.0176957702e-04
3.5951759581e-04 9.5245609333e-05
1.1205502847e-03 -2.2168303716e-04
1.1023813451e-03 2.3648397286e-04
1.3370686339e-03 -2.7385053033e-04
1.3939639899e-03 3.0736470177e-04
1.1513348201e-03 -2.5287736099e-04
1.2583091422e-03 2.9449321181e-04
5.6573863154e-04 -1.3900982601e-04
6.8228946799e-04 1.7875427778e-04
4.3072221936e-04 -1.0057442848e-04
3.1044184006e-04 9.2219964084e-05
1.0802698648e-03 -2.2788923538e-04
1.0565829170e-03 2.4624724274e-04
1.3100235329e-03 -2.8477871175e-04
1.3639774824e-03 3.2082524633e-04
1.1468437438e-03 -2.6661134359e-04
1.2474346088e-03 3.1034286936e-04
5.8796647641e-04 -1.5180931310e-04
6.9943397713e-04 1.9396853102e-04
3.8634055053e-04 -9.7763909079e-05
2.6658973338e-04 8.9373292812e-05
1.0385806407e-03 -2.3293533290e-04
1.2820226159e-03 -2.9487454173e-04
1.0194232486e-03 2.5526451741e-04
1.1349651361e-03 -2.7799020490e-04
1.3337247128e-03 3.3366012913e-04
6.0350521666e-04 -1.6312217951e-04
1.2240726934e-03 3.2432267673e-04
3.4318115279e-04 -9.4365394788e-05
7.0453744994e-04 2.0735216951e-04
9.9638726911e-04 -2.3731292987e-04
2.2272956903e-04 8.1988616717e-05
1.2515987377e-03 -3.0365277618e-04
9.7727789009e-04 2.5411411504e-04
1.1297728143e-03 -2.8987066222e-04
1.3019261062e-03 3.4106487278e-04
6.2444033187e-04 -1.7523885362e-04
1.2163885277e-03 3.4914327977e-04
2.9849625003e-04 -8.9182572741e-05
7.2178946292e-04 2.3506350566e-04
9.4982021883e-04 -2.3941131649e-04
1.7270368640e-04 7.6023056128e-05
1.2201572538e-03 -3.1133210661e-04
9.2929348021e-04 2.6031560542e-04
1.1179387455e-03 -3.0002131388e-04
1.2661125899e-03 3.5358250078e-04
6.3823182423e-04 -1.8614824972e-04
1.1990111292e-03 3.4931509582e-04
2.5737278687e-04 -8.3753438362e-05
7.3046421066e-04 2.3203303614e-04
9.0934734416e-04 -2.4178469420e-04
1.2849521193e-04 6.7427879090e-05
1.1886205099e-03 -3.1822599708e-04
8.8919016393e-04 2.6101424266e-04
1.1022358633e-03 -3.0952960866e-04
1.2342049330e-03 3.6213357186e-04
6.4836591134e-04 -1.9749374482e-04
1.1814602575e-03 3.7459493294e-04
2.1844367018e-04 -7.8872173714e-05
7.3873947071e-04 2.6217618553e-04
8.7154017600e-04 -2.4418033122e-04
8.3051728467e-05 6.0262135966e-05
1.1569623715e-03 -3.2421701117e-04
1.0813457208e-03 -3.1632226272e-04
8.3518732178e-04 2.6461504851e-04
6.5279016115e-04 -2.0639763851e-04
1.1913797595e-03 3.6981966906e-04
1.8110775270e-04 -7.2937530485e-05
1.1577662193e-03 3.7406849427e-04
8.3287252625e-04 -2.4517544379e-04
7.4068049713e-04 2.6025842632e-04
1.1237125758e-03 -3.2892826550e-04
4.2621642831e-05 4.9529912126e-05
1.0698325148e-03 -3.2619190841e-04
7.9895021036e-04 2.6387122724e-04
6.6706865046e-04 -2.1916548276e-04
1.1573921678e-03 3.7559158470e-04
1.4263560521e-04 -6.5371037393e-05
1.1358360495e-03 3.8530724271e-04
7.9503404556e-04 -2.4407195255e-04
7.4569310218e-04 2.7480799419e-04
1.0911750970e-03 -3.3344401633e-04
2.8295382003e-06 3.9558461114e-05
1.0412114658e-03 -3.3599658626e-04
7.4985935875e-04 2.6229147507e-04
6.6080525393e-04 -2.3115698195e-04
1.1161335687e-03 3.7923462802e-04
1.0637320364e-04 -5.5874882291e-05
1.1131779603e-03 3.9009357696e-04
7.5587143220e-04 -2.3946713837e-04
7.4623259886e-04 2.8110794080e-04
1.0582481989e-03 -3.3304659618e-04
1.5795165728e-05 4.3592622114e-05
1.0316387486e-03 -3.4531621556e-04
7.0745999330e-04 2.5924432582e-04
6.7580174273e-04 -2.4743141548e-04
6.7493903998e-05 -4.7597879285e-05
1.0794536137e-03 3.8233699826e-04
7.0901411532e-04 -2.3833422672e-04
1.0842261339e-03 3.9777590819e-04
1.0191061850e-03 -3.3826588410e-04
7.4024303691e-04 2.9352475713e-04
1.0068074279e-03 -3.4761315047e-04
5.2182569382e-05 5.7015042758e-05
6.7357184533e-04 -2.4926328455e-04
6.6025827933e-04 2.5029077342e-04
3.4377083905e-05 -4.0006629399e-05
1.0344983624e-03 3.7930350099e-04
6.7026238804e-04 -2.3568303979e-04
1.0595926166e-03 4.0822051411e-04
9.8523710936e-04 -3.3936674228e-04
7.4225720521e-04 3.1488682173e-04
9.8479283498e-04 -3.4998368064e-04
8.1477359184e-05 7.1550363079e-05
6.7157703504e-04 -2.5426380148e-04
6.1692238264e-04 2.4862787528e-04
4.8213706330e-05 -4.6187246863e-05
9.9354683349e-04 3.8361181137e-04
6.3563151291e-04 -2.3283828289e-04
1.0308665460e-03 4.0621170529e-04
9.5172443765e-04 -3.4061309289e-04
7.3613454581e-04 3.0628222514e-04
9.5838694974e-04 -3.5879339561e-04
1.0687500835e-04 7.8909779343e-05
6.6727573694e-04 -2.7052090996e-04
7.7480206660e-05 -5.9228339252e-05
5.7578208081e-04 2.4333936552e-04
5.8888044211e-04 -2.2689740291e-04
9.5606573157e-04 3.8425528468e-04
9.1037435315e-04 -3.3829590726e-04
1.0017513857e-03 4.1304655239e-04
9.3719901643e-04 -3.5385388878e-04
7.2680244105e-04 3.2262654474e-04
6.6537437084e-04 -2.6390032802e-04
1.3043305635e-04 9.5338550542e-05
1.0245190976e-04 -6.6563582203e-05
5.3013643273e-04 2.3505235333e-04
5.5909168121e-04 -2.2170345169e-04
9.1241193367e-04 3.8031620686e-04
8.7967152537e-04 -3.3720690041e-04
9.6791990513e-04 4.1631441919e-04
9.1022797762e-04 -3.5908474684e-04
7.0921018297e-04 3.3070229069e-04
6.6030478965e-04 -2.7778396220e-04
1.5244048023e-04 1.0329719759e-04
1.2601675228e-04 -8.0177003983e-05
4.9335710050e-04 2.2909223559e-04
5.1950904766e-04 -2.1584667282e-04
8.7240384131e-04 3.8039165631e-04
8.4223313865e-04 -3.3530645092e-04
9.3747307577e-04 4.1369084921e-04
8.8341142504e-04 -3.6041300624e-04
6.5076265061e-04 -2.8187452830e-04
7.0965698514e-04 3.3238978639e-04
1.4768287729e-04 -9.1283758387e-05
1.7651721816e-04 1.1483501994e-04
4.8463435687e-04 -2.1120172724e-04
4.4918131727e-04 2.1972425989e-04
8.0614767166e-04 -3.3308110324e-04
8.2741860507e-04 3.7420421505e-04
8.5574697432e-04 -3.6032975934e-04
9.0176263534e-04 4.0958543842e-04
6.4333859770e-04 -2.8767995749e-04
6.8600288738e-04 3.2757164322e-04
1.6577507499e-04 -1.0227235031e-04
1.8889837591e-04 1.2243882239e-04
4.4812133397e-04 -2.0292655555e-04
4.1572883348e-04 2.0865574215e-04
7.6996959638e-04 -3.2821168878e-04
7.9258332163e-04 3.6680562640e-04
8.2827112043e-04 -3.6129371580e-04
8.6773228088e-04 4.1013654430e-04
6.3298693769e-04 -2.9407396753e-04
6.7076896909e-04 3.3707483594e-04
1.8241395495e-04 -1.1276410972e-04
2.0452946125e-04 1.3577488233e-04
4.1339942710e-04 -1.9657105551e-04
7.3418718440e-04 -3.2459181134e-04
3.7422991162e-04 1.9589100047e-04
7.9994006607e-04 -3.5872427232e-04
7.4639510928e-04 3.5669277079e-04
6.2142959560e-04 -2.9496071464e-04
8.3314711667e-04 4.0843337056e-04
1.9665796030e-04 -1.2169862634e-04
6.5895826749e-04 3.4013040586e-04
3.8025597452e-04 -1.9068643567e-04
2.1950638331e-04 1.4381196218e-04
7.0008394450e-04 -3.2103147254e-04
3.3285698340e-04 1.8757868961e-04
7.6835679844e-04 -3.5620057881e-04
7.0098941887e-04 3.5343195336e-04
5.9385214285e-04 -2.9670152582e-04
7.9926653568e-04 4.0644342461e-04
2.0331464074e-04 -1.2865359557e-04
6.4167838699e-04 3.4681185718e-04
3.5303400737e-04 -1.7981393550e-04
2.2889533886e-04 1.5458516314e-04
6.6868275193e-04 -3.1273384713e-04
2.9334644905e-04 1.7402652462e-04
7.3893110941e-04 -3.5179062205e-04
5.8982689089e-04 -2.9684626719e-04
6.5648945514e-04 3.4201265541e-04
2.1766537901e-04 -1.3709901611e-04
7.6230003478e-04 4.0012174672e-04
3.1298203224e-04 -1.7272230244e-04
6.2185723816e-04 3.5248202945e-04
6.2449450794e-04 -3.0688010871e-04
2.3612109361e-04 1.6668944632e-04
7.0789236616e-04 -3.4772976458e-04
2.5657120254e-04 1.6281001368e-04
5.7236830998e-04 -2.9693372562e-04
6.1399949273e-04 3.3228759759e-04
2.2495594261e-04 -1.4402908810e-04
7.2718626103e-04 3.9398991918e-04
2.7962210955e-04 -1.6295772166e-04
5.9709137126e-04 3.5019962098e-04
5.8560530097e-04 -2.9745903060e-04
2.3942292149e-04 1.7273376976e-04
6.7628885778e-04 -3.4041818250e-04
2.2257603111e-04 1.5079256664e-04
5.5700281784e-04 -2.9299972827e-04
2.3224556105e-04 -1.4841393705e-04
5.7121547280e-04 3.2056784060e-04
2.5068800485e-04 -1.5457836538e-04
6.8861420722e-04 3.8267890360e-04
5.5118067607e-04 -2.9109738103e-04
5.7827874960e-04 3.3534495263e-04
6.4288917871e-04 -3.3641584431e-04
2.4702595771e-04 1.7028478631e-04
5.3552648114e-04 -2.9628768950e-04
1.9441803417e-04 1.3996940276e-04
2.3338629439e-04 -1.5789988697e-04
5.3369989386e-04 3.1170529505e-04
2.1816802985e-04 -1.4612414286e-04
6.4852082160e-04 3.7352215288e-04
5.1184533944e-04 -2.8162192923e-04
5.5097275887e-04 3.3178630367e-04
6.0840313527e-04 -3.2968022027e-04
2.4601454092e-04 1.7559957718e-04
5.1480980796e-04 -2.9364855836e-04
1.6282072928e-04 1.2815962386e-04
2.3443344366e-04 -1.6264930084e-04
1.9089846939e-04 -1.3790344386e-04
4.9185786522e-04 2.9919821934e-04
4.7871230438e-04 -2.7362122795e-04
6.0818686109e-04 3.6281319622e-04
5.7356849790e-04 -3.2148070789e-04
5.2189109389e-04 3.2528977668e-04
4.8620053874e-04 -2.8861577737e-04
2.4264828555e-04 1.7783543607e-04
2.2866604682e-04 -1.6681396113e-04
1.3254596844e-04 1.1429901524e-04
1.6287576463e-04 -1.3085345914e-04
4.4837411443e-04 2.8284454813e-04
4.4244271443e-04 -2.6517325217e-04
5.6679744249e-04 3.4755687136e-04
5.3734145100e-04 -3.1416531128e-04
4.9574677256e-04 3.1280039239e-04
4.5892423716e-04 -2.8473806360e-04
2.4045651419e-04 1.7604386478e-04
2.2320543637e-04 -1.6923481787e-04
1.3451555966e-04 -1.2000907396e-04
1.0718759082e-04 1.0354462210e-04
4.0229551888e-04 -2.5193253093e-04
4.1171232418e-04 2.7207651339e-04
4.9998588737e-04 -3.0031992103e-04
5.2405460324e-04 3.3552322234e-04
4.3712195668e-04 -2.7316946337e-04
4.6178128998e-04 3.0993722186e-04
2.2067104512e-04 -1.6862745779e-04
2.3051658110e-04 1.8343047023e-04
1.0994509470e-04 -1.1463990352e-04
7.7106950763e-05 9.2889981463e-05
3.6896974633e-04 -2.4591648698e-04
3.6437501914e-04 2.5463258044e-04
4.6026573752e-04 -2.9478431770e-04
4.7672019778e-04 3.1961937268e-04
4.0002560140e-04 -2.7597428570e-04
4.2549953534e-04 2.9695673053e-04
2.0511200645e-04 -1.7649347182e-04
8.0460424777e-05 -1.0281611152e-04
2.1838678309e-04 1.8074876478e-04
3.2170265297e-04 -2.2651808488e-04
5.2525584657e-05 8.2543171102e-05
4.1934173864e-04 -2.7574690929e-04
3.2253810573e-04 2.3878723061e-04
3.7671144279e-04 -2.5523749974e-04
4.2870164110e-04 3.0187115637e-04
2.0008873934e-04 -1.6571572388e-04
3.8533284709e-04 2.8412952383e-04
6.0211775943e-05 -9.5812121654e-05
2.0162208964e-04 1.7940883126e-04
2.9189836331e-04 -2.2145067402e-04
2.7578150028e-05 7.3744351533e-05
3.7686721482e-04 -2.6656643268e-04
2.7645711759e-04 2.2241660153e-04
3.3745945430e-04 -2.5459599586e-04
1.8104807082e-04 -1.7610320233e-04
3.7531551070e-04 2.8321071442e-04
3.1555580047e-05 -9.4657989532e-05
3.4008413249e-04 2.6998180803e-04
2.4190653147e-04 -2.1177943727e-04
1.8011815631e-04 1.7630418046e-04
3.2527693716e-04 -2.5506822742e-04
2.9423641939e-06 6.4349677066e-05
2.9593024398e-04 -2.4074317928e-04
2.2465759182e-04 2.0074949057e-04
1.6006222603e-04 -1.6783190710e-04
3.1651169052e-04 2.5711917891e-04
8.8873234853e-06 -8.2602077232e-05
2.8719099433e-04 2.4404335825e-04
2.0005242251e-04 -1.8857781336e-04
1.5093337220e-04 1.6211321204e-04
2.7523328791e-04 -2.3550575092e-04
2.4653670025e-04 -2.3982877453e-04
-1.6579400222e-05 5.4244838683e-05
1.2678020368e-04 -1.8075777029e-04
1.7649298783e-04 1.7418350357e-04
-2.2138094522e-05 -8.5823922853e-05
2.5241171617e-04 2.2315108996e-04
1.4298263801e-04 -1.7943173964e-04
2.3111117187e-04 2.1491729063e-04
2.1278397992e-04 -2.1561421172e-04
1.2027608902e-04 1.4899402911e-04
1.9283639600e-04 -2.0525185913e-04
-4.1152804214e-05 5.0410732018e-05
9.5114539886e-05 -1.5172485035e-04
1.1164872965e-04 1.5701071016e-04
-4.0153288083e-05 -7.3714256602e-05
1.6537872931e-04 1.8884588555e-04
9.1459635388e-05 -1.5229863169e-04
1.3830903436e-04 -1.7848453826e-04
1.3504051008e-04 1.6394320376e-04
1.2293089148e-04 -1.6031484030e-04
4.7476151560e-05 1.1479487242e-04
4.9219542798e-05 -1.2712813397e-04
-6.6475936363e-05 6.4777778750e-05
-6.6443177666e-05 -1.0440995145e-04
1.0689198640e-04 2.0648784463e-04
1.3130955112e-04 -2.6280741794e-04
9.9847947433e-05 1.7158230644e-04
1.0288423336e-04 -2.0388232398e-04
-1.3149238891e-04 -7.3007818707e-06
-2.4213003115e-04 2.8746315192e-05
-2.4679306210e-04 -9.7227809988e-05
-3.9432953405e-04 1.3052391429e-04
-8.8456403219e-05 -4.3433565500e-05
-1.0429758682e-04 3.8690349014e-05
