3.2390573847e+02
3.2415656425e+02
3.2440739003e+02
3.2465816265e+02
3.2490839470e+02
3.2515862676e+02
3.2540885882e+02
3.2565909088e+02
3.2590932293e+02
3.2615955499e+02
3.2640978705e+02
3.2666029641e+02
3.2691096053e+02
3.2716162466e+02
3.2741228878e+02
3.2766295291e+02
3.1889522046e+02
3.1914575320e+02
3.1939629733e+02
3.1964684146e+02
3.1989738558e+02
3.2014792971e+02
3.2039847384e+02
3.2064901796e+02
3.2089956209e+02
3.2114989048e+02
3.2140021560e+02
3.2165054073e+02
3.2190086585e+02
3.2215119097e+02
3.2240151609e+02
3.2365491269e+02
3.1087873383e+02
3.1112923597e+02
3.1137973811e+02
3.1163025097e+02
3.1188080104e+02
3.1213135110e+02
3.1238190116e+02
3.1263245123e+02
3.1288300129e+02
3.1313355136e+02
3.1338410142e+02
3.1363458215e+02
3.1388504289e+02
3.1413550362e+02
3.1438596436e+02
3.1463642509e+02
3.0687095124e+02
3.0712146998e+02
3.0737198871e+02
3.0762250745e+02
3.0787301914e+02
3.0812347884e+02
3.0837393855e+02
3.0862439826e+02
3.0887485796e+02
3.0912531767e+02
3.0937577737e+02
3.0962623708e+02
3.0987672529e+02
3.1012722742e+02
3.1037772956e+02
3.1062823170e+02
3.0286295358e+02
3.0311338473e+02
3.0336381589e+02
3.0361424704e+02
3.0386467820e+02
3.0411511093e+02
3.0436564772e+02
3.0461618452e+02
3.0486672131e+02
3.0511725810e+02
3.0536779489e+02
3.0561833169e+02
3.0586886848e+02
3.0611939503e+02
3.0636991377e+02
3.0662043250e+02
2.9885472461e+02
2.9910522947e+02
2.9935573434e+02
2.9960623920e+02
2.9985674407e+02
3.0010724893e+02
3.0035775380e+02
3.0060829933e+02
3.0085884886e+02
3.0110939839e+02
3.0135994792e+02
3.0161049745e+02
3.0186104698e+02
3.0211159651e+02
3.0236209127e+02
3.0261252243e+02
2.9484662685e+02
2.9509714610e+02
2.9534766535e+02
2.9559818461e+02
2.9584870386e+02
2.9609922311e+02
2.9634974236e+02
2.9660026161e+02
2.9685076022e+02
2.9710125387e+02
2.9735174751e+02
2.9760224115e+02
2.9785273479e+02
2.9810322843e+02
2.9835372208e+02
2.9860421974e+02
2.9083886914e+02
2.9108936068e+02
2.9133984736e+02
2.9159033405e+02
2.9184082073e+02
2.9209130742e+02
2.9234179410e+02
2.9259228078e+02
2.9284276747e+02
2.9309325016e+02
2.9334373116e+02
2.9359421216e+02
2.9384469315e+02
2.9409517415e+02
2.9434565515e+02
2.9459613615e+02
2.8683076068e+02
2.8708118799e+02
2.8733162037e+02
2.8758216075e+02
2.8783270113e+02
2.8808324151e+02
2.8833378189e+02
2.8858432227e+02
2.8883486265e+02
2.8908540303e+02
2.8933591476e+02
2.8958640716e+02
2.8983689955e+02
2.9008739195e+02
2.9033788434e+02
2.9058837674e+02
2.8282271047e+02
2.8307322155e+02
2.8332373263e+02
2.8357424371e+02
2.8382479684e+02
2.8407535263e+02
2.8432590842e+02
2.8457646422e+02
2.8482702001e+02
2.8507757580e+02
2.8532813160e+02
2.8557862411e+02
2.8582905142e+02
2.8607947874e+02
2.8632990605e+02
2.8658033336e+02
2.7881478515e+02
2.7906531175e+02
2.7931583835e+02
2.7956636495e+02
2.7981689155e+02
2.8006736965e+02
2.8031783822e+02
2.8056830679e+02
2.8081877536e+02
2.8106924393e+02
2.8131971250e+02
2.8157018108e+02
2.8182066614e+02
2.8207117722e+02
2.8232168831e+02
2.8257219939e+02
2.7480688913e+02
2.7505738239e+02
2.7530787565e+02
2.7555836891e+02
2.7580886218e+02
2.7605935544e+02
2.7630983832e+02
2.7656031740e+02
2.7681079648e+02
2.7706127556e+02
2.7731175464e+02
2.7756223371e+02
2.7781271279e+02
2.7806320535e+02
2.7831373195e+02
2.7856425855e+02
2.7079871909e+02
2.7104927672e+02
2.7129983435e+02
2.7155039198e+02
2.7180094961e+02
2.7205150723e+02
2.7230206486e+02
2.7255257100e+02
2.7280304649e+02
2.7305352198e+02
2.7330399747e+02
2.7355447296e+02
2.7380494845e+02
2.7405542394e+02
2.7430590261e+02
2.7455639587e+02
2.6679070930e+02
2.6704127282e+02
2.6729183896e+02
2.6754240510e+02
2.6779297124e+02
2.6804353737e+02
2.6829410351e+02
2.6854466965e+02
2.6879516308e+02
2.6904559003e+02
2.6929601697e+02
2.6954644392e+02
2.6979687087e+02
2.7004729782e+02
2.7029772476e+02
2.7054816146e+02
2.6278285570e+02
2.6303334275e+02
2.6328384424e+02
2.6353434797e+02
2.6378485169e+02
2.6403535542e+02
2.6428585915e+02
2.6453636288e+02
2.6478686661e+02
2.6503735979e+02
2.6528783829e+02
2.6553831679e+02
2.6578879529e+02
2.6603927380e+02
2.6628975230e+02
2.6654023080e+02
2.5877492962e+02
2.5902538113e+02
2.5927583263e+02
2.5952633295e+02
2.5977684858e+02
2.6002736422e+02
2.6027787985e+02
2.6052839549e+02
2.6077891112e+02
2.6102942676e+02
2.6127993343e+02
2.6153042048e+02
2.6178090752e+02
2.6203139457e+02
2.6228188161e+02
2.6253236866e+02
2.5476695804e+02
2.5501751086e+02
2.5526806368e+02
2.5551861649e+02
2.5576913882e+02
2.5601964522e+02
2.5627015161e+02
2.5652065801e+02
2.5677116440e+02
2.5702167080e+02
2.5727217719e+02
2.5752267212e+02
2.5777312362e+02
2.5802357512e+02
2.5827402662e+02
2.5852447812e+02
2.5075896586e+02
2.5100953829e+02
2.5126011071e+02
2.5151068314e+02
2.5176125556e+02
2.5201174745e+02
2.5226217405e+02
2.5251260064e+02
2.5276302723e+02
2.5301345382e+02
2.5326388041e+02
2.5351430700e+02
2.5376474678e+02
2.5401529959e+02
2.5426585241e+02
2.5451640523e+02
3.7200239593e+02
3.7225303026e+02
3.7250366458e+02
3.7275429891e+02
3.7300493323e+02
3.7325549540e+02
3.7350596858e+02
3.7375644175e+02
3.7400691493e+02
3.7425738810e+02
3.7450786128e+02
3.7475833445e+02
3.7500880763e+02
2.5000724859e+02
2.5025782101e+02
2.5050839344e+02
3.6799478766e+02
3.6824523980e+02
3.6849569195e+02
3.6874614409e+02
3.6899659623e+02
3.6924704837e+02
3.6949749344e+02
3.6974792497e+02
3.6999835650e+02
3.7024878802e+02
3.7049921955e+02
3.7074965108e+02
3.7100008261e+02
3.7125051414e+02
3.7150112728e+02
3.7175176160e+02
3.6398632978e+02
3.6423676272e+02
3.6448719567e+02
3.6473762861e+02
3.6498806155e+02
3.6523849450e+02
3.6548892744e+02
3.6573940836e+02
3.6599004223e+02
3.6624067609e+02
3.6649130995e+02
3.6674194382e+02
3.6699257768e+02
3.6724321154e+02
3.6749384540e+02
3.6774433552e+02
3.5997777102e+02
3.6022832339e+02
3.6047896398e+02
3.6072960456e+02
3.6098024515e+02
3.6123088573e+02
3.6148152632e+02
3.6173216690e+02
3.6198278116e+02
3.6223322573e+02
3.6248367031e+02
3.6273411489e+02
3.6298455946e+02
3.6323500404e+02
3.6348544862e+02
3.6373589319e+02
3.5597046050e+02
3.5622110382e+02
3.5647165226e+02
3.5672209692e+02
3.5697254159e+02
3.5722298625e+02
3.5747343092e+02
3.5772387558e+02
3.5797432025e+02
3.5822476446e+02
3.5847519397e+02
3.5872562348e+02
3.5897605299e+02
3.5922648249e+02
3.5947691200e+02
3.5972734151e+02
3.5196220648e+02
3.5221265810e+02
3.5246310973e+02
3.5271355595e+02
3.5296399310e+02
3.5321443024e+02
3.5346486739e+02
3.5371530454e+02
3.5396574169e+02
3.5421617884e+02
3.5446661598e+02
3.5471724392e+02
3.5496788723e+02
3.5521853055e+02
3.5546917387e+02
3.5571981719e+02
3.4795369799e+02
3.4820411195e+02
3.4845452592e+02
3.4870493988e+02
3.4895541530e+02
3.4920605799e+02
3.4945670068e+02
3.4970734338e+02
3.4995798607e+02
3.5020862876e+02
3.5045927145e+02
3.5070991415e+02
3.5096039999e+02
3.5121085161e+02
3.5146130324e+02
3.5171175486e+02
3.4394558466e+02
3.4419621555e+02
3.4444684644e+02
3.4469747733e+02
3.4494810822e+02
3.4519871321e+02
3.4544918637e+02
3.4569965953e+02
3.4595013270e+02
3.4620060586e+02
3.4645107902e+02
3.4670155218e+02
3.4695202534e+02
3.4720245610e+02
3.4745287006e+02
3.4770328402e+02
3.3993809044e+02
3.4018855483e+02
3.4043901921e+02
3.4068948359e+02
3.4093994798e+02
3.4119041236e+02
3.4144087377e+02
3.4169128836e+02
3.4194170296e+02
3.4219211755e+02
3.4244253215e+02
3.4269294674e+02
3.4294336134e+02
3.4319377593e+02
3.4344432288e+02
3.4369495377e+02
3.3592967478e+02
3.3618009475e+02
3.3643051472e+02
3.3668093469e+02
3.3693135467e+02
3.3718177464e+02
3.3743219461e+02
3.3768261458e+02
3.3793324350e+02
3.3818388222e+02
3.3843452094e+02
3.3868515966e+02
3.3893579837e+02
3.3918643709e+02
3.3943707581e+02
3.3968762606e+02
3.3192112946e+02
3.3217161795e+02
3.3242224694e+02
3.3267287593e+02
3.3292350492e+02
3.3317413392e+02
3.3342476291e+02
3.3367539190e+02
3.3392602089e+02
3.3417650209e+02
3.3442695737e+02
3.3467741264e+02
3.3492786791e+02
3.3517832319e+02
3.3542877846e+02
3.3567923373e+02
3.2791361704e+02
3.2816428116e+02
3.2841490555e+02
3.2866536487e+02
3.2891582419e+02
3.2916628351e+02
3.2941674283e+02
3.2966720215e+02
3.2991766148e+02
3.3016812080e+02
3.3041855727e+02
3.3066898596e+02
3.3091941466e+02
3.3116984336e+02
3.3142027206e+02
3.3167070076e+02
3.1488688583e+02
3.1513734656e+02
3.1538783054e+02
3.1563836206e+02
3.1588889357e+02
3.1613942508e+02
3.1638995660e+02
3.1664048811e+02
3.1689101963e+02
3.1714155114e+02
3.1739207609e+02
3.1764260015e+02
3.1789312421e+02
3.1814364827e+02
3.1839417233e+02
3.1864469640e+02
3.2340408691e+02
3.2315326113e+02
3.2290243535e+02
3.2265184121e+02
