-1.8110008096e-05 1.0280185680e-06
-7.5507646578e-06 8.6708153554e-07
5.0892491862e-01 -3.0659466278e-04
5.4157402681e-01 -2.9273421346e-04
1.0074033370e+00 -1.2197070767e-03
1.0713929648e+00 -1.1439910114e-03
1.4953631749e+00 -2.6946294443e-03
1.5894492632e+00 -2.5529033124e-03
1.9729354352e+00 -4.7293416777e-03
2.0957138383e+00 -4.4930866121e-03
2.4401932694e+00 -7.3112999497e-03
2.5901968288e+00 -6.8969662900e-03
2.8971531994e+00 -1.0396486980e-02
3.0729017136e+00 -9.7621358142e-03
3.3437970551e+00 -1.3940814791e-02
3.5437745673e+00 -1.3108133841e-02
3.7802610793e+00 -1.7921556361e-02
4.0029052030e+00 -1.6850227664e-02
4.2065637933e+00 -2.2325892643e-02
4.4502774159e+00 -2.0960427738e-02
4.6227030200e+00 -2.7129157628e-02
4.8858984936e+00 -2.5439043237e-02
5.0287101110e+00 -3.2288882506e-02
5.3097775110e+00 -3.0258438350e-02
5.4246467440e+00 -3.7743340322e-02
5.7219624170e+00 -3.5357011726e-02
5.8105083282e+00 -4.3506154862e-02
6.1224466898e+00 -4.0731354305e-02
6.1862904456e+00 -4.9545183200e-02
6.5112258195e+00 -4.6378124727e-02
6.5520795663e+00 -5.5804270013e-02
6.8883574623e+00 -5.2224018063e-02
6.9078373932e+00 -6.2248978281e-02
7.2535581514e+00 -6.8873318298e-02
7.2539337320e+00 -5.8247761206e-02
7.5892596075e+00 -7.5633377851e-02
7.6078920732e+00 -6.4447428702e-02
7.9150229667e+00 -8.2485076930e-02
7.9502358160e+00 -7.0806603121e-02
8.2307736991e+00 -8.9406206864e-02
8.2810790963e+00 -7.7255909596e-02
8.5365025782e+00 -9.6391869686e-02
8.6004453377e+00 -8.3783334950e-02
8.8322671456e+00 -1.0338013171e-01
8.9082974839e+00 -9.0373812029e-02
9.1180462251e+00 -1.1034233196e-01
9.2046857861e+00 -9.7019744468e-02
9.3938025873e+00 -1.1726436048e-01
9.4897176973e+00 -1.0365801172e-01
9.6595457808e+00 -1.2413396479e-01
9.7633936090e+00 -1.1028823587e-01
9.9152822728e+00 -1.3088845088e-01
1.0025704326e+01 -1.1689896510e-01
1.0161002500e+01 -1.3752204353e-01
1.0276727483e+01 -1.2343760579e-01
1.0396706659e+01 -1.4403738727e-01
1.0516487663e+01 -1.2989010521e-01
1.0622357018e+01 -1.5036935919e-01
1.0744984882e+01 -1.3625782526e-01
1.0837950874e+01 -1.5650715458e-01
1.0962274449e+01 -1.4250500689e-01
1.1043484200e+01 -1.6245045524e-01
1.1168455963e+01 -1.4860921265e-01
1.1238906932e+01 -1.6818478603e-01
1.1363489682e+01 -1.5454989158e-01
1.1424223025e+01 -1.7364607664e-01
1.1547380300e+01 -1.6032343429e-01
1.1599435777e+01 -1.7884003389e-01
1.1720239907e+01 -1.6589879656e-01
1.1764514412e+01 -1.8378018004e-01
1.1882096221e+01 -1.7126519171e-01
1.1919415525e+01 -1.8842782530e-01
1.2032911706e+01 -1.7639248785e-01
1.2064136843e+01 -1.9274847482e-01
1.2172766309e+01 -1.8128732879e-01
1.2198658109e+01 -1.9674449420e-01
1.2301739391e+01 -1.8592340273e-01
1.2322961308e+01 -2.0043498463e-01
1.2419819422e+01 -1.9029107827e-01
1.2437011260e+01 -2.0377841436e-01
1.2526988358e+01 -1.9436438345e-01
1.2540772642e+01 -2.0676688666e-01
1.2623381155e+01 -1.9815496060e-01
1.2634245455e+01 -2.0940040155e-01
1.2708981235e+01 -2.0162401945e-01
1.2717441893e+01 -2.1167759987e-01
1.2783783512e+01 -2.0477994637e-01
1.2790261483e+01 -2.1359015963e-01
1.2847833771e+01 -2.0760985348e-01
1.2852708016e+01 -2.1513317780e-01
1.2901240293e+01 -2.1010942379e-01
1.2904783806e+01 -2.1631313448e-01
1.2943959411e+01 -2.1225401524e-01
1.2946439073e+01 -2.1711070189e-01
1.2975989816e+01 -2.1404255501e-01
1.2977628373e+01 -2.1751788882e-01
1.2997398182e+01 -2.1546931645e-01
1.2998369450e+01 -2.1756146491e-01
1.3008268667e+01 -2.1654761919e-01
1.3008605328e+01 -2.1724579521e-01
