-5.3529869625e-07 7.9475907626e-09
9.8998084085e-03 -2.5165720641e-04
9.1836574279e-02 -2.4630057449e-05
1.1480858087e-01 -2.8410225837e-03
1.8043898699e-01 -9.8236991828e-05
2.1483696195e-01 -5.1626059370e-03
2.6580670282e-01 -2.2081285555e-04
3.1019833021e-01 -7.2482704202e-03
3.4793972178e-01 -3.9235764861e-04
4.0090993619e-01 -9.1156871741e-03
4.2685947855e-01 -6.1218349047e-04
4.8714298326e-01 -1.0757549115e-02
5.0268569161e-01 -8.6417923935e-04
5.6898687026e-01 -1.2220500255e-02
5.7542770327e-01 -1.1421702547e-03
6.4508792882e-01 -1.4508132672e-03
6.4656300043e-01 -1.3494864570e-02
7.1168346711e-01 -1.8288706202e-03
7.1997437447e-01 -1.4604754533e-02
7.7521780465e-01 -2.2300346842e-03
7.8930764439e-01 -1.5570548041e-02
8.3575208260e-01 -2.6590114330e-03
8.5467463603e-01 -1.6362550113e-02
8.9328630094e-01 -3.1158008666e-03
9.1613563682e-01 -1.7050797969e-02
9.4783114037e-01 -3.6046174943e-03
9.7379921827e-01 -1.7601103845e-02
9.9941108751e-01 -4.1186208769e-03
1.0277210483e+00 -1.8024212443e-02
1.0480469943e+00 -4.6544444602e-03
1.0779751283e+00 -1.8366748927e-02
1.0937388606e+00 -5.2120882444e-03
1.1246247225e+00 -1.8583795690e-02
1.1364921821e+00 -5.7928011001e-03
1.1677507341e+00 -1.8713071171e-02
1.1763244956e+00 -6.3914037567e-03
1.2073995592e+00 -1.8763622415e-02
1.2132427333e+00 -7.0034919692e-03
1.2435992816e+00 -1.8728522288e-02
1.2472468953e+00 -7.6290657375e-03
1.2764616351e+00 -1.8622219272e-02
1.2783386754e+00 -8.2680818586e-03
1.3060001011e+00 -1.8449049313e-02
1.3065232032e+00 -8.9133363397e-03
1.3317953104e+00 -9.5633724199e-03
1.3322245776e+00 -1.8209341980e-02
1.3541549048e+00 -1.0218521154e-02
1.3552288994e+00 -1.7912164870e-02
1.3736019561e+00 -1.0872724529e-02
1.3750496459e+00 -1.7566208017e-02
1.3901198352e+00 -1.1522088336e-02
1.3916868170e+00 -1.7171471421e-02
1.4037096177e+00 -1.2168097671e-02
1.4051873221e+00 -1.6729612224e-02
1.4143555752e+00 -1.2808261722e-02
1.4156083132e+00 -1.6253241652e-02
1.4220467240e+00 -1.3433677107e-02
1.4229561008e+00 -1.5743839706e-02
1.4267748391e+00 -1.4041154354e-02
1.4272381850e+00 -1.5200898390e-02
1.4285061875e+00 -1.4630620166e-02
