-1.2651870236e-06 1.8890488842e-09
4.9972624620e-06 -1.2312366819e-10
5.8628225605e-02 -2.3978772013e-06
5.8681491806e-02 -2.0470832792e-06
1.1603383165e-01 -8.5164272585e-06
1.1615317748e-01 -8.4088346673e-06
1.7222260447e-01 -1.8353954338e-05
1.7241379182e-01 -1.9083365115e-05
2.2719244331e-01 -3.2268505808e-05
2.2746447632e-01 -3.4046773430e-05
2.8094751515e-01 -5.0650062930e-05
2.8130575487e-01 -5.3064225935e-05
3.3348897938e-01 -7.3586125977e-05
3.3393689294e-01 -7.6275575974e-05
3.8481637126e-01 -1.0091990650e-04
3.8535879878e-01 -1.0411214703e-04
4.3493224077e-01 -1.3267399067e-04
4.3557303431e-01 -1.3588567209e-04
4.8383920056e-01 -1.6860489466e-04
4.8457894751e-01 -1.7123961287e-04
5.3153920769e-01 -2.0852126849e-04
5.3237712160e-01 -2.1031035677e-04
5.7803156214e-01 -2.5267698761e-04
5.7896639761e-01 -2.5368696726e-04
6.2331662504e-01 -3.0070374790e-04
6.2434946411e-01 -3.0041788439e-04
6.6739924087e-01 -3.5259802655e-04
6.6852685748e-01 -3.5039171166e-04
7.1028060086e-01 -4.0805691905e-04
7.1149897378e-01 -4.0356561756e-04
7.5195990627e-01 -4.6686465342e-04
7.5326494229e-01 -4.5977071273e-04
7.9243746830e-01 -5.2856205924e-04
7.9382751213e-01 -5.1859278044e-04
8.3171654858e-01 -5.9306744756e-04
8.3318649294e-01 -5.8002739639e-04
8.6979960642e-01 -6.6012764328e-04
8.7133960630e-01 -6.4391287271e-04
9.0668519695e-01 -7.2945883074e-04
9.0829000752e-01 -7.0943793263e-04
9.4237493391e-01 -8.0048559788e-04
9.4404029656e-01 -7.7659153265e-04
9.7686963404e-01 -8.7302166754e-04
9.7858784099e-01 -8.4554228717e-04
1.0101694434e+00 -9.4712506858e-04
1.0119348305e+00 -9.1569790924e-04
1.0422781374e+00 -1.0215485543e-03
1.0440796527e+00 -9.8658065054e-04
1.0731951743e+00 -1.0964928749e-03
1.0750225719e+00 -1.0580893963e-03
1.1029204241e+00 -1.1719827463e-03
1.1047678399e+00 -1.1297553394e-03
1.1314547579e+00 -1.2476382313e-03
1.1333148160e+00 -1.2015713993e-03
1.1588002648e+00 -1.3223801130e-03
1.1606624615e+00 -1.2734596887e-03
1.1849561621e+00 -1.3963401211e-03
1.1868133578e+00 -1.3450645491e-03
1.2099217612e+00 -1.4696371820e-03
1.2117673559e+00 -1.4157165383e-03
1.2337006160e+00 -1.5414711976e-03
1.2355234983e+00 -1.4852119066e-03
1.2562933975e+00 -1.6110163796e-03
1.2580834484e+00 -1.5534984787e-03
1.2776983486e+00 -1.6781943625e-03
1.2794469889e+00 -1.6199553359e-03
1.2979141764e+00 -1.7431059111e-03
1.2996167554e+00 -1.6845290011e-03
1.3169468077e+00 -1.8053528026e-03
1.3185928281e+00 -1.7471392762e-03
1.3347921739e+00 -1.8647913399e-03
1.3363753429e+00 -1.8073703884e-03
1.3514518067e+00 -1.9214697007e-03
1.3529647226e+00 -1.8650063486e-03
1.3669249234e+00 -1.9749671232e-03
1.3683605775e+00 -1.9199001840e-03
1.3812156227e+00 -2.0244144757e-03
1.3825631651e+00 -1.9722014145e-03
1.3943209477e+00 -2.0701026633e-03
1.3955770981e+00 -2.0207313460e-03
1.4062412157e+00 -2.1120605976e-03
1.4073975122e+00 -2.0659181511e-03
1.4169769134e+00 -2.1499119444e-03
1.4180250452e+00 -2.1074679915e-03
1.4265271849e+00 -2.1832327389e-03
1.4274634377e+00 -2.1450760322e-03
1.4348916146e+00 -2.2126215338e-03
1.4357163300e+00 -2.1786210653e-03
1.4420705644e+00 -2.2378248402e-03
1.4427778584e+00 -2.2082838976e-03
1.4480644557e+00 -2.2583568739e-03
1.4486481149e+00 -2.2335494416e-03
1.4528735271e+00 -2.2742202009e-03
1.4533312190e+00 -2.2544405106e-03
1.4565004309e+00 -2.2853532205e-03
1.4568263914e+00 -2.2710055217e-03
1.4589380783e+00 -2.2916033624e-03
1.4591334746e+00 -2.2832471400e-03
1.4601892416e+00 -2.2933562405e-03
1.4602547298e+00 -2.2906341553e-03
