4.0417832847e+02
4.0402318007e+02
4.0386803167e+02
4.0371027499e+02
4.0356288154e+02
4.0341544915e+02
4.0329305953e+02
4.0317150753e+02
4.0304980313e+02
4.0294231725e+02
4.0283660946e+02
4.0274013502e+02
4.0265142007e+02
4.0257762673e+02
4.0250000348e+02
4.0244117730e+02
4.0237998117e+02
4.0233103385e+02
4.0229513018e+02
4.0225487590e+02
4.0223723884e+02
4.0221532097e+02
4.0220415918e+02
4.0220735946e+02
4.0220533692e+02
4.0222714166e+02
4.0224574390e+02
4.0227327501e+02
4.0231308929e+02
4.0235025041e+02
4.0241210987e+02
4.0246934836e+02
4.0253734209e+02
4.0261254893e+02
4.0269414051e+02
4.0278671456e+02
4.0287805954e+02
4.0298686034e+02
4.0309454538e+02
4.0322067154e+02
4.0334406213e+02
4.0347258608e+02
4.0361360415e+02
4.0375488887e+02
4.0391716469e+02
4.0407173919e+02
4.0423421300e+02
4.0440497768e+02
4.0458066850e+02
4.0477134059e+02
4.0495342143e+02
4.0514510794e+02
4.0534275651e+02
4.0554613637e+02
4.0576179621e+02
4.0596718637e+02
4.0618667627e+02
4.0640768208e+02
4.0663959903e+02
4.0686480027e+02
4.0709688497e+02
4.0733744170e+02
4.0757012228e+02
4.0781197848e+02
4.0805606176e+02
4.0831146398e+02
4.0855716953e+02
4.0880008345e+02
4.0905346902e+02
4.0931228717e+02
4.0957400432e+02
4.0981703062e+02
4.1006662430e+02
4.1032805628e+02
4.1059655631e+02
4.1084103667e+02
4.1108587985e+02
4.1133670729e+02
4.1160261394e+02
4.1184947227e+02
4.1208656148e+02
4.1232162646e+02
4.1257188725e+02
4.1281906735e+02
4.1304237701e+02
4.1326087734e+02
4.1347561757e+02
4.1371272641e+02
4.1391158718e+02
4.1411044796e+02
4.1428988457e+02
4.1446895216e+02
4.1463553952e+02
4.1479001961e+02
4.1490747791e+02
4.1495691070e+02
4.1500634349e+02
4.1504469068e+02
4.1458683231e+02
4.1412897394e+02
