7.3029993553e+02
7.2680185998e+02
7.3036285328e+02
7.2674153253e+02
7.3042454251e+02
7.2668120508e+02
7.3048311273e+02
7.2662087763e+02
7.3054079705e+02
7.2657014628e+02
7.3059848138e+02
7.2652268025e+02
7.3064811980e+02
7.2647448182e+02
7.3069288100e+02
7.2642545462e+02
7.3073652477e+02
7.2638866633e+02
7.3078016854e+02
7.2635187803e+02
7.3082001192e+02
7.2631431452e+02
7.3084752335e+02
7.2628509252e+02
7.3087804771e+02
7.2625928206e+02
7.3090917276e+02
7.2623347160e+02
7.3093326098e+02
7.2620999553e+02
7.3094655203e+02
7.2619955178e+02
7.3095887911e+02
7.3097120618e+02
7.2618974334e+02
7.3096781224e+02
7.2618000600e+02
7.3096293071e+02
7.2617933656e+02
7.3095610163e+02
7.2618559147e+02
7.3094212477e+02
7.2619268203e+02
7.3091535303e+02
7.2620251887e+02
7.3088858129e+02
7.2622769126e+02
7.3086196457e+02
7.2625312380e+02
7.3081909138e+02
7.2627855633e+02
7.3077172122e+02
7.2631335747e+02
7.3072532697e+02
7.2635657459e+02
7.3067483803e+02
7.2639914801e+02
7.3060903505e+02
7.2644172143e+02
7.3054408655e+02
7.2649416178e+02
7.3047913806e+02
7.2655734031e+02
7.3039901399e+02
7.2662138538e+02
7.3031170379e+02
7.2668749876e+02
7.3023051987e+02
7.2676104441e+02
7.3014788693e+02
7.2683761331e+02
7.3004464434e+02
7.2692302912e+02
7.2994140174e+02
7.2701259213e+02
7.2984375779e+02
7.2710456295e+02
7.2974108804e+02
7.2719653377e+02
7.2962822392e+02
7.2729660249e+02
7.2951535981e+02
7.2740480144e+02
7.2940249569e+02
7.2751221082e+02
7.2928714158e+02
7.2761720386e+02
7.2916839049e+02
7.2772180037e+02
7.2904963939e+02
7.2783997382e+02
7.2892727379e+02
7.2795894098e+02
7.2879923873e+02
7.2807790813e+02
7.2868086374e+02
7.2819201136e+02
7.2856248875e+02
7.2830981629e+02
7.2843774227e+02
