1.0434792206e-05 1.5422914757e-07
2.7649215816e-01 -1.8365787268e-05
5.4652046540e-01 -7.1198462855e-05
8.1015210772e-01 -1.6082714388e-04
1.0674735861e+00 -2.9158823179e-04
1.3185345915e+00 -4.6895640377e-04
1.5633908028e+00 -6.9435822157e-04
1.8021012636e+00 -9.6547051674e-04
2.0347295839e+00 -1.2924943878e-03
2.2613176415e+00 -1.6722747841e-03
2.4819389674e+00 -2.1095689643e-03
2.6966195138e+00 -2.6071233856e-03
2.9054399709e+00 -3.1611529578e-03
3.1084306855e+00 -3.7825758746e-03
3.3056503709e+00 -4.4619407033e-03
3.4971298152e+00 -5.2102640038e-03
3.6829221384e+00 -6.0196313409e-03
3.8630688397e+00 -6.9000974154e-03
4.0376269051e+00 -7.8400432088e-03
4.2066346742e+00 -8.8503481401e-03
4.3700864326e+00 -9.9346764470e-03
4.5280778645e+00 -1.1083061341e-02
4.6806334739e+00 -1.2298631700e-02
4.8277901938e+00 -1.3574229789e-02
4.9695619119e+00 -1.4914725229e-02
5.1059565270e+00 -1.6316614004e-02
5.2370505751e+00 -1.7782498334e-02
5.3628529052e+00 -1.9309477352e-02
5.4834178735e+00 -2.0885237234e-02
5.5987269461e+00 -2.2514828540e-02
5.7088381652e+00 -2.4202261435e-02
5.8137577898e+00 -2.5939170416e-02
5.9134992143e+00 -2.7725353824e-02
6.0080850804e+00 -2.9563374631e-02
6.0975666086e+00 -3.1432260198e-02
6.1819153406e+00 -3.3324158133e-02
6.2611460293e+00 -3.5250630866e-02
6.3352930089e+00 -3.7211729952e-02
6.4043344788e+00 -3.9193872716e-02
6.4682862508e+00 -4.1205485135e-02
6.5272115553e+00 -4.3240026249e-02
6.5810529384e+00 -4.5267067434e-02
6.6298033904e+00 -4.7291838423e-02
6.6734888314e+00 -4.9324610048e-02
6.7121137384e+00 -5.1353281670e-02
6.7456691735e+00 -5.3372879581e-02
6.7741395070e+00 -5.5376649860e-02
6.7975208118e+00 -5.7362612404e-02
6.8157881143e+00 -5.9310243815e-02
6.8289583255e+00 -6.1227364385e-02
6.8369934931e+00 -6.3110983603e-02
6.8398980253e+00 -6.4950386994e-02
6.8376364800e+00 -6.6737043684e-02
6.8301930166e+00 -6.8468024809e-02
6.8175538098e+00 -7.0137947125e-02
6.7996529186e+00 -7.1738767514e-02
6.7764963197e+00 -7.3267614141e-02
6.7480592755e+00 -7.4713196754e-02
6.7142911780e+00 -7.6076682518e-02
6.6751710010e+00 -7.7347907236e-02
6.6306544047e+00 -7.8522451721e-02
6.5807096241e+00 -7.9595952385e-02
6.5252915241e+00 -8.0558838585e-02
6.4643623427e+00 -8.1410566321e-02
6.3978572113e+00 -8.2138604146e-02
6.3257438097e+00 -8.2743931969e-02
6.2479468503e+00 -8.3221569302e-02
6.1644552834e+00 -8.3562232425e-02
6.0751810764e+00 -8.3762960184e-02
5.9800750497e+00 -8.3815912149e-02
5.8790847480e+00 -8.3721697428e-02
5.7721184670e+00 -8.3471873253e-02
5.6591451661e+00 -8.3067814576e-02
5.5400741475e+00 -8.2494060574e-02
5.4148507127e+00 -8.1755878688e-02
5.2833671103e+00 -8.0845632213e-02
5.1455914614e+00 -7.9758483088e-02
5.0014230268e+00 -7.8496878927e-02
4.8507783592e+00 -7.7048119575e-02
4.6935698602e+00 -7.5417828919e-02
4.5297206314e+00 -7.3596916890e-02
4.3591381646e+00 -7.1584384532e-02
4.1817336619e+00 -6.9381137682e-02
3.9973922806e+00 -6.6978587986e-02
3.8060201897e+00 -6.4381458689e-02
3.6075277158e+00 -6.1582706508e-02
3.4018126514e+00 -5.8581570892e-02
3.1887461419e+00 -5.5369478533e-02
2.9682321043e+00 -5.1958322573e-02
2.7401596691e+00 -4.8338461472e-02
2.5043995775e+00 -4.4506304076e-02
2.2608423866e+00 -4.0463805745e-02
2.0093432753e+00 -3.6207287308e-02
1.7497476122e+00 -3.1735942196e-02
1.4819907030e+00 -2.7048575208e-02
1.2058984930e+00 -2.2146748731e-02
9.2132692258e-01 -1.7023516693e-02
6.2812119903e-01 -1.1665146118e-02
3.2613030686e-01 -6.0916571767e-03
1.5618653092e-02 -2.9266627432e-04
