7.6832005524e-06 -7.7576775992e-08
3.1791603885e-01 -2.9542575026e-04
6.2978884490e-01 -1.0890893159e-03
9.3562610135e-01 -2.3810682736e-03
1.2354278082e+00 -4.1713626235e-03
1.5291939654e+00 -6.4599723655e-03
1.8169245731e+00 -9.2468974996e-03
2.0986584140e+00 -1.2514947411e-02
2.3745787503e+00 -1.6213336017e-02
2.6447071768e+00 -2.0338834096e-02
2.9090436934e+00 -2.4891441647e-02
3.1675883002e+00 -2.9871158670e-02
3.4203409971e+00 -3.5277985166e-02
3.6673017841e+00 -4.1111921135e-02
3.9084672994e+00 -4.7340635050e-02
4.1439810772e+00 -5.3923147248e-02
4.3739008131e+00 -6.0843142495e-02
4.5982265070e+00 -6.8100620791e-02
4.8169581589e+00 -7.5695582137e-02
5.0300957689e+00 -8.3628026531e-02
5.2376393369e+00 -9.1897953975e-02
5.4395888630e+00 -1.0050536447e-01
5.6360081642e+00 -1.0945135137e-01
5.8270230705e+00 -1.1867134298e-01
6.0125430522e+00 -1.2813301397e-01
6.1926507657e+00 -1.3785107470e-01
6.3673462111e+00 -1.4782552518e-01
6.5366293882e+00 -1.5805636541e-01
6.7005002972e+00 -1.6854359538e-01
6.8590278166e+00 -1.7927568988e-01
7.0122099307e+00 -1.9019535093e-01
7.1600150802e+00 -2.0129548117e-01
7.3024943810e+00 -2.1257366657e-01
7.4396986619e+00 -2.2403046795e-01
7.5716279230e+00 -2.3566588531e-01
7.6982873092e+00 -2.4747703692e-01
7.8196816027e+00 -2.5941441954e-01
7.9357944977e+00 -2.7146019846e-01
8.0466259942e+00 -2.8361437367e-01
8.1522043526e+00 -2.9587325701e-01
8.2525993046e+00 -3.0822027873e-01
8.3478138355e+00 -3.2065368966e-01
8.4378060978e+00 -3.3313912848e-01
8.5225554610e+00 -3.4565425559e-01
8.6020619252e+00 -3.5819907098e-01
8.6763283324e+00 -3.7077226960e-01
8.7454174083e+00 -3.8334280141e-01
8.8093539692e+00 -3.9589809395e-01
8.8681208155e+00 -4.0842466503e-01
8.9216323592e+00 -4.2089506136e-01
8.9698864105e+00 -4.3330888092e-01
9.0129081190e+00 -4.4564970648e-01
9.0507525437e+00 -4.5788980290e-01
9.0834209773e+00 -4.7002763814e-01
9.1108357101e+00 -4.8202564662e-01
9.1329627201e+00 -4.9386928043e-01
9.1498020071e+00 -5.0555853958e-01
9.1613535469e+00 -5.1708854069e-01
9.1676682815e+00 -5.2841110800e-01
9.1687469575e+00 -5.3951887748e-01
9.1644741392e+00 -5.5036114763e-01
9.1548395250e+00 -5.6092911868e-01
9.1398431148e+00 -5.7122279066e-01
9.1194849087e+00 -5.8124216354e-01
9.0937594739e+00 -5.9097694302e-01
9.0626516596e+00 -6.0037318888e-01
9.0260604235e+00 -6.0935843776e-01
8.9839848143e+00 -6.1793090950e-01
8.9364274066e+00 -6.2609641550e-01
8.8833882003e+00 -6.3385495574e-01
8.8248608940e+00 -6.4119557589e-01
8.7606817415e+00 -6.4804744402e-01
8.6908477250e+00 -6.5440061831e-01
8.6153607697e+00 -6.6018476294e-01
8.5342208756e+00 -6.6539987791e-01
8.4474280427e+00 -6.7004596322e-01
8.3549485153e+00 -6.7409385140e-01
8.2565562399e+00 -6.7749660113e-01
8.1522198872e+00 -6.8027649121e-01
8.0420073124e+00 -6.8233439444e-01
7.9259315581e+00 -6.8363392942e-01
7.8039926242e+00 -6.8417509616e-01
7.6761013021e+00 -6.8392369211e-01
7.5419888687e+00 -6.8285461822e-01
7.4016419722e+00 -6.8097004824e-01
7.2551043004e+00 -6.7819733264e-01
7.1024548382e+00 -6.7444663345e-01
6.9436653354e+00 -6.6972527316e-01
6.7784375418e+00 -6.6399886612e-01
6.6066978915e+00 -6.5723285849e-01
6.4284463847e+00 -6.4942725028e-01
6.2436463840e+00 -6.4052506885e-01
6.0523674505e+00 -6.3037344315e-01
5.8545845018e+00 -6.1907457555e-01
5.6499335824e+00 -6.0645720865e-01
5.4384092861e+00 -5.9251574643e-01
5.2200116130e+00 -5.7725018888e-01
4.9947405630e+00 -5.6066053600e-01
4.7624520109e+00 -5.4263892902e-01
4.5229840320e+00 -5.2299622017e-01
