2.7760721501e+02
2.7719670022e+02
2.7801770154e+02
2.7679750684e+02
2.7842091042e+02
2.7639958741e+02
2.7881907383e+02
2.7599897080e+02
2.7921793168e+02
2.7559369194e+02
2.7962744804e+02
2.7518838688e+02
2.8003693890e+02
2.7478677188e+02
2.8044592902e+02
2.7438576630e+02
2.8085479545e+02
2.7398423235e+02
2.8126353564e+02
2.7358134286e+02
2.8166516492e+02
2.7317842028e+02
2.8206678895e+02
2.7277773897e+02
2.8247185983e+02
2.7237755244e+02
2.8288055725e+02
2.7197784427e+02
2.8328927472e+02
2.7157896487e+02
2.8369620207e+02
2.7118004961e+02
2.8410309418e+02
2.7077834931e+02
2.8450931295e+02
2.7037584552e+02
2.8491493280e+02
2.6997561985e+02
2.8532057979e+02
2.6958162582e+02
2.8572934982e+02
2.6918758781e+02
2.8613832493e+02
2.6878890670e+02
2.8654490257e+02
2.6838856611e+02
2.8694838875e+02
2.6798859635e+02
2.8735190755e+02
2.6758944401e+02
2.8776244211e+02
2.6719023634e+02
2.8817376049e+02
2.6679656318e+02
2.8858286623e+02
2.6640528399e+02
2.8898870487e+02
2.6601327117e+02
2.8939458055e+02
2.6561752353e+02
2.8980388894e+02
2.6522171909e+02
2.9021377263e+02
2.6482776798e+02
2.9062286702e+02
2.6443477888e+02
2.9103072083e+02
2.6404198937e+02
2.9143862043e+02
2.6364989605e+02
2.9184601140e+02
2.6325773830e+02
2.9225330385e+02
2.6286620102e+02
2.9266078578e+02
2.6247504594e+02
2.9306896959e+02
2.6208405075e+02
2.9347720116e+02
2.6169375397e+02
2.9388572728e+02
2.6130338331e+02
2.9429435587e+02
2.6091461723e+02
2.9470235066e+02
2.6052703639e+02
2.9510877220e+02
2.6013948853e+02
2.9551524749e+02
2.5975121723e+02
2.9592192541e+02
2.5936286530e+02
2.9632868982e+02
2.5897657522e+02
2.9673692876e+02
2.5859208485e+02
2.9715087050e+02
2.5820762954e+02
2.9756487313e+02
2.5782250163e+02
2.9796946958e+02
2.9836999782e+02
2.5743728961e+02
2.9877227738e+02
2.5705290950e+02
2.9918283432e+02
2.5666939475e+02
2.9959345217e+02
2.5628581553e+02
3.0000057088e+02
2.5590596520e+02
3.0040587771e+02
2.5552604033e+02
3.0081127443e+02
2.5514582408e+02
3.0121746163e+02
2.5476529292e+02
3.0162371671e+02
2.5438469444e+02
3.0203033068e+02
2.5400591784e+02
3.0243717872e+02
2.5362706021e+02
3.0284378987e+02
2.5324938564e+02
3.0324848268e+02
2.5287344646e+02
3.0365324609e+02
2.5249743427e+02
3.0405929340e+02
2.5212195602e+02
3.0446629154e+02
2.5174631853e+02
3.0487303738e+02
2.5137196133e+02
3.0527602421e+02
2.5099984370e+02
3.0567908779e+02
2.5062764802e+02
3.0608389967e+02
2.5025479095e+02
3.0649022319e+02
2.4988159271e+02
3.0689652314e+02
3.0730320212e+02
2.4950991110e+02
3.0770996301e+02
2.4914139181e+02
3.0811400006e+02
2.4877278257e+02
3.0851524574e+02
2.4840440738e+02
3.0891655940e+02
2.4803588047e+02
3.0931571560e+02
2.4766794455e+02
3.0971494599e+02
2.4730161684e+02
3.1011772106e+02
2.4693519226e+02
3.1052470972e+02
2.4657148187e+02
3.1093174884e+02
2.4620835892e+02
3.1133524893e+02
2.4584529786e+02
3.1173871873e+02
2.4548268206e+02
3.1214125386e+02
2.4511996563e+02
3.1254242053e+02
2.4475870282e+02
3.1294366370e+02
2.4439772438e+02
3.1334016158e+02
2.4403750288e+02
3.1373623036e+02
3.1413575083e+02
2.4368048059e+02
3.1454097281e+02
2.4332335199e+02
3.1494625530e+02
2.4296679396e+02
3.1534339454e+02
2.4261023832e+02
3.1573934079e+02
2.4225401325e+02
3.1613785745e+02
2.4189994361e+02
3.1654140920e+02
2.4154576174e+02
3.1694503590e+02
2.4119386137e+02
3.1733876907e+02
2.4084291836e+02
3.1773038077e+02
2.4049187256e+02
3.1812554121e+02
2.4014100530e+02
3.1852911851e+02
2.3979002115e+02
3.1893276571e+02
2.3944301077e+02
3.1933058861e+02
3.1972690650e+02
2.3909831551e+02
3.2012348622e+02
2.3875319249e+02
3.2052063467e+02
2.3840511228e+02
3.2091787216e+02
2.3805690154e+02
3.2131077779e+02
2.3771181766e+02
3.2170224117e+02
2.3736888301e+02
3.2209531338e+02
2.3702592703e+02
3.2249406019e+02
2.3668538916e+02
3.2289288521e+02
2.3634471329e+02
3.2328599145e+02
2.3600596234e+02
3.2367675291e+02
2.3566871692e+02
3.2406835127e+02
3.2446356713e+02
2.3533130993e+02
3.2485887244e+02
2.3499414971e+02
3.2525314859e+02
2.3465684890e+02
3.2564706087e+02
2.3432167297e+02
3.2604031898e+02
2.3398848552e+02
3.2642859614e+02
2.3365512524e+02
3.2681696958e+02
2.3332367530e+02
3.2720911586e+02
2.3299213990e+02
3.2760382751e+02
2.3266226069e+02
3.2799789334e+02
2.3233422765e+02
3.2838443659e+02
2.3200601620e+02
3.2877108379e+02
3.2915948142e+02
2.3167819689e+02
3.2954932021e+02
2.3135026284e+02
3.2993911367e+02
2.3102531663e+02
3.3032592757e+02
2.3070453579e+02
3.3071284623e+02
2.3038357101e+02
3.3109945888e+02
2.3005949243e+02
3.3148592907e+02
2.2973488482e+02
3.3187251498e+02
2.2941358133e+02
3.3225863992e+02
2.2909774785e+02
3.3264487059e+02
3.3302999806e+02
2.2878171973e+02
3.3341411638e+02
2.2846314041e+02
3.3379835991e+02
2.2814397042e+02
3.3418320322e+02
2.2782749887e+02
3.3456817115e+02
2.2751641865e+02
3.3495139953e+02
2.2720514049e+02
3.3533261567e+02
2.2689336883e+02
3.3571395922e+02
2.2658134753e+02
3.3609605507e+02
2.2627039582e+02
3.3647831103e+02
3.3686001822e+02
2.2596203768e+02
3.3724104847e+02
2.2565347459e+02
3.3762220979e+02
2.2534753927e+02
3.3800200208e+02
2.2504227417e+02
3.3838172663e+02
2.2473746787e+02
3.3876001457e+02
2.2443407922e+02
3.3913589236e+02
2.2413047891e+02
3.3951190322e+02
2.2382979663e+02
3.3988969692e+02
3.4026790444e+02
2.2353009336e+02
3.4064634288e+02
2.2323071873e+02
3.4102535001e+02
2.2293276527e+02
3.4140449594e+02
2.2263459535e+02
3.4177699094e+02
2.2233880730e+02
3.4214800300e+02
2.2204399901e+02
3.4251931736e+02
2.2174930588e+02
3.4289131855e+02
2.2145558565e+02
3.4326345882e+02
3.4363707115e+02
2.2116164107e+02
3.4401121224e+02
2.2087252838e+02
3.4438359170e+02
2.2058596675e+02
3.4475059101e+02
2.2029917963e+02
3.4511773030e+02
2.2001149393e+02
3.4548886692e+02
2.1972357259e+02
3.4586158330e+02
2.1944020105e+02
3.4623283288e+02
2.1915973160e+02
3.4659834249e+02
3.4696399938e+02
2.1887847337e+02
3.4733119430e+02
2.1858820341e+02
3.4769916169e+02
2.1829766268e+02
3.4806539669e+02
2.1801911914e+02
3.4842260704e+02
2.1774976279e+02
3.4877996291e+02
2.1747978390e+02
3.4914431375e+02
2.1719789137e+02
3.4951253870e+02
3.4987995190e+02
2.1691572895e+02
3.5024184591e+02
2.1664160916e+02
3.5060389633e+02
2.1637476120e+02
3.5096349510e+02
2.1610779024e+02
3.5132154724e+02
2.1583676493e+02
3.5167969352e+02
2.1556546573e+02
3.5203795852e+02
3.5239638360e+02
2.1529606508e+02
3.5275203514e+02
2.1502872270e+02
3.5310558629e+02
2.1476113822e+02
3.5345923222e+02
2.1450196230e+02
3.5381282161e+02
2.1424274279e+02
3.5416657372e+02
2.1398124053e+02
3.5451887863e+02
2.1371696517e+02
3.5486988508e+02
3.5522098536e+02
2.1345243689e+02
3.5556993952e+02
2.1319628351e+02
3.5591906290e+02
2.1294044641e+02
3.5626643786e+02
2.1268498751e+02
3.5661193835e+02
2.1243023315e+02
3.5695759928e+02
2.1217520983e+02
3.5730103443e+02
3.5764460005e+02
2.1192397871e+02
3.5798696366e+02
2.1167288203e+02
3.5832777569e+02
2.1142309855e+02
3.5866875287e+02
2.1117584484e+02
3.5900770225e+02
2.1092830407e+02
3.5934671047e+02
2.1068381511e+02
3.5968382789e+02
3.6001806515e+02
2.1043953775e+02
3.6035247605e+02
2.1019607068e+02
3.6068454904e+02
2.0995464629e+02
3.6101652920e+02
2.0971291279e+02
3.6134708520e+02
2.0947837537e+02
3.6167500527e+02
2.0924526444e+02
3.6200310709e+02
3.6232828533e+02
2.0901116537e+02
3.6265314012e+02
2.0877507102e+02
3.6297708168e+02
2.0853864669e+02
3.6329889550e+02
2.0831106280e+02
3.6362090371e+02
2.0808585833e+02
3.6393143323e+02
3.6423933298e+02
2.0786062521e+02
3.6454950471e+02
2.0763606471e+02
3.6486511790e+02
2.0741114131e+02
3.6518091702e+02
2.0719318939e+02
3.6548833323e+02
2.0697751504e+02
3.6579343053e+02
2.0676256672e+02
3.6609742726e+02
3.6639752146e+02
2.0655166123e+02
3.6669783014e+02
2.0634035805e+02
3.6699289503e+02
2.0613590485e+02
3.6728619537e+02
2.0593417545e+02
3.6757779107e+02
2.0573343441e+02
3.6786195726e+02
3.6814636177e+02
2.0553968373e+02
3.6842579715e+02
2.0534547785e+02
3.6870316718e+02
2.0516055406e+02
3.6897870650e+02
2.0498028507e+02
3.6924366555e+02
2.0480116562e+02
3.6950889548e+02
3.6976529989e+02
2.0463357335e+02
3.7001704097e+02
2.0446542940e+02
3.7026709893e+02
2.0431640214e+02
3.7050311556e+02
2.0417938433e+02
3.7073944631e+02
2.0404392105e+02
3.7096257805e+02
3.7117729881e+02
2.0393269656e+02
3.7138960217e+02
2.0382078398e+02
3.7157077062e+02
2.0376860948e+02
3.7175233906e+02
2.0376247627e+02
3.7188662597e+02
2.0374568308e+02
3.7198431884e+02
3.7209218579e+02
2.0349327534e+02
3.7243152031e+02
2.0323937359e+02
3.7277173927e+02
2.0433661917e+02
3.7177356865e+02
2.0669483601e+02
3.6953280631e+02
2.0905372588e+02
3.6729172923e+02
