2.1940473751e+02
2.1949120239e+02
2.1957589239e+02
2.1965611920e+02
2.1973435370e+02
2.1981118398e+02
2.1988145170e+02
2.1995142870e+02
2.2001874240e+02
2.2008191097e+02
2.2014352180e+02
2.2020181016e+02
2.2025755058e+02
2.2030998122e+02
2.2036210585e+02
2.2040818392e+02
2.2045452536e+02
2.2050048847e+02
2.2054045719e+02
2.2057945506e+02
2.2061732538e+02
2.2065115296e+02
2.2068332167e+02
2.2071374593e+02
2.2074247480e+02
2.2076968619e+02
2.2079332587e+02
2.2081562151e+02
2.2083569776e+02
2.2085489296e+02
2.2087263136e+02
2.2088705289e+02
2.2089980702e+02
2.2091076817e+02
2.2091983876e+02
2.2092813844e+02
2.2093329609e+02
2.2093826250e+02
2.2094145503e+02
2.2094100191e+02
2.2094078016e+02
2.2093853009e+02
2.2093369223e+02
2.2092689011e+02
2.2091884283e+02
2.2090878876e+02
2.2089711875e+02
2.2088265894e+02
2.2086707075e+02
2.2085005380e+02
2.2083008983e+02
2.2081015921e+02
2.2078645231e+02
2.2076002009e+02
2.2073436800e+02
2.2070353011e+02
2.2066986510e+02
2.2063831034e+02
2.2060024398e+02
2.2056127911e+02
2.2052255166e+02
2.2047694464e+02
2.2042989433e+02
2.2038149646e+02
2.2032731452e+02
2.2027450639e+02
2.2021672599e+02
2.2015576542e+02
2.2009160246e+02
2.2002180185e+02
2.1995509524e+02
2.1987827918e+02
2.1979949855e+02
2.1972167411e+02
2.1963331754e+02
2.1954594603e+02
2.1945619892e+02
2.1935221209e+02
2.1925572498e+02
2.1915216726e+02
2.1903714263e+02
2.1892673891e+02
2.1880988454e+02
2.1868445064e+02
2.1855701836e+02
2.1843033658e+02
2.1829253334e+02
2.1814435055e+02
2.1801625273e+02
2.1785874468e+02
2.1770565907e+02
2.1757208847e+02
2.1737511394e+02
2.1724497109e+02
2.1710159029e+02
2.1691785155e+02
2.1681202048e+02
2.1664580171e+02
2.1645395588e+02
2.1807541202e+02
