1.9985033714e+02
1.9993417444e+02
2.0001569552e+02
2.0009328893e+02
2.0016839128e+02
2.0024065771e+02
2.0031118473e+02
2.0037660280e+02
2.0044037885e+02
2.0050198458e+02
2.0056045859e+02
2.0061690472e+02
2.0066888911e+02
2.0072012070e+02
2.0076839059e+02
2.0081360055e+02
2.0085717588e+02
2.0089808550e+02
2.0093662672e+02
2.0097361795e+02
2.0100711890e+02
2.0103911709e+02
2.0106921311e+02
2.0109625801e+02
2.0112207572e+02
2.0114635361e+02
2.0116737607e+02
2.0118677461e+02
2.0120463148e+02
2.0121967283e+02
2.0123315563e+02
2.0124475139e+02
2.0125384582e+02
2.0126326968e+02
2.0126844918e+02
2.0127205118e+02
2.0127672157e+02
2.0127645749e+02
2.0127465203e+02
2.0127256088e+02
2.0126627540e+02
2.0126001281e+02
2.0125272938e+02
2.0123973030e+02
2.0122839769e+02
2.0121443667e+02
2.0119813370e+02
2.0117947702e+02
2.0115931743e+02
2.0113856512e+02
2.0111351702e+02
2.0108853878e+02
2.0106052950e+02
2.0102997114e+02
2.0099646859e+02
2.0096297653e+02
2.0092495349e+02
2.0088570472e+02
2.0084502500e+02
2.0079925492e+02
2.0075483859e+02
2.0070602615e+02
2.0065376719e+02
2.0059852589e+02
2.0054326432e+02
2.0048262262e+02
2.0042056156e+02
2.0035380925e+02
2.0028571620e+02
2.0021395581e+02
2.0013871234e+02
2.0006296063e+02
1.9997765404e+02
1.9989432847e+02
1.9980453202e+02
1.9971128302e+02
1.9961509799e+02
1.9951718296e+02
1.9941497873e+02
1.9930234989e+02
1.9919485197e+02
1.9907832047e+02
1.9896390856e+02
1.9883339202e+02
1.9871238215e+02
1.9858242178e+02
1.9844458733e+02
1.9831136799e+02
1.9817040654e+02
1.9801926619e+02
1.9788184960e+02
1.9772189507e+02
1.9758032431e+02
1.9742118832e+02
1.9728841482e+02
1.9709664317e+02
1.9708900594e+02
1.9684373690e+02
1.9670355235e+02
1.9836370814e+02
