6.7297758878e-06 2.2338206876e-06
2.6528924849e-01 -1.0677324274e-03
5.2435724586e-01 -4.1533029633e-03
7.7715579593e-01 -9.2676813380e-03
1.0235310257e+00 -1.6232797822e-02
1.2635082643e+00 -2.4992764947e-02
1.4970004843e+00 -3.5481885052e-02
1.7238858269e+00 -4.7538141267e-02
1.9441578100e+00 -6.1157232436e-02
2.1577626060e+00 -7.6203636478e-02
2.3646911551e+00 -9.2577699312e-02
2.5649348955e+00 -1.1025665024e-01
2.7584328441e+00 -1.2907470858e-01
2.9451819200e+00 -1.4899587133e-01
3.1251992271e+00 -1.6993097634e-01
3.2984818369e+00 -1.9176359248e-01
3.4650260990e+00 -2.1447646572e-01
3.6248337069e+00 -2.3791764509e-01
3.7779174054e+00 -2.6204870016e-01
3.9243041601e+00 -2.8678929757e-01
4.0640340608e+00 -3.1203479470e-01
4.1970978347e+00 -3.3776534175e-01
4.3235360665e+00 -3.6384188417e-01
4.4433893315e+00 -3.9023589651e-01
4.5566752520e+00 -4.1686008782e-01
4.6634559877e+00 -4.4363565939e-01
4.7637208451e+00 -4.7053339300e-01
4.8575554833e+00 -4.9742304366e-01
4.9449742031e+00 -5.2429113604e-01
5.0260333150e+00 -5.5105477760e-01
5.1007928405e+00 -5.7762975555e-01
5.1692604197e+00 -6.0401139500e-01
5.2315240647e+00 -6.3008266842e-01
5.2876355124e+00 -6.5579387345e-01
5.3375854428e+00 -6.8112081162e-01
5.3814872481e+00 -7.0595258916e-01
5.4193598650e+00 -7.3027949441e-01
5.4512938015e+00 -7.5403965652e-01
5.4773282696e+00 -7.7715728264e-01
5.4974876586e+00 -7.9960533794e-01
5.5118823186e+00 -8.2129554225e-01
5.5205311738e+00 -8.4222471056e-01
5.5235351880e+00 -8.6231621035e-01
5.5209390483e+00 -8.8153270107e-01
5.5127855078e+00 -8.9982020269e-01
5.4991707521e+00 -9.1711816892e-01
5.4801297623e+00 -9.3342385030e-01
5.4557922683e+00 -9.4866297016e-01
5.4261347685e+00 -9.6279915888e-01
5.3913096370e+00 -9.7578525337e-01
5.3513671495e+00 -9.8758271034e-01
5.3063627788e+00 -9.9818246663e-01
5.2564261408e+00 -1.0075178588e+00
5.2015491166e+00 -1.0155542877e+00
5.1419143984e+00 -1.0222528733e+00
5.0775357199e+00 -1.0276033029e+00
5.0085630172e+00 -1.0315714395e+00
4.9350053920e+00 -1.0341021053e+00
4.8570344738e+00 -1.0351801070e+00
4.7747107173e+00 -1.0347989712e+00
4.6881736904e+00 -1.0329134485e+00
4.5974442068e+00 -1.0294983423e+00
4.5027168843e+00 -1.0245341592e+00
4.4040753661e+00 -1.0180131750e+00
4.3016397943e+00 -1.0099377439e+00
4.1955442027e+00 -1.0002595169e+00
4.0858443691e+00 -9.8896975892e-01
3.9727907548e+00 -9.7606599265e-01
3.8564199934e+00 -9.6156021593e-01
3.7369737708e+00 -9.4546992036e-01
3.6145007372e+00 -9.2774317610e-01
3.4892205769e+00 -9.0839818999e-01
3.3613071678e+00 -8.8745047639e-01
3.2308901881e+00 -8.6494884426e-01
3.0982288714e+00 -8.4091624764e-01
2.9633886437e+00 -8.1530007969e-01
2.8267335628e+00 -7.8816648327e-01
2.6883046932e+00 -7.5955652365e-01
2.5485040629e+00 -7.2956904525e-01
2.4074404514e+00 -6.9819821985e-01
2.2654495442e+00 -6.6547099717e-01
2.1227527695e+00 -6.3147430151e-01
1.9796151713e+00 -5.9630231951e-01
1.8364705495e+00 -5.6009672299e-01
1.6934806907e+00 -5.2285954199e-01
1.5512237094e+00 -4.8474066441e-01
1.4098006597e+00 -4.4579696000e-01
1.2699647929e+00 -4.0632597147e-01
1.1319334647e+00 -3.6641497364e-01
9.9641906629e-01 -3.2629207512e-01
8.6388063135e-01 -2.8607045303e-01
7.3501416833e-01 -2.4604126990e-01
6.1072105048e-01 -2.0660161695e-01
4.9186320343e-01 -1.6822903498e-01
3.7953796628e-01 -1.3129075983e-01
2.7495523033e-01 -9.6129628230e-02
1.8072429573e-01 -6.3405877416e-02
9.8472286217e-02 -3.4052610357e-02
3.7497548097e-02 -1.2571610675e-02
-1.4613292128e-05 4.0162409802e-06
