3.0378366189e+02
3.0326539751e+02
3.0430189051e+02
3.0275814755e+02
3.0482066993e+02
3.0225213175e+02
3.0534018667e+02
3.0174411206e+02
3.0585909897e+02
3.0123248692e+02
3.0636833396e+02
3.0072082019e+02
3.0687755795e+02
3.0020782055e+02
3.0739013691e+02
2.9969461495e+02
3.0790577979e+02
2.9918402049e+02
3.0842156508e+02
2.9867790375e+02
3.0894323737e+02
2.9817173592e+02
3.0946487963e+02
2.9766348538e+02
3.0998494119e+02
2.9715476482e+02
3.1050395314e+02
2.9664643260e+02
3.1102300984e+02
2.9613844819e+02
3.1153981397e+02
2.9563039638e+02
3.1205658176e+02
2.9512645542e+02
3.1257362941e+02
2.9462367304e+02
3.1309127568e+02
2.9412068507e+02
3.1360896807e+02
2.9361651111e+02
3.1412947859e+02
2.9311225544e+02
3.1465018597e+02
2.9261053062e+02
3.1517178566e+02
2.9210968809e+02
3.1569490695e+02
2.9160933448e+02
3.1621808047e+02
2.9111016309e+02
3.1673513109e+02
2.9061090288e+02
3.1725151113e+02
2.9011246858e+02
3.1777119029e+02
2.8961437247e+02
3.1829676208e+02
2.8911657857e+02
3.1882241009e+02
2.8861943176e+02
3.1934143158e+02
2.8812217873e+02
3.1985938699e+02
2.8762757988e+02
3.2037907558e+02
2.8713434811e+02
3.2090253795e+02
2.8664184104e+02
3.2142607673e+02
2.8615328532e+02
3.2194461415e+02
2.8566461595e+02
3.2246207022e+02
2.8517199218e+02
3.2298330290e+02
2.8467689310e+02
3.2351414643e+02
2.8418357359e+02
3.2404510218e+02
3.2456374001e+02
2.8370617959e+02
3.2507889778e+02
2.8322866603e+02
3.2559527311e+02
2.8274222444e+02
3.2611537434e+02
2.8224920885e+02
3.2663556792e+02
2.8175661658e+02
3.2715739479e+02
2.8126774019e+02
3.2767983469e+02
2.8077870873e+02
3.2820228874e+02
2.8030037346e+02
3.2872537898e+02
2.7983133902e+02
3.2924857752e+02
2.7936220088e+02
3.2976905999e+02
2.7887904769e+02
3.3028839462e+02
2.7839572126e+02
3.3080776194e+02
2.7791687171e+02
3.3132768019e+02
2.7744264417e+02
3.3184770948e+02
2.7696831029e+02
3.3236854038e+02
2.7649057194e+02
3.3288981856e+02
2.7601238808e+02
3.3341094559e+02
2.7554155645e+02
3.3393167501e+02
2.7507959977e+02
3.3445252645e+02
2.7461750256e+02
3.3497275460e+02
2.7414219932e+02
3.3549262056e+02
2.7366563073e+02
3.3601214878e+02
2.7319739583e+02
3.3652872151e+02
2.7274105490e+02
3.3704542227e+02
2.7228456342e+02
3.3756413922e+02
3.3808435230e+02
2.7182473858e+02
3.3860437770e+02
2.7136423375e+02
3.3912206120e+02
2.7090321056e+02
3.3963988480e+02
2.7044147750e+02
3.4015736441e+02
2.6997960898e+02
3.4067454002e+02
2.6952636171e+02
3.4119172579e+02
2.6907421131e+02
3.4171015602e+02
2.6862116852e+02
3.4222873047e+02
2.6816655823e+02
3.4274502482e+02
2.6771178857e+02
3.4325897495e+02
2.6726288159e+02
3.4377304944e+02
2.6681494356e+02
3.4428840204e+02
2.6636719135e+02
3.4480403900e+02
2.6592022122e+02
3.4531914355e+02
2.6547308812e+02
3.4583355730e+02
2.6503008930e+02
3.4634809664e+02
2.6458789388e+02
3.4685898554e+02
2.6414665767e+02
3.4736987098e+02
3.4788296578e+02
2.6370872781e+02
3.4839910401e+02
2.6327062251e+02
3.4891537419e+02
2.6283016357e+02
3.4942003014e+02
2.6238838170e+02
3.4992355620e+02
2.6194909991e+02
3.5043310929e+02
2.6151978854e+02
3.5095262631e+02
2.6109027195e+02
3.5147226503e+02
2.6066459987e+02
3.5198171056e+02
2.6024032596e+02
3.5248975477e+02
2.5981504524e+02
3.5299723552e+02
2.5938586850e+02
3.5350339374e+02
2.5895650500e+02
3.5400969435e+02
2.5853724379e+02
3.5451849197e+02
2.5812297449e+02
3.5502815588e+02
3.5553635197e+02
2.5770704425e+02
3.5604072854e+02
2.5728154031e+02
3.5654525033e+02
2.5685586630e+02
3.5705164755e+02
2.5643772431e+02
3.5755889983e+02
2.5602375404e+02
3.5806562011e+02
2.5560979151e+02
3.5857038895e+02
2.5519829841e+02
3.5907531967e+02
2.5478657261e+02
3.5957680285e+02
2.5437877631e+02
3.6007727376e+02
2.5397361705e+02
3.6057838450e+02
2.5356813672e+02
3.6108134262e+02
2.5316152504e+02
3.6158446400e+02
3.6208671324e+02
2.5275467237e+02
3.6258886120e+02
2.5235765693e+02
3.6309015804e+02
2.5196910663e+02
3.6358657575e+02
2.5158013218e+02
3.6408316873e+02
2.5117622726e+02
3.6458015912e+02
2.5077209736e+02
3.6507760116e+02
2.5037589444e+02
3.6557528903e+02
2.4998747016e+02
3.6607345414e+02
2.4959875311e+02
3.6657179752e+02
2.4921335455e+02
3.6706821581e+02
2.4882781971e+02
3.6756365100e+02
3.6805904110e+02
2.4844083146e+02
3.6855210909e+02
2.4805166751e+02
3.6904536992e+02
2.4766219631e+02
3.6953644831e+02
2.4729177522e+02
3.7002604274e+02
2.4692258253e+02
3.7051585519e+02
2.4654710258e+02
3.7100602717e+02
2.4616202312e+02
3.7149638631e+02
2.4577662682e+02
3.7198453142e+02
2.4540783069e+02
3.7247091575e+02
2.4504086247e+02
3.7295756843e+02
3.7344985357e+02
2.4467634051e+02
3.7394232044e+02
2.4431593735e+02
3.7442924925e+02
2.4395521901e+02
3.7491066802e+02
2.4358725494e+02
3.7539230427e+02
2.4321779365e+02
3.7587960320e+02
2.4285342730e+02
3.7636727529e+02
2.4249901469e+02
3.7685112342e+02
2.4214427472e+02
3.7733042196e+02
2.4178894240e+02
3.7780994543e+02
3.7829117220e+02
2.4143325078e+02
3.7877271491e+02
2.4107771278e+02
3.7925305514e+02
2.4072236113e+02
3.7973181531e+02
2.4036666188e+02
3.8021080647e+02
2.4002180019e+02
3.8068765867e+02
2.3967999869e+02
3.8116442708e+02
2.3933913212e+02
3.8164031082e+02
2.3900143530e+02
3.8211475644e+02
3.8258943697e+02
2.3866339115e+02
3.8306387851e+02
2.3832361477e+02
3.8353845596e+02
2.3798299492e+02
3.8401068211e+02
2.3764512010e+02
3.8447807808e+02
2.3731813288e+02
3.8494571281e+02
2.3699079084e+02
3.8541541912e+02
2.3666302159e+02
3.8588578221e+02
2.3633490143e+02
3.8635565950e+02
3.8682434204e+02
2.3600638705e+02
3.8729327155e+02
2.3567594786e+02
3.8775596545e+02
2.3534513552e+02
3.8821693029e+02
2.3502552991e+02
3.8867889417e+02
2.3471190701e+02
3.8914372648e+02
2.3439767455e+02
3.8960881108e+02
2.3408041980e+02
3.9006744561e+02
2.3376278585e+02
3.9052380484e+02
3.9098009307e+02
2.3345191629e+02
3.9143571804e+02
2.3314533975e+02
3.9189159508e+02
2.3283836088e+02
3.9234987922e+02
2.3252872184e+02
3.9280938417e+02
2.3221869336e+02
3.9326685149e+02
2.3191547049e+02
3.9371365464e+02
2.3161740996e+02
3.9416071626e+02
3.9461041306e+02
2.3131916459e+02
3.9506165352e+02
2.3102130673e+02
3.9551224487e+02
2.3072305237e+02
3.9595757042e+02
2.3042824687e+02
3.9640316083e+02
2.3013654811e+02
3.9684739747e+02
2.2984465623e+02
3.9729083321e+02
2.2955559141e+02
3.9773424217e+02
3.9817596562e+02
2.2926612029e+02
3.9861796198e+02
2.2897949228e+02
3.9905477031e+02
2.2869593190e+02
3.9948764839e+02
2.2841199124e+02
3.9992091655e+02
2.2813455644e+02
4.0035849496e+02
2.2785682404e+02
4.0079635093e+02
2.2758100313e+02
4.0122944037e+02
4.0165824516e+02
2.2730770081e+02
4.0208724919e+02
2.2703401056e+02
4.0250922844e+02
2.2675731940e+02
4.0293149114e+02
2.2647978377e+02
4.0335413440e+02
2.2621050212e+02
4.0377715474e+02
2.2595362019e+02
4.0420044496e+02
4.0461756680e+02
2.2569631417e+02
4.0503482060e+02
2.2543381601e+02
4.0545013985e+02
2.2517013732e+02
4.0586296194e+02
2.2490987298e+02
4.0627606718e+02
2.2465593085e+02
4.0668619227e+02
2.2440154462e+02
4.0709642154e+02
4.0750159781e+02
2.2415215846e+02
4.0789917074e+02
2.2390318883e+02
4.0829703616e+02
2.2365633064e+02
4.0869268265e+02
2.2341442911e+02
4.0908832588e+02
2.2317207110e+02
4.0948384035e+02
2.2293235651e+02
4.0987890257e+02
4.1027425953e+02
2.2269273189e+02
4.1065854989e+02
2.2245534269e+02
4.1104113091e+02
2.2222440238e+02
4.1142355304e+02
2.2199297582e+02
4.1180529323e+02
2.2176843545e+02
4.1218734348e+02
2.2154549237e+02
4.1256041252e+02
4.1293164515e+02
2.2132381223e+02
4.1329974972e+02
2.2110721361e+02
4.1365940342e+02
2.2089010146e+02
4.1401938839e+02
2.2067723700e+02
4.1437461538e+02
2.2046538221e+02
4.1472867034e+02
4.1508100643e+02
2.2025581647e+02
4.1542724004e+02
2.2005697839e+02
4.1577382588e+02
2.1985755686e+02
4.1610841130e+02
2.1966795862e+02
4.1643870607e+02
2.1948234387e+02
4.1676734590e+02
2.1929867062e+02
4.1708835514e+02
4.1740973834e+02
2.1912773412e+02
4.1771975309e+02
2.1895615151e+02
4.1802481963e+02
2.1879252181e+02
4.1832764426e+02
2.1863262478e+02
4.1861716673e+02
2.1847727415e+02
4.1890710207e+02
4.1918354066e+02
2.1835937955e+02
4.1945284515e+02
2.1824073005e+02
4.1971962544e+02
2.1813401438e+02
4.1996530716e+02
2.1803469435e+02
4.2021147304e+02
2.1793960416e+02
4.2043705157e+02
4.2064950763e+02
2.1790088115e+02
4.2085785892e+02
2.1786123562e+02
4.2101390101e+02
2.1787839716e+02
4.2117054945e+02
2.1793969895e+02
4.2126814903e+02
2.1799721151e+02
4.2132008372e+02
4.2137423760e+02
2.1798607346e+02
4.2146580619e+02
2.1797330872e+02
4.2155834524e+02
2.1925702304e+02
4.2038326162e+02
2.2175220159e+02
4.1803031159e+02
4.1567705229e+02
2.2424805517e+02
