6.3156871517e-04 2.5107282367e-06
7.4649895630e-05 1.3690782014e-06
8.9662638347e-04 -5.1159326622e-08
5.4647043316e-04 1.7436246880e-06
8.7536217767e-04 -3.8617740124e-06
8.7066774132e-04 4.0003181023e-06
5.6220137497e-04 -4.2210604078e-06
9.0358603978e-04 6.7908552288e-06
4.1409497919e-05 8.6669700072e-08
6.5033552587e-04 7.3080483129e-06
6.1378500253e-04 -4.1792103906e-06
1.0237834169e-04 2.0156588271e-06
8.9115789114e-04 -7.8310172474e-06
5.2752130496e-04 2.6015456403e-06
8.7398189547e-04 -9.5542225898e-06
8.6603655066e-04 7.9845815733e-06
5.7123859873e-04 -7.2405840192e-06
9.1473071004e-04 1.3596228204e-05
1.3592571635e-05 1.1311748481e-06
6.7265979770e-04 1.2206666166e-05
5.9310054099e-04 -2.0659772393e-06
1.2880761560e-04 3.2366647407e-06
8.7848716094e-04 -1.0356622349e-05
5.0796065156e-04 8.8313189851e-06
8.7843604163e-04 -1.7585864266e-05
8.6188712264e-04 1.6823111130e-05
5.9267670997e-04 -1.4116229363e-05
9.2009416068e-04 2.1267191238e-05
1.3968977280e-05 1.8499818114e-08
6.8528388011e-04 1.8641666325e-05
5.7038295066e-04 -1.2529564240e-05
1.5725231536e-04 5.6797170107e-06
8.6856632804e-04 -2.1221390883e-05
4.9085773072e-04 1.2677979269e-05
8.7796543203e-04 -2.3678462792e-05
8.5530057901e-04 2.3630232109e-05
6.0385113258e-04 -1.7722432587e-05
9.2370273011e-04 2.9044430873e-05
5.0435795770e-05 -1.4130877597e-06
7.0326451960e-04 2.5095216745e-05
5.3238514506e-04 -1.5243358439e-05
1.8661452524e-04 8.1841724979e-06
8.4295388679e-04 -2.6352766908e-05
4.7080447055e-04 1.6335636139e-05
8.5324070983e-04 -2.8964066829e-05
8.4805204214e-04 3.0479801402e-05
5.7133096346e-04 -2.0858249382e-05
9.2988045157e-04 3.6153231207e-05
7.1495193259e-05 -2.5817921778e-06
7.1957409207e-04 3.0348844562e-05
5.2708990018e-04 -1.8480151827e-05
2.1168672197e-04 1.0395631067e-05
8.3772638625e-04 -3.2130805022e-05
4.5077657131e-04 1.9227176154e-05
8.7314615873e-04 -3.7687755325e-05
8.4077686940e-04 3.6883556388e-05
6.3043723218e-04 -3.0135067210e-05
9.3100410120e-04 4.3972746004e-05
1.0071320750e-04 -5.2725564215e-06
7.3599792442e-04 3.7900640780e-05
4.9779111477e-04 -2.1612625000e-05
2.4141545357e-04 1.4293735342e-05
8.2218038234e-04 -3.8032494237e-05
4.2711330610e-04 2.2240247775e-05
8.7500950456e-04 -4.3408530894e-05
8.2853990644e-04 4.3410708868e-05
6.4385194849e-04 -3.3575005534e-05
9.3556826565e-04 5.1416440807e-05
1.2551043108e-04 -6.9263975215e-06
7.4940268717e-04 4.3965188978e-05
4.7888967995e-04 -2.4375158525e-05
2.6377948573e-04 1.7297468505e-05
8.1095005836e-04 -4.3801565353e-05
4.0542707359e-04 2.4405730098e-05
8.6849586211e-04 -5.2870527483e-05
8.2166803850e-04 4.9488355308e-05
6.5177584835e-04 -4.5896879543e-05
9.3642095868e-04 5.8684930505e-05
1.5182003135e-04 -1.2359472729e-05
4.5515903162e-04 -2.8170073131e-05
7.5894099258e-04 5.0363337294e-05
7.9574231467e-04 -4.9986113256e-05
2.8894817690e-04 2.0839474731e-05
8.6195554054e-04 -5.5641793796e-05
3.8244399382e-04 2.4780886995e-05
6.4865909021e-04 -4.3065613209e-05
8.0840451838e-04 5.3583305064e-05
1.6897287493e-04 -1.1594796951e-05
9.3670140490e-04 6.6548095796e-05
4.3914577670e-04 -2.8781341373e-05
7.7636123413e-04 6.1668573249e-05
7.8900741441e-04 -5.3823434381e-05
3.1654755344e-04 2.8394849265e-05
8.5654287974e-04 -6.1810173891e-05
3.5960178596e-04 2.8044993059e-05
6.5621064813e-04 -5.0209093459e-05
7.9774552505e-04 6.1472649993e-05
1.9417630415e-04 -1.5843705567e-05
9.3465787953e-04 7.5999352931e-05
4.1938869661e-04 -3.1132627396e-05
7.8829171370e-04 7.4751795817e-05
7.7506288836e-04 -5.8969790558e-05
3.4017730050e-04 3.6946012130e-05
8.4925194921e-04 -6.7246438899e-05
3.2955751959e-04 2.9480401606e-05
6.6425779798e-04 -5.4609104172e-05
7.7736453864e-04 6.6776649810e-05
2.1686574350e-04 -1.8586157669e-05
9.3274490828e-04 8.2793413863e-05
3.8908484205e-04 -3.1627842519e-05
7.9708579370e-04 7.2527641050e-05
7.5166994674e-04 -6.2587247821e-05
3.6316003186e-04 3.4726003965e-05
8.4451972641e-04 -7.2981712771e-05
3.0837625318e-04 2.9104977478e-05
6.7598874675e-04 -6.0724929768e-05
7.6760854752e-04 7.1615433214e-05
2.3894038401e-04 -2.2470697816e-05
9.2951993100e-04 8.9429397227e-05
3.5761846617e-04 -3.2197550945e-05
8.0784325865e-04 8.3070376281e-05
7.2661602373e-04 -6.6262426232e-05
3.8713159048e-04 4.2893034543e-05
8.3564897946e-04 -7.8192034204e-05
2.7997721708e-04 2.9624447624e-05
6.8304570139e-04 -6.6043905475e-05
7.4795459579e-04 7.6486086890e-05
2.6219980434e-04 -2.6397912351e-05
9.2646848801e-04 9.6937795851e-05
3.3429178504e-04 -3.2278154391e-05
7.0883920403e-04 -6.9380101501e-05
8.1315724286e-04 8.8501304295e-05
8.2915608415e-04 -8.3761336166e-05
4.0633074363e-04 4.6750142736e-05
6.8722316269e-04 -7.2563220984e-05
2.5697791812e-04 2.9136952928e-05
2.8007217567e-04 -3.0977089622e-05
7.3592216868e-04 8.0625146082e-05
3.1258647063e-04 -3.2571677213e-05
9.1997915186e-04 1.0347513634e-04
6.9483938667e-04 -7.2981776439e-05
8.2099289959e-04 9.4685365554e-05
8.1792185351e-04 -8.8399729775e-05
4.2663080866e-04 5.1277752024e-05
6.8818154487e-04 -7.6319121278e-05
2.2874361715e-04 2.8432551404e-05
2.9657300505e-04 -3.3966858982e-05
7.2084093229e-04 8.5959514576e-05
2.8619861546e-04 -3.2289951584e-05
9.1781833375e-04 1.1143969023e-04
6.7447603758e-04 -7.6290411008e-05
8.2510379439e-04 1.0458675258e-04
8.0847371565e-04 -9.3349070138e-05
4.4309529609e-04 5.9543057746e-05
6.8874776379e-04 -8.2513466658e-05
2.0086593329e-04 2.7595514672e-05
3.1388855528e-04 -3.9259141149e-05
7.0246940765e-04 8.9675158363e-05
2.6329496107e-04 -3.1753756953e-05
9.1066551095e-04 1.1847196984e-04
6.5573228859e-04 -7.8599407599e-05
8.3128343176e-04 1.1179599808e-04
7.9864753483e-04 -9.7845642411e-05
4.6257043855e-04 6.5233527822e-05
6.9140730037e-04 -8.6611362986e-05
1.7397773219e-04 2.5840262744e-05
3.2880069645e-04 -4.2552973139e-05
2.4072817391e-04 -3.0912438499e-05
6.8603217427e-04 9.3484818727e-05
6.4339858302e-04 -8.1776756409e-05
9.0062772056e-04 1.2515548543e-04
7.8775314171e-04 -1.0198120816e-04
8.3247078681e-04 1.2118358835e-04
6.7986130197e-04 -9.1282899287e-05
4.8019594375e-04 7.3834156516e-05
3.3637528952e-04 -4.6964364870e-05
1.4696728275e-04 2.4127918468e-05
2.2093805914e-04 -2.8863784525e-05
6.6349119967e-04 9.6864068248e-05
6.2854929895e-04 -8.1992760463e-05
8.9139238527e-04 1.3144289220e-04
7.7780093059e-04 -1.0544540959e-04
8.3652088189e-04 1.2676866438e-04
6.9341251180e-04 -9.7452127944e-05
4.9685016463e-04 7.8482393081e-05
3.6101450059e-04 -5.2651135730e-05
1.1813337388e-04 2.1216670613e-05
1.8868692139e-04 -2.7277408270e-05
6.4398021875e-04 9.9882239228e-05
5.9438714609e-04 -8.3953696623e-05
8.8122488321e-04 1.3730084920e-04
7.6049261423e-04 -1.0943769475e-04
8.3575625657e-04 1.3261616450e-04
6.8534624895e-04 -1.0177054301e-04
5.1006577783e-04 8.3567384287e-05
3.6898449646e-04 -5.6846350722e-05
1.6641466051e-04 -2.5514771238e-05
9.0869274436e-05 1.7099746936e-05
5.7838498817e-04 -8.5636284150e-05
6.2505973607e-04 9.9704188452e-05
7.5060007152e-04 -1.1318721689e-04
8.7079122111e-04 1.4181110574e-04
6.8285876514e-04 -1.0577224935e-04
8.3767926657e-04 1.4050010106e-04
3.7993133730e-04 -6.0749420666e-05
5.2549709426e-04 9.1011415945e-05
1.4565787344e-04 -2.3730463583e-05
6.0917362722e-05 1.3314069957e-05
5.6408051208e-04 -8.7862424152e-05
6.0228955362e-04 1.0359334371e-04
7.3663931667e-04 -1.1614014626e-04
8.5829394874e-04 1.4843176935e-04
6.7975054460e-04 -1.0948941351e-04
8.3846602937e-04 1.4789184021e-04
3.9219734455e-04 -6.4973736772e-05
5.4057250846e-04 9.8306198608e-05
1.1881490673e-04 -2.0484372497e-05
3.1081571329e-05 8.9556377262e-06
5.3504615769e-04 -8.6877084194e-05
5.7978611668e-04 1.0547877345e-04
7.2083450389e-04 -1.1858178201e-04
6.8043884858e-04 -1.1497669166e-04
8.4559812839e-04 1.5360317902e-04
4.0626410595e-04 -7.0888174797e-05
8.3362811838e-04 1.5263493469e-04
9.5751813492e-05 -1.7806673480e-05
5.4879422349e-04 1.0251849623e-04
5.1482454293e-04 -8.7206048598e-05
5.4499897727e-06 4.0338663663e-06
7.0677764899e-04 -1.2111750062e-04
5.5858248052e-04 1.0538586410e-04
6.7500420314e-04 -1.1963178554e-04
8.3095663202e-04 1.5767369867e-04
4.1466770046e-04 -7.6362641341e-05
8.3209027694e-04 1.6063634747e-04
7.3894826734e-05 -1.5011099211e-05
5.6223192642e-04 1.1148191962e-04
4.9527668658e-04 -8.7633358568e-05
1.5733264426e-05 7.2317187469e-06
6.9262523031e-04 -1.2350240842e-04
5.3567011314e-04 1.0718645948e-04
6.7022807942e-04 -1.2173770421e-04
8.1789879415e-04 1.6348079876e-04
4.2300601872e-04 -7.8535478682e-05
5.0121293926e-05 -1.0618396597e-05
8.2382869608e-04 1.6996246048e-04
4.6600457139e-04 -8.5485107207e-05
5.6460084938e-04 1.2219891915e-04
6.7192627177e-04 -1.2393051643e-04
4.4355746160e-05 1.3431752387e-05
6.6366847025e-04 -1.2411985663e-04
5.1334145820e-04 1.0837961414e-04
4.3010701687e-04 -8.2208032014e-05
8.0070692356e-04 1.6830943343e-04
2.7873013678e-05 -7.4103382051e-06
8.2060501944e-04 1.7541359905e-04
4.4627394495e-04 -8.5689728297e-05
5.7995430772e-04 1.2823591840e-04
6.5552250362e-04 -1.2612065813e-04
7.0433486807e-05 1.9919276419e-05
6.5495493089e-04 -1.2871225899e-04
4.8829730542e-04 1.0676101876e-04
4.3526752202e-04 -8.8343563591e-05
7.8258324809e-04 1.7056183551e-04
6.6166272889e-06 -4.1953156203e-06
4.2777482969e-04 -8.4838174278e-05
8.1160619872e-04 1.8033386031e-04
6.4068898648e-04 -1.2700540270e-04
5.8501152643e-04 1.3416923133e-04
6.5255361868e-04 -1.3051680691e-04
9.6650324908e-05 2.6674803828e-05
4.4718150637e-04 -9.0698087807e-05
4.6243202129e-04 1.0593518862e-04
1.4883052856e-05 -4.9796770000e-06
7.6271473509e-04 1.7326944988e-04
4.0578834827e-04 -8.3101569286e-05
8.0393286655e-04 1.8428311672e-04
6.2571868972e-04 -1.2828298813e-04
5.8927886409e-04 1.3745753514e-04
6.4146920972e-04 -1.3358208669e-04
1.1727877349e-04 3.0613872404e-05
4.4456697335e-04 -9.5046579899e-05
4.3822898934e-04 1.0378674443e-04
3.5930241393e-05 -1.0500729111e-05
3.8920155095e-04 -8.2701693603e-05
7.4624689478e-04 1.7570086331e-04
6.1055539826e-04 -1.2955939742e-04
7.9668347710e-04 1.8958567718e-04
6.2937568665e-04 -1.3587893154e-04
5.9510127959e-04 1.4482684719e-04
4.4517564807e-04 -9.8667221707e-05
1.3917467685e-04 3.7114219868e-05
5.6630988997e-05 -1.5339355642e-05
4.1333410935e-04 1.0140825994e-04
3.7025857076e-04 -8.1347615789e-05
7.2628779214e-04 1.7712392642e-04
5.9408648811e-04 -1.3001507949e-04
7.8512452889e-04 1.9331624427e-04
6.1931322653e-04 -1.3715008688e-04
5.9807695160e-04 1.4980728517e-04
4.4693725567e-04 -1.0091777899e-04
7.3491661971e-05 -1.9168930259e-05
1.6081787031e-04 4.3283136789e-05
3.4731188466e-04 -7.8900181021e-05
3.9058235632e-04 9.9977955816e-05
5.7536981344e-04 -1.2992400595e-04
7.0719437821e-04 1.7953576866e-04
6.0948117723e-04 -1.3915025132e-04
7.7238018824e-04 1.9742224815e-04
4.4869157653e-04 -1.0470234536e-04
5.9925040995e-04 1.5569207545e-04
9.1410573742e-05 -2.4168725233e-05
1.8001573431e-04 5.0205603798e-05
3.2697611517e-04 -7.6663769782e-05
3.6455470424e-04 9.7481889071e-05
5.5727636016e-04 -1.2961377266e-04
6.8599360613e-04 1.8118632662e-04
5.9832733900e-04 -1.4114727835e-04
4.4912533018e-04 -1.0880623895e-04
7.6171413941e-04 2.0328342859e-04
1.0728099588e-04 -2.9062552297e-05
6.0085714400e-04 1.6482888551e-04
3.0775586848e-04 -7.4120620856e-05
1.9750482380e-04 5.8032840689e-05
5.4012818841e-04 -1.2894836947e-04
3.3713084126e-04 9.2890156722e-05
5.8720713054e-04 -1.4306302409e-04
6.6244233222e-04 1.8011562676e-04
4.5174058406e-04 -1.1419997834e-04
7.4803689276e-04 2.0573916018e-04
1.2388080123e-04 -3.5044234206e-05
5.9946273693e-04 1.6877219722e-04
2.8220511127e-04 -7.0455813531e-05
2.1430791444e-04 6.4067603711e-05
5.1671499879e-04 -1.2723606545e-04
5.7505403732e-04 -1.4518284422e-04
3.1293395847e-04 9.0213064425e-05
4.4586813781e-04 -1.1838277000e-04
6.3962777307e-04 1.8094489962e-04
1.3581114540e-04 -4.0433187164e-05
7.3040017706e-04 2.0766816973e-04
2.6518778699e-04 -6.9933131385e-05
5.9676732198e-04 1.7238324371e-04
5.0042963285e-04 -1.2780748730e-04
2.2942980557e-04 6.9733135717e-05
5.6271258225e-04 -1.4302200383e-04
2.8835312312e-04 8.6274625392e-05
4.4739768128e-04 -1.1461283903e-04
6.1808391543e-04 1.8089410508e-04
1.4902784800e-04 -4.0768359613e-05
2.4667902045e-04 -6.5652463065e-05
7.1618465499e-04 2.1064036753e-04
4.8357810060e-04 -1.2598118504e-04
5.9343717570e-04 1.7817876333e-04
5.4774400922e-04 -1.4381210783e-04
2.4238929631e-04 7.6865544509e-05
4.4158325607e-04 -1.1967526649e-04
2.6276590691e-04 8.2152900736e-05
1.5916680160e-04 -4.6972057990e-05
5.9398102317e-04 1.8007001627e-04
2.2529468572e-04 -6.2366574278e-05
6.9837004879e-04 2.1257748213e-04
4.6242859397e-04 -1.2367594731e-04
5.8540860166e-04 1.8229115581e-04
5.3452478453e-04 -1.4359784832e-04
4.4112685323e-04 -1.2084973899e-04
2.5343234870e-04 8.3056485856e-05
1.7130213059e-04 -5.0214305425e-05
2.3794380426e-04 7.7115987719e-05
2.0744941703e-04 -5.8566054613e-05
5.6844248472e-04 1.7769136052e-04
4.4489987747e-04 -1.2150767774e-04
6.8051404644e-04 2.1340109622e-04
5.1802350135e-04 -1.4318237803e-04
5.7947089731e-04 1.8424213255e-04
4.2287648731e-04 -1.2336449659e-04
2.6339783503e-04 8.7370343187e-05
1.7297531911e-04 -5.4876132562e-05
2.1440703673e-04 7.2023774868e-05
1.9102984910e-04 -5.5697762238e-05
4.2767482237e-04 -1.1947535538e-04
5.4601446126e-04 1.7612392784e-04
5.0177440213e-04 -1.4118714428e-04
6.5954240597e-04 2.1303841569e-04
4.2356895669e-04 -1.2163670377e-04
5.6896041176e-04 1.8708262093e-04
1.8487300251e-04 -5.6492909658e-05
2.7167995849e-04 9.2982832019e-05
1.7008206859e-04 -5.2121317103e-05
1.9154135040e-04 6.5635180007e-05
4.0497526243e-04 -1.1742405272e-04
5.2141451489e-04 1.7171713935e-04
4.8589485603e-04 -1.4047928958e-04
4.1923693794e-04 -1.2363484666e-04
6.3955061250e-04 2.1268005819e-04
1.9292861563e-04 -6.0412473369e-05
5.5849374297e-04 1.9287335062e-04
1.5100200520e-04 -4.7719829149e-05
2.7773178326e-04 1.0098305875e-04
3.8414702553e-04 -1.1358190529e-04
1.6569153512e-04 5.9797424790e-05
4.6839299169e-04 -1.3838467354e-04
4.9137506134e-04 1.6761183998e-04
4.0500162935e-04 -1.2217023140e-04
6.1385201426e-04 2.1013601597e-04
1.9386223633e-04 -6.2182399399e-05
1.3471352307e-04 -4.4176023942e-05
5.4576808740e-04 1.8932320700e-04
3.6613379409e-04 -1.1096263600e-04
2.8386019236e-04 1.0195257660e-04
4.4989062180e-04 -1.3727185796e-04
1.4367965449e-04 5.4541229311e-05
3.9182294829e-04 -1.2769148069e-04
4.6433547395e-04 1.6449864542e-04
1.9529105484e-04 -7.0424799023e-05
5.8998389651e-04 2.0851452575e-04
1.1607719611e-04 -4.2825439171e-05
5.2951704692e-04 1.8992366801e-04
3.4233950393e-04 -1.0932006529e-04
4.3096005417e-04 -1.3579953761e-04
2.8417317598e-04 1.0598748036e-04
3.8635087827e-04 -1.2388692438e-04
1.2013438445e-04 4.8485048574e-05
2.0195018538e-04 -6.8927333860e-05
4.3558025918e-04 1.5928714475e-04
9.9184771776e-05 -3.7414986254e-05
5.6229533654e-04 2.0510052001e-04
3.2147598464e-04 -1.0428154029e-04
5.1184617108e-04 1.8985090401e-04
4.1196424142e-04 -1.3113983575e-04
2.8435765516e-04 1.1007859425e-04
3.7376710794e-04 -1.1993455098e-04
2.0185804593e-04 -6.8311868824e-05
9.7844507748e-05 4.3038957814e-05
8.3967413743e-05 -3.2510934974e-05
4.0508915465e-04 1.5410862202e-04
3.0376369904e-04 -9.9605629410e-05
5.3171406707e-04 2.0064794416e-04
3.9102396144e-04 -1.2751232140e-04
4.8699807657e-04 1.8730987917e-04
3.5079069411e-04 -1.1970224257e-04
2.7824824915e-04 1.1183238340e-04
1.9363796088e-04 -7.1879570132e-05
6.8673690913e-05 -3.0006628828e-05
7.7847192768e-05 3.6228507475e-05
2.7857887366e-04 -9.5226732007e-05
3.7255006245e-04 1.4481561503e-04
3.6680149675e-04 -1.2328803338e-04
4.9652721360e-04 1.9187256829e-04
3.4189048651e-04 -1.1650784383e-04
4.6167102943e-04 1.8072626888e-04
1.9794828405e-04 -7.1638177075e-05
2.7207036884e-04 1.1056058312e-04
5.2813040123e-05 -2.5905879991e-05
5.6999690587e-05 2.9802207895e-05
2.5466562220e-04 -9.0686380423e-05
3.4232042031e-04 -1.1872514096e-04
3.3697869488e-04 1.3677909781e-04
3.1990188832e-04 -1.1324159756e-04
4.5702117919e-04 1.8301092465e-04
1.8871650561e-04 -7.1965045941e-05
4.2793619334e-04 1.7396808637e-04
3.8592843505e-05 -2.3098448455e-05
2.5682506328e-04 1.0965181602e-04
2.2995480211e-04 -8.5666424655e-05
3.6766398825e-05 2.4606188165e-05
3.1414189147e-04 -1.1251819286e-04
2.9576382844e-04 -1.0752505976e-04
3.0253767866e-04 1.2709655981e-04
1.7881534484e-04 -6.9531626950e-05
4.1186410005e-04 1.7222684839e-04
2.5633274915e-05 -1.7809682168e-05
3.8199224850e-04 1.7301935710e-04
1.9893142257e-04 -7.4506608229e-05
2.3111912022e-04 1.1886200980e-04
2.7954608952e-04 -1.0096952225e-04
1.6940259662e-05 2.6428639049e-05
2.6984919341e-04 -9.7750029469e-05
1.6743501548e-04 -6.4617426813e-05
2.5379634104e-04 1.1977350250e-04
1.4231632581e-05 -1.7146361431e-05
3.4685092272e-04 1.5564014232e-04
1.8286857146e-04 -7.8461023568e-05
3.0546839261e-04 1.3488855953e-04
2.4396498509e-04 -9.8100555867e-05
1.7572621115e-04 8.9693779565e-05
2.2099991190e-04 -7.9072879671e-05
5.0872098895e-06 4.8296006018e-05
1.3612262608e-04 -5.6550753905e-05
7.5375003723e-06 -5.3957313613e-05
2.6161866937e-04 1.6656094706e-04
2.0579174111e-04 -1.8991817197e-04
2.9518533819e-04 1.6440543708e-04
2.2005925330e-04 -1.5794473248e-04
9.6775380851e-05 8.1625737517e-05
1.2158420475e-05 -3.8057039496e-05
-4.0272207847e-05 2.6913545689e-05
-1.1163666182e-04 6.3644647017e-06
-2.1339479381e-05 -4.5735984557e-06
-1.7425727197e-05 1.2317384248e-06
