-1.4834152795e-04 1.6748366194e-04
3.0175861478e-04 -1.3008245887e-03
8.6712349276e-04 2.2447974573e-03
2.0107613076e-03 -4.7821920592e-03
3.3078709154e-03 6.0701630238e-03
5.3406246001e-03 -1.0310761691e-02
6.4635338792e-03 1.0979737356e-02
9.5420359156e-03 -1.7212540525e-02
1.0105764632e-02 1.6670057267e-02
1.4327330025e-02 -2.5093397445e-02
1.4356873573e-02 2.3769068325e-02
2.0206065206e-02 -3.5247958516e-02
2.1482727487e-02 3.4794325908e-02
2.9970873088e-02 -5.0080541747e-02
3.1364649009e-02 4.7599700483e-02
4.3030763133e-02 -6.6800944178e-02
4.3591265466e-02 6.2311235028e-02
5.6617011499e-02 7.7901865243e-02
5.8410614500e-02 -8.5450304491e-02
7.0239534970e-02 9.4130223590e-02
7.4700291704e-02 -1.0502746843e-01
8.8331947000e-02 1.1289863778e-01
9.1823833496e-02 -1.2542331779e-01
1.0959867524e-01 1.3223502549e-01
1.1455244385e-01 -1.4911052070e-01
1.3359747802e-01 1.5191009000e-01
1.4078571894e-01 -1.7299547019e-01
1.6048178974e-01 1.7310095716e-01
1.7004568333e-01 -1.9684510476e-01
1.8880242897e-01 1.9585202345e-01
2.0282576389e-01 -2.2269008827e-01
2.1886471118e-01 2.1770805381e-01
2.3693848620e-01 -2.4973660322e-01
2.5226167995e-01 2.3865446022e-01
2.7272957003e-01 -2.7590661395e-01
2.8833583390e-01 2.5872463747e-01
3.1211254723e-01 -3.0073617142e-01
3.2658654667e-01 2.7777563454e-01
3.5410180882e-01 -3.2421990131e-01
3.6662761193e-01 2.9577654442e-01
3.9817290981e-01 -3.4624601339e-01
4.0994835827e-01 3.1592821458e-01
4.4377953131e-01 -3.6666341852e-01
4.5276675394e-01 3.3282819819e-01
4.9268093114e-01 -3.8797608025e-01
4.9768924237e-01 3.4769297206e-01
5.4144709301e-01 -4.0704027814e-01
5.4424920826e-01 3.6055864188e-01
5.9130199487e-01 -4.2293490059e-01
5.9194743923e-01 3.7142832584e-01
6.4025444981e-01 3.8027208678e-01
6.4253008374e-01 -4.3645944783e-01
6.8979749042e-01 3.8762493327e-01
6.9465584191e-01 -4.4766361294e-01
7.3911412970e-01 3.9276292042e-01
7.4696907151e-01 -4.5660068436e-01
7.8842669813e-01 3.9479367729e-01
7.9913012386e-01 -4.6323045689e-01
8.3864899499e-01 3.9487689176e-01
8.5011141297e-01 -4.6754475024e-01
8.8825853270e-01 3.9258154403e-01
9.0096564785e-01 -4.6903577336e-01
9.3698188708e-01 3.8805498730e-01
9.5143964316e-01 -4.6784143858e-01
9.8451492062e-01 3.8143336145e-01
1.0012460273e+00 -4.6408518363e-01
1.0329968201e+00 3.7224178996e-01
1.0500644845e+00 -4.5787535513e-01
1.0783722585e+00 3.6000704154e-01
1.0974743381e+00 -4.4865597435e-01
1.1215601250e+00 3.4552138399e-01
1.1437880820e+00 -4.3716352831e-01
1.1636582300e+00 3.2899025468e-01
1.1850662614e+00 -4.2236781081e-01
1.2044306103e+00 3.1065541947e-01
1.2248114193e+00 -4.0530407146e-01
1.2436042922e+00 2.9074916806e-01
1.2628645858e+00 -3.8624453148e-01
1.2811570875e+00 2.6755126991e-01
1.2990244950e+00 -3.6544947690e-01
1.3139986142e+00 2.4254515739e-01
1.3331408478e+00 -3.4256139808e-01
1.3431186436e+00 2.1647936360e-01
1.3634730155e+00 -3.1700610066e-01
1.3703323286e+00 1.8874543650e-01
1.3889613531e+00 -2.8966910888e-01
1.3955155110e+00 1.5964552613e-01
1.4109565862e+00 -2.6123834663e-01
1.4185041995e+00 1.2947751358e-01
1.4307962706e+00 -2.3153848595e-01
1.4389269911e+00 9.8385898925e-02
1.4483872045e+00 -2.0089120764e-01
1.4535762178e+00 6.5073086715e-02
1.4631188684e+00 -1.6922055919e-01
1.4671311472e+00 3.2318013948e-02
1.4727013118e+00 -1.3596194220e-01
1.4738434367e+00 -1.3908814032e-03
1.4774313531e+00 -1.0242094549e-01
1.4776980005e+00 -3.5310930957e-02
1.4788944674e+00 -6.9100941061e-02
