2.2902288641e+02
2.2909960212e+02
2.2917721145e+02
2.2925655141e+02
2.2933021359e+02
2.2940149535e+02
2.2946920243e+02
2.2953400804e+02
2.2959737453e+02
2.2965471210e+02
2.2971224335e+02
2.2976477948e+02
2.2981586619e+02
2.2986586764e+02
2.2991007132e+02
2.2995342857e+02
2.2999344232e+02
2.3003132179e+02
2.3006817675e+02
2.3010024567e+02
2.3013094017e+02
2.3015948812e+02
2.3018523708e+02
2.3020921729e+02
2.3022962109e+02
2.3024946349e+02
2.3026645263e+02
2.3028040853e+02
2.3029318875e+02
2.3030439748e+02
2.3031276542e+02
2.3031767535e+02
2.3032273206e+02
2.3032450253e+02
2.3032397945e+02
2.3032163640e+02
2.3031687065e+02
2.3031142615e+02
2.3030300035e+02
2.3029074435e+02
2.3027979724e+02
2.3026556691e+02
2.3024761344e+02
2.3022941319e+02
2.3020875930e+02
2.3018613469e+02
2.3015971878e+02
2.3013361463e+02
2.3010439325e+02
2.3007026566e+02
2.3003778860e+02
2.3000278432e+02
2.2996316689e+02
2.2992255139e+02
2.2987990595e+02
2.2983435968e+02
2.2978658565e+02
2.2973396173e+02
2.2968299021e+02
2.2962710332e+02
2.2956821977e+02
2.2950593101e+02
2.2944290657e+02
2.2937508361e+02
2.2930559820e+02
2.2923519138e+02
2.2915685094e+02
2.2907800243e+02
2.2899630639e+02
2.2891111886e+02
2.2882232783e+02
2.2872835060e+02
2.2863598023e+02
2.2853302317e+02
2.2843073095e+02
2.2832336734e+02
2.2821353338e+02
2.2809781476e+02
2.2797874028e+02
2.2786109030e+02
2.2772879407e+02
2.2760082712e+02
2.2746544882e+02
2.2732670008e+02
2.2718272151e+02
2.2703669464e+02
2.2689090035e+02
2.2672761677e+02
2.2658317890e+02
2.2641061596e+02
2.2624861540e+02
2.2609063628e+02
2.2592072331e+02
2.2574480943e+02
2.2558651346e+02
2.2545341182e+02
2.2526177463e+02
2.2505631763e+02
2.2524289584e+02
2.2611178982e+02
