-2.0365586441e-06 4.2834627170e-07
2.9538904319e-01 -4.9000865820e-04
5.8432614169e-01 -1.9377489471e-03
8.6677925587e-01 -4.2952329070e-03
1.1427024467e+00 -7.5342322189e-03
1.4120958613e+00 -1.1607874562e-02
1.6749077948e+00 -1.6484827817e-02
1.9311476512e+00 -2.2120423363e-02
2.1807718831e+00 -2.8482201236e-02
2.4237966235e+00 -3.5528981724e-02
2.6601912851e+00 -4.3228254417e-02
2.8899633452e+00 -5.1541552439e-02
3.1131041013e+00 -6.0435365812e-02
3.3296013826e+00 -6.9875528106e-02
3.5394820998e+00 -7.9823982898e-02
3.7427241713e+00 -9.0249299867e-02
3.9393535141e+00 -1.0111431467e-01
4.1293681338e+00 -1.1239282233e-01
4.3127712180e+00 -1.2404514275e-01
4.4895678016e+00 -1.3605335323e-01
4.6597823511e+00 -1.4836975559e-01
4.8234141020e+00 -1.6097825402e-01
4.9804794090e+00 -1.7384453237e-01
5.1309908010e+00 -1.8693327609e-01
5.2749707814e+00 -2.0022405183e-01
5.4124408687e+00 -2.1368255455e-01
5.5433873748e+00 -2.2728598841e-01
5.6678587738e+00 -2.4100447930e-01
5.7858429641e+00 -2.5481110893e-01
5.8973765364e+00 -2.6867971487e-01
6.0024694286e+00 -2.8258538427e-01
6.1011411271e+00 -2.9649921812e-01
6.1934058959e+00 -3.1040061487e-01
6.2792960585e+00 -3.2426027306e-01
6.3588013310e+00 -3.3805645188e-01
6.4319916293e+00 -3.5176257825e-01
6.4988374998e+00 -3.6535549053e-01
6.5593732501e+00 -3.7881476104e-01
6.6136222435e+00 -3.9210970828e-01
6.6616073675e+00 -4.0522163997e-01
6.7033239882e+00 -4.1812816855e-01
6.7388392043e+00 -4.3080354119e-01
6.7681337129e+00 -4.4322619392e-01
6.7912546716e+00 -4.5537029971e-01
6.8082038553e+00 -4.6721657464e-01
6.8190024134e+00 -4.7874090387e-01
6.8236925187e+00 -4.8991960126e-01
6.8222757607e+00 -5.0072979500e-01
6.8147935602e+00 -5.1114730813e-01
6.8012609021e+00 -5.2115000714e-01
6.7816996738e+00 -5.3071814608e-01
6.7561433832e+00 -5.3982304167e-01
6.7246133390e+00 -5.4844330207e-01
6.6871378340e+00 -5.5655712363e-01
6.6437421431e+00 -5.6413822079e-01
6.5944605600e+00 -5.7116087309e-01
6.5393176151e+00 -5.7760502210e-01
6.4783626117e+00 -5.8344709712e-01
6.4116012908e+00 -5.8865575436e-01
6.3391077945e+00 -5.9321319171e-01
6.2608743061e+00 -5.9708964406e-01
6.1769734029e+00 -6.0026077464e-01
6.0874346029e+00 -6.0269936310e-01
5.9923090848e+00 -6.0438049342e-01
5.8916384936e+00 -6.0527706118e-01
5.7854714312e+00 -6.0536069331e-01
5.6738743828e+00 -6.0460988279e-01
5.5568966666e+00 -6.0299370367e-01
5.4345947974e+00 -6.0048475608e-01
5.3070465939e+00 -5.9705563303e-01
5.1743245792e+00 -5.9268123542e-01
5.0365061324e+00 -5.8732518235e-01
4.8936651702e+00 -5.8096911978e-01
4.7459040360e+00 -5.7358177895e-01
4.5933145066e+00 -5.6513065665e-01
4.4360126391e+00 -5.5559773962e-01
4.2741013141e+00 -5.4495023428e-01
4.1077282860e+00 -5.3316317105e-01
3.9370069926e+00 -5.2021313384e-01
3.7621086867e+00 -5.0607496807e-01
3.5832162438e+00 -4.9072125740e-01
3.4004980917e+00 -4.7413962862e-01
3.2141518958e+00 -4.5630373573e-01
3.0244282765e+00 -4.3720464984e-01
2.8315741582e+00 -4.1682387363e-01
2.6358827287e+00 -3.9515666949e-01
2.4376823229e+00 -3.7220843371e-01
2.2373312780e+00 -3.4797947132e-01
2.0352791929e+00 -3.2249154432e-01
1.8320105997e+00 -2.9577652929e-01
1.6280752660e+00 -2.6787053429e-01
1.4241692794e+00 -2.3884026751e-01
1.2211280526e+00 -2.0878191883e-01
1.0199844585e+00 -1.7782316415e-01
8.2206122662e-01 -1.4616846448e-01
6.2903683067e-01 -1.1409909498e-01
4.4337136854e-01 -8.2041539314e-02
2.6892559788e-01 -5.0914045217e-02
1.1274054528e-01 -2.0848650656e-02
-1.5638536745e-05 -2.9365948750e-06
