-1.0423461021e-05 1.6117253129e-07
1.2951563139e-04 -4.0809133835e-06
5.3841118985e-01 -6.1618215416e-05
1.0657801549e+00 -2.5277659747e-04
1.3612725278e+00 -2.4814157774e-02
1.5820964718e+00 -5.7331397364e-04
2.0873823236e+00 -1.0213622617e-03
2.4947219100e+00 -4.8684347560e-02
2.5817784188e+00 -1.5928587651e-03
3.0653084424e+00 -2.2889358780e-03
3.4004776341e+00 -7.1614656831e-02
3.5379649003e+00 -3.1034108470e-03
3.9997766467e+00 -4.0408039555e-03
4.0914649436e+00 -9.4522240553e-02
4.4508443111e+00 -5.0971586764e-03
4.7579596631e+00 -1.2759638445e-01
4.8911866197e+00 -6.2751061761e-03
5.3208186319e+00 -7.5734661595e-03
5.3612857690e+00 -1.5873810791e-01
5.7398812340e+00 -9.0038727231e-03
5.9117247829e+00 -1.8335320257e-01
6.1482375547e+00 -1.0551174785e-02
6.4193859648e+00 -2.0311883621e-01
6.5460940227e+00 -1.2208820238e-02
6.8990003330e+00 -2.2090091863e-01
6.9334851046e+00 -1.3994275299e-02
7.3103213822e+00 -1.5906782431e-02
7.3500895842e+00 -2.3678327820e-01
7.6765581462e+00 -1.7948645951e-02
7.7739615785e+00 -2.5169695260e-01
8.0324200597e+00 -2.0120162310e-02
8.1779697658e+00 -2.6259341408e-01
8.3779188392e+00 -2.2408292555e-02
8.5631345164e+00 -2.7198433786e-01
8.7130820981e+00 -2.4810293312e-02
8.9294114840e+00 -2.7973703864e-01
9.0379065611e+00 -2.7325847789e-02
9.2775579649e+00 -2.8649558133e-01
9.3524310856e+00 -2.9967687812e-02
9.6106230411e+00 -2.9087517859e-01
9.6567337284e+00 -3.2746811656e-02
9.9293776932e+00 -2.9446586291e-01
9.9508350035e+00 -3.5642248949e-02
1.0233821921e+01 -2.9726763430e-01
1.0234708443e+01 -3.8648672261e-02
1.0508427731e+01 -4.1781161277e-02
1.0524348559e+01 -2.9922796770e-01
1.0772072704e+01 -4.5047726312e-02
1.0801604232e+01 -2.9971003755e-01
1.1025635204e+01 -4.8443881948e-02
1.1066226690e+01 -2.9913726212e-01
1.1269073026e+01 -5.1947968256e-02
1.1318593738e+01 -2.9840584491e-01
1.1502478361e+01 -5.5578070821e-02
1.1559233340e+01 -2.9662286831e-01
1.1725884533e+01 -5.9336000726e-02
1.1788091095e+01 -2.9405405381e-01
1.1939280457e+01 -6.3218511248e-02
1.2005161178e+01 -2.9070833739e-01
1.2142713352e+01 -6.7231274723e-02
1.2210776874e+01 -2.8713343934e-01
1.2336209332e+01 -7.1359561539e-02
1.2405756423e+01 -2.8297108173e-01
1.2519803344e+01 -7.5589673056e-02
1.2589833250e+01 -2.7848218269e-01
1.2693495122e+01 -7.9921584674e-02
1.2763093016e+01 -2.7361709091e-01
1.2857292904e+01 -8.4379312697e-02
1.2925516373e+01 -2.6857329119e-01
1.3011257748e+01 -8.8991274816e-02
1.3077547557e+01 -2.6302078467e-01
1.3155398846e+01 -9.3719219983e-02
1.3219286624e+01 -2.5741526536e-01
1.3289675795e+01 -9.8535863786e-02
1.3350733207e+01 -2.5175762441e-01
1.3414112417e+01 -1.0346752407e-01
1.3471874038e+01 -2.4591950754e-01
1.3528840933e+01 -1.0851431255e-01
1.3582814662e+01 -2.3978583619e-01
1.3633861342e+01 -1.1367622922e-01
1.3683655084e+01 -2.3355323877e-01
1.3729047406e+01 -1.1895393498e-01
1.3774515424e+01 -2.2741360765e-01
1.3814404779e+01 -1.2433391199e-01
1.3855398368e+01 -2.2116594041e-01
1.3890041672e+01 -1.2981172622e-01
1.3926358333e+01 -2.1483590129e-01
1.3955958087e+01 -1.3538737766e-01
1.3987395320e+01 -2.0842349029e-01
1.4012150817e+01 -1.4106104224e-01
1.4038453478e+01 -2.0205223263e-01
1.4058680410e+01 -1.4687681899e-01
1.4079720696e+01 -1.9570635990e-01
1.4095283825e+01 -1.5274672007e-01
1.4111230252e+01 -1.8940364103e-01
1.4122163663e+01 -1.5864215070e-01
1.4132985243e+01 -1.8313972041e-01
1.4139410292e+01 -1.6461779470e-01
1.4144762668e+01 -1.7693481080e-01
1.4146935015e+01 -1.7071751411e-01
