-4.9245878085e-06 -5.1068692549e-06
2.3144430078e-01 6.8404576726e-04
4.5756539195e-01 2.7022944909e-03
6.7835303953e-01 5.9863190034e-03
8.9377455181e-01 1.0518697763e-02
1.1038281032e+00 1.6227003211e-02
1.3085021679e+00 2.3071905940e-02
1.5077845013e+00 3.1001598901e-02
1.7016576014e+00 3.9972102966e-02
1.8901077708e+00 4.9938513611e-02
2.0731256727e+00 6.0846393039e-02
2.2507033541e+00 7.2661235443e-02
2.4228236993e+00 8.5325804909e-02
2.5894848753e+00 9.8802698080e-02
2.7506661820e+00 1.1304546956e-01
2.9063709179e+00 1.2800130937e-01
3.0565843772e+00 1.4363710654e-01
3.2012968074e+00 1.5989878320e-01
3.3405224347e+00 1.7674541063e-01
3.4742251177e+00 1.9413218496e-01
3.6024154966e+00 2.1200934239e-01
3.7251009387e+00 2.3034196907e-01
3.8422794557e+00 2.4907856796e-01
3.9539269828e+00 2.6817171324e-01
4.0600695505e+00 2.8758579668e-01
4.1607139634e+00 3.0726633548e-01
4.2558327680e+00 3.2717647031e-01
4.3454630772e+00 3.4726849133e-01
4.4295957201e+00 3.6749374670e-01
4.5082393348e+00 3.8781691130e-01
4.5814142146e+00 4.0818391434e-01
4.6491158904e+00 4.2855492648e-01
4.7113846698e+00 4.4888572832e-01
4.7682064557e+00 4.6912829100e-01
4.8196280798e+00 4.8924114387e-01
4.8656408755e+00 5.0917609011e-01
4.9062778309e+00 5.2889482238e-01
4.9415758194e+00 5.4834368961e-01
4.9715403435e+00 5.6748534931e-01
4.9962108011e+00 5.8627549392e-01
5.0156186362e+00 6.0466405484e-01
5.0297774739e+00 6.2261200820e-01
5.0387495831e+00 6.4007510071e-01
5.0425561857e+00 6.5700510689e-01
5.0412308570e+00 6.7336395858e-01
5.0348329392e+00 6.8910552386e-01
5.0233963709e+00 7.0418604588e-01
5.0069630650e+00 7.1856657269e-01
4.9856080261e+00 7.3220087651e-01
4.9593472342e+00 7.4504683708e-01
4.9282596245e+00 7.5706811199e-01
4.8924126131e+00 7.6822015931e-01
4.8518506188e+00 7.7846514766e-01
4.8066487912e+00 7.8776417232e-01
4.7568781324e+00 7.9607368089e-01
4.7025881219e+00 8.0335870973e-01
4.6438826293e+00 8.0958643904e-01
4.5808319881e+00 8.1471425782e-01
4.5134988697e+00 8.1870919658e-01
4.4419986377e+00 8.2154512482e-01
4.3663934948e+00 8.2317727927e-01
4.2867987726e+00 8.2358132483e-01
4.2033011264e+00 8.2273296384e-01
4.1159988988e+00 8.2059488317e-01
4.0250051161e+00 8.1714551678e-01
3.9304293187e+00 8.1236529233e-01
3.8323696219e+00 8.0622298497e-01
3.7309627358e+00 7.9870732896e-01
3.6263485172e+00 7.8980261952e-01
3.5186134566e+00 7.7948329936e-01
3.4079248432e+00 7.6775076055e-01
3.2944190973e+00 7.5459109989e-01
3.1782346742e+00 7.3999498034e-01
3.0595305610e+00 7.2397184801e-01
2.9384669017e+00 7.0651653630e-01
2.8152086257e+00 6.8763813191e-01
2.6899433851e+00 6.6735177603e-01
2.5628442101e+00 6.4566726525e-01
2.4341256594e+00 6.2262131495e-01
2.3039799023e+00 5.9822868556e-01
2.1726195568e+00 5.7252466538e-01
2.0402987309e+00 5.4557145945e-01
1.9072639415e+00 5.1739539144e-01
1.7737624627e+00 4.8807469645e-01
1.6401033704e+00 4.5767927812e-01
1.5065921074e+00 4.2627707624e-01
1.3735861004e+00 3.9400115317e-01
1.2414459610e+00 3.6092285979e-01
1.1105774948e+00 3.2719409162e-01
9.8146676925e-01 2.9298135935e-01
8.5465690857e-01 2.5843321651e-01
7.3076703322e-01 2.2381707280e-01
6.1050418229e-01 1.8934900042e-01
4.9471160455e-01 1.5533375401e-01
3.8448460580e-01 1.2223518443e-01
2.8123691656e-01 9.0464653850e-02
1.8686730924e-01 6.0871867955e-02
1.0410334691e-01 3.4308516243e-02
3.7268111631e-02 1.2091652320e-02
-5.1818147063e-05 -1.9978502000e-05
