3.2983261204e-07 4.7266340623e-08
3.0554435197e-01 -2.2864917684e-05
6.0458860856e-01 -9.0582557947e-05
8.9716785574e-01 -2.0603355814e-04
1.1833138021e+00 -3.7432063877e-04
1.4630530570e+00 -5.9899270071e-04
1.7364111291e+00 -8.7937509416e-04
2.0034185407e+00 -1.2176385756e-03
2.2641047099e+00 -1.6155167639e-03
2.5184819496e+00 -2.0788535394e-03
2.7665789215e+00 -2.6059531936e-03
3.0084288526e+00 -3.1995613465e-03
3.2440439892e+00 -3.8610008616e-03
3.4734443722e+00 -4.5934261747e-03
3.6966488799e+00 -5.3938599801e-03
3.9136887737e+00 -6.2643864915e-03
4.1245791049e+00 -7.2050855905e-03
4.3293419162e+00 -8.2197156855e-03
4.5279790505e+00 -9.3065863653e-03
4.7205199817e+00 -1.0462524976e-02
4.9069879587e+00 -1.1684853153e-02
5.0873819025e+00 -1.2979952006e-02
5.2617251827e+00 -1.4343944115e-02
5.4300256326e+00 -1.5771124728e-02
5.5923037947e+00 -1.7263248828e-02
5.7485821504e+00 -1.8820748271e-02
5.8988498585e+00 -2.0437817112e-02
6.0431302785e+00 -2.2110798572e-02
6.1814204194e+00 -2.3840200649e-02
6.3137385501e+00 -2.5621799915e-02
6.4400849983e+00 -2.7450981028e-02
6.5604810069e+00 -2.9324823380e-02
6.6749143483e+00 -3.1239154145e-02
6.7834111654e+00 -3.3195843117e-02
6.8859422114e+00 -3.5183052243e-02
6.9825668216e+00 -3.7195687191e-02
7.0732129831e+00 -3.9233508327e-02
7.1579356362e+00 -4.1291195873e-02
7.2367095081e+00 -4.3364536717e-02
7.3095542972e+00 -4.5446567755e-02
7.3764405398e+00 -4.7533171778e-02
7.4373905022e+00 -4.9618878276e-02
7.4923779918e+00 -5.1695515687e-02
7.5414087454e+00 -5.3759861819e-02
7.5844672565e+00 -5.5808033146e-02
7.6215486793e+00 -5.7832542121e-02
7.6526567101e+00 -5.9826073887e-02
7.6777542442e+00 -6.1783413054e-02
7.6968485922e+00 -6.3699757079e-02
7.7099355362e+00 -6.5569641307e-02
7.7169621734e+00 -6.7382544724e-02
7.7179348501e+00 -6.9136338839e-02
7.7128462706e+00 -7.0827329739e-02
7.7016786729e+00 -7.2444434966e-02
7.6843754232e+00 -7.3983793248e-02
7.6609635030e+00 -7.5439518943e-02
7.6313937737e+00 -7.6807504442e-02
7.5956570894e+00 -7.8080761593e-02
7.5537047539e+00 -7.9251910372e-02
7.5055243239e+00 -8.0317418646e-02
7.4510996023e+00 -8.1272292476e-02
7.3904001539e+00 -8.2112612636e-02
7.3233682760e+00 -8.2830575096e-02
7.2500027241e+00 -8.3421401627e-02
7.1702690647e+00 -8.3880690549e-02
7.0841069738e+00 -8.4207473001e-02
6.9915093110e+00 -8.4393714889e-02
6.8924311454e+00 -8.4436746360e-02
6.7868234530e+00 -8.4331500252e-02
6.6746630219e+00 -8.4077958301e-02
6.5559013145e+00 -8.3668915954e-02
6.4305001227e+00 -8.3099923121e-02
6.2984154438e+00 -8.2375221790e-02
6.1596037100e+00 -8.1488242742e-02
6.0140154633e+00 -8.0435380203e-02
5.8616169096e+00 -7.9214260440e-02
5.7023511538e+00 -7.7827485833e-02
5.5361652887e+00 -7.6271693199e-02
5.3630194288e+00 -7.4545131076e-02
5.1828550680e+00 -7.2647872725e-02
4.9956278216e+00 -7.0581836927e-02
4.8012639170e+00 -6.8342215000e-02
4.5997362604e+00 -6.5932830676e-02
4.3909594909e+00 -6.3353582784e-02
4.1749036166e+00 -6.0604530014e-02
3.9514833690e+00 -5.7684368948e-02
3.7206623755e+00 -5.4598751971e-02
3.4823502839e+00 -5.1347906400e-02
3.2365220196e+00 -4.7932883792e-02
2.9830936101e+00 -4.4355528893e-02
2.7219920057e+00 -4.0620629985e-02
2.4531550297e+00 -3.6729626982e-02
2.1765063901e+00 -3.2683279112e-02
1.8919774794e+00 -2.8485821357e-02
1.5994866155e+00 -2.4136067554e-02
1.2989638260e+00 -1.9639523666e-02
9.9033988335e-01 -1.4997122568e-02
6.7352655309e-01 -1.0216847953e-02
3.4844129333e-01 -5.2866597524e-03
1.5223123139e-02 -2.3088591378e-04
