7.4359271069e-04 1.0162057555e-05
1.0512214092e-03 5.3109620641e-06
9.3443199277e-05 4.7201321502e-06
1.0230213811e-03 -4.5636488095e-06
6.3942637902e-04 7.7785863304e-07
6.5964548088e-04 -6.2632924529e-06
1.0183211637e-03 5.1275585905e-06
5.9917848445e-05 3.0173278500e-06
1.0606685466e-03 1.4267905980e-05
7.2067075698e-04 3.0380303598e-06
7.6509026905e-04 1.6506346893e-05
1.0403658256e-03 -4.2794841787e-06
1.2593371839e-04 6.3811693485e-06
1.0267803432e-03 -1.4041026039e-05
6.2082853024e-04 7.4962816355e-06
6.8000364769e-04 -1.2883581682e-05
1.0142084882e-03 1.4583125562e-05
2.8323928069e-05 2.4104623942e-06
1.0658302488e-03 2.1482664820e-05
6.9210118002e-04 -4.5326311463e-06
7.8101278546e-04 2.0086503811e-05
1.0129425567e-03 -1.3381541369e-05
1.5818960187e-04 7.6124418518e-06
1.0695768878e-03 -2.1160580794e-05
6.0269162178e-04 1.1136695035e-05
7.9446465542e-04 -1.8038784169e-05
1.0096546437e-03 2.2082842285e-05
8.7057626937e-05 -1.5496673834e-07
1.0725607522e-03 3.3835634332e-05
6.7369904498e-04 -1.1145726324e-05
8.0425031433e-04 3.4032398244e-05
1.0026158640e-03 -2.2704001757e-05
1.9231456159e-04 1.3301739895e-05
1.0295772917e-03 -3.1431045729e-05
5.7515582153e-04 1.7020163437e-05
7.1676859340e-04 -2.6089984207e-05
9.9661665260e-04 3.1617855069e-05
6.3032676948e-05 -1.6829899958e-06
1.0775909014e-03 4.3835910167e-05
6.4110465704e-04 -1.6265288985e-05
8.2178615729e-04 4.1009342670e-05
9.9704753248e-04 -3.1221398191e-05
2.2354029589e-04 1.6646616044e-05
1.0293830794e-03 -4.0544882098e-05
5.5520540756e-04 2.2844769711e-05
7.2901810871e-04 -3.3113851495e-05
9.9043843420e-04 4.1122318225e-05
9.4657276783e-05 -4.2806635681e-06
1.0786619070e-03 5.3651072669e-05
6.2332908611e-04 -2.1217236280e-05
8.3365306647e-04 5.0313744574e-05
9.8782002133e-04 -3.9214195354e-05
2.5323385900e-04 2.0886544448e-05
1.0233131619e-03 -4.8655522620e-05
5.3240661543e-04 2.5018286746e-05
7.3606304441e-04 -3.9273560353e-05
9.8138416384e-04 4.7481479826e-05
1.2600171325e-04 -7.0589970024e-06
1.0841001470e-03 6.3505455203e-05
5.9910376516e-04 -2.6682703206e-05
8.5702964637e-04 6.1804841291e-05
9.7334619349e-04 -4.7391531632e-05
2.8521690046e-04 2.7434223470e-05
1.0181560800e-03 -5.5552842331e-05
5.0437986790e-04 3.1867238570e-05
7.4327816698e-04 -4.4088013185e-05
9.6736813272e-04 5.8831475187e-05
1.5376286831e-04 -9.2401367760e-06
1.0825615097e-03 7.2530523851e-05
5.7743486432e-04 -2.3256333647e-05
8.6585566624e-04 6.5524395697e-05
9.6209951073e-04 -4.8568221802e-05
3.1075352379e-04 2.9377504327e-05
1.0189191842e-03 -6.5421367597e-05
4.7853445491e-04 2.8350484704e-05
7.6267473851e-04 -5.4562655949e-05
9.5640921559e-04 5.9049698056e-05
1.8479977497e-04 -1.4810953244e-05
1.0851479716e-03 8.2345191122e-05
5.4348820531e-04 -3.0964398212e-05
8.8494841062e-04 7.5508921047e-05
9.3767220181e-04 -5.9493091813e-05
1.0135741232e-03 -7.8764970847e-05
3.4059803332e-04 3.5397171631e-05
7.7869382744e-04 -7.4179469547e-05
4.4519392644e-04 3.7425884441e-05
2.1706268871e-04 -2.4611356389e-05
9.3657962288e-04 7.4766647771e-05
5.0865608259e-04 -3.7895029421e-05
1.0855242362e-03 9.2770834839e-05
9.1151242213e-04 -6.9536791560e-05
9.0194859446e-04 8.5533597540e-05
1.0090421599e-03 -8.2748691895e-05
3.6982757020e-04 4.2077669834e-05
7.8694265638e-04 -6.8986377667e-05
4.1564637580e-04 4.0446391423e-05
2.4168125550e-04 -2.3453771739e-05
9.2032670909e-04 8.3242250830e-05
4.8379064588e-04 -3.9148344150e-05
1.0818797301e-03 1.0386129215e-04
8.9635077691e-04 -7.4790160839e-05
9.1236169916e-04 1.0240559235e-04
1.0019950814e-03 -9.0281401400e-05
3.9713974567e-04 5.3666742770e-05
7.9735575923e-04 -7.7555265412e-05
3.8565113423e-04 4.3492833116e-05
2.6845050958e-04 -2.8747347947e-05
9.0002719210e-04 9.1362463477e-05
4.5430622168e-04 -4.1562955413e-05
1.0768568022e-03 1.1292105185e-04
8.7485260822e-04 -8.0875189726e-05
9.1835273701e-04 1.0227004460e-04
9.9131529846e-04 -9.5917402578e-05
4.1907093483e-04 5.3409316561e-05
7.9652480414e-04 -8.0542949723e-05
3.5933975462e-04 4.2960015932e-05
2.9032669211e-04 -3.1452389929e-05
8.8923994135e-04 9.6551796283e-05
4.3565030913e-04 -4.1000981146e-05
1.0719725725e-03 1.2248872493e-04
8.6500853585e-04 -8.3999100016e-05
9.2426191055e-04 1.1614979912e-04
9.8016939590e-04 -1.0297478443e-04
4.4286164305e-04 6.4156221470e-05
7.9382036946e-04 -8.9048342582e-05
3.2933522012e-04 4.4591428380e-05
3.0928624429e-04 -3.7512072114e-05
8.6792294860e-04 1.0372325478e-04
4.0370507717e-04 -4.1394589515e-05
1.0643389486e-03 1.3218442545e-04
8.3932700834e-04 -8.8167716636e-05
9.3355471248e-04 1.2480556985e-04
9.7068949596e-04 -1.1020677214e-04
8.0131633093e-04 -9.6001989042e-05
4.6738543970e-04 7.0728786478e-05
3.3274921595e-04 -4.2982005340e-05
2.9791454412e-04 4.5109711676e-05
3.7847964558e-04 -4.5043390763e-05
8.4780807942e-04 1.1059541235e-04
8.2221985443e-04 -9.6976606108e-05
1.0554273383e-03 1.4137137047e-04
9.5768055718e-04 -1.1743302434e-04
9.3875447812e-04 1.3658474017e-04
8.0075258732e-04 -1.0544208168e-04
4.8852644885e-04 8.0770741074e-05
3.5099189632e-04 -5.0751325756e-05
2.6364979606e-04 4.4113812846e-05
3.5076037073e-04 -4.5360500462e-05
8.2427614529e-04 1.1430939931e-04
8.0221548778e-04 -1.0113487537e-04
1.0489057640e-03 1.5041530623e-04
9.4573126016e-04 -1.2578993865e-04
9.4499995939e-04 1.4687572774e-04
8.0520729699e-04 -1.2359494002e-04
5.0912404114e-04 8.8916365938e-05
3.7357549123e-04 -6.5039292740e-05
2.3117864142e-04 4.2912100273e-05
3.1545658847e-04 -4.5725606751e-05
8.0202762482e-04 1.2001846765e-04
7.6671608721e-04 -1.0470250746e-04
1.0380775412e-03 1.5879811211e-04
9.3232452347e-04 -1.3110258329e-04
9.4878011024e-04 1.5423535093e-04
8.1076247591e-04 -1.1938101661e-04
5.2896971912e-04 9.4601122304e-05
3.9444066988e-04 -6.2389230502e-05
1.9787518057e-04 4.0373729117e-05
2.8644459243e-04 -4.3385001568e-05
7.7802837498e-04 1.2531419625e-04
7.4394431764e-04 -1.0673024623e-04
9.1920241379e-04 -1.3583978355e-04
1.0264949810e-03 1.6701470808e-04
8.1309390733e-04 -1.2649528631e-04
9.5240369307e-04 1.6477857519e-04
4.1287014956e-04 -6.9231879547e-05
5.4930745476e-04 1.0463588547e-04
2.6006817139e-04 -4.2643574488e-05
1.6509155265e-04 3.8147246162e-05
7.2551711835e-04 -1.1017844940e-04
7.5279560137e-04 1.2871986711e-04
9.0526463892e-04 -1.4112366321e-04
1.0122305795e-03 1.7543908286e-04
8.0239496867e-04 -1.3565385523e-04
9.5037246272e-04 1.8044456672e-04
4.2188654898e-04 -7.7549116213e-05
5.6523967736e-04 1.2011890718e-04
2.3765391182e-04 -4.0404140328e-05
1.3407633990e-04 3.6083988526e-05
7.1074867083e-04 -1.1231847959e-04
7.2609303947e-04 1.3339566665e-04
8.9087218302e-04 -1.4607842203e-04
9.9533344280e-04 1.8225352122e-04
8.0088863289e-04 -1.4070246816e-04
9.4765379405e-04 1.8023634110e-04
4.3789235451e-04 -8.3352631500e-05
5.7928714250e-04 1.1843600105e-04
2.0620506492e-04 -3.9263651570e-05
1.0111591182e-04 3.1058074435e-05
6.7858177228e-04 -1.1460630199e-04
8.7267264315e-04 -1.5062324420e-04
7.0319054460e-04 1.3599697596e-04
7.9645682881e-04 -1.4486193944e-04
9.8256483669e-04 1.8901205202e-04
4.5021298866e-04 -8.7831785976e-05
9.4618444007e-04 1.8913762420e-04
1.8036302137e-04 -3.6970297595e-05
5.9304292712e-04 1.2733329803e-04
6.5975237181e-04 -1.1688783561e-04
6.6875170016e-05 2.6234899247e-05
8.5907592716e-04 -1.5504740958e-04
6.7743051816e-04 1.3750145958e-04
7.9303221037e-04 -1.5003856127e-04
9.6533101071e-04 1.9504537310e-04
4.6253615582e-04 -9.3315632426e-05
9.4087299228e-04 1.9788680635e-04
1.5075060646e-04 -3.3527490839e-05
6.0601102860e-04 1.3622984577e-04
6.2992526799e-04 -1.1714694593e-04
3.7158629929e-05 2.1168390623e-05
8.3930781250e-04 -1.5892656618e-04
6.4888357885e-04 1.3965237932e-04
7.8645870126e-04 -1.6180930236e-04
9.4629830999e-04 2.0075068681e-04
4.7260450146e-04 -1.0664523664e-04
9.3453743386e-04 2.0317315939e-04
1.2130720885e-04 -3.0869337738e-05
5.9733029598e-04 -1.1661793037e-04
6.1559950290e-04 1.4155794825e-04
8.1856316517e-04 -1.6216556795e-04
5.0196708676e-06 1.5735355679e-05
7.7830263706e-04 -1.6585945202e-04
6.2838522593e-04 1.4238721847e-04
4.7932989969e-04 -1.1104337993e-04
9.3024738450e-04 2.0788145462e-04
9.6747452488e-05 -2.7728498170e-05
9.2662010447e-04 2.1538448987e-04
5.8132026558e-04 -1.1959748034e-04
6.2582827952e-04 1.5640429277e-04
8.0394471269e-04 -1.6527461667e-04
1.7987976032e-05 2.1280649982e-05
7.6835696105e-04 -1.6368532096e-04
5.9191269816e-04 1.4119023810e-04
4.8452812599e-04 -1.0941677552e-04
9.0687774246e-04 2.1200297670e-04
7.1007853107e-05 -2.3434063285e-05
9.2243544163e-04 2.2226692352e-04
5.6080129726e-04 -1.1927871912e-04
6.3614705659e-04 1.6230475038e-04
7.8754955445e-04 -1.6783403466e-04
7.6381310179e-04 -1.7024258142e-04
4.5278010970e-05 2.6849885020e-05
4.9634467741e-04 -1.1812956383e-04
5.6656952525e-04 1.4094491337e-04
4.4128824717e-05 -1.9925720967e-05
8.8821537771e-04 2.1671929120e-04
5.2970120921e-04 -1.1786785780e-04
9.0934231894e-04 2.3335548095e-04
7.6564341394e-04 -1.6973772563e-04
6.3908591476e-04 1.7901338288e-04
7.5414703101e-04 -1.7466427367e-04
7.5207003200e-05 3.8753349066e-05
4.9936204762e-04 -1.2326528085e-04
5.3768481918e-04 1.4210348007e-04
1.6612218892e-05 -1.4425641560e-05
8.6463717668e-04 2.2128891554e-04
5.0684733939e-04 -1.1762462409e-04
8.9704425596e-04 2.3579901055e-04
7.4733906301e-04 -1.7146518191e-04
6.4174813022e-04 1.7824922763e-04
7.4172852166e-04 -1.7484354926e-04
5.0112449182e-04 -1.2405049263e-04
9.9853310133e-05 4.2976998186e-05
2.9590371382e-05 -1.7497523588e-05
5.0956196301e-04 1.4056642652e-04
4.8536987545e-04 -1.1734810997e-04
8.4315822022e-04 2.2378768812e-04
7.2877884227e-04 -1.7346370634e-04
8.8653501413e-04 2.3753681825e-04
7.3122282311e-04 -1.7900053507e-04
6.4778923126e-04 1.8017488037e-04
5.0626858383e-04 -1.3078415260e-04
1.2441574301e-04 4.8065816686e-05
5.3239739266e-05 -2.4185338663e-05
4.8311120698e-04 1.3814738583e-04
4.6166301013e-04 -1.1582677673e-04
8.2262285649e-04 2.2711354432e-04
7.0890065844e-04 -1.7448343306e-04
8.7294193520e-04 2.4626603308e-04
7.1920659871e-04 -1.8167533973e-04
5.0795688466e-04 -1.3501659226e-04
6.4927852962e-04 1.9370611554e-04
7.4386526994e-05 -3.0457291696e-05
1.4743755918e-04 5.9380909434e-05
4.3374145212e-04 -1.1320826407e-04
4.4969260740e-04 1.3564087937e-04
6.8602298410e-04 -1.7497534070e-04
7.9345273750e-04 2.2858675061e-04
7.0958006487e-04 -1.8607938822e-04
8.5678277402e-04 2.5158758644e-04
5.1261235227e-04 -1.4180302674e-04
6.4978878941e-04 2.0105171378e-04
9.3664860788e-05 -3.7139344638e-05
1.7011622683e-04 6.8016481053e-05
4.0811521430e-04 -1.1185947449e-04
4.2107255863e-04 1.3291052464e-04
6.6447411676e-04 -1.7567098199e-04
7.6844122225e-04 2.2977797039e-04
6.9458625224e-04 -1.8639611989e-04
5.0821925245e-04 -1.4272939717e-04
8.4138726763e-04 2.5511615640e-04
1.1130241882e-04 -4.2356662250e-05
6.4924206980e-04 2.0628572315e-04
3.8695185149e-04 -1.0803845206e-04
1.8891995622e-04 7.4621775822e-05
6.4585981724e-04 -1.7457972352e-04
3.9014686400e-04 1.2883874572e-04
6.8303632716e-04 -1.8917166637e-04
7.4177640594e-04 2.2988266178e-04
5.1138116749e-04 -1.4797364926e-04
8.2425693761e-04 2.5632602692e-04
1.2981591393e-04 -4.8324788906e-05
6.4516466446e-04 2.0814103826e-04
3.6216624137e-04 -1.0672688624e-04
2.0616429129e-04 8.0322851833e-05
6.2306555474e-04 -1.7535420939e-04
6.6671325033e-04 -1.8990985456e-04
3.6385013474e-04 1.2424276744e-04
5.0668697357e-04 -1.5126331414e-04
7.1833499576e-04 2.2986252745e-04
1.4404684315e-04 -5.4537290116e-05
8.0637131739e-04 2.6040728329e-04
3.3489389545e-04 -1.0297832063e-04
6.4412983198e-04 2.1527309550e-04
5.9783293834e-04 -1.7417341103e-04
2.2338295873e-04 8.7926942826e-05
6.5234249799e-04 -1.9337726642e-04
3.3335218540e-04 1.1978794606e-04
5.0616891589e-04 -1.5839643580e-04
6.9032830712e-04 2.3030696913e-04
1.5835258699e-04 -6.1970029027e-05
7.8604294115e-04 2.6385724984e-04
3.0895890728e-04 -9.9895537121e-05
5.7381769803e-04 -1.7308934399e-04
6.3696456871e-04 2.2516515768e-04
6.3617244429e-04 -1.9382628985e-04
2.3764689691e-04 9.9413861122e-05
4.9937336072e-04 -1.5967932344e-04
3.0063446149e-04 1.1476139004e-04
1.6972422547e-04 -6.6482663106e-05
6.5777315148e-04 2.2789784330e-04
2.8513777969e-04 -9.6181813245e-05
7.6726419847e-04 2.6606953442e-04
5.5052546534e-04 -1.7128630303e-04
6.3134253971e-04 2.2829904561e-04
6.1921777456e-04 -1.9366897795e-04
2.5074142232e-04 1.0441397323e-04
4.9505092867e-04 -1.6231556344e-04
1.8273283155e-04 -7.1786551347e-05
2.7336692285e-04 1.0745805497e-04
2.6501038987e-04 -9.2936414227e-05
6.3155466743e-04 2.2471879135e-04
5.2975276907e-04 -1.6939979631e-04
7.4410635514e-04 2.6582492040e-04
6.0013416751e-04 -1.9115682722e-04
6.2164763731e-04 2.3452672387e-04
4.8548581097e-04 -1.6006864542e-04
2.6376405608e-04 1.1406941987e-04
1.9135296475e-04 -7.4734122538e-05
2.4301119543e-04 1.0295053547e-04
2.4341952643e-04 -9.0427265785e-05
5.9515481694e-04 2.2229985421e-04
5.0799820707e-04 -1.6927295993e-04
7.1880090801e-04 2.6422716648e-04
5.8278944285e-04 -1.9190870395e-04
4.8102250446e-04 -1.6421072578e-04
6.1407331914e-04 2.4436926624e-04
2.0119116949e-04 -8.0939378284e-05
2.7492008575e-04 1.2598106524e-04
2.1827373279e-04 -8.5768754055e-05
2.1678720666e-04 9.6417818839e-05
4.8092332743e-04 -1.6602849235e-04
5.6849383593e-04 2.1948751577e-04
5.6262612041e-04 -1.9247186235e-04
6.9259394744e-04 2.6503918114e-04
4.7092178260e-04 -1.7073900087e-04
5.9726821398e-04 2.3423968688e-04
2.0657032095e-04 -8.9200114156e-05
1.9522870237e-04 -8.2085756672e-05
2.7923246197e-04 1.2203716711e-04
4.5646595063e-04 -1.6280370902e-04
1.9217877305e-04 8.9496055351e-05
5.4059719558e-04 -1.9094178014e-04
5.4313848618e-04 2.1547027893e-04
4.5647568556e-04 -1.6954548620e-04
6.6816000223e-04 2.6304330060e-04
2.1054934542e-04 -9.2240743670e-05
5.8217702918e-04 2.3793964128e-04
1.7643226509e-04 -7.8386160113e-05
2.8296950957e-04 1.3021571039e-04
4.3506767535e-04 -1.5980053292e-04
1.6468236219e-04 8.4562637348e-05
5.2048027040e-04 -1.8831097214e-04
4.4539031463e-04 -1.6836196696e-04
5.1189057815e-04 2.1302779273e-04
2.1392163814e-04 -9.4274969278e-05
6.3877973869e-04 2.6239583089e-04
1.5384634226e-04 -7.1871772982e-05
5.6125248321e-04 2.3981279840e-04
4.0933637200e-04 -1.5403965577e-04
2.8389291138e-04 1.3648435201e-04
4.9836243792e-04 -1.8593765580e-04
1.3867198225e-04 7.7533765493e-05
4.3469328368e-04 -1.7652554009e-04
4.7600372021e-04 2.0504681534e-04
2.1781207242e-04 -1.0505712612e-04
1.3112228916e-04 -6.7889199346e-05
6.0660860043e-04 2.5698601411e-04
3.8082339871e-04 -1.4910364797e-04
5.4302406474e-04 2.3917336589e-04
4.7386827655e-04 -1.8239693274e-04
2.8472242239e-04 1.4053647095e-04
4.1789587586e-04 -1.6958105318e-04
1.1195758417e-04 6.9026074724e-05
2.1712116814e-04 -1.0346613754e-04
4.4329472477e-04 1.9731130604e-04
1.1100255338e-04 -6.6014672996e-05
5.7463405702e-04 2.5120734103e-04
3.5357132354e-04 -1.4864362776e-04
4.4857214300e-04 -1.8024946229e-04
5.1952070389e-04 2.3664634179e-04
3.9943340111e-04 -1.6463500537e-04
2.8157557410e-04 1.4421687790e-04
2.1333008031e-04 -1.0231253133e-04
8.7707143662e-05 6.3710040997e-05
9.2169121957e-05 -6.1933489025e-05
4.0622215061e-04 1.9176958909e-04
3.3015718002e-04 -1.4508127769e-04
5.3752696246e-04 2.4588129788e-04
4.2201867337e-04 -1.7657627711e-04
4.9159793341e-04 2.3148522512e-04
3.7869463751e-04 -1.6495889666e-04
2.0782355010e-04 -1.0718307349e-04
2.7369023487e-04 1.4480551971e-04
7.2916686065e-05 -5.9018986741e-05
6.3880855989e-05 5.8334111496e-05
3.0396446672e-04 -1.4070922954e-04
3.7038419403e-04 1.8581015753e-04
3.9362021587e-04 -1.7363906783e-04
4.9676551137e-04 2.3851504710e-04
3.5576362856e-04 -1.6701960275e-04
4.5470769395e-04 2.2589301184e-04
1.9985303591e-04 -1.1408329489e-04
5.3361214752e-05 -5.8766215306e-05
2.5797869086e-04 1.4493590517e-04
2.7399749102e-04 -1.3810822924e-04
4.0305759324e-05 4.9254658408e-05
3.6141683132e-04 -1.6969624013e-04
3.2417110616e-04 1.6955719318e-04
3.3034315424e-04 -1.6226654980e-04
4.4704632114e-04 2.2134208394e-04
1.9001199685e-04 -1.1368063500e-04
4.2285769372e-04 2.1055645302e-04
3.5314872239e-05 -5.6769176141e-05
2.4939087821e-04 1.3914267171e-04
2.4383698092e-04 -1.3395026899e-04
3.2621998373e-04 -1.6436517628e-04
1.9795101854e-05 4.8739384584e-05
3.0024880013e-04 -1.5949135150e-04
2.8723944780e-04 1.7530457462e-04
1.7544326416e-04 -1.1647833736e-04
3.9245996919e-04 2.2001650002e-04
1.5388389103e-05 -5.6119845769e-05
3.5904518331e-04 2.0743610785e-04
2.0547144374e-04 -1.2811777691e-04
2.0789509714e-04 1.4452143257e-04
2.8258490767e-04 -1.5769821849e-04
2.6524937957e-04 -1.5699582431e-04
-6.2527555915e-06 4.8461060141e-05
1.5706620274e-04 -1.2062802210e-04
2.2299919522e-04 1.5273759510e-04
-5.7766263577e-06 -5.9461896583e-05
3.1106625712e-04 1.9137392898e-04
1.6076072738e-04 -1.2726218875e-04
2.8245954513e-04 1.6993175262e-04
2.2075849848e-04 -1.4949453703e-04
1.5898805986e-04 1.2268425874e-04
2.0314065501e-04 -1.2690656328e-04
1.1724196154e-04 -1.0743228025e-04
-2.7697549420e-05 8.0675076884e-05
-1.7873629835e-05 -1.2503107750e-04
2.4301911310e-04 2.4743165759e-04
2.7112109472e-04 -3.2630350858e-04
2.4937819895e-04 2.1794050474e-04
2.3381740935e-04 -2.5612756801e-04
-3.3100343895e-05 1.8869280824e-05
-1.9796588858e-04 -2.4105702780e-05
-1.9266774416e-04 -7.8744754803e-05
-3.8855101805e-04 6.6404575145e-05
-7.5334294545e-05 -7.8138965222e-06
-7.2916666739e-05 1.3577622593e-05
