2.1481971849e-05 -3.5420979679e-07
2.8317244097e-01 9.2398712595e-06
5.5987530961e-01 2.8268768698e-05
8.3014243860e-01 5.5879326142e-05
1.0941005670e+00 8.2925959619e-05
1.3517827342e+00 1.0693930167e-04
1.6032252624e+00 1.2367394968e-04
1.8485140108e+00 1.2580715290e-04
2.0876587485e+00 1.1302738671e-04
2.3207561471e+00 7.4222865503e-05
2.5478340763e+00 1.2130032576e-05
2.7689394735e+00 -7.9273295672e-05
2.9841379125e+00 -2.0274573876e-04
3.1934283058e+00 -3.6512318842e-04
3.3969049343e+00 -5.7080096258e-04
3.5945755940e+00 -8.1876043572e-04
3.7865148590e+00 -1.1106108323e-03
3.9727201725e+00 -1.4499266107e-03
4.1533094099e+00 -1.8385279832e-03
4.3282235031e+00 -2.2796989467e-03
4.4974367402e+00 -2.7805609337e-03
4.6611602305e+00 -3.3236864410e-03
4.8193121798e+00 -3.9234813941e-03
4.9719804104e+00 -4.5796841282e-03
5.1191235311e+00 -5.2935388550e-03
5.2608462467e+00 -6.0625420764e-03
5.3971315695e+00 -6.8847538241e-03
5.5280377127e+00 -7.7624027633e-03
5.6535362524e+00 -8.6953257476e-03
5.7736447858e+00 -9.6863839753e-03
5.8884123138e+00 -1.0730534120e-02
5.9977991484e+00 -1.1819060144e-02
6.1020173760e+00 -1.2943797997e-02
6.2008300390e+00 -1.4112976776e-02
6.2943767397e+00 -1.5332276737e-02
6.3826640744e+00 -1.6590230924e-02
6.4656604709e+00 -1.7881489066e-02
6.5434325128e+00 -1.9202791659e-02
6.6159156792e+00 -2.0556501061e-02
6.6831640447e+00 -2.1947366754e-02
6.7451854218e+00 -2.3368151803e-02
6.8019493775e+00 -2.4793503982e-02
6.8534312100e+00 -2.6221775637e-02
6.8997069690e+00 -2.7666083012e-02
6.9406896766e+00 -2.9130135014e-02
6.9764073152e+00 -3.0592637321e-02
7.0068744092e+00 -3.2042091606e-02
7.0320861612e+00 -3.3480449665e-02
7.0519943310e+00 -3.4911221899e-02
7.0665654789e+00 -3.6328194502e-02
7.0758169440e+00 -3.7717488926e-02
7.0796966137e+00 -3.9076436011e-02
7.0782076308e+00 -4.0403931317e-02
7.0713409134e+00 -4.1698299047e-02
7.0590626464e+00 -4.2948324246e-02
7.0413364747e+00 -4.4153403097e-02
7.0181493744e+00 -4.5292173206e-02
6.9894872075e+00 -4.6383152967e-02
6.9552216812e+00 -4.7408415646e-02
6.9153643366e+00 -4.8360653524e-02
6.8699115352e+00 -4.9241878035e-02
6.8188314714e+00 -5.0050705093e-02
6.7620299880e+00 -5.0773379982e-02
6.6994656928e+00 -5.1405573738e-02
6.6311298244e+00 -5.1942409628e-02
6.5569409938e+00 -5.2401215731e-02
6.4768591371e+00 -5.2752327945e-02
6.3907980681e+00 -5.2997735068e-02
6.2987303765e+00 -5.3139078005e-02
6.2006084664e+00 -5.3174550573e-02
6.0963493562e+00 -5.3091570679e-02
5.9858600405e+00 -5.2888682963e-02
5.8691260178e+00 -5.2574943208e-02
5.7460102646e+00 -5.2147509041e-02
5.6164857227e+00 -5.1593700347e-02
5.4804588650e+00 -5.0911739147e-02
5.3378633441e+00 -5.0102674314e-02
5.1885990456e+00 -4.9167646941e-02
5.0325892671e+00 -4.8112562981e-02
4.8697384650e+00 -4.6930354878e-02
4.6999161771e+00 -4.5618219437e-02
4.5231056666e+00 -4.4190647486e-02
4.3391782747e+00 -4.2628848236e-02
4.1479867979e+00 -4.0946872440e-02
3.9494626690e+00 -3.9142840746e-02
3.7434786841e+00 -3.7222949064e-02
3.5299179657e+00 -3.5186852146e-02
3.3086806084e+00 -3.3034521775e-02
3.0796123320e+00 -3.0771546736e-02
2.8426816437e+00 -2.8406285654e-02
2.5976036937e+00 -2.5938126016e-02
2.3443279773e+00 -2.3369467836e-02
2.0826820564e+00 -2.0715873704e-02
1.8125936048e+00 -1.7978445434e-02
1.5338296630e+00 -1.5159009408e-02
1.2462474071e+00 -1.2258328905e-02
9.4970589553e-01 -9.2934406697e-03
6.4398899904e-01 -6.2590601925e-03
3.2896262453e-01 -3.1816546417e-03
5.1071075433e-03 -4.6545650763e-05
