3.9511100043e+02
3.9500943430e+02
3.9491001579e+02
3.9481497841e+02
3.9472363763e+02
3.9463704686e+02
3.9455374603e+02
3.9447609796e+02
3.9440193350e+02
3.9433226370e+02
3.9426756616e+02
3.9420697714e+02
3.9415194686e+02
3.9409948261e+02
3.9405486807e+02
3.9401229527e+02
3.9397627136e+02
3.9394270176e+02
3.9391653382e+02
3.9389472006e+02
3.9387851703e+02
3.9386681468e+02
3.9385787120e+02
3.9385736117e+02
3.9385905481e+02
3.9386926981e+02
3.9388084866e+02
3.9390125901e+02
3.9392331509e+02
3.9395465827e+02
3.9398932109e+02
3.9402933990e+02
3.9407449459e+02
3.9412538346e+02
3.9418216644e+02
3.9424189895e+02
3.9431054616e+02
3.9438303585e+02
3.9446155644e+02
3.9454514571e+02
3.9463257821e+02
3.9472754502e+02
3.9482649584e+02
3.9493071572e+02
3.9504181498e+02
3.9515631795e+02
3.9527738809e+02
3.9540273332e+02
3.9553212964e+02
3.9566967890e+02
3.9580947835e+02
3.9595610231e+02
3.9610680746e+02
3.9626187776e+02
3.9642265388e+02
3.9658746685e+02
3.9675583107e+02
3.9693103027e+02
3.9710694040e+02
3.9729160095e+02
3.9747927261e+02
3.9766975430e+02
3.9786659561e+02
3.9806236615e+02
3.9826714893e+02
3.9847311539e+02
3.9868420046e+02
3.9889755611e+02
3.9911313457e+02
3.9933459408e+02
3.9955381368e+02
3.9978144104e+02
4.0000929125e+02
4.0023924781e+02
4.0047509834e+02
4.0070802014e+02
4.0094507004e+02
4.0118681995e+02
4.0142361471e+02
4.0166859449e+02
4.0191696811e+02
4.0215509581e+02
4.0240650941e+02
4.0265860836e+02
4.0289811434e+02
4.0315389199e+02
4.0340524675e+02
4.0364573419e+02
4.0389997588e+02
4.0414804478e+02
4.0439358728e+02
4.0463715229e+02
4.0488032125e+02
4.0511443383e+02
4.0534923724e+02
4.0558185696e+02
4.0570573476e+02
4.0591906464e+02
4.0611345992e+02
4.0474183502e+02
