4.9181901764e+01
4.8776400763e+01
4.9186063510e+01
4.8791705657e+01
4.9190225257e+01
4.8807812043e+01
4.9194387003e+01
4.8822395697e+01
4.9198548749e+01
4.9202786123e+01
4.8840946912e+01
4.9207123550e+01
4.8851252683e+01
4.9210483443e+01
4.8865960330e+01
4.9208722282e+01
4.8883459306e+01
4.9208503286e+01
4.8891637268e+01
4.9209804789e+01
4.8908946868e+01
4.9211106292e+01
4.8922445338e+01
4.9211384810e+01
4.8931120480e+01
4.9208899883e+01
4.8950494587e+01
4.9207155879e+01
4.8962325169e+01
4.9205411875e+01
4.9203667871e+01
4.8971729339e+01
4.9200878945e+01
4.8990130116e+01
4.9196709394e+01
4.9002466601e+01
4.9192042493e+01
4.9011374311e+01
4.9187375592e+01
4.9027821996e+01
4.9182604334e+01
4.9042121644e+01
4.9177320614e+01
4.9049782254e+01
4.9169562431e+01
4.9063737598e+01
4.9161804248e+01
4.9078306358e+01
4.9155169154e+01
4.9086937835e+01
4.9147857535e+01
4.9097115835e+01
4.9137662937e+01
4.9109553154e+01
4.9127468340e+01
4.9120425136e+01
