4.7999806304e+01
4.7967744067e+01
4.7935681829e+01
4.7903619591e+01
4.7871557353e+01
4.7839495115e+01
4.7807439080e+01
4.7775375078e+01
4.7743307385e+01
4.7711239691e+01
4.7679171997e+01
4.7647104303e+01
4.7615036609e+01
4.7582968913e+01
4.7550904238e+01
4.7518842058e+01
4.7486779878e+01
4.7454717698e+01
4.7422655519e+01
4.7390593339e+01
4.7358531159e+01
4.7326461914e+01
4.7294399949e+01
4.7262337984e+01
4.7230276019e+01
4.7198214054e+01
4.7166152089e+01
4.7134090124e+01
4.7102031143e+01
4.7069972466e+01
4.7037904021e+01
4.7005835575e+01
4.6973767130e+01
4.6941698684e+01
4.6909630239e+01
4.6877561799e+01
4.6845494812e+01
4.6813432625e+01
4.6781370438e+01
4.6749308251e+01
4.6717246064e+01
4.6685183877e+01
4.6653121690e+01
4.6621054401e+01
4.6588989313e+01
4.6556927460e+01
4.6524865607e+01
4.6492803754e+01
4.6460741900e+01
4.6428680047e+01
4.6396618194e+01
4.6364565715e+01
4.6332496828e+01
4.6300427940e+01
4.6268359053e+01
4.6236290166e+01
4.6204221278e+01
4.6172152391e+01
4.6140084231e+01
4.6108021188e+01
4.6075959597e+01
4.6043898007e+01
4.6011836417e+01
4.5979774827e+01
4.5947713236e+01
4.5915649642e+01
4.5883581305e+01
4.5851519536e+01
4.5819457768e+01
4.5787396000e+01
4.5755334231e+01
4.5723272463e+01
4.5691210695e+01
4.5659155760e+01
4.5627091206e+01
4.5595022261e+01
4.5562953315e+01
4.5530884369e+01
4.5498815423e+01
4.5466746477e+01
4.5434677875e+01
4.5402612075e+01
4.5370549809e+01
4.5338487543e+01
4.5306425276e+01
4.5274363010e+01
4.5242300743e+01
4.5210238477e+01
4.5178168918e+01
4.5146107074e+01
4.5114046391e+01
4.5081985709e+01
4.5049925026e+01
4.5017864343e+01
4.4985803660e+01
4.4953746021e+01
4.4921686869e+01
4.4889617749e+01
4.4857548628e+01
4.4825479508e+01
4.4793410388e+01
4.4761341268e+01
4.4729272148e+01
4.4697205442e+01
4.4665141732e+01
4.4633078111e+01
4.4601014489e+01
4.4568950868e+01
4.4536887247e+01
4.4504823626e+01
4.4472755624e+01
4.4440689853e+01
4.4408630536e+01
4.4376571219e+01
4.4344511902e+01
4.4312452585e+01
4.4280393268e+01
4.4248333951e+01
4.4216281347e+01
4.4184213627e+01
4.4152143552e+01
4.4120073477e+01
4.4088003402e+01
4.4055933326e+01
4.4023863251e+01
4.3991794401e+01
4.3959729769e+01
4.3927667659e+01
4.3895605549e+01
4.3863543438e+01
4.3831481328e+01
4.3799419218e+01
4.3767355225e+01
4.3735284010e+01
4.3703223974e+01
4.3671163939e+01
4.3639103904e+01
4.3607043869e+01
4.3574983834e+01
4.3542923799e+01
4.3510868698e+01
4.3478807713e+01
4.3446737392e+01
4.3414667072e+01
4.3382596752e+01
4.3350526431e+01
4.3318456111e+01
4.3286386642e+01
4.3254320321e+01
4.3222258417e+01
4.3190196513e+01
4.3158134609e+01
4.3126072706e+01
4.3094010802e+01
4.3061948898e+01
4.3029876885e+01
4.2997812379e+01
4.2965751533e+01
4.2933690687e+01
4.2901629841e+01
4.2869568995e+01
4.2837508149e+01
4.2805451644e+01
4.2773397054e+01
4.2741327392e+01
4.2709257730e+01
4.2677188068e+01
4.2645118406e+01
4.2613048743e+01
4.2580979081e+01
4.2548911415e+01
4.2516848634e+01
4.2484787044e+01
4.2452725454e+01
4.2420663864e+01
4.2388602274e+01
4.2356540683e+01
4.2324473432e+01
4.2292404155e+01
4.2260341940e+01
4.2228279726e+01
4.2196217511e+01
4.2164155297e+01
4.2132093082e+01
4.2100031675e+01
4.2067981282e+01
4.2035915755e+01
4.2003847559e+01
4.1971779363e+01
4.1939711167e+01
4.1907642970e+01
4.1875574774e+01
4.1843503256e+01
4.1811435163e+01
4.1779374335e+01
4.1747313507e+01
4.1715252679e+01
4.1683191851e+01
4.1651131023e+01
4.1619070194e+01
4.1587007561e+01
4.1554942020e+01
4.1522876031e+01
4.1490810041e+01
4.1458744052e+01
4.1426678063e+01
4.1394612074e+01
4.1362547794e+01
4.1330485250e+01
4.1298423089e+01
4.1266360929e+01
4.1234298768e+01
4.1202236608e+01
4.1170174447e+01
4.1138111850e+01
4.1106047439e+01
4.1073981513e+01
4.1041915587e+01
4.1009849661e+01
4.0977783735e+01
4.0945717809e+01
4.0913651883e+01
4.0881588485e+01
4.0849525285e+01
4.0817461248e+01
4.0785397211e+01
4.0753333173e+01
4.0721269136e+01
4.0689205098e+01
4.0657141061e+01
4.0625072664e+01
4.0593005561e+01
4.0560946364e+01
4.0528887167e+01
4.0496827970e+01
4.0464768774e+01
4.0432709577e+01
4.0400650380e+01
4.0368595793e+01
4.0336528478e+01
4.0304457231e+01
4.0272385984e+01
4.0240314737e+01
4.0208243490e+01
4.0176172243e+01
4.0144100995e+01
4.0112028849e+01
4.0079967131e+01
4.0047909159e+01
4.0015851188e+01
3.9983793216e+01
3.9951735245e+01
3.9919677273e+01
3.9887618245e+01
3.9855554181e+01
3.9823489902e+01
3.9791425622e+01
3.9759361343e+01
3.9727297064e+01
3.9695232784e+01
3.9663167932e+01
3.9631102166e+01
3.9599036316e+01
3.9566970467e+01
3.9534904617e+01
3.9502838768e+01
3.9470772918e+01
3.9438709334e+01
3.9406647812e+01
3.9374584380e+01
3.9342520948e+01
3.9310457516e+01
3.9278394085e+01
3.9246330653e+01
3.9214261632e+01
3.9182192382e+01
3.9150129403e+01
3.9118066425e+01
3.9086003446e+01
3.9053940468e+01
3.9021877489e+01
3.8989816412e+01
3.8957762552e+01
3.8925697723e+01
3.8893632693e+01
3.8861567663e+01
3.8829502633e+01
3.8797437603e+01
3.8765372573e+01
3.8733306506e+01
3.8701240710e+01
3.8669176854e+01
3.8637112997e+01
3.8605049141e+01
3.8572985284e+01
3.8540921428e+01
3.8508857571e+01
3.8476789918e+01
3.8444722413e+01
3.8412662194e+01
3.8380601975e+01
3.8348541756e+01
3.8316481537e+01
3.8284421318e+01
3.8252361099e+01
3.8220303395e+01
3.8188239587e+01
3.8156173382e+01
3.8124107177e+01
3.8092040971e+01
3.8059974766e+01
3.8027908561e+01
3.7995842356e+01
3.7963776544e+01
3.7931708311e+01
3.7899639820e+01
3.7867571328e+01
3.7835502837e+01
3.7803434345e+01
3.7771365854e+01
3.7739297362e+01
3.7707237243e+01
3.7675186429e+01
3.7643135616e+01
3.7611084802e+01
3.7579033988e+01
3.7546983174e+01
3.7514930628e+01
3.7482856401e+01
3.7450781141e+01
3.7418705882e+01
3.7386630623e+01
3.7354555363e+01
3.7322480104e+01
3.7290419626e+01
3.7258364609e+01
3.7226304964e+01
3.7194245319e+01
3.7162185674e+01
3.7130126029e+01
3.7098066384e+01
3.7065995153e+01
3.7033919654e+01
3.7001857461e+01
3.6969795268e+01
3.6937733075e+01
3.6905670883e+01
3.6873608690e+01
3.6841548090e+01
3.6809493829e+01
3.6777429058e+01
3.6745362333e+01
3.6713295609e+01
3.6681228885e+01
3.6649162161e+01
3.6617095437e+01
3.6585030406e+01
3.6552966171e+01
3.6520902309e+01
3.6488838447e+01
3.6456774585e+01
3.6424710722e+01
3.6392646860e+01
3.6360582998e+01
3.6328514572e+01
3.6296445219e+01
3.6264385109e+01
3.6232325158e+01
3.6200265207e+01
3.6168205256e+01
3.6136145305e+01
3.6104085354e+01
3.6072028244e+01
3.6039966160e+01
3.6007899382e+01
3.5975832604e+01
3.5943765826e+01
3.5911699048e+01
3.5879632270e+01
3.5847565492e+01
3.5815496629e+01
3.5783427690e+01
3.5751358986e+01
3.5719290282e+01
3.5687221578e+01
3.5655152874e+01
3.5623084170e+01
3.5591015466e+01
3.5558957451e+01
3.5526905961e+01
3.5494854472e+01
3.5462802982e+01
3.5430751492e+01
3.5398700002e+01
3.5366646826e+01
3.5334573671e+01
3.5302499262e+01
3.5270424853e+01
3.5238350444e+01
3.5206276035e+01
3.5174201626e+01
3.5142140422e+01
3.5110083153e+01
3.5078021907e+01
3.5045960661e+01
3.5013899415e+01
3.4981838169e+01
3.4949776922e+01
3.4917706484e+01
3.4885636034e+01
3.4853572812e+01
3.4821509590e+01
3.4789446369e+01
3.4757383147e+01
3.4725319925e+01
3.4693256207e+01
3.4661190658e+01
3.4629126874e+01
3.4597063825e+01
3.4565000776e+01
3.4532937726e+01
3.4500874677e+01
3.4468811628e+01
3.4436753817e+01
3.4404698805e+01
3.4372630951e+01
3.4340562746e+01
3.4308494541e+01
3.4276426336e+01
3.4244358131e+01
3.4212289078e+01
3.4180214604e+01
3.4148144586e+01
3.4116088044e+01
3.4084031502e+01
3.4051974960e+01
3.4019918418e+01
3.3987861876e+01
3.3955805334e+01
3.3923751391e+01
3.3891695266e+01
3.3859623152e+01
3.3827551039e+01
3.3795478926e+01
3.3763406813e+01
3.3731334700e+01
3.3699263243e+01
3.3667193860e+01
3.3635124981e+01
3.3603057216e+01
3.3570989452e+01
3.3538921688e+01
3.3506853923e+01
3.3474786159e+01
3.3442719323e+01
3.3410668703e+01
3.3378624382e+01
3.3346580061e+01
3.3314535741e+01
3.3282491420e+01
3.3250447099e+01
3.3218399221e+01
3.3186321582e+01
3.3154242006e+01
3.3122162430e+01
3.3090082854e+01
3.3058003278e+01
3.3025923702e+01
3.2993862309e+01
3.2961806632e+01
3.2929743294e+01
3.2897679956e+01
3.2865616619e+01
3.2833553281e+01
3.2801489943e+01
3.2769416467e+01
3.2737341698e+01
3.2705279191e+01
3.2673216683e+01
3.2641154175e+01
3.2609091668e+01
3.2577029160e+01
3.2544966390e+01
3.2512902611e+01
3.2480840060e+01
3.2448778430e+01
3.2416716800e+01
3.2384655169e+01
3.2352593539e+01
3.2320531909e+01
3.2288473370e+01
3.2256416796e+01
3.2224348409e+01
3.2192277751e+01
3.2160207093e+01
3.2128136435e+01
3.2096065776e+01
3.2063995118e+01
3.2031917766e+01
3.1999841444e+01
