7.0411450669e+02
6.8782783282e+02
7.0396923276e+02
6.8791388543e+02
7.0382395882e+02
6.8799993804e+02
7.0367868489e+02
6.8808599064e+02
7.0353358078e+02
6.8817065632e+02
7.0339241774e+02
6.8825423118e+02
7.0325149316e+02
6.8833780603e+02
7.0312362124e+02
6.8842138089e+02
7.0299574933e+02
6.8850686732e+02
7.0285715349e+02
6.8859181267e+02
7.0272512083e+02
6.8867675802e+02
7.0259291580e+02
6.8876170337e+02
7.0246085461e+02
6.8885055554e+02
7.0233549424e+02
6.8894056472e+02
7.0220331986e+02
6.8902856059e+02
7.0206310240e+02
6.8911762456e+02
7.0192364915e+02
6.8921387108e+02
7.0178469869e+02
6.8931011760e+02
7.0164574824e+02
7.0150571602e+02
6.8940636412e+02
7.0134857482e+02
6.8951062289e+02
7.0118963034e+02
6.8961853696e+02
7.0103068586e+02
6.8972645102e+02
7.0086580317e+02
6.8983779458e+02
7.0069868244e+02
6.8995979536e+02
7.0052735253e+02
6.9008175278e+02
7.0034215452e+02
6.9020301659e+02
7.0015044470e+02
6.9033792293e+02
6.9995858460e+02
6.9047639717e+02
6.9976667811e+02
6.9061533578e+02
6.9956598815e+02
6.9076069048e+02
6.9935611289e+02
6.9091786756e+02
6.9913974228e+02
6.9892017871e+02
6.9107482839e+02
6.9869485598e+02
6.9123178923e+02
6.9846953324e+02
6.9140588016e+02
6.9824420813e+02
6.9158193766e+02
6.9800600358e+02
6.9175799516e+02
6.9776337974e+02
6.9194329039e+02
6.9752075591e+02
6.9213852490e+02
6.9727798105e+02
6.9233370382e+02
6.9703503386e+02
6.9253020093e+02
6.9679097882e+02
6.9274406864e+02
6.9653651078e+02
6.9295654377e+02
6.9628672725e+02
6.9316706975e+02
6.9603665190e+02
6.9338970668e+02
6.9578600242e+02
6.9361834479e+02
6.9553992246e+02
6.9384698289e+02
6.9529314753e+02
6.9407901125e+02
6.9504257729e+02
6.9431733559e+02
6.9479398425e+02
6.9455565992e+02
