4.7008747825e-07 -2.0673487294e-06
2.8930555287e-01 7.2537362598e-04
5.7258639865e-01 2.8749105677e-03
8.4981653968e-01 6.3852031888e-03
1.1209386124e+00 1.1219225422e-02
1.3859312574e+00 1.7322955568e-02
1.6447577780e+00 2.4640926714e-02
1.8973738427e+00 3.3135036635e-02
2.1437489703e+00 4.2748385700e-02
2.3838332579e+00 5.3440397251e-02
2.6175954439e+00 6.5153433367e-02
2.8450001334e+00 7.7854379552e-02
3.0660043252e+00 9.1480644714e-02
3.2805813553e+00 1.0600042713e-01
3.4886700011e+00 1.2135171436e-01
3.6902480865e+00 1.3750089196e-01
3.8852961376e+00 1.5439351519e-01
4.0737568251e+00 1.7198561500e-01
4.2556039651e+00 1.9022989415e-01
4.4308144931e+00 2.0907705184e-01
4.5993347850e+00 2.2848436305e-01
4.7611628361e+00 2.4840035261e-01
4.9162442532e+00 2.6878461130e-01
5.0645826622e+00 2.8958254586e-01
5.2061190911e+00 3.1075100118e-01
5.3408624983e+00 3.3224363951e-01
5.4687711531e+00 3.5400847438e-01
5.5898455919e+00 3.7600778875e-01
5.7040585060e+00 3.9817923015e-01
5.8114168231e+00 4.2049024906e-01
5.9118658971e+00 4.4288400635e-01
6.0054269520e+00 4.6531299948e-01
6.0921144400e+00 4.8773053190e-01
6.1718893306e+00 5.1008883714e-01
6.2447935868e+00 5.3233700354e-01
6.3107847436e+00 5.5443766593e-01
6.3699085734e+00 5.7632870940e-01
6.4221675717e+00 5.9797668123e-01
6.4675497246e+00 6.1931661274e-01
6.5060858378e+00 6.4031055803e-01
6.5378162569e+00 6.6091429970e-01
6.5627497471e+00 6.8106621498e-01
6.5808983454e+00 7.0072541676e-01
6.5923455653e+00 7.1985211583e-01
6.5970636833e+00 7.3838694892e-01
6.5951388127e+00 7.5628712040e-01
6.5865716958e+00 7.7350297968e-01
6.5714549954e+00 7.8999089911e-01
6.5498107923e+00 8.0569920072e-01
6.5217187279e+00 8.2058953850e-01
6.4872274085e+00 8.3460471791e-01
6.4463915575e+00 8.4770998530e-01
6.3993003132e+00 8.5985029640e-01
6.3460126571e+00 8.7099390502e-01
6.2866099298e+00 8.8108456763e-01
6.2211945177e+00 8.9008862160e-01
6.1498246198e+00 8.9795521874e-01
6.0726035403e+00 9.0464639054e-01
5.9896451972e+00 9.1012199014e-01
5.9010294891e+00 9.1434536045e-01
5.8068964805e+00 9.1726942557e-01
5.7073209450e+00 9.1886807325e-01
5.6024500555e+00 9.1909468441e-01
5.4924127247e+00 9.1792811335e-01
5.3773064500e+00 9.1532391280e-01
5.2572990808e+00 9.1126026719e-01
5.1325128611e+00 9.0570055049e-01
5.0031036748e+00 8.9862259304e-01
4.8692271296e+00 8.9000120231e-01
4.7310250313e+00 8.7981196263e-01
4.5886814027e+00 8.6804981544e-01
4.4423953445e+00 8.5468655756e-01
4.2923101087e+00 8.3971070439e-01
4.1386327020e+00 8.2311000320e-01
3.9815302933e+00 8.0489037959e-01
3.8212442118e+00 7.8503969732e-01
3.6579895983e+00 7.6358029299e-01
3.4919855405e+00 7.4050273276e-01
3.3234668319e+00 7.1583179279e-01
3.1527086736e+00 6.8958310860e-01
2.9799423121e+00 6.6178791954e-01
2.8054848928e+00 6.3247665767e-01
2.6296353383e+00 6.0171484739e-01
2.4526921307e+00 5.6952200721e-01
2.2750308153e+00 5.3600088879e-01
2.0970354205e+00 5.0118264199e-01
1.9190831260e+00 4.6521069243e-01
1.7416631054e+00 4.2814781001e-01
1.5652791994e+00 3.9016073516e-01
1.3904991529e+00 3.5135746865e-01
1.2179226051e+00 3.1194376660e-01
1.0483803874e+00 2.7212025854e-01
8.8272520854e-01 2.3220437760e-01
7.2204313524e-01 1.9243484343e-01
5.6762690845e-01 1.5325946371e-01
4.2125949042e-01 1.1521767856e-01
2.8536575999e-01 7.9081477319e-02
1.6350133545e-01 4.6037665697e-02
6.1923447369e-02 1.6889827732e-02
-2.7248555826e-05 -8.4679288969e-06
