-1.4037486020e-06 -8.1249570999e-09
1.9281432321e-01 -1.4708715533e-07
3.7952154326e-01 -2.4195190896e-07
5.6016065121e-01 8.9508280981e-09
7.3493694405e-01 -8.7686278000e-08
9.0388595368e-01 -2.8247372291e-07
1.0671801012e+00 -3.9742264582e-07
1.2249012507e+00 -2.4764539170e-07
1.3771521836e+00 1.6730396942e-08
1.5240844089e+00 -1.0143826182e-07
1.6657445035e+00 -4.2980263572e-07
1.8023261696e+00 -5.7279126490e-07
1.9338518392e+00 -4.4151920011e-07
2.0604826056e+00 -3.4251007765e-07
2.1823265863e+00 -8.3571336094e-08
2.2994239490e+00 2.8498058532e-07
2.4119700452e+00 1.6515741675e-07
2.5199897949e+00 -5.2457375701e-07
2.6236118244e+00 -1.0575071419e-06
2.7229587986e+00 -1.0389573233e-06
2.8180527005e+00 -6.0826147324e-07
2.9090762865e+00 -4.4759811001e-07
2.9960627366e+00 -6.6717199326e-07
3.0790959669e+00 -1.0824724648e-06
3.1583126805e+00 -1.0628881182e-06
3.2337258489e+00 -6.5113919782e-07
3.3054780682e+00 -4.1103692651e-07
3.3736319904e+00 -5.9707584716e-07
3.4382286912e+00 -9.8847894652e-07
3.4994076130e+00 -1.3231003635e-06
3.5571697237e+00 -1.4936313410e-06
3.6116264031e+00 -1.6436142082e-06
3.6628437848e+00 -1.5318372869e-06
3.7108367344e+00 -1.2385532199e-06
3.7557218247e+00 -9.8360399889e-07
3.7975331656e+00 -8.1658541435e-07
3.8362928114e+00 -8.1242615648e-07
3.8720995817e+00 -1.0534797342e-06
3.9049651500e+00 -1.6325175608e-06
3.9349490631e+00 -2.0361668548e-06
3.9620820548e+00 -1.5766873911e-06
3.9863915475e+00 -9.4305105585e-07
4.0079312600e+00 -1.1130405384e-06
4.0267024583e+00 -2.2428728222e-06
4.0427580430e+00 -2.5641550182e-06
4.0560918602e+00 -2.0305427982e-06
4.0667338070e+00 -1.3962574752e-06
4.0747144655e+00 -1.4473910510e-06
4.0800325466e+00 -2.1025742364e-06
4.0826880078e+00 -2.5794287132e-06
4.0826876389e+00 -2.4652151348e-06
4.0800406732e+00 -2.0890892592e-06
4.0747276602e+00 -2.1258573568e-06
4.0667543570e+00 -1.9963106396e-06
4.0561084194e+00 -1.9799385729e-06
4.0427631063e+00 -1.7843205509e-06
4.0267246013e+00 -1.3725827650e-06
4.0079428044e+00 -1.5459158179e-06
3.9864063001e+00 -1.9409422953e-06
3.9620936189e+00 -2.1242509838e-06
3.9349623309e+00 -2.0409057027e-06
3.9049994819e+00 -1.5945359153e-06
3.8721246816e+00 -1.5505332544e-06
3.8363197608e+00 -1.8843255762e-06
3.7975545218e+00 -2.0208633566e-06
3.7557411392e+00 -1.8672595586e-06
3.7108716772e+00 -1.3640060285e-06
3.6628490421e+00 -1.1181275028e-06
3.6116394490e+00 -1.1428232848e-06
3.5572020452e+00 -1.2027969050e-06
3.4994098954e+00 -1.1502957704e-06
3.4382596263e+00 -5.8138821480e-07
3.3736472541e+00 -3.4869241384e-07
3.3054878128e+00 -2.2907069861e-07
3.2337479411e+00 -2.6395759886e-07
3.1582971464e+00 -3.7603882928e-07
3.0791187305e+00 -2.8062210127e-07
2.9960631285e+00 -3.7975554769e-07
2.9090681567e+00 -5.6359808008e-07
2.8180840814e+00 -5.6781254485e-07
2.7229423297e+00 -4.3656632829e-07
2.6236313906e+00 -3.8710025924e-08
2.5200069702e+00 3.8230796610e-07
2.4119567834e+00 2.5630407357e-07
2.2994577412e+00 -2.4527511149e-07
2.1823152998e+00 -2.9119678200e-07
2.0604835406e+00 -2.1999080879e-08
1.9338689039e+00 2.0855282749e-07
1.8023038220e+00 2.7974927459e-07
1.6657708476e+00 1.3969579820e-07
1.5240727796e+00 1.2464886540e-08
1.3771488504e+00 -1.8492764744e-07
1.2249086823e+00 -2.0340545505e-07
1.0671653383e+00 -1.6118485924e-07
9.0390723418e-01 -1.3183172234e-07
7.3493351911e-01 -1.8142390025e-08
5.6015276425e-01 -4.9130162420e-08
3.7952061633e-01 -4.0319536559e-07
1.9281275563e-01 -4.6449116076e-07
-1.5901308469e-06 -5.3635117804e-10
