-1.6656815663e-05 4.2044711853e-09
-1.1504296333e-05 4.0018301718e-09
-3.0486857720e-06 3.3965998719e-09
8.1156086521e-06 2.3194011429e-09
1.3484297331e-05 5.7287583979e-10
1.6547249507e-05 -7.7110556797e-10
1.7304465180e-05 -1.7125430804e-09
1.5755944349e-05 -2.2514366976e-09
1.1901687016e-05 -2.3877864194e-09
5.7416931789e-06 -2.1215922460e-09
-2.7240371608e-06 -1.4528541772e-09
-9.2717467325e-06 -2.2541006463e-10
-1.2322642671e-05 8.8389422643e-10
-1.3482511792e-05 1.6552779209e-09
-1.2751354097e-05 2.0887410189e-09
-1.0129169584e-05 2.1842835203e-09
-1.6728214342e-06 5.3479355161e-11
-2.9462493398e-06 -3.3883154219e-10
-3.5502547136e-06 1.6568204648e-10
-3.4866899976e-06 6.5239244113e-10
-2.7555551919e-06 1.1212996417e-09
-1.3568502964e-06 1.5724036483e-09
7.0942468890e-07 2.0057044609e-09
3.4432697640e-06 2.4212020794e-09
6.8446849289e-06 2.8188965039e-09
4.2476167649e-06 2.2732277925e-09
2.1573142459e-06 1.7716043615e-09
6.7432853015e-07 1.3286203135e-09
-2.0134038254e-07 9.4427564861e-10
-4.6969249204e-07 6.1857036667e-10
-1.3072779838e-07 3.5150446775e-10
-1.8506243763e-05 4.0045229124e-09
2.9455781206e-06 -6.9043852875e-10
5.9463018561e-07 -6.4241427895e-10
-3.4858911928e-06 -5.2396237424e-10
-7.1406610068e-06 -6.2224143842e-10
-4.3832988878e-06 -1.5167558452e-09
-2.2607759423e-06 -2.1303314869e-09
-7.7309217022e-07 -2.4629683634e-09
7.9752428138e-08 -2.5146664748e-09
2.9775785303e-07 -2.2854258210e-09
-1.1907589568e-07 -1.7752464020e-09
-1.1707488179e-06 -9.8412821787e-10
-5.5349451084e-07 -9.6531594639e-11
7.4528694826e-08 5.1855678863e-10
4.6385412449e-08 8.5129152006e-10
-6.3792435782e-07 9.0167259967e-10
-1.9784006161e-06 6.6970002744e-10
1.3807483998e-06 -3.1533093075e-10
1.3936924988e-06 -3.0137502841e-10
9.5240403034e-07 -1.7891226200e-10
5.6882994584e-08 5.2057368463e-11
-8.0198880843e-07 4.4035225893e-10
1.2065898427e-06 1.1081455421e-09
2.2274904063e-06 1.5466868233e-09
2.2607128823e-06 1.7559761026e-09
1.3062572708e-06 1.7360133799e-09
-6.3587642814e-07 1.4867986552e-09
-3.5656882147e-06 1.0083319287e-09
-7.4831780888e-06 3.0061320011e-10
-4.9463645753e-06 -1.7825897883e-10
-3.7901873598e-07 -4.1194534867e-10
2.4587536598e-06 -5.7520406361e-10
3.5669526119e-06 -6.6803512364e-10
3.2254321778e-06 2.6149470685e-09
4.1074371780e-06 2.9541891160e-09
3.8197666222e-06 2.9743193497e-09
2.3624205106e-06 2.6753377697e-09
-2.6460115693e-07 2.0572443760e-09
-3.9575451700e-06 1.1274516566e-09
-1.7010994312e-06 6.0000521457e-10
-7.9603373643e-08 2.1108430467e-10
9.0694300291e-07 -3.9311073082e-11
1.2585396981e-06 -1.5118091869e-10
9.7518671220e-07 -1.2452523214e-10
5.6884045057e-08 4.0655986553e-11
-1.4963683033e-06 3.4436273740e-10
-1.3834793015e-06 2.9384254660e-10
-7.8375003772e-09 -1.7722143248e-11
9.1357173341e-07 -2.2077996903e-10
-2.8763588100e-06 -1.5509072035e-09
2.6241792717e-08 -1.5876263704e-09
1.4400343177e-06 -1.4925573715e-09
1.3650187650e-06 -1.2657002068e-09
-1.9880486541e-07 -9.0705487635e-10
-3.2514365736e-06 -4.1662138014e-10
-7.7928763594e-06 2.0560028182e-10
-4.6385233281e-06 3.5268853689e-10
-1.6435484353e-06 4.2464738488e-10
3.0861494760e-07 4.7427307487e-10
1.2179668208e-06 5.0156560686e-10
1.0845071843e-06 5.0652498085e-10
-9.1763961888e-08 4.8915119684e-10
-2.3108466177e-06 4.4944425483e-10
-2.0476044903e-06 9.7912753236e-10
1.1737516217e-06 1.9565932073e-09
-7.5161526004e-06 -2.0933681204e-10
-4.2740644136e-06 -5.2945298752e-10
-1.8022122364e-06 -7.5399201876e-10
-1.0059606921e-07 -8.8295390576e-10
8.3078408828e-07 -9.1633864852e-10
9.9192823600e-07 -8.5414624703e-10
3.8283637387e-07 -6.9637670131e-10
-9.9649149797e-07 -4.4303001135e-10
-5.0595756958e-07 -3.0012299772e-10
-2.7034184514e-08 -2.5855366445e-10
-1.8208058776e-07 -2.8455294289e-10
-9.7109677910e-07 -3.7812083303e-10
-2.3940827588e-06 -5.3925733487e-10
-4.4510385266e-06 -7.6796244842e-10
-7.1419640828e-06 -1.0642361737e-09
-7.2677674905e-06 -1.3823998709e-09
-1.7077726165e-07 3.7888514030e-10
-8.7944688478e-07 1.6127687563e-10
1.1156896860e-06 2.3271115736e-11
2.1620312653e-06 -6.0354085682e-11
2.2595778527e-06 -8.9598728620e-11
1.4083294486e-06 -6.4462813078e-11
-3.9171394728e-07 1.5053660945e-11
-3.1405523348e-06 1.4895069345e-10
-6.8381857140e-06 3.3722828443e-10
-4.5124601977e-06 5.9577001356e-10
-6.7197442838e-07 7.8272424872e-10
1.6280960648e-06 8.6804657728e-10
2.3877512815e-06 8.5173699925e-10
1.6069912220e-06 7.3379551463e-10
-7.1418411386e-07 5.1422212341e-10
-4.5757747260e-06 1.9301682559e-10
2.3037163180e-06 2.6490465612e-09
-3.1536635663e-07 2.0032587785e-09
-3.7990992632e-06 1.0475987594e-09
-1.8219980687e-06 3.4804447088e-10
-4.0733286946e-07 -1.5614473168e-10
4.4489633453e-07 -4.6496884829e-10
7.3468954342e-07 -5.7842787896e-10
4.6204675707e-07 -4.9652182368e-10
-3.7303202445e-07 -2.1925068245e-10
-1.7705468012e-06 2.5338554471e-10
-1.4983137123e-06 5.8818010946e-10
-1.8233943522e-07 6.9285096820e-10
6.9574756114e-07 7.4170048550e-10
1.1359472766e-06 7.3472866136e-10
1.1382597114e-06 6.7193549578e-10
7.0268486527e-07 5.5332098876e-10
1.4756755528e-06 -1.5931745840e-09
-1.7614051963e-07 -1.2072780093e-09
-3.3481929410e-06 -6.6681161832e-10
-8.0404817111e-06 2.8224588789e-11
-4.5811941860e-06 2.6585134562e-10
-1.5793403056e-06 4.2213037481e-10
3.6480333747e-07 5.2985406535e-10
1.2512367432e-06 5.8902241724e-10
1.0799599115e-06 5.9963543047e-10
-1.4902715759e-07 5.6169310505e-10
-2.4357244640e-06 4.7519544098e-10
-2.0065369200e-06 1.0126608037e-09
1.1762692757e-06 1.9886479113e-09
3.1986976973e-06 2.6402800408e-09
4.0607483450e-06 2.9675571923e-09
3.7624212185e-06 2.9704793657e-09
1.1621357827e-07 -1.3940636946e-09
1.0179443484e-06 -1.4236942435e-09
1.1301117742e-06 -1.3405629308e-09
4.5271585562e-07 -1.1446697566e-09
-1.0142434073e-06 -8.3601472086e-10
-5.3402739988e-07 -7.0891459979e-10
-1.4079706450e-07 -6.7770345987e-10
-3.5736960079e-07 -6.9805870975e-10
-1.1837450086e-06 -7.6998034945e-10
-2.6199232880e-06 -8.9346837895e-10
-4.6659044391e-06 -1.0685227983e-09
-7.3216884617e-06 -1.2951436074e-09
-7.1194236458e-06 -1.5910627215e-09
-2.6902943229e-06 -1.8234454114e-09
2.1859865125e-07 -1.9012582851e-09
1.6072552764e-06 -1.8245013426e-09
2.1157445204e-06 1.0809725321e-10
2.1567178895e-06 1.0087598099e-10
1.2463326481e-06 1.1693318357e-10
-6.1541120391e-07 1.5626886095e-10
-3.4285136663e-06 2.1888301312e-10
-7.1929747394e-06 3.0477564008e-10
-4.5341708887e-06 4.0079201884e-10
-6.4596020946e-07 4.4187172190e-10
1.6806374446e-06 4.2146010980e-10
2.4456220735e-06 3.3955718252e-10
1.6489936773e-06 1.9616294008e-10
-7.0924774394e-07 -8.7226175398e-12
-4.6291021903e-06 -2.7509949033e-10
-7.3263587983e-06 -6.2860087854e-10
-4.0559379950e-06 -9.9651701209e-10
-1.5750805361e-06 -1.2516712841e-09
-1.8756416585e-06 2.4897806448e-10
-5.5974613359e-07 -1.5512437660e-10
2.2430765156e-07 -3.9105597871e-10
4.7651969681e-07 -4.5881674185e-10
1.9689000212e-07 -3.5840666603e-10
-6.1458143250e-07 -8.9825751237e-11
-1.9578946069e-06 3.4692600252e-10
-1.4581887177e-06 6.1694632733e-10
-3.4300126972e-08 6.8349440911e-10
9.0989217255e-07 7.0639929143e-10
1.3743881809e-06 6.8566097428e-10
1.3591878982e-06 6.2127945766e-10
8.6429132435e-07 5.1325474158e-10
-1.1030154070e-07 3.6158682602e-10
-8.2027804950e-07 1.9237522201e-10
1.1234125408e-06 1.3859700021e-10
-7.7282700486e-06 -6.6735975300e-10
-4.4047365785e-06 -6.1581076964e-11
-1.7454859302e-06 3.9947306678e-10
-5.0148349312e-08 7.1989137069e-10
6.8127616422e-07 8.9967383477e-10
4.4878761038e-07 9.3882045903e-10
-7.4761401070e-07 8.3733124344e-10
-2.9079286992e-06 5.9520618803e-10
-2.0445116655e-06 9.9511469292e-10
1.3056303207e-06 1.8521984164e-09
3.4354086671e-06 2.4139257051e-09
4.3448233735e-06 2.6802965590e-09
4.0338744401e-06 2.6513109783e-09
2.5025618669e-06 2.3269689627e-09
-2.4911434614e-07 1.7072705125e-09
-3.7233789234e-06 8.2125134452e-10
5.9610756318e-07 1.1524563331e-09
-1.1775955851e-06 -3.3396929424e-10
-8.9629878682e-07 -1.9135753726e-09
-7.3334690018e-07 -3.0689641367e-09
-1.1224903987e-06 -3.7945138462e-09
-2.0637292823e-06 -4.0902245012e-09
-3.5570635511e-06 -3.9560961017e-09
-5.6024932052e-06 -3.3921286477e-09
-8.2000182443e-06 -2.3983221391e-09
-7.3857949595e-06 -1.8345230420e-09
-2.4007968316e-06 -2.2141490455e-09
9.0622691630e-07 -2.4116538436e-09
2.5352762838e-06 -2.4270374363e-09
2.4863512711e-06 -2.2602998236e-09
7.5945187809e-07 -1.9114410055e-09
-2.6454218951e-06 -1.3804609820e-09
6.6909007766e-07 9.1926376413e-11
-2.9231748997e-06 5.7132954924e-10
-7.8219596760e-06 1.2056784650e-09
-5.5374039487e-06 1.8767896457e-09
-1.9872778266e-06 2.3314739604e-09
1.5254051037e-07 2.5614803835e-09
8.8205106205e-07 2.5668089149e-09
2.0125382852e-07 2.3474595546e-09
-1.8898511902e-06 1.9034323027e-09
-5.3912639942e-06 1.2347271591e-09
-7.3234924007e-06 1.0735709767e-09
-3.7938187336e-06 2.1578422409e-09
-1.1480412026e-06 2.8136640231e-09
6.1384019264e-07 3.0410363235e-09
1.4918254520e-06 2.8399591420e-09
1.4859145755e-06 2.2104324785e-09
5.9292870321e-07 -3.5455363637e-10
2.6437061627e-07 -3.2552225606e-10
-6.2882082319e-07 -1.6307818975e-10
-2.0866456150e-06 1.3277856256e-10
-1.2905466010e-06 2.0548018807e-10
3.8376319892e-07 1.3144566344e-10
1.4566288108e-06 7.7634730090e-11
1.9280502347e-06 4.4047388001e-11
1.7980274706e-06 3.0683637179e-11
1.0665605185e-06 3.7543477624e-11
-2.6635062174e-07 6.4626909334e-11
-9.6738201886e-07 1.9096655805e-11
1.9729519982e-06 -2.7622888588e-10
3.6067662164e-06 -4.1660868466e-10
3.9340606358e-06 -4.0204274054e-10
2.9548352561e-06 -2.3253105351e-10
2.4383660741e-07 1.4347710257e-09
9.9163067588e-07 1.6365183932e-09
7.1731062182e-07 1.5874904512e-09
-5.7912355480e-07 1.2876871994e-09
-2.8976718540e-06 7.3710863811e-10
-1.9271455308e-06 9.4872601103e-10
1.3651451953e-06 1.7211944048e-09
3.4398880608e-06 2.2303872150e-09
4.2970830657e-06 2.4763044416e-09
3.9367302098e-06 2.4589460848e-09
2.3588294934e-06 2.1783121443e-09
-4.3661908384e-07 1.6344026204e-09
-3.7391724730e-06 8.6344770242e-10
-1.8091971504e-06 3.5882833872e-10
-4.4385518003e-07 -1.2378338981e-11
3.5685343783e-07 -2.5017233068e-10
-1.5086161480e-05 -5.6079712546e-10
-1.4109048619e-05 -5.6085692953e-10
-1.0796194065e-05 -4.8215620669e-10
-5.1475978159e-06 -3.2469495693e-10
2.8367401267e-06 -8.8473180253e-11
7.7285428902e-06 -2.9486706779e-10
6.5081537261e-06 -9.5690491368e-10
5.2017549090e-06 -1.3901213650e-09
3.8093464385e-06 -1.5945164217e-09
2.3309283148e-06 -1.5700900839e-09
7.6650053783e-07 -1.3168423515e-09
-8.8393689237e-07 -8.3477322447e-10
-2.6203839757e-06 -1.2388270290e-10
-8.1322303337e-06 -6.7512293474e-10
-4.3180938974e-06 2.7895036169e-10
-1.5260715837e-06 9.8224834850e-10
6.2531018068e-06 -1.2837824673e-09
4.9533969489e-06 -1.7126376110e-09
3.5261005283e-06 -1.8386934088e-09
1.9712125450e-06 -1.6619498608e-09
2.8873299886e-07 -1.1824069670e-09
-1.5213381100e-06 -4.0006472739e-10
6.0357668991e-08 6.6492902309e-10
6.7188865490e-06 1.5679054769e-09
1.0974412943e-05 2.1390082057e-09
1.2826936850e-05 2.3782372092e-09
1.2276458272e-05 2.2855924876e-09
9.3229772075e-06 1.8610740408e-09
3.9664936570e-06 1.1046818689e-09
-3.7929923796e-06 1.6415971850e-11
-1.0033162120e-05 -3.2439593656e-10
-1.3727532647e-05 -4.8197679447e-10
2.6388015556e-06 8.9747335684e-10
8.4899202340e-06 1.5988316861e-09
1.1930372432e-05 2.0043727300e-09
1.2960158148e-05 2.1140964886e-09
1.1579277384e-05 1.9280029619e-09
7.7877301392e-06 1.4460921499e-09
1.5855164134e-06 6.6836405264e-10
-6.3565367932e-06 -1.4123222946e-10
-1.1622557283e-05 -1.9980801176e-10
-1.4539115214e-05 -2.2242995100e-10
-1.5106210586e-05 -2.0909804719e-10
-1.3323843401e-05 -1.5981230034e-10
-9.1920136572e-06 -7.4572710430e-11
-2.7107213552e-06 4.6620722526e-11
6.1200335051e-06 2.0376799853e-10
7.4252151021e-06 -5.5212797785e-10
-1.1122417724e-06 5.4292758193e-11
-8.4696050164e-06 -3.1658758094e-10
-1.2945368815e-05 -2.3425400159e-10
-1.5063148999e-05 -1.5294206307e-10
-1.4822945567e-05 -7.2651765380e-11
-1.2224758521e-05 6.6168914816e-12
-7.2685878598e-06 8.4863907513e-11
4.5566416327e-08 1.6208928271e-10
8.1416442615e-06 8.2355349145e-11
7.0326039402e-06 -8.3410516720e-10
5.8020705220e-06 -1.4532139395e-09
4.4500440066e-06 -1.7749709678e-09
2.9765243942e-06 -1.7993762520e-09
1.3815116849e-06 -1.5264297922e-09
-3.3499412152e-07 -9.5613158841e-10
-2.1729930249e-06 -8.8481640553e-11
-5.0675199427e-06 2.1022756293e-10
3.0652086980e-06 1.5180375632e-10
7.7485446730e-06 -5.1328869355e-10
6.6025530728e-06 -1.5337405576e-09
5.3363980293e-06 -2.1877451027e-09
3.9500795425e-06 -2.4753023289e-09
2.4435976123e-06 -2.3964122360e-09
8.1695223879e-07 -1.9510748241e-09
-9.2985657804e-07 -1.1392900933e-09
-2.4798200927e-06 2.7072429469e-11
4.9696119017e-06 8.4560301319e-10
1.0001022675e-05 1.3925862751e-09
1.2614412228e-05 1.6680222153e-09
1.2809780559e-05 1.6719108337e-09
1.0587127670e-05 1.4042521303e-09
5.9464535591e-06 8.6504610514e-10
1.8892058386e-06 -1.9338482516e-09
2.1404607702e-07 -1.3816024775e-09
-1.5764178941e-06 -4.8753286963e-10
3.4480404251e-07 5.8594329291e-10
6.9932072542e-06 1.3015135496e-09
1.1215013210e-05 1.7371640827e-09
1.3010221910e-05 1.8928948924e-09
1.2378833354e-05 1.7687059786e-09
9.3208475424e-06 1.3645973414e-09
3.8362644747e-06 6.8056898064e-10
-4.0749158487e-06 -2.8337910357e-10
-1.0278107474e-05 -1.7239988349e-10
-1.3963064057e-05 -5.9081969400e-12
-1.5284483596e-05 1.1560039098e-10
-1.4242366090e-05 1.9212588026e-10
-1.0836711539e-05 2.2366827092e-10
1.3847324629e-05 1.6401793459e-09
1.2252686652e-05 1.4693269783e-09
8.1120468299e-06 1.0602309353e-09
1.4254051619e-06 4.1289121697e-10
-6.8791491858e-06 -1.5597040765e-10
-1.2084129570e-05 2.3555743256e-11
-1.4917925271e-05 1.6102117584e-10
-1.5380536289e-05 2.5642589012e-10
-1.3471962626e-05 3.0976988609e-10
-9.1922042789e-06 3.2105316374e-10
-2.5412612497e-06 2.9027572308e-10
6.4808664621e-06 2.1743756411e-10
7.4368027891e-06 -7.2459301133e-10
6.2228598658e-06 -1.5396425719e-09
4.8936127330e-06 -2.0128682988e-09
3.4490613906e-06 -2.1442701921e-09
-1.4851934766e-05 1.6449883757e-10
-1.4489163414e-05 2.3574199470e-10
-1.1830307233e-05 2.7251657472e-10
-6.8753662249e-06 2.7482257762e-10
3.7565961176e-07 2.4266000340e-10
7.9796359873e-06 2.5699506632e-11
6.6328006820e-06 -8.1172053415e-10
5.2549572598e-06 -1.3755430415e-09
3.8461057206e-06 -1.6657680153e-09
2.4062460645e-06 -1.6823954557e-09
9.3537829145e-07 -1.4254253626e-09
-5.6649759851e-07 -8.9485773600e-10
-2.0993816055e-06 -9.0692575963e-11
3.3552274831e-06 7.2327439715e-10
9.3985950442e-06 1.2671530554e-09
1.2895960759e-05 1.5727880383e-09
6.2101277128e-06 -8.6755226698e-10
4.8451794769e-06 -1.2346812866e-09
3.4362186786e-06 -1.3812246672e-09
1.9832453180e-06 -1.3071824087e-09
4.8625939486e-07 -1.0125545111e-09
-1.0547390906e-06 -4.9734097438e-10
-2.0122164690e-06 2.3457526670e-10
5.5692188460e-06 8.9078398701e-10
1.0651742658e-05 1.3237987732e-09
1.3235354967e-05 1.5336196254e-09
1.3320055773e-05 1.5202465435e-09
1.0905845075e-05 1.2836795274e-09
5.9927228749e-06 8.2391857733e-10
-1.4193108285e-06 1.4096369315e-10
-8.6892229851e-06 -8.1393208056e-11
-1.2918621289e-05 5.8787103315e-11
9.0538148542e-07 2.3541786927e-10
7.6357247821e-06 6.1777942580e-10
1.1862318748e-05 8.4419046414e-10
1.3585163384e-05 9.1465098429e-10
1.2804258689e-05 8.2916098625e-10
9.5196046643e-06 5.8772047002e-10
3.7312013087e-06 1.9032943560e-10
-4.5609513775e-06 -3.6301211701e-10
-1.0433470490e-05 -2.5657005840e-10
-1.3882629764e-05 -1.3791713961e-10
-1.5031663332e-05 -4.2315542847e-11
-1.3880571194e-05 3.0234731903e-11
-1.0429353350e-05 7.9733684637e-11
-4.6780098003e-06 1.0618131535e-10
3.3734594554e-06 1.0957762406e-10
7.5310633862e-06 -2.7983760823e-10
1.1785153419e-06 -7.4012456127e-11
-6.8731046277e-06 -3.3844970656e-10
-1.1859367523e-05 -1.6717630875e-11
-1.4540289130e-05 2.2083019827e-10
-1.4915869447e-05 3.7419378087e-10
-1.2986108476e-05 4.4337311692e-10
-8.7510062150e-06 4.2836820644e-10
-2.2105626653e-06 3.2917904940e-10
6.6352221736e-06 1.4580564583e-10
7.0603426033e-06 -5.2172042240e-10
5.7342947927e-06 -1.0597672026e-09
4.3634507282e-06 -1.3752750039e-09
2.9478104103e-06 -1.4682438262e-09
1.4873738388e-06 -1.3386736697e-09
-1.7858986316e-08 -9.8656453432e-10
-1.5678880650e-06 -4.1191642000e-10
-5.6159582549e-06 1.9419054252e-09
7.8827989145e-07 1.3616067336e-09
7.1457331420e-06 4.0693152681e-10
6.1509173831e-06 -6.4440192304e-10
5.0473055802e-06 -1.3758924635e-09
3.8348977332e-06 -1.7875400944e-09
2.5136938421e-06 -1.8793448160e-09
1.0836939071e-06 -1.6513066281e-09
-4.5510207196e-07 -1.1034255307e-09
-2.1026940951e-06 -2.3570152397e-10
3.4462363754e-06 3.3642183190e-10
9.2916414570e-06 6.1773191537e-10
1.2647703104e-05 7.5915567958e-10
1.3514421316e-05 7.6069312454e-10
1.1891796093e-05 6.2234425024e-10
7.7798274347e-06 3.4410905668e-10
-3.9750433624e-06 1.5537380338e-10
-6.6278525967e-06 -6.4130607251e-10
-7.7109248401e-06 -1.5464535174e-09
-5.0421782082e-06 -2.0119037435e-09
-3.2479112031e-06 -2.2080871479e-09
-2.3281238246e-06 -2.1350037307e-09
-2.2828160728e-06 -1.7926534919e-09
-3.1119879477e-06 -1.1810364313e-09
-4.8156394493e-06 -3.0015254915e-10
-7.3937705774e-06 8.4999815469e-10
-5.3464808313e-06 1.5561232339e-09
-3.1874237626e-06 1.9421998366e-09
-1.6470788951e-06 2.0736695396e-09
-7.2544622846e-07 1.9505323430e-09
-4.2252576276e-07 1.5727882467e-09
-7.3831749803e-07 9.4043725079e-10
-1.7052580632e-05 3.4019853531e-09
-1.2295826270e-05 2.3968585074e-09
-4.2359806782e-06 9.8914237529e-10
8.1555369837e-07 1.4307795183e-10
