3.2353913688e+02
3.2353543491e+02
3.2353173294e+02
3.2352661466e+02
3.2352170876e+02
3.2351631797e+02
3.2351234713e+02
3.2350657522e+02
3.2350121667e+02
3.2349674688e+02
3.2349229257e+02
3.2348628083e+02
3.2347810530e+02
3.2347148052e+02
3.2346452902e+02
3.2345747177e+02
3.2344927997e+02
3.2343998256e+02
3.2343156189e+02
3.2342171128e+02
3.2341185086e+02
3.2340064530e+02
3.2338949825e+02
3.2337758721e+02
3.2336486819e+02
3.2335014215e+02
3.2333674081e+02
3.2332607791e+02
3.2331071122e+02
3.2329320002e+02
3.2327592142e+02
3.2325844095e+02
3.2324011972e+02
3.2322091211e+02
3.2320271474e+02
3.2318450832e+02
3.2316232851e+02
3.2313905195e+02
3.2311639548e+02
3.2309374274e+02
3.2306849030e+02
3.2304275372e+02
3.2301668330e+02
3.2299006777e+02
3.2296183809e+02
3.2293262847e+02
3.2290764013e+02
3.2288196947e+02
3.2285188372e+02
3.2282296371e+02
3.2279463581e+02
3.2276429257e+02
3.2273388357e+02
3.2270330127e+02
3.2267221446e+02
3.2264189795e+02
3.2261055686e+02
3.2258060513e+02
3.2254796196e+02
3.2251462433e+02
3.2248883817e+02
3.2245880044e+02
3.2242800907e+02
3.2239694080e+02
3.2236601482e+02
3.2234154509e+02
3.2231333149e+02
3.2228749950e+02
3.2226261724e+02
3.2223864213e+02
3.2221506590e+02
3.2219184695e+02
3.2216940926e+02
3.2214799818e+02
3.2212837539e+02
3.2210996662e+02
3.2209303071e+02
3.2207950117e+02
3.2206814983e+02
3.2205776384e+02
3.2204880043e+02
3.2204188813e+02
3.2203651601e+02
3.2203375862e+02
3.2203345962e+02
3.2203563082e+02
3.2203949703e+02
3.2204582971e+02
3.2205430053e+02
3.2206458712e+02
3.2207819526e+02
3.2209319351e+02
3.2211019835e+02
3.2212872175e+02
3.2214848122e+02
3.2217168269e+02
3.2219591106e+02
3.2222048096e+02
3.2224870467e+02
3.2227108147e+02
