3.0283986393e-06 2.3433706046e-07
2.4929275742e-01 -1.7752664837e-05
4.9263625091e-01 -6.8672095482e-05
7.3009870570e-01 -1.5457137629e-04
9.6173654275e-01 -2.7676273261e-04
1.1876089088e+00 -4.3780807896e-04
1.4077585962e+00 -6.3735155701e-04
1.6222609611e+00 -8.7509835152e-04
1.8311483192e+00 -1.1552669575e-03
2.0344858692e+00 -1.4746793317e-03
2.2323280679e+00 -1.8367026427e-03
2.4247112974e+00 -2.2418217539e-03
2.6116931208e+00 -2.6897778486e-03
2.7933189735e+00 -3.1804447663e-03
2.9696384927e+00 -3.7147262246e-03
3.1406919459e+00 -4.2924970210e-03
3.3065281815e+00 -4.9152663161e-03
3.4671914178e+00 -5.5807253943e-03
3.6227239472e+00 -6.2885883103e-03
3.7731558797e+00 -7.0427679507e-03
3.9185596393e+00 -7.8410200763e-03
4.0589282421e+00 -8.6805630086e-03
4.1943242741e+00 -9.5588712473e-03
4.3247544322e+00 -1.0477536932e-02
4.4503026618e+00 -1.1437374068e-02
4.5709876275e+00 -1.2438766641e-02
4.6867823590e+00 -1.3468745382e-02
4.7978107387e+00 -1.4531422944e-02
4.9039947392e+00 -1.5631234616e-02
5.0054926116e+00 -1.6765760032e-02
5.1022187646e+00 -1.7941727458e-02
5.1942523199e+00 -1.9137672988e-02
5.2815937299e+00 -2.0345894712e-02
5.3642762275e+00 -2.1583851908e-02
5.4422881589e+00 -2.2847771486e-02
5.5156941575e+00 -2.4125393084e-02
5.5844946460e+00 -2.5419270500e-02
5.6487013141e+00 -2.6727714278e-02
5.7083097442e+00 -2.8042023289e-02
5.7633415857e+00 -2.9364220394e-02
5.8138130380e+00 -3.0694280141e-02
5.8597334769e+00 -3.2020969626e-02
5.9010960711e+00 -3.3346758580e-02
5.9379068216e+00 -3.4666670652e-02
5.9701870368e+00 -3.5976443988e-02
5.9979161039e+00 -3.7276005209e-02
6.0210997059e+00 -3.8562018531e-02
6.0397261221e+00 -3.9825313384e-02
6.0538173206e+00 -4.1071379758e-02
6.0633430171e+00 -4.2293495921e-02
6.0682968374e+00 -4.3477233965e-02
6.0687042117e+00 -4.4628234418e-02
6.0644806402e+00 -4.5748530257e-02
6.0555914901e+00 -4.6821726634e-02
6.0422664291e+00 -4.7854062913e-02
6.0242613529e+00 -4.8837723745e-02
6.0013338883e+00 -4.9777796565e-02
5.9739291840e+00 -5.0663528389e-02
5.9417869227e+00 -5.1478012881e-02
5.9049505823e+00 -5.2241392245e-02
5.8632543705e+00 -5.2934637028e-02
5.8168354470e+00 -5.3554799621e-02
5.7655801408e+00 -5.4105427769e-02
5.7094791266e+00 -5.4583357943e-02
5.6484573119e+00 -5.4986278819e-02
5.5825212183e+00 -5.5299396497e-02
5.5115968814e+00 -5.5527213686e-02
5.4356847491e+00 -5.5671119930e-02
5.3547056210e+00 -5.5723441232e-02
5.2686206172e+00 -5.5682057118e-02
5.1773955593e+00 -5.5543655773e-02
5.0809639857e+00 -5.5302231220e-02
4.9792852263e+00 -5.4959884108e-02
4.8723112540e+00 -5.4512947426e-02
4.7599779916e+00 -5.3959230061e-02
4.6422290708e+00 -5.3294785296e-02
4.5190088302e+00 -5.2520168122e-02
4.3902474193e+00 -5.1630338241e-02
4.2558995348e+00 -5.0625175593e-02
4.1158853463e+00 -4.9503072454e-02
3.9701483988e+00 -4.8260258416e-02
3.8186139977e+00 -4.6900420945e-02
3.6612211569e+00 -4.5412283914e-02
3.4978927913e+00 -4.3803875235e-02
3.3285449837e+00 -4.2068737247e-02
3.1531176355e+00 -4.0208571267e-02
2.9715332400e+00 -3.8219975906e-02
2.7837079799e+00 -3.6100703818e-02
2.5895597957e+00 -3.3852475817e-02
2.3890116754e+00 -3.1472228041e-02
2.1819724220e+00 -2.8959618190e-02
1.9683574466e+00 -2.6313638737e-02
1.7480791569e+00 -2.3532110874e-02
1.5210441396e+00 -2.0614702477e-02
1.2871671446e+00 -1.7558370764e-02
1.0463490927e+00 -1.4362740312e-02
7.9849552764e-01 -1.1028626895e-02
5.4350918649e-01 -7.5515768454e-03
2.8128220697e-01 -3.9336534454e-03
1.1870631107e-02 -1.6666998078e-04
