2.5334473641e+01
2.5331123657e+01
2.5327773673e+01
2.5324423690e+01
2.5321073706e+01
2.5318059764e+01
2.5315487146e+01
2.5312914528e+01
2.5310266052e+01
2.5307429590e+01
2.5305309505e+01
2.5303276639e+01
2.5301228023e+01
2.5299073231e+01
2.5297218363e+01
2.5295660946e+01
2.5294001605e+01
2.5292342263e+01
2.5290929560e+01
2.5289963724e+01
2.5288997887e+01
2.5288032050e+01
2.5287181367e+01
2.5286593350e+01
2.5285958425e+01
2.5285323500e+01
2.5284944788e+01
2.5284941604e+01
2.5284926831e+01
2.5284839330e+01
2.5285077191e+01
2.5285620492e+01
2.5286099513e+01
2.5286413643e+01
2.5287128326e+01
2.5288005080e+01
2.5288881576e+01
2.5289758071e+01
2.5291139238e+01
2.5292565510e+01
2.5293991782e+01
2.5295517942e+01
2.5297289154e+01
2.5299059381e+01
2.5300829607e+01
2.5302710047e+01
2.5304929638e+01
2.5307149230e+01
2.5309549120e+01
2.5312208277e+01
2.5315040669e+01
2.5317712926e+01
2.5320231826e+01
2.5323067362e+01
2.5326185283e+01
2.5329336033e+01
2.5332580271e+01
2.5336064400e+01
2.5339548528e+01
2.5343032657e+01
2.5346781187e+01
2.5350538317e+01
2.5354295447e+01
2.5358064602e+01
2.5361934198e+01
2.5365803793e+01
2.5370196948e+01
2.5374596184e+01
2.5378955657e+01
2.5383315131e+01
2.5387266224e+01
2.5391688821e+01
2.5396111417e+01
2.5400445379e+01
2.5404615633e+01
2.5408785886e+01
2.5413678719e+01
2.5418215578e+01
2.5422036418e+01
2.5425872782e+01
2.5429746190e+01
2.5433619598e+01
2.5437311391e+01
2.5440719167e+01
2.5443493799e+01
2.5444615739e+01
2.5447718831e+01
2.5449384025e+01
2.5450001269e+01
2.5449940794e+01
2.5444718685e+01
2.5440016488e+01
2.5437798682e+01
2.5429106727e+01
2.5420738317e+01
2.5411895680e+01
2.5374876411e+01
2.5337857142e+01
2.5300837873e+01
2.5263818604e+01
