4.0816643067e+02
4.0797401216e+02
4.0778860641e+02
4.0761495519e+02
4.0744622023e+02
4.0728283208e+02
4.0713709889e+02
4.0699189362e+02
4.0685602047e+02
4.0673324864e+02
4.0661068054e+02
4.0650565229e+02
4.0640508775e+02
4.0631114025e+02
4.0623042430e+02
4.0615563446e+02
4.0609020553e+02
4.0603354730e+02
4.0598557647e+02
4.0595156122e+02
4.0591854995e+02
4.0589935204e+02
4.0588297393e+02
4.0588504482e+02
4.0589214825e+02
4.0590660229e+02
4.0593325024e+02
4.0596465695e+02
4.0601171268e+02
4.0606345730e+02
4.0612333194e+02
4.0619867800e+02
4.0627738759e+02
4.0636630842e+02
4.0646687187e+02
4.0657245560e+02
4.0669153735e+02
4.0681567813e+02
4.0695097286e+02
4.0709751525e+02
4.0724626016e+02
4.0740882024e+02
4.0758030783e+02
4.0775959355e+02
4.0794496471e+02
4.0813953978e+02
4.0834656802e+02
4.0855285905e+02
4.0877092636e+02
4.0900186485e+02
4.0923557188e+02
4.0947447029e+02
4.0972624215e+02
4.0998459050e+02
4.1024357951e+02
4.1051421155e+02
4.1079344636e+02
4.1107126842e+02
4.1135976372e+02
4.1165428558e+02
4.1195260966e+02
4.1225992298e+02
4.1256697958e+02
4.1287951861e+02
4.1320177721e+02
4.1351993279e+02
4.1384584913e+02
4.1418199879e+02
4.1450774589e+02
4.1484295981e+02
4.1518609427e+02
4.1552043196e+02
4.1586276419e+02
4.1621076485e+02
4.1654881766e+02
4.1689227529e+02
4.1724224592e+02
4.1758122805e+02
4.1792763050e+02
4.1827251534e+02
4.1860450874e+02
4.1894982614e+02
4.1928481968e+02
4.1960761813e+02
4.1994917631e+02
4.2026141061e+02
4.2057803221e+02
4.2089507360e+02
4.2117329661e+02
4.2148696330e+02
4.2175381325e+02
4.2200992822e+02
4.2227626385e+02
4.2246053698e+02
4.2270275156e+02
4.2283813951e+02
4.2287788710e+02
4.2291253919e+02
4.2265894304e+02
4.2134692606e+02
