2.8289677004e-01 2.3738822664e-08
2.8289677936e-01 -2.8605387287e-09
2.8289677283e-01 -2.3517125186e-08
2.8289675044e-01 -3.8230936706e-08
2.8289671221e-01 -4.7001973291e-08
2.8289665811e-01 -4.9830234939e-08
2.8289658892e-01 -6.7733795033e-08
2.8289672670e-01 -7.0992236327e-08
2.8289688024e-01 -6.7710546284e-08
2.8289693362e-01 -6.2207956084e-08
2.8289688686e-01 -5.4484465728e-08
2.8289673996e-01 -4.4540075216e-08
2.8289649290e-01 -3.2374784547e-08
2.8289623373e-01 4.9153976784e-09
2.8289602120e-01 6.3703438469e-08
2.8289580100e-01 1.0291630885e-07
2.8289568524e-01 1.2967669260e-07
2.8289567392e-01 1.4398458972e-07
2.8289576703e-01 1.4584000021e-07
2.8289596458e-01 1.3524292407e-07
2.8289626656e-01 1.1219336130e-07
2.8289673711e-01 9.6066518194e-08
2.8289677865e-01 6.5276241259e-08
2.8289680033e-01 3.4763038433e-08
2.8289680215e-01 4.5269097158e-09
2.8289678410e-01 -2.5432144893e-08
2.8289674619e-01 -5.5114125392e-08
2.8289668842e-01 -8.4519031783e-08
2.8289663622e-01 -1.1576326764e-07
2.8289667228e-01 -1.2373538061e-07
2.8289687581e-01 -1.0776231014e-07
2.8289698293e-01 -9.2562608320e-08
2.8289699364e-01 -7.8136275139e-08
2.8289690793e-01 -6.4483310600e-08
2.8289672581e-01 -5.1603714704e-08
2.8289644907e-01 -3.8847628653e-08
2.8289628807e-01 1.9740073069e-08
2.8289601520e-01 4.5310189932e-08
2.8289584744e-01 6.3762203274e-08
2.8289578481e-01 7.5096113097e-08
2.8289582730e-01 7.9311919400e-08
2.8289597491e-01 7.6409622182e-08
2.8289622765e-01 6.6389221445e-08
2.8289666346e-01 6.4903396828e-08
2.8289685959e-01 3.6989284467e-08
2.8289687351e-01 -3.9397669072e-09
2.8289687342e-01 -3.7584801314e-08
2.8289685933e-01 -6.3945818752e-08
2.8289683122e-01 -8.3022819223e-08
2.8289678911e-01 -9.4815802726e-08
2.8289673299e-01 -9.9324769261e-08
2.8289663439e-01 -1.2972322190e-07
2.8289685721e-01 -1.0624259520e-07
2.8289698115e-01 -8.3447718604e-08
2.8289700623e-01 -6.1338592106e-08
2.8289693242e-01 -3.9915215709e-08
2.8289675974e-01 -1.9177589413e-08
2.8289648819e-01 8.7428678304e-10
2.8289629055e-01 4.7008359671e-08
2.8289603003e-01 9.0481879558e-08
2.8289581729e-01 1.2015969889e-07
2.8289571140e-01 1.3639427299e-07
2.8289571237e-01 1.3918560185e-07
2.8289582019e-01 1.2853368546e-07
2.8289603487e-01 1.0443852384e-07
2.8289638206e-01 7.7092964645e-08
2.8289674654e-01 6.2261918794e-08
2.8289676807e-01 3.2536304069e-09
2.8289677088e-01 -4.6396547960e-08
2.8289675495e-01 -8.6688616307e-08
2.8289672029e-01 -1.1762257463e-07
2.8289666690e-01 -1.3919842294e-07
2.8289659478e-01 -1.5141616123e-07
2.8289653619e-01 -1.7772787821e-07
2.8289668377e-01 -1.4788329552e-07
2.8289686417e-01 -1.0213472259e-07
2.8289694099e-01 -5.8370200342e-08
2.8289691421e-01 -1.6589728791e-08
2.8289678385e-01 2.3206692068e-08
2.8289654990e-01 6.1019062235e-08
2.8289628471e-01 9.5451400713e-08
2.8289608450e-01 9.9892279506e-08
2.8289583820e-01 7.9582863944e-08
2.8289569255e-01 5.7651623760e-08
2.8289564753e-01 3.4098558955e-08
2.8289570315e-01 8.9236695275e-09
2.8289585940e-01 -1.7873044522e-08
2.8289611630e-01 -4.6291583193e-08
2.8289656943e-01 -4.2099980327e-08
2.8289664729e-01 -9.1994384710e-08
2.8289665055e-01 -1.3460759534e-07
2.8289663167e-01 -1.6108280029e-07
2.8289659066e-01 -1.7141999955e-07
2.8289652750e-01 -1.6561919312e-07
2.8289644221e-01 -1.4368038100e-07
2.8289638310e-01 -1.5467469438e-07
2.8289639756e-01 -1.8663975872e-07
2.8289661552e-01 -1.7692728294e-07
2.8289673308e-01 -1.5815326502e-07
2.8289675023e-01 -1.3031770497e-07
2.8289666698e-01 -9.3420602777e-08
2.8289648331e-01 -4.7461958453e-08
2.8289619925e-01 7.5582280060e-09
2.8289605266e-01 1.1153758888e-07
2.8289578551e-01 1.4031482290e-07
2.8289560995e-01 1.5603057227e-07
2.8289553201e-01 1.6031757175e-07
2.8289555169e-01 1.5317582132e-07
2.8289566900e-01 1.3460532099e-07
2.8289588392e-01 1.0460607075e-07
2.8289629550e-01 6.9337712949e-08
2.8289657968e-01 2.4770109936e-08
2.8289659440e-01 -2.6903319116e-08
2.8289658987e-01 -6.9570410976e-08
2.8289656610e-01 -1.0323116564e-07
2.8289652309e-01 -1.2788558312e-07
2.8289646083e-01 -1.4353366340e-07
2.8289637933e-01 -1.5017540649e-07
2.8289630910e-01 -1.7390170570e-07
2.8289648967e-01 -1.7275021589e-07
2.8289663459e-01 -1.6353987454e-07
2.8289668350e-01 -1.4754817572e-07
2.8289663641e-01 -1.2477511942e-07
2.8289649330e-01 -9.5220705639e-08
2.8289625420e-01 -5.8884934380e-08
2.8289603815e-01 -4.1736253385e-09
2.8289579904e-01 2.7878290819e-08
2.8289556326e-01 4.2539062774e-08
2.8289543142e-01 4.9485620190e-08
2.8289540352e-01 4.8717963068e-08
2.8289547956e-01 4.0236091409e-08
2.8289565954e-01 2.4040005211e-08
2.8289597471e-01 4.9959025117e-09
2.8289642747e-01 -3.3530783285e-10
2.8289644921e-01 -5.0107328023e-08
2.8289644969e-01 -8.8975172115e-08
2.8289642890e-01 -1.1693884011e-07
2.8289638683e-01 -1.3399833201e-07
2.8289632350e-01 -1.4015364781e-07
2.8289623889e-01 -1.3540478751e-07
2.8289617347e-01 -1.5114423061e-07
2.8289621573e-01 -1.5290675057e-07
2.8289638682e-01 -1.3519952050e-07
2.8289646126e-01 -1.2180267222e-07
2.8289643906e-01 -1.1271620573e-07
2.8289632022e-01 -1.0794012103e-07
2.8289610473e-01 -1.0747441812e-07
2.8289584409e-01 -1.0105363055e-07
2.8289566805e-01 -8.4452768583e-08
2.8289538051e-01 -7.1872492833e-08
2.8289519565e-01 -6.9687590962e-08
2.8289511349e-01 -7.7898062969e-08
2.8289513403e-01 -9.6503908855e-08
2.8289525725e-01 -1.2550512862e-07
2.8289548317e-01 -1.6490172226e-07
2.8289590144e-01 -1.9435897961e-07
2.8289603021e-01 -2.0877785606e-07
2.8289602060e-01 -2.0992927411e-07
2.8289599450e-01 -1.9918015925e-07
2.8289595190e-01 -1.7653051146e-07
2.8289589279e-01 -1.4198033075e-07
2.8289581719e-01 -9.5529617115e-08
2.8289577185e-01 -7.7829675689e-08
2.8289574896e-01 -9.3989575928e-08
2.8289595719e-01 -8.4799191005e-08
2.8289606867e-01 -7.7791537829e-08
2.8289608338e-01 -7.2966616401e-08
2.8289600134e-01 -7.0324426720e-08
2.8289582254e-01 -6.9864968787e-08
2.8289554698e-01 -7.1588242601e-08
2.8289538488e-01 -4.5893862634e-08
2.8289510123e-01 -4.7526773336e-08
2.8289487252e-01 -5.5076001785e-08
2.8289474973e-01 -6.6266781606e-08
2.8289473288e-01 -8.1099112799e-08
2.8289482195e-01 -9.9572995364e-08
2.8289501695e-01 -1.2168842930e-07
2.8289536865e-01 -1.3862068102e-07
2.8289566297e-01 -1.6020908130e-07
2.8289566689e-01 -2.0696889432e-07
2.8289564310e-01 -2.4592795948e-07
2.8289559158e-01 -2.7708627679e-07
2.8289551234e-01 -3.0044384624e-07
2.8289540537e-01 -3.1600066784e-07
2.8289527870e-01 -3.2613376312e-07
2.8289514684e-01 -3.5273266123e-07
2.8289532731e-01 -3.5077687187e-07
2.8289547471e-01 -3.4399195270e-07
2.8289550597e-01 -3.3489744691e-07
2.8289542109e-01 -3.2349335452e-07
2.8289522007e-01 -3.0977967550e-07
2.8289490290e-01 -2.9375640988e-07
2.8289465259e-01 -2.3429423106e-07
2.8289447731e-01 -1.9287432446e-07
2.8289426062e-01 -1.8345591778e-07
2.8289409842e-01 -1.8686277033e-07
2.8289399069e-01 -2.0309488209e-07
2.8289393745e-01 -2.3215225307e-07
2.8289393869e-01 -2.7403488326e-07
2.8289399442e-01 -3.2874277268e-07
2.8289466596e-01 -3.9981653625e-07
2.8289472384e-01 -4.2193888352e-07
2.8289473268e-01 -4.1947503527e-07
2.8289480692e-01 -3.9425734506e-07
2.8289494656e-01 -3.4628581290e-07
2.8289515159e-01 -2.7556043877e-07
2.8289542203e-01 -1.8208122269e-07
2.8289548720e-01 -5.9212168741e-08
2.8289540581e-01 5.2188974560e-08
2.8289541916e-01 1.5502406468e-07
2.8289527688e-01 2.3779197949e-07
2.8289497895e-01 3.0049271900e-07
2.8289452539e-01 3.4312628319e-07
2.8289391619e-01 3.6569267208e-07
2.8289350421e-01 3.4810378067e-07
2.8289413149e-01 2.5332740710e-07
2.8289407502e-01 1.7609090359e-07
2.8289406990e-01 1.0436611237e-07
2.8289411614e-01 3.8153033427e-08
2.8289421372e-01 -2.2548333227e-08
2.8289436266e-01 -7.7737987597e-08
2.8289456295e-01 -1.2741592968e-07
2.8289438495e-01 -1.4676573793e-07
2.8289417591e-01 -1.6276024291e-07
2.8289405983e-01 -1.7878677071e-07
2.8289393036e-01 -1.9166196329e-07
2.8289378750e-01 -2.0138582064e-07
2.8289363124e-01 -2.0795834276e-07
2.8289346159e-01 -2.1137952965e-07
2.8289327855e-01 -2.1164938131e-07
2.8289370043e-01 -1.8618726760e-07
2.8289410044e-01 -1.5840331218e-07
2.8289425113e-01 -1.4668885013e-07
2.8289434054e-01 -1.3364384110e-07
2.8289436866e-01 -1.1926828508e-07
2.8289433551e-01 -1.0356218209e-07
2.8289424107e-01 -8.6525532106e-08
2.8289408536e-01 -6.8158335141e-08
2.8289405089e-01 -6.3448214151e-08
2.8289404146e-01 -6.7003561168e-08
2.8289403737e-01 -7.4665608909e-08
2.8289402572e-01 -8.5990196249e-08
2.8289400648e-01 -1.0097732319e-07
2.8289397968e-01 -1.1962698973e-07
2.8289394530e-01 -1.4193919587e-07
2.8289390334e-01 -1.6791394162e-07
2.8289384929e-01 -1.8384757934e-07
2.8289383333e-01 -1.9411163190e-07
2.8289381758e-01 -1.9828849760e-07
2.8289378106e-01 -1.8985818066e-07
2.8289372378e-01 -1.6882068108e-07
2.8289364573e-01 -1.3517599886e-07
2.8289354692e-01 -8.8924133993e-08
2.8289370281e-01 -5.8539027517e-08
2.8289374899e-01 -4.5154666176e-08
2.8289378711e-01 -3.5815569092e-08
2.8289383541e-01 -3.0927482348e-08
2.8289389389e-01 -3.0490405943e-08
2.8289396254e-01 -3.4504339878e-08
2.8289404137e-01 -4.2969284152e-08
2.8289394046e-01 -6.1147590815e-08
2.8289358426e-01 -7.9963289131e-08
2.8289332364e-01 -9.6960136409e-08
2.8289318663e-01 -1.1231023628e-07
2.8289317323e-01 -1.2601358875e-07
2.8289328344e-01 -1.3807019381e-07
2.8289351727e-01 -1.4848005147e-07
2.8289365464e-01 -1.5222860552e-07
2.8289328634e-01 -1.5205483379e-07
2.8289296533e-01 -1.5909261792e-07
2.8289284099e-01 -1.6744210673e-07
2.8289291332e-01 -1.7710330019e-07
2.8289318232e-01 -1.8807619833e-07
2.8289364799e-01 -2.0036080113e-07
2.8289374641e-01 -1.8972878388e-07
2.8289346821e-01 -1.7383451640e-07
2.8289320808e-01 -1.8015101227e-07
2.8289307726e-01 -1.8583752404e-07
2.8289307575e-01 -1.9089405171e-07
2.8289320354e-01 -1.9532059528e-07
2.8289346064e-01 -1.9911715474e-07
2.8289367736e-01 -2.0339508597e-07
2.8289332173e-01 -2.1780648971e-07
2.8289311540e-01 -2.2800175537e-07
2.8289297752e-01 -2.3624554337e-07
2.8289290626e-01 -2.4269386328e-07
2.8289290163e-01 -2.4734671510e-07
2.8289296364e-01 -2.5020409883e-07
2.8289309227e-01 -2.5126601447e-07
2.8289314456e-01 -2.3125315870e-07
2.8289314233e-01 -1.9997231597e-07
2.8289302696e-01 -1.8395003284e-07
2.8289289790e-01 -1.7029517577e-07
2.8289275516e-01 -1.5900774477e-07
2.8289259875e-01 -1.5008773983e-07
2.8289242865e-01 -1.4353516096e-07
2.8289224487e-01 -1.3935000815e-07
2.8289241510e-01 -1.2776452415e-07
2.8289264267e-01 -1.1800127140e-07
2.8289288913e-01 -1.2071336311e-07
2.8289303211e-01 -1.2465073800e-07
2.8289307163e-01 -1.2981339608e-07
2.8289300768e-01 -1.3620133733e-07
2.8289284026e-01 -1.4381456177e-07
2.8289256938e-01 -1.5265306938e-07
2.8289268092e-01 -1.6333152663e-07
2.8289268680e-01 -1.4854149757e-07
2.8289265217e-01 -1.2873106110e-07
2.8289262581e-01 -1.1428391962e-07
2.8289260772e-01 -1.0520007316e-07
2.8289259790e-01 -1.0147952171e-07
2.8289259636e-01 -1.0312226526e-07
2.8289260309e-01 -1.1012830382e-07
2.8289261096e-01 -1.2108196749e-07
2.8289254045e-01 -1.2163417640e-07
2.8289246188e-01 -1.1327768569e-07
2.8289238141e-01 -9.6327345984e-08
2.8289229904e-01 -7.0783157289e-08
2.8289221478e-01 -3.6645119601e-08
2.8289212862e-01 6.0867670781e-09
2.8289204056e-01 5.7412502750e-08
2.8289233405e-01 6.1778485464e-08
2.8289275629e-01 3.7953420123e-08
2.8289300430e-01 1.8991796201e-08
2.8289307810e-01 4.8936136976e-09
2.8289297767e-01 -4.3411273875e-09
2.8289270303e-01 -8.7124270540e-09
2.8289233122e-01 -5.9885085862e-09
2.8289226413e-01 1.2757535818e-08
2.8289221394e-01 2.4854644362e-08
2.8289223901e-01 3.1005349827e-08
2.8289233933e-01 3.1209652214e-08
2.8289251492e-01 2.5467551522e-08
2.8289276575e-01 1.3779047752e-08
2.8289274275e-01 -4.8484874909e-09
2.8289240765e-01 -3.0965313804e-08
2.8289212573e-01 -5.8214206540e-08
2.8289201220e-01 -7.9012066571e-08
2.8289206706e-01 -9.3358893897e-08
2.8289229031e-01 -1.0125468852e-07
2.8289268194e-01 -1.0269945043e-07
2.8289279268e-01 -9.0553038427e-08
2.8289259684e-01 -8.3052046476e-08
2.8289232194e-01 -1.1066050768e-07
2.8289217598e-01 -1.3129954664e-07
2.8289215899e-01 -1.4496916336e-07
2.8289227094e-01 -1.5166935783e-07
2.8289251185e-01 -1.5140013007e-07
2.8289273196e-01 -1.5062373461e-07
2.8289242626e-01 -1.7531702822e-07
2.8289221558e-01 -1.9411729018e-07
2.8289208014e-01 -2.0648992904e-07
2.8289201076e-01 -2.1357052730e-07
2.8289200744e-01 -2.1535908496e-07
2.8289207019e-01 -2.1185560203e-07
2.8289219900e-01 -2.0306007851e-07
2.8289226510e-01 -1.7968856388e-07
2.8289229017e-01 -1.4251265173e-07
2.8289219157e-01 -1.1100273139e-07
2.8289207852e-01 -8.4078303257e-08
2.8289195101e-01 -6.1739367328e-08
2.8289180905e-01 -4.3985923603e-08
2.8289165263e-01 -3.0817972083e-08
2.8289148175e-01 -2.2235512766e-08
2.8289163510e-01 -2.5312579050e-08
2.8289184990e-01 -3.2200946332e-08
2.8289212005e-01 -3.2611369122e-08
2.8289228741e-01 -3.2306392760e-08
2.8289235007e-01 -3.1411512208e-08
2.8289230804e-01 -2.9926727464e-08
2.8289216133e-01 -2.7852038529e-08
2.8289190992e-01 -2.5187445404e-08
2.8289198973e-01 -1.2462143961e-08
2.8289204285e-01 -1.3679414191e-09
2.8289201855e-01 1.6820507276e-10
2.8289200067e-01 -5.7495890466e-09
2.8289198919e-01 -1.9121323777e-08
2.8289198414e-01 -3.9946999119e-08
2.8289198549e-01 -6.8226615073e-08
2.8289199326e-01 -1.0396017164e-07
2.8289198364e-01 -1.1011696074e-07
2.8289191423e-01 -9.6033898184e-08
2.8289183581e-01 -8.1838315751e-08
2.8289175606e-01 -6.7995633471e-08
2.8289167498e-01 -5.4505851346e-08
2.8289159258e-01 -4.1368969373e-08
2.8289150885e-01 -2.8584987555e-08
2.8289142379e-01 -1.6153905890e-08
2.8289176944e-01 -1.3097936265e-09
2.8289217348e-01 3.8177751971e-09
2.8289240985e-01 6.7161757562e-09
2.8289247856e-01 7.3854080508e-09
2.8289237960e-01 5.8254720810e-09
2.8289211298e-01 2.0363678466e-09
2.8289175103e-01 -3.4058254599e-09
2.8289165160e-01 -4.5208254319e-09
2.8289156654e-01 -5.8274079283e-09
2.8289157039e-01 -7.5446802318e-09
2.8289166316e-01 -9.6726423422e-09
2.8289184486e-01 -1.2211294260e-08
2.8289211547e-01 -1.5160635984e-08
2.8289207383e-01 -4.8603369185e-09
2.8289175342e-01 -8.4743659836e-09
2.8289147405e-01 -3.0044779884e-08
2.8289137935e-01 -4.3348728277e-08
2.8289146933e-01 -4.8386211163e-08
2.8289174398e-01 -4.5157228541e-08
2.8289220330e-01 -3.3661780412e-08
2.8289216738e-01 -6.3794069045e-09
2.8289204286e-01 1.7919150043e-08
2.8289176950e-01 9.2878328558e-09
2.8289162970e-01 -2.5866793253e-09
2.8289162345e-01 -1.7704386500e-08
2.8289175076e-01 -3.6065288669e-08
2.8289201163e-01 -5.7669385831e-08
2.8289224360e-01 -8.6167154703e-08
2.8289194024e-01 -1.3247310115e-07
2.8289173855e-01 -1.6713444108e-07
2.8289162625e-01 -1.9261360382e-07
2.8289157592e-01 -2.1457731132e-07
2.8289158757e-01 -2.3302556357e-07
2.8289166119e-01 -2.4795836059e-07
2.8289179680e-01 -2.5937570236e-07
2.8289187389e-01 -2.5504105774e-07
2.8289192618e-01 -2.3491965373e-07
2.8289178903e-01 -2.2233005459e-07
2.8289162924e-01 -2.1130139124e-07
2.8289145224e-01 -2.0149691230e-07
2.8289125804e-01 -1.9291661776e-07
2.8289104664e-01 -1.8556050763e-07
2.8289088155e-01 -1.7776134249e-07
2.8289111306e-01 -1.6145703047e-07
2.8289135750e-01 -1.5312913080e-07
2.8289159245e-01 -1.5845631974e-07
2.8289173282e-01 -1.5921781887e-07
2.8289177860e-01 -1.5541362817e-07
2.8289172979e-01 -1.4704374764e-07
2.8289158640e-01 -1.3410817730e-07
2.8289134842e-01 -1.1660691713e-07
2.8289145759e-01 -9.6797834202e-08
2.8289165423e-01 -7.6544522583e-08
2.8289155070e-01 -6.1024670693e-08
2.8289147223e-01 -5.0281914227e-08
2.8289141881e-01 -4.4316253185e-08
2.8289139044e-01 -4.3127687567e-08
2.8289138714e-01 -4.6716217373e-08
2.8289145261e-01 -3.9592067674e-08
2.8289163737e-01 1.5737190377e-08
2.8289158654e-01 5.9048314664e-08
2.8289118780e-01 7.0708944433e-08
2.8289092417e-01 7.9840931839e-08
2.8289079565e-01 8.6444276882e-08
2.8289080224e-01 9.0518979561e-08
2.8289094394e-01 9.2065039877e-08
2.8289122653e-01 8.8884173322e-08
2.8289146951e-01 7.0106453386e-08
2.8289161127e-01 5.5656257352e-08
2.8289169701e-01 4.9277681327e-08
2.8289172673e-01 5.0970725311e-08
2.8289170043e-01 6.0735389304e-08
2.8289161811e-01 7.8571673306e-08
2.8289147170e-01 1.0592209282e-07
2.8289129860e-01 9.9277243004e-08
2.8289122594e-01 8.4742215841e-08
2.8289124811e-01 7.6912134549e-08
2.8289136509e-01 7.5786999128e-08
2.8289157690e-01 8.1366809578e-08
2.8289188353e-01 9.3651565900e-08
2.8289180273e-01 8.4942920496e-08
2.8289147369e-01 5.9904003967e-08
2.8289122412e-01 2.6355933347e-08
2.8289114843e-01 1.7342635790e-09
2.8289124662e-01 -1.3961005336e-08
2.8289151869e-01 -2.0729873400e-08
2.8289196464e-01 -1.8572340611e-08
2.8289187681e-01 1.4731449873e-09
2.8289174923e-01 2.0582130331e-08
2.8289147999e-01 2.9467615036e-08
2.8289133714e-01 3.3413174367e-08
2.8289132067e-01 3.2418808322e-08
2.8289143058e-01 2.6484516902e-08
2.8289166688e-01 1.5610300107e-08
2.8289187762e-01 5.6946666183e-09
2.8289156706e-01 1.4114165709e-08
2.8289134797e-01 8.8321353968e-09
2.8289123494e-01 -2.6480339118e-10
2.8289118494e-01 -3.8785781203e-09
2.8289119798e-01 -2.0091887907e-09
2.8289127405e-01 5.3433645979e-09
2.8289141316e-01 1.8179082045e-08
2.8289150360e-01 4.6404948824e-08
2.8289156613e-01 9.0699908219e-08
2.8289144745e-01 1.1063827330e-07
2.8289128305e-01 1.2134338513e-07
2.8289111141e-01 1.2840902952e-07
2.8289093255e-01 1.3183520647e-07
2.8289074646e-01 1.3162191599e-07
2.8289055314e-01 1.2776915807e-07
2.8289082557e-01 9.2391205773e-08
2.8289110524e-01 5.3457904742e-08
