7.7969943088e-05 4.4181686742e-06
5.1019020932e-04 8.1669408927e-06
4.4665066231e-04 -1.9991700476e-06
7.1673847746e-04 4.3781449797e-06
6.9915203633e-04 8.9673968577e-07
7.0177703910e-04 -2.7483465134e-06
7.2288091490e-04 1.0582261836e-05
4.5967279408e-04 -3.4342724268e-06
5.2387533348e-04 1.3900983860e-05
5.5716834300e-05 3.5415400687e-06
9.9458747665e-05 6.9417077917e-06
4.9841680510e-04 4.3432211710e-06
4.3048030305e-04 3.6304378165e-06
7.1315550195e-04 -6.7426263121e-07
6.9383489198e-04 7.5151252062e-06
7.0275324595e-04 -9.4031052080e-06
7.3696016015e-04 1.5969623693e-05
4.6910687431e-04 -9.7431163863e-06
5.5410070897e-04 1.8152430426e-05
3.3447059380e-05 1.8874427141e-06
1.1936437427e-04 8.4863756033e-06
4.8218422256e-04 1.1223563589e-06
4.1497777267e-04 5.4739171427e-06
7.0325963457e-04 -5.2386218746e-06
6.9198479735e-04 1.1571735253e-05
7.0289726430e-04 -1.4192144694e-05
7.3782267717e-04 2.1890428281e-05
4.8203598484e-04 -1.3237910633e-05
5.5740204557e-04 2.3277132442e-05
3.5282247558e-05 9.3758677069e-07
1.4204758096e-04 1.1146912821e-05
4.6674015718e-04 -2.4297467374e-06
4.0023768459e-04 1.2196854089e-05
6.9781180976e-04 -1.0061750612e-05
6.8524569111e-04 1.9308046873e-05
7.0221970827e-04 -1.9410277555e-05
7.3808605250e-04 2.4827618089e-05
4.8431558261e-04 -1.7677376372e-05
5.6241698214e-04 2.3228010339e-05
5.1134198062e-05 -6.1229036820e-07
1.6035832010e-04 1.1708842513e-05
4.5205957519e-04 -2.2948898212e-06
3.8820546322e-04 6.5026219937e-06
6.9003293617e-04 -1.2244291884e-05
6.8433842337e-04 1.5876037214e-05
7.0424954359e-04 -2.3100424914e-05
7.4606713931e-04 3.3172352587e-05
5.0241635011e-04 -2.0113526415e-05
5.8125230894e-04 3.5427575417e-05
7.8536531221e-05 -3.0427419631e-06
1.8192152219e-04 1.7720132097e-05
4.3314225567e-04 -9.6344914085e-06
3.6940302028e-04 1.7393047065e-05
6.7744220080e-04 -2.0116347529e-05
6.7643700093e-04 2.8861303605e-05
7.0158113143e-04 -2.9084018619e-05
7.4711734164e-04 3.7145213382e-05
5.0940000305e-04 -2.5614136253e-05
5.8874774498e-04 3.4886791300e-05
9.9460587317e-05 -5.4994152756e-06
1.9945161401e-04 1.7768296793e-05
4.1696292172e-04 -1.2449481992e-05
3.5335280945e-04 1.3535190074e-05
6.6783629335e-04 -2.4719389293e-05
6.7127524354e-04 2.6897418500e-05
7.0086005923e-04 -3.4880016712e-05
7.4973487903e-04 4.3843998890e-05
5.2073760622e-04 -3.1563441274e-05
6.0415007657e-04 4.3019805740e-05
1.2076175153e-04 -8.8465811098e-06
2.2351268561e-04 2.2833423301e-05
3.9501769526e-04 -1.6030679646e-05
3.3405548626e-04 2.2380952896e-05
6.5267785128e-04 -2.9811420020e-05
6.5957986497e-04 3.8936724071e-05
6.9689020427e-04 -3.9851761002e-05
7.4892621792e-04 4.9800350210e-05
5.2660358670e-04 -3.6011776908e-05
6.1186760834e-04 4.9020959659e-05
1.3967237115e-04 -1.1467517401e-05
2.4064996051e-04 2.6835151074e-05
3.7827505778e-04 -1.8098059393e-05
3.1366454950e-04 2.3773535850e-05
6.4289786522e-04 -3.3671338770e-05
6.5059318304e-04 4.2989350124e-05
6.9412849778e-04 -4.3920361800e-05
7.5236114977e-04 5.6667404407e-05
5.3186358266e-04 -3.9130337240e-05
6.2595359971e-04 5.5535909629e-05
1.5744986384e-04 -1.3766492312e-05
2.6257019947e-04 3.1040943371e-05
3.6198223346e-04 -1.9779691509e-05
2.9383877098e-04 2.7435304897e-05
6.3251487590e-04 -3.6991318452e-05
6.3838313884e-04 4.9837804434e-05
6.8981647187e-04 -4.7409064159e-05
7.4890548024e-04 6.1613138764e-05
5.4002712848e-04 -4.1888958589e-05
1.7780376704e-04 -1.6353766358e-05
6.2962236390e-04 6.0695968646e-05
3.4095909020e-04 -2.1663494787e-05
2.7900949096e-04 3.5071196312e-05
6.1720554971e-04 -4.0791430105e-05
2.7771400406e-04 2.5406127866e-05
6.8686979884e-04 -5.2822466560e-05
6.3203175808e-04 4.8763010735e-05
5.4491711468e-04 -4.8889680621e-05
7.4814931801e-04 6.7476475307e-05
1.9296421187e-04 -2.0721343461e-05
6.3782902623e-04 6.4680832552e-05
3.2512713286e-04 -2.3409014936e-05
2.9520114989e-04 3.7812444912e-05
6.0855392023e-04 -4.4627825252e-05
2.5760827896e-04 2.8829411507e-05
6.8159445692e-04 -5.7444576599e-05
6.2380387938e-04 5.6750562345e-05
5.4957380876e-04 -5.3237534123e-05
7.4675271553e-04 7.3352773584e-05
2.1029921890e-04 -2.4229072608e-05
6.4794004673e-04 7.3947557775e-05
3.0540093030e-04 -2.5517205386e-05
3.1495078963e-04 4.5190287065e-05
5.9332016553e-04 -4.8667168048e-05
2.3395601202e-04 3.0479440373e-05
6.7540344994e-04 -6.1123514682e-05
6.0648209913e-04 6.1384314524e-05
5.5065526229e-04 -5.5487843440e-05
7.4377656938e-04 7.9089839249e-05
2.2288863233e-04 -2.6029503892e-05
6.5552337764e-04 7.6381156879e-05
2.9238914120e-04 -2.5921480227e-05
3.3169446242e-04 4.6842740935e-05
5.8908143355e-04 -5.1468976156e-05
2.1144769647e-04 3.0962133201e-05
6.6972579811e-04 -6.5213570525e-05
5.9355765011e-04 6.5626030965e-05
5.5630106825e-04 -6.1529147932e-05
7.4191380684e-04 8.4644349784e-05
2.4159627684e-04 -3.1094391013e-05
2.6919978449e-04 -2.7456303271e-05
6.6175510658e-04 8.4805965117e-05
5.6601727068e-04 -5.4578229954e-05
3.4757944250e-04 5.4176153282e-05
6.6145532319e-04 -6.8141587607e-05
1.9066848654e-04 3.1463762003e-05
5.5928810902e-04 -6.1943780666e-05
5.8198079516e-04 6.9125695081e-05
2.5674670989e-04 -3.2268561182e-05
7.3644589312e-04 9.0990435215e-05
2.5032787650e-04 -2.8410350569e-05
6.6784177779e-04 9.2962794008e-05
5.5111755489e-04 -5.7885288405e-05
3.6486616696e-04 6.0976885308e-05
6.5409024476e-04 -7.1598088863e-05
1.6720224902e-04 3.1895362274e-05
5.6125833299e-04 -6.8684181778e-05
5.6389551092e-04 7.3008378705e-05
2.6999531165e-04 -3.8218899888e-05
7.3049305449e-04 9.5942239340e-05
2.3264095752e-04 -2.6307698297e-05
6.7172145450e-04 9.6605974855e-05
5.3867693191e-04 -5.5977360492e-05
3.7840356116e-04 6.4081070467e-05
6.4573578855e-04 -7.5311044463e-05
1.4399535259e-04 3.1234952007e-05
5.5640851470e-04 -7.3241496798e-05
5.5038753909e-04 7.6335020413e-05
2.7626242270e-04 -4.1741981773e-05
7.2529661714e-04 1.0173031766e-04
2.1345567201e-04 -2.4411932019e-05
6.7488877325e-04 1.0441318776e-04
5.2756238163e-04 -5.5399240559e-05
6.3897940852e-04 -7.8192372956e-05
3.9237179049e-04 7.1189925184e-05
5.6129729451e-04 -7.5610206166e-05
1.2146328302e-04 3.0897218716e-05
2.9198177803e-04 -4.4312421844e-05
5.3360029868e-04 7.9673548727e-05
1.9458798939e-04 -2.8392492152e-05
7.1809632837e-04 1.0676022662e-04
5.1045090162e-04 -6.4698899236e-05
6.7769598745e-04 1.0937512461e-04
6.2930641844e-04 -8.2402698721e-05
4.0451724541e-04 7.5568525856e-05
5.6239205292e-04 -8.0746763574e-05
9.6387736415e-05 2.9622489647e-05
3.0516551756e-04 -4.9731145423e-05
5.1869109516e-04 8.3420798249e-05
1.7491021987e-04 -2.8272820899e-05
7.1082325765e-04 1.1194614119e-04
4.9199718786e-04 -6.5962367755e-05
6.7594697472e-04 1.1454392944e-04
6.2162325539e-04 -8.6039033402e-05
4.1422808051e-04 8.0743088222e-05
5.6126525857e-04 -8.5332973590e-05
7.5893703288e-05 2.8210266343e-05
3.1299469206e-04 -5.3913418105e-05
5.0667104135e-04 8.4766645275e-05
1.5587551408e-04 -2.7384448001e-05
4.7992838477e-04 -6.7267919171e-05
7.0395487073e-04 1.1663339536e-04
6.1333424592e-04 -8.8913322542e-05
6.7722452585e-04 1.2233499830e-04
5.6043183216e-04 -8.9322421473e-05
4.2688203633e-04 8.8579508577e-05
3.2285062812e-04 -5.8064152707e-05
5.2702214529e-05 2.6864040071e-05
1.3629307875e-04 -2.7033323118e-05
4.8783960356e-04 8.7337162836e-05
4.6172389811e-04 -6.9735590958e-05
6.9399543762e-04 1.2109649138e-04
6.0160507723e-04 -9.1511935342e-05
6.7659051565e-04 1.2598135317e-04
5.5724346761e-04 -8.9861825365e-05
4.3561251115e-04 9.1656603400e-05
3.3122185391e-04 -5.8934272443e-05
2.6491642650e-05 2.3983436848e-05
1.1909730707e-04 -2.5577190314e-05
4.7126059051e-04 8.9482731911e-05
4.4698422052e-04 -7.0690625934e-05
6.8447839610e-04 1.2588636785e-04
5.9106612397e-04 -9.3966334028e-05
5.5404002208e-04 -9.4720713782e-05
6.7381235352e-04 1.3273291100e-04
3.3879158445e-04 -6.4656721136e-05
4.4452573890e-04 9.9137553616e-05
1.0141184097e-04 -2.4997895582e-05
5.0948476815e-06 2.2133928248e-05
4.3285470121e-04 -7.1727305605e-05
4.5324158476e-04 9.1202574176e-05
5.8096942384e-04 -9.6613889758e-05
6.7377160815e-04 1.2992181008e-04
5.5167819330e-04 -9.9248489986e-05
6.7308679908e-04 1.3800754254e-04
3.4696338134e-04 -6.9768183981e-05
4.5364033742e-04 1.0476866498e-04
8.2817376890e-05 -2.3732250252e-05
1.2054938669e-05 2.4649471151e-05
4.1547971400e-04 -7.2034767800e-05
4.3363375830e-04 9.2043246530e-05
5.6901481965e-04 -9.8706540763e-05
6.6264648698e-04 1.3367909857e-04
5.4927765005e-04 -1.0232157870e-04
6.7021753925e-04 1.4270337535e-04
3.5571538060e-04 -7.3245384573e-05
6.5624938671e-05 -2.2157179216e-05
4.6148882335e-04 1.0948596336e-04
3.9568976973e-04 -7.3540910190e-05
3.4820634956e-05 2.9446503436e-05
5.5524059213e-04 -1.0088090741e-04
4.1633194673e-04 9.2977953439e-05
5.4307506399e-04 -1.0301679754e-04
6.5017875406e-04 1.3768111246e-04
3.5887264015e-04 -7.4286524185e-05
6.6718978541e-04 1.4994338581e-04
4.8346039153e-05 -2.0293506609e-05
4.7149692982e-04 1.1849213054e-04
3.8401903989e-04 -7.3977517894e-05
5.3595002126e-05 3.5319180617e-05
5.4644919521e-04 -1.0290367032e-04
3.9376762121e-04 9.3616204871e-05
5.3825423484e-04 -1.0721162315e-04
6.3621915538e-04 1.4138078484e-04
3.6257376227e-04 -7.9824136496e-05
2.8546514296e-05 -1.8940528395e-05
6.6085666087e-04 1.5905428561e-04
3.7177523289e-04 -7.4938752891e-05
4.7260745035e-04 1.3264303065e-04
5.3699070306e-04 -1.0524255467e-04
7.2106030578e-05 4.3973143883e-05
5.3221086736e-04 -1.1071941320e-04
3.7620921554e-04 9.3522375599e-05
3.6666784444e-04 -8.4403267674e-05
6.2347186295e-04 1.4332359841e-04
3.7186916639e-05 -2.1937884917e-05
6.5524868778e-04 1.5893256607e-04
3.4969031268e-04 -7.3776909459e-05
4.7876397457e-04 1.2891606685e-04
5.2055627624e-04 -1.0603174142e-04
9.1166450447e-05 4.6256791176e-05
5.2753204669e-04 -1.1383674126e-04
3.5475819471e-04 9.3513482885e-05
3.7191719841e-04 -8.8536387206e-05
5.2763864770e-05 -2.6235906012e-05
6.0788087184e-04 1.4657794556e-04
3.3233275444e-04 -7.3990387799e-05
6.5161151079e-04 1.6539474296e-04
5.0704267693e-04 -1.0768600127e-04
4.8882347046e-04 1.3939037680e-04
5.2112187326e-04 -1.1834173755e-04
1.0749255835e-04 5.2963694265e-05
3.7513503242e-04 -9.5703564118e-05
3.3293662301e-04 9.3707617376e-05
6.8055289961e-05 -3.1175767922e-05
5.9253829551e-04 1.4950120360e-04
3.1451719995e-04 -7.4266913211e-05
6.4105211166e-04 1.6676767186e-04
4.9140424769e-04 -1.0881175413e-04
4.8547231010e-04 1.3968526255e-04
5.1310354300e-04 -1.1735358878e-04
3.7902718495e-04 -9.4241155425e-05
1.2392494360e-04 5.7323909496e-05
8.5310962507e-05 -3.4940818030e-05
3.1451558879e-04 9.3353236315e-05
3.0109303543e-04 -7.4643806267e-05
5.7804582177e-04 1.5165151723e-04
4.7946384886e-04 -1.1028273049e-04
6.3360694722e-04 1.6910849530e-04
5.0401873281e-04 -1.1947645720e-04
4.8835567327e-04 1.4179109471e-04
3.7735172511e-04 -9.8184709934e-05
1.3802368883e-04 6.1127256503e-05
9.6978055579e-05 -4.0049775777e-05
2.9180400885e-04 9.1024999417e-05
2.8589531891e-04 -7.2878968418e-05
4.6704739088e-04 -1.0989539269e-04
5.6136598742e-04 1.5277571712e-04
4.9458195381e-04 -1.2126389418e-04
6.2681822702e-04 1.7355194165e-04
3.7373662268e-04 -1.0021094470e-04
4.9227517681e-04 1.4834342621e-04
1.0564336400e-04 -4.3614675150e-05
1.5227890149e-04 6.7063910265e-05
2.7212356829e-04 -7.1578214155e-05
2.7028170010e-04 8.9282431700e-05
4.5575298440e-04 -1.1016063196e-04
5.4472608272e-04 1.5458860330e-04
4.8513460374e-04 -1.2435023194e-04
6.1493419349e-04 1.7929304344e-04
3.7520093272e-04 -1.0630466982e-04
4.8638933966e-04 1.6268293414e-04
1.1783193483e-04 -4.9178736613e-05
2.5392614247e-04 -7.3215152315e-05
1.6493145043e-04 7.9262788256e-05
4.4054460786e-04 -1.1303677593e-04
2.5104465017e-04 8.9353704572e-05
4.7732976962e-04 -1.2559676450e-04
5.2655363996e-04 1.5586599096e-04
3.7307798887e-04 -1.0762282197e-04
6.0366586080e-04 1.7863079927e-04
1.2733387826e-04 -5.2356760413e-05
4.8888328939e-04 1.5437147635e-04
2.3691339982e-04 -7.2172472801e-05
1.7728096905e-04 7.6250552991e-05
4.2542036530e-04 -1.1314265453e-04
4.6840932768e-04 -1.2533578880e-04
2.2962939270e-04 8.5085180218e-05
3.7332755953e-04 -1.0670369230e-04
5.1103590255e-04 1.5602761692e-04
1.3822556644e-04 -5.4476343630e-05
5.9307239331e-04 1.8298078302e-04
2.2159471090e-04 -7.1586423165e-05
4.8480232861e-04 1.6851389196e-04
4.1162263444e-04 -1.1436105385e-04
1.8790656663e-04 8.8336846230e-05
4.5917454945e-04 -1.2769347579e-04
2.0644409853e-04 8.3414844949e-05
3.7042298144e-04 -1.1256028757e-04
4.8763146049e-04 1.5630102224e-04
1.4585696537e-04 -6.0968245245e-05
2.0437703847e-04 -7.1613474082e-05
5.7852876839e-04 1.8396295843e-04
3.9464518023e-04 -1.1510832065e-04
4.8133646790e-04 1.6458241694e-04
4.4555293959e-04 -1.2888831310e-04
1.9886340053e-04 8.8670078540e-05
3.6480837452e-04 -1.1497878179e-04
1.8903501593e-04 8.1663354134e-05
1.5342340079e-04 -6.5641239493e-05
4.7226920269e-04 1.5771619769e-04
1.9006857147e-04 -7.0775474092e-05
5.6346167156e-04 1.8544314357e-04
3.7988508715e-04 -1.1477876674e-04
4.3285861663e-04 -1.3018755321e-04
4.7756763214e-04 1.6870921580e-04
3.5953495754e-04 -1.1748228760e-04
2.0753256684e-04 9.4765546935e-05
1.5854592189e-04 -6.9649531103e-05
1.6563989648e-04 7.8873256499e-05
1.7330592002e-04 -6.9828609670e-05
4.5049002735e-04 1.5729683474e-04
3.6390499960e-04 -1.1490573580e-04
5.4939168271e-04 1.8781510732e-04
4.2053959477e-04 -1.3128472741e-04
4.7072983327e-04 1.7308277051e-04
3.5399684623e-04 -1.2001138053e-04
1.6337313586e-04 -7.3935604975e-05
2.1381204863e-04 1.0024112768e-04
1.5726890528e-04 -6.9302447328e-05
1.4406198979e-04 7.4836008679e-05
3.4777176227e-04 -1.1531778795e-04
4.2912732814e-04 1.5557463854e-04
4.0744978139e-04 -1.3264060324e-04
5.3288574368e-04 1.8881319963e-04
3.4751132050e-04 -1.2320439634e-04
4.6428836399e-04 1.7625516838e-04
1.6711558644e-04 -7.8984750051e-05
2.2140131590e-04 1.0603374946e-04
1.4146653254e-04 -6.8338173187e-05
3.3137751531e-04 -1.1462564766e-04
1.2466330659e-04 7.3500928664e-05
3.9296145645e-04 -1.3471560521e-04
4.0817735893e-04 1.5691385887e-04
3.4025223236e-04 -1.2816044771e-04
5.1398986716e-04 1.9034011662e-04
1.7017082023e-04 -8.4733489816e-05
4.5409945206e-04 1.7913369768e-04
1.2448805262e-04 -6.8338638556e-05
2.2453335331e-04 1.1182374417e-04
3.1295933148e-04 -1.1592958440e-04
1.0328670276e-04 7.1908326614e-05
3.7986355362e-04 -1.3550055200e-04
3.3236937687e-04 -1.2899792402e-04
3.8685801904e-04 1.5737676696e-04
1.7118373656e-04 -8.7985346397e-05
4.9422166691e-04 1.9228104694e-04
1.0893554480e-04 -6.8468172490e-05
4.3920153589e-04 1.8356487448e-04
2.9680229636e-04 -1.1702834427e-04
2.2432065126e-04 1.1908820891e-04
3.6299291549e-04 -1.3678335009e-04
8.1657045504e-05 7.0010451683e-05
3.2289130578e-04 -1.3253493645e-04
1.7233527057e-04 -9.3701757876e-05
3.5956296971e-04 1.5564270499e-04
9.2143009187e-05 -6.8740620097e-05
4.7158410602e-04 1.9300212609e-04
2.7647654876e-04 -1.1716501801e-04
4.2806532993e-04 1.8639431835e-04
3.4581497989e-04 -1.3769487957e-04
2.2690159442e-04 1.2356410087e-04
3.1092802689e-04 -1.3404492573e-04
6.1812697963e-05 6.5640423292e-05
1.7003206645e-04 -9.7490655278e-05
3.3582335327e-04 1.5342275485e-04
7.6125461603e-05 -6.9245476492e-05
2.5839260934e-04 -1.1830678518e-04
4.4673745110e-04 1.9314800087e-04
3.2783764937e-04 -1.3918321817e-04
4.0559683146e-04 1.9459425051e-04
2.9809462640e-04 -1.3767129606e-04
2.1933635635e-04 1.3621131982e-04
1.6755069461e-04 -1.0362530024e-04
3.9485977062e-05 6.6099904080e-05
5.9722664148e-05 -7.0558598926e-05
3.0206575470e-04 1.5244512933e-04
2.3550610960e-04 -1.1909832421e-04
3.0640331331e-04 -1.4070486591e-04
4.1542631944e-04 1.8919669322e-04
2.8329588216e-04 -1.3989365009e-04
3.8864645392e-04 1.8005497762e-04
1.6275084804e-04 -1.0829828938e-04
2.1780751683e-04 1.2545115851e-04
4.3540501264e-05 -7.2706578373e-05
2.1931692242e-05 6.5268047246e-05
2.1565004211e-04 -1.2155586337e-04
2.8276855088e-04 1.5890784390e-04
2.8461324226e-04 -1.4372338879e-04
2.6691905765e-04 -1.4463577768e-04
3.8518275589e-04 1.9531614705e-04
1.5681614112e-04 -1.1533045392e-04
3.5707886830e-04 1.9377788469e-04
2.6580629399e-05 -7.6381261129e-05
2.0215668915e-04 1.4613096744e-04
1.9224783435e-04 -1.2710487161e-04
-2.8863553109e-06 7.3407401436e-05
2.5925400019e-04 -1.4724941165e-04
2.4152775424e-04 1.6094097580e-04
2.4020419887e-04 -1.4772225209e-04
1.3874176893e-04 -1.2192304963e-04
3.3758558466e-04 1.9804753184e-04
6.6401673843e-06 -8.0630355388e-05
3.2277385709e-04 2.0202520381e-04
1.6632844278e-04 -1.2737663148e-04
1.8602360511e-04 1.6161351363e-04
2.2771137971e-04 -1.4904444887e-04
-3.5682195527e-05 8.7501770476e-05
2.2002820525e-04 -1.5609624484e-04
1.3141877641e-04 -1.3512916673e-04
1.9307711171e-04 1.7739956843e-04
-1.9955495004e-05 -8.9796407334e-05
2.7085344057e-04 2.1098978592e-04
1.1637369586e-04 -1.3489140856e-04
2.4356561227e-04 2.0641312356e-04
1.6655587382e-04 -1.5157370355e-04
1.3401005452e-04 1.9361652222e-04
1.7480501341e-04 -1.4371164122e-04
-3.9989321970e-05 1.9250796302e-04
1.0783335051e-04 -1.3866526322e-04
-3.6046822075e-05 -1.5823250993e-04
2.9718747425e-04 4.0192862889e-04
3.2151573121e-04 -3.4175262782e-04
2.5897963354e-04 3.0800405428e-04
2.2797784019e-04 -2.5841474364e-04
-3.6278077361e-04 2.8253994707e-05
-3.3999080757e-04 3.0500333609e-05
-6.5410141427e-04 -8.8738802800e-05
-5.6690789285e-04 1.4821331854e-04
-1.3855892280e-04 -3.9331237103e-05
-1.7400582228e-04 2.4951111758e-05
