2.3999903949e+01
2.3983872828e+01
2.3967841708e+01
2.3951810587e+01
2.3935779466e+01
2.3919748346e+01
2.3903720329e+01
2.3887688330e+01
2.3871654484e+01
2.3855620639e+01
2.3839586793e+01
2.3823552947e+01
2.3807519101e+01
2.3791485254e+01
2.3775452916e+01
2.3759421824e+01
2.3743390733e+01
2.3727359642e+01
2.3711328550e+01
2.3695297459e+01
2.3679266368e+01
2.3663231743e+01
2.3647200758e+01
2.3631169774e+01
2.3615138790e+01
2.3599107806e+01
2.3583076822e+01
2.3567045837e+01
2.3551016346e+01
2.3534987010e+01
2.3518952788e+01
2.3502918567e+01
2.3486884346e+01
2.3470850124e+01
2.3454815903e+01
2.3438781685e+01
2.3422748190e+01
2.3406717095e+01
2.3390686001e+01
2.3374654906e+01
2.3358623811e+01
2.3342592716e+01
2.3326561622e+01
2.3310527975e+01
2.3294495429e+01
2.3278464501e+01
2.3262433573e+01
2.3246402645e+01
2.3230371717e+01
2.3214340789e+01
2.3198309860e+01
2.3182283623e+01
2.3166249181e+01
2.3150214739e+01
2.3134180297e+01
2.3118145855e+01
2.3102111413e+01
2.3086076971e+01
2.3070042891e+01
2.3054011368e+01
2.3037980571e+01
2.3021949775e+01
2.3005918979e+01
2.2989888182e+01
2.2973857386e+01
2.2957825587e+01
2.2941791416e+01
2.2925760530e+01
2.2909729645e+01
2.2893698759e+01
2.2877667874e+01
2.2861636988e+01
2.2845606102e+01
2.2829578637e+01
2.2813546362e+01
2.2797511890e+01
2.2781477418e+01
2.2765442947e+01
2.2749408475e+01
2.2733374003e+01
2.2717339703e+01
2.2701306802e+01
2.2685275667e+01
2.2669244532e+01
2.2653213397e+01
2.2637182262e+01
2.2621151127e+01
2.2605119992e+01
2.2589085210e+01
2.2573054286e+01
2.2557023944e+01
2.2540993601e+01
2.2524963258e+01
2.2508932915e+01
2.2492902572e+01
2.2476873753e+01
2.2460844178e+01
2.2444809620e+01
2.2428775061e+01
2.2412740502e+01
2.2396705943e+01
2.2380671384e+01
2.2364636825e+01
2.2348603472e+01
2.2332571615e+01
2.2316539803e+01
2.2300507991e+01
2.2284476179e+01
2.2268444367e+01
2.2252412555e+01
2.2236378552e+01
2.2220345664e+01
2.2204316003e+01
2.2188286343e+01
2.2172256683e+01
2.2156227022e+01
2.2140197362e+01
2.2124167702e+01
2.2108141402e+01
2.2092107544e+01
2.2076072508e+01
2.2060037472e+01
2.2044002436e+01
2.2027967400e+01
2.2011932364e+01
2.1995897938e+01
2.1979865621e+01
2.1963834564e+01
2.1947803508e+01
2.1931772451e+01
2.1915741394e+01
2.1899710338e+01
2.1883678339e+01
2.1867642728e+01
2.1851612709e+01
2.1835582690e+01
2.1819552670e+01
2.1803522651e+01
2.1787492632e+01
2.1771462613e+01
2.1755435063e+01
2.1739404573e+01
2.1723369414e+01
2.1707334256e+01
2.1691299097e+01
2.1675263938e+01
2.1659228780e+01
2.1643194046e+01
2.1627160885e+01
2.1611129931e+01
2.1595098978e+01
2.1579068025e+01
2.1563037072e+01
2.1547006119e+01
2.1530975166e+01
2.1514939156e+01
2.1498906900e+01
2.1482876474e+01
2.1466846049e+01
2.1450815623e+01
2.1434785198e+01
2.1418754772e+01
2.1402726519e+01
2.1386699227e+01
2.1370664398e+01
2.1354629568e+01
2.1338594739e+01
2.1322559910e+01
2.1306525080e+01
2.1290490251e+01
2.1274456417e+01
2.1258425025e+01
2.1242394229e+01
2.1226363433e+01
2.1210332636e+01
2.1194301840e+01
2.1178271044e+01
2.1162237416e+01
2.1146202775e+01
2.1130171666e+01
2.1114140557e+01
2.1098109449e+01
2.1082078340e+01
2.1066047231e+01
2.1050016526e+01
2.1033991333e+01
2.1017958573e+01
2.1001924478e+01
2.0985890382e+01
2.0969856287e+01
2.0953822192e+01
2.0937788097e+01
2.0921752338e+01
2.0905718290e+01
2.0889687875e+01
2.0873657459e+01
2.0857627044e+01
2.0841596628e+01
2.0825566213e+01
2.0809535797e+01
2.0793504481e+01
2.0777471710e+01
2.0761438717e+01
2.0745405723e+01
2.0729372729e+01
2.0713339735e+01
2.0697306741e+01
2.0681274602e+01
2.0665243332e+01
2.0649212253e+01
2.0633181175e+01
2.0617150096e+01
2.0601119017e+01
2.0585087939e+01
2.0569056642e+01
2.0553024438e+01
2.0536991475e+01
2.0520958512e+01
2.0504925549e+01
2.0488892587e+01
2.0472859624e+01
2.0456826661e+01
2.0440794963e+01
2.0424763364e+01
2.0408731346e+01
2.0392699329e+01
2.0376667311e+01
2.0360635293e+01
2.0344603276e+01
2.0328571258e+01
2.0312537059e+01
2.0296503508e+01
2.0280473909e+01
2.0264444311e+01
2.0248414713e+01
2.0232385115e+01
2.0216355517e+01
2.0200325918e+01
2.0184298627e+01
2.0168264971e+01
2.0152229348e+01
2.0136193725e+01
2.0120158102e+01
2.0104122479e+01
2.0088086856e+01
2.0072051233e+01
2.0056015160e+01
2.0039984300e+01
2.0023955314e+01
2.0007926327e+01
1.9991897340e+01
1.9975868353e+01
1.9959839367e+01
1.9943809852e+01
1.9927777822e+01
1.9911745684e+01
1.9895713545e+01
1.9879681407e+01
1.9863649269e+01
1.9847617131e+01
1.9831584706e+01
1.9815551822e+01
1.9799518896e+01
1.9783485971e+01
1.9767453045e+01
1.9751420119e+01
1.9735387194e+01
1.9719355402e+01
1.9703324641e+01
1.9687292926e+01
1.9671261211e+01
1.9655229496e+01
1.9639197781e+01
1.9623166065e+01
1.9607131555e+01
1.9591096930e+01
1.9575065441e+01
1.9559033953e+01
1.9543002464e+01
1.9526970975e+01
1.9510939487e+01
1.9494908949e+01
1.9478882019e+01
1.9462849604e+01
1.9446817089e+01
1.9430784574e+01
1.9414752058e+01
1.9398719543e+01
1.9382687028e+01
1.9366653994e+01
1.9350621095e+01
1.9334589165e+01
1.9318557236e+01
1.9302525306e+01
1.9286493377e+01
1.9270461447e+01
1.9254429518e+01
1.9238395689e+01
1.9222361934e+01
1.9206331824e+01
1.9190301713e+01
1.9174271602e+01
1.9158241492e+01
1.9142211381e+01
1.9126181270e+01
1.9110152418e+01
1.9094120514e+01
1.9078087411e+01
1.9062054308e+01
1.9046021205e+01
1.9029988101e+01
1.9013954998e+01
1.8997921895e+01
1.8981888988e+01
1.8965854870e+01
1.8949820622e+01
1.8933786373e+01
1.8917752125e+01
1.8901717877e+01
1.8885683629e+01
1.8869649381e+01
1.8853619320e+01
1.8837593913e+01
1.8821568506e+01
1.8805543099e+01
1.8789517692e+01
1.8773492286e+01
1.8757466012e+01
1.8741428897e+01
1.8725391266e+01
1.8709353635e+01
1.8693316004e+01
1.8677278373e+01
1.8661240742e+01
1.8645210504e+01
1.8629182997e+01
1.8613153176e+01
1.8597123355e+01
1.8581093534e+01
1.8565063713e+01
1.8549033892e+01
1.8532998278e+01
1.8516960528e+01
1.8500929431e+01
1.8484898335e+01
1.8468867238e+01
1.8452836142e+01
1.8436805046e+01
1.8420774746e+01
1.8404747616e+01
1.8388715230e+01
1.8372681868e+01
1.8356648506e+01
1.8340615144e+01
1.8324581782e+01
1.8308548420e+01
1.8292515904e+01
1.8276483787e+01
1.8260451855e+01
1.8244419924e+01
1.8228387993e+01
1.8212356061e+01
1.8196324130e+01
1.8180292198e+01
1.8164257984e+01
1.8148223305e+01
1.8132193248e+01
1.8116163271e+01
1.8100133294e+01
1.8084103317e+01
1.8068073340e+01
1.8052043363e+01
1.8036014808e+01
1.8019983766e+01
1.8003950376e+01
1.7987916987e+01
1.7971883597e+01
1.7955850207e+01
1.7939816818e+01
1.7923783428e+01
1.7907748995e+01
1.7891714523e+01
1.7875680168e+01
1.7859645813e+01
1.7843611458e+01
1.7827577103e+01
1.7811542748e+01
1.7795508393e+01
1.7779479384e+01
1.7763453638e+01
1.7747427893e+01
1.7731402148e+01
1.7715376403e+01
1.7699350658e+01
1.7683324069e+01
1.7667287491e+01
1.7651250286e+01
1.7635213080e+01
1.7619175875e+01
1.7603138669e+01
1.7587101464e+01
1.7571070863e+01
1.7555042230e+01
1.7539011608e+01
1.7522980986e+01
1.7506950364e+01
1.7490919742e+01
1.7474889120e+01
1.7458853901e+01
1.7442818677e+01
1.7426787067e+01
1.7410755457e+01
1.7394723847e+01
1.7378692237e+01
1.7362660627e+01
1.7346628769e+01
1.7330595992e+01
1.7314564099e+01
1.7298532573e+01
1.7282501048e+01
1.7266469522e+01
1.7250437996e+01
1.7234406470e+01
1.7218377565e+01
1.7202350061e+01
1.7186316136e+01
1.7170282034e+01
1.7154247933e+01
1.7138213831e+01
1.7122179730e+01
1.7106145204e+01
1.7090107965e+01
1.7074072954e+01
1.7058044682e+01
1.7042016410e+01
1.7025988138e+01
1.7009959866e+01
1.6993931595e+01
1.6977903323e+01
1.6961876352e+01
1.6945848291e+01
1.6929812237e+01
1.6913776183e+01
1.6897740129e+01
1.6881704074e+01
1.6865668020e+01
1.6849632294e+01
1.6833597603e+01
1.6817563162e+01
1.6801529275e+01
1.6785495388e+01
1.6769461502e+01
1.6753427615e+01
1.6737393729e+01
1.6721360306e+01
1.6705334996e+01
1.6689312836e+01
1.6673290676e+01
1.6657268516e+01
1.6641246357e+01
1.6625224197e+01
1.6609200258e+01
1.6593161438e+01
1.6577121649e+01
1.6561081861e+01
1.6545042072e+01
1.6529002283e+01
1.6512962494e+01
1.6496931799e+01
1.6480903962e+01
1.6464872294e+01
1.6448840627e+01
1.6432808959e+01
1.6416777292e+01
1.6400745624e+01
1.6384708887e+01
1.6368671503e+01
1.6352640250e+01
1.6336608997e+01
1.6320577744e+01
1.6304546490e+01
1.6288515237e+01
1.6272483852e+01
1.6256451961e+01
1.6240420683e+01
1.6224389866e+01
1.6208359048e+01
1.6192328231e+01
1.6176297414e+01
1.6160266596e+01
1.6144237326e+01
1.6128209038e+01
1.6112174843e+01
1.6096139512e+01
1.6080104181e+01
1.6064068851e+01
1.6048033520e+01
1.6031998190e+01
1.6015959509e+01
1.5999921344e+01
