-1.7264849828e-06 -3.3242871733e-09
2.3394449777e-01 -2.6538124843e-07
4.6220851802e-01 -3.1261454359e-07
6.8480862769e-01 5.0994608976e-08
9.0182981277e-01 -2.4569260189e-08
1.1132876498e+00 -3.0196339129e-07
1.3192543895e+00 -4.6157659301e-07
1.5197631213e+00 -2.9519921500e-07
1.7148576780e+00 -1.4544285111e-08
1.9045969370e+00 -1.4531591985e-07
2.0890070445e+00 -4.8735560322e-07
2.2681665512e+00 -6.7105630519e-07
2.4420787736e+00 -5.8319508653e-07
2.6108197047e+00 -4.2526538303e-07
2.7744283686e+00 -8.6862102165e-08
2.9329240328e+00 3.7035654291e-07
3.0863876375e+00 2.2059081613e-07
3.2348265669e+00 -6.4433978807e-07
3.3783032717e+00 -1.3658951033e-06
3.5168588199e+00 -1.3385415176e-06
3.6505065328e+00 -7.4075927523e-07
3.7793286307e+00 -5.2099899469e-07
3.9033275575e+00 -8.3939694096e-07
4.0225473728e+00 -1.3896340301e-06
4.1370378201e+00 -1.3695225417e-06
4.2468066156e+00 -8.4102181947e-07
4.3519135685e+00 -5.6005615388e-07
4.4523891217e+00 -8.1186086745e-07
4.5482484815e+00 -1.2337679191e-06
4.6395505062e+00 -1.6861606461e-06
4.7262868039e+00 -1.9800709035e-06
4.8085213811e+00 -2.2014295200e-06
4.8862667114e+00 -2.0184640715e-06
4.9595314097e+00 -1.5839752117e-06
5.0283683008e+00 -1.2599729357e-06
5.0927987305e+00 -1.0604512236e-06
5.1528112794e+00 -1.0746093151e-06
5.2084636254e+00 -1.3992918781e-06
5.2597649924e+00 -2.1251205094e-06
5.3067267940e+00 -2.5925678866e-06
5.3493689873e+00 -2.0213117551e-06
5.3876979843e+00 -1.2479871443e-06
5.4217420177e+00 -1.4779794813e-06
5.4514967060e+00 -2.9127312796e-06
5.4769903270e+00 -3.3379326802e-06
5.4982063250e+00 -2.6470694361e-06
5.5151671497e+00 -1.8059959803e-06
5.5278950063e+00 -1.8689057665e-06
5.5363858380e+00 -2.7317554090e-06
5.5406269292e+00 -3.3748546249e-06
5.5406265410e+00 -3.2320527865e-06
5.5363962203e+00 -2.7297278159e-06
5.5279158478e+00 -2.7903227139e-06
5.5151937292e+00 -2.5942577325e-06
5.4982307489e+00 -2.5739939225e-06
5.4770018475e+00 -2.3176034535e-06
5.4515232226e+00 -1.7484181875e-06
5.4217653359e+00 -1.9868678355e-06
5.3877174789e+00 -2.5191629228e-06
5.3493873217e+00 -2.7636224078e-06
5.3067527647e+00 -2.6560800884e-06
5.2598061224e+00 -2.0499594414e-06
5.2085083627e+00 -1.9952243657e-06
5.1528482478e+00 -2.4415628255e-06
5.0928317151e+00 -2.6484829180e-06
5.0284058619e+00 -2.4558933498e-06
4.9595691922e+00 -1.7546970848e-06
4.8862879002e+00 -1.4206552974e-06
4.8085433346e+00 -1.4920458220e-06
4.7263270570e+00 -1.5414601580e-06
4.6395717819e+00 -1.4334295045e-06
4.5482796480e+00 -6.9818754762e-07
4.4524213315e+00 -4.2231528928e-07
4.3519373493e+00 -2.4972273119e-07
4.2468247785e+00 -3.0957519653e-07
4.1370385770e+00 -4.5280689931e-07
4.0225677473e+00 -3.2869319798e-07
3.9033366405e+00 -4.6256543282e-07
3.7793339548e+00 -6.9033332890e-07
3.6505309166e+00 -6.7789265425e-07
3.5168600425e+00 -4.8560476654e-07
3.3783233376e+00 4.7031153010e-09
3.2348481264e+00 4.9721035303e-07
3.0863917370e+00 3.4362566822e-07
2.9329475094e+00 -2.5763915563e-07
2.7744332080e+00 -3.1971594405e-07
2.6108233887e+00 -1.4196865871e-08
2.4420913400e+00 2.8653650543e-07
2.2681594930e+00 3.9598131411e-07
2.0890207345e+00 2.1939652423e-07
1.9045955758e+00 5.7207351862e-08
1.7148574175e+00 -1.7797898848e-07
1.5197677037e+00 -2.9813105832e-07
1.3192495672e+00 -2.4330837938e-07
1.1132985943e+00 -5.3012392728e-08
9.0182975724e-01 4.5927188806e-08
6.8480492392e-01 -2.8337761681e-08
4.6220783726e-01 -3.2855892888e-07
2.3394338403e-01 -3.7986822501e-07
-1.9204059669e-06 -2.1490848236e-10
