3.3750810174e+02
3.3750815083e+02
3.3750819993e+02
3.3750824241e+02
3.3750816914e+02
3.3750812989e+02
3.3750822390e+02
3.3750830988e+02
3.3750823454e+02
3.3750813954e+02
3.3750813519e+02
3.3750820598e+02
3.3750827384e+02
3.3750830935e+02
3.3750832936e+02
3.3750815934e+02
3.3750782041e+02
3.3750753806e+02
3.3750786442e+02
3.3750821480e+02
3.3750837835e+02
3.3750820984e+02
3.3750795914e+02
3.3750810551e+02
3.3750831976e+02
3.3750841989e+02
3.3750816362e+02
3.3750790938e+02
3.3750792106e+02
3.3750803754e+02
3.3750815412e+02
3.3750834953e+02
3.3750854494e+02
3.3750866026e+02
3.3750854793e+02
3.3750843561e+02
3.3750820299e+02
3.3750794073e+02
3.3750779424e+02
3.3750804867e+02
3.3750830309e+02
3.3750792618e+02
3.3750746563e+02
3.3750744483e+02
3.3750790641e+02
3.3750834050e+02
3.3750807774e+02
3.3750770607e+02
3.3750748521e+02
3.3750776961e+02
3.3750813006e+02
3.3750805440e+02
3.3750789960e+02
3.3750785847e+02
3.3750789175e+02
3.3750811406e+02
3.3750798520e+02
3.3750764095e+02
3.3750753732e+02
3.3750762860e+02
3.3750788849e+02
3.3750787528e+02
3.3750758823e+02
3.3750740998e+02
3.3750764716e+02
3.3750793505e+02
3.3750800436e+02
3.3750773520e+02
3.3750754159e+02
3.3750761796e+02
3.3750792270e+02
3.3750814101e+02
3.3750787236e+02
3.3750770276e+02
3.3750762591e+02
3.3750765549e+02
3.3750774761e+02
3.3750764726e+02
3.3750773768e+02
3.3750785225e+02
3.3750800343e+02
3.3750822067e+02
3.3750801009e+02
3.3750779005e+02
3.3750778966e+02
3.3750804658e+02
3.3750815176e+02
3.3750806615e+02
3.3750789121e+02
3.3750775992e+02
3.3750774791e+02
3.3750780929e+02
3.3750788126e+02
3.3750796053e+02
3.3750801430e+02
3.3750796907e+02
3.3750789384e+02
3.3750786659e+02
3.3750788348e+02
3.3750790037e+02
