-1.1079151929e-08 -3.4926246003e-09
1.6685268975e-07 -5.5222434757e-08
4.8696814761e-03 2.7707779796e-03
1.2761451698e-02 8.7655958289e-04
1.3377538120e-02 7.4357169981e-03
2.3709873054e-02 1.3127159397e-02
3.5227206520e-02 1.9252073503e-02
3.7686924824e-02 3.1304972926e-03
4.7518353397e-02 2.5596832263e-02
6.0305436722e-02 3.1992363512e-02
6.1683685733e-02 5.9956307167e-03
7.3377254691e-02 3.8321634153e-02
8.4648942253e-02 9.3735681271e-03
8.6614407992e-02 4.4504027042e-02
9.9866133047e-02 5.0452205488e-02
1.0645610564e-01 1.3252745175e-02
1.1305785657e-01 5.6113019495e-02
1.2609523015e-01 6.1448879446e-02
1.2702931771e-01 1.7458225655e-02
1.3891303546e-01 6.6422451416e-02
1.4628996188e-01 2.2009471390e-02
1.5144350510e-01 7.1013836884e-02
1.6361520464e-01 7.5191138433e-02
1.6420616208e-01 2.6764779375e-02
1.7538740939e-01 7.8935155713e-02
1.8072852200e-01 3.1694120443e-02
1.8670173782e-01 8.2239026938e-02
1.9584197770e-01 3.6721784997e-02
1.9751728998e-01 8.5098526616e-02
2.0776020652e-01 8.7493291793e-02
2.0952021878e-01 4.1785760437e-02
2.1740391159e-01 8.9420688068e-02
2.2175253412e-01 4.6826291821e-02
2.2639454744e-01 9.0884505063e-02
2.3255664067e-01 5.1791440212e-02
2.3469440195e-01 9.1889339715e-02
2.4192002564e-01 5.6631799528e-02
2.4223169675e-01 9.2420885194e-02
2.4896935663e-01 9.2489558573e-02
2.4988937412e-01 6.1301490079e-02
2.5485654839e-01 9.2103656061e-02
2.5645739163e-01 6.5749665829e-02
2.5986514521e-01 9.1273381374e-02
2.6170159009e-01 6.9950797297e-02
2.6391056488e-01 8.9995754384e-02
2.6561523867e-01 7.3875645935e-02
2.6696349749e-01 8.8299743469e-02
2.6826069747e-01 7.7475921101e-02
2.6897821410e-01 8.6171664566e-02
2.6966965408e-01 8.0750910390e-02
2.6989228235e-01 8.3650657101e-02
