1.8251387850e+02
1.8265619823e+02
1.8279453101e+02
1.8292481118e+02
1.8305261235e+02
1.8317734253e+02
1.8329428239e+02
1.8340554265e+02
1.8351462638e+02
1.8361620402e+02
1.8371609247e+02
1.8380879781e+02
1.8389909255e+02
1.8398339238e+02
1.8406392686e+02
1.8413970251e+02
1.8421142040e+02
1.8427961215e+02
1.8434347420e+02
1.8440226804e+02
1.8445735217e+02
1.8450840280e+02
1.8455583881e+02
1.8459906163e+02
1.8463897562e+02
1.8467495311e+02
1.8470739058e+02
1.8473643895e+02
1.8475998667e+02
1.8478137906e+02
1.8479765072e+02
1.8481183943e+02
1.8482153173e+02
1.8482807367e+02
1.8482969551e+02
1.8482939629e+02
1.8482480379e+02
1.8481738259e+02
1.8480643580e+02
1.8479125882e+02
1.8477374159e+02
1.8475113592e+02
1.8472789032e+02
1.8469763993e+02
1.8466613916e+02
1.8463053305e+02
1.8459195843e+02
1.8455128006e+02
1.8450428807e+02
1.8445607514e+02
1.8440089874e+02
1.8434515328e+02
1.8428556458e+02
1.8422057083e+02
1.8415470718e+02
1.8408128948e+02
1.8400714632e+02
1.8392711983e+02
1.8384438016e+02
1.8375951382e+02
1.8366814675e+02
1.8357458904e+02
1.8347474226e+02
1.8337152280e+02
1.8326643270e+02
1.8315484718e+02
1.8304059486e+02
1.8292260210e+02
1.8279897185e+02
1.8267059499e+02
1.8254120540e+02
1.8240402131e+02
1.8226417784e+02
1.8212148615e+02
1.8197325488e+02
1.8181920699e+02
1.8166654971e+02
1.8150585023e+02
1.8133774601e+02
1.8117653079e+02
1.8100378969e+02
1.8082491937e+02
1.8066025254e+02
1.8047291876e+02
1.8029399710e+02
1.8011547265e+02
1.7992209223e+02
1.7974920876e+02
1.7956703366e+02
1.7937132193e+02
1.7921560554e+02
1.7903435369e+02
1.7885103608e+02
1.7872873841e+02
1.7858194125e+02
1.7843212658e+02
1.7835213755e+02
1.7840508210e+02
1.7826411713e+02
1.8004744560e+02
