3.6300875952e+02
3.6300875082e+02
3.6300871641e+02
3.6300875161e+02
3.6300884706e+02
3.6300888968e+02
3.6300880038e+02
3.6300869183e+02
3.6300878281e+02
3.6300889052e+02
3.6300887509e+02
3.6300877401e+02
3.6300867109e+02
3.6300853913e+02
3.6300840810e+02
3.6300850767e+02
3.6300884669e+02
3.6300918571e+02
3.6300893140e+02
3.6300864958e+02
3.6300846797e+02
3.6300864255e+02
3.6300881714e+02
3.6300863084e+02
3.6300834826e+02
3.6300825457e+02
3.6300861172e+02
3.6300898812e+02
3.6300904493e+02
3.6300891251e+02
3.6300883818e+02
3.6300854552e+02
3.6300830619e+02
3.6300810814e+02
3.6300797876e+02
3.6300812078e+02
3.6300818933e+02
3.6300858188e+02
3.6300879374e+02
3.6300853476e+02
3.6300836439e+02
3.6300852674e+02
3.6300897145e+02
3.6300913815e+02
3.6300880776e+02
3.6300847736e+02
3.6300866836e+02
3.6300894790e+02
3.6300899635e+02
3.6300861488e+02
3.6300823341e+02
3.6300835437e+02
3.6300860522e+02
3.6300872380e+02
3.6300842394e+02
3.6300812407e+02
3.6300829136e+02
3.6300872957e+02
3.6300913875e+02
3.6300890344e+02
3.6300866813e+02
3.6300852934e+02
3.6300879611e+02
3.6300906287e+02
3.6300882042e+02
3.6300853740e+02
3.6300855439e+02
3.6300879105e+02
3.6300902751e+02
3.6300876830e+02
3.6300838237e+02
3.6300819172e+02
3.6300850419e+02
3.6300881666e+02
3.6300887603e+02
3.6300881957e+02
3.6300873419e+02
3.6300873254e+02
3.6300876671e+02
3.6300854603e+02
3.6300815018e+02
3.6300791400e+02
3.6300825742e+02
3.6300863423e+02
3.6300878920e+02
3.6300868123e+02
3.6300848505e+02
3.6300857340e+02
3.6300868910e+02
3.6300875889e+02
3.6300873804e+02
3.6300871673e+02
3.6300862089e+02
3.6300856226e+02
3.6300853823e+02
3.6300863571e+02
3.6300872948e+02
3.6300881071e+02
3.6300881745e+02
3.6300877633e+02
