2.0137627684e+01
2.0136651212e+01
2.0135674740e+01
2.0134698267e+01
2.0133721795e+01
2.0132745322e+01
2.0131957003e+01
2.0131190930e+01
2.0130424858e+01
2.0129658786e+01
2.0129089385e+01
2.0128379377e+01
2.0127653331e+01
2.0126927285e+01
2.0126201239e+01
2.0125612914e+01
2.0125060217e+01
2.0124507520e+01
2.0123971599e+01
2.0123556327e+01
2.0123223283e+01
2.0122882438e+01
2.0122403547e+01
2.0121924655e+01
2.0121445763e+01
2.0121097102e+01
2.0120793597e+01
2.0120509093e+01
2.0120249757e+01
2.0120030754e+01
2.0119817775e+01
2.0119604795e+01
2.0119416104e+01
2.0119260921e+01
2.0119093880e+01
2.0118926840e+01
2.0118787968e+01
2.0118765582e+01
2.0118743195e+01
2.0118720809e+01
2.0118698423e+01
2.0118707727e+01
2.0118747837e+01
2.0118787948e+01
2.0118828058e+01
2.0118868169e+01
2.0119009816e+01
2.0119170541e+01
2.0119331267e+01
2.0119505011e+01
2.0119744144e+01
2.0120120431e+01
2.0120473531e+01
2.0120706523e+01
2.0120939515e+01
2.0121276396e+01
2.0121660797e+01
2.0122045198e+01
2.0122503266e+01
2.0123112739e+01
2.0123692162e+01
2.0124145371e+01
2.0124598579e+01
2.0125196628e+01
2.0125943367e+01
2.0126690106e+01
2.0127261381e+01
2.0128005737e+01
2.0128837833e+01
2.0129681584e+01
2.0130709336e+01
2.0131775116e+01
2.0132576679e+01
2.0133408850e+01
2.0134487137e+01
2.0135565424e+01
2.0136756174e+01
2.0138127946e+01
2.0139515973e+01
2.0140700288e+01
2.0141884604e+01
2.0143381544e+01
2.0144952923e+01
2.0146524301e+01
2.0148082597e+01
2.0149772740e+01
2.0151462883e+01
2.0153212079e+01
2.0155272545e+01
2.0157333012e+01
2.0159071994e+01
2.0161109177e+01
2.0163315006e+01
2.0165529239e+01
2.0168114860e+01
2.0170563771e+01
2.0172744036e+01
2.0175300131e+01
2.0177907632e+01
2.0180679047e+01
