2.8330893208e+02
2.8377672200e+02
2.8284601901e+02
2.8424830008e+02
2.8238308772e+02
2.8471946781e+02
2.8191576288e+02
2.8518388925e+02
2.8144795191e+02
2.8564830470e+02
2.8098151119e+02
2.8611614213e+02
2.8051698072e+02
2.8658713000e+02
2.8005242029e+02
2.8705805713e+02
2.7958827134e+02
2.8752458935e+02
2.7912418338e+02
2.8799112770e+02
2.7866037637e+02
2.8845881762e+02
2.7819683982e+02
2.8892782338e+02
2.7773326417e+02
2.8939685836e+02
2.7727128518e+02
2.8986632293e+02
2.7680964627e+02
2.9033580773e+02
2.7634876579e+02
2.9080541075e+02
2.7588943539e+02
2.9127536085e+02
2.7543005947e+02
2.9174535017e+02
2.7496801787e+02
2.9221512979e+02
2.7450520274e+02
2.9268491719e+02
2.7404441723e+02
2.9315375668e+02
2.7358907186e+02
2.9362144687e+02
2.7313366917e+02
2.9408918119e+02
2.7267398425e+02
2.9456209988e+02
2.7221276357e+02
2.9503562166e+02
2.7175357549e+02
2.9550673931e+02
2.7130115200e+02
2.9597417958e+02
2.7084865981e+02
2.9644167527e+02
2.7039144834e+02
2.9691236578e+02
2.6993217018e+02
2.9738361406e+02
2.6947460595e+02
2.9785437912e+02
2.6902442090e+02
2.9832445192e+02
2.6857415479e+02
2.9879459302e+02
2.6812185563e+02
2.9926392733e+02
2.6766846938e+02
2.9973311856e+02
2.6721563923e+02
3.0020277455e+02
2.6676595316e+02
3.0067378290e+02
2.6631617397e+02
3.0114486945e+02
2.6586752301e+02
3.0161180287e+02
2.6541955591e+02
3.0207758785e+02
2.6497152851e+02
3.0254509549e+02
2.6452243951e+02
3.0301790577e+02
2.6407324411e+02
3.0349080863e+02
2.6362853513e+02
3.0395839346e+02
2.6318711761e+02
3.0442412470e+02
2.6274543082e+02
3.0489046297e+02
2.6229888075e+02
3.0535915076e+02
2.6185221160e+02
3.0582793154e+02
2.6140979671e+02
3.0629528369e+02
2.6097107225e+02
3.0676205318e+02
2.6053229092e+02
3.0722883503e+02
2.6009077147e+02
3.0769584495e+02
2.5964912421e+02
3.0816295521e+02
2.5921190728e+02
3.0862916449e+02
3.0909493724e+02
2.5877923672e+02
3.0956067371e+02
2.5834646898e+02
3.1002632062e+02
2.5791074655e+02
3.1049207648e+02
2.5747470102e+02
3.1095773420e+02
2.5703942721e+02
3.1142335513e+02
2.5660512184e+02
3.1188863742e+02
2.5617070481e+02
3.1235087487e+02
2.5574280035e+02
3.1281322657e+02
2.5531511515e+02
3.1327687196e+02
2.5488591953e+02
3.1374148819e+02
2.5445466699e+02
3.1420597555e+02
2.5402330069e+02
3.1466816660e+02
2.5359852307e+02
3.1513048112e+02
2.5317423982e+02
3.1559225120e+02
2.5275147632e+02
3.1605355143e+02
2.5233138706e+02
3.1651489034e+02
2.5191117469e+02
3.1697759907e+02
2.5148649040e+02
3.1744043976e+02
2.5106072459e+02
3.1789946612e+02
2.5063777407e+02
3.1835458573e+02
2.5022063852e+02
3.1880982119e+02
2.4980335664e+02
3.1926958035e+02
3.1972965948e+02
2.4938756007e+02
3.2018848980e+02
2.4897184976e+02
3.2064577647e+02
2.4855686147e+02
3.2110317534e+02
2.4814387970e+02
3.2156232094e+02
2.4773074381e+02
3.2202183732e+02
2.4731997253e+02
3.2247869395e+02
2.4690963568e+02
3.2293172103e+02
2.4649963591e+02
3.2338488290e+02
2.4609100921e+02
3.2383855181e+02
2.4568221768e+02
3.2429246523e+02
2.4527936982e+02
3.2474588470e+02
2.4487845778e+02
3.2519836377e+02
2.4447635606e+02
3.2565097417e+02
2.4407037980e+02
3.2610263448e+02
2.4366425692e+02
3.2655434666e+02
2.4326554755e+02
3.2700574826e+02
2.4286976849e+02
3.2745636471e+02
3.2790711948e+02
2.4247309457e+02
3.2835802356e+02
2.4207289172e+02
3.2880918433e+02
2.4167252543e+02
3.2925822404e+02
2.4127798160e+02
3.2970190618e+02
2.4088619133e+02
3.3014573656e+02
2.4049432843e+02
3.3059175395e+02
2.4010319712e+02
3.3103859351e+02
2.3971187140e+02
3.3148510061e+02
2.3932598371e+02
3.3193029124e+02
2.3894335915e+02
3.3237562276e+02
2.3855973969e+02
3.3282109914e+02
2.3816813175e+02
3.3326687654e+02
2.3777633692e+02
3.3371135091e+02
2.3739327817e+02
3.3415051441e+02
3.3458983701e+02
2.3701648086e+02
3.3503168934e+02
2.3663940523e+02
3.3547484423e+02
2.3626118623e+02
3.3591719925e+02
2.3588276523e+02
3.3635502245e+02
2.3550699405e+02
3.3679301109e+02
2.3513332664e+02
3.3722909364e+02
2.3475941563e+02
3.3766429421e+02
2.3438444909e+02
3.3810005261e+02
2.3400926485e+02
3.3853850124e+02
2.3363871377e+02
3.3897710006e+02
2.3327276404e+02
3.3941248520e+02
2.3290656393e+02
3.3984608449e+02
2.3254223445e+02
3.4027982587e+02
3.4071332789e+02
2.3217774500e+02
3.4114700166e+02
2.3181425419e+02
3.4157850443e+02
2.3145182069e+02
3.4200852030e+02
2.3108913289e+02
3.4243870375e+02
2.3073134215e+02
3.4286869252e+02
2.3037370854e+02
3.4329885333e+02
2.3001702529e+02
3.4372743090e+02
2.2966157406e+02
3.4415475839e+02
2.2930585916e+02
3.4458226182e+02
2.2895424317e+02
3.4500846622e+02
2.2860292538e+02
3.4543484852e+02
3.4586028300e+02
2.2825343103e+02
3.4628486015e+02
2.2790701902e+02
3.4670963352e+02
2.2756033702e+02
3.4713328377e+02
2.2721526813e+02
3.4755707960e+02
2.2687029122e+02
3.4797881703e+02
2.2652681808e+02
3.4839811904e+02
2.2618634469e+02
3.4881762343e+02
2.2584559645e+02
3.4923569232e+02
2.2550730541e+02
3.4965382323e+02
2.2516940888e+02
3.5007149632e+02
3.5048856428e+02
2.2483270042e+02
3.5090583403e+02
2.2449895294e+02
3.5132095315e+02
2.2416492262e+02
3.5173596725e+02
2.2383348906e+02
3.5215011808e+02
2.2350266278e+02
3.5256282176e+02
2.2317268442e+02
3.5297573078e+02
2.2284541473e+02
3.5338834031e+02
2.2251785253e+02
3.5380105591e+02
2.2219255884e+02
3.5421296523e+02
2.2186794663e+02
3.5462320976e+02
3.5503366734e+02
2.2154528273e+02
3.5544039192e+02
2.2123054799e+02
3.5584638798e+02
2.2091551596e+02
3.5625164541e+02
2.2059750403e+02
3.5665484076e+02
2.2027800629e+02
3.5705824970e+02
2.1996028437e+02
3.5746121487e+02
2.1965159336e+02
3.5786418332e+02
2.1934260058e+02
3.5826667089e+02
3.5866753074e+02
2.1903141611e+02
3.5906860868e+02
2.1871892842e+02
3.5946806203e+02
2.1840746506e+02
3.5986703451e+02
2.1810326225e+02
3.6026462039e+02
2.1779874198e+02
3.6065649297e+02
2.1749675730e+02
3.6104858533e+02
2.1719633050e+02
3.6144337177e+02
2.1689573326e+02
3.6183948154e+02
2.1659500749e+02
3.6223449885e+02
3.6262396264e+02
2.1629395927e+02
3.6301365061e+02
2.1599746521e+02
3.6340251281e+02
2.1570439749e+02
3.6379100962e+02
2.1541126018e+02
3.6417926177e+02
2.1512191722e+02
3.6456513252e+02
2.1483224080e+02
3.6495122839e+02
2.1454475095e+02
3.6533584603e+02
2.1425921813e+02
3.6571957432e+02
3.6610313050e+02
2.1397346856e+02
3.6648346718e+02
2.1369092415e+02
3.6686403751e+02
2.1340803654e+02
3.6724353795e+02
2.1312801808e+02
3.6762226703e+02
2.1285108147e+02
3.6800079053e+02
2.1257381692e+02
3.6837127943e+02
2.1229942170e+02
3.6874200775e+02
3.6911424899e+02
2.1202473485e+02
3.6948786756e+02
2.1175220576e+02
3.6986158271e+02
2.1148247126e+02
3.7022769366e+02
2.1121240352e+02
3.7059405252e+02
2.1094747722e+02
3.7095838695e+02
2.1068256145e+02
3.7132054281e+02
2.1041901413e+02
3.7168292973e+02
3.7204398156e+02
2.1015767008e+02
3.7240526676e+02
2.0989598910e+02
3.7276401873e+02
2.0963284299e+02
3.7311954065e+02
2.0936902412e+02
3.7347530324e+02
2.0911008746e+02
3.7382988778e+02
2.0885997355e+02
3.7418466424e+02
2.0860947239e+02
3.7453587326e+02
3.7488169927e+02
2.0836347093e+02
3.7522778063e+02
2.0811797040e+02
3.7556850274e+02
2.0787377705e+02
3.7590875058e+02
2.0763275766e+02
3.7624849913e+02
2.0739135825e+02
3.7658717680e+02
2.0715296211e+02
3.7692610347e+02
2.0691487283e+02
3.7725864983e+02
3.7759029399e+02
2.0667874200e+02
3.7792155705e+02
2.0644821124e+02
3.7825173350e+02
2.0621727601e+02
3.7858217677e+02
2.0599281853e+02
3.7889977128e+02
2.0576996422e+02
3.7921448462e+02
2.0554820259e+02
3.7952922981e+02
3.7984361008e+02
2.0533078238e+02
3.8015824609e+02
2.0511294387e+02
3.8046785972e+02
2.0490677343e+02
3.8077629468e+02
2.0470467424e+02
3.8108227698e+02
2.0450206774e+02
3.8137996462e+02
2.0429881991e+02
3.8167794660e+02
2.0409518324e+02
3.8196345563e+02
3.8224443842e+02
2.0390027281e+02
3.8252371105e+02
2.0370856258e+02
3.8279529298e+02
2.0351992177e+02
3.8306715197e+02
2.0334934371e+02
3.8333493587e+02
2.0317825719e+02
3.8360115663e+02
2.0301908533e+02
3.8386501714e+02
3.8411534096e+02
2.0286614658e+02
3.8436598935e+02
2.0271576915e+02
3.8460564912e+02
2.0258736082e+02
3.8483950680e+02
2.0245839631e+02
3.8506934256e+02
2.0234575005e+02
3.8526779665e+02
3.8546663043e+02
2.0224348664e+02
3.8565080363e+02
2.0214409210e+02
3.8582532984e+02
2.0208350906e+02
3.8599626739e+02
2.0202222306e+02
3.8612257300e+02
2.0200750595e+02
3.8624932853e+02
2.0202840315e+02
3.8634422850e+02
3.8641448463e+02
2.0205618450e+02
3.8647851203e+02
2.0226603331e+02
3.8638367769e+02
2.0247496167e+02
3.8628945461e+02
2.0343816845e+02
3.8535858876e+02
2.0510751186e+02
3.8364924884e+02
2.0677746613e+02
3.8193952039e+02
