2.8367059530e+02
2.8425473993e+02
2.8308219292e+02
2.8484043560e+02
2.8248730521e+02
2.8545015865e+02
2.8189234547e+02
2.8605982249e+02
2.8130072029e+02
2.8665976781e+02
2.8070948560e+02
2.8725221706e+02
2.8011642837e+02
2.8784489187e+02
2.7951922759e+02
2.8844571007e+02
2.7892191224e+02
2.8904649177e+02
2.7833976663e+02
2.8964470009e+02
2.7776010296e+02
2.9024108485e+02
2.7717447826e+02
2.9083753866e+02
2.7657626464e+02
2.9144332370e+02
2.7597792570e+02
2.9204929278e+02
2.7540057746e+02
2.9265000840e+02
2.7482785106e+02
2.9324531875e+02
2.7424738950e+02
2.9384072215e+02
2.7364735507e+02
2.9444866211e+02
2.7304712800e+02
2.9505742650e+02
2.7247525701e+02
2.9565930709e+02
2.7191143487e+02
2.9625229465e+02
2.7134364294e+02
2.9684538017e+02
2.7076358342e+02
2.9745370485e+02
2.7018334836e+02
2.9806377336e+02
2.6960757542e+02
2.9866990248e+02
2.6903335750e+02
2.9927041432e+02
2.6845991741e+02
2.9987106131e+02
2.6788764698e+02
3.0047528960e+02
2.6731516954e+02
3.0108015730e+02
2.6674467932e+02
3.0168235196e+02
2.6617502206e+02
3.0228008015e+02
2.6560642587e+02
3.0287795697e+02
2.6504081297e+02
3.0348591170e+02
2.6447496752e+02
3.0409616054e+02
2.6391074003e+02
3.0470002049e+02
2.6334733643e+02
3.0528955201e+02
2.6278437848e+02
3.0587923848e+02
2.6222171832e+02
3.0648840456e+02
2.6165879791e+02
3.0710319029e+02
2.6110091214e+02
3.0771374387e+02
2.6054613974e+02
3.0831349217e+02
2.5999235990e+02
3.0891345206e+02
2.5944694627e+02
3.0951329862e+02
2.5890129365e+02
3.1011316005e+02
2.5834894489e+02
3.1071292387e+02
2.5779164550e+02
3.1131348499e+02
2.5723505993e+02
3.1191425965e+02
2.5668669899e+02
3.1251683651e+02
2.5613803922e+02
3.1312026282e+02
2.5559389162e+02
3.1371979956e+02
2.5505368503e+02
3.1430176897e+02
2.5451362624e+02
3.1488394561e+02
2.5397165914e+02
3.1548819763e+02
2.5342935565e+02
3.1610400423e+02
2.5289578377e+02
3.1671488375e+02
2.5237122040e+02
3.1729735761e+02
2.5184644311e+02
3.1788006687e+02
3.1848054023e+02
2.5130849105e+02
3.1909209370e+02
2.5076941870e+02
3.1970051737e+02
2.5023735889e+02
3.2028181543e+02
2.4971385446e+02
3.2086336159e+02
2.4919009790e+02
3.2145899306e+02
2.4867057266e+02
3.2206502714e+02
2.4815065925e+02
3.2266991546e+02
2.4762979068e+02
3.2325749526e+02
2.4710777514e+02
3.2384536173e+02
2.4658548326e+02
3.2443644839e+02
2.4607431848e+02
3.2503031611e+02
2.4556378403e+02
3.2562398632e+02
2.4505340040e+02
3.2620203083e+02
2.4454356921e+02
3.2678034728e+02
2.4403342775e+02
3.2736912463e+02
2.4352114347e+02
3.2796854032e+02
2.4300753775e+02
3.2856818673e+02
2.4250256211e+02
3.2914937902e+02
2.4201538778e+02
3.2973066165e+02
2.4152787239e+02
3.3031464841e+02
2.4103393165e+02
3.3090177361e+02
2.4053792332e+02
3.3148914871e+02
2.4004419758e+02
3.3206940715e+02
3.3264977008e+02
2.3955660441e+02
3.3323034066e+02
2.3906866747e+02
3.3381101023e+02
2.3857950816e+02
3.3439193470e+02
2.3808924613e+02
3.3496540212e+02
2.3760293599e+02
3.3553849456e+02
2.3712924969e+02
3.3611451040e+02
2.3665520507e+02
3.3669517262e+02
2.3617447227e+02
3.3727609729e+02
2.3569006087e+02
3.3785342732e+02
2.3521075793e+02
3.3843077560e+02
2.3475204113e+02
3.3900577318e+02
2.3429295503e+02
3.3957567532e+02
2.3382757155e+02
3.4014586505e+02
2.3335865427e+02
3.4071828269e+02
2.3289216917e+02
3.4129189547e+02
2.3243923676e+02
3.4186265090e+02
2.3198589868e+02
3.4242591046e+02
2.3152995919e+02
3.4298946296e+02
3.4355696604e+02
2.3107202409e+02
3.4412626264e+02
2.3061595587e+02
3.4469401819e+02
2.3017497204e+02
3.4525643605e+02
2.2973358153e+02
3.4581917152e+02
2.2928474073e+02
3.4637559537e+02
2.2883041604e+02
3.4693021332e+02
2.2837822270e+02
3.4748699076e+02
2.2795194286e+02
3.4805073343e+02
2.2752522621e+02
3.4861478437e+02
2.2709375749e+02
3.4917566748e+02
2.2665811583e+02
3.4973590675e+02
2.2622269489e+02
3.5029444476e+02
2.2580063834e+02
3.5084313822e+02
2.2537815439e+02
3.5139217219e+02
2.2495560168e+02
3.5194063939e+02
3.5248925397e+02
2.2453229004e+02
3.5303869903e+02
2.2410856252e+02
3.5359142004e+02
2.2369500503e+02
3.5414448959e+02
2.2328099590e+02
3.5468539196e+02
2.2287197958e+02
3.5521891284e+02
2.2246765209e+02
3.5575456784e+02
2.2206279869e+02
3.5630804816e+02
2.2165594646e+02
3.5686184744e+02
2.2124860047e+02
3.5740500832e+02
2.2084557528e+02
3.5794079088e+02
2.2044708548e+02
3.5847718883e+02
2.2004803797e+02
3.5901794299e+02
2.1965775019e+02
3.5955905046e+02
3.6010203221e+02
2.1926770065e+02
3.6064766154e+02
2.1887973307e+02
3.6119349689e+02
2.1849428954e+02
3.6171171134e+02
2.1810829567e+02
3.6223030560e+02
2.1772407481e+02
3.6275955404e+02
2.1733964849e+02
3.6330052727e+02
2.1696482896e+02
3.6384196854e+02
2.1660646063e+02
3.6435822556e+02
2.1624756078e+02
3.6487407878e+02
2.1586930066e+02
3.6539349918e+02
2.1548722741e+02
3.6591753919e+02
2.1511310549e+02
3.6644201834e+02
3.6696191061e+02
2.1475458001e+02
3.6748181489e+02
2.1439549899e+02
3.6799988466e+02
2.1403850635e+02
3.6851558475e+02
2.1368164235e+02
3.6903173003e+02
2.1332365234e+02
3.6954628656e+02
2.1296236098e+02
3.7006099522e+02
2.1260046849e+02
3.7056981684e+02
2.1226013127e+02
3.7106853015e+02
2.1192597762e+02
3.7156767419e+02
2.1158998876e+02
3.7208157031e+02
2.1124869682e+02
3.7259839525e+02
3.7311035118e+02
2.1090683539e+02
3.7361286151e+02
2.1057106031e+02
3.7411582424e+02
2.1023726036e+02
3.7461604486e+02
2.0990353635e+02
3.7511592435e+02
2.0957005908e+02
3.7561513871e+02
2.0923597339e+02
3.7611265217e+02
2.0891576498e+02
3.7661062554e+02
2.0860162134e+02
3.7710415874e+02
2.0828527034e+02
3.7759664138e+02
2.0795826001e+02
3.7808839696e+02
3.7857765747e+02
2.0763063412e+02
3.7906738911e+02
2.0732017652e+02
3.7955375879e+02
2.0701888234e+02
3.8003913123e+02
2.0671688507e+02
3.8052275043e+02
2.0641198071e+02
3.8099898416e+02
2.0610647352e+02
3.8147568669e+02
2.0580450045e+02
3.8195685046e+02
2.0550466079e+02
3.8244028077e+02
2.0520532851e+02
3.8292018453e+02
3.8338121136e+02
2.0491425217e+02
3.8384270559e+02
2.0462256639e+02
3.8431383877e+02
2.0433197427e+02
3.8479041348e+02
2.0404212070e+02
3.8526527251e+02
2.0375246977e+02
3.8572752929e+02
2.0347345177e+02
3.8619026890e+02
2.0319380600e+02
3.8665126992e+02
2.0291632985e+02
3.8711128758e+02
2.0264080908e+02
3.8757140722e+02
3.8803016544e+02
2.0236497037e+02
3.8848942869e+02
2.0209260035e+02
3.8893922328e+02
2.0181957417e+02
3.8938183493e+02
2.0155178081e+02
3.8982514805e+02
2.0128962012e+02
3.9027830857e+02
2.0102687009e+02
3.9073199757e+02
2.0077188005e+02
3.9117361727e+02
2.0051640347e+02
3.9160434414e+02
3.9203546360e+02
2.0026130512e+02
3.9246395267e+02
2.0000687452e+02
3.9289294556e+02
1.9975185459e+02
3.9332319584e+02
1.9950779243e+02
3.9375472753e+02
1.9926382699e+02
3.9418673100e+02
1.9902073040e+02
3.9460211685e+02
1.9877925070e+02
3.9501751098e+02
1.9853715895e+02
3.9543462377e+02
3.9585374946e+02
1.9830769711e+02
3.9627337180e+02
1.9807920082e+02
3.9667928643e+02
1.9785023812e+02
3.9708468288e+02
1.9762096237e+02
3.9748729469e+02
1.9739106099e+02
3.9788553418e+02
1.9716880978e+02
3.9828428306e+02
1.9694718166e+02
3.9867653470e+02
3.9906852605e+02
1.9672909103e+02
3.9945684632e+02
1.9651918377e+02
3.9983832224e+02
1.9630862405e+02
4.0022031845e+02
1.9610306263e+02
4.0059513263e+02
1.9589795425e+02
4.0096920308e+02
1.9569496090e+02
4.0133993151e+02
1.9549844437e+02
4.0170304303e+02
1.9530124846e+02
4.0206668779e+02
4.0242150202e+02
1.9511496478e+02
4.0277471866e+02
1.9493135305e+02
4.0312492205e+02
1.9474844008e+02
4.0346660990e+02
1.9456927830e+02
4.0380885387e+02
1.9438940507e+02
4.0414137142e+02
1.9422113916e+02
4.0447139523e+02
1.9405657173e+02
4.0479806278e+02
4.0511299896e+02
1.9389390970e+02
4.0542851657e+02
1.9374106621e+02
4.0573206976e+02
1.9358745519e+02
4.0603158650e+02
1.9345014502e+02
4.0632789293e+02
1.9331978469e+02
4.0660968277e+02
1.9319003275e+02
4.0689207515e+02
1.9306684489e+02
4.0715871895e+02
4.0741851692e+02
1.9294283979e+02
4.0767603090e+02
1.9283938426e+02
4.0791905223e+02
1.9274653488e+02
4.0816272288e+02
1.9265725688e+02
4.0838402698e+02
1.9259955517e+02
4.0859335724e+02
1.9254094324e+02
4.0879938628e+02
4.0897718588e+02
1.9250310474e+02
4.0915569829e+02
1.9247812561e+02
4.0930604373e+02
1.9245747420e+02
4.0943830095e+02
1.9249653762e+02
4.0956604457e+02
1.9253450441e+02
4.0963447191e+02
1.9265226123e+02
4.0970372462e+02
4.0968372461e+02
1.9283238417e+02
4.0959393539e+02
1.9300797844e+02
4.0951428893e+02
1.9310040463e+02
4.0965722693e+02
1.9319100455e+02
4.0980168387e+02
1.9439133218e+02
4.0853968875e+02
1.9663480032e+02
4.0596572755e+02
1.9887931798e+02
4.0339111762e+02
