2.9315378475e-07 5.1354859613e-06
2.2816443810e-01 -8.2079559500e-04
4.5048974526e-01 -3.2386064104e-03
6.6692846951e-01 -7.1719974495e-03
8.7745531198e-01 -1.2567745223e-02
1.0820642852e+00 -1.9348310834e-02
1.2807416067e+00 -2.7434517722e-02
1.4734704137e+00 -3.6779774328e-02
1.6602590695e+00 -4.7298024649e-02
1.8411127900e+00 -5.8933736241e-02
2.0160421956e+00 -7.1618602472e-02
2.1850526631e+00 -8.5282927215e-02
2.3481740407e+00 -9.9875457125e-02
2.5054306205e+00 -1.1531729014e-01
2.6568231866e+00 -1.3156127125e-01
2.8023910030e+00 -1.4854348720e-01
2.9421850738e+00 -1.6619477885e-01
3.0762081740e+00 -1.8447352182e-01
3.2045098759e+00 -2.0330691468e-01
3.3271251272e+00 -2.2264771383e-01
3.4440860373e+00 -2.4244155216e-01
3.5554430626e+00 -2.6262429187e-01
3.6612277520e+00 -2.8315359770e-01
3.7614848388e+00 -3.0397236784e-01
3.8562589726e+00 -3.2502693566e-01
3.9455929084e+00 -3.4626903990e-01
4.0295283881e+00 -3.6765097737e-01
4.1081096433e+00 -3.8911891240e-01
4.1813903806e+00 -4.1062307187e-01
4.2494051728e+00 -4.3212624114e-01
4.3122107701e+00 -4.5357022453e-01
4.3698426461e+00 -4.7491429575e-01
4.4223574573e+00 -4.9611675867e-01
4.4697970634e+00 -5.1712304671e-01
4.5121865388e+00 -5.3789483724e-01
4.5496119722e+00 -5.5838836068e-01
4.5820943876e+00 -5.7855454383e-01
4.6096767159e+00 -5.9836060659e-01
4.6324246265e+00 -6.1776064760e-01
4.6503614479e+00 -6.3670671460e-01
4.6635502329e+00 -6.5516008173e-01
4.6720230718e+00 -6.7308815554e-01
4.6758373186e+00 -6.9044352780e-01
4.6750365003e+00 -7.0717953366e-01
4.6696830980e+00 -7.2327255154e-01
4.6597836768e+00 -7.3866814763e-01
4.6454325864e+00 -7.5333315703e-01
4.6266474212e+00 -7.6723211888e-01
4.6034905949e+00 -7.8031953632e-01
4.5760183529e+00 -7.9256565857e-01
4.5442594693e+00 -8.0393096983e-01
4.5082901282e+00 -8.1437365442e-01
4.4681430906e+00 -8.2386251685e-01
4.4238889046e+00 -8.3236305278e-01
4.3755768474e+00 -8.3982923746e-01
4.3232588583e+00 -8.4623886089e-01
4.2670074034e+00 -8.5155732487e-01
4.2068756703e+00 -8.5573652680e-01
4.1429345739e+00 -8.5876365308e-01
4.0752450600e+00 -8.6059614845e-01
4.0038832262e+00 -8.6119885702e-01
3.9289298605e+00 -8.6055982592e-01
3.8504438250e+00 -8.5863841856e-01
3.7685174673e+00 -8.5540901177e-01
3.6832371748e+00 -8.5084809578e-01
3.5946790796e+00 -8.4492840453e-01
3.5029549437e+00 -8.3763825626e-01
3.4081592887e+00 -8.2894327366e-01
3.3103863928e+00 -8.1883719381e-01
3.2097560149e+00 -8.0730639659e-01
3.1063954130e+00 -7.9432384805e-01
3.0004052663e+00 -7.7989865160e-01
2.8919403997e+00 -7.6401604790e-01
2.7811367737e+00 -7.4666974733e-01
2.6681470577e+00 -7.2787987483e-01
2.5531316571e+00 -7.0762806754e-01
2.4362409269e+00 -6.8594123857e-01
2.3176867092e+00 -6.6283929233e-01
2.1976569526e+00 -6.3832940268e-01
2.0763619229e+00 -6.1247008626e-01
1.9540207943e+00 -5.8526516149e-01
1.8308776176e+00 -5.5678463347e-01
1.7071844752e+00 -5.2707644299e-01
1.5832541859e+00 -4.9620095479e-01
1.4593824436e+00 -4.6427157766e-01
1.3358860007e+00 -4.3132856126e-01
1.2131430699e+00 -3.9752465320e-01
1.0915609107e+00 -3.6296768743e-01
9.7160038839e-01 -3.2781147659e-01
8.5374738385e-01 -2.9226759114e-01
7.3855116793e-01 -2.5648016397e-01
6.2666273099e-01 -2.2076219322e-01
5.1883813200e-01 -1.8537144949e-01
4.1599352932e-01 -1.5071634861e-01
3.1911207167e-01 -1.1723979479e-01
2.2956324914e-01 -8.5462169696e-02
1.4916232161e-01 -5.6294343750e-02
8.0270311472e-02 -3.0708847633e-02
2.7155488114e-02 -1.0148314765e-02
-4.7968679200e-05 1.8237977899e-05
