8.1114992235e+02
8.1332875397e+02
1.1583485044e+03
8.1538791049e+02
8.1732531851e+02
1.1546921668e+03
8.1913902723e+02
1.1505069588e+03
8.2082721038e+02
1.1464355091e+03
8.2238816813e+02
1.1424819172e+03
8.2382032871e+02
1.1386501641e+03
8.2512225005e+02
1.1349441081e+03
8.2626900432e+02
1.1313674808e+03
8.2713304025e+02
1.1279238836e+03
8.2785508055e+02
1.1246167839e+03
8.2843439818e+02
1.1206413023e+03
8.2887040982e+02
1.1163959322e+03
8.2916267644e+02
8.3079766654e+02
1.1122399952e+03
8.3512290737e+02
1.1081776761e+03
8.3927769925e+02
1.1038806246e+03
8.4325785866e+02
1.0963485655e+03
8.4705937790e+02
1.0889473399e+03
8.5067842918e+02
1.0816844004e+03
8.5411136841e+02
1.0758567593e+03
8.5735473892e+02
1.0718732070e+03
8.5907011099e+02
1.0678812412e+03
8.6056378326e+02
1.0638848813e+03
8.6318748063e+02
1.0598881514e+03
8.6603528622e+02
1.0558950759e+03
8.6883811182e+02
1.0519096755e+03
8.7159313523e+02
1.0479359630e+03
8.7429758236e+02
1.0439779398e+03
8.7694873008e+02
1.0401086489e+03
8.7954390889e+02
1.0366911572e+03
8.8208050567e+02
1.0332906014e+03
8.8455596630e+02
1.0299104057e+03
8.8682237326e+02
1.0265539735e+03
8.8845372010e+02
1.0219879557e+03
8.9024200222e+02
1.0168959583e+03
8.9240224887e+02
1.0118269350e+03
8.9535803763e+02
1.0067859901e+03
8.9955139865e+02
1.0017781992e+03
9.0374489831e+02
9.9680860482e+02
9.0793431409e+02
9.9188221091e+02
9.1211542762e+02
9.8700397792e+02
9.1628402887e+02
9.8217881782e+02
9.2043592040e+02
9.7741158914e+02
9.2456692163e+02
9.7270709207e+02
9.2867287297e+02
9.6807006364e+02
9.3274964008e+02
9.3679311801e+02
9.6350517295e+02
9.4079923531e+02
9.5937771732e+02
9.4476395817e+02
9.5637007115e+02
9.4868329444e+02
9.5255329769e+02
