3.7430920821e+02
3.7423117003e+02
3.7415313185e+02
3.7407936229e+02
3.7400842917e+02
3.7394186359e+02
3.7387702510e+02
3.7381741299e+02
3.7375900341e+02
3.7370673065e+02
3.7365535775e+02
3.7361016093e+02
3.7356667224e+02
3.7352815421e+02
3.7349224439e+02
3.7346043371e+02
3.7343205642e+02
3.7340734059e+02
3.7338691344e+02
3.7336909752e+02
3.7335685681e+02
3.7334707527e+02
3.7334177264e+02
3.7333980850e+02
3.7334252228e+02
3.7335054871e+02
3.7335937512e+02
3.7337331146e+02
3.7339130844e+02
3.7341232226e+02
3.7343925865e+02
3.7346951680e+02
3.7350378515e+02
3.7354182516e+02
3.7358463699e+02
3.7363092724e+02
3.7368087720e+02
3.7373577673e+02
3.7379472836e+02
3.7385679662e+02
3.7392428551e+02
3.7399434596e+02
3.7407031910e+02
3.7414807568e+02
3.7423251975e+02
3.7432009769e+02
3.7441089545e+02
3.7450509293e+02
3.7460509708e+02
3.7470847663e+02
3.7481547523e+02
3.7492680257e+02
3.7503957026e+02
3.7516031690e+02
3.7528110418e+02
3.7540676011e+02
3.7553654841e+02
3.7566974560e+02
3.7580667475e+02
3.7594459930e+02
3.7608978787e+02
3.7623507030e+02
3.7638778815e+02
3.7654033276e+02
3.7669928911e+02
3.7685790120e+02
3.7702142256e+02
3.7718570960e+02
3.7735550105e+02
3.7752735555e+02
3.7770173772e+02
3.7787990476e+02
3.7806020475e+02
3.7824184281e+02
3.7842369358e+02
3.7861151768e+02
3.7879793523e+02
3.7899143751e+02
3.7918459523e+02
3.7937745496e+02
3.7957606489e+02
3.7977235031e+02
3.7997421323e+02
3.8016971904e+02
3.8037521572e+02
3.8057680136e+02
3.8078471118e+02
3.8098087295e+02
3.8119521131e+02
3.8139780728e+02
3.8159652329e+02
3.8181087973e+02
3.8199587780e+02
3.8221619233e+02
3.8242235391e+02
3.8259567790e+02
3.8277804160e+02
3.8292157142e+02
3.8309455220e+02
3.8153366769e+02
