-1.1202407142e-06 -9.4294069517e-08
2.9204054915e-01 5.2333076039e-04
5.7832629008e-01 2.0731624629e-03
8.5880973370e-01 4.6059266563e-03
1.1334562559e+00 8.0952053259e-03
1.4022308365e+00 1.2500359115e-02
1.6650949015e+00 1.7785164105e-02
1.9220026932e+00 2.3922416068e-02
2.1729191008e+00 3.0872678296e-02
2.4178052103e+00 3.8602659708e-02
2.6566175796e+00 4.7084593279e-02
2.8893153894e+00 5.6275579058e-02
3.1158644316e+00 6.6151909292e-02
3.3362069602e+00 7.6674634317e-02
3.5503273920e+00 8.7814594372e-02
3.7581733531e+00 9.9539597037e-02
3.9597077369e+00 1.1181231062e-01
4.1549009650e+00 1.2460926281e-01
4.3437045396e+00 1.3788804608e-01
4.5260862220e+00 1.5162014621e-01
4.7020212546e+00 1.6577786561e-01
4.8714541643e+00 1.8032074943e-01
5.0343699562e+00 1.9522435021e-01
5.1907372075e+00 2.1044993518e-01
5.3405245433e+00 2.2596812015e-01
5.4836881435e+00 2.4174452861e-01
5.6202241793e+00 2.5774931167e-01
5.7500934029e+00 2.7394580394e-01
5.8732900816e+00 2.9030856040e-01
5.9897781518e+00 3.0679618133e-01
6.0995406891e+00 3.2337995894e-01
6.2025696789e+00 3.4003061168e-01
6.2988460588e+00 3.5670671195e-01
6.3883401248e+00 3.7338138007e-01
6.4710810934e+00 3.9002259887e-01
6.5470326983e+00 4.0659076596e-01
6.6161975279e+00 4.2305927702e-01
6.6785575122e+00 4.3938874807e-01
6.7341401176e+00 4.5554947313e-01
6.7829403440e+00 4.7150478950e-01
6.8249530045e+00 4.8722472598e-01
6.8601979952e+00 5.0267355929e-01
6.8886823405e+00 5.1781579469e-01
6.9104146176e+00 5.3262407923e-01
6.9254412684e+00 5.4705742719e-01
6.9337553167e+00 5.6108236007e-01
6.9353932603e+00 5.7466949234e-01
6.9303864849e+00 5.8778019953e-01
6.9187697224e+00 6.0039129249e-01
6.9005443586e+00 6.1245296987e-01
6.8757794889e+00 6.2393429232e-01
6.8445057745e+00 6.3480958931e-01
6.8067884647e+00 6.4503819397e-01
6.7626452304e+00 6.5458770506e-01
6.7121467799e+00 6.6342806785e-01
6.6553699895e+00 6.7151963367e-01
6.5923474798e+00 6.7883474407e-01
6.5231544675e+00 6.8533825693e-01
6.4478614510e+00 6.9099470720e-01
6.3665433268e+00 6.9577512739e-01
6.2792670111e+00 6.9964698534e-01
6.1861226081e+00 7.0257838489e-01
6.0872163177e+00 7.0453811821e-01
5.9826076732e+00 7.0549013415e-01
5.8724158596e+00 7.0541248914e-01
5.7567276647e+00 7.0427093261e-01
5.6356477921e+00 7.0203860123e-01
5.5092943704e+00 6.9868886626e-01
5.3778067081e+00 6.9419555505e-01
5.2412792583e+00 6.8853469570e-01
5.0998366761e+00 6.8167641410e-01
4.9536376185e+00 6.7360653279e-01
4.8028094855e+00 6.6429761679e-01
4.6474842393e+00 6.5373039993e-01
4.4878616107e+00 6.4189718117e-01
4.3240735268e+00 6.2877161740e-01
4.1562873017e+00 6.1434864148e-01
3.9847204193e+00 5.9860647830e-01
3.8095407266e+00 5.8155801493e-01
3.6309610826e+00 5.6318583283e-01
3.4492075716e+00 5.4349365918e-01
3.2645080222e+00 5.2249623359e-01
3.0771025991e+00 5.0019188946e-01
2.8872730008e+00 4.7660064099e-01
2.6953387540e+00 4.5173829176e-01
2.5015854898e+00 4.2565067614e-01
2.3063661468e+00 3.9835477192e-01
2.1100913647e+00 3.6992228400e-01
1.9132324261e+00 3.4039364818e-01
1.7162305352e+00 3.0987300656e-01
1.5196864018e+00 2.7842483761e-01
1.3242824594e+00 2.4616742229e-01
1.1308659077e+00 2.1332133067e-01
9.4037226780e-01 1.7995877338e-01
7.5406913041e-01 1.4643051298e-01
5.7363834535e-01 1.1304076098e-01
4.0144272836e-01 8.0331801142e-02
2.4132802661e-01 4.8918104934e-02
1.0021938639e-01 1.9921860924e-02
-4.8767757223e-06 1.2368998680e-07
