9.4949087767e-07 1.0987167222e-07
2.8929294049e-01 -7.3958347544e-04
5.7211837716e-01 -2.8799233768e-03
8.4844556356e-01 -6.4242398000e-03
1.1181760489e+00 -1.1258671617e-02
1.3813266362e+00 -1.7342737047e-02
1.6378308111e+00 -2.4628309651e-02
1.8876400864e+00 -3.3017551042e-02
2.1307183389e+00 -4.2517214856e-02
2.3670370706e+00 -5.3014394495e-02
2.5966142738e+00 -6.4470214306e-02
2.8193931527e+00 -7.6841557569e-02
3.0354232129e+00 -9.0021369136e-02
3.2446189338e+00 -1.0402371968e-01
3.4470123754e+00 -1.1876150790e-01
3.6426339228e+00 -1.3416289249e-01
3.8314279278e+00 -1.5021712361e-01
4.0134340471e+00 -1.6682281070e-01
4.1886606457e+00 -1.8396678720e-01
4.3571172998e+00 -2.0158061726e-01
4.5188234022e+00 -2.1961085160e-01
4.6737661267e+00 -2.3803789942e-01
4.8220120956e+00 -2.5676880161e-01
4.9635152162e+00 -2.7579246449e-01
5.0983573783e+00 -2.9504961173e-01
5.2265247063e+00 -3.1448473105e-01
5.3480489061e+00 -3.3408264131e-01
5.4629720955e+00 -3.5376041461e-01
5.5712726413e+00 -3.7350665083e-01
5.6730443911e+00 -3.9326690859e-01
5.7682816918e+00 -4.1299092203e-01
5.8569907769e+00 -4.3265770449e-01
5.9392366089e+00 -4.5219658657e-01
6.0150057916e+00 -4.7159958046e-01
6.0843833796e+00 -4.9081260257e-01
6.1473664512e+00 -5.0979373326e-01
6.2039718893e+00 -5.2852054680e-01
6.2542921435e+00 -5.4693532476e-01
6.2983114641e+00 -5.6502548031e-01
6.3360743674e+00 -5.8272918026e-01
6.3676241695e+00 -6.0002453515e-01
6.3929829041e+00 -6.1688616122e-01
6.4122141969e+00 -6.3325698124e-01
6.4253046291e+00 -6.4912259285e-01
6.4323504770e+00 -6.6443148527e-01
6.4333484013e+00 -6.7916456898e-01
6.4283653471e+00 -6.9328103372e-01
6.4174221516e+00 -7.0673763420e-01
6.4005603023e+00 -7.1952913975e-01
6.3778460540e+00 -7.3159945875e-01
6.3492779874e+00 -7.4292667285e-01
6.3149659495e+00 -7.5347625236e-01
6.2749298875e+00 -7.6322196533e-01
6.2291937618e+00 -7.7212583458e-01
6.1778398681e+00 -7.8014529709e-01
6.1208824926e+00 -7.8727975167e-01
6.0584420209e+00 -7.9348796269e-01
5.9905219328e+00 -7.9873238873e-01
5.9171836997e+00 -8.0298353140e-01
5.8385285997e+00 -8.0622240046e-01
5.7545710093e+00 -8.0841390136e-01
5.6654260756e+00 -8.0951590654e-01
5.5711103705e+00 -8.0952983249e-01
5.4717727084e+00 -8.0842798824e-01
5.3674118172e+00 -8.0615962262e-01
5.2581560579e+00 -8.0269766192e-01
5.1440970419e+00 -7.9803831127e-01
5.0253206555e+00 -7.9216789551e-01
4.9019138387e+00 -7.8502942409e-01
4.7739613762e+00 -7.7662265122e-01
4.6416418188e+00 -7.6694199300e-01
4.5049737293e+00 -7.5593239677e-01
4.3641846841e+00 -7.4358108446e-01
4.2193259431e+00 -7.2990080136e-01
4.0705979742e+00 -7.1488858737e-01
3.9180777487e+00 -6.9848209068e-01
3.7620050997e+00 -6.8069856722e-01
3.6025106007e+00 -6.6155782342e-01
3.4398127768e+00 -6.4103605754e-01
3.2740373063e+00 -6.1910726833e-01
3.1055136602e+00 -5.9582876479e-01
2.9343692552e+00 -5.7120417062e-01
2.7609691374e+00 -5.4520683159e-01
2.5854703553e+00 -5.1787717359e-01
2.4082956711e+00 -4.8932591735e-01
2.2297231974e+00 -4.5953189133e-01
2.0501152894e+00 -4.2847777022e-01
1.8699334363e+00 -3.9634011520e-01
1.6896096627e+00 -3.6314632639e-01
1.5097562720e+00 -3.2899202198e-01
1.3308241440e+00 -2.9408242178e-01
1.1538381799e+00 -2.5848740572e-01
9.7942754214e-01 -2.2246671296e-01
8.0849488533e-01 -1.8614231777e-01
6.4291425994e-01 -1.5002201895e-01
4.8341641483e-01 -1.1407202457e-01
3.3381658551e-01 -7.9670464298e-02
1.9534495181e-01 -4.6197497121e-02
8.0864731658e-02 -1.8499174423e-02
-4.0769851139e-06 6.9865345107e-07
