2.2340469266e+01
2.2346471564e+01
2.2352473862e+01
2.2358476160e+01
2.2364478458e+01
2.2369543772e+01
2.2374256899e+01
2.2378970025e+01
2.2383683151e+01
2.2388035762e+01
2.2392289391e+01
2.2396543020e+01
2.2400689410e+01
2.2403897907e+01
2.2407106405e+01
2.2410293988e+01
2.2413480058e+01
2.2415775583e+01
2.2418063535e+01
2.2420351487e+01
2.2422439180e+01
2.2424246624e+01
2.2426054068e+01
2.2427861511e+01
2.2429114756e+01
2.2429872520e+01
2.2430630285e+01
2.2431487457e+01
2.2431695675e+01
2.2431975256e+01
2.2432265137e+01
2.2432374477e+01
2.2431850249e+01
2.2431326021e+01
2.2430778977e+01
2.2429859179e+01
2.2428455671e+01
2.2427052163e+01
2.2425711023e+01
2.2424556639e+01
2.2422427346e+01
2.2420244856e+01
2.2418004196e+01
2.2415760379e+01
2.2412786491e+01
2.2409548874e+01
2.2406536235e+01
2.2403849298e+01
2.2400478902e+01
2.2396801627e+01
2.2392988052e+01
2.2389174476e+01
2.2384565289e+01
2.2379908543e+01
2.2375251798e+01
2.2371010673e+01
2.2365990401e+01
2.2360788717e+01
2.2355587033e+01
2.2350252606e+01
2.2343807369e+01
2.2337362131e+01
2.2331791372e+01
2.2326135009e+01
2.2319786193e+01
2.2312966467e+01
2.2305950265e+01
2.2298557175e+01
2.2291461611e+01
2.2284951078e+01
2.2278328080e+01
2.2270337458e+01
2.2262346837e+01
2.2254461767e+01
2.2246638078e+01
2.2238814388e+01
2.2231430481e+01
2.2223830157e+01
2.2215533449e+01
2.2207236741e+01
2.2200571039e+01
2.2196054026e+01
2.2190862893e+01
2.2180820659e+01
2.2173250005e+01
2.2168600540e+01
2.2163951075e+01
2.2161308507e+01
2.2166265809e+01
2.2165048376e+01
2.2163830943e+01
2.2168627218e+01
2.2178237154e+01
2.2188306404e+01
2.2200308503e+01
2.2252408646e+01
2.2314990298e+01
2.2377571949e+01
2.2440153601e+01
2.2502735253e+01
