4.2350581287e+02
4.2331223447e+02
4.2312269126e+02
4.2294471642e+02
4.2277755499e+02
4.2261466622e+02
4.2246242359e+02
4.2231439879e+02
4.2218205249e+02
4.2205250694e+02
4.2193619486e+02
4.2182657107e+02
4.2172107001e+02
4.2163326155e+02
4.2154712930e+02
4.2147536003e+02
4.2140854971e+02
4.2135181703e+02
4.2130447166e+02
4.2126435512e+02
4.2123899184e+02
4.2121752063e+02
4.2120708807e+02
4.2120630486e+02
4.2121405178e+02
4.2123389567e+02
4.2125924982e+02
4.2129614190e+02
4.2134500818e+02
4.2139759320e+02
4.2146328911e+02
4.2153777436e+02
4.2162212364e+02
4.2171628345e+02
4.2181714226e+02
4.2192842630e+02
4.2205363415e+02
4.2218288314e+02
4.2232261903e+02
4.2247057819e+02
4.2263153900e+02
4.2279616497e+02
4.2297032415e+02
4.2316037202e+02
4.2335234577e+02
4.2355044371e+02
4.2376344375e+02
4.2398234463e+02
4.2420978483e+02
4.2444756847e+02
4.2468553544e+02
4.2493698347e+02
4.2519678965e+02
4.2546043218e+02
4.2573263120e+02
4.2601352901e+02
4.2629806740e+02
4.2658903171e+02
4.2688998253e+02
4.2719451032e+02
4.2750149542e+02
4.2781734690e+02
4.2814215234e+02
4.2846206955e+02
4.2879245783e+02
4.2912980272e+02
4.2946531567e+02
4.2980614042e+02
4.3015079516e+02
4.3050266594e+02
4.3084730491e+02
4.3120115847e+02
4.3156053000e+02
4.3191060982e+02
4.3226862798e+02
4.3262519967e+02
4.3298661394e+02
4.3333770884e+02
4.3370065916e+02
4.3405730680e+02
4.3440537764e+02
4.3476229799e+02
4.3510764454e+02
4.3545466240e+02
4.3579312231e+02
4.3613434498e+02
4.3645792769e+02
4.3679253672e+02
4.3709654575e+02
4.3740639075e+02
4.3770422930e+02
4.3795611222e+02
4.3824107513e+02
4.3844939239e+02
4.3868523372e+02
4.3886045425e+02
4.3891099261e+02
4.3896128144e+02
4.3877189004e+02
4.3748539033e+02
