2.8461547842e+02
2.8523418368e+02
2.8399710179e+02
2.8585791398e+02
2.8337797277e+02
2.8648163199e+02
2.8275744358e+02
2.8710429366e+02
2.8213687550e+02
2.8772642585e+02
2.8151809988e+02
2.8834858843e+02
2.8089951710e+02
2.8897015181e+02
2.8028196235e+02
2.8959173984e+02
2.7966554370e+02
2.9021331273e+02
2.7904905199e+02
2.9083519633e+02
2.7843143106e+02
2.9145715035e+02
2.7781359310e+02
2.9208055353e+02
2.7719675330e+02
2.9270403280e+02
2.7658126024e+02
2.9332659156e+02
2.7596566219e+02
2.9394847472e+02
2.7535326930e+02
2.9457045949e+02
2.7474153217e+02
2.9519345971e+02
2.7413031144e+02
2.9581660123e+02
2.7351982514e+02
2.9643828143e+02
2.7290920936e+02
2.9705827452e+02
2.7229892162e+02
2.9767839366e+02
2.7168865764e+02
2.9829975015e+02
2.7107949945e+02
2.9892133093e+02
2.7047296937e+02
2.9954288621e+02
2.6986627654e+02
3.0016490852e+02
2.6926108094e+02
3.0078709154e+02
2.6865633648e+02
3.0140351920e+02
2.6805224348e+02
3.0201912067e+02
2.6744996968e+02
3.0263555228e+02
2.6684750069e+02
3.0325381415e+02
2.6624725133e+02
3.0387225749e+02
2.6564787615e+02
3.0449046584e+02
2.6504917638e+02
3.0510873104e+02
2.6445333127e+02
3.0572555143e+02
2.6385726376e+02
3.0633949068e+02
2.6326329015e+02
3.0695363945e+02
2.6267033070e+02
3.0756644345e+02
2.6207766759e+02
3.0817898540e+02
2.6148651460e+02
3.0879206396e+02
2.6089511043e+02
3.0940710316e+02
2.6030668285e+02
3.1002237833e+02
2.5972004195e+02
3.1063281022e+02
2.5913362947e+02
3.1124165462e+02
2.5854910678e+02
3.1185012448e+02
2.5796430355e+02
3.1245730545e+02
2.5738232803e+02
3.1306474671e+02
2.5680238224e+02
3.1367137038e+02
2.5622258557e+02
3.1427776556e+02
2.5564637506e+02
3.1488358027e+02
2.5506985602e+02
3.1548666835e+02
2.5449541430e+02
3.1609003766e+02
2.5392275009e+02
3.1669202890e+02
2.5335001235e+02
3.1729341426e+02
3.1789442803e+02
2.5278159226e+02
3.1849274731e+02
2.5221283803e+02
3.1909136729e+02
2.5164598615e+02
3.1968857741e+02
2.5108109857e+02
3.2028500364e+02
2.5051589824e+02
3.2088159231e+02
2.4995609688e+02
3.2147923265e+02
2.4939593614e+02
3.2207720441e+02
2.4883728257e+02
3.2266791007e+02
2.4828052645e+02
3.2325334617e+02
2.4772343424e+02
3.2383912627e+02
2.4717181301e+02
3.2442632966e+02
2.4662005127e+02
3.2501387410e+02
2.4607021012e+02
3.2559960699e+02
2.4552326327e+02
3.2618379101e+02
2.4497595562e+02
3.2676809732e+02
2.4443304257e+02
3.2734960724e+02
2.4389013274e+02
3.2793147306e+02
2.4334915542e+02
3.2851153879e+02
2.4281170945e+02
3.2908974575e+02
2.4227388453e+02
3.2966828848e+02
2.4174004657e+02
3.3024208500e+02
2.4120636722e+02
3.3081626064e+02
2.4067463886e+02
3.3138916849e+02
2.4014725946e+02
3.3196046711e+02
2.3961948712e+02
3.3253212433e+02
2.3909560716e+02
3.3310108618e+02
2.3857208272e+02
3.3367034551e+02
3.3423610602e+02
2.3804992448e+02
3.3479674566e+02
2.3753171323e+02
3.3535776615e+02
2.3701309462e+02
3.3591990063e+02
2.3650011986e+02
3.3648258415e+02
2.3598829411e+02
3.3704264809e+02
2.3547652637e+02
3.3759804756e+02
2.3496585310e+02
3.3815383617e+02
2.3445478261e+02
3.3870510341e+02
2.3395311537e+02
3.3925601141e+02
2.3345422687e+02
3.3980736934e+02
2.3295450301e+02
3.4035919451e+02
2.3245300652e+02
3.4091139190e+02
2.3195109572e+02
3.4145639187e+02
2.3145632296e+02
3.4200031892e+02
2.3096408194e+02
3.4254344326e+02
2.3047303948e+02
3.4308400386e+02
2.2998967002e+02
3.4362497392e+02
2.2950582728e+02
3.4416264067e+02
2.2902318620e+02
3.4469977089e+02
2.2854084949e+02
3.4523584974e+02
3.4576794737e+02
2.2805892697e+02
3.4630046448e+02
2.2758253385e+02
3.4682817744e+02
2.2710566269e+02
3.4735449979e+02
2.2663363939e+02
3.4788210155e+02
2.2616425055e+02
3.4841325489e+02
2.2569476934e+02
3.4894482442e+02
2.2522910451e+02
3.4946524023e+02
2.2476293902e+02
3.4998111233e+02
2.2430117411e+02
3.5049726120e+02
2.2384233036e+02
3.5101301355e+02
2.2338329291e+02
3.5152920018e+02
2.2293029929e+02
3.5204227710e+02
2.2247678425e+02
3.5255403608e+02
2.2202615913e+02
3.5306586029e+02
2.2157779902e+02
3.5357553425e+02
2.2112895628e+02
3.5408565243e+02
2.2068688668e+02
3.5459022774e+02
3.5509164913e+02
2.2024427438e+02
3.5559314344e+02
2.1980427434e+02
3.5609104634e+02
2.1936677033e+02
3.5658939951e+02
2.1892868833e+02
3.5708423177e+02
2.1849947153e+02
3.5757657579e+02
2.1806998520e+02
3.5806932806e+02
2.1764368249e+02
3.5856159925e+02
2.1722139323e+02
3.5905427807e+02
2.1679853674e+02
3.5954298605e+02
2.1637847179e+02
3.6002866338e+02
2.1595813731e+02
3.6051475854e+02
2.1554079197e+02
3.6099604237e+02
2.1512767993e+02
3.6147777852e+02
2.1471400574e+02
3.6195673705e+02
3.6243298024e+02
2.1430500674e+02
3.6290970159e+02
2.1389612028e+02
3.6338202711e+02
2.1348958294e+02
3.6385465934e+02
2.1308707447e+02
3.6432393428e+02
2.1268398307e+02
3.6478907917e+02
2.1228511485e+02
3.6525469244e+02
2.1188653358e+02
3.6572589492e+02
2.1149120644e+02
3.6619793826e+02
2.1110279904e+02
3.6666311979e+02
2.1071378760e+02
3.6711848987e+02
2.1033123832e+02
3.6757434476e+02
2.0994982272e+02
3.6802824076e+02
2.0956861027e+02
3.6848231424e+02
3.6893430691e+02
2.0918860721e+02
3.6938239654e+02
2.0880805733e+02
3.6983096812e+02
2.0843157936e+02
3.7027683622e+02
2.0805595983e+02
3.7072259824e+02
2.0768216531e+02
3.7116695791e+02
2.0731439463e+02
3.7160816312e+02
2.0694603793e+02
3.7204984727e+02
2.0658083818e+02
3.7248861953e+02
2.0621646189e+02
3.7292705949e+02
2.0585295100e+02
3.7336274525e+02
2.0549383115e+02
3.7379118236e+02
2.0513409545e+02
3.7422011281e+02
3.7464849687e+02
2.0478284721e+02
3.7507702487e+02
2.0443513801e+02
3.7550371109e+02
2.0408803071e+02
3.7592428259e+02
2.0374696536e+02
3.7634533737e+02
2.0340531858e+02
3.7676470697e+02
2.0306364665e+02
3.7718371593e+02
2.0272171136e+02
3.7760161803e+02
2.0238058161e+02
3.7801467598e+02
2.0204769698e+02
3.7842822167e+02
2.0171422022e+02
3.7883755374e+02
3.7924521394e+02
2.0138212560e+02
3.7965223798e+02
2.0105072554e+02
3.8005446144e+02
2.0071995192e+02
3.8045716471e+02
2.0040040227e+02
3.8085843499e+02
2.0008023343e+02
3.8125913076e+02
1.9976454852e+02
3.8165902161e+02
1.9945221093e+02
3.8205109842e+02
1.9913934814e+02
3.8244366430e+02
1.9882583419e+02
3.8283237293e+02
1.9851174979e+02
3.8321872566e+02
3.8360512384e+02
1.9820206062e+02
3.8398796312e+02
1.9789627571e+02
3.8437127677e+02
1.9758997581e+02
3.8475129089e+02
1.9729650762e+02
3.8512887113e+02
1.9700245305e+02
3.8550661061e+02
1.9670798492e+02
3.8587954111e+02
1.9641317491e+02
3.8625294611e+02
1.9611785569e+02
3.8662047241e+02
1.9583305803e+02
3.8698271653e+02
1.9554783987e+02
3.8734544217e+02
3.8770638438e+02
1.9526359499e+02
3.8806774149e+02
1.9498074191e+02
3.8842679151e+02
1.9469734500e+02
3.8878336778e+02
1.9442337243e+02
3.8914038547e+02
1.9414940361e+02
3.8949091883e+02
1.9387835335e+02
3.8984175798e+02
1.9361191931e+02
3.9018875588e+02
1.9334491229e+02
3.9053083664e+02
1.9308736850e+02
3.9087338706e+02
3.9120673058e+02
1.9283055388e+02
3.9153971724e+02
1.9257387870e+02
3.9187096994e+02
1.9231790875e+02
3.9219943706e+02
1.9206140183e+02
3.9252835203e+02
1.9181377509e+02
3.9285053969e+02
1.9156703114e+02
3.9317226346e+02
1.9132366089e+02
3.9349250255e+02
1.9108804089e+02
3.9380980626e+02
1.9085184509e+02
3.9412756778e+02
3.9443378876e+02
1.9062212280e+02
3.9473837164e+02
1.9039347478e+02
3.9503968837e+02
1.9016729947e+02
3.9533361870e+02
1.8994830995e+02
3.9562800648e+02
1.8972873452e+02
3.9591516579e+02
1.8951833564e+02
3.9620089341e+02
1.8931036846e+02
3.9648427832e+02
1.8910455318e+02
3.9676101910e+02
3.9703820861e+02
1.8890672967e+02
3.9730561658e+02
1.8870833234e+02
3.9757029824e+02
1.8851821369e+02
3.9783304435e+02
1.8833076950e+02
3.9808878798e+02
1.8814791750e+02
3.9834498257e+02
1.8798499800e+02
3.9858758137e+02
1.8782148958e+02
3.9882535272e+02
1.8766659105e+02
3.9905972637e+02
3.9927925846e+02
1.8751592631e+02
3.9949922343e+02
1.8736730348e+02
3.9970642979e+02
1.8723131620e+02
3.9990786996e+02
1.8709479457e+02
4.0010950828e+02
1.8697572866e+02
4.0031040679e+02
1.8686588561e+02
4.0051174185e+02
1.8675941884e+02
4.0067340494e+02
4.0081293298e+02
1.8668109423e+02
4.0095120621e+02
1.8660216943e+02
4.0107782235e+02
1.8655516451e+02
4.0120484879e+02
1.8652932271e+02
4.0130682669e+02
1.8650725655e+02
4.0139225238e+02
1.8653414299e+02
4.0147352713e+02
1.8656057452e+02
4.0150344540e+02
4.0153376487e+02
1.8663398495e+02
4.0150553672e+02
1.8674381693e+02
4.0143160612e+02
1.8686241535e+02
4.0134860244e+02
1.8720077912e+02
4.0104052108e+02
1.8753888741e+02
4.0073258598e+02
1.8816390923e+02
4.0009131736e+02
1.8906044035e+02
3.9913839857e+02
1.8995772162e+02
3.9818501209e+02
