4.3378896897e+02
4.3363395086e+02
4.3348412066e+02
4.3333946127e+02
4.3320138565e+02
4.3306913732e+02
4.3294589517e+02
4.3282765535e+02
4.3272039355e+02
4.3261395967e+02
4.3251700671e+02
4.3242876788e+02
4.3234512999e+02
4.3227216467e+02
4.3220205259e+02
4.3214049101e+02
4.3208897650e+02
4.3204258464e+02
4.3200467756e+02
4.3197297548e+02
4.3194745908e+02
4.3193489662e+02
4.3192715249e+02
4.3192408819e+02
4.3193389397e+02
4.3194974199e+02
4.3197133769e+02
4.3200364529e+02
4.3204425382e+02
4.3209084277e+02
4.3214825689e+02
4.3221221011e+02
4.3227895584e+02
4.3236333918e+02
4.3245206998e+02
4.3254442320e+02
4.3264909666e+02
4.3276114098e+02
4.3287940366e+02
4.3300931347e+02
4.3314447091e+02
4.3328481609e+02
4.3343847197e+02
4.3359783113e+02
4.3376332112e+02
4.3393905253e+02
4.3412085150e+02
4.3430809900e+02
4.3450450584e+02
4.3471035576e+02
4.3492108091e+02
4.3513779707e+02
4.3536028497e+02
4.3559425641e+02
4.3583060700e+02
4.3607463626e+02
4.3632448668e+02
4.3658119734e+02
4.3684091659e+02
4.3710866839e+02
4.3738262577e+02
4.3766073938e+02
4.3794234947e+02
4.3822918743e+02
4.3852437667e+02
4.3881949616e+02
4.3912096810e+02
4.3942335514e+02
4.3973519444e+02
4.4004449373e+02
4.4035849809e+02
4.4067813855e+02
4.4099458062e+02
4.4131706219e+02
4.4164540926e+02
4.4196749326e+02
4.4229891811e+02
4.4262233224e+02
4.4295108924e+02
4.4328454632e+02
4.4361006900e+02
4.4394758922e+02
4.4426460299e+02
4.4460724723e+02
4.4491885566e+02
4.4525292044e+02
4.4556435087e+02
4.4588753655e+02
4.4620637089e+02
4.4650217969e+02
4.4681557088e+02
4.4709323357e+02
4.4738630806e+02
4.4768039139e+02
4.4790214206e+02
4.4811644467e+02
4.4826643878e+02
4.4854833488e+02
4.4826926992e+02
4.4674147741e+02
