2.6361263591e+02
2.6286314462e+02
2.6436266454e+02
2.6211370541e+02
2.6511260145e+02
2.6137094628e+02
2.6587423655e+02
2.6063598436e+02
2.6664839288e+02
2.5990086169e+02
2.6742184240e+02
2.5915511452e+02
2.6814673286e+02
2.5840830960e+02
2.6887159488e+02
2.5765853073e+02
2.6962122701e+02
2.5690047778e+02
2.7039745017e+02
2.5614219251e+02
2.7117390108e+02
2.5541305727e+02
2.7191206970e+02
2.5468863215e+02
2.7264948901e+02
2.5395992093e+02
2.7339613759e+02
2.5322153011e+02
2.7415488299e+02
2.5248287660e+02
2.7491383489e+02
2.5175322876e+02
2.7566659537e+02
2.5102548729e+02
2.7641897245e+02
2.5029629891e+02
2.7718097798e+02
2.4956086557e+02
2.7795915486e+02
2.4882502137e+02
2.7873769791e+02
2.4810245399e+02
2.7947959472e+02
2.4738357678e+02
2.8021749379e+02
2.4667284112e+02
2.8096256145e+02
2.4598436459e+02
2.8172066979e+02
2.4529556885e+02
2.8247907978e+02
2.4457149943e+02
2.8322580484e+02
2.4383492647e+02
2.8397067994e+02
2.4310148859e+02
2.8472410762e+02
2.4237220936e+02
2.8549663147e+02
2.4164244444e+02
2.8626951225e+02
2.4094487693e+02
2.8701916722e+02
2.4026116559e+02
2.8776381372e+02
2.3957500257e+02
2.8850957600e+02
2.3887642488e+02
2.8925944739e+02
2.3817739702e+02
2.9000969500e+02
2.3747720015e+02
2.9076373077e+02
2.3677629170e+02
2.9151898866e+02
2.3607873508e+02
2.9227237284e+02
2.3539859642e+02
2.9302255562e+02
2.3471791551e+02
2.9377317208e+02
2.3403265826e+02
2.9452222668e+02
2.3334450960e+02
2.9527089312e+02
2.3265795253e+02
2.9601677249e+02
2.3198064842e+02
2.9675416954e+02
2.3130274806e+02
2.9749202641e+02
2.3062978203e+02
2.9823542143e+02
2.2996043618e+02
2.9898134876e+02
2.2929177528e+02
2.9972811435e+02
2.2862896460e+02
3.0048177520e+02
2.2796551953e+02
3.0123595560e+02
2.2730591563e+02
3.0197268517e+02
2.2664969949e+02
3.0270044588e+02
2.2599385483e+02
3.0342976874e+02
2.2534243321e+02
3.0417245978e+02
2.2469032251e+02
3.0491580002e+02
2.2404381784e+02
3.0564812253e+02
3.0637363540e+02
2.2340320997e+02
3.0709869614e+02
2.2276212948e+02
3.0782093057e+02
2.2211893354e+02
3.0854372253e+02
2.2147407514e+02
3.0927250752e+02
2.2084042270e+02
3.1000577648e+02
2.2022051933e+02
3.1073807238e+02
2.1960008216e+02
3.1145538993e+02
2.1897355255e+02
3.1217331768e+02
2.1834517727e+02
3.1289759484e+02
2.1772464349e+02
3.1362739007e+02
2.1711562759e+02
3.1435664814e+02
2.1650602901e+02
3.1503055088e+02
2.1590234302e+02
3.1570502605e+02
2.1529815763e+02
3.1641623197e+02
2.1469586080e+02
3.1716480381e+02
2.1409733062e+02
3.1791380991e+02
2.1349821530e+02
3.1862026083e+02
2.1288155350e+02
3.1932737933e+02
2.1225985398e+02
3.2002829533e+02
2.1165998691e+02
3.2072147770e+02
2.1110483716e+02
3.2141521676e+02
2.1054896969e+02
3.2209221390e+02
2.0997594290e+02
3.2276886071e+02
2.0939795958e+02
3.2346195255e+02
2.0882386775e+02
3.2417795431e+02
2.0826041044e+02
3.2489444877e+02
2.0769627613e+02
3.2558488947e+02
2.0714133813e+02
3.2627372642e+02
3.2696102526e+02
2.0658773844e+02
3.2764518587e+02
2.0603255020e+02
3.2832996869e+02
2.0547451659e+02
3.2901153393e+02
2.0491591114e+02
3.2969397275e+02
2.0438374848e+02
3.3037184374e+02
2.0385950124e+02
3.3103963577e+02
2.0332819822e+02
3.3170805386e+02
2.0277311311e+02
3.3237043824e+02
2.0221742828e+02
3.3303232588e+02
2.0169051303e+02
3.3369795284e+02
2.0117430969e+02
3.3437156309e+02
2.0065575736e+02
3.3504582081e+02
2.0012951800e+02
3.3570202217e+02
1.9960252804e+02
3.3635392318e+02
1.9909664715e+02
3.3700799327e+02
1.9860084211e+02
3.3766692947e+02
1.9810266509e+02
3.3832650817e+02
1.9759394319e+02
3.3897732868e+02
1.9708444032e+02
3.3962609251e+02
1.9659123085e+02
3.4027408173e+02
3.4091700768e+02
1.9610732610e+02
3.4156061358e+02
1.9562225872e+02
3.4219448894e+02
1.9513382928e+02
3.4282477894e+02
1.9464458123e+02
3.4345776443e+02
1.9417935868e+02
3.4410087055e+02
1.9373172233e+02
3.4474467643e+02
1.9328132072e+02
3.4537305903e+02
1.9279441858e+02
3.4599404031e+02
1.9230682572e+02
3.4661626502e+02
1.9184249945e+02
3.4724222696e+02
1.9139713549e+02
3.4786888376e+02
1.9095076074e+02
3.4848692572e+02
1.9049505138e+02
3.4910044104e+02
1.9003855550e+02
3.4971442378e+02
1.8959216646e+02
3.5032572675e+02
1.8915504038e+02
3.5093772583e+02
1.8871694710e+02
3.5154583267e+02
3.5215191921e+02
1.8828838054e+02
3.5275831656e+02
1.8785931447e+02
3.5335608427e+02
1.8743377856e+02
3.5395456055e+02
1.8701182290e+02
3.5455316300e+02
1.8658892094e+02
3.5515278858e+02
1.8617791193e+02
3.5575306312e+02
1.8576703657e+02
3.5633640752e+02
1.8535821149e+02
3.5692048435e+02
1.8495188881e+02
3.5750326745e+02
1.8454462657e+02
3.5808526530e+02
1.8415031826e+02
3.5866807564e+02
1.8375688782e+02
3.5924900659e+02
1.8336619184e+02
3.5983059208e+02
1.8298000683e+02
3.6040426243e+02
3.6096874692e+02
1.8259288206e+02
3.6153405349e+02
1.8221223203e+02
3.6210083194e+02
1.8183206223e+02
3.6266837690e+02
1.8145561088e+02
3.6323323682e+02
1.8108649137e+02
3.6379474347e+02
1.8071642271e+02
3.6435706089e+02
1.8034920270e+02
3.6490869953e+02
1.7998201877e+02
3.6545964597e+02
1.7962574663e+02
3.6601428704e+02
1.7929754232e+02
3.6657595718e+02
1.7896846305e+02
3.6713849762e+02
1.7861317846e+02
3.6767199613e+02
1.7824951348e+02
3.6820092369e+02
3.6873550852e+02
1.7789022755e+02
3.6928196209e+02
1.7754189611e+02
3.6982928139e+02
1.7719258869e+02
3.7035519240e+02
1.7686701677e+02
3.7087659379e+02
1.7654984505e+02
3.7139817515e+02
1.7623052961e+02
3.7191965667e+02
1.7590410380e+02
3.7244195817e+02
1.7557674484e+02
3.7296174498e+02
1.7526036426e+02
3.7348128769e+02
1.7494855696e+02
3.7399868627e+02
1.7463896459e+02
3.7450903092e+02
1.7434273880e+02
3.7502020649e+02
3.7552688039e+02
1.7404561323e+02
3.7603232911e+02
1.7374221361e+02
3.7653520975e+02
1.7343504789e+02
3.7702678530e+02
1.7312938748e+02
3.7751916786e+02
1.7283519663e+02
3.7801527958e+02
1.7254004645e+02
3.7851350097e+02
1.7225878759e+02
3.7900897071e+02
1.7198633199e+02
3.7948860721e+02
1.7171322859e+02
3.7996906499e+02
1.7143904188e+02
3.8044932956e+02
1.7116397371e+02
3.8092981540e+02
3.8140919625e+02
1.7089216266e+02
3.8187808484e+02
1.7062270081e+02
3.8234780311e+02
1.7035320378e+02
3.8281271944e+02
1.7008911994e+02
3.8327475452e+02
1.6982407602e+02
3.8373657031e+02
1.6956707649e+02
3.8419033590e+02
1.6931735430e+02
3.8464491079e+02
1.6906698176e+02
3.8509731190e+02
1.6883859902e+02
3.8554821004e+02
1.6860935732e+02
3.8599896449e+02
1.6837055579e+02
3.8643382768e+02
3.8686950888e+02
1.6812171996e+02
3.8730425798e+02
1.6787212251e+02
3.8773820289e+02
1.6764640257e+02
3.8817267493e+02
1.6742034826e+02
3.8859944525e+02
1.6719508935e+02
3.8902706870e+02
1.6697108245e+02
3.8944587841e+02
1.6674625509e+02
3.8985523953e+02
1.6653348454e+02
3.9026538659e+02
1.6632066044e+02
3.9066937059e+02
1.6611015217e+02
3.9107400742e+02
3.9147520732e+02
1.6590352505e+02
3.9187188722e+02
1.6569607237e+02
3.9226935055e+02
1.6550488442e+02
3.9265291079e+02
1.6531494552e+02
3.9303619697e+02
1.6512279592e+02
3.9341800336e+02
1.6492745818e+02
3.9379722165e+02
1.6473130218e+02
3.9417722820e+02
1.6454831802e+02
3.9453361934e+02
1.6436674920e+02
3.9488770119e+02
3.9524378791e+02
1.6419006528e+02
3.9560274894e+02
1.6402463140e+02
3.9596248168e+02
1.6385836172e+02
3.9630680336e+02
1.6369400371e+02
3.9664920240e+02
1.6352912389e+02
3.9698496494e+02
1.6336904392e+02
3.9730588930e+02
1.6322257347e+02
3.9762760564e+02
1.6307525171e+02
3.9794445642e+02
1.6293718619e+02
3.9826096381e+02
3.9857064184e+02
1.6280123560e+02
3.9886167847e+02
1.6266706758e+02
3.9915350830e+02
1.6254037334e+02
3.9943834815e+02
1.6241281498e+02
3.9972174090e+02
1.6230386409e+02
3.9999970279e+02
1.6220147442e+02
4.0025892284e+02
1.6209888942e+02
4.0051895009e+02
1.6199812387e+02
4.0076585599e+02
4.0100843289e+02
1.6189648286e+02
4.0124620893e+02
1.6181442917e+02
4.0146249826e+02
1.6174079291e+02
4.0167959422e+02
1.6167045254e+02
4.0188063291e+02
1.6162108419e+02
4.0207477625e+02
1.6157080335e+02
4.0226470152e+02
1.6153951496e+02
4.0242924662e+02
1.6151818394e+02
4.0259462326e+02
4.0273630714e+02
1.6150114220e+02
4.0286534196e+02
1.6152121612e+02
4.0298954315e+02
1.6154037604e+02
4.0307325506e+02
1.6158501354e+02
4.0315781275e+02
1.6164598827e+02
4.0321011951e+02
1.6171175435e+02
4.0324151020e+02
1.6184196994e+02
4.0326786061e+02
1.6197120466e+02
4.0322777770e+02
4.0318859024e+02
1.6217445086e+02
4.0306442649e+02
1.6243597133e+02
4.0287352799e+02
1.6269846419e+02
4.0268365827e+02
1.6300455815e+02
4.0249924066e+02
1.6330943254e+02
4.0231603006e+02
1.6429059550e+02
4.0124293633e+02
1.6591247386e+02
3.9933345126e+02
3.9742288329e+02
1.6753561623e+02
