4.6258477248e-06 1.7425811508e-05
2.4362231421e-01 -6.6003337391e-04
4.8111727093e-01 -2.5797622177e-03
7.1246702709e-01 -5.7349187414e-03
9.3767481117e-01 -1.0037282571e-02
1.1567575276e+00 -1.5468637893e-02
1.3696827427e+00 -2.1947466654e-02
1.5764510128e+00 -2.9437697254e-02
1.7770921947e+00 -3.7884144888e-02
1.9716302916e+00 -4.7215092236e-02
2.1600657734e+00 -5.7418782487e-02
2.3424065922e+00 -6.8407278049e-02
2.5186948580e+00 -8.0149789173e-02
2.6889513387e+00 -9.2599378702e-02
2.8532232733e+00 -1.0569026066e-01
3.0115132793e+00 -1.1940184461e-01
3.1638650355e+00 -1.3365672087e-01
3.3103168696e+00 -1.4843755453e-01
3.4509232707e+00 -1.6367267060e-01
3.5856970819e+00 -1.7934119525e-01
3.7146846228e+00 -1.9538451058e-01
3.8379268330e+00 -2.1175840938e-01
3.9554603711e+00 -2.2843863932e-01
4.0673628208e+00 -2.4535123740e-01
4.1736293818e+00 -2.6249383889e-01
4.2743231532e+00 -2.7979859280e-01
4.3694801895e+00 -2.9723028113e-01
4.4591562480e+00 -3.1476863827e-01
4.5434116292e+00 -3.3234498764e-01
4.6222245356e+00 -3.4995323813e-01
4.6957087169e+00 -3.6753394778e-01
4.7638788010e+00 -3.8505076684e-01
4.8267746331e+00 -4.0249366087e-01
4.8844622445e+00 -4.1979381382e-01
4.9369439541e+00 -4.3694006397e-01
4.9842993470e+00 -4.5388946376e-01
5.0265427523e+00 -4.7059607727e-01
5.0637257485e+00 -4.8705323017e-01
5.0959064181e+00 -5.0320351154e-01
5.1230869578e+00 -5.1903010412e-01
5.1453431364e+00 -5.3448605157e-01
5.1626936991e+00 -5.4955558458e-01
5.1751961619e+00 -5.6419104900e-01
5.1828668911e+00 -5.7837605107e-01
5.1857793444e+00 -5.9206720719e-01
5.1839309789e+00 -6.0524628670e-01
5.1773783478e+00 -6.1785943913e-01
5.1661631125e+00 -6.2989963543e-01
5.1503229162e+00 -6.4133570086e-01
5.1298990743e+00 -6.5212540396e-01
5.1049094184e+00 -6.6225215288e-01
5.0754185252e+00 -6.7166474186e-01
5.0414428979e+00 -6.8036029481e-01
5.0030467415e+00 -6.8829514054e-01
4.9602547432e+00 -6.9545009312e-01
4.9131163135e+00 -7.0178571041e-01
4.8616545485e+00 -7.0728361999e-01
4.8059339519e+00 -7.1190645533e-01
4.7459912867e+00 -7.1563663795e-01
4.6818782212e+00 -7.1845339361e-01
4.6136289974e+00 -7.2031850080e-01
4.5412898286e+00 -7.2120393788e-01
4.4649445471e+00 -7.2108347649e-01
4.3846149067e+00 -7.1995593073e-01
4.3003755521e+00 -7.1777091439e-01
4.2122761161e+00 -7.1452595390e-01
4.1203852737e+00 -7.1018884941e-01
4.0247827107e+00 -7.0474164650e-01
3.9255087711e+00 -6.9816329777e-01
3.8226511927e+00 -6.9042032378e-01
3.7163051667e+00 -6.8151490829e-01
3.6065506434e+00 -6.7144211860e-01
3.4934812905e+00 -6.6016611971e-01
3.3771594880e+00 -6.4767239316e-01
3.2577601943e+00 -6.3394974025e-01
3.1353241004e+00 -6.1901468387e-01
3.0100623611e+00 -6.0287015731e-01
2.8820057284e+00 -5.8547871470e-01
2.7513919263e+00 -5.6683859104e-01
2.6182972992e+00 -5.4697720283e-01
2.4829568485e+00 -5.2590572949e-01
2.3455205800e+00 -5.0363386479e-01
2.2062232382e+00 -4.8021397197e-01
2.0652326286e+00 -4.5563123523e-01
1.9229223795e+00 -4.2991293254e-01
1.7793857900e+00 -4.0309952750e-01
1.6350825291e+00 -3.7528450574e-01
1.4903229275e+00 -3.4653889172e-01
1.3454118510e+00 -3.1695184114e-01
1.2009955603e+00 -2.8658413975e-01
1.0572594486e+00 -2.5545621712e-01
9.1527555393e-01 -2.2390593344e-01
7.7524507126e-01 -1.9199786546e-01
6.3861008206e-01 -1.6025094407e-01
5.0586181297e-01 -1.2846042019e-01
3.7920241838e-01 -9.7240563403e-02
2.5995657038e-01 -6.7293296565e-02
1.5195647755e-01 -3.8892570893e-02
6.0269456938e-02 -1.5179179053e-02
-1.9224652704e-04 1.7847718408e-05
