3.0176752570e+02
3.0176191788e+02
3.0175631005e+02
3.0175129482e+02
3.0174376249e+02
3.0173619844e+02
3.0172773138e+02
3.0171986895e+02
3.0171134271e+02
3.0170034685e+02
3.0169130024e+02
3.0167881885e+02
3.0166655641e+02
3.0165351444e+02
3.0163753973e+02
3.0162313537e+02
3.0160520503e+02
3.0158727469e+02
3.0156736971e+02
3.0154676184e+02
3.0152395687e+02
3.0149966153e+02
3.0147375721e+02
3.0144596306e+02
3.0141705974e+02
3.0138564638e+02
3.0135336537e+02
3.0131786941e+02
3.0128233828e+02
3.0124283735e+02
3.0120276195e+02
3.0115944311e+02
3.0111558672e+02
3.0106827400e+02
3.0102001683e+02
3.0096943701e+02
3.0091627727e+02
3.0086128045e+02
3.0080483856e+02
3.0074639751e+02
3.0068571171e+02
3.0062404146e+02
3.0055880253e+02
3.0049342462e+02
3.0042644135e+02
3.0035802273e+02
3.0028729715e+02
3.0021364771e+02
3.0014100744e+02
3.0006324401e+02
2.9998833883e+02
2.9991211441e+02
2.9983359041e+02
2.9975540206e+02
2.9967411136e+02
2.9959243813e+02
2.9951254497e+02
2.9943152675e+02
2.9935153217e+02
2.9926977449e+02
2.9919014318e+02
2.9910997363e+02
2.9903036914e+02
2.9895063860e+02
2.9886905821e+02
2.9879279082e+02
2.9871883827e+02
2.9865095676e+02
2.9857781003e+02
2.9850213171e+02
2.9843812477e+02
2.9836954893e+02
2.9830961664e+02
2.9825100178e+02
2.9819245162e+02
2.9813738156e+02
2.9808197095e+02
2.9803443702e+02
2.9799069063e+02
2.9794683024e+02
2.9790736360e+02
2.9787402895e+02
2.9784580371e+02
2.9782456629e+02
2.9780195930e+02
2.9778645813e+02
2.9777341475e+02
2.9776429625e+02
2.9776359708e+02
2.9776302962e+02
2.9776681126e+02
2.9777619501e+02
2.9778783343e+02
2.9780375897e+02
2.9782124313e+02
2.9784371938e+02
2.9786769666e+02
2.9788936888e+02
2.9791690630e+02
2.9794977213e+02
