-2.3419430176e-06 5.4478254243e-08
2.9880163739e-01 -2.7909084921e-04
5.9127227212e-01 -1.1106243235e-03
8.7738706303e-01 -2.4648288457e-03
1.1571288390e+00 -4.3251357098e-03
1.4304869606e+00 -6.6683937973e-03
1.6974428287e+00 -9.4703659432e-03
1.9579892218e+00 -1.2716181915e-02
2.2121164798e+00 -1.6378769352e-02
2.4598183032e+00 -2.0441043507e-02
2.7010894130e+00 -2.4883094510e-02
2.9359244960e+00 -2.9682036084e-02
3.1643270305e+00 -3.4822037930e-02
3.3862875463e+00 -4.0278810266e-02
3.6018087110e+00 -4.6037413431e-02
3.8108872109e+00 -5.2077592199e-02
4.0135333839e+00 -5.8378858071e-02
4.2097599821e+00 -6.4927829925e-02
4.3995503559e+00 -7.1700896835e-02
4.5829193403e+00 -7.8684356010e-02
4.7598754305e+00 -8.5861194398e-02
4.9304077524e+00 -9.3211591215e-02
5.0945502222e+00 -1.0072200282e-01
5.2523052718e+00 -1.0837589185e-01
5.4036525352e+00 -1.1615729192e-01
5.5486176993e+00 -1.2404670698e-01
5.6872171725e+00 -1.3203150625e-01
5.8194479177e+00 -1.4009637515e-01
5.9453359314e+00 -1.4822501782e-01
6.0648610842e+00 -1.5640632731e-01
6.1780539942e+00 -1.6462040252e-01
6.2849245540e+00 -1.7285525606e-01
6.3854884284e+00 -1.8110240553e-01
6.4797296181e+00 -1.8933821924e-01
6.5676762210e+00 -1.9755394566e-01
6.6493453478e+00 -2.0573848450e-01
6.7247283921e+00 -2.1387234740e-01
6.7938446531e+00 -2.2194548227e-01
6.8567138312e+00 -2.2994580257e-01
6.9133429135e+00 -2.3785773789e-01
6.9637287315e+00 -2.4567042959e-01
7.0078961841e+00 -2.5336885909e-01
7.0458419908e+00 -2.6094006293e-01
7.0776093001e+00 -2.6837399178e-01
7.1031628228e+00 -2.7565321976e-01
7.1225742714e+00 -2.8276752389e-01
7.1358077173e+00 -2.8970318714e-01
7.1428773920e+00 -2.9644876594e-01
7.1438177237e+00 -3.0299241535e-01
7.1386299882e+00 -3.0931614125e-01
7.1273226869e+00 -3.1540689343e-01
7.1099283391e+00 -3.2125306562e-01
7.0864439613e+00 -3.2684290805e-01
7.0568934119e+00 -3.3216483249e-01
7.0212622465e+00 -3.3719880797e-01
6.9796325175e+00 -3.4193286359e-01
6.9319538513e+00 -3.4635445940e-01
6.8782661592e+00 -3.5045020867e-01
6.8186032982e+00 -3.5420623114e-01
6.7529623964e+00 -3.5760178500e-01
6.6813807707e+00 -3.6062712285e-01
6.6038709524e+00 -3.6326528751e-01
6.5204373755e+00 -3.6549600659e-01
6.4311264834e+00 -3.6730964870e-01
6.3359823769e+00 -3.6868849573e-01
6.2349929419e+00 -3.6961275807e-01
6.1282065310e+00 -3.7006671112e-01
6.0156530945e+00 -3.7003103921e-01
5.8973548512e+00 -3.6948657217e-01
5.7733650234e+00 -3.6842024518e-01
5.6437207811e+00 -3.6680895003e-01
5.5084395222e+00 -3.6462800378e-01
5.3676017261e+00 -3.6186826785e-01
5.2212335948e+00 -3.5850245996e-01
5.0694022661e+00 -3.5450912730e-01
4.9121631690e+00 -3.4986935098e-01
4.7495878109e+00 -3.4456243483e-01
4.5817338805e+00 -3.3856342801e-01
4.4086867028e+00 -3.3184416840e-01
4.2305506051e+00 -3.2439449132e-01
4.0473982841e+00 -3.1617709032e-01
3.8593465394e+00 -3.0717717515e-01
3.6665327562e+00 -2.9736884939e-01
3.4690783902e+00 -2.8672561630e-01
3.2671361936e+00 -2.7522534635e-01
3.0608770645e+00 -2.6284527351e-01
2.8505219685e+00 -2.4957081820e-01
2.6362902977e+00 -2.3535772048e-01
2.4184465343e+00 -2.2022187128e-01
2.1973099315e+00 -2.0411725161e-01
1.9732623255e+00 -1.8705642037e-01
1.7467457980e+00 -1.6900610190e-01
1.5183210100e+00 -1.5001170625e-01
1.2886879624e+00 -1.3005123793e-01
1.0587661010e+00 -1.0919263778e-01
8.2981050472e-01 -8.7501998314e-02
6.0364546651e-01 -6.5130746804e-02
3.8325875711e-01 -4.2385964240e-02
1.7442179714e-01 -1.9170899806e-02
-5.1284903828e-06 -1.3614180472e-07
