3.0770125339e+02
3.0770495244e+02
3.0770865150e+02
3.0771153119e+02
3.0771297734e+02
3.0770771516e+02
3.0770819700e+02
3.0770201551e+02
3.0769462724e+02
3.0768683705e+02
3.0767692434e+02
3.0766691267e+02
3.0764950210e+02
3.0763315904e+02
3.0761552881e+02
3.0759354092e+02
3.0756987391e+02
3.0753951756e+02
3.0751280722e+02
3.0747902127e+02
3.0744325901e+02
3.0740322851e+02
3.0736003490e+02
3.0731642688e+02
3.0726339330e+02
3.0721035973e+02
3.0715288000e+02
3.0709407813e+02
3.0702827387e+02
3.0695941851e+02
3.0688705354e+02
3.0680963113e+02
3.0673051323e+02
3.0664332884e+02
3.0655621142e+02
3.0646087234e+02
3.0636575386e+02
3.0626258699e+02
3.0615740853e+02
3.0604613620e+02
3.0593376734e+02
3.0581803485e+02
3.0569684923e+02
3.0557310069e+02
3.0544682859e+02
3.0531448506e+02
3.0517820366e+02
3.0504088493e+02
3.0489950740e+02
3.0475610886e+02
3.0461020855e+02
3.0445939140e+02
3.0430877320e+02
3.0415739318e+02
3.0400312224e+02
3.0384551188e+02
3.0368784278e+02
3.0353007278e+02
3.0337035752e+02
3.0320958632e+02
3.0304785643e+02
3.0289056750e+02
3.0273360969e+02
3.0257185690e+02
3.0241472099e+02
3.0225878124e+02
3.0210605973e+02
3.0195386318e+02
3.0180286078e+02
3.0165631590e+02
3.0151298894e+02
3.0137287401e+02
3.0123568126e+02
3.0110091044e+02
3.0097336089e+02
3.0084697010e+02
3.0072983005e+02
3.0061833296e+02
3.0050896917e+02
3.0040778091e+02
3.0031787904e+02
3.0022420678e+02
3.0012923848e+02
3.0005726648e+02
2.9999493851e+02
2.9992708277e+02
2.9986941120e+02
2.9981558528e+02
2.9977267985e+02
2.9973529376e+02
2.9970274866e+02
2.9967332777e+02
2.9965140768e+02
2.9963698231e+02
2.9961930724e+02
2.9960865368e+02
2.9960220744e+02
2.9956765741e+02
2.9957780905e+02
2.9959274586e+02
