-3.0603649523e-08 1.6873094968e-11
3.9935741289e-02 1.5702793649e-08
7.9055395424e-02 1.3819629672e-08
1.1735941672e-01 3.2745855256e-08
1.5484683515e-01 5.0979374429e-08
1.9151857924e-01 9.1313233617e-08
2.2737450709e-01 1.4557178134e-07
2.6241403138e-01 1.7921210253e-07
2.9663836674e-01 2.1847358385e-07
3.3004564752e-01 2.6821354888e-07
3.6263910844e-01 3.2096793395e-07
3.9441574385e-01 3.4141386565e-07
4.2537734538e-01 3.2751739115e-07
4.5552364958e-01 3.4169941539e-07
4.8485420458e-01 3.6116573928e-07
5.1336885596e-01 4.0309968100e-07
5.4106870670e-01 4.9115919099e-07
5.6795367035e-01 5.9562726508e-07
5.9402235536e-01 6.4132786426e-07
6.1927538508e-01 6.0480224090e-07
6.4371586738e-01 5.9281647032e-07
6.6733899044e-01 7.1887007148e-07
6.9014646432e-01 9.3628137591e-07
7.1214023713e-01 1.0498494883e-06
7.3331798403e-01 1.0404383980e-06
7.5368071039e-01 1.0095710459e-06
7.7322964298e-01 1.0935257724e-06
7.9196434103e-01 1.3039809816e-06
8.0988295999e-01 1.4130627791e-06
8.2698668868e-01 1.4313871737e-06
8.4327664620e-01 1.5214299884e-06
8.5875086666e-01 1.5861180397e-06
8.7340917942e-01 1.3821734196e-06
8.8725418517e-01 1.1448435560e-06
9.0028572276e-01 9.5401349421e-07
9.1250260899e-01 7.7037726322e-07
9.2390395760e-01 6.5316637560e-07
9.3449063651e-01 5.7961947037e-07
9.4426390888e-01 5.3868667494e-07
9.5322188310e-01 4.8568123224e-07
9.6136666730e-01 4.0177886006e-07
9.6869685103e-01 3.5155018485e-07
9.7521039310e-01 3.9768217050e-07
9.8091224383e-01 4.1934524040e-07
9.8579858903e-01 3.2617880258e-07
9.8986778234e-01 1.2781692515e-07
9.9312351178e-01 -5.3585061199e-08
9.9556816653e-01 -1.9125472831e-07
9.9719740810e-01 -3.3155606509e-07
9.9801266230e-01 -3.9114348585e-07
9.9801254004e-01 -4.2310609213e-07
9.9719798832e-01 -4.8319570762e-07
9.9557017630e-01 -4.9802013678e-07
9.9312726406e-01 -5.1852440156e-07
9.8986955418e-01 -6.4294313362e-07
9.8579793446e-01 -8.3740503640e-07
9.8091303035e-01 -9.1879616652e-07
9.7521015980e-01 -8.1449853747e-07
9.6869385734e-01 -6.4562379856e-07
9.6136430194e-01 -6.0242637396e-07
9.5322081034e-01 -6.6437176032e-07
9.4426426722e-01 -7.9612898000e-07
9.3449113013e-01 -8.4720400312e-07
9.2390348254e-01 -8.3044826540e-07
9.1250197344e-01 -7.9224850674e-07
9.0028522430e-01 -7.1130703872e-07
8.8725396558e-01 -6.1696734065e-07
8.7340875883e-01 -4.8801282664e-07
8.5874929076e-01 -3.2663975111e-07
8.4327430335e-01 -2.8871057258e-07
8.2698387446e-01 -3.0389864992e-07
8.0988058636e-01 -3.1351835833e-07
7.9196169915e-01 -3.0837201666e-07
7.7322601283e-01 -2.3232039935e-07
7.5367930000e-01 -1.5292150608e-07
7.3331502094e-01 -1.5769780937e-07
7.1213679855e-01 -1.1454371587e-07
6.9014415476e-01 -1.9346033347e-08
6.6733508115e-01 1.6081858186e-07
6.4371218010e-01 2.6044063750e-07
6.1927348272e-01 2.4231648548e-07
5.9401978351e-01 1.9215781414e-07
5.6795101912e-01 9.1706544389e-08
5.4106503547e-01 7.2558491485e-08
5.1336574060e-01 9.0008808338e-08
4.8485166855e-01 8.8534256518e-08
4.5552202572e-01 1.6637554997e-07
4.2537553102e-01 2.0911128424e-07
3.9441483730e-01 2.0886943849e-07
3.6263690876e-01 2.0754085627e-07
3.3004448697e-01 1.5214505518e-07
2.9663686487e-01 8.9052959982e-08
2.6241302275e-01 4.0839418279e-08
2.2737330649e-01 2.8668042217e-08
1.9151735559e-01 6.3806037172e-08
1.5484591742e-01 1.3217388141e-07
1.1735852160e-01 1.9023216364e-07
7.9055265048e-02 2.6048619271e-07
3.9935628674e-02 2.0136801876e-07
-4.4289563307e-07 -1.7539213164e-11
