4.5337740816e-06 1.1710213243e-07
3.1032924198e-01 -2.1683596607e-05
6.1376266358e-01 -8.6787319415e-05
9.1035365408e-01 -1.9887383780e-04
1.2001662992e+00 -3.6376134024e-04
1.4832292028e+00 -5.8135016436e-04
1.7595937103e+00 -8.5672776837e-04
2.0293003250e+00 -1.1908396717e-03
2.2923999237e+00 -1.5894369757e-03
2.5489337172e+00 -2.0563488473e-03
2.7989330790e+00 -2.5910906342e-03
3.0424499980e+00 -3.1967745683e-03
3.2795138184e+00 -3.8786061254e-03
3.5101834107e+00 -4.6285551330e-03
3.7344638190e+00 -5.4545677405e-03
3.9523962291e+00 -6.3538082807e-03
4.1640041994e+00 -7.3311254631e-03
4.3693322881e+00 -8.3882562301e-03
4.5684229118e+00 -9.5268666589e-03
4.7613010251e+00 -1.0742951810e-02
4.9479911737e+00 -1.2039234798e-02
5.1285328360e+00 -1.3410300207e-02
5.3029573252e+00 -1.4857987062e-02
5.4712609594e+00 -1.6379202437e-02
5.6334882159e+00 -1.7973567750e-02
5.7896587877e+00 -1.9637911997e-02
5.9397805635e+00 -2.1373430286e-02
6.0838993074e+00 -2.3178089006e-02
6.2220135927e+00 -2.5046243360e-02
6.3541563616e+00 -2.6971814376e-02
6.4803415357e+00 -2.8955459902e-02
6.6005743216e+00 -3.0994223361e-02
6.7148724054e+00 -3.3085240168e-02
6.8232422582e+00 -3.5218406258e-02
6.9257056438e+00 -3.7395897797e-02
7.0222832704e+00 -3.9609018529e-02
7.1129466291e+00 -4.1853653108e-02
7.1977485484e+00 -4.4123549290e-02
7.2766534731e+00 -4.6413705059e-02
7.3496914048e+00 -4.8718905910e-02
7.4168437053e+00 -5.1034817508e-02
7.4781142675e+00 -5.3356764030e-02
7.5335114094e+00 -5.5680236003e-02
7.5830253428e+00 -5.7996395372e-02
7.6266545068e+00 -6.0299088168e-02
7.6643787116e+00 -6.2581702275e-02
7.6962160465e+00 -6.4834357191e-02
7.7221275280e+00 -6.7054395256e-02
7.7421199438e+00 -6.9234000688e-02
7.7561692550e+00 -7.1372012913e-02
7.7642673587e+00 -7.3453025860e-02
7.7663668518e+00 -7.5474722014e-02
7.7624945087e+00 -7.7429317373e-02
7.7526163785e+00 -7.9310970041e-02
7.7366941965e+00 -8.1114030467e-02
7.7146975365e+00 -8.2829356097e-02
7.6866317322e+00 -8.4452273839e-02
7.6524273830e+00 -8.5970885991e-02
7.6120875366e+00 -8.7386086842e-02
7.5655505642e+00 -8.8688509722e-02
7.5128029575e+00 -8.9875489112e-02
7.4538076299e+00 -9.0931858089e-02
7.3885106249e+00 -9.1860639159e-02
7.3168902311e+00 -9.2650462340e-02
7.2388931141e+00 -9.3293969667e-02
7.1544799881e+00 -9.3794447464e-02
7.0635970706e+00 -9.4143259989e-02
6.9661956000e+00 -9.4329365412e-02
6.8622279466e+00 -9.4348163550e-02
6.7516664875e+00 -9.4206504128e-02
6.6344149108e+00 -9.3889816745e-02
6.5104317930e+00 -9.3396801968e-02
6.3796770465e+00 -9.2721925154e-02
6.2420706216e+00 -9.1867678139e-02
6.0975575546e+00 -9.0824042269e-02
5.9460899642e+00 -8.9593930558e-02
5.7875775890e+00 -8.8172895332e-02
5.6219586101e+00 -8.6560949928e-02
5.4491826969e+00 -8.4756079508e-02
5.2692164394e+00 -8.2740047024e-02
5.0818927109e+00 -8.0506476030e-02
4.8871463676e+00 -7.8079314194e-02
4.6849242926e+00 -7.5458391177e-02
4.4751660026e+00 -7.2633141420e-02
4.2577677883e+00 -6.9608660513e-02
4.0326368203e+00 -6.6379209645e-02
3.7997064535e+00 -6.2948646643e-02
3.5588637833e+00 -5.9311535252e-02
3.3100592228e+00 -5.5466382935e-02
3.0531926437e+00 -5.1420163705e-02
2.7881452232e+00 -4.7191603563e-02
2.5147891135e+00 -4.2763028079e-02
2.2330547107e+00 -3.8136757789e-02
1.9428360527e+00 -3.3311466133e-02
1.6440297127e+00 -2.8287453835e-02
1.3365251509e+00 -2.3074339120e-02
1.0201960146e+00 -1.7667502980e-02
6.9492544774e-01 -1.2068846226e-02
3.6058953402e-01 -6.2782731620e-03
1.7395617449e-02 -3.0359514041e-04
