3.4808077110e+01
3.4854126113e+01
3.4900175117e+01
3.4946224120e+01
3.4992273124e+01
3.5030881996e+01
3.5066839334e+01
3.5102796672e+01
3.5138742045e+01
3.5171472154e+01
3.5200249068e+01
3.5230945824e+01
3.5261642579e+01
3.5288833771e+01
3.5310119913e+01
3.5331406056e+01
3.5353102907e+01
3.5373451476e+01
3.5387632270e+01
3.5401813063e+01
3.5417433885e+01
3.5431927911e+01
3.5438813331e+01
3.5445503343e+01
3.5453843982e+01
3.5462223728e+01
3.5466185287e+01
3.5466961563e+01
3.5467737838e+01
3.5468514114e+01
3.5465533446e+01
3.5461392357e+01
3.5454801218e+01
3.5448210079e+01
3.5438128771e+01
3.5427522075e+01
3.5416720182e+01
3.5402440531e+01
3.5385044328e+01
3.5367592096e+01
3.5350139864e+01
3.5331842736e+01
3.5309362805e+01
3.5286882874e+01
3.5264402943e+01
3.5241313402e+01
3.5215950201e+01
3.5186772436e+01
3.5157594671e+01
3.5127990656e+01
3.5098234399e+01
3.5065195079e+01
3.5028956406e+01
3.4993416651e+01
3.4957876896e+01
3.4922337141e+01
3.4881849965e+01
3.4841202647e+01
3.4801720931e+01
3.4762239215e+01
3.4725122100e+01
3.4679795969e+01
3.4634469839e+01
3.4590459995e+01
3.4548799736e+01
3.4507139478e+01
3.4459963781e+01
3.4407175915e+01
3.4361631628e+01
3.4318310018e+01
3.4274988409e+01
3.4226139747e+01
3.4179467159e+01
3.4136488258e+01
3.4093509356e+01
3.4046520825e+01
3.4003486282e+01
3.3960855297e+01
3.3919042360e+01
3.3888417177e+01
3.3846288328e+01
3.3804159479e+01
3.3776739076e+01
3.3757870727e+01
3.3727943233e+01
3.3695690845e+01
3.3690811963e+01
3.3685933081e+01
3.3678992820e+01
3.3684608667e+01
3.3704614655e+01
3.3720469009e+01
3.3745217788e+01
3.3805743688e+01
3.3854601330e+01
3.3903458972e+01
3.4049092112e+01
3.4240697752e+01
3.4432303393e+01
3.4623909034e+01
