1.4662054223e+01
1.4666408340e+01
1.4670762458e+01
1.4675116576e+01
1.4679470693e+01
1.4683235602e+01
1.4686665052e+01
1.4690094502e+01
1.4693523952e+01
1.4696740845e+01
1.4699573156e+01
1.4702405466e+01
1.4705237777e+01
1.4707914604e+01
1.4710047702e+01
1.4712165370e+01
1.4714251621e+01
1.4716123722e+01
1.4717538155e+01
1.4718952588e+01
1.4720367021e+01
1.4721466169e+01
1.4722335423e+01
1.4723268368e+01
1.4724201314e+01
1.4724712543e+01
1.4724927096e+01
1.4725216356e+01
1.4725505616e+01
1.4725226071e+01
1.4724776777e+01
1.4724327482e+01
1.4723938302e+01
1.4722930214e+01
1.4722009404e+01
1.4721155210e+01
1.4719954285e+01
1.4718417105e+01
1.4717007654e+01
1.4715598203e+01
1.4713530324e+01
1.4711336563e+01
1.4709292262e+01
1.4707216779e+01
1.4704490872e+01
1.4701764965e+01
1.4699039059e+01
1.4696116684e+01
1.4692975178e+01
1.4689833673e+01
1.4686692168e+01
1.4682731455e+01
1.4679182238e+01
1.4675633021e+01
1.4671467129e+01
1.4666981333e+01
1.4662851232e+01
1.4658744975e+01
1.4653938523e+01
1.4649132071e+01
1.4644325624e+01
1.4639166538e+01
1.4634138784e+01
1.4629111030e+01
1.4623579743e+01
1.4617375315e+01
1.4612195105e+01
1.4607025498e+01
1.4600725712e+01
1.4594425926e+01
1.4588566656e+01
1.4582787462e+01
1.4576619149e+01
1.4570338293e+01
1.4563453903e+01
1.4557469929e+01
1.4551501495e+01
1.4545179965e+01
1.4537908170e+01
1.4532684460e+01
1.4527031032e+01
1.4520168580e+01
1.4515131165e+01
1.4510568268e+01
1.4505516559e+01
1.4500482535e+01
1.4498881728e+01
1.4497271197e+01
1.4495449361e+01
1.4493357850e+01
1.4497513996e+01
1.4501670141e+01
1.4505398715e+01
1.4516345544e+01
1.4533695826e+01
1.4549520047e+01
1.4587746516e+01
1.4632145331e+01
1.4676544146e+01
1.4720942961e+01
