4.0508356531e+01
4.0497770057e+01
4.0487183583e+01
4.0476597108e+01
4.0466010634e+01
4.0456916922e+01
4.0448480984e+01
4.0440045047e+01
4.0431624465e+01
4.0423916986e+01
4.0417574763e+01
4.0410675484e+01
4.0403683620e+01
4.0396691756e+01
4.0391371104e+01
4.0386457474e+01
4.0381522336e+01
4.0376587198e+01
4.0372795159e+01
4.0369874216e+01
4.0366953274e+01
4.0363985212e+01
4.0361623200e+01
4.0359843114e+01
4.0358063027e+01
4.0356282941e+01
4.0355900297e+01
4.0356272518e+01
4.0356644739e+01
4.0356810020e+01
4.0358184619e+01
4.0359424431e+01
4.0360664243e+01
4.0362778603e+01
4.0366027709e+01
4.0369177259e+01
4.0371710667e+01
4.0376027121e+01
4.0380156278e+01
4.0384172628e+01
4.0389635941e+01
4.0395451018e+01
4.0400470471e+01
4.0405852702e+01
4.0412783785e+01
4.0419714868e+01
4.0426636026e+01
4.0433876014e+01
4.0442598688e+01
4.0450476269e+01
4.0458353850e+01
4.0467242196e+01
4.0477195542e+01
4.0485961300e+01
4.0495155129e+01
4.0505374426e+01
4.0515593723e+01
4.0526119741e+01
4.0537790955e+01
4.0548466742e+01
4.0559142529e+01
4.0570597696e+01
4.0582382027e+01
4.0594179896e+01
4.0607226918e+01
4.0619205987e+01
4.0631185056e+01
4.0643293067e+01
4.0656244184e+01
4.0669195301e+01
4.0681847062e+01
4.0693695786e+01
4.0706449640e+01
4.0719203494e+01
4.0732192324e+01
4.0745416868e+01
4.0757988210e+01
4.0768472741e+01
4.0778245325e+01
4.0789682366e+01
4.0802169920e+01
4.0813787791e+01
4.0824117820e+01
4.0831955892e+01
4.0838093418e+01
4.0842315270e+01
4.0847036790e+01
4.0855026069e+01
4.0856827891e+01
4.0854349375e+01
4.0851870859e+01
4.0842381800e+01
4.0828460092e+01
4.0814538383e+01
4.0797486956e+01
4.0747098460e+01
4.0680925691e+01
4.0614752923e+01
4.0548580154e+01
4.0482407386e+01
