3.7190721988e+02
3.7186431237e+02
3.7182159610e+02
3.7177922366e+02
3.7173914408e+02
3.7170063620e+02
3.7166501495e+02
3.7163067998e+02
3.7159803119e+02
3.7156803729e+02
3.7153859970e+02
3.7151281262e+02
3.7148829617e+02
3.7146505816e+02
3.7144558526e+02
3.7142685924e+02
3.7141077482e+02
3.7139675277e+02
3.7138335281e+02
3.7137435778e+02
3.7136640173e+02
3.7136049204e+02
3.7135663410e+02
3.7135572206e+02
3.7135681159e+02
3.7135958212e+02
3.7136644216e+02
3.7137410744e+02
3.7138349713e+02
3.7139658487e+02
3.7141135766e+02
3.7142846673e+02
3.7144764496e+02
3.7146945180e+02
3.7149432391e+02
3.7152063224e+02
3.7154964922e+02
3.7158154920e+02
3.7161518255e+02
3.7165145561e+02
3.7169041915e+02
3.7173118005e+02
3.7177534742e+02
3.7182127348e+02
3.7186923249e+02
3.7192110966e+02
3.7197462486e+02
3.7202817648e+02
3.7208711583e+02
3.7214862264e+02
3.7221204638e+02
3.7227688576e+02
3.7234372108e+02
3.7241306015e+02
3.7248779500e+02
3.7256170906e+02
3.7263685188e+02
3.7271624312e+02
3.7279779391e+02
3.7288099546e+02
3.7296695730e+02
3.7305571514e+02
3.7314462994e+02
3.7323628140e+02
3.7333107656e+02
3.7342721439e+02
3.7352525125e+02
3.7362624017e+02
3.7372899924e+02
3.7383171254e+02
3.7393818852e+02
3.7404648476e+02
3.7415485939e+02
3.7426697173e+02
3.7437978062e+02
3.7449443752e+02
3.7461019814e+02
3.7473039522e+02
3.7484817060e+02
3.7496861816e+02
3.7509396088e+02
3.7521492313e+02
3.7534145109e+02
3.7546823685e+02
3.7559853587e+02
3.7572527275e+02
3.7586102965e+02
3.7599279048e+02
3.7612589793e+02
3.7626339247e+02
3.7639694453e+02
3.7654132646e+02
3.7667220179e+02
3.7683004583e+02
3.7695320379e+02
3.7711091866e+02
3.7723524401e+02
3.7743754969e+02
3.7741550957e+02
3.7700253548e+02
