1.6761768409e-06 -6.5864771133e-09
2.9136435674e-01 -6.0499546779e-07
5.7565727956e-01 -4.7490154617e-07
8.5290898952e-01 7.9011081510e-08
1.1232141496e+00 3.9229344470e-07
1.3865926851e+00 2.6661128207e-07
1.6431395085e+00 3.7625321213e-07
1.8928840952e+00 4.0690817672e-07
2.1359105477e+00 4.4621713472e-07
2.3722448575e+00 6.9366104961e-07
2.6019713461e+00 8.2974775142e-07
2.8251418089e+00 6.7908939589e-07
3.0417919107e+00 5.4650617499e-07
3.2520087111e+00 1.0703695266e-06
3.4558047635e+00 2.0338370371e-06
3.6532852741e+00 2.5326393760e-06
3.8444687747e+00 1.9026953306e-06
4.0293978905e+00 4.3848485671e-07
4.2081566468e+00 -8.4952618201e-08
4.3807515053e+00 7.0269768015e-07
4.5472921792e+00 1.6401502739e-06
4.7077951131e+00 1.5030340724e-06
4.8622763391e+00 1.6938070192e-07
5.0108352586e+00 -4.6006931532e-07
5.1534782752e+00 -2.2401813940e-07
5.2902673446e+00 2.1903036639e-07
5.4212510977e+00 -2.3283932918e-07
5.5464349861e+00 -1.6274039720e-06
5.6659006484e+00 -2.0381633376e-06
5.7796595742e+00 -1.5383925476e-06
5.8877453699e+00 -6.5101876542e-07
5.9902263077e+00 -4.1468003045e-07
6.0871024865e+00 -6.1379607912e-07
6.1784190872e+00 -7.6590787002e-07
6.2642030009e+00 -6.3018923682e-07
6.3444740161e+00 -3.1253605042e-07
6.4192838149e+00 -1.3581994049e-07
6.4886356080e+00 -3.9189472225e-07
6.5525626102e+00 -8.4180063634e-07
6.6110862725e+00 -1.3345657112e-06
6.6642143746e+00 -2.1674349571e-06
6.7119871900e+00 -2.6124636593e-06
6.7544054756e+00 -2.4178961158e-06
6.7914850576e+00 -1.6553604464e-06
6.8232480293e+00 -1.5291736381e-06
6.8496974121e+00 -1.6019421893e-06
6.8708475364e+00 -1.9552983768e-06
6.8866981489e+00 -2.5314909315e-06
6.8972690323e+00 -2.8205009654e-06
6.9025443899e+00 -2.5739979525e-06
6.9025384387e+00 -1.6501258152e-06
6.8972640108e+00 -1.3795057782e-06
6.8866910486e+00 -2.0931917491e-06
6.8708350479e+00 -2.9865197931e-06
6.8496814294e+00 -3.0521656533e-06
6.8232261369e+00 -2.0911356343e-06
6.7914587968e+00 -1.5297192319e-06
6.7543695983e+00 -1.9817263215e-06
6.7119548662e+00 -2.9138992617e-06
6.6641748042e+00 -2.9379994638e-06
6.6110306742e+00 -2.0550652741e-06
6.5525266230e+00 -1.3341586841e-06
6.4885937000e+00 -1.0751552102e-06
6.4192378036e+00 -1.2019901556e-06
6.3444259976e+00 -1.3173482131e-06
6.2641459077e+00 -1.3511163634e-06
6.1783689447e+00 -1.4879425359e-06
6.0870458594e+00 -1.6680267949e-06
5.9901765340e+00 -1.7804398361e-06
5.8876974502e+00 -1.5032108713e-06
5.7795869848e+00 -6.3795195252e-07
5.6658435743e+00 1.1427376514e-07
5.5463792775e+00 5.0398074989e-07
5.4211908414e+00 1.1157629249e-06
5.2902248413e+00 1.1251478387e-06
5.1534307001e+00 1.4717474991e-07
5.0107978181e+00 -8.3179464493e-07
4.8622409064e+00 -1.1768785600e-06
4.7077457760e+00 -3.2437899977e-07
4.5472548030e+00 4.1568176797e-07
4.3807190775e+00 5.2194794615e-08
4.2081222237e+00 -8.1847320204e-07
4.0293645447e+00 -7.8888675812e-07
3.8444208050e+00 1.0778862410e-07
3.6532518698e+00 9.5367698991e-07
3.4557742122e+00 1.1083406185e-06
3.2519763236e+00 2.3834434316e-07
3.0417568346e+00 -2.1676430310e-07
2.8251097850e+00 -3.9520249662e-08
2.6019564673e+00 5.6023145965e-08
2.3722197562e+00 3.9042990954e-07
2.1358907279e+00 6.5391203411e-07
1.8928689690e+00 7.0020630088e-07
1.6431122388e+00 4.3935102293e-07
1.3865939792e+00 -7.7630705244e-08
1.1231938027e+00 -1.3309593238e-07
8.5290181296e-01 8.8859187358e-08
5.7565701754e-01 5.3282763485e-07
2.9135455583e-01 5.1610916350e-07
-7.3755664145e-06 -7.7819469784e-09
