-1.6643091076e-06 -1.5505657397e-06
3.0274585031e-01 4.8449378785e-04
5.9908898918e-01 1.9148104942e-03
8.8900555381e-01 4.2562437239e-03
1.1724952108e+00 7.4741030379e-03
1.4495434301e+00 1.1539662279e-02
1.7201272177e+00 1.6418563227e-02
1.9842415137e+00 2.2076526915e-02
2.2418759270e+00 2.8486412993e-02
2.4930006141e+00 3.5613028908e-02
2.7376136077e+00 4.3429084206e-02
2.9756923970e+00 5.1903473827e-02
3.2072236152e+00 6.1004612144e-02
3.4321957194e+00 7.0704788432e-02
3.6505822614e+00 8.0972081431e-02
3.8623832780e+00 9.1779680593e-02
4.0675663558e+00 1.0309591991e-01
4.2661246566e+00 1.1489107744e-01
4.4580533209e+00 1.2713719779e-01
4.6433147485e+00 1.3980443677e-01
4.8219161400e+00 1.5286539812e-01
4.9938392094e+00 1.6628944149e-01
5.1590597138e+00 1.8004632953e-01
5.3175812010e+00 1.9411209535e-01
5.4693933123e+00 2.0845282692e-01
5.6144685787e+00 2.2303945783e-01
5.7528152352e+00 2.3784652624e-01
5.8844119642e+00 2.5284240545e-01
6.0092721111e+00 2.6799890585e-01
6.1273596534e+00 2.8328566588e-01
6.2386900166e+00 2.9867295756e-01
6.3432649458e+00 3.1413471666e-01
6.4410696451e+00 3.2964152057e-01
6.5320899589e+00 3.4515562564e-01
6.6163593602e+00 3.6065578824e-01
6.6938640002e+00 3.7611321971e-01
6.7645999613e+00 3.9149193735e-01
6.8285780453e+00 4.0676573735e-01
6.8858011466e+00 4.2190603231e-01
6.9362905090e+00 4.3687613713e-01
6.9800583724e+00 4.5165144203e-01
7.0170993156e+00 4.6620204248e-01
7.0474406333e+00 4.8049046176e-01
7.0711123499e+00 4.9449446024e-01
7.0881049782e+00 5.0818081753e-01
7.0984275759e+00 5.2151148717e-01
7.1021497964e+00 5.3446202109e-01
7.0992561781e+00 5.4699973165e-01
7.0898038318e+00 5.5909641723e-01
7.0738165894e+00 5.7071527212e-01
7.0512967092e+00 5.8182590995e-01
7.0223125477e+00 5.9239788300e-01
6.9868936823e+00 6.0240122601e-01
6.9450837830e+00 6.1180030940e-01
6.8969255199e+00 6.2056256793e-01
6.8424433198e+00 6.2865789626e-01
6.7817251999e+00 6.3605681457e-01
6.7147916986e+00 6.4272290216e-01
6.6417122819e+00 6.4862559067e-01
6.5625526945e+00 6.5373386065e-01
6.4773633455e+00 6.5801526679e-01
6.3862159801e+00 6.6144073983e-01
6.2891716654e+00 6.6397402946e-01
6.1863065152e+00 6.6558873153e-01
6.0777036934e+00 6.6625465226e-01
5.9634487400e+00 6.6593654823e-01
5.8436349710e+00 6.6460951974e-01
5.7183333117e+00 6.6224507184e-01
5.5876520005e+00 6.5881159860e-01
5.4516798789e+00 6.5427836602e-01
5.3105302282e+00 6.4862850832e-01
5.1643232837e+00 6.4183043165e-01
5.0131754612e+00 6.3386060052e-01
4.8571990608e+00 6.2469094341e-01
4.6965491361e+00 6.1431418183e-01
4.5313619306e+00 6.0269673991e-01
4.3617575004e+00 5.8982573590e-01
4.1879180103e+00 5.7568706289e-01
4.0100327714e+00 5.6027091718e-01
3.8282397761e+00 5.4355330237e-01
3.6427567185e+00 5.2554143291e-01
3.4538013820e+00 5.0623529149e-01
3.2615907496e+00 4.8562349167e-01
3.0663782470e+00 4.6370767481e-01
2.8684288835e+00 4.4052670996e-01
2.6680318221e+00 4.1607848606e-01
2.4655237136e+00 3.9038891474e-01
2.2612869352e+00 3.6349365008e-01
2.0557383913e+00 3.3546391354e-01
1.8493574799e+00 3.0631296256e-01
1.6426866987e+00 2.7616013525e-01
1.4363869257e+00 2.4509600207e-01
1.2312811853e+00 2.1322805317e-01
1.0283879690e+00 1.8073891314e-01
8.2882564118e-01 1.4787157177e-01
6.3439109602e-01 1.1489563732e-01
4.4742990035e-01 8.2287777382e-02
2.7175469399e-01 5.0884338659e-02
1.1435986911e-01 2.0856841812e-02
-3.5990917936e-05 -6.3683063847e-06
