2.8468094386e+02
2.8468118853e+02
2.8468150033e+02
2.8468921583e+02
2.8471326575e+02
2.8472540129e+02
2.8474381344e+02
2.8478835871e+02
2.8483290397e+02
2.8488381334e+02
2.8494382929e+02
2.8500539410e+02
2.8509096952e+02
2.8517597120e+02
2.8526054555e+02
2.8536330405e+02
2.8546835869e+02
2.8559903233e+02
2.8572663091e+02
2.8919185825e+02
2.8915006645e+02
2.8910827464e+02
2.8906648284e+02
2.8902222654e+02
2.8897559381e+02
2.8893729621e+02
2.8890210752e+02
2.8886691883e+02
2.8882453543e+02
2.8878158588e+02
2.8874564422e+02
2.8870970256e+02
2.8867314518e+02
2.8863064352e+02
2.8858887336e+02
2.8854782886e+02
2.8850980055e+02
2.8847177225e+02
2.8843203196e+02
2.8838968129e+02
2.8834733061e+02
2.8830497994e+02
2.8826019621e+02
2.8821401003e+02
2.8816782385e+02
2.8812163767e+02
2.8807339952e+02
2.8802256597e+02
2.8797173242e+02
2.8792093850e+02
2.8786699968e+02
2.8781019241e+02
2.8775348450e+02
2.8769677660e+02
2.8763799175e+02
2.8757795805e+02
2.8751523115e+02
2.8745230288e+02
2.8738524404e+02
2.8731680054e+02
2.8724835705e+02
2.8718033137e+02
2.8710920347e+02
2.8703644889e+02
2.8696369432e+02
2.8689025457e+02
2.8681408336e+02
2.8673791215e+02
2.8666066383e+02
2.8657912001e+02
2.8649850168e+02
2.8641997615e+02
2.8634145061e+02
2.8626664614e+02
2.8618678515e+02
2.8610440835e+02
2.8602203155e+02
2.8594602792e+02
2.8586890208e+02
2.8578704680e+02
2.8570625656e+02
2.8563025571e+02
2.8555425486e+02
2.8547825401e+02
2.8540810963e+02
2.8533816737e+02
2.8526822511e+02
2.8520085951e+02
2.8514400389e+02
2.8508714828e+02
2.8502273605e+02
2.8496576783e+02
2.8491675799e+02
2.8487108517e+02
2.8483110605e+02
2.8480129864e+02
2.8476592844e+02
2.8473978347e+02
2.8471910051e+02
2.8469767299e+02
