6.8644788695e+02
6.8674381060e+02
6.8644882441e+02
6.8674459908e+02
6.8644990991e+02
6.8674523778e+02
6.8645114236e+02
6.8674572605e+02
6.8645252052e+02
6.8674606342e+02
6.8645404300e+02
6.8674624952e+02
6.8645570826e+02
6.8674628419e+02
6.8645751464e+02
6.8674616738e+02
6.8645946030e+02
6.8674589922e+02
6.8646154330e+02
6.8674547996e+02
6.8646376153e+02
6.8674491004e+02
6.8646611276e+02
6.8674419003e+02
6.8646859462e+02
6.8674332065e+02
6.8647120462e+02
6.8674230278e+02
6.8647394012e+02
6.8674113744e+02
6.8647679838e+02
6.8673982581e+02
6.8647977651e+02
6.8673836921e+02
6.8648287151e+02
6.8673676910e+02
6.8648608028e+02
6.8673502710e+02
6.8648939957e+02
6.8673314495e+02
6.8649282604e+02
6.8673112456e+02
6.8649635625e+02
6.8672896796e+02
6.8649998664e+02
6.8672667732e+02
6.8650371356e+02
6.8672425494e+02
6.8650753325e+02
6.8672170327e+02
6.8651144187e+02
6.8671902488e+02
6.8651543547e+02
6.8671622246e+02
6.8651951005e+02
6.8671329883e+02
6.8652366149e+02
6.8671025694e+02
6.8652788562e+02
6.8670709985e+02
6.8653217818e+02
6.8670383074e+02
6.8653653485e+02
6.8670045290e+02
6.8654095125e+02
6.8669696973e+02
6.8654542292e+02
6.8669338475e+02
6.8654994537e+02
6.8668970155e+02
6.8655451404e+02
6.8668592385e+02
6.8655912433e+02
6.8668205546e+02
6.8656377160e+02
6.8667810026e+02
6.8656845116e+02
6.8667406224e+02
6.8657315832e+02
6.8666994546e+02
6.8657788832e+02
6.8666575408e+02
6.8658263640e+02
6.8666149231e+02
6.8658739779e+02
6.8665716444e+02
6.8659216769e+02
6.8665277483e+02
6.8659694130e+02
6.8664832790e+02
6.8660171380e+02
6.8664382813e+02
6.8660648040e+02
6.8663928005e+02
6.8661123630e+02
6.8663468824e+02
6.8661597670e+02
6.8663005731e+02
6.8662069683e+02
6.8662539195e+02
