3.6750885779e+02
3.6750892335e+02
3.6750898891e+02
3.6750903615e+02
3.6750894029e+02
3.6750888817e+02
3.6750900739e+02
3.6750911669e+02
3.6750902159e+02
3.6750890317e+02
3.6750890455e+02
3.6750900522e+02
3.6750909839e+02
3.6750912046e+02
3.6750912629e+02
3.6750890310e+02
3.6750847634e+02
3.6750813335e+02
3.6750853145e+02
3.6750896523e+02
3.6750916500e+02
3.6750894886e+02
3.6750863431e+02
3.6750876174e+02
3.6750896741e+02
3.6750905375e+02
3.6750876744e+02
3.6750849347e+02
3.6750855408e+02
3.6750878312e+02
3.6750901216e+02
3.6750923884e+02
3.6750946551e+02
3.6750961865e+02
3.6750949764e+02
3.6750937664e+02
3.6750906980e+02
3.6750871718e+02
3.6750851164e+02
3.6750883567e+02
3.6750915971e+02
3.6750867590e+02
3.6750808508e+02
3.6750807029e+02
3.6750870104e+02
3.6750930348e+02
3.6750895530e+02
3.6750846956e+02
3.6750818685e+02
3.6750855362e+02
3.6750903924e+02
3.6750896765e+02
3.6750879752e+02
3.6750877574e+02
3.6750881627e+02
3.6750910885e+02
3.6750894322e+02
3.6750849655e+02
3.6750836829e+02
3.6750848153e+02
3.6750881447e+02
3.6750879819e+02
3.6750843172e+02
3.6750820750e+02
3.6750850835e+02
3.6750888441e+02
3.6750898156e+02
3.6750864682e+02
3.6750842017e+02
3.6750849945e+02
3.6750886153e+02
3.6750912495e+02
3.6750881468e+02
3.6750863203e+02
3.6750852412e+02
3.6750853923e+02
3.6750864750e+02
3.6750854254e+02
3.6750869106e+02
3.6750883519e+02
3.6750900963e+02
3.6750928610e+02
3.6750903913e+02
3.6750878291e+02
3.6750878684e+02
3.6750909415e+02
3.6750919315e+02
3.6750909125e+02
3.6750888153e+02
3.6750872919e+02
3.6750873126e+02
3.6750881737e+02
3.6750892548e+02
3.6750902977e+02
3.6750910018e+02
3.6750904840e+02
3.6750891432e+02
3.6750888852e+02
3.6750896236e+02
3.6750903619e+02
