3.8400933402e+02
3.8400940423e+02
3.8400947445e+02
3.8400952439e+02
3.8400942244e+02
3.8400936687e+02
3.8400949298e+02
3.8400960862e+02
3.8400950815e+02
3.8400938315e+02
3.8400938448e+02
3.8400949053e+02
3.8400958884e+02
3.8400961246e+02
3.8400961892e+02
3.8400938327e+02
3.8400893241e+02
3.8400856997e+02
3.8400899101e+02
3.8400944952e+02
3.8400966052e+02
3.8400943157e+02
3.8400909845e+02
3.8400923304e+02
3.8400945056e+02
3.8400954194e+02
3.8400923943e+02
3.8400894995e+02
3.8400901428e+02
3.8400925635e+02
3.8400949842e+02
3.8400973888e+02
3.8400997933e+02
3.8401014142e+02
3.8401001294e+02
3.8400988447e+02
3.8400956057e+02
3.8400918851e+02
3.8400897174e+02
3.8400931348e+02
3.8400965522e+02
3.8400914361e+02
3.8400851895e+02
3.8400850348e+02
3.8400917116e+02
3.8400980851e+02
3.8400943984e+02
3.8400892531e+02
3.8400862539e+02
3.8400901358e+02
3.8400952747e+02
3.8400945131e+02
3.8400927078e+02
3.8400924732e+02
3.8400929063e+02
3.8400960102e+02
3.8400942575e+02
3.8400895260e+02
3.8400881677e+02
3.8400893730e+02
3.8400929019e+02
3.8400927289e+02
3.8400888439e+02
3.8400864644e+02
3.8400896546e+02
3.8400936413e+02
3.8400946750e+02
3.8400911357e+02
3.8400887349e+02
3.8400895736e+02
3.8400934017e+02
3.8400961846e+02
3.8400928953e+02
3.8400909571e+02
3.8400898206e+02
3.8400899887e+02
3.8400911395e+02
3.8400900281e+02
3.8400915915e+02
3.8400931105e+02
3.8400949526e+02
3.8400978753e+02
3.8400952620e+02
3.8400925551e+02
3.8400925985e+02
3.8400958485e+02
3.8400968996e+02
3.8400958229e+02
3.8400936066e+02
3.8400919962e+02
3.8400920167e+02
3.8400929261e+02
3.8400940663e+02
3.8400951682e+02
3.8400959120e+02
3.8400953626e+02
3.8400939506e+02
3.8400936757e+02
3.8400944470e+02
3.8400952182e+02
