2.5500809364e+02
2.5500823979e+02
2.5500837869e+02
2.5500840947e+02
2.5500831113e+02
2.5500826748e+02
2.5500829663e+02
2.5500828802e+02
2.5500829252e+02
2.5500828846e+02
2.5500826325e+02
2.5500824935e+02
2.5500827331e+02
2.5500835785e+02
2.5500838600e+02
2.5500813771e+02
2.5500791681e+02
2.5500792702e+02
2.5500819340e+02
2.5500845979e+02
2.5500825465e+02
2.5500803537e+02
2.5500798246e+02
2.5500814412e+02
2.5500830579e+02
2.5500818437e+02
2.5500801295e+02
2.5500793368e+02
2.5500811490e+02
2.5500829612e+02
2.5500829728e+02
2.5500820123e+02
2.5500816117e+02
2.5500818587e+02
2.5500824277e+02
2.5500825347e+02
2.5500821584e+02
2.5500818636e+02
2.5500817159e+02
2.5500812289e+02
2.5500812634e+02
2.5500820057e+02
2.5500828536e+02
2.5500828554e+02
2.5500825849e+02
2.5500821269e+02
2.5500814703e+02
2.5500807773e+02
2.5500820972e+02
2.5500834775e+02
2.5500834193e+02
2.5500812519e+02
2.5500791904e+02
2.5500804328e+02
2.5500823006e+02
2.5500833481e+02
2.5500819329e+02
2.5500805177e+02
2.5500812372e+02
2.5500828621e+02
2.5500841356e+02
2.5500832655e+02
2.5500823953e+02
2.5500818862e+02
2.5500816192e+02
2.5500813416e+02
2.5500807562e+02
2.5500801709e+02
2.5500806122e+02
2.5500821461e+02
2.5500836800e+02
2.5500831577e+02
2.5500819493e+02
2.5500806144e+02
2.5500795850e+02
2.5500796047e+02
2.5500804113e+02
2.5500816353e+02
2.5500828536e+02
2.5500828505e+02
2.5500818175e+02
2.5500824447e+02
2.5500840923e+02
2.5500837899e+02
2.5500840911e+02
2.5500829660e+02
2.5500820898e+02
2.5500829548e+02
2.5500823709e+02
2.5500826032e+02
2.5500823913e+02
2.5500819421e+02
2.5500815171e+02
2.5500810497e+02
2.5500815902e+02
2.5500822077e+02
2.5500827689e+02
2.5500817601e+02
2.5500804954e+02
2.5500792306e+02
