1.7760072643e+02
1.7775376970e+02
1.7790681297e+02
1.7805891081e+02
1.7820204030e+02
1.7834516980e+02
1.7847465200e+02
1.7859978502e+02
1.7872037255e+02
1.7882999401e+02
1.7894230330e+02
1.7904660476e+02
1.7914610573e+02
1.7924269258e+02
1.7932812086e+02
1.7941280783e+02
1.7948788449e+02
1.7955768853e+02
1.7963060145e+02
1.7969000342e+02
1.7975002630e+02
1.7980263636e+02
1.7984850458e+02
1.7989568179e+02
1.7992933291e+02
1.7996298403e+02
1.7999178249e+02
1.8001660886e+02
1.8004019707e+02
1.8005044685e+02
1.8006550818e+02
1.8007065075e+02
1.8006964920e+02
1.8007039614e+02
1.8005985883e+02
1.8005116106e+02
1.8003228347e+02
1.8001485201e+02
1.7999518463e+02
1.7996055876e+02
1.7993125469e+02
1.7989359648e+02
1.7985059672e+02
1.7980530224e+02
1.7975530837e+02
1.7970531450e+02
1.7963916281e+02
1.7958072407e+02
1.7951636855e+02
1.7944102463e+02
1.7937098535e+02
1.7928970823e+02
1.7920681897e+02
1.7911178436e+02
1.7902371944e+02
1.7893122035e+02
1.7882161430e+02
1.7872243782e+02
1.7861174662e+02
1.7849656371e+02
1.7837815517e+02
1.7825498849e+02
1.7813182181e+02
1.7798542386e+02
1.7785813941e+02
1.7771755441e+02
1.7756480604e+02
1.7742367445e+02
1.7726751122e+02
1.7710373749e+02
1.7693536818e+02
1.7677080113e+02
1.7660385987e+02
1.7642579136e+02
1.7623215442e+02
1.7605487317e+02
1.7587040663e+02
1.7565942078e+02
1.7548418536e+02
1.7527902597e+02
1.7507190846e+02
1.7487924332e+02
1.7467166659e+02
1.7445169727e+02
1.7423613067e+02
1.7404569884e+02
1.7380724420e+02
1.7360877038e+02
1.7342201951e+02
1.7320661190e+02
1.7303435566e+02
1.7286485230e+02
1.7267082167e+02
1.7250576841e+02
1.7244245888e+02
1.7217321525e+02
1.7213017877e+02
1.7239593047e+02
1.7295612031e+02
1.7351631016e+02
