-1.6435620900e-06 -1.6738437428e-06
2.9043442359e-01 1.0210827145e-03
5.7521873328e-01 4.0446031731e-03
8.5423705187e-01 8.9883609856e-03
1.1274352646e+00 1.5798709976e-02
1.3947192964e+00 2.4383702625e-02
1.6560177294e+00 3.4702684017e-02
1.9112245982e+00 4.6658320326e-02
2.1602806387e+00 6.0201210495e-02
2.4030758486e+00 7.5249240232e-02
2.6395596745e+00 9.1741098923e-02
2.8696258520e+00 1.0960754654e-01
3.0931904930e+00 1.2876860474e-01
3.3101949411e+00 1.4916817120e-01
3.5205332796e+00 1.7072740509e-01
3.7241571665e+00 1.9337742247e-01
3.9209742548e+00 2.1705574314e-01
4.1109129804e+00 2.4167502819e-01
4.2939108511e+00 2.6717617304e-01
4.4698910757e+00 2.9348446662e-01
4.6387909427e+00 3.2052422815e-01
4.8005628327e+00 3.4823599690e-01
4.9551388900e+00 3.7652854794e-01
5.1024698343e+00 4.0534430075e-01
5.2424983157e+00 4.3460476584e-01
5.3751792699e+00 4.6423008864e-01
5.5004947525e+00 4.9416336795e-01
5.6183821272e+00 5.2431389737e-01
5.7288207767e+00 5.5461815206e-01
5.8317838847e+00 5.8500113837e-01
5.9272432957e+00 6.1538172041e-01
6.0151916884e+00 6.4569928447e-01
6.0956254327e+00 6.7586941890e-01
6.1685100134e+00 7.0581788910e-01
6.2338917643e+00 7.3548548339e-01
6.2917313690e+00 7.6478453214e-01
6.3420640240e+00 7.9364833864e-01
6.3849125275e+00 8.2200659332e-01
6.4202816971e+00 8.4978048864e-01
6.4482379486e+00 8.7690563012e-01
6.4687982262e+00 9.0331802345e-01
6.4820060164e+00 9.2893071580e-01
6.4879147058e+00 9.5368210928e-01
6.4866112808e+00 9.7751317616e-01
6.4781131311e+00 1.0003427325e+00
6.4625173051e+00 1.0221124857e+00
6.4399159515e+00 1.0427619355e+00
6.4103765893e+00 1.0622155487e+00
6.3739873493e+00 1.0804141713e+00
6.3308544988e+00 1.0973064708e+00
6.2811174388e+00 1.1128319789e+00
6.2248472334e+00 1.1269218257e+00
6.1621705161e+00 1.1395278856e+00
6.0932258550e+00 1.1505973898e+00
6.0181496124e+00 1.1600757195e+00
5.9370882226e+00 1.1679251159e+00
5.8501666672e+00 1.1740848750e+00
5.7575583300e+00 1.1785134299e+00
5.6594385344e+00 1.1811802853e+00
5.5559352383e+00 1.1820366073e+00
5.4472587437e+00 1.1810510326e+00
5.3335916889e+00 1.1781912682e+00
5.2150923746e+00 1.1734275670e+00
5.0919585896e+00 1.1667376198e+00
4.9644248012e+00 1.1581021797e+00
4.8326633873e+00 1.1475062976e+00
4.6968924010e+00 1.1349294726e+00
4.5573601491e+00 1.1203706877e+00
4.4142551368e+00 1.1038193874e+00
4.2678180183e+00 1.0852869725e+00
4.1182898279e+00 1.0647790684e+00
3.9659323248e+00 1.0423076349e+00
3.8109834127e+00 1.0178906674e+00
3.6536849243e+00 9.9155418532e-01
3.4943176013e+00 9.6333089191e-01
3.3331628110e+00 9.3326124888e-01
3.1704981195e+00 9.0139847472e-01
3.0065845478e+00 8.6778209518e-01
2.8417415357e+00 8.3248634156e-01
2.6763160374e+00 7.9558030757e-01
2.5105682261e+00 7.5715377016e-01
2.3448677944e+00 7.1729655450e-01
2.1795775501e+00 6.7612705410e-01
2.0150500815e+00 6.3374924634e-01
1.8516553391e+00 5.9028955565e-01
1.6898282517e+00 5.4590985913e-01
1.5300443855e+00 5.0079023060e-01
1.3727559656e+00 4.5512225666e-01
1.2184729120e+00 4.0909398512e-01
1.0677711110e+00 3.6295422492e-01
9.2135957054e-01 3.1698983437e-01
7.7990640879e-01 2.7151104950e-01
6.4425255488e-01 2.2689968120e-01
5.1544325635e-01 1.8360963648e-01
3.9472095913e-01 1.4219498593e-01
2.8358523624e-01 1.0328227926e-01
1.8404913163e-01 6.7712918702e-02
9.9112183282e-02 3.6773190191e-02
3.3758290273e-02 1.2452044165e-02
-1.7550845527e-05 -4.1548351816e-06
