-3.5173146434e-07 1.9443985051e-07
2.7174186968e-01 -7.0910411199e-04
5.3740702084e-01 -2.8016068047e-03
7.9692360966e-01 -6.2086534986e-03
1.0502458182e+00 -1.0887064230e-02
1.2973413032e+00 -1.6770734922e-02
1.5381612210e+00 -2.3803088940e-02
1.7726752530e+00 -3.1931087280e-02
2.0008709105e+00 -4.1097455480e-02
2.2226978322e+00 -5.1242478821e-02
2.4381673976e+00 -6.2319012836e-02
2.6472517798e+00 -7.4266721467e-02
2.8499443892e+00 -8.7036973117e-02
3.0462464214e+00 -1.0057691631e-01
3.2361464628e+00 -1.1482717010e-01
3.4196365618e+00 -1.2975167145e-01
3.5967435283e+00 -1.4528972089e-01
3.7674512199e+00 -1.6139424189e-01
3.9317824657e+00 -1.7801898029e-01
4.0897404746e+00 -1.9511326869e-01
4.2413350691e+00 -2.1263283718e-01
4.3865918679e+00 -2.3053328414e-01
4.5255105079e+00 -2.4876689812e-01
4.6581287941e+00 -2.6728788637e-01
4.7844399356e+00 -2.8605976026e-01
4.9044902157e+00 -3.0503455168e-01
5.0182728780e+00 -3.2416878787e-01
5.1258180697e+00 -3.4342495929e-01
5.2271653667e+00 -3.6275807748e-01
5.3223407414e+00 -3.8213332979e-01
5.4113422718e+00 -4.0151124408e-01
5.4942069689e+00 -4.2084571625e-01
5.5709621416e+00 -4.4010360776e-01
5.6416328014e+00 -4.5924911082e-01
5.7062481353e+00 -4.7823970483e-01
5.7648497988e+00 -4.9704414183e-01
5.8174320131e+00 -5.1562184812e-01
5.8640520923e+00 -5.3393526558e-01
5.9047120969e+00 -5.5195284036e-01
5.9394920310e+00 -5.6964412459e-01
5.9683893178e+00 -5.8696332089e-01
5.9914164177e+00 -6.0387776420e-01
6.0086348776e+00 -6.2036039441e-01
6.0200772008e+00 -6.3637106186e-01
6.0257594636e+00 -6.5187185536e-01
6.0257303085e+00 -6.6683761953e-01
6.0200329737e+00 -6.8123273844e-01
6.0086786350e+00 -6.9501951226e-01
5.9917242577e+00 -7.0816273028e-01
5.9691959975e+00 -7.2063734920e-01
5.9411604472e+00 -7.3240802740e-01
5.9076419302e+00 -7.4343637182e-01
5.8686691949e+00 -7.5369376766e-01
5.8242958495e+00 -7.6314248485e-01
5.7745947188e+00 -7.7175597808e-01
5.7195866043e+00 -7.7949822138e-01
5.6593344676e+00 -7.8633787236e-01
5.5938904593e+00 -7.9224064489e-01
5.5233049316e+00 -7.9717352281e-01
5.4476482431e+00 -8.0110793284e-01
5.3669710539e+00 -8.0400841097e-01
5.2813442104e+00 -8.0584736767e-01
5.1908356896e+00 -8.0658887573e-01
5.0955253121e+00 -8.0620256221e-01
4.9954867071e+00 -8.0465769889e-01
4.8907995489e+00 -8.0192883383e-01
4.7815590685e+00 -7.9798513401e-01
4.6678332037e+00 -7.9279032211e-01
4.5497524583e+00 -7.8632337509e-01
4.4274145783e+00 -7.7855938083e-01
4.3009122781e+00 -7.6946664050e-01
4.1703835749e+00 -7.5902488746e-01
4.0359565108e+00 -7.4721203801e-01
3.8977541780e+00 -7.3400425482e-01
3.7559433591e+00 -7.1938542346e-01
3.6106626178e+00 -7.0333491405e-01
3.4621022698e+00 -6.8584984247e-01
3.3104362395e+00 -6.6690871972e-01
3.1558514188e+00 -6.4650635487e-01
2.9985820718e+00 -6.2464767940e-01
2.8388505830e+00 -6.0133819136e-01
2.6769137149e+00 -5.7656865194e-01
2.5130394779e+00 -5.5036880472e-01
2.3475366978e+00 -5.2276266091e-01
2.1807389891e+00 -4.9378608340e-01
2.0130231794e+00 -4.6347215225e-01
1.8447590985e+00 -4.3187315626e-01
1.6764293009e+00 -3.9908593778e-01
1.5085232663e+00 -3.6518072916e-01
1.3416558841e+00 -3.3025689368e-01
1.1764552082e+00 -2.9452088025e-01
1.0136952587e+00 -2.5806896774e-01
8.5427096858e-01 -2.2118446354e-01
6.9928215595e-01 -1.8417491212e-01
5.5010117058e-01 -1.4735884007e-01
4.0853591701e-01 -1.1126203220e-01
2.7687122127e-01 -7.6682313082e-02
1.5863519986e-01 -4.4648725709e-02
6.0617293712e-02 -1.7276803661e-02
-5.3387923271e-06 6.1189640218e-06
