3.8465524546e+02
3.8455877469e+02
3.8446482565e+02
3.8437641789e+02
3.8429115311e+02
3.8421017331e+02
3.8413253230e+02
3.8406045199e+02
3.8399055496e+02
3.8392786410e+02
3.8386513523e+02
3.8380906048e+02
3.8375520607e+02
3.8370703966e+02
3.8366371114e+02
3.8362380196e+02
3.8359057421e+02
3.8356080840e+02
3.8353525719e+02
3.8351320805e+02
3.8349542349e+02
3.8348289306e+02
3.8347569032e+02
3.8347410887e+02
3.8347624860e+02
3.8348216775e+02
3.8349483110e+02
3.8351165636e+02
3.8353303001e+02
3.8356096183e+02
3.8359247383e+02
3.8363080450e+02
3.8367316736e+02
3.8371923750e+02
3.8377288044e+02
3.8383017803e+02
3.8389232031e+02
3.8396203476e+02
3.8403543964e+02
3.8411259058e+02
3.8419650730e+02
3.8428380287e+02
3.8437875956e+02
3.8447773516e+02
3.8457861315e+02
3.8468898481e+02
3.8480358198e+02
3.8492095159e+02
3.8504755812e+02
3.8517609636e+02
3.8530869205e+02
3.8544745806e+02
3.8558955123e+02
3.8573569748e+02
3.8588678953e+02
3.8604316125e+02
3.8620484991e+02
3.8636954327e+02
3.8653900949e+02
3.8671288981e+02
3.8689007576e+02
3.8706995635e+02
3.8725508480e+02
3.8744606091e+02
3.8763624498e+02
3.8783222073e+02
3.8803299450e+02
3.8823493891e+02
3.8844004669e+02
3.8864864108e+02
3.8886080174e+02
3.8907282877e+02
3.8929038549e+02
3.8950799264e+02
3.8972952490e+02
3.8995559418e+02
3.9018070189e+02
3.9040692290e+02
3.9063766652e+02
3.9087001172e+02
3.9109995556e+02
3.9133510886e+02
3.9157218442e+02
3.9180717917e+02
3.9203998957e+02
3.9228602742e+02
3.9252392795e+02
3.9275834762e+02
3.9300082704e+02
3.9324059033e+02
3.9347660876e+02
3.9372120964e+02
3.9396281528e+02
3.9417624984e+02
3.9440468222e+02
3.9469702861e+02
3.9478355332e+02
3.9508771830e+02
3.9511669681e+02
3.9333027774e+02
