1.6283188949e-06 3.1333482212e-07
2.5864799500e-01 -7.2563468871e-04
5.1149814654e-01 -2.8310396245e-03
7.5852198244e-01 -6.3123002724e-03
9.9962828194e-01 -1.1059037301e-02
1.2348233481e+00 -1.7039748683e-02
1.4640540157e+00 -2.4196678377e-02
1.6872070743e+00 -3.2458875323e-02
1.9043583361e+00 -4.1786345692e-02
2.1154223184e+00 -5.2095326503e-02
2.3203824062e+00 -6.3354095226e-02
2.5192339464e+00 -7.5507497042e-02
2.7119416951e+00 -8.8480857631e-02
2.8985346389e+00 -1.0224892619e-01
3.0789781449e+00 -1.1671903078e-01
3.2532708104e+00 -1.3186745561e-01
3.4214283977e+00 -1.4764016345e-01
3.5834325657e+00 -1.6396440277e-01
3.7393102167e+00 -1.8082499523e-01
3.8890693098e+00 -1.9813058925e-01
4.0327119811e+00 -2.1586069329e-01
4.1702414902e+00 -2.3396669396e-01
4.3016844051e+00 -2.5237266240e-01
4.4270666677e+00 -2.7107299046e-01
4.5463950939e+00 -2.8999466427e-01
4.6597081656e+00 -3.0908772043e-01
4.7670013099e+00 -3.2833717508e-01
4.8682998519e+00 -3.4766116937e-01
4.9636390162e+00 -3.6704587496e-01
5.0530487742e+00 -3.8643815678e-01
5.1365496418e+00 -4.0578514556e-01
5.2141361118e+00 -4.2508124767e-01
5.2858795266e+00 -4.4424164854e-01
5.3517958295e+00 -4.6325012474e-01
5.4119068702e+00 -4.8207957228e-01
5.4662653272e+00 -5.0066014665e-01
5.5148608565e+00 -5.1898456611e-01
5.5577541924e+00 -5.3698818261e-01
5.5949777741e+00 -5.5465295161e-01
5.6265426210e+00 -5.7193881761e-01
5.6525235733e+00 -5.8880200897e-01
5.6729196482e+00 -6.0522519611e-01
5.6877798913e+00 -6.2114453049e-01
5.6971284771e+00 -6.3655540060e-01
5.7010294176e+00 -6.5140559149e-01
5.6994863672e+00 -6.6567020450e-01
5.6925790936e+00 -6.7930298139e-01
5.6803124986e+00 -6.9227669880e-01
5.6627598410e+00 -7.0457585399e-01
5.6399524995e+00 -7.1614458466e-01
5.6119154125e+00 -7.2697176395e-01
5.5787302229e+00 -7.3700226241e-01
5.5404020140e+00 -7.4622506397e-01
5.4970230091e+00 -7.5459256474e-01
5.4486261664e+00 -7.6208694969e-01
5.3952553294e+00 -7.6868539582e-01
5.3369942118e+00 -7.7434804036e-01
5.2738612006e+00 -7.7904395550e-01
5.2059562779e+00 -7.8273704514e-01
5.1333023179e+00 -7.8542605661e-01
5.0560090664e+00 -7.8706084653e-01
4.9741160041e+00 -7.8763296934e-01
4.8877130362e+00 -7.8709760502e-01
4.7968567608e+00 -7.8543616559e-01
4.7016232112e+00 -7.8263091159e-01
4.6021284750e+00 -7.7864849174e-01
4.4984244576e+00 -7.7348956653e-01
4.3906597902e+00 -7.6711275988e-01
4.2788412250e+00 -7.5949951212e-01
4.1631483942e+00 -7.5062535542e-01
4.0436776957e+00 -7.4048973799e-01
3.9205256058e+00 -7.2909137077e-01
3.7938505928e+00 -7.1639605246e-01
3.6637060383e+00 -7.0238068320e-01
3.5303378466e+00 -6.8703878141e-01
3.3937936825e+00 -6.7039210336e-01
3.2543432032e+00 -6.5244568684e-01
3.1120373871e+00 -6.3317118321e-01
2.9671610637e+00 -6.1256225821e-01
2.8198315213e+00 -5.9065248221e-01
2.6703049478e+00 -5.6744179765e-01
2.5188021632e+00 -5.4296443691e-01
2.3655766560e+00 -5.1726126729e-01
2.2108612239e+00 -4.9035283908e-01
2.0550617001e+00 -4.6225612603e-01
1.8983273293e+00 -4.3300990990e-01
1.7411467855e+00 -4.0271005218e-01
1.5839248025e+00 -3.7145065125e-01
1.4269864952e+00 -3.3932761190e-01
1.2710363680e+00 -3.0643134747e-01
1.1163116852e+00 -2.7278462003e-01
9.6398557836e-01 -2.3874939756e-01
8.1429237157e-01 -2.0439646914e-01
6.6877998495e-01 -1.7027262764e-01
5.2798042617e-01 -1.3618148148e-01
3.9428691041e-01 -1.0282802174e-01
2.6908768147e-01 -7.0929466652e-02
1.5638179793e-01 -4.0811429446e-02
6.1644905155e-02 -1.5797520032e-02
-5.2207409761e-06 5.4326410638e-07
