4.4215548446e-06 2.6143780090e-05
2.0932327679e-01 -2.5202823836e-04
4.1196132481e-01 -9.6117689957e-04
6.0803470324e-01 -2.1157439609e-03
7.9762418030e-01 -3.7094818425e-03
9.8085725858e-01 -5.7127221459e-03
1.1578360117e+00 -8.0940510227e-03
1.3286592179e+00 -1.0852153789e-02
1.4934593954e+00 -1.3956323316e-02
1.6523135846e+00 -1.7394773511e-02
1.8053559952e+00 -2.1147606832e-02
1.9526876993e+00 -2.5195245983e-02
2.0944127937e+00 -2.9526102840e-02
2.2306543222e+00 -3.4117882706e-02
2.3614909733e+00 -3.8961210899e-02
2.4870638008e+00 -4.4035379052e-02
2.6074602200e+00 -4.9327774746e-02
2.7227809176e+00 -5.4826054758e-02
2.8331440465e+00 -6.0512240820e-02
2.9386323358e+00 -6.6374858287e-02
3.0393560544e+00 -7.2399023028e-02
3.1354238611e+00 -7.8572097811e-02
3.2269010225e+00 -8.4885285738e-02
3.3139107628e+00 -9.1319095501e-02
3.3965274679e+00 -9.7866454321e-02
3.4748436190e+00 -1.0451400597e-01
3.5489588143e+00 -1.1125275721e-01
3.6189337519e+00 -1.1806265277e-01
3.6848581523e+00 -1.2494412920e-01
3.7468212738e+00 -1.3187107810e-01
3.8048883898e+00 -1.3884770591e-01
3.8591168281e+00 -1.4586185458e-01
3.9096152285e+00 -1.5288976086e-01
3.9564200750e+00 -1.5993245384e-01
3.9995989993e+00 -1.6697691055e-01
4.0392101718e+00 -1.7400813072e-01
4.0753145531e+00 -1.8102090090e-01
4.1079706640e+00 -1.8800126103e-01
4.1372151644e+00 -1.9493900090e-01
4.1631110457e+00 -2.0182695057e-01
4.1856835227e+00 -2.0864847692e-01
4.2049877876e+00 -2.1539786369e-01
4.2210416201e+00 -2.2206294917e-01
4.2338962004e+00 -2.2862947557e-01
4.2435825289e+00 -2.3508919389e-01
4.2501131912e+00 -2.4143065162e-01
4.2535122560e+00 -2.4764260116e-01
4.2538063209e+00 -2.5371389147e-01
4.2510101530e+00 -2.5962869650e-01
4.2451270234e+00 -2.6537708687e-01
4.2361790470e+00 -2.7094799183e-01
4.2241640031e+00 -2.7632560418e-01
4.2090853539e+00 -2.8149994625e-01
4.1909507043e+00 -2.8645515274e-01
4.1697558935e+00 -2.9118206216e-01
4.1454896971e+00 -2.9565847697e-01
4.1181427660e+00 -2.9987770164e-01
4.0877121749e+00 -3.0382514720e-01
4.0541792857e+00 -3.0747587359e-01
4.0175202431e+00 -3.1082361183e-01
3.9777442081e+00 -3.1385610713e-01
3.9347990560e+00 -3.1654381355e-01
3.8886788684e+00 -3.1888083786e-01
3.8393588962e+00 -3.2084339899e-01
3.7868207885e+00 -3.2242184646e-01
3.7310221072e+00 -3.2359193927e-01
3.6719429101e+00 -3.2433275175e-01
3.6095675584e+00 -3.2463562909e-01
3.5438484373e+00 -3.2447200454e-01
3.4747703184e+00 -3.2382533120e-01
3.4022979576e+00 -3.2267803198e-01
3.3264151872e+00 -3.2100724952e-01
3.2470823695e+00 -3.1879043960e-01
3.1642866435e+00 -3.1601162654e-01
3.0780018435e+00 -3.1264438472e-01
2.9882045357e+00 -3.0866897128e-01
2.8948899076e+00 -3.0406854832e-01
2.7980378890e+00 -2.9881113089e-01
2.6976379242e+00 -2.9288632250e-01
2.5937026477e+00 -2.8626247696e-01
2.4862382536e+00 -2.7892322916e-01
2.3752595457e+00 -2.7084695391e-01
2.2607867858e+00 -2.6202139552e-01
2.1428741621e+00 -2.5241325708e-01
2.0215722606e+00 -2.4199919649e-01
1.8969501853e+00 -2.3079204961e-01
1.7691080812e+00 -2.1873828685e-01
1.6381651194e+00 -2.0585755166e-01
1.5042795530e+00 -1.9212917395e-01
1.3676521790e+00 -1.7754727536e-01
1.2285328182e+00 -1.6211955165e-01
1.0872275040e+00 -1.4584829689e-01
9.4413890433e-01 -1.2879419379e-01
7.9986879431e-01 -1.1092921546e-01
6.5508038492e-01 -9.2422791083e-02
5.1074373949e-01 -7.3307386499e-02
3.6840537493e-01 -5.3750202570e-02
2.3067775721e-01 -3.4130413834e-02
1.0202209439e-01 -1.5205385352e-02
-7.8035887125e-04 9.7131312319e-05
