-2.8572414916e-06 -4.0998379229e-07
-2.6453966521e-06 -3.5775831367e-07
1.4235608164e-01 2.6815847705e-05
1.4291382097e-01 2.5621585902e-05
2.8156273804e-01 1.0540219289e-04
2.8247932011e-01 1.0630878796e-04
4.1761732380e-01 2.3540127725e-04
4.1869364017e-01 2.4165162238e-04
5.5052280827e-01 4.1793777706e-04
5.5157753351e-01 4.3500775860e-04
6.8030526109e-01 6.5294075602e-04
6.8118663428e-01 6.8779663872e-04
8.0696988406e-01 9.3957340829e-04
8.0752300962e-01 9.9989143071e-04
9.3051667719e-01 1.2778357339e-03
9.3062286495e-01 1.3712539393e-03
1.0505254658e+00 1.7968606883e-03
1.0509526504e+00 1.6690639871e-03
1.1672315170e+00 2.2821686755e-03
1.1683107289e+00 2.1106254702e-03
1.2807875838e+00 2.8235275455e-03
1.2825962341e+00 2.6002448505e-03
1.3912256564e+00 3.4194873669e-03
1.3938091657e+00 3.1379221280e-03
1.4985388870e+00 4.0693354944e-03
1.5019599471e+00 3.7200987961e-03
1.6027753473e+00 4.7679106647e-03
1.6070660605e+00 4.3460402897e-03
1.7039623113e+00 5.5076934337e-03
1.7091355904e+00 5.0139727350e-03
1.8021117109e+00 6.2948901625e-03
1.8081764550e+00 5.7214476523e-03
1.8972343648e+00 7.1277643632e-03
1.9042054432e+00 6.4659049666e-03
1.9893837184e+00 7.9926550179e-03
1.9972354410e+00 7.2412589943e-03
2.0785686524e+00 8.8877179154e-03
2.0872664484e+00 8.0475097356e-03
2.1647848059e+00 9.8124864094e-03
2.1743066147e+00 8.8832042494e-03
2.2480817054e+00 1.0760483308e-02
2.2583871815e+00 9.7415722983e-03
2.3284803604e+00 1.1727784017e-02
2.3395110592e+00 1.0621871936e-02
2.4059832002e+00 1.2713878070e-02
2.4176782592e+00 1.1523737242e-02
2.4805987490e+00 1.3712663126e-02
2.4929061067e+00 1.2438411821e-02
2.5523660774e+00 1.4712630989e-02
2.5652058040e+00 1.3362157732e-02
2.6212904229e+00 1.5713248285e-02
2.6345949964e+00 1.4294746536e-02
2.6873847088e+00 1.6714650179e-02
2.7010654031e+00 1.5234754604e-02
2.7506707602e+00 1.7708064243e-02
2.7646486033e+00 1.6171426652e-02
2.8111625940e+00 1.8685251150e-02
2.8253484645e+00 1.7104628366e-02
2.8688593994e+00 1.9650230702e-02
2.8831647320e+00 1.8035034932e-02
2.9237786922e+00 2.0592666153e-02
2.9381191099e+00 1.8951685392e-02
2.9759364787e+00 2.1509053543e-02
2.9902165761e+00 1.9854316183e-02
3.0253402771e+00 2.2396296280e-02
3.0394618725e+00 2.0742987683e-02
3.0719934684e+00 2.3253228554e-02
3.0858742329e+00 2.1612514373e-02
3.1159147789e+00 2.4072664742e-02
3.1294652618e+00 2.2452870373e-02
3.1571052314e+00 2.4849932523e-02
3.1702343053e+00 2.3263857558e-02
3.1955631074e+00 2.5586250691e-02
3.2081841747e+00 2.4046550085e-02
3.2313033182e+00 2.6276242237e-02
3.2433445077e+00 2.4793119157e-02
3.2643366201e+00 2.6916201797e-02
3.2757182588e+00 2.5502243943e-02
3.2946620781e+00 2.7504280234e-02
3.3053042997e+00 2.6174003653e-02
3.3222775132e+00 2.8038422356e-02
3.3321117938e+00 2.6802249377e-02
3.3471835534e+00 2.8515902942e-02
3.3561580697e+00 2.7379345543e-02
3.3693833803e+00 2.8937967736e-02
3.3774514146e+00 2.7910983410e-02
3.3888847192e+00 2.9297671554e-02
3.3959795539e+00 2.8394003802e-02
3.4056816023e+00 2.9600322849e-02
3.4117646450e+00 2.8820905242e-02
3.4197769372e+00 2.9838412059e-02
3.4248136413e+00 2.9191800881e-02
3.4311759136e+00 3.0014728649e-02
3.4351278716e+00 2.9506292026e-02
3.4398733567e+00 3.0127210522e-02
3.4427157227e+00 2.9761396907e-02
3.4458626262e+00 3.0180578261e-02
3.4475787970e+00 2.9957216009e-02
3.4491436655e+00 3.0170310337e-02
3.4497170945e+00 3.0093749332e-02
