3.2079493912e+02
3.2078841702e+02
3.2078189491e+02
3.2077371513e+02
3.2076698006e+02
3.2075918345e+02
3.2075030557e+02
3.2074162191e+02
3.2073135128e+02
3.2072102612e+02
3.2071047693e+02
3.2069710704e+02
3.2068387520e+02
3.2066975928e+02
3.2065340514e+02
3.2063678328e+02
3.2061861384e+02
3.2059979130e+02
3.2058061623e+02
3.2055841992e+02
3.2053589394e+02
3.2051197067e+02
3.2048475457e+02
3.2045665585e+02
3.2042544528e+02
3.2039276513e+02
3.2035774988e+02
3.2032152838e+02
3.2028350201e+02
3.2024408055e+02
3.2020042283e+02
3.2015619325e+02
3.2010954806e+02
3.2006251064e+02
3.2001211165e+02
3.1995914852e+02
3.1990345015e+02
3.1984685908e+02
3.1978686041e+02
3.1972633493e+02
3.1966566575e+02
3.1959929855e+02
3.1953371769e+02
3.1946405047e+02
3.1939352474e+02
3.1932210173e+02
3.1924901942e+02
3.1917386139e+02
3.1909643888e+02
3.1901795560e+02
3.1893942055e+02
3.1885896670e+02
3.1877817413e+02
3.1869706908e+02
3.1861571598e+02
3.1853256986e+02
3.1844819770e+02
3.1836389551e+02
3.1827804685e+02
3.1819036295e+02
3.1811379861e+02
3.1802840186e+02
3.1794434471e+02
3.1786458228e+02
3.1778403748e+02
3.1770604461e+02
3.1762807982e+02
3.1755095296e+02
3.1747679962e+02
3.1740298469e+02
3.1733221363e+02
3.1726440773e+02
3.1719854437e+02
3.1713664003e+02
3.1707632300e+02
3.1701916373e+02
3.1696338299e+02
3.1691364598e+02
3.1686642160e+02
3.1682393561e+02
3.1678434644e+02
3.1674747534e+02
3.1671596513e+02
3.1668764291e+02
3.1666422741e+02
3.1664320143e+02
3.1662876456e+02
3.1661742217e+02
3.1660904609e+02
3.1660489144e+02
3.1660539931e+02
3.1660599009e+02
3.1661453125e+02
3.1662439063e+02
3.1663567702e+02
3.1665021982e+02
3.1666639416e+02
3.1668523575e+02
3.1670389051e+02
3.1671823725e+02
