-1.1688245056e-06 -4.8717103303e-06
2.4269282516e-01 6.2574906169e-04
4.7978889110e-01 2.4694281256e-03
7.1125579521e-01 5.4873679442e-03
9.3711820485e-01 9.6319818365e-03
1.1573444451e+00 1.4862397997e-02
1.3719499000e+00 2.1135160619e-02
1.5809221340e+00 2.8400343912e-02
1.7842542467e+00 3.6625911719e-02
1.9819410515e+00 4.5757985987e-02
2.1739881600e+00 5.5765755708e-02
2.3603782691e+00 6.6600051544e-02
2.5411173840e+00 7.8223845179e-02
2.7161935824e+00 9.0597813177e-02
2.8856196138e+00 1.0367522022e-01
3.0493710509e+00 1.1742275670e-01
3.2074679862e+00 1.3179373860e-01
3.3598906770e+00 1.4675611176e-01
3.5066542962e+00 1.6226021919e-01
3.6477559044e+00 1.7827512383e-01
3.7831806578e+00 1.9475775744e-01
3.9129538825e+00 2.1166623808e-01
4.0370498716e+00 2.2896052429e-01
4.1555024905e+00 2.4660706401e-01
4.2682849852e+00 2.6455537128e-01
4.3754166760e+00 2.8277723996e-01
4.4769237351e+00 3.0122982610e-01
4.5727996508e+00 3.1987030711e-01
4.6630322587e+00 3.3866127692e-01
4.7476606088e+00 3.5755997757e-01
4.8266661879e+00 3.7652930862e-01
4.9000962005e+00 3.9552923628e-01
4.9679272457e+00 4.1451833370e-01
5.0302102984e+00 4.3345923212e-01
5.0869449012e+00 4.5230609887e-01
5.1381322802e+00 4.7102592480e-01
5.1838313914e+00 4.8957547047e-01
5.2240233576e+00 5.0791398276e-01
5.2587592150e+00 5.2600420580e-01
5.2880419955e+00 5.4380409180e-01
5.3119069989e+00 5.6128035210e-01
5.3303878926e+00 5.7837814326e-01
5.3435160997e+00 5.9507128522e-01
5.3513074268e+00 6.1130867921e-01
5.3538181045e+00 6.2705969323e-01
5.3510594327e+00 6.4227912490e-01
5.3430950878e+00 6.5692761152e-01
5.3299261632e+00 6.7096692493e-01
5.3116460580e+00 6.8435624284e-01
5.2882724414e+00 6.9706191599e-01
5.2598506023e+00 7.0903544644e-01
5.2264493477e+00 7.2024287075e-01
5.1880879172e+00 7.3064609403e-01
5.1448556805e+00 7.4020692970e-01
5.0967928178e+00 7.4888652234e-01
5.0439715710e+00 7.5665118124e-01
4.9864596267e+00 7.6346212895e-01
4.9242943508e+00 7.6928285355e-01
4.8575876985e+00 7.7407666357e-01
4.7863884932e+00 7.7781652429e-01
4.7107783006e+00 7.8046345503e-01
4.6308531643e+00 7.8198216512e-01
4.5466704819e+00 7.8234754787e-01
4.4583412161e+00 7.8152270159e-01
4.3659595189e+00 7.7948555933e-01
4.2696134440e+00 7.7620470637e-01
4.1694100704e+00 7.7165975060e-01
4.0654534993e+00 7.6581580336e-01
3.9578296911e+00 7.5865952688e-01
3.8467157417e+00 7.5016685493e-01
3.7321803994e+00 7.4032433234e-01
3.6143851532e+00 7.2911248119e-01
3.4934420794e+00 7.1652670845e-01
3.3695117580e+00 7.0254651898e-01
3.2427320247e+00 6.8716922167e-01
3.1132613280e+00 6.7039714097e-01
2.9812735993e+00 6.5223268271e-01
2.8469331778e+00 6.3267069712e-01
2.7104297289e+00 6.1173239981e-01
2.5719687404e+00 5.8943179016e-01
2.4317498491e+00 5.6578312880e-01
2.2900119178e+00 5.4082587113e-01
2.1469966057e+00 5.1458736224e-01
2.0029564250e+00 4.8712601630e-01
1.8581809221e+00 4.5848447579e-01
1.7129810758e+00 4.2872541478e-01
1.5677052499e+00 3.9794208353e-01
1.4227380869e+00 3.6619921041e-01
1.2784669668e+00 3.3362865746e-01
1.1354238604e+00 3.0035338855e-01
9.9413340359e-01 2.6655593240e-01
8.5523397645e-01 2.3238967236e-01
7.1947962870e-01 1.9809772919e-01
5.8779146044e-01 1.6395536796e-01
4.6134734654e-01 1.3035993672e-01
3.4154328057e-01 9.7809946468e-02
2.3057330666e-01 6.6873427608e-02
1.3130730495e-01 3.8663596046e-02
4.9110860759e-02 1.4009463350e-02
-6.0491047252e-05 -1.9718770411e-05
