7.6261530790e+01
7.3944474109e+01
7.1625407339e+01
6.9308816909e+01
6.6989670426e+01
6.4666440776e+01
6.2346846253e+01
6.0027367321e+01
5.7707652961e+01
5.5391324578e+01
5.3073837098e+01
5.0756447868e+01
4.8442239006e+01
4.6208930802e+01
4.3041829499e+01
3.6740775994e+01
3.3739282099e+01
3.1559802890e+01
2.9250491409e+01
2.6930330678e+01
2.4613143922e+01
2.2290723793e+01
1.9973887447e+01
1.7652077386e+01
1.5333688698e+01
1.3015427006e+01
1.0692467717e+01
8.3751032820e+00
6.0567126108e+00
3.7401646852e+00
