1.1068008676e-01 -2.3291390697e-02
1.1284325427e-01 -2.4965074872e-02
1.1499305544e-01 -2.6619010068e-02
1.1712300769e-01 -2.8224663063e-02
1.1921876785e-01 -2.9762965767e-02
1.2127994221e-01 -3.1234363449e-02
1.2331596917e-01 -3.2649729345e-02
1.2533436330e-01 -3.4018072905e-02
1.2733283470e-01 -3.5336946195e-02
1.2930323421e-01 -3.6597889356e-02
1.3122951835e-01 -3.7802911207e-02
1.3311171717e-01 -3.8956196593e-02
1.3494973978e-01 -4.0059986180e-02
1.3676027601e-01 -4.1120765181e-02
1.3854485133e-01 -4.2138772467e-02
1.4030328262e-01 -4.3113920594e-02
1.4203598060e-01 -4.4052133520e-02
1.4374210867e-01 -4.4966201672e-02
1.4540753973e-01 -4.5845978273e-02
1.4704600781e-01 -4.6694241665e-02
1.4866215703e-01 -4.7513539838e-02
1.5025577930e-01 -4.8303777885e-02
1.5183483536e-01 -4.9074223145e-02
1.5337928909e-01 -4.9813998525e-02
1.5490228686e-01 -5.0529293066e-02
1.5640893285e-01 -5.1226138058e-02
1.5789286663e-01 -5.1901669625e-02
1.5935266731e-01 -5.2554638525e-02
1.6079826085e-01 -5.3193397019e-02
1.6223478814e-01 -5.3818292933e-02
1.6364501892e-01 -5.4420095952e-02
1.6503938951e-01 -5.5007506159e-02
1.6641766098e-01 -5.5580428527e-02
1.6777959162e-01 -5.6138766604e-02
1.6913035478e-01 -5.6685473927e-02
1.7047031544e-01 -5.7217513109e-02
1.7179916009e-01 -5.7734718403e-02
1.7311674172e-01 -5.8240714560e-02
1.7442168324e-01 -5.8736942381e-02
1.7570811378e-01 -5.9216515711e-02
1.7698749053e-01 -5.9686118726e-02
1.7826000613e-01 -6.0146025126e-02
1.7952495922e-01 -6.0595800353e-02
1.8077602673e-01 -6.1031961069e-02
1.8202300374e-01 -6.1462734437e-02
1.8326094068e-01 -6.1882800616e-02
1.8448711960e-01 -6.2292471611e-02
1.8570533045e-01 -6.2694486972e-02
1.8691530016e-01 -6.3088755705e-02
1.8811680596e-01 -6.3475202366e-02
1.8931775336e-01 -6.3854950232e-02
1.9051342764e-01 -6.4225190119e-02
1.9170139749e-01 -6.4585709883e-02
1.9288259723e-01 -6.4940017325e-02
1.9405702888e-01 -6.5288294972e-02
1.9522365695e-01 -6.5628867695e-02
1.9638652110e-01 -6.5961769788e-02
1.9754603997e-01 -6.6287258228e-02
1.9870191469e-01 -6.6605245806e-02
1.9985451764e-01 -6.6915981132e-02
2.0100515042e-01 -6.7222138718e-02
2.0214672560e-01 -6.7520303403e-02
2.0328773610e-01 -6.7813671112e-02
2.0442476608e-01 -6.8101019210e-02
2.0555704333e-01 -6.8382036404e-02
2.0668426025e-01 -6.8656637467e-02
2.0781274002e-01 -6.8928441610e-02
2.0894009046e-01 -6.9193516420e-02
2.1006258010e-01 -6.9450669883e-02
2.1118206908e-01 -6.9702910245e-02
2.1229889600e-01 -6.9950572401e-02
2.1341247625e-01 -7.0193469217e-02
2.1452374745e-01 -7.0430660529e-02
2.1563455814e-01 -7.0662067947e-02
2.1674457498e-01 -7.0887612908e-02
2.1785412779e-01 -7.1107759937e-02
2.1896240660e-01 -7.1323764356e-02
2.2006613619e-01 -7.1532401902e-02
2.2117158624e-01 -7.1737843725e-02
2.2227490549e-01 -7.1938201960e-02
2.2337565700e-01 -7.2133330135e-02
2.2447464136e-01 -7.2324519126e-02
2.2557518283e-01 -7.2512503573e-02
2.2667590161e-01 -7.2694191196e-02
2.2777455443e-01 -7.2869553600e-02
2.2887266474e-01 -7.3041232116e-02
2.2997000592e-01 -7.3209245485e-02
2.3106529012e-01 -7.3372733288e-02
2.3216091750e-01 -7.3530875769e-02
2.3325751153e-01 -7.3683793166e-02
2.3435470044e-01 -7.3831417493e-02
2.3545423810e-01 -7.3975717599e-02
2.3654990463e-01 -7.4113728102e-02
2.3764654243e-01 -7.4246883697e-02
2.3874482989e-01 -7.4376458568e-02
2.3984174087e-01 -7.4501222646e-02
2.4093689626e-01 -7.4621111181e-02
2.4203348393e-01 -7.4738778618e-02
2.4313325368e-01 -7.4852644414e-02
2.4423214062e-01 -7.4959666101e-02
2.4532991788e-01 -7.5061893006e-02
2.4642797252e-01 -7.5160618780e-02
2.4752585627e-01 -7.5255749697e-02
2.4862406552e-01 -7.5345998940e-02
2.4972412549e-01 -7.5431121254e-02
2.5082562915e-01 -7.5511063747e-02
2.5192904338e-01 -7.5586726376e-02
2.5303272228e-01 -7.5658715575e-02
2.5413384477e-01 -7.5723145042e-02
2.5523868713e-01 -7.5784003610e-02
2.5634421865e-01 -7.5840752358e-02
2.5744822873e-01 -7.5892807662e-02
2.5855260227e-01 -7.5941707956e-02
2.5966289045e-01 -7.5988559509e-02
2.6077161993e-01 -7.6027804433e-02
2.6187880722e-01 -7.6061829449e-02
2.6298694995e-01 -7.6092375363e-02
2.6409560430e-01 -7.6119398575e-02
2.6520592631e-01 -7.6141951888e-02
2.6631792828e-01 -7.6158694065e-02
2.6743126076e-01 -7.6169645003e-02
2.6854631938e-01 -7.6176585644e-02
2.6966209171e-01 -7.6180201414e-02
2.7077460997e-01 -7.6178009599e-02
2.7188960286e-01 -7.6170880085e-02
2.7300660784e-01 -7.6158784864e-02
2.7412515732e-01 -7.6141694819e-02
2.7524516018e-01 -7.6119534033e-02
2.7636563519e-01 -7.6092133486e-02
2.7748643187e-01 -7.6060385135e-02
2.7860682654e-01 -7.6024083390e-02
2.7972634895e-01 -7.5983205179e-02
2.8084557182e-01 -7.5938340162e-02
2.8196827799e-01 -7.5889521743e-02
2.8309225194e-01 -7.5834264506e-02
2.8421675493e-01 -7.5772741931e-02
2.8534205540e-01 -7.5707171418e-02
2.8646814540e-01 -7.5638086406e-02
2.8759184456e-01 -7.5563437883e-02
2.8871704437e-01 -7.5482986979e-02
2.8984355046e-01 -7.5396816400e-02
2.9097086153e-01 -7.5304921784e-02
2.9210179551e-01 -7.5209241526e-02
2.9322800903e-01 -7.5105194057e-02
2.9435725273e-01 -7.4997432922e-02
2.9548524194e-01 -7.4885020902e-02
2.9661140120e-01 -7.4767920400e-02
2.9774029172e-01 -7.4647315772e-02
2.9887190811e-01 -7.4520506270e-02
3.0000075549e-01 -7.4386172162e-02
3.0112926626e-01 -7.4247537062e-02
3.0225806956e-01 -7.4105145840e-02
3.0338604666e-01 -7.3957652881e-02
3.0451421124e-01 -7.3803318869e-02
3.0564240988e-01 -7.3642245361e-02
3.0677191264e-01 -7.3475023467e-02
3.0790311322e-01 -7.3304019668e-02
3.0902888898e-01 -7.3127614302e-02
3.1015442999e-01 -7.2944929834e-02
3.1128040406e-01 -7.2756155268e-02
3.1240626408e-01 -7.2561326120e-02
3.1353213052e-01 -7.2360451568e-02
3.1465611102e-01 -7.2153362001e-02
3.1577963517e-01 -7.1941118778e-02
3.1690138540e-01 -7.1723598899e-02
3.1802081976e-01 -7.1500846138e-02
3.1913901214e-01 -7.1273206216e-02
3.2026055046e-01 -7.1039705132e-02
3.2137999347e-01 -7.0798198070e-02
3.2249664696e-01 -7.0550814897e-02
3.2361116620e-01 -7.0299071577e-02
3.2472272929e-01 -7.0042296545e-02
3.2583262283e-01 -6.9777799609e-02
3.2694152684e-01 -6.9505736138e-02
3.2805010076e-01 -6.9226388446e-02
3.2915908028e-01 -6.8942900976e-02
3.3026279418e-01 -6.8653682249e-02
3.3136417620e-01 -6.8357889431e-02
3.3246265496e-01 -6.8055602864e-02
3.3356273174e-01 -6.7747502765e-02
3.3465506643e-01 -6.7431654942e-02
3.3574686319e-01 -6.7109449159e-02
3.3683641179e-01 -6.6781075649e-02
3.3792141225e-01 -6.6446825449e-02
3.3900635199e-01 -6.6107083234e-02
3.4008978871e-01 -6.5759689868e-02
3.4116658162e-01 -6.5405775321e-02
3.4224027199e-01 -6.5046215438e-02
3.4331028233e-01 -6.4681116276e-02
3.4437691030e-01 -6.4310663341e-02
3.4544209224e-01 -6.3933118712e-02
3.4650249205e-01 -6.3547038248e-02
3.4755842106e-01 -6.3153339586e-02
3.4861196437e-01 -6.2754671523e-02
3.4966230204e-01 -6.2351298340e-02
3.5070543725e-01 -6.1940986720e-02
3.5174439675e-01 -6.1522702219e-02
3.5277860146e-01 -6.1096583633e-02
3.5380856814e-01 -6.0662804027e-02
3.5484043359e-01 -6.0223587396e-02
3.5585913704e-01 -5.9777927394e-02
3.5687471921e-01 -5.9325262260e-02
3.5788658796e-01 -5.8865752627e-02
3.5889328386e-01 -5.8399416898e-02
3.5989201244e-01 -5.7926590837e-02
3.6089210564e-01 -5.7447350970e-02
3.6188139071e-01 -5.6958677880e-02
3.6286445616e-01 -5.6464315457e-02
3.6384073301e-01 -5.5964436949e-02
3.6480964597e-01 -5.5459215312e-02
3.6577092586e-01 -5.4948753390e-02
3.6672912252e-01 -5.4430398624e-02
3.6768188689e-01 -5.3903314619e-02
3.6862907099e-01 -5.3368069970e-02
3.6956695882e-01 -5.2824967756e-02
3.7049906285e-01 -5.2276573982e-02
3.7142368370e-01 -5.1722939521e-02
3.7234024972e-01 -5.1164260979e-02
3.7325077878e-01 -5.0598063105e-02
3.7415281776e-01 -5.0023371382e-02
3.7504577079e-01 -4.9440410374e-02
3.7593417244e-01 -4.8850419623e-02
3.7681724687e-01 -4.8256436233e-02
3.7768488444e-01 -4.7656175223e-02
3.7854474684e-01 -4.7047946373e-02
3.7939821318e-01 -4.6432177190e-02
3.8024442693e-01 -4.5809118673e-02
3.8107776531e-01 -4.5179672374e-02
3.8190158022e-01 -4.4543964621e-02
3.8272433886e-01 -4.3898380418e-02
3.8352963877e-01 -4.3248749263e-02
3.8432677844e-01 -4.2593115680e-02
3.8511522992e-01 -4.1931736666e-02
3.8589445786e-01 -4.1264869288e-02
3.8666391943e-01 -4.0592770665e-02
3.8743053628e-01 -3.9909102296e-02
3.8818086935e-01 -3.9216727168e-02
3.8891813388e-01 -3.8520042611e-02
3.8964575700e-01 -3.7819507238e-02
3.9036320830e-01 -3.7115406553e-02
3.9107311039e-01 -3.6404754576e-02
3.9176969097e-01 -3.5685217168e-02
3.9245097496e-01 -3.4957475756e-02
3.9312154087e-01 -3.4222790407e-02
3.9378598068e-01 -3.3483968023e-02
3.9444030675e-01 -3.2741329635e-02
3.9507983098e-01 -3.1991784553e-02
3.9570619450e-01 -3.1234554464e-02
3.9632107230e-01 -3.0468624520e-02
3.9692664307e-01 -2.9697626019e-02
3.9751380349e-01 -2.8923799031e-02
3.9809041542e-01 -2.8142689055e-02
3.9865554459e-01 -2.7355089414e-02
3.9920671100e-01 -2.6562593036e-02
3.9974683797e-01 -2.5763635575e-02
4.0027326109e-01 -2.4956595577e-02
4.0078338734e-01 -2.4146689945e-02
4.0128128817e-01 -2.3332452729e-02
4.0176652353e-01 -2.2514241061e-02
4.0224002263e-01 -2.1691378733e-02
4.0270285806e-01 -2.0857885390e-02
4.0314508098e-01 -2.0017945852e-02
4.0357135734e-01 -1.9177560211e-02
4.0398576128e-01 -1.8332004798e-02
4.0438788624e-01 -1.7481664356e-02
4.0477731658e-01 -1.6626924570e-02
4.0515317513e-01 -1.5762480502e-02
4.0550696700e-01 -1.4893942699e-02
4.0584478714e-01 -1.4024027355e-02
4.0617083984e-01 -1.3149816906e-02
4.0648475453e-01 -1.2271716668e-02
4.0678753137e-01 -1.1387961695e-02
4.0707210493e-01 -1.0496808649e-02
4.0733367820e-01 -9.6014374756e-03
4.0757868844e-01 -8.7048933600e-03
4.0781227601e-01 -7.8052492129e-03
4.0803410399e-01 -6.9029356243e-03
4.0824357135e-01 -5.9952840836e-03
4.0843208367e-01 -5.0811754297e-03
4.0859780072e-01 -4.1619445974e-03
4.0874659719e-01 -3.2403491798e-03
4.0888291136e-01 -2.3182713201e-03
4.0900644593e-01 -1.3961695791e-03
4.0910899776e-01 -4.7079509871e-04
4.0919613521e-01 4.6172103601e-04
4.0926798467e-01 1.4009933858e-03
4.0932203381e-01 2.3455030674e-03
4.0935409969e-01 3.2900608983e-03
4.0937063199e-01 4.2335771240e-03
4.0937095459e-01 5.1779595842e-03
4.0935656564e-01 6.1234433389e-03
4.0932953006e-01 7.0750714999e-03
4.0927802111e-01 8.0309243382e-03
4.0920457512e-01 8.9901130372e-03
4.0911826137e-01 9.9486512700e-03
4.0901876609e-01 1.0905280234e-02
4.0889194776e-01 1.1862258524e-02
4.0874997729e-01 1.2824531098e-02
4.0859502881e-01 1.3791615798e-02
4.0841954638e-01 1.4759902661e-02
4.0821886532e-01 1.5727601006e-02
4.0800217365e-01 1.6691180108e-02
4.0777158858e-01 1.7656403616e-02
4.0752420509e-01 1.8624969152e-02
4.0725991747e-01 1.9596377120e-02
4.0697086822e-01 2.0574739253e-02
4.0666600051e-01 2.1543413628e-02
4.0634327297e-01 2.2513338637e-02
4.0600230362e-01 2.3484484783e-02
4.0564303794e-01 2.4456360039e-02
4.0526592890e-01 2.5427671093e-02
4.0487024816e-01 2.6399360544e-02
4.0445649676e-01 2.7369453506e-02
4.0402292667e-01 2.8338755023e-02
4.0356955197e-01 2.9306726781e-02
4.0309637577e-01 3.0272826796e-02
4.0260216422e-01 3.1240348546e-02
4.0209434886e-01 3.2210192384e-02
4.0157004245e-01 3.3173325896e-02
4.0102417602e-01 3.4134457024e-02
4.0045680989e-01 3.5093049324e-02
3.9986767938e-01 3.6049398084e-02
3.9926097303e-01 3.7010600202e-02
3.9864376729e-01 3.7967211636e-02
3.9800564090e-01 3.8918852182e-02
3.9734464957e-01 3.9866787311e-02
3.9666079121e-01 4.0811101668e-02
3.9595988752e-01 4.1757122947e-02
3.9524758247e-01 4.2701414911e-02
3.9451611161e-01 4.3640314565e-02
3.9376140764e-01 4.4574147573e-02
3.9298349487e-01 4.5504211521e-02
3.9219010121e-01 4.6434101704e-02
3.9138336713e-01 4.7361511191e-02
3.9055578827e-01 4.8283096632e-02
3.8970684291e-01 4.9197821871e-02
3.8883737618e-01 5.0105382870e-02
3.8795404132e-01 5.1011461060e-02
3.8705712481e-01 5.1915501166e-02
3.8614520963e-01 5.2817189396e-02
3.8520457140e-01 5.3714248600e-02
3.8424139204e-01 5.4602405273e-02
3.8327121176e-01 5.5482310929e-02
3.8228147212e-01 5.6359814744e-02
3.8127250824e-01 5.7234397256e-02
3.8024464508e-01 5.8105533711e-02
3.7920057952e-01 5.8972242272e-02
3.7813658981e-01 5.9829775110e-02
3.7705659180e-01 6.0680604482e-02
3.7595880311e-01 6.1524984996e-02
3.7484366303e-01 6.2362369149e-02
3.7371160087e-01 6.3192203234e-02
3.7255255312e-01 6.4019241172e-02
3.7138792699e-01 6.4839573208e-02
3.7020590573e-01 6.5650842742e-02
3.6900499563e-01 6.6452965760e-02
3.6778548345e-01 6.7245437873e-02
3.6654453709e-01 6.8032065821e-02
3.6529177927e-01 6.8814569846e-02
3.6402502603e-01 6.9590667734e-02
3.6273779333e-01 7.0354605823e-02
3.6143695280e-01 7.1109046794e-02
3.6012106313e-01 7.1858323110e-02
3.5878349190e-01 7.2600136986e-02
3.5743064964e-01 7.3335457053e-02
3.5606889460e-01 7.4060806639e-02
3.5468382710e-01 7.4773944664e-02
3.5328329127e-01 7.5480973614e-02
3.5186598123e-01 7.6177863226e-02
3.5043346249e-01 7.6861890365e-02
3.4899537154e-01 7.7538132412e-02
3.4753845097e-01 7.8206933571e-02
3.4606337219e-01 7.8867839195e-02
3.4457309163e-01 7.9520091819e-02
3.4307138283e-01 8.0162196981e-02
3.4154763786e-01 8.0795248725e-02
3.4001650581e-01 8.1416588178e-02
3.3847031241e-01 8.2026146298e-02
3.3690984302e-01 8.2623457542e-02
3.3533587526e-01 8.3208048577e-02
3.3374217799e-01 8.3782494903e-02
3.3213494580e-01 8.4351650851e-02
3.3051392266e-01 8.4907596372e-02
3.2887696517e-01 8.5448108603e-02
3.2723087980e-01 8.5975675984e-02
3.2557482994e-01 8.6495544495e-02
3.2390828959e-01 8.7007502362e-02
3.2221905374e-01 8.7507147211e-02
3.2051845927e-01 8.7991170356e-02
3.1880789224e-01 8.8464020111e-02
3.1708593385e-01 8.8925621533e-02
3.1535351420e-01 8.9375580874e-02
3.1359964876e-01 8.9812524780e-02
3.1184454469e-01 9.0239791441e-02
3.1007156354e-01 9.0654175996e-02
3.0828605425e-01 9.1054971800e-02
3.0649213055e-01 9.1442169683e-02
3.0468777406e-01 9.1814747680e-02
3.0285766587e-01 9.2173406248e-02
3.0102558623e-01 9.2524044624e-02
2.9918395476e-01 9.2859121081e-02
2.9733120619e-01 9.3177415871e-02
2.9546823003e-01 9.3478525418e-02
2.9359275853e-01 9.3765293099e-02
2.9170780073e-01 9.4042405632e-02
2.8981450819e-01 9.4309578720e-02
2.8790889187e-01 9.4563604377e-02
2.8598529889e-01 9.4796163809e-02
2.8405666097e-01 9.5012692621e-02
2.8212281235e-01 9.5220376200e-02
2.8017337487e-01 9.5414723714e-02
2.7821018824e-01 9.5595680272e-02
2.7624362510e-01 9.5764329898e-02
2.7426707907e-01 9.5908874071e-02
2.7227801829e-01 9.6037753268e-02
2.7027978947e-01 9.6153361444e-02
2.6827431555e-01 9.6254463410e-02
2.6626274327e-01 9.6340816902e-02
2.6422963825e-01 9.6408096786e-02
2.6220262516e-01 9.6465968415e-02
2.6015850191e-01 9.6506508908e-02
2.5810051439e-01 9.6528460012e-02
2.5604003171e-01 9.6534941251e-02
2.5397891204e-01 9.6526093497e-02
2.5190131690e-01 9.6496654573e-02
2.4981181348e-01 9.6452958523e-02
2.4771420245e-01 9.6394465153e-02
2.4560850710e-01 9.6315119375e-02
2.4349740458e-01 9.6215212507e-02
2.4138306052e-01 9.6100503387e-02
2.3925806549e-01 9.5970286078e-02
2.3712383068e-01 9.5824551791e-02
2.3498176739e-01 9.5663284202e-02
2.3282070315e-01 9.5476337257e-02
2.3065406990e-01 9.5276167718e-02
2.2847834409e-01 9.5060591441e-02
2.2629537219e-01 9.4821354402e-02
2.2411065040e-01 9.4564148888e-02
2.2192574252e-01 9.4289031572e-02
2.1973048672e-01 9.3993822501e-02
2.1752239613e-01 9.3680113270e-02
2.1530529077e-01 9.3348796631e-02
2.1307146478e-01 9.2991697976e-02
2.1083502658e-01 9.2612579569e-02
2.0859864491e-01 9.2222410154e-02
2.0634836729e-01 9.1810337982e-02
2.0408569867e-01 9.1376561112e-02
2.0181982963e-01 9.0925007099e-02
1.9954278280e-01 9.0453512015e-02
1.9725226325e-01 8.9953318101e-02
1.9495677032e-01 8.9429815055e-02
1.9265635895e-01 8.8884699359e-02
1.9035501505e-01 8.8317081904e-02
1.8804320809e-01 8.7736986744e-02
1.8571009344e-01 8.7130511579e-02
1.8337013549e-01 8.6499541836e-02
1.8102970424e-01 8.5845468272e-02
1.7868056130e-01 8.5163882062e-02
1.7631649347e-01 8.4457309705e-02
1.7393926077e-01 8.3726186520e-02
1.7155163074e-01 8.2960730247e-02
1.6916085395e-01 8.2181062517e-02
1.6675371032e-01 8.1372881740e-02
1.6433352033e-01 8.0537493003e-02
1.6190890877e-01 7.9677954589e-02
1.5948087503e-01 7.8793959236e-02
1.5701362867e-01 7.7874307738e-02
1.5454482844e-01 7.6922387016e-02
1.5206504496e-01 7.5943786151e-02
1.4957919690e-01 7.4934671708e-02
1.4708911854e-01 7.3895678818e-02
1.4459665430e-01 7.2827439565e-02
1.4208739494e-01 7.1736322869e-02
1.3955090668e-01 7.0605803022e-02
1.3698973244e-01 6.9434516898e-02
1.3440857616e-01 6.8231815417e-02
1.3182582951e-01 6.7003998477e-02
1.2924286249e-01 6.5731430356e-02
1.2663621467e-01 6.4414644584e-02
1.2400781885e-01 6.3054543013e-02
1.2135962023e-01 6.1652025879e-02
1.1868646356e-01 6.0207844705e-02
1.1597242460e-01 5.8739413988e-02
1.1326376513e-01 5.7225227815e-02
1.1055137775e-01 5.5656786528e-02
1.0782529823e-01 5.4031193186e-02
1.0502386327e-01 5.2346982351e-02
1.0223361414e-01 5.0638576345e-02
9.9436552758e-02 4.8867385319e-02
9.6610274498e-02 4.7022168881e-02
9.3756688506e-02 4.5104003058e-02
9.0844969181e-02 4.3135565490e-02
8.7923551372e-02 4.1137900017e-02
8.4989647835e-02 3.9074961635e-02
8.2045297027e-02 3.6947915685e-02
7.9092557758e-02 3.4757931219e-02
7.6096055448e-02 3.2483323301e-02
7.3032978680e-02 3.0130682537e-02
7.0028079669e-02 2.7730456354e-02
6.6966970802e-02 2.5272113277e-02
