-2.1303350407e-06 -8.9234731912e-09
2.8871537682e-01 -3.8176402560e-07
5.7108290395e-01 -4.2719106639e-07
8.4711121909e-01 7.5725271541e-08
1.1168425177e+00 4.0649393857e-08
1.3802854638e+00 -3.1588289924e-07
1.6374770354e+00 -5.1576535373e-07
1.8884327179e+00 -2.9116032896e-07
2.1331755777e+00 5.3875949800e-08
2.3717306189e+00 -1.1178575343e-07
2.6041182731e+00 -5.2997586532e-07
2.8303758879e+00 -7.3869165482e-07
3.0504986463e+00 -6.2563789902e-07
3.2645341201e+00 -3.3913950602e-07
3.4724952801e+00 1.6722487370e-07
3.6743944615e+00 8.0489059916e-07
3.8702721811e+00 5.7727438101e-07
4.0601290717e+00 -6.5051814795e-07
4.2440052655e+00 -1.8797578363e-06
4.4219111712e+00 -1.8976889673e-06
4.5938579536e+00 -9.1919645344e-07
4.7598932077e+00 -2.9205696011e-07
4.9200061282e+00 -4.2956343132e-07
5.0742283934e+00 -9.1520849331e-07
5.2225771876e+00 -3.2682668294e-07
5.3650589516e+00 1.1308114683e-06
5.5017034992e+00 2.8974603995e-06
5.6325308758e+00 4.1073719034e-06
5.7575476014e+00 4.7493861451e-06
5.8767818412e+00 4.3265666485e-06
5.9902208344e+00 2.5268718632e-06
6.0979157059e+00 2.5398954731e-06
6.1998568472e+00 2.2519802434e-06
6.2960509364e+00 1.5673547710e-06
6.3865273696e+00 6.7739002115e-07
6.4713053727e+00 2.2210159045e-08
6.5503566764e+00 -4.3538265931e-07
6.6237286186e+00 -1.2942399687e-06
6.6914304013e+00 -2.7078370904e-06
6.7534521609e+00 -3.5482850090e-06
6.8098120434e+00 -2.9070717160e-06
6.8605080196e+00 -1.8590217502e-06
6.9055610199e+00 -2.2658429693e-06
6.9449632566e+00 -4.6256656953e-06
6.9787354747e+00 -5.4461858841e-06
7.0068548919e+00 -4.5156835329e-06
7.0293425634e+00 -3.2004280679e-06
7.0462194069e+00 -3.1603113774e-06
7.0574797498e+00 -4.3424701134e-06
7.0631035749e+00 -5.3764141722e-06
7.0631015667e+00 -5.2236296641e-06
7.0574873833e+00 -4.6757967458e-06
7.0462380256e+00 -4.8023867809e-06
7.0293640171e+00 -4.2850724650e-06
7.0068721860e+00 -4.2980453635e-06
6.9787357146e+00 -3.8623464233e-06
6.9449767492e+00 -3.1065964484e-06
6.9055723329e+00 -3.3936122617e-06
6.8605114620e+00 -3.9401320469e-06
6.8098140655e+00 -4.1878637422e-06
6.7534647502e+00 -4.0479885147e-06
6.6914570123e+00 -3.2416373619e-06
6.6237651614e+00 -3.0977260358e-06
6.5503796664e+00 -3.7730093756e-06
6.4713236916e+00 -4.0409765167e-06
6.3865540902e+00 -3.6165183621e-06
6.2960720051e+00 -2.4397152810e-06
6.1998670749e+00 -1.8276848744e-06
6.0979252426e+00 -2.0482452679e-06
5.9902512238e+00 -2.7082690338e-06
5.8767965207e+00 -2.5299846240e-06
5.7575661211e+00 -1.2990901489e-06
5.6325600802e+00 -6.1290103204e-07
5.5017230691e+00 -3.8437833418e-07
5.3650652600e+00 -6.4751937157e-07
5.2225742371e+00 -9.1855566355e-07
5.0742403019e+00 -7.4202189606e-07
4.9200109457e+00 -9.5594489802e-07
4.7598962751e+00 -1.1812365615e-06
4.5938732166e+00 -1.0264441817e-06
4.4219114545e+00 -5.7867418988e-07
4.2440195582e+00 3.1200115584e-07
4.0601469511e+00 9.6785697995e-07
3.8702767129e+00 7.6962845544e-07
3.6744084788e+00 -1.6068113399e-07
3.4725000310e+00 -4.9797948984e-07
3.2645323832e+00 -6.2858223293e-08
3.0505049024e+00 2.9839743181e-07
2.8303697813e+00 4.0716410733e-07
2.6041236496e+00 1.0974156775e-07
2.3717296675e+00 -1.5096150115e-07
2.1331731642e+00 -3.8680059631e-07
1.8884339894e+00 -4.3498294210e-07
1.6374741460e+00 -2.9316980509e-07
1.3802918007e+00 7.7946493417e-08
1.1168431315e+00 3.7685445184e-07
8.4710837746e-01 2.2788816709e-07
5.7108184942e-01 -1.6018022850e-07
2.8871410389e-01 -2.7831448419e-07
-2.3699871036e-06 -5.9313747861e-10
