4.2822682867e+02
4.2808744100e+02
4.2795018062e+02
4.2782388855e+02
4.2769957339e+02
4.2758313925e+02
4.2746880948e+02
4.2736427475e+02
4.2726551125e+02
4.2717285380e+02
4.2708799939e+02
4.2700610482e+02
4.2693340144e+02
4.2686358801e+02
4.2680153882e+02
4.2674678930e+02
4.2669829688e+02
4.2665789778e+02
4.2662154447e+02
4.2659672793e+02
4.2657304245e+02
4.2655869069e+02
4.2655106187e+02
4.2654870227e+02
4.2655815394e+02
4.2657155849e+02
4.2659214098e+02
4.2661948317e+02
4.2665563046e+02
4.2669571468e+02
4.2674866983e+02
4.2680582834e+02
4.2686722155e+02
4.2694128825e+02
4.2702095801e+02
4.2710529023e+02
4.2720149680e+02
4.2730382474e+02
4.2741210721e+02
4.2752698574e+02
4.2764711451e+02
4.2777801579e+02
4.2791647951e+02
4.2806010877e+02
4.2821239971e+02
4.2836953505e+02
4.2853364009e+02
4.2870673814e+02
4.2888692394e+02
4.2907195713e+02
4.2926360830e+02
4.2946214564e+02
4.2966796285e+02
4.2987655067e+02
4.3009648260e+02
4.3031675750e+02
4.3054601804e+02
4.3078063710e+02
4.3102271020e+02
4.3126903913e+02
4.3151976957e+02
4.3177229497e+02
4.3203326807e+02
4.3229729656e+02
4.3256768899e+02
4.3284196508e+02
4.3312294323e+02
4.3340213654e+02
4.3368598133e+02
4.3397285875e+02
4.3426723058e+02
4.3456348046e+02
4.3485939111e+02
4.3515698428e+02
4.3545951163e+02
4.3576442407e+02
4.3607319237e+02
4.3637746402e+02
4.3668524617e+02
4.3699415954e+02
4.3730940752e+02
4.3761255964e+02
4.3792782748e+02
4.3823685463e+02
4.3854867944e+02
4.3884583896e+02
4.3916800354e+02
4.3946313484e+02
4.3976967867e+02
4.4006744939e+02
4.4036848309e+02
4.4062938714e+02
4.4092811529e+02
4.4121862792e+02
4.4146196072e+02
4.4170940693e+02
4.4188010871e+02
4.4219547817e+02
4.4176702657e+02
4.4059953256e+02
