2.7186586685e+02
2.7149389892e+02
2.7223701175e+02
2.7112184235e+02
2.7260814608e+02
2.7075081692e+02
2.7297879845e+02
2.7038128343e+02
2.7334920614e+02
2.7001173155e+02
2.7371986972e+02
2.6964164567e+02
2.7409439856e+02
2.6927147420e+02
2.7446891825e+02
2.6890063818e+02
2.7484060417e+02
2.6852828358e+02
2.7521002479e+02
2.6815590788e+02
2.7557961894e+02
2.6778829934e+02
2.7595700834e+02
2.6742174228e+02
2.7633438656e+02
2.6705605924e+02
2.7670620659e+02
2.6669231700e+02
2.7707262614e+02
2.6632855111e+02
2.7743905672e+02
2.6595890873e+02
2.7781947873e+02
2.6558759418e+02
2.7820018871e+02
2.6521799901e+02
2.7857652748e+02
2.6485293614e+02
2.7894789371e+02
2.6448784402e+02
2.7931928137e+02
2.6412161713e+02
2.7969496941e+02
2.6375498435e+02
2.8007093765e+02
2.6338811512e+02
2.8044514362e+02
2.6301997540e+02
2.8081708122e+02
2.6265179694e+02
2.8118904348e+02
2.6228909460e+02
2.8156437850e+02
2.6192876926e+02
2.8194009579e+02
2.6156728846e+02
2.8231567326e+02
2.6120003596e+02
2.8269122770e+02
2.6083274129e+02
2.8306681028e+02
2.6047022197e+02
2.8344145683e+02
2.6011019518e+02
2.8381595988e+02
2.5975004567e+02
2.8419114440e+02
2.5938887101e+02
2.8456792033e+02
2.5902765605e+02
2.8494473762e+02
2.5866657306e+02
2.8531822568e+02
2.5830556726e+02
2.8569098357e+02
2.5794465890e+02
2.8606411185e+02
2.5758414825e+02
2.8643830538e+02
2.5722358735e+02
2.8681253444e+02
2.5686420019e+02
2.8718774462e+02
2.5650568079e+02
2.8756324469e+02
2.5614735692e+02
2.8793878092e+02
2.5579159832e+02
2.8831466983e+02
2.5543578835e+02
2.8869059810e+02
2.5507876880e+02
2.8906557781e+02
2.5472070518e+02
2.8944023330e+02
2.8981512463e+02
2.5436270392e+02
2.9019120021e+02
2.5400537524e+02
2.9056732784e+02
2.5364798452e+02
2.9094078360e+02
2.5329299784e+02
2.9131308478e+02
2.5294047894e+02
2.9168622196e+02
2.5258791584e+02
2.9206354356e+02
2.5223651507e+02
2.9244091154e+02
2.5188501510e+02
2.9281412921e+02
2.5153234575e+02
2.9318518762e+02
2.5117830119e+02
2.9355682308e+02
2.5082421265e+02
2.9393222183e+02
2.5047501455e+02
2.9430766625e+02
2.5012599415e+02
2.9468191913e+02
2.4977643481e+02
2.9505543573e+02
2.4942615921e+02
2.9542933406e+02
2.4907583335e+02
2.9580764962e+02
2.4872914162e+02
2.9618602909e+02
2.4838273385e+02
2.9655909220e+02
2.4803653577e+02
2.9692823472e+02
2.4769075201e+02
2.9729750414e+02
2.4734491442e+02
2.9766891399e+02
2.9804037235e+02
2.4699633704e+02
2.9841453189e+02
2.4664710763e+02
2.9879103722e+02
2.4630085885e+02
2.9916745001e+02
2.4596066828e+02
2.9953815220e+02
2.4562041411e+02
2.9990891030e+02
2.4527872148e+02
3.0028142013e+02
2.4493654490e+02
3.0065570635e+02
2.4459468945e+02
3.0103003502e+02
2.4425374344e+02
3.0140050027e+02
2.4391273258e+02
3.0177098240e+02
2.4357290039e+02
3.0214299467e+02
2.4323323270e+02
3.0251682029e+02
2.4289411944e+02
3.0289069114e+02
2.4255684071e+02
3.0325975506e+02
2.4221948925e+02
3.0362860344e+02
3.0399899062e+02
2.4188459326e+02
3.0437151660e+02
2.4155043004e+02
3.0474408932e+02
2.4121598602e+02
3.0511300560e+02
2.4088077209e+02
3.0548159939e+02
2.4054548399e+02
3.0585158926e+02
2.4021192271e+02
3.0622386832e+02
2.3987893802e+02
3.0659619755e+02
2.3954623193e+02
3.0696593979e+02
2.3921527170e+02
3.0733537393e+02
2.3888422814e+02
3.0770499386e+02
2.3855564768e+02
3.0807490437e+02
2.3822821835e+02
3.0844486892e+02
2.3790064201e+02
3.0881239542e+02
3.0917948293e+02
2.3757270038e+02
3.0954732738e+02
2.3724467389e+02
3.0991689010e+02
2.3691753191e+02
3.1028650862e+02
2.3659075863e+02
3.1065411844e+02
2.3626425876e+02
3.1102126020e+02
2.3594151393e+02
3.1138864938e+02
2.3561867410e+02
3.1175662247e+02
2.3529725801e+02
3.1212465680e+02
2.3497675755e+02
3.1249097666e+02
2.3465612259e+02
3.1285677896e+02
2.3433503604e+02
3.1322292359e+02
3.1359013054e+02
2.3401385399e+02
3.1395740037e+02
2.3369505942e+02
3.1432254176e+02
2.3337819600e+02
3.1468684855e+02
2.3306121076e+02
3.1505148614e+02
2.3274407185e+02
3.1541741786e+02
2.3242683216e+02
3.1578341429e+02
2.3211146164e+02
3.1614814930e+02
2.3179783721e+02
3.1651233151e+02
2.3148408337e+02
3.1687642660e+02
2.3117307295e+02
3.1723948550e+02
3.1760261121e+02
2.3086204682e+02
3.1796542849e+02
2.3054929049e+02
3.1832815222e+02
2.3023422095e+02
3.1869100498e+02
2.2991901797e+02
3.1905442680e+02
2.2961425003e+02
3.1941791871e+02
2.2931016522e+02
3.1977992568e+02
2.2900603483e+02
3.2014091688e+02
2.2870177146e+02
3.2050204095e+02
2.2839737290e+02
3.2086418076e+02
3.2122639364e+02
2.2809182680e+02
3.2158703065e+02
2.2778603800e+02
3.2194637096e+02
2.2748166324e+02
3.2230580987e+02
2.2717952065e+02
3.2266654936e+02
2.2687723345e+02
3.2302736392e+02
2.2657877655e+02
3.2338667034e+02
2.2628090720e+02
3.2374451170e+02
2.2598156318e+02
3.2410244275e+02
3.2446098647e+02
2.2567899705e+02
3.2481962304e+02
2.2537627807e+02
3.2517837129e+02
2.2508323600e+02
3.2553736440e+02
2.2479239256e+02
3.2589644952e+02
2.2450047734e+02
3.2625162908e+02
2.2420584737e+02
3.2660658812e+02
2.2391106042e+02
3.2696154858e+02
2.2362144041e+02
3.2731654472e+02
3.2767163215e+02
2.2333329802e+02
3.2802735691e+02
2.2304351636e+02
3.2838323387e+02
2.2274858963e+02
3.2873817934e+02
2.2245350021e+02
3.2909158424e+02
2.2216832159e+02
3.2944508451e+02
2.2188677110e+02
3.2979855437e+02
2.2160493671e+02
3.3015208779e+02
2.2132217546e+02
3.3050502633e+02
3.3085679511e+02
2.2103925024e+02
3.3120866193e+02
2.2075566314e+02
3.3156044274e+02
2.2047170856e+02
3.3191226906e+02
2.2018894648e+02
3.3226337580e+02
2.1991206799e+02
3.3261272116e+02
2.1963502107e+02
3.3296216710e+02
2.1935603136e+02
3.3331171029e+02
3.3366134420e+02
2.1907592140e+02
3.3401059515e+02
2.1879627740e+02
3.3435867643e+02
2.1851973033e+02
3.3470686113e+02
2.1824299823e+02
3.3505393594e+02
2.1796923462e+02
3.3540065118e+02
2.1769735395e+02
3.3574717318e+02
2.1742615384e+02
3.3609286543e+02
3.3643866240e+02
2.1716323942e+02
3.3678403738e+02
2.1690014791e+02
3.3712927132e+02
2.1663066745e+02
3.3747408925e+02
2.1635626319e+02
3.3781663385e+02
2.1608224582e+02
3.3815928605e+02
2.1581604737e+02
3.3850229735e+02
3.3884554857e+02
2.1554965440e+02
3.3918836188e+02
2.1528541118e+02
3.3952780364e+02
2.1502310453e+02
3.3986735612e+02
2.1476070255e+02
3.4020749073e+02
2.1449865606e+02
3.4054803706e+02
2.1423640512e+02
3.4088832460e+02
3.4122528328e+02
2.1397741271e+02
3.4156235672e+02
2.1372190942e+02
3.4189946959e+02
2.1346622044e+02
3.4223663364e+02
2.1320581455e+02
3.4257371808e+02
2.1294493886e+02
3.4290781130e+02
2.1268918364e+02
3.4324202304e+02
3.4357576699e+02
2.1243989132e+02
3.4390909403e+02
2.1219039729e+02
3.4424248156e+02
2.1194076323e+02
3.4457361061e+02
2.1169085061e+02
3.4490486234e+02
2.1144111064e+02
3.4523522481e+02
2.1119174407e+02
3.4556463017e+02
3.4589415167e+02
2.1094217620e+02
3.4622102338e+02
2.1069753928e+02
3.4654795313e+02
2.1045324763e+02
3.4687438524e+02
2.1020876425e+02
3.4720016108e+02
2.0996412239e+02
3.4752605868e+02
3.4784867466e+02
2.0971925686e+02
3.4817117734e+02
2.0947925288e+02
3.4849281690e+02
2.0923985228e+02
3.4881311829e+02
2.0900116684e+02
3.4913354680e+02
2.0876425794e+02
3.4945282593e+02
2.0852710967e+02
3.4977211407e+02
3.5008936282e+02
2.0829182929e+02
3.5040293759e+02
2.0805668194e+02
3.5071664688e+02
2.0782313578e+02
3.5103058277e+02
2.0759406930e+02
3.5134473591e+02
2.0736474099e+02
3.5165667056e+02
3.5196379499e+02
2.0713813580e+02
3.5227106186e+02
2.0691205779e+02
3.5257653866e+02
2.0668645458e+02
3.5288175157e+02
2.0646295496e+02
3.5318611656e+02
2.0623916956e+02
3.5348808919e+02
3.5379021240e+02
2.0602012021e+02
3.5408624929e+02
2.0580253695e+02
3.5438055518e+02
2.0558557038e+02
3.5467511443e+02
2.0537198447e+02
3.5497012231e+02
2.0515807529e+02
3.5526529259e+02
3.5555316811e+02
2.0494967731e+02
3.5583841986e+02
2.0474345748e+02
3.5612286583e+02
2.0453805411e+02
3.5640360748e+02
2.0433840661e+02
3.5668452816e+02
2.0413838492e+02
3.5696005971e+02
3.5723326998e+02
2.0394520370e+02
3.5750539837e+02
2.0375538451e+02
3.5777109833e+02
2.0356693515e+02
3.5803700183e+02
2.0339106742e+02
3.5829585136e+02
3.5855098862e+02
2.0321474249e+02
3.5880453371e+02
2.0304965641e+02
3.5904512541e+02
2.0289146257e+02
3.5928595936e+02
2.0273456458e+02
3.5951786159e+02
2.0259782371e+02
3.5974411831e+02
3.5996804598e+02
2.0246046672e+02
3.6016265670e+02
2.0238921432e+02
3.6035758064e+02
2.0236934739e+02
3.6049890363e+02
2.0233751320e+02
3.6059844927e+02
3.6071351091e+02
2.0203622723e+02
3.6118960978e+02
2.0173366164e+02
3.6166644454e+02
2.0273058876e+02
3.6071671932e+02
2.0493692262e+02
3.5844482226e+02
2.0714356993e+02
3.5617271731e+02
