-4.2353364485e-07 2.4326203091e-08
3.1580403905e-01 -4.9025979099e-04
6.2474437614e-01 -1.9379761195e-03
9.2677351800e-01 -4.2957535466e-03
1.2218600039e+00 -7.5376394341e-03
1.5099908917e+00 -1.1614300989e-02
1.7911306444e+00 -1.6488721824e-02
2.0652637472e+00 -2.2128563679e-02
2.3323845236e+00 -2.8490669847e-02
2.5924548318e+00 -3.5541863961e-02
2.8455060246e+00 -4.3238709218e-02
3.0914961721e+00 -5.1553546249e-02
3.3304394495e+00 -6.0445070391e-02
3.5623222881e+00 -6.9881970780e-02
3.7871610561e+00 -7.9828335962e-02
4.0049490064e+00 -9.0249532076e-02
4.2156968252e+00 -1.0111189271e-01
4.4194117094e+00 -1.1238770399e-01
4.6160917152e+00 -1.2403996232e-01
4.8057553709e+00 -1.3604098950e-01
4.9884138716e+00 -1.4835705061e-01
5.1640629478e+00 -1.6095929634e-01
5.3327491619e+00 -1.7381459450e-01
5.4944590624e+00 -1.8689666749e-01
5.6492138909e+00 -2.0018105038e-01
5.7970449687e+00 -2.1363353629e-01
5.9379253464e+00 -2.2722670675e-01
6.0719151629e+00 -2.4093996651e-01
6.1989952490e+00 -2.5473806883e-01
6.3192057409e+00 -2.6860083661e-01
6.4325737398e+00 -2.8250109822e-01
6.5390960417e+00 -2.9641445866e-01
6.6387985384e+00 -3.1031400237e-01
6.7317060267e+00 -3.2417311680e-01
6.8178315023e+00 -3.3797070963e-01
6.8971859337e+00 -3.5168223204e-01
6.9698007811e+00 -3.6528383463e-01
7.0356794222e+00 -3.7875135906e-01
7.0948678017e+00 -3.9206106706e-01
7.1473662530e+00 -4.0518975116e-01
7.1932013128e+00 -4.1811586954e-01
7.2323989963e+00 -4.3082176724e-01
7.2649763663e+00 -4.4327625129e-01
7.2909372797e+00 -4.5545368063e-01
7.3103265717e+00 -4.6734395195e-01
7.3231648269e+00 -4.7892079750e-01
7.3294505863e+00 -4.9015358293e-01
7.3292260088e+00 -5.0102605296e-01
7.3225277982e+00 -5.1151820187e-01
7.3093381633e+00 -5.2159835269e-01
7.2897193518e+00 -5.3125196747e-01
7.2636807246e+00 -5.4045311241e-01
7.2312579881e+00 -5.4917797867e-01
7.1924586781e+00 -5.5740593575e-01
7.1473352432e+00 -5.6510935965e-01
7.0959082872e+00 -5.7226663934e-01
7.0381915171e+00 -5.7885448439e-01
6.9742447823e+00 -5.8484863980e-01
6.9040792861e+00 -5.9022323451e-01
6.8277403122e+00 -5.9495340228e-01
6.7452565372e+00 -5.9901055696e-01
6.6566929264e+00 -6.0237522625e-01
6.5620521727e+00 -6.0502075911e-01
6.4614167707e+00 -6.0691953991e-01
6.3548122834e+00 -6.0804481152e-01
6.2422846531e+00 -6.0836944835e-01
6.1239113334e+00 -6.0786581150e-01
5.9997240074e+00 -6.0650097907e-01
5.8698019566e+00 -6.0425602246e-01
5.7341980281e+00 -6.0109710996e-01
5.5929962123e+00 -5.9699562741e-01
5.4462721569e+00 -5.9192408125e-01
5.2940901954e+00 -5.8585491758e-01
5.1365580853e+00 -5.7875470815e-01
4.9737775507e+00 -5.7059679935e-01
4.8058418366e+00 -5.6134735125e-01
4.6328876678e+00 -5.5098458543e-01
4.4550211075e+00 -5.3947923290e-01
4.2723953841e+00 -5.2679652710e-01
4.0851615882e+00 -5.1291065981e-01
3.8934785667e+00 -4.9779682911e-01
3.6975593101e+00 -4.8143713658e-01
3.4975883155e+00 -4.6379944439e-01
3.2938218525e+00 -4.4487355573e-01
3.0864805719e+00 -4.2463589207e-01
2.8758897940e+00 -4.0307692062e-01
2.6623798120e+00 -3.8018403399e-01
2.4463116718e+00 -3.5595748256e-01
2.2281253321e+00 -3.3041083219e-01
2.0083162729e+00 -3.0356129163e-01
1.7874901962e+00 -2.7544247379e-01
1.5663427114e+00 -2.4611412332e-01
1.3457298093e+00 -2.1566297165e-01
1.1266756637e+00 -1.8420362484e-01
9.1054794609e-01 -1.5191998690e-01
6.9918806145e-01 -1.1909538738e-01
4.9517438372e-01 -8.6167507032e-02
3.0250220426e-01 -5.3840843888e-02
1.2896531231e-01 -2.2610050457e-02
-4.2773924379e-06 -1.5387185779e-06
