-6.7490220152e-06 -5.2909739436e-09
-6.7490220153e-06 -5.2909739435e-09
3.0691894704e-01 -1.2006495731e-05
6.0723104388e-01 -6.1714082061e-05
9.0094884838e-01 -1.4917795305e-04
1.1881731058e+00 -2.7700205918e-04
1.4689210777e+00 -4.5121635399e-04
1.7431583199e+00 -6.7984796413e-04
2.0110591924e+00 -9.6579891717e-04
2.2725511948e+00 -1.3071018409e-03
2.5276747352e+00 -1.7074229799e-03
2.7764811710e+00 -2.1752990476e-03
3.0189932760e+00 -2.7153936440e-03
3.2553100731e+00 -3.3307100569e-03
3.4853762974e+00 -4.0207983446e-03
3.7092242050e+00 -4.7857678825e-03
3.9269160740e+00 -5.6332867016e-03
4.1384433122e+00 -6.5631332769e-03
4.3438907588e+00 -7.5748389760e-03
4.5431827159e+00 -8.6670643781e-03
4.7364335976e+00 -9.8425675550e-03
4.9236290378e+00 -1.1106712838e-02
5.1047810616e+00 -1.2454659296e-02
5.2799247695e+00 -1.3880131109e-02
5.4490510699e+00 -1.5390835825e-02
5.6122087622e+00 -1.6991541687e-02
5.7693991179e+00 -1.8668886723e-02
5.9206312762e+00 -2.0423691375e-02
6.0659411040e+00 -2.2254903977e-02
6.2053108683e+00 -2.4161085760e-02
6.3387776210e+00 -2.6137646293e-02
6.4663381716e+00 -2.8181474680e-02
6.5879944521e+00 -3.0288766608e-02
6.7037682706e+00 -3.2457407530e-02
6.8136612525e+00 -3.4683702935e-02
6.9176728552e+00 -3.6960119541e-02
7.0158219579e+00 -3.9284031115e-02
7.1080836407e+00 -4.1650143541e-02
7.1944894536e+00 -4.4052120647e-02
7.2750212663e+00 -4.6484529343e-02
7.3496673558e+00 -4.8944157506e-02
7.4184619486e+00 -5.1422424429e-02
7.4813556593e+00 -5.3913125731e-02
7.5383677617e+00 -5.6412451018e-02
7.5895065148e+00 -5.8912560721e-02
7.6347142070e+00 -6.1403732493e-02
7.6740157792e+00 -6.3884530026e-02
7.7074004660e+00 -6.6343044947e-02
7.7348330943e+00 -6.8773195207e-02
7.7563297859e+00 -7.1169800151e-02
7.7718329677e+00 -7.3523170668e-02
7.7813615883e+00 -7.5828750954e-02
7.7848760476e+00 -7.8076663629e-02
7.7823434576e+00 -8.0258764713e-02
7.7737615123e+00 -8.2368589605e-02
7.7591115239e+00 -8.4402108762e-02
7.7383358242e+00 -8.6346247149e-02
7.7114335787e+00 -8.8195477629e-02
7.6783485223e+00 -8.9943419125e-02
7.6390788123e+00 -9.1581332411e-02
7.5935739353e+00 -9.3104735626e-02
7.5417845654e+00 -9.4504942973e-02
7.4836889135e+00 -9.5771003808e-02
7.4192491095e+00 -9.6900331273e-02
7.3484199703e+00 -9.7887362109e-02
7.2711442391e+00 -9.8720479941e-02
7.1873821032e+00 -9.9398603803e-02
7.0971167134e+00 -9.9910886125e-02
7.0002674626e+00 -1.0025102732e-01
6.8967812032e+00 -1.0042017359e-01
6.7866282908e+00 -1.0040670432e-01
6.6697205961e+00 -1.0020332497e-01
6.5460261429e+00 -9.9813459740e-02
6.4154857458e+00 -9.9224273264e-02
6.2780126387e+00 -9.8433697525e-02
6.1335742514e+00 -9.7440402600e-02
5.9820843416e+00 -9.6235124338e-02
5.8234768512e+00 -9.4823195886e-02
5.6576951464e+00 -9.3191284853e-02
5.4846443056e+00 -9.1340655210e-02
5.3042583249e+00 -8.9272688304e-02
5.1164663366e+00 -8.6979385405e-02
4.9211877393e+00 -8.4460460461e-02
4.7183304704e+00 -8.1717402973e-02
4.5078142479e+00 -7.8744688389e-02
4.2895480929e+00 -7.5547113247e-02
4.0634568245e+00 -7.2116393034e-02
3.8294165304e+00 -6.8461086209e-02
3.5873479860e+00 -6.4573128413e-02
3.3371570023e+00 -6.0458072194e-02
3.0787283217e+00 -5.6111896172e-02
2.8119672445e+00 -5.1544014518e-02
2.5367492264e+00 -4.6743921524e-02
2.2529742247e+00 -4.1721048488e-02
1.9605191342e+00 -3.6472336788e-02
1.6592506126e+00 -3.1000517093e-02
1.3490578227e+00 -2.5305103571e-02
1.0298038331e+00 -1.9387611799e-02
7.0132695126e-01 -1.3249991654e-02
3.6351087177e-01 -6.8978325382e-03
1.6747338895e-02 -3.1851231513e-04
