4.3449714799e-06 3.6279859251e-07
2.7664768224e-01 -7.6515622787e-04
5.4707415748e-01 -2.9913796087e-03
8.1123819283e-01 -6.6680644758e-03
1.0690635489e+00 -1.1679600401e-02
1.3205576923e+00 -1.8003076238e-02
1.5656111156e+00 -2.5548091737e-02
1.8041963631e+00 -3.4274578767e-02
2.0363072697e+00 -4.4118500865e-02
2.2619103722e+00 -5.4994377496e-02
2.4809963902e+00 -6.6888683580e-02
2.6934996127e+00 -7.9698463432e-02
2.8994513962e+00 -9.3387343498e-02
3.0988334290e+00 -1.0790045025e-01
3.2916508595e+00 -1.2315934153e-01
3.4778902014e+00 -1.3914023742e-01
3.6575400387e+00 -1.5575111564e-01
3.8306354622e+00 -1.7297154024e-01
3.9971826950e+00 -1.9071635941e-01
4.1571779107e+00 -2.0896057008e-01
4.3106369479e+00 -2.2763488539e-01
4.4575708838e+00 -2.4668637113e-01
4.5980077027e+00 -2.6608640823e-01
4.7319837708e+00 -2.8574691797e-01
4.8594884336e+00 -3.0566522270e-01
4.9805519434e+00 -3.2576051490e-01
5.0951922663e+00 -3.4599094699e-01
5.2034606661e+00 -3.6633284920e-01
5.3053825827e+00 -3.8670436258e-01
5.4009287369e+00 -4.0709843603e-01
5.4901984512e+00 -4.2744486944e-01
5.5731867027e+00 -4.4770081768e-01
5.6499328047e+00 -4.6785454582e-01
5.7204777526e+00 -4.8782482454e-01
5.7848195273e+00 -5.0759879147e-01
5.8430313075e+00 -5.2712581398e-01
5.8951106099e+00 -5.4635285187e-01
5.9411119850e+00 -5.6527228971e-01
5.9810811824e+00 -5.8381614536e-01
6.0150167669e+00 -6.0196506696e-01
6.0429939540e+00 -6.1966736728e-01
6.0650268794e+00 -6.3690205918e-01
6.0811738798e+00 -6.5361540291e-01
6.0914487189e+00 -6.6978884573e-01
6.0959308711e+00 -6.8537215201e-01
6.0946150698e+00 -7.0034477891e-01
6.0875639368e+00 -7.1464612712e-01
6.0748247863e+00 -7.2826794916e-01
6.0564410106e+00 -7.4117578693e-01
6.0324624151e+00 -7.5332111376e-01
6.0029110796e+00 -7.6468551895e-01
5.9678686502e+00 -7.7521214751e-01
5.9273545330e+00 -7.8489820661e-01
5.8814532342e+00 -7.9369474607e-01
5.8301977215e+00 -8.0158024470e-01
5.7736561279e+00 -8.0851174817e-01
5.7118612622e+00 -8.1446899812e-01
5.6449023175e+00 -8.1941126795e-01
5.5728298173e+00 -8.2331826376e-01
5.4957178557e+00 -8.2616935482e-01
5.4136194099e+00 -8.2792154866e-01
5.3266005564e+00 -8.2854491976e-01
5.2347785601e+00 -8.2801006501e-01
5.1381864347e+00 -8.2631865430e-01
5.0369364640e+00 -8.2341216052e-01
4.9310980466e+00 -8.1929460750e-01
4.8207766859e+00 -8.1392737652e-01
4.7060704960e+00 -8.0729281128e-01
4.5870571773e+00 -7.9936188719e-01
4.4638558724e+00 -7.9011255492e-01
4.3365992096e+00 -7.7953701476e-01
4.2053976052e+00 -7.6763825670e-01
4.0703884669e+00 -7.5437320113e-01
3.9316565908e+00 -7.3972924968e-01
3.7894404957e+00 -7.2369507301e-01
3.6437958969e+00 -7.0629176870e-01
3.4950060174e+00 -6.8752537301e-01
3.3431155186e+00 -6.6735079352e-01
3.1884363606e+00 -6.4577328210e-01
3.0310725214e+00 -6.2282861879e-01
2.8713187210e+00 -5.9851825879e-01
2.7093781996e+00 -5.7287295123e-01
2.5455459993e+00 -5.4593693497e-01
2.3800291038e+00 -5.1771115086e-01
2.2132950411e+00 -4.8821762069e-01
2.0454616028e+00 -4.5750914215e-01
1.8770890834e+00 -4.2569212197e-01
1.7085507688e+00 -3.9285239604e-01
1.5402163195e+00 -3.5908908053e-01
1.3728515159e+00 -3.2447750039e-01
1.2066783980e+00 -2.8904033796e-01
1.0429445639e+00 -2.5316718854e-01
8.8188419909e-01 -2.1693079415e-01
7.2516244094e-01 -1.8092591020e-01
5.7334671511e-01 -1.4492326255e-01
4.2893188628e-01 -1.0959102946e-01
2.9340634844e-01 -7.5755772878e-02
1.7108853998e-01 -4.3731876756e-02
6.7759433726e-02 -1.6995703030e-02
-5.4595294936e-06 5.3023284627e-07
