1.9417149888e+02
1.9443248917e+02
1.9469347945e+02
1.9495169307e+02
1.9520344847e+02
1.9545156327e+02
1.9567019891e+02
1.9588897884e+02
1.9608911562e+02
1.9628024407e+02
1.9647829791e+02
1.9664378919e+02
1.9681364912e+02
1.9696541147e+02
1.9710228196e+02
1.9724929342e+02
1.9736192818e+02
1.9748087095e+02
1.9758826410e+02
1.9767421760e+02
1.9776718153e+02
1.9783652058e+02
1.9789873899e+02
1.9796116517e+02
1.9800055734e+02
1.9804402350e+02
1.9806469044e+02
1.9807638607e+02
1.9809802953e+02
1.9808997788e+02
1.9808317686e+02
1.9806294937e+02
1.9802541234e+02
1.9800212160e+02
1.9795172405e+02
1.9790026103e+02
1.9782692175e+02
1.9776325157e+02
1.9768465183e+02
1.9759569269e+02
1.9749807572e+02
1.9738743187e+02
1.9728453761e+02
1.9716287557e+02
1.9703135005e+02
1.9689766707e+02
1.9674854506e+02
1.9660209451e+02
1.9644655734e+02
1.9627509948e+02
1.9610528945e+02
1.9592778337e+02
1.9574403251e+02
1.9553752334e+02
1.9534559450e+02
1.9514107996e+02
1.9493202311e+02
1.9471670374e+02
1.9449101894e+02
1.9425276502e+02
1.9401291209e+02
1.9378713768e+02
1.9354816509e+02
1.9328940823e+02
1.9301608103e+02
1.9276783168e+02
1.9251109255e+02
1.9224805254e+02
1.9196467145e+02
1.9168935583e+02
1.9142043897e+02
1.9113878837e+02
1.9086015958e+02
1.9056745716e+02
1.9028171166e+02
1.9002565728e+02
1.8972002063e+02
1.8942268560e+02
1.8914593887e+02
1.8888700668e+02
1.8862047021e+02
1.8832359087e+02
1.8804293025e+02
1.8779615698e+02
1.8756286603e+02
1.8733295731e+02
1.8705999222e+02
1.8685440185e+02
1.8665231043e+02
1.8647096199e+02
1.8631819361e+02
1.8615246154e+02
1.8609592569e+02
1.8599225275e+02
1.8585096182e+02
1.8612827840e+02
1.8604683516e+02
1.8617130335e+02
1.8683370345e+02
1.8749610354e+02
