2.6395990359e+02
2.6343365214e+02
2.6448715183e+02
2.6290396464e+02
2.6502956669e+02
2.6236879514e+02
2.6557191762e+02
2.6183355592e+02
2.6610678407e+02
2.6663593574e+02
2.6130242815e+02
2.6716540916e+02
2.6077176986e+02
2.6770875909e+02
2.6024078664e+02
2.6825205412e+02
2.5970846673e+02
2.6878742055e+02
2.5917606176e+02
2.6931562259e+02
2.5864860117e+02
2.6984387734e+02
2.5812193300e+02
2.7038899663e+02
2.5759246721e+02
2.7093446435e+02
2.5705673790e+02
2.7147478110e+02
2.5652089422e+02
2.7200971651e+02
2.5600157951e+02
2.7254474151e+02
2.5548589651e+02
2.7308238251e+02
2.5496815852e+02
2.7362021644e+02
2.5444495378e+02
2.7415332829e+02
2.5392162402e+02
2.7468033235e+02
2.5339492993e+02
2.7520741816e+02
2.5286729162e+02
2.7575318140e+02
2.5234307343e+02
2.7630104305e+02
2.5182697984e+02
2.7684660435e+02
2.5131074610e+02
2.7738952645e+02
2.5078942898e+02
2.7793257881e+02
2.5026626515e+02
2.7846316940e+02
2.4974448948e+02
2.7899177738e+02
2.4922637088e+02
2.7952609665e+02
2.4870807227e+02
2.8007216434e+02
2.4819361490e+02
2.8061838638e+02
2.4768078355e+02
2.8115051314e+02
2.4716844547e+02
2.8167958643e+02
2.4665711534e+02
2.8221018428e+02
2.4614558120e+02
2.8274485498e+02
2.4563370472e+02
2.8327968994e+02
2.4512161862e+02
2.8381539827e+02
2.4461082308e+02
2.8435141398e+02
2.4410647559e+02
2.8488779127e+02
2.4360190430e+02
2.8542635559e+02
2.4309715932e+02
2.8596511936e+02
2.4259228231e+02
2.8649648082e+02
2.4208786826e+02
2.8702527280e+02
2.4158617768e+02
2.8755473049e+02
2.4108425177e+02
2.8808735077e+02
2.4058372509e+02
2.8862017141e+02
2.4008421613e+02
2.8915310838e+02
2.3958545623e+02
2.8968616156e+02
2.3909856775e+02
2.9021814208e+02
2.3861144201e+02
2.9074600209e+02
2.3811685767e+02
2.9127408142e+02
2.3761583990e+02
2.9180334841e+02
2.3711526766e+02
2.9233328407e+02
2.3662211907e+02
2.9286317277e+02
2.3612867913e+02
2.9339434092e+02
2.3564047018e+02
2.9392575854e+02
2.3515765393e+02
2.9445190873e+02
2.3467461156e+02
2.9497481621e+02
2.3419110096e+02
2.9549784261e+02
2.3370691527e+02
2.9602264543e+02
2.3322367333e+02
2.9654769326e+02
2.9707184964e+02
2.3274170189e+02
2.9759537429e+02
2.3225949811e+02
2.9811893503e+02
2.3179116284e+02
2.9864408286e+02
2.3132325888e+02
2.9916949601e+02
2.3085038426e+02
2.9968962912e+02
2.3037064688e+02
3.0020517935e+02
2.2989065989e+02
3.0072079411e+02
2.2942751928e+02
3.0123854618e+02
2.2896586599e+02
3.0175657384e+02
2.2850083338e+02
3.0227622375e+02
2.2803038113e+02
3.0279747777e+02
2.2755965781e+02
3.0331894602e+02
2.2709343352e+02
3.0382207717e+02
2.2662728053e+02
3.0432518267e+02
2.2616725408e+02
3.0483793146e+02
2.2571992346e+02
3.0536217483e+02
2.2527232134e+02
3.0588665641e+02
2.2481789324e+02
3.0639353045e+02
2.2436128138e+02
3.0689970373e+02
2.2390635603e+02
3.0740757311e+02
2.2345604476e+02
3.0791766770e+02
2.2300543744e+02
3.0842800724e+02
2.2255713922e+02
3.0893137876e+02
2.2210884036e+02
3.0943439500e+02
3.0993916193e+02
2.2166219074e+02
3.1044663360e+02
2.2122122630e+02
3.1095436926e+02
2.2077993003e+02
3.1145670826e+02
2.2034883328e+02
3.1195862747e+02
2.1992091707e+02
3.1245877885e+02
2.1949065460e+02
3.1295503034e+02
2.1905282642e+02
3.1345154836e+02
2.1861471693e+02
3.1395103733e+02
2.1817804569e+02
3.1445174993e+02
2.1774098212e+02
3.1495075862e+02
2.1730728744e+02
3.1544514646e+02
2.1689158900e+02
3.1593981781e+02
2.1647553421e+02
3.1643133231e+02
2.1605474635e+02
3.1692241690e+02
2.1563082194e+02
3.1741415390e+02
2.1520812812e+02
3.1790712129e+02
2.1479604705e+02
3.1840038409e+02
2.1438359122e+02
3.1888219016e+02
2.1397036132e+02
3.1936020708e+02
3.1984206606e+02
2.1355592449e+02
3.2033725446e+02
2.1314216813e+02
3.2083272649e+02
2.1273951336e+02
3.2131332233e+02
2.1233647685e+02
3.2178780689e+02
2.1193578425e+02
3.2226459483e+02
2.1153639608e+02
3.2275114216e+02
2.1113668790e+02
3.2323800363e+02
2.1073882046e+02
3.2371618846e+02
2.1034056250e+02
3.2419020367e+02
2.0994507901e+02
3.2466478741e+02
2.0955148912e+02
3.2514102369e+02
2.0915750330e+02
3.2561757933e+02
2.0877017607e+02
3.2608783812e+02
2.0838245058e+02
3.2655446352e+02
2.0800043101e+02
3.2702207695e+02
2.0762394420e+02
3.2749629917e+02
3.2797084801e+02
2.0724699944e+02
3.2843661730e+02
2.0686544157e+02
3.2889614540e+02
2.0648337684e+02
3.2935642145e+02
2.0610157871e+02
3.2982414439e+02
2.0571926616e+02
3.3029218772e+02
2.0533645814e+02
3.3075753673e+02
2.0497225326e+02
3.3122105257e+02
2.0460905170e+02
3.3168486153e+02
2.0424665377e+02
3.3213896706e+02
2.0388531303e+02
3.3259342155e+02
2.0352348735e+02
3.3304835561e+02
2.0316727678e+02
3.3350408641e+02
2.0281141921e+02
3.3396020835e+02
2.0245096536e+02
3.3441154746e+02
3.3486308198e+02
2.0208150847e+02
3.3531419093e+02
2.0171149261e+02
3.3576502316e+02
2.0136737087e+02
3.3621625263e+02
2.0102750197e+02
3.3665876873e+02
2.0068560317e+02
3.3710095944e+02
2.0033959462e+02
3.3754572476e+02
1.9999307860e+02
3.3799450515e+02
1.9965580242e+02
3.3844370544e+02
1.9932038527e+02
3.3887992741e+02
1.9898188291e+02
3.3931485284e+02
1.9863520331e+02
3.3975031667e+02
1.9828796852e+02
3.4018675594e+02
3.4062360444e+02
1.9795943377e+02
3.4105643218e+02
1.9763623416e+02
3.4148883933e+02
1.9731329146e+02
3.4192075085e+02
1.9699175095e+02
3.4235176326e+02
1.9666969823e+02
3.4278319016e+02
1.9634782130e+02
3.4321049266e+02
1.9602573012e+02
3.4363709718e+02
1.9570354759e+02
3.4406262909e+02
1.9538115633e+02
3.4448543276e+02
1.9505822415e+02
3.4490865272e+02
1.9474947136e+02
3.4532824914e+02
3.4574700193e+02
1.9444693533e+02
3.4616548234e+02
1.9414292837e+02
3.4658302803e+02
1.9383251221e+02
3.4700099541e+02
1.9352155886e+02
3.4741629247e+02
1.9321970341e+02
3.4783082373e+02
1.9292262531e+02
3.4824445066e+02
1.9262486807e+02
3.4865413374e+02
1.9232359434e+02
3.4906424381e+02
1.9202177226e+02
3.4947106274e+02
1.9173137990e+02
3.4987659450e+02
1.9144828021e+02
3.5028138658e+02
3.5068137411e+02
1.9116377523e+02
3.5108179062e+02
1.9086505200e+02
3.5148077543e+02
1.9056574444e+02
3.5187914747e+02
1.9028126098e+02
3.5227743502e+02
1.9000808173e+02
3.5267387319e+02
1.8973435024e+02
3.5307075240e+02
1.8945645686e+02
3.5346184867e+02
1.8917801093e+02
3.5384931381e+02
1.8890422582e+02
3.5423689591e+02
1.8863463589e+02
3.5462303946e+02
3.5500962282e+02
1.8836467705e+02
3.5539401430e+02
1.8810282563e+02
3.5577680815e+02
1.8784036588e+02
3.5615948755e+02
1.8757678241e+02
3.5653323768e+02
1.8731210963e+02
3.5690743091e+02
1.8704697677e+02
3.5728257061e+02
1.8678807169e+02
3.5765859598e+02
1.8652850600e+02
3.5803490807e+02
1.8627348700e+02
3.5839672257e+02
3.5875898235e+02
1.8602431260e+02
3.5912302334e+02
1.8577460024e+02
3.5948891619e+02
1.8552717136e+02
3.5985523628e+02
1.8527923187e+02
3.6020696366e+02
1.8503653053e+02
3.6055866866e+02
1.8480187011e+02
3.6091214659e+02
1.8456667626e+02
3.6126770907e+02
1.8432507101e+02
3.6162369451e+02
1.8408183202e+02
3.6196751694e+02
3.6231090154e+02
1.8384520458e+02
3.6265313937e+02
1.8362062106e+02
3.6299345392e+02
1.8339545788e+02
3.6333421049e+02
1.8317447556e+02
3.6366757708e+02
1.8295367998e+02
3.6400050449e+02
1.8273431340e+02
3.6433051660e+02
1.8251861020e+02
3.6465505798e+02
1.8230231439e+02
3.6498005234e+02
3.6529888974e+02
1.8209393887e+02
3.6561709643e+02
1.8188689993e+02
3.6593265942e+02
1.8168151323e+02
3.6624214849e+02
1.8148129046e+02
3.6655210287e+02
1.8128046013e+02
3.6685460132e+02
1.8108746777e+02
3.6715576493e+02
1.8089628901e+02
3.6745458515e+02
1.8070677661e+02
3.6774669843e+02
3.6803929405e+02
1.8052386425e+02
3.6832240498e+02
1.8034032069e+02
3.6860303516e+02
1.8016671343e+02
3.6888153693e+02
1.7999629857e+02
3.6915230421e+02
1.7982703345e+02
3.6942357603e+02
1.7966431384e+02
3.6968213563e+02
1.7950092129e+02
3.6993623460e+02
1.7935630527e+02
3.7018846310e+02
3.7043175033e+02
1.7921990132e+02
3.7067555901e+02
1.7908445402e+02
3.7090640530e+02
1.7895696948e+02
3.7113166628e+02
1.7882882894e+02
3.7135429776e+02
1.7870926182e+02
3.7156097367e+02
1.7859353754e+02
3.7176820960e+02
1.7848176625e+02
3.7195875765e+02
3.7214043007e+02
1.7840345783e+02
3.7231911777e+02
1.7832434076e+02
3.7247246276e+02
1.7827184518e+02
3.7262642069e+02
1.7823645083e+02
3.7275657321e+02
1.7820423391e+02
3.7287142018e+02
1.7821706250e+02
3.7298239635e+02
1.7822900243e+02
3.7304253001e+02
1.7830836431e+02
3.7310337084e+02
3.7309684597e+02
1.7844031301e+02
3.7303768654e+02
1.7856995131e+02
3.7298286530e+02
1.7866496885e+02
3.7301523890e+02
1.7875863291e+02
3.7304879795e+02
1.7974228004e+02
3.7205564163e+02
1.8156623923e+02
3.7010360130e+02
3.6815099671e+02
1.8339169427e+02
