3.7380491903e+02
3.7220146365e+02
5.8276336591e+02
3.7029327576e+02
5.8448478594e+02
3.6833204160e+02
3.6631973595e+02
5.8659233576e+02
3.6457848585e+02
5.8878627866e+02
3.6367826853e+02
5.9106440554e+02
3.6265940844e+02
5.9260512534e+02
3.6103657236e+02
5.9265326957e+02
3.5933793134e+02
5.9279043458e+02
3.5768753060e+02
3.5725557240e+02
5.9298279841e+02
3.5673297906e+02
5.9328183960e+02
3.5612027678e+02
5.9343599256e+02
3.5537496424e+02
5.9182067351e+02
3.5448956124e+02
5.9034204888e+02
3.5439959593e+02
5.8900160753e+02
3.5450249259e+02
5.8707200288e+02
3.5449761182e+02
3.5438495853e+02
5.8478052016e+02
3.5418458929e+02
5.8174247070e+02
3.5460518196e+02
5.7830190323e+02
3.5561420972e+02
5.7499782963e+02
3.5651402999e+02
5.7183357682e+02
3.5730373672e+02
5.6881233094e+02
3.5798253475e+02
5.6491051087e+02
3.5854974058e+02
5.6006447444e+02
3.5916953048e+02
3.6105623378e+02
5.5527454653e+02
3.6294009950e+02
5.5059499601e+02
3.6452307634e+02
5.4603053480e+02
3.6604345147e+02
5.4171107049e+02
3.6749969400e+02
5.3719931202e+02
3.6889033762e+02
5.3178827719e+02
3.7062861798e+02
5.2640400902e+02
3.7307855126e+02
5.2105192904e+02
3.7577875391e+02
5.1573742631e+02
3.7842536190e+02
5.1046585210e+02
3.8101571034e+02
5.0549428708e+02
3.8354719095e+02
5.0065042412e+02
3.8606510671e+02
4.9489648818e+02
3.8899980130e+02
3.9277275467e+02
4.8914570539e+02
3.9650615285e+02
4.8340386630e+02
4.0019623661e+02
4.7767675246e+02
4.0383929037e+02
4.7257237417e+02
4.0739394612e+02
4.6811343697e+02
4.1050471811e+02
4.6327190308e+02
4.1455248935e+02
4.5771532299e+02
4.1921880509e+02
4.5214790335e+02
4.2390462912e+02
4.4657525009e+02
4.2857269770e+02
4.4147683070e+02
4.3321831048e+02
4.3744414650e+02
