7.6325568943e-04 4.7595479252e-07
7.7622558932e-04 5.1390530696e-06
4.9638111327e-04 -8.5723327916e-07
5.4666832749e-04 7.5465893042e-06
4.8691034269e-05 1.4811786148e-06
7.3933918417e-05 3.1310460679e-06
5.2969728306e-04 9.5027984861e-08
4.8011335332e-04 3.3884800922e-06
7.6847992878e-04 -3.1376077868e-06
7.5785455885e-04 7.0803909605e-06
7.6197993014e-04 -6.5902800505e-06
7.8423303899e-04 1.2444499847e-05
5.0546769534e-04 -5.9308621247e-06
5.6637226777e-04 1.3281597361e-05
2.5052480771e-05 9.0773515469e-07
1.0025487614e-04 4.8155773127e-06
5.1715498841e-04 -3.3498897646e-06
4.5855681087e-04 7.8157975660e-06
7.6198718880e-04 -9.1547347682e-06
7.4666309010e-04 1.3837483048e-05
7.6159318291e-04 -1.4233515943e-05
7.9063099374e-04 1.8969354368e-05
5.1683032587e-04 -1.2037818510e-05
5.8618338698e-04 1.7972716713e-05
2.6330138399e-05 -2.1199420231e-07
1.2565215561e-04 6.5034956472e-06
4.9710470541e-04 -9.0181901375e-06
4.4191347995e-04 1.2121261760e-05
7.5160978095e-04 -1.6744635917e-05
7.4067688277e-04 2.0561797434e-05
7.6155463465e-04 -2.2749212004e-05
7.9366612472e-04 2.5010786287e-05
5.2670663479e-04 -1.9679251304e-05
5.9630872173e-04 2.1988518553e-05
5.0989693986e-05 -2.1421761840e-06
1.4676730806e-04 8.0323532042e-06
4.9651760599e-04 -1.2952832126e-05
4.2457387466e-04 1.4486846978e-05
7.4968714345e-04 -2.2897077437e-05
7.3431816901e-04 2.5553160655e-05
7.6075894428e-04 -2.9751682550e-05
7.9879105134e-04 3.1193115371e-05
5.4758282000e-04 -2.5687000800e-05
6.1312736475e-04 2.6767306436e-05
7.7591417977e-05 -4.1370671414e-06
1.6953867898e-04 9.9439826565e-06
4.6071607280e-04 -1.6990937805e-05
4.1290407388e-04 1.6156400743e-05
7.3055171500e-04 -2.9070689476e-05
7.3401059478e-04 3.0207031830e-05
7.6272922093e-04 -3.3357933357e-05
7.9996531689e-04 3.8445673928e-05
5.5154355868e-04 -2.6013621554e-05
6.2099130938e-04 3.3481404415e-05
9.7854142058e-05 -5.0238633101e-06
1.9117656268e-04 1.3119656873e-05
4.4553543732e-04 -1.9774640560e-05
3.9252201943e-04 1.9331454938e-05
7.2221660305e-04 -3.4293045332e-05
7.2297830956e-04 3.6585039343e-05
7.5975994769e-04 -3.9489191479e-05
7.9995577135e-04 4.5783686784e-05
5.6067170303e-04 -3.1444630389e-05
6.2776652606e-04 3.9234017455e-05
1.1978074617e-04 -7.4159369703e-06
2.1025468176e-04 1.6266257151e-05
4.2733360280e-04 -2.2595017399e-05
3.7035584412e-04 2.4033866037e-05
7.1173351183e-04 -3.9787254325e-05
7.1118667266e-04 4.4878024320e-05
7.5681258592e-04 -4.5981420425e-05
8.0297936008e-04 5.3581987803e-05
5.6875674219e-04 -3.7186428383e-05
6.4598691633e-04 4.6975667344e-05
1.4268402669e-04 -1.0475464222e-05
2.3476783758e-04 2.0594721616e-05
4.0698114360e-04 -2.5549794979e-05
3.5313808227e-04 2.6414322901e-05
6.9808362879e-04 -4.5428580209e-05
7.0482025653e-04 5.0806029230e-05
7.5362983305e-04 -5.3375428198e-05
8.0273750539e-04 6.1046303283e-05
5.7785343575e-04 -4.5416190378e-05
1.6472175281e-04 -1.4729460506e-05
6.5181590948e-04 5.3301927259e-05
3.8396289123e-04 -2.7956165161e-05
2.5375732079e-04 2.4417775737e-05
6.8155287220e-04 -5.0448892904e-05
3.3130797580e-04 2.8911853886e-05
7.4921971625e-04 -5.8500742696e-05
6.9110480760e-04 5.7075212831e-05
5.8252251519e-04 -4.8563946846e-05
8.0069559325e-04 6.8186052872e-05
1.8181635687e-04 -1.6867016329e-05
6.6179686695e-04 6.0358806802e-05
3.6622294741e-04 -2.9068023915e-05
2.7406126677e-04 2.8880446160e-05
6.7181365025e-04 -5.4331209348e-05
3.0974625475e-04 3.0075261115e-05
7.4407419976e-04 -6.3935916050e-05
6.7873530080e-04 6.1870278484e-05
5.8719123702e-04 -5.3864932224e-05
7.9852353548e-04 7.5001940643e-05
2.0205600560e-04 -2.0513236368e-05
6.6846512888e-04 6.5917579396e-05
3.4715397144e-04 -3.0596221178e-05
2.9273551923e-04 3.2564296004e-05
6.5756803569e-04 -5.8572210279e-05
2.8808593002e-04 3.0969952953e-05
7.3776132756e-04 -6.9652337969e-05
6.6570763850e-04 6.6780136150e-05
5.9109980098e-04 -5.9773308501e-05
7.9709765008e-04 8.2482814179e-05
2.1820136403e-04 -2.4122602331e-05
6.7752235584e-04 7.4038262889e-05
3.2697718983e-04 -3.1504788320e-05
3.1123079816e-04 3.8226199708e-05
6.4497845305e-04 -6.2655089139e-05
2.6807768424e-04 3.2299587373e-05
7.3234386100e-04 -7.5069468798e-05
6.5656413362e-04 7.2486267307e-05
5.9806854066e-04 -6.4785931598e-05
7.9220696011e-04 8.9405266488e-05
2.3674076003e-04 -2.7821039138e-05
6.8545233647e-04 8.0954161395e-05
3.0291817662e-04 -3.2994198540e-05
3.3043731408e-04 4.3228616677e-05
6.2595360283e-04 -6.7319067693e-05
2.4458209225e-04 3.1790720931e-05
7.2545726814e-04 -8.0076655317e-05
6.4047760211e-04 7.5788743331e-05
6.0118309411e-04 -6.9304480755e-05
7.8581112291e-04 9.6154395612e-05
2.5349463041e-04 -3.1454901832e-05
6.8956196690e-04 8.9397167891e-05
2.8358077716e-04 -3.3273182662e-05
3.4682498814e-04 4.9729017922e-05
6.1138406497e-04 -7.0438941311e-05
2.2175651215e-04 3.2398367331e-05
7.1653205981e-04 -8.4908755323e-05
6.0231090838e-04 -7.4507868697e-05
6.2591499222e-04 8.1264099201e-05
2.6814282791e-04 -3.5554805700e-05
7.8031502333e-04 1.0316952992e-04
2.6294684623e-04 -3.3325453838e-05
6.9854625602e-04 9.7413624102e-05
5.9584469117e-04 -7.3589062710e-05
3.6747482384e-04 5.6186426645e-05
7.0775184363e-04 -8.9885970932e-05
1.9550723736e-04 3.1721099972e-05
6.0484089550e-04 -7.9771357792e-05
6.0236877308e-04 8.4727974159e-05
2.8258482726e-04 -3.9747247121e-05
7.7172362725e-04 1.0920056691e-04
2.4033088844e-04 -3.3021635216e-05
6.9747625502e-04 1.0186955284e-04
5.7771009695e-04 -7.6460984269e-05
3.7836118077e-04 5.9642791211e-05
6.9703939026e-04 -9.3999042834e-05
1.7547628317e-04 3.0625419410e-05
6.0356712131e-04 -8.3489083137e-05
5.9481088313e-04 8.8548438278e-05
2.9693089867e-04 -4.3405076447e-05
7.6646910654e-04 1.1528540196e-04
2.2178472411e-04 -3.2500398754e-05
6.9830879063e-04 1.0909056071e-04
5.6115927014e-04 -7.8678521598e-05
3.9101284947e-04 6.5847936521e-05
6.8729857687e-04 -9.8263714486e-05
1.5141054352e-04 2.9115218723e-05
6.0664311604e-04 -9.0376904338e-05
5.7821829421e-04 9.1686274106e-05
3.1107241231e-04 -4.9425275911e-05
7.5902054241e-04 1.2140640531e-04
2.0051125427e-04 -3.1658293726e-05
6.9770737773e-04 1.1562024458e-04
5.4619835241e-04 -8.0926956250e-05
4.0134901342e-04 7.1369576904e-05
6.7872078899e-04 -1.0270331964e-04
1.2705007626e-04 2.7321775139e-05
6.0397933921e-04 -9.5307639870e-05
3.2043324130e-04 -5.3758162176e-05
5.6156080548e-04 9.5052901559e-05
1.7878806832e-04 -3.0267276783e-05
7.4906146445e-04 1.2749062058e-04
5.2809858827e-04 -8.2766358852e-05
7.0317143068e-04 1.2658543327e-04
6.6729358870e-04 -1.0639222322e-04
4.2090287917e-04 8.2319248803e-05
6.0034634661e-04 -9.8866475118e-05
1.0234961506e-04 2.5257983737e-05
3.2997949730e-04 -5.7295039792e-05
5.3571953255e-04 9.6298807035e-05
1.5869276646e-04 -2.8953083931e-05
7.3578022847e-04 1.3258172517e-04
5.1021443921e-04 -8.4856437270e-05
7.0441155898e-04 1.3272550285e-04
6.5505892792e-04 -1.0984819918e-04
4.3350199236e-04 8.7700764793e-05
6.0441242711e-04 -1.0452248227e-04
7.7713975267e-05 2.2312704190e-05
3.4663886597e-04 -6.3146544846e-05
5.1919166774e-04 9.9197796116e-05
1.3806632314e-04 -2.6950378217e-05
7.2556663890e-04 1.3768953430e-04
4.9217711249e-04 -8.5352333477e-05
6.9818651001e-04 1.3611906805e-04
6.4425441635e-04 -1.1304833285e-04
4.3901016235e-04 9.0747231497e-05
5.9726991198e-04 -1.0838521307e-04
5.5386061191e-05 1.9119272746e-05
3.5057103937e-04 -6.6990532745e-05
1.1749791942e-04 -2.4769571773e-05
5.0146264531e-04 9.9919084186e-05
4.7592354763e-04 -8.6539436539e-05
7.1330411738e-04 1.4152983315e-04
6.3347728600e-04 -1.1635628557e-04
6.9580426820e-04 1.4335382214e-04
5.9410653508e-04 -1.1276061516e-04
4.4883283722e-04 9.8264916007e-05
3.5932351929e-04 -7.1689727468e-05
3.0063601776e-05 1.4570457548e-05
9.8178842267e-05 -2.2687384482e-05
4.8325122426e-04 1.0168955001e-04
4.5633414704e-04 -8.7266520911e-05
7.0296914956e-04 1.4660893533e-04
6.1864967837e-04 -1.1899226955e-04
6.8981071435e-04 1.4778722564e-04
5.8883964356e-04 -1.1861766768e-04
4.5189460818e-04 1.0208180337e-04
3.6561886132e-04 -7.8355091196e-05
5.3319917657e-06 1.0394451316e-05
7.5943191290e-05 -1.9935172654e-05
4.6624604394e-04 1.0367150584e-04
4.3804398636e-04 -8.7803686536e-05
6.9130748973e-04 1.5138475474e-04
6.0480723591e-04 -1.2124918876e-04
6.8513073481e-04 1.5301280267e-04
5.8492737419e-04 -1.2001927137e-04
4.5889473169e-04 1.0749522128e-04
3.7393258548e-04 -7.9936730206e-05
5.5365567253e-05 -1.6390935073e-05
1.4502027736e-05 1.2829960195e-05
4.2058899172e-04 -8.8013182663e-05
4.4510132560e-04 1.0336700498e-04
5.9393727943e-04 -1.2368753164e-04
6.7702044690e-04 1.5469816280e-04
5.7823410673e-04 -1.2308616062e-04
6.7922589614e-04 1.5834429707e-04
3.7712761664e-04 -8.3807689946e-05
4.6402328779e-04 1.1312861572e-04
3.8561215204e-05 -1.3876774428e-05
3.6028872490e-05 1.8091281125e-05
4.0268403634e-04 -8.7473777909e-05
4.2536159106e-04 1.0351850583e-04
5.7746536939e-04 -1.2476030762e-04
6.6134180144e-04 1.5796844610e-04
5.7192403679e-04 -1.2626477511e-04
6.7580064095e-04 1.6587921658e-04
3.8457415313e-04 -8.8370079376e-05
4.7875470541e-04 1.2397980506e-04
1.8682127990e-05 -1.0351714416e-05
6.0400624076e-05 2.5285271242e-05
3.8367495951e-04 -8.6988972215e-05
3.9555083589e-04 1.0123583727e-04
5.6464735735e-04 -1.2658476329e-04
5.6416107845e-04 -1.2855750727e-04
6.3867785613e-04 1.5938133916e-04
3.8485591106e-04 -9.1035056750e-05
6.7301633871e-04 1.7138846193e-04
2.7487786236e-05 -1.2795201379e-05
4.8954371299e-04 1.3045447043e-04
3.6866010153e-04 -8.5170850837e-05
7.9295728213e-05 3.0554433991e-05
5.5096282488e-04 -1.2671915666e-04
3.7555421947e-04 1.0060419242e-04
5.5428963385e-04 -1.3097620554e-04
6.2395871572e-04 1.6202101424e-04
3.8590904781e-04 -9.4820200124e-05
6.6013192873e-04 1.7317232488e-04
4.2645069868e-05 -1.6832346456e-05
4.8225568949e-04 1.3085127213e-04
3.4984300871e-04 -8.4694757629e-05
9.5328275820e-05 3.4760227460e-05
5.3673872571e-04 -1.2833552964e-04
3.5671761155e-04 9.9553595569e-05
5.4761027215e-04 -1.3353684605e-04
6.0831392253e-04 1.6407263467e-04
3.9010504620e-04 -9.8488479982e-05
6.0203398956e-05 -2.1576078203e-05
6.4972597733e-04 1.7739462007e-04
3.2961155860e-04 -8.3697763722e-05
4.8458184514e-04 1.3761639334e-04
5.2041758436e-04 -1.2950422337e-04
1.1188500567e-04 4.1039845738e-05
5.4002725991e-04 -1.3677717342e-04
3.3501981152e-04 9.6914834040e-05
3.9188501055e-04 -1.0330619940e-04
5.9074728741e-04 1.6492197527e-04
7.3987918788e-05 -2.6402772755e-05
6.3947847337e-04 1.8193565693e-04
3.1148266823e-04 -8.2334058764e-05
4.8502698545e-04 1.4361292766e-04
5.0533172370e-04 -1.3016745871e-04
1.2760788317e-04 4.7060670924e-05
5.3020841910e-04 -1.3919636427e-04
3.1203424602e-04 9.5180728300e-05
3.9219874743e-04 -1.0748366347e-04
5.7110524010e-04 1.6623402692e-04
8.8661049447e-05 -3.1569327150e-05
2.9453759551e-04 -8.0661150559e-05
6.2920635443e-04 1.8450856479e-04
4.9016138774e-04 -1.3021845850e-04
4.8776383621e-04 1.4753119578e-04
5.1975450770e-04 -1.4089326943e-04
1.4377775270e-04 5.2200627361e-05
3.9179898305e-04 -1.1071299419e-04
2.9309948953e-04 9.1821505396e-05
1.0233410289e-04 -3.6227395082e-05
5.5552099772e-04 1.6612577687e-04
2.7530159694e-04 -7.8663187306e-05
6.1836877836e-04 1.8738369800e-04
4.7271290162e-04 -1.2994094513e-04
4.8691289080e-04 1.5175064548e-04
5.1004574548e-04 -1.4213891279e-04
1.5766803135e-04 5.7490756129e-05
3.9328684254e-04 -1.1359562599e-04
2.7181854732e-04 8.9818349576e-05
1.1649314891e-04 -4.0784529252e-05
5.3619802313e-04 1.6749043044e-04
2.5702347424e-04 -7.6417648190e-05
4.5513492721e-04 -1.2924423187e-04
6.0403444691e-04 1.8968170312e-04
4.9833956677e-04 -1.4280741786e-04
4.8299754242e-04 1.5640412306e-04
3.9037418140e-04 -1.1557656468e-04
1.6925862562e-04 6.3332190467e-05
1.2575757618e-04 -4.4314618701e-05
2.4817667034e-04 8.6058301870e-05
2.3967377001e-04 -7.4066664198e-05
5.1427243151e-04 1.6660121269e-04
4.4077044962e-04 -1.2908515135e-04
5.9074439403e-04 1.9124444971e-04
4.8801870739e-04 -1.4382974869e-04
4.7892126459e-04 1.5875188118e-04
3.8606266488e-04 -1.1742831613e-04
1.7967243590e-04 6.7728896693e-05
1.3452801048e-04 -4.8053099013e-05
2.3236070112e-04 8.3442755720e-05
2.2159208620e-04 -7.1442462887e-05
4.2346129200e-04 -1.2805345757e-04
5.0183459237e-04 1.6750615208e-04
4.7566174382e-04 -1.4429509043e-04
5.7581793359e-04 1.9285597375e-04
3.8405406389e-04 -1.2092133064e-04
4.6981700498e-04 1.6168349477e-04
1.4441015014e-04 -5.3262579671e-05
1.8741545831e-04 7.2959897574e-05
2.0502972120e-04 -6.8854482990e-05
2.0885009979e-04 7.8949520259e-05
4.0651338469e-04 -1.2641967349e-04
4.7716228557e-04 1.6523094615e-04
4.6052283259e-04 -1.4405049641e-04
5.5962081196e-04 1.9412204551e-04
3.7786807089e-04 -1.2185664308e-04
4.6495618939e-04 1.6693549881e-04
1.5123169205e-04 -5.6444131166e-05
1.8855311858e-04 -6.6255801265e-05
1.9577296654e-04 7.9315381461e-05
3.9083052454e-04 -1.2547107172e-04
1.8762353826e-04 7.4846807319e-05
4.4721466167e-04 -1.4379738915e-04
4.5708682456e-04 1.6391690836e-04
3.7143681047e-04 -1.2275968871e-04
5.4278897457e-04 1.9451346348e-04
1.5796228074e-04 -5.9872811815e-05
4.5542430982e-04 1.6725700861e-04
1.7072391616e-04 -6.3251500249e-05
2.0212430832e-04 8.2439108590e-05
3.7157601682e-04 -1.2364715761e-04
1.6646705860e-04 6.9483130746e-05
4.3390850515e-04 -1.4383621011e-04
4.3325399869e-04 1.6054239308e-04
3.6484628069e-04 -1.2513870596e-04
1.6246439720e-04 -6.4035256144e-05
5.2475275871e-04 1.9380008464e-04
1.5264954927e-04 -5.9997991055e-05
4.5019718422e-04 1.7086946365e-04
3.5270416229e-04 -1.2134611363e-04
2.1040096971e-04 8.8504014348e-05
4.1896965995e-04 -1.4342023387e-04
1.4504722015e-04 6.4774403210e-05
3.5914999131e-04 -1.2735256710e-04
4.0918784348e-04 1.5751708478e-04
1.6819490982e-04 -6.8393350849e-05
5.0509273217e-04 1.9297896512e-04
1.3667108938e-04 -5.7225933100e-05
4.3857860546e-04 1.7153526119e-04
3.3526693237e-04 -1.1928982743e-04
2.1348290628e-04 9.2092963283e-05
4.0385005536e-04 -1.4244368997e-04
3.4925392173e-04 -1.2723202502e-04
1.2444350322e-04 5.9577486677e-05
1.7015866049e-04 -7.0747928412e-05
3.8488311485e-04 1.5354320251e-04
1.2031227260e-04 -5.3844942689e-05
4.8378680191e-04 1.9100660480e-04
3.1626774698e-04 -1.1647520836e-04
4.2755528061e-04 1.7277890184e-04
3.8648872867e-04 -1.4030191877e-04
2.1696923101e-04 9.6378894083e-05
3.3999226478e-04 -1.2677129720e-04
1.0406747796e-04 5.4163344314e-05
1.7336515087e-04 -7.3155321336e-05
3.5899609104e-04 1.4874319552e-04
1.0528561227e-04 -5.0386421437e-05
2.9712643755e-04 -1.1312525929e-04
4.6044609409e-04 1.8778221872e-04
3.6933958155e-04 -1.3815767808e-04
4.1502646157e-04 1.7230927167e-04
3.2874551608e-04 -1.2710609345e-04
2.1940929914e-04 9.9772523586e-05
1.7254268563e-04 -7.6147406739e-05
8.6127740074e-05 4.9909915011e-05
8.8001403106e-05 -4.7359537289e-05
3.3611452427e-04 1.4550248207e-04
2.7686339478e-04 -1.1043582885e-04
4.3700384606e-04 1.8489719701e-04
3.5021296081e-04 -1.3603011466e-04
3.9653748335e-04 1.7070497772e-04
3.1675823228e-04 -1.2644002594e-04
1.7251528240e-04 -7.8434940201e-05
2.1528806183e-04 1.0181667943e-04
7.3498496628e-05 -4.4527608324e-05
6.7558296193e-05 4.5178914432e-05
2.5698191016e-04 -1.0696076345e-04
3.1194106378e-04 1.4120131792e-04
3.3011195488e-04 -1.3293304055e-04
4.1087799068e-04 1.8065424867e-04
3.0098932548e-04 -1.2447923596e-04
3.7511659062e-04 1.6753081161e-04
1.6848972759e-04 -7.9665051847e-05
2.0896076517e-04 1.0276965826e-04
5.8832460522e-05 -4.1822607007e-05
4.9599031841e-05 4.0333803953e-05
2.3568634249e-04 -1.0341094274e-04
3.0787546493e-04 -1.2945116585e-04
2.8480721137e-04 1.3529973688e-04
2.8389539584e-04 -1.2229183305e-04
3.8043716697e-04 1.7444635945e-04
1.6267542196e-04 -8.0785541621e-05
3.4877657578e-04 1.6252634251e-04
4.3540121546e-05 -3.9888148243e-05
1.9783344435e-04 1.0230334267e-04
2.1361507510e-04 -1.0103302157e-04
3.0266630034e-05 3.5080180681e-05
2.8296413506e-04 -1.2586164845e-04
2.5236978445e-04 1.2697794214e-04
2.6323350762e-04 -1.1894815534e-04
1.5412964162e-04 -8.0786092042e-05
3.4399052131e-04 1.6603637480e-04
2.8926139374e-05 -3.7262726026e-05
3.1982637145e-04 1.5842565479e-04
1.9082709988e-04 -9.6189120573e-05
1.8609944812e-04 1.0460633711e-04
2.5748663891e-04 -1.2143730874e-04
1.3013597306e-05 3.3606597192e-05
2.4046584067e-04 -1.1724003329e-04
2.1759700154e-04 1.2162787009e-04
1.4207850741e-04 -8.3027189683e-05
3.0025363796e-04 1.5848930245e-04
1.3143045770e-05 -3.7238085851e-05
1.6420334299e-04 -9.4119221524e-05
2.7612777777e-04 1.5392721926e-04
2.2449519116e-04 -1.1800876253e-04
1.5836695444e-04 1.0664155333e-04
2.0795263042e-04 -1.1576180312e-04
-8.7315252216e-06 3.2804197197e-05
1.2086896752e-04 -8.5902121388e-05
1.7241552987e-04 1.1048534814e-04
-6.3797223133e-06 -3.8274625900e-05
2.4073378807e-04 1.4073468535e-04
1.3062587915e-04 -8.8540802463e-05
2.1198993733e-04 1.2442658070e-04
1.8009981166e-04 -1.0786598906e-04
1.1124677577e-04 8.3952101966e-05
1.5925164384e-04 -9.4626173405e-05
8.3782513028e-05 -7.0325650035e-05
-3.3769151139e-05 4.1047435204e-05
-2.9482409503e-05 -5.2142642353e-05
1.5255530088e-04 1.2419438215e-04
1.4443036094e-04 -1.1051606088e-04
1.7189381669e-04 1.1913827277e-04
1.4451990791e-04 -1.0046035891e-04
6.6993980313e-06 3.1517704169e-05
-5.0009962167e-05 -1.9562291867e-05
-1.0198437164e-04 -2.6774545529e-05
-1.5441201013e-04 3.2279817678e-05
-6.5998805272e-05 -2.1373276117e-05
-6.5045210071e-05 1.8675343954e-05
