1.0433458052e-06 -5.5868269239e-07
2.7391751540e-01 1.0680270639e-03
5.4237532468e-01 4.1738304607e-03
8.0532443829e-01 9.3214171764e-03
1.0626200005e+00 1.6360228786e-02
1.3142738182e+00 2.5248264791e-02
1.5601554365e+00 3.5909036995e-02
1.8001709658e+00 4.8235009263e-02
2.0342665780e+00 6.2221261080e-02
2.2622946710e+00 7.7724475910e-02
2.4842587873e+00 9.4709968424e-02
2.7000445800e+00 1.1309427538e-01
2.9095570347e+00 1.3277974219e-01
3.1127461592e+00 1.5375072819e-01
3.3094788880e+00 1.7586769607e-01
3.4997525522e+00 1.9909888177e-01
3.6834639744e+00 2.2336234941e-01
3.8605455032e+00 2.4855659531e-01
4.0309412851e+00 2.7465919607e-01
4.1945377147e+00 3.0154429874e-01
4.3513501879e+00 3.2917629073e-01
4.5012838988e+00 3.5744446196e-01
4.6442859918e+00 3.8630840846e-01
4.7802936422e+00 4.1566729684e-01
4.9092739809e+00 4.4545405997e-01
5.0312015868e+00 4.7560392365e-01
5.1460204703e+00 5.0601691333e-01
5.2537128072e+00 5.3666105584e-01
5.3542157439e+00 5.6739909085e-01
5.4475428495e+00 5.9820775418e-01
5.5337132398e+00 6.2899363543e-01
5.6126481404e+00 6.5967020896e-01
5.6843711066e+00 6.9019769749e-01
5.7488593405e+00 7.2044304435e-01
5.8061317272e+00 7.5038959751e-01
5.8562368806e+00 7.7993304788e-01
5.8991550715e+00 8.0899611406e-01
5.9348858602e+00 8.3752848836e-01
5.9634866426e+00 8.6541180568e-01
5.9850281799e+00 8.9264154152e-01
5.9995410169e+00 9.1909345643e-01
6.0070289429e+00 9.4470289930e-01
6.0075688762e+00 9.6942007564e-01
6.0012504915e+00 9.9314012055e-01
5.9881096045e+00 1.0158517942e+00
5.9683015264e+00 1.0374346436e+00
5.9418108815e+00 1.0578420913e+00
5.9087621752e+00 1.0770077364e+00
5.8692910069e+00 1.0948601812e+00
5.8234524047e+00 1.1113737514e+00
5.7714266640e+00 1.1264314234e+00
5.7132341800e+00 1.1400170805e+00
5.6491001506e+00 1.1520533906e+00
5.5791375436e+00 1.1624995323e+00
5.5034137316e+00 1.1713159381e+00
5.4222013869e+00 1.1784035475e+00
5.3355248313e+00 1.1837587799e+00
5.2436402736e+00 1.1873317577e+00
5.1467497294e+00 1.1890793960e+00
5.0448854521e+00 1.1889712206e+00
4.9383806170e+00 1.1869367770e+00
4.8273083827e+00 1.1829760177e+00
4.7119309872e+00 1.1770607531e+00
4.5924732964e+00 1.1691786612e+00
4.4690738742e+00 1.1592951499e+00
4.3420278543e+00 1.1473834371e+00
4.2114442470e+00 1.1334500948e+00
4.0777120139e+00 1.1175085088e+00
3.9408990698e+00 1.0995475780e+00
3.8014033054e+00 1.0795562686e+00
3.6593270682e+00 1.0575527959e+00
3.5150269199e+00 1.0335785661e+00
3.3687548086e+00 1.0076719194e+00
3.2207142703e+00 9.7982699041e-01
3.0712828525e+00 9.5009824553e-01
2.9205802889e+00 9.1851734446e-01
2.7691046889e+00 8.8520963376e-01
2.6169656244e+00 8.5019319100e-01
2.4646496566e+00 8.1355500627e-01
2.3122698990e+00 7.7533086976e-01
2.1603337365e+00 7.3570353074e-01
2.0091040629e+00 6.9477567122e-01
1.8589089013e+00 6.5264593418e-01
1.7102006778e+00 6.0942495568e-01
1.5632377745e+00 5.6527028036e-01
1.4186262514e+00 5.2046797382e-01
1.2765103219e+00 4.7507240787e-01
1.1376780533e+00 4.2938265517e-01
1.0023488401e+00 3.8348477664e-01
8.7136660977e-01 3.3792025008e-01
7.4493968156e-01 2.9283560801e-01
6.2411413521e-01 2.4860971669e-01
5.0954620168e-01 2.0548214288e-01
4.0210370437e-01 1.6416796045e-01
3.0272959142e-01 1.2532663496e-01
2.1277600816e-01 8.9192429796e-02
1.3453266665e-01 5.6632803971e-02
6.9077425740e-02 2.8717659804e-02
2.3853104495e-02 9.6321506999e-03
-4.8400886812e-06 -1.3789614689e-06
