2.7461993811e+02
2.7461786915e+02
2.7461580019e+02
2.7461290051e+02
2.7461052067e+02
2.7460849768e+02
2.7460571253e+02
2.7460312614e+02
2.7460069478e+02
2.7459812798e+02
2.7459538076e+02
2.7459274026e+02
2.7458989300e+02
2.7458714035e+02
2.7458431165e+02
2.7458106205e+02
2.7457781163e+02
2.7457467920e+02
2.7457108889e+02
2.7456729047e+02
2.7456320625e+02
2.7455906363e+02
2.7455498417e+02
2.7455078641e+02
2.7454612717e+02
2.7454130063e+02
2.7453636695e+02
2.7453100114e+02
2.7452560928e+02
2.7452012166e+02
2.7451384788e+02
2.7450737578e+02
2.7450102694e+02
2.7449429748e+02
2.7448752360e+02
2.7448032670e+02
2.7447322677e+02
2.7446579001e+02
2.7445759945e+02
2.7444945176e+02
2.7444100464e+02
2.7443243602e+02
2.7442405517e+02
2.7441508061e+02
2.7440636895e+02
2.7439710167e+02
2.7438752904e+02
2.7437812342e+02
2.7436839851e+02
2.7435881715e+02
2.7434908909e+02
2.7433897229e+02
2.7432917966e+02
2.7431887354e+02
2.7430899725e+02
2.7429893882e+02
2.7428925758e+02
2.7427940847e+02
2.7426962500e+02
2.7425986147e+02
2.7425050326e+02
2.7424082137e+02
2.7423151843e+02
2.7422268523e+02
2.7421395979e+02
2.7420559205e+02
2.7419783190e+02
2.7418966175e+02
2.7418215912e+02
2.7417507612e+02
2.7416861879e+02
2.7416249818e+02
2.7415687241e+02
2.7415239269e+02
2.7414761295e+02
2.7414456897e+02
2.7414273990e+02
2.7413862371e+02
2.7413653512e+02
2.7413536332e+02
2.7413530833e+02
2.7413578024e+02
2.7413747420e+02
2.7413951039e+02
2.7414296863e+02
2.7414686012e+02
2.7415215365e+02
2.7415811445e+02
2.7416479318e+02
2.7417318408e+02
2.7418201876e+02
2.7419017190e+02
2.7420058084e+02
2.7421152640e+02
2.7422288397e+02
2.7423569190e+02
2.7424875541e+02
2.7426224376e+02
2.7427731104e+02
2.7428930153e+02
