4.2211412008e+02
4.2224708159e+02
4.2238041636e+02
4.2251863458e+02
4.2265692300e+02
4.2268415344e+02
4.2269400791e+02
4.2271978073e+02
4.2274568993e+02
4.2277173692e+02
4.2270691121e+02
4.2262531637e+02
4.2254391172e+02
4.2246540690e+02
4.2237058605e+02
4.2223000067e+02
4.2210643416e+02
4.2198306201e+02
4.2185988607e+02
4.2167927939e+02
4.2149320594e+02
4.2130982507e+02
4.2111333929e+02
4.2090740806e+02
4.2071329968e+02
4.2051085502e+02
4.2028389016e+02
4.2005048249e+02
4.1981174657e+02
4.1957324430e+02
4.1932952695e+02
4.1906679317e+02
4.1880431571e+02
4.1854209671e+02
4.1826924388e+02
4.1798150156e+02
4.1768885689e+02
4.1740254655e+02
4.1711914026e+02
4.1682871069e+02
4.1652275512e+02
4.1621338828e+02
4.1590428924e+02
4.1559546006e+02
4.1527119704e+02
4.1493986436e+02
4.1460881966e+02
4.1427806509e+02
4.1394346516e+02
4.1359506851e+02
4.1325175960e+02
4.1290873270e+02
4.1256598983e+02
4.1221453982e+02
4.1185436220e+02
4.1149223061e+02
4.1112906125e+02
4.1076619399e+02
4.1038957595e+02
4.1001013379e+02
4.0963101025e+02
4.0925220749e+02
4.0886784522e+02
4.0847243490e+02
4.0808318547e+02
4.0769424982e+02
4.0730563000e+02
4.0690856120e+02
4.0650473233e+02
4.0609807685e+02
4.0569019984e+02
4.0528265600e+02
4.0486832316e+02
4.0444798775e+02
4.0402800228e+02
4.0360836892e+02
4.0318674800e+02
4.0275017130e+02
4.0231876652e+02
4.0188883938e+02
4.0145925960e+02
4.0102773366e+02
4.0058514888e+02
4.0014153490e+02
3.9969423916e+02
3.9924730799e+02
3.9879803935e+02
3.9834091318e+02
3.9788416668e+02
3.9742745734e+02
3.9696744264e+02
3.9649779528e+02
3.9602679774e+02
3.9556117172e+02
3.9509777650e+02
3.9462192898e+02
3.9414495728e+02
3.9366837874e+02
3.9319046718e+02
3.9270814624e+02
3.9222342285e+02
3.9173366087e+02
3.9124430313e+02
3.9074972302e+02
3.9025539959e+02
3.8975824428e+02
3.8925756674e+02
3.8875372943e+02
3.8824595166e+02
3.8773860210e+02
3.8723168295e+02
3.8672180003e+02
3.8619906278e+02
3.8568011040e+02
3.8516382571e+02
3.8464796315e+02
3.8412971898e+02
3.8360225894e+02
3.8307237979e+02
3.8253950958e+02
3.8200707813e+02
3.8147438307e+02
3.8093434583e+02
3.8039476330e+02
3.7985396385e+02
3.7930775678e+02
3.7875798342e+02
3.7820460033e+02
3.7765168721e+02
3.7709924624e+02
3.7654663218e+02
3.7598418156e+02
3.7542218546e+02
3.7486064593e+02
3.7429956505e+02
3.7373467885e+02
3.7316373431e+02
3.7259039834e+02
3.7201509015e+02
3.7144025593e+02
3.7085972901e+02
3.7027550277e+02
3.6969176708e+02
3.6910758677e+02
3.6851675837e+02
3.6792109735e+02
3.6732420117e+02
3.6672780838e+02
3.6613192114e+02
3.6553693854e+02
3.6493112152e+02
3.6432578364e+02
3.6372092692e+02
3.6311655335e+02
3.6250783245e+02
3.6189488507e+02
3.6127842186e+02
3.6065987470e+02
3.6004182380e+02
3.5941738528e+02
3.5879167153e+02
3.5816646912e+02
3.5753639805e+02
3.5690404020e+02
3.5626544936e+02
3.5562737761e+02
3.5498982700e+02
3.5435279959e+02
3.5370948622e+02
3.5305799985e+02
3.5241152945e+02
3.5176554484e+02
3.5112004788e+02
3.5047193141e+02
3.4981689579e+02
3.4915752568e+02
3.4849865009e+02
3.4784027091e+02
3.4717663965e+02
3.4651207542e+02
3.4584802103e+02
3.4517382087e+02
3.4449954595e+02
3.4382427481e+02
3.4314919915e+02
3.4247463535e+02
3.4179521740e+02
3.4110938979e+02
3.4042191847e+02
3.3973475719e+02
3.3904810705e+02
3.3836196990e+02
3.3766884754e+02
3.3696929263e+02
3.3627024904e+02
3.3557441168e+02
3.3487992635e+02
3.3418531157e+02
3.3348001738e+02
3.3277342199e+02
3.3206728354e+02
3.3136160361e+02
3.3065592411e+02
3.2994897716e+02
3.2923245976e+02
3.2851639349e+02
3.2780077990e+02
3.2708459739e+02
3.2636820530e+02
3.2565024992e+02
3.2492144690e+02
3.2419308931e+02
3.2346694629e+02
3.2274205649e+02
3.2201761310e+02
3.2128707086e+02
3.2054872108e+02
3.1981287606e+02
3.1907928066e+02
3.1834611482e+02
3.1761337995e+02
3.1686802190e+02
3.1612428275e+02
3.1538142548e+02
3.1463897938e+02
3.1389694576e+02
3.1315322085e+02
3.1240255194e+02
3.1165438853e+02
3.1090660728e+02
3.1015920940e+02
3.0941219610e+02
3.0865772775e+02
3.0790378555e+02
3.0715041488e+02
3.0639735841e+02
3.0564461713e+02
3.0489453458e+02
3.0413456299e+02
3.0337487755e+02
3.0261547915e+02
3.0185636866e+02
3.0110382122e+02
3.0034465284e+02
2.9957936487e+02
2.9881433029e+02
2.9804954986e+02
2.9729089605e+02
2.9653545567e+02
2.9576816640e+02
2.9500108424e+02
2.9423420981e+02
2.9346754372e+02
2.9271003865e+02
2.9194485568e+02
2.9117647255e+02
2.9040826045e+02
2.8964021990e+02
2.8888174504e+02
2.8811652088e+02
2.8734582644e+02
2.8657526893e+02
2.8580484875e+02
2.8504696612e+02
2.8428907782e+02
2.8351915183e+02
2.8274930967e+02
2.8197955156e+02
2.8121822000e+02
2.8045918169e+02
2.7969800725e+02
2.7892995150e+02
2.7816158514e+02
2.7739079180e+02
2.7662886652e+02
2.7587181342e+02
2.7511475316e+02
2.7435768572e+02
2.7358544993e+02
2.7281163812e+02
2.7206034918e+02
2.7131090424e+02
2.7055811291e+02
2.6979521773e+02
2.6903223204e+02
2.6827611819e+02
2.6753078592e+02
2.6678255508e+02
2.6602615350e+02
2.6526960633e+02
2.6451291318e+02
2.6377282945e+02
2.6303290531e+02
2.6228474965e+02
2.6153638791e+02
2.6078781954e+02
2.6004231144e+02
2.5931037145e+02
2.5857241378e+02
2.5783418930e+02
2.5709569732e+02
2.5635693714e+02
2.5562541305e+02
2.5489811390e+02
2.5417018042e+02
2.5344190852e+02
2.5271329735e+02
2.5197876160e+02
2.5126095418e+02
2.5054521836e+02
2.4982907617e+02
2.4911252661e+02
2.4839023851e+02
2.4766732023e+02
2.4696387869e+02
2.4625996080e+02
2.4555556538e+02
2.4484900550e+02
2.4414060352e+02
2.4343171577e+02
2.4274206183e+02
2.4205266235e+02
2.4136042152e+02
2.4066675401e+02
2.3997254068e+02
2.3928177878e+02
2.3860726928e+02
2.3793124864e+02
2.3725454029e+02
2.3657723193e+02
2.3589932212e+02
2.3522248002e+02
2.3456228393e+02
2.3390058198e+02
2.3323817480e+02
2.3257506072e+02
2.3191128170e+02
2.3124689579e+02
2.3060214548e+02
2.2995810536e+02
2.2931330510e+02
2.2866927582e+02
2.2802590409e+02
2.2738177194e+02
2.2675268480e+02
2.2612648047e+02
2.2550376225e+02
2.2488156724e+02
2.2425856975e+02
2.2363476791e+02
2.2301682709e+02
2.2241494338e+02
2.2180858413e+02
2.2120131009e+02
2.2059311919e+02
2.1998703813e+02
2.1938696222e+02
2.1879571657e+02
2.1821087200e+02
2.1762507735e+02
2.1704287309e+02
2.1646543688e+02
2.1588706075e+02
2.1532349787e+02
2.1475151608e+02
2.1417686699e+02
2.1360745962e+02
2.1306205177e+02
2.1251564692e+02
2.1196680083e+02
2.1141062197e+02
2.1086032297e+02
2.1032353084e+02
2.0978566447e+02
2.0925116625e+02
2.0872567202e+02
2.0819912037e+02
2.0767426956e+02
2.0715529503e+02
2.0664927519e+02
2.0614694779e+02
2.0564349811e+02
2.0512984620e+02
2.0462095669e+02
2.0412567632e+02
2.0363812454e+02
2.0314941131e+02
2.0265953418e+02
2.0218010126e+02
2.0170482022e+02
2.0122840315e+02
2.0075712267e+02
2.0028896429e+02
1.9983192194e+02
1.9938570626e+02
1.9893835454e+02
1.9848385172e+02
1.9802256323e+02
1.9758217175e+02
1.9714688254e+02
1.9671229721e+02
1.9627650414e+02
1.9585192087e+02
1.9543656896e+02
1.9502004015e+02
1.9460233205e+02
1.9418470419e+02
1.9378623290e+02
1.9338380050e+02
1.9298012002e+02
1.9257518893e+02
1.9217979537e+02
1.9179937493e+02
1.9141773833e+02
1.9103535714e+02
1.9065367814e+02
1.9029360465e+02
1.8992975196e+02
1.8955770106e+02
1.8918579669e+02
1.8883372321e+02
1.8848390826e+02
1.8813997737e+02
1.8779479369e+02
1.8744888926e+02
1.8711467449e+02
1.8677924180e+02
1.8644258881e+02
1.8612443691e+02
1.8580968767e+02
1.8549475321e+02
1.8517965485e+02
1.8486432811e+02
1.8455952448e+02
1.8425880402e+02
1.8397171747e+02
1.8368342692e+02
1.8339393007e+02
1.8310322461e+02
1.8282020570e+02
1.8255617805e+02
1.8228397470e+02
1.8201053400e+02
1.8173585361e+02
1.8147314724e+02
1.8122735566e+02
1.8098035816e+02
1.8073215248e+02
1.8048083480e+02
1.8025108455e+02
1.8002079894e+02
1.7978931347e+02
1.7955662592e+02
1.7932273407e+02
1.7910713078e+02
1.7890195504e+02
1.7869893448e+02
1.7849513491e+02
1.7829015219e+02
1.7809187073e+02
1.7791460085e+02
1.7774261143e+02
1.7756948433e+02
1.7738874022e+02
1.7720671524e+02
1.7705661656e+02
1.7691299968e+02
1.7676461572e+02
1.7661177940e+02
1.7645781553e+02
1.7632400636e+02
1.7620774413e+02
1.7608786791e+02
1.7596686603e+02
1.7585657891e+02
1.7577707292e+02
1.7569648449e+02
1.7561481168e+02
1.7553164729e+02
1.7547214500e+02
1.7541140370e+02
1.7534954888e+02
1.7530279774e+02
1.7531208747e+02
1.7532039271e+02
1.7532771173e+02
1.7532087836e+02
1.7537594204e+02
1.7544885833e+02
1.7550470145e+02
1.7555435622e+02
1.7569847401e+02
1.7583255249e+02
1.7594781757e+02
1.7606212025e+02
1.7629458921e+02
1.7657307355e+02
1.7685901810e+02
1.7714444531e+02
1.7742935428e+02
