1.6356855237e-07 4.9395874505e-07
2.7755304325e-01 -7.1130688079e-04
5.4888396703e-01 -2.8147751227e-03
8.1392572300e-01 -6.2319144443e-03
1.0726344188e+00 -1.0935324639e-02
1.3249639053e+00 -1.6839990144e-02
1.5708958777e+00 -2.3904090027e-02
1.8103649627e+00 -3.2067884650e-02
2.0433794590e+00 -4.1268955706e-02
2.2698934714e+00 -5.1458224175e-02
2.4899166699e+00 -6.2574375933e-02
2.7034426788e+00 -7.4571423362e-02
2.9104285821e+00 -8.7391465061e-02
3.1108845532e+00 -1.0098418780e-01
3.3047997649e+00 -1.1530010322e-01
3.4921834116e+00 -1.3028229806e-01
3.6730451841e+00 -1.4588976750e-01
3.8473982550e+00 -1.6205834060e-01
4.0152328228e+00 -1.7875169271e-01
4.1765850822e+00 -1.9591560684e-01
4.3314330673e+00 -2.1350548073e-01
4.4798336649e+00 -2.3147884581e-01
4.6217677568e+00 -2.4978655445e-01
4.7572734893e+00 -2.6838813176e-01
4.8863771522e+00 -2.8723565675e-01
5.0090664796e+00 -3.0628857674e-01
5.1253885625e+00 -3.2550361668e-01
5.2353720976e+00 -3.4484391143e-01
5.3390282284e+00 -3.6426445820e-01
5.4363860397e+00 -3.8372595537e-01
5.5274617367e+00 -4.0319001464e-01
5.6122817084e+00 -4.2261744692e-01
5.6908915513e+00 -4.4197268753e-01
5.7633180398e+00 -4.6121559818e-01
5.8295663742e+00 -4.8030560760e-01
5.8896579625e+00 -4.9920424745e-01
5.9436638805e+00 -5.1788210261e-01
5.9915754463e+00 -5.3630415081e-01
6.0334400568e+00 -5.5442694085e-01
6.0692795169e+00 -5.7221980267e-01
6.0991187420e+00 -5.8964868431e-01
6.1230125913e+00 -6.0667542136e-01
6.1409780844e+00 -6.2326987097e-01
6.1530542068e+00 -6.3939581713e-01
6.1592730700e+00 -6.5502021615e-01
6.1596631903e+00 -6.7010962528e-01
6.1542779993e+00 -6.8462514602e-01
6.1431372740e+00 -6.9853764763e-01
6.1262787872e+00 -7.1180913250e-01
6.1037502640e+00 -7.2441192596e-01
6.0755839679e+00 -7.3630962509e-01
6.0418283897e+00 -7.4746993872e-01
6.0025265396e+00 -7.5785819353e-01
5.9577183869e+00 -7.6744647826e-01
5.9074632882e+00 -7.7619698825e-01
5.8517881595e+00 -7.8407376082e-01
5.7907717645e+00 -7.9105241560e-01
5.7244464253e+00 -7.9709352226e-01
5.6528665762e+00 -8.0216328284e-01
5.5760947214e+00 -8.0623574681e-01
5.4942187990e+00 -8.0927803437e-01
5.4072623590e+00 -8.1125018830e-01
5.3153064749e+00 -8.1212509101e-01
5.2184458762e+00 -8.1187473196e-01
5.1167309420e+00 -8.1046115985e-01
5.0102527925e+00 -8.0785924660e-01
4.8991210388e+00 -8.0404547761e-01
4.7833876958e+00 -7.9897177624e-01
4.6631752043e+00 -7.9261947026e-01
4.5385828079e+00 -7.8496159821e-01
4.4097234169e+00 -7.7596976717e-01
4.2767228913e+00 -7.6562187403e-01
4.1396914433e+00 -7.5389817969e-01
3.9987754938e+00 -7.4076967446e-01
3.8541319443e+00 -7.2621536662e-01
3.7059003678e+00 -7.1022221734e-01
3.5542766194e+00 -6.9276527817e-01
3.3994249978e+00 -6.7384360480e-01
3.2415383344e+00 -6.5344884496e-01
3.0808473191e+00 -6.3157105595e-01
2.9175891082e+00 -6.0821335166e-01
2.7520072273e+00 -5.8338649026e-01
2.5843876284e+00 -5.5710857437e-01
2.4150340711e+00 -5.2939672366e-01
2.2442716744e+00 -5.0028102460e-01
2.0724925005e+00 -4.6979519661e-01
1.9000723612e+00 -4.3799724132e-01
1.7274830626e+00 -4.0496323008e-01
1.5552652413e+00 -3.7077397090e-01
1.3839893227e+00 -3.3554883342e-01
1.2143111310e+00 -2.9943179456e-01
1.0470212720e+00 -2.6259520347e-01
8.8303231843e-01 -2.2526516442e-01
7.2351173860e-01 -1.8776981859e-01
5.6983724064e-01 -1.5045855677e-01
4.2364602717e-01 -1.1379941945e-01
2.8757175849e-01 -7.8631044937e-02
1.6524917788e-01 -4.5863734397e-02
6.2815848077e-02 -1.7026154272e-02
-1.2773644185e-05 -1.9379995818e-06
