3.0544164050e-03 2.9298596738e-03
1.0557135193e-02 1.3719498720e-02
3.0514725519e-02 3.4780682364e-02
3.8100366304e-02 -7.4233653982e-02
5.5805841200e-02 6.1581402222e-02
7.2716758712e-02 -1.2752132354e-01
8.5483441767e-02 9.3277810039e-02
1.1859790783e-01 1.2899501370e-01
1.2263831098e-01 -1.8917110854e-01
1.5420170071e-01 1.6783135256e-01
1.8195553025e-01 -2.6000849161e-01
1.9731200972e-01 2.1531321735e-01
2.4885919611e-01 -3.3855959087e-01
2.6211181346e-01 2.7776928327e-01
3.2152885377e-01 -4.2326418269e-01
3.4042509499e-01 3.4258657551e-01
4.1126177012e-01 -5.2119539581e-01
4.3104670717e-01 4.0940282555e-01
5.3646569584e-01 4.8115217250e-01
5.3753035358e-01 -6.3910686055e-01
6.5373620757e-01 5.5949476632e-01
6.7607807829e-01 -7.5809382336e-01
7.7584620777e-01 6.4027529294e-01
8.2353763898e-01 -8.8275113243e-01
9.0254161529e-01 7.2287018473e-01
9.7925625265e-01 -1.0220958183e+00
1.0564579663e+00 8.0729496216e-01
1.1519697405e+00 -1.1581710204e+00
1.2208466034e+00 8.8758597015e-01
1.3402015342e+00 -1.2908369238e+00
1.3945653500e+00 9.6359361587e-01
1.5423931314e+00 -1.4198742103e+00
1.5764040492e+00 1.0351192141e+00
1.7636240219e+00 1.1049439350e+00
1.7644578801e+00 -1.5534192766e+00
1.9598518002e+00 1.1750339636e+00
2.0006253895e+00 -1.6956080091e+00
2.1699526530e+00 1.2387440692e+00
2.2375771265e+00 -1.8370143490e+00
2.3923510868e+00 1.2962585659e+00
2.4820812690e+00 -1.9717251970e+00
2.6253922076e+00 1.3477271122e+00
2.7478001200e+00 -2.0883181703e+00
2.8673491488e+00 1.3932637249e+00
3.0201250847e+00 -2.1919345806e+00
3.1164308185e+00 1.4329459965e+00
3.2980395973e+00 -2.2830335253e+00
3.3796925249e+00 1.4798174734e+00
3.5804059167e+00 -2.3619454796e+00
3.6315652868e+00 1.4986202765e+00
3.8659697273e+00 -2.4288702630e+00
3.8932318868e+00 1.5108896801e+00
4.1564925392e+00 1.5128523170e+00
4.1595043115e+00 -2.4855859334e+00
4.4201451641e+00 1.5043977531e+00
4.4664183274e+00 -2.5384775245e+00
4.6834316717e+00 1.4859095520e+00
4.7481699278e+00 -2.5769940240e+00
4.9455067390e+00 1.4577718209e+00
5.0254075067e+00 -2.6043836441e+00
5.2054409970e+00 1.4203673522e+00
5.2975719464e+00 -2.6210375955e+00
5.4694261374e+00 1.3718128190e+00
5.5639007009e+00 -2.6272298374e+00
5.7246936434e+00 1.3133683857e+00
5.8234305310e+00 -2.6231156314e+00
5.9582159143e+00 1.2498333734e+00
6.0706768517e+00 -2.6036227948e+00
6.1864396762e+00 1.1756404446e+00
6.3073744228e+00 -2.5658255036e+00
6.4089150638e+00 1.0914112753e+00
6.5376352757e+00 -2.5141763963e+00
6.6250987407e+00 9.9777953772e-01
6.7609451850e+00 -2.4517871640e+00
6.8343557329e+00 8.9538805200e-01
6.9724850880e+00 -2.3821960724e+00
7.0359617477e+00 7.8488593048e-01
7.1696784392e+00 -2.3022650364e+00
7.2291059719e+00 6.6692572527e-01
7.3550991972e+00 -2.2117638376e+00
7.4104849861e+00 5.4112256619e-01
7.5296714200e+00 -2.1099299282e+00
7.5659573503e+00 4.0599662712e-01
7.6709196508e+00 -2.0002372339e+00
7.7217100984e+00 2.6626138763e-01
7.7988007568e+00 -1.8842906962e+00
7.8573646566e+00 1.2311686609e-01
7.9132865656e+00 -1.7626019861e+00
7.9586792907e+00 -2.0042212335e-02
8.0142396241e+00 -1.6356658588e+00
8.0453138543e+00 -1.6609416237e-01
8.1014134259e+00 -1.5039581571e+00
8.1174766403e+00 -3.1446195530e-01
8.1744532429e+00 -1.3679339303e+00
8.1752756391e+00 -4.6454678782e-01
8.2187177030e+00 -6.1573049458e-01
8.2282398153e+00 -1.2236524800e+00
8.2477082768e+00 -7.6737805127e-01
8.2573342049e+00 -1.0720978326e+00
8.2620516982e+00 -9.1884015808e-01
