2.2500717308e+02
2.2500731991e+02
2.2500745582e+02
2.2500749992e+02
2.2500741396e+02
2.2500738395e+02
2.2500742843e+02
2.2500739325e+02
2.2500737742e+02
2.2500734929e+02
2.2500733626e+02
2.2500733673e+02
2.2500739110e+02
2.2500750967e+02
2.2500753930e+02
2.2500713293e+02
2.2500676540e+02
2.2500677559e+02
2.2500717924e+02
2.2500758288e+02
2.2500729259e+02
2.2500698150e+02
2.2500692736e+02
2.2500717997e+02
2.2500743259e+02
2.2500722826e+02
2.2500694320e+02
2.2500678602e+02
2.2500708805e+02
2.2500739008e+02
2.2500740331e+02
2.2500726062e+02
2.2500719488e+02
2.2500726386e+02
2.2500735173e+02
2.2500733595e+02
2.2500721180e+02
2.2500709098e+02
2.2500712370e+02
2.2500707907e+02
2.2500710706e+02
2.2500723365e+02
2.2500738598e+02
2.2500736538e+02
2.2500730811e+02
2.2500723752e+02
2.2500715281e+02
2.2500708226e+02
2.2500724723e+02
2.2500744085e+02
2.2500742323e+02
2.2500709584e+02
2.2500679553e+02
2.2500699332e+02
2.2500729124e+02
2.2500745383e+02
2.2500721010e+02
2.2500696637e+02
2.2500709780e+02
2.2500739001e+02
2.2500761848e+02
2.2500745793e+02
2.2500729739e+02
2.2500721639e+02
2.2500718962e+02
2.2500716075e+02
2.2500707082e+02
2.2500698089e+02
2.2500706407e+02
2.2500732445e+02
2.2500758483e+02
2.2500745887e+02
2.2500723097e+02
2.2500701596e+02
2.2500674973e+02
2.2500675760e+02
2.2500691532e+02
2.2500716174e+02
2.2500744699e+02
2.2500738176e+02
2.2500718675e+02
2.2500728688e+02
2.2500757977e+02
2.2500759320e+02
2.2500756775e+02
2.2500732770e+02
2.2500716733e+02
2.2500733314e+02
2.2500731218e+02
2.2500733359e+02
2.2500728257e+02
2.2500721367e+02
2.2500719500e+02
2.2500717273e+02
2.2500717203e+02
2.2500716705e+02
2.2500716010e+02
2.2500712541e+02
2.2500708620e+02
2.2500704698e+02
