1.3786384796e+01
1.3794070279e+01
1.3801755763e+01
1.3809441246e+01
1.3817126729e+01
1.3823563832e+01
1.3829629301e+01
1.3835694771e+01
1.3841760240e+01
1.3847398441e+01
1.3852641721e+01
1.3857885001e+01
1.3863066057e+01
1.3866955602e+01
1.3870957397e+01
1.3875409953e+01
1.3879021212e+01
1.3882124199e+01
1.3885382050e+01
1.3888639902e+01
1.3890819625e+01
1.3892719161e+01
1.3894618698e+01
1.3896655342e+01
1.3897895829e+01
1.3899073269e+01
1.3900250710e+01
1.3901428151e+01
1.3901316527e+01
1.3901113971e+01
1.3901074101e+01
1.3900921298e+01
1.3899881348e+01
1.3898841398e+01
1.3897801448e+01
1.3896772788e+01
1.3894568691e+01
1.3892483000e+01
1.3890412379e+01
1.3888341758e+01
1.3885028068e+01
1.3881751160e+01
1.3878945948e+01
1.3875800976e+01
1.3871675852e+01
1.3867550728e+01
1.3863450022e+01
1.3859030688e+01
1.3853700420e+01
1.3848902076e+01
1.3844103733e+01
1.3838402341e+01
1.3832119510e+01
1.3826659315e+01
1.3820836212e+01
1.3814219448e+01
1.3807602685e+01
1.3800794747e+01
1.3793062813e+01
1.3786022397e+01
1.3778981982e+01
1.3771313051e+01
1.3763336353e+01
1.3755359656e+01
1.3746382276e+01
1.3738097467e+01
1.3729812657e+01
1.3721420742e+01
1.3712175245e+01
1.3702929748e+01
1.3693979139e+01
1.3685568159e+01
1.3676060457e+01
1.3666552755e+01
1.3656932527e+01
1.3647146991e+01
1.3637525078e+01
1.3629718508e+01
1.3622112971e+01
1.3612674092e+01
1.3603147055e+01
1.3593965424e+01
1.3585642045e+01
1.3579482854e+01
1.3574391668e+01
1.3570055542e+01
1.3565719416e+01
1.3558910264e+01
1.3558945998e+01
1.3560259727e+01
1.3561573456e+01
1.3564861162e+01
1.3577476636e+01
1.3590092110e+01
1.3602946232e+01
1.3641160779e+01
1.3695735969e+01
1.3750311158e+01
1.3804886348e+01
1.3859461537e+01
