6.4696993637e+02
6.4879129866e+02
9.1561361952e+02
6.5051806012e+02
9.1288572114e+02
6.5214848205e+02
9.0976069734e+02
6.5368092275e+02
9.0672557613e+02
6.5511383919e+02
6.5644578854e+02
9.0378341365e+02
6.5767542963e+02
9.0093717238e+02
6.5880152433e+02
8.9818971827e+02
6.5982337919e+02
8.9554381775e+02
6.6074232247e+02
8.9300213503e+02
6.6155478828e+02
8.9056722938e+02
6.6225995856e+02
8.8768866892e+02
6.6285712325e+02
8.8463921683e+02
6.6334568106e+02
8.8166482596e+02
6.6482142569e+02
8.7876849125e+02
6.6827770345e+02
8.7568144316e+02
6.7160486798e+02
8.6995128975e+02
6.7479956913e+02
8.6432832445e+02
6.7785859008e+02
8.5881820910e+02
6.8077885068e+02
8.5442988811e+02
6.8355741045e+02
8.5148125682e+02
6.8619147164e+02
8.4853090230e+02
6.8764194083e+02
8.4558179530e+02
6.8892273233e+02
8.4263690533e+02
6.9107844379e+02
8.3969919764e+02
6.9340922027e+02
8.3677163026e+02
6.9570708759e+02
6.9796973199e+02
8.3385715099e+02
7.0019487518e+02
8.3095869448e+02
7.0238027663e+02
8.2812473456e+02
7.0452373582e+02
8.2559505911e+02
7.0662309448e+02
8.2308307892e+02
7.0867623873e+02
8.2059132335e+02
7.1055758864e+02
8.1812230136e+02
7.1190537142e+02
8.1466880305e+02
7.1335937608e+02
8.1078866512e+02
7.1506691914e+02
8.0692978796e+02
7.1738186603e+02
8.0309605713e+02
7.2064061831e+02
7.9929133287e+02
7.2390119183e+02
7.9551944623e+02
7.2716030346e+02
7.9178419517e+02
7.3041467156e+02
7.8808934077e+02
7.3366101925e+02
7.8443860343e+02
7.3689607774e+02
7.8083565914e+02
7.4011658960e+02
7.7728413577e+02
7.4331931204e+02
7.7378760938e+02
7.4650102020e+02
7.7034960070e+02
7.4965851036e+02
7.6725206153e+02
7.5278860320e+02
7.6497244683e+02
7.5588814699e+02
7.6198313737e+02
7.5895402073e+02
