1.9723506844e+02
1.9753101147e+02
1.9782990811e+02
1.9812207388e+02
1.9840146134e+02
1.9867478930e+02
1.9892215115e+02
1.9917761461e+02
1.9940757789e+02
1.9962730222e+02
1.9984517535e+02
2.0003743964e+02
2.0022970394e+02
2.0040708832e+02
2.0057450953e+02
2.0074229897e+02
2.0088698889e+02
2.0102566939e+02
2.0115864031e+02
2.0127287260e+02
2.0138134861e+02
2.0147700117e+02
2.0156543901e+02
2.0164294154e+02
2.0170323381e+02
2.0176352608e+02
2.0180694827e+02
2.0183918327e+02
2.0187250531e+02
2.0188930087e+02
2.0189793643e+02
2.0190539341e+02
2.0189493983e+02
2.0187476010e+02
2.0185148048e+02
2.0181689070e+02
2.0176729061e+02
2.0171522587e+02
2.0165698220e+02
2.0157792219e+02
2.0149816755e+02
2.0141580331e+02
2.0130946163e+02
2.0120488523e+02
2.0110476209e+02
2.0097820012e+02
2.0085163814e+02
2.0072701894e+02
2.0057573010e+02
2.0042770304e+02
2.0027763039e+02
2.0010095800e+02
1.9993533114e+02
1.9975611416e+02
1.9956356892e+02
1.9937555532e+02
1.9917552498e+02
1.9896531197e+02
1.9875707293e+02
1.9854860713e+02
1.9832246486e+02
1.9808361016e+02
1.9785035232e+02
1.9761751404e+02
1.9735788186e+02
1.9713160257e+02
1.9685667366e+02
1.9660134485e+02
1.9635534718e+02
1.9606230194e+02
1.9579809088e+02
1.9553387982e+02
1.9524684381e+02
1.9496639951e+02
1.9468974784e+02
1.9440877368e+02
1.9411386668e+02
1.9385261134e+02
1.9356079531e+02
1.9326407766e+02
1.9302621543e+02
1.9272267350e+02
1.9246105482e+02
1.9222741906e+02
1.9193585291e+02
1.9171258994e+02
1.9148932697e+02
1.9126242902e+02
1.9105466530e+02
1.9086607039e+02
1.9073075197e+02
1.9055081960e+02
1.9050751473e+02
1.9041812149e+02
1.9025440661e+02
1.9059150389e+02
1.9054417182e+02
1.9057844457e+02
1.9141179716e+02
1.9224514975e+02
