2.8000811201e+02
2.8000724785e+02
2.8000625949e+02
2.8000573395e+02
2.8000621944e+02
2.8000663609e+02
2.8000631025e+02
2.8000572795e+02
2.8000536745e+02
2.8000608983e+02
2.8000676665e+02
2.8000688722e+02
2.8000645387e+02
2.8000597103e+02
2.8000601156e+02
2.8000618990e+02
2.8000631807e+02
2.8000634586e+02
2.8000640981e+02
2.8000643798e+02
2.8000639833e+02
2.8000635868e+02
2.8000639064e+02
2.8000644614e+02
2.8000650165e+02
2.8000632438e+02
2.8000613694e+02
2.8000600884e+02
2.8000608417e+02
2.8000616102e+02
2.8000619896e+02
2.8000620468e+02
2.8000638457e+02
2.8000631444e+02
2.8000619925e+02
2.8000616637e+02
2.8000626522e+02
2.8000631690e+02
2.8000639903e+02
2.8000652288e+02
2.8000654139e+02
2.8000642472e+02
2.8000627569e+02
2.8000618357e+02
2.8000644306e+02
2.8000665992e+02
2.8000669449e+02
2.8000638024e+02
2.8000607969e+02
2.8000602105e+02
2.8000614336e+02
2.8000641764e+02
2.8000634740e+02
2.8000629977e+02
2.8000629287e+02
2.8000629094e+02
2.8000632753e+02
2.8000635408e+02
2.8000654223e+02
2.8000657358e+02
2.8000660493e+02
2.8000663993e+02
2.8000668104e+02
2.8000670481e+02
2.8000663946e+02
2.8000657410e+02
2.8000663834e+02
2.8000670805e+02
2.8000670559e+02
2.8000664024e+02
2.8000657490e+02
2.8000654922e+02
2.8000653302e+02
2.8000653853e+02
2.8000666686e+02
2.8000679519e+02
2.8000681579e+02
2.8000668476e+02
2.8000655373e+02
2.8000657677e+02
2.8000663408e+02
2.8000669138e+02
2.8000665121e+02
2.8000660649e+02
2.8000651726e+02
2.8000648364e+02
2.8000645002e+02
2.8000628952e+02
2.8000602664e+02
2.8000576377e+02
2.8000591141e+02
2.8000617187e+02
2.8000643098e+02
2.8000661564e+02
2.8000680029e+02
2.8000672996e+02
2.8000669901e+02
2.8000666805e+02
2.8000706454e+02
2.8000769707e+02
