3.7092783995e+02
3.7080330591e+02
3.7068176586e+02
3.7056861175e+02
3.7045928572e+02
3.7035454917e+02
3.7025477607e+02
3.7016048004e+02
3.7007262354e+02
3.6998754357e+02
3.6991173492e+02
3.6983783326e+02
3.6977088139e+02
3.6970912746e+02
3.6965234880e+02
3.6960330278e+02
3.6955683906e+02
3.6952101039e+02
3.6948657386e+02
3.6945930839e+02
3.6943587250e+02
3.6941913871e+02
3.6941073522e+02
3.6940493764e+02
3.6940959050e+02
3.6941790115e+02
3.6943101328e+02
3.6945162798e+02
3.6947657796e+02
3.6951029887e+02
3.6955004144e+02
3.6959470037e+02
3.6964735080e+02
3.6970303209e+02
3.6976678948e+02
3.6983702110e+02
3.6991290349e+02
3.6999699206e+02
3.7008613273e+02
3.7017923604e+02
3.7028121441e+02
3.7038814917e+02
3.7050143021e+02
3.7062237334e+02
3.7074669551e+02
3.7087893781e+02
3.7101484854e+02
3.7115669480e+02
3.7130738672e+02
3.7146314496e+02
3.7162238591e+02
3.7178735826e+02
3.7195726356e+02
3.7213396367e+02
3.7231791952e+02
3.7250152310e+02
3.7269426438e+02
3.7289048913e+02
3.7309402279e+02
3.7330052435e+02
3.7351276970e+02
3.7372436189e+02
3.7394637972e+02
3.7416973120e+02
3.7439600105e+02
3.7462470018e+02
3.7486231131e+02
3.7510124687e+02
3.7534237858e+02
3.7558385563e+02
3.7583307960e+02
3.7608389395e+02
3.7633782681e+02
3.7659010824e+02
3.7684805339e+02
3.7710959984e+02
3.7737186119e+02
3.7763100753e+02
3.7789460037e+02
3.7816335653e+02
3.7842627492e+02
3.7869272859e+02
3.7896013819e+02
3.7923056844e+02
3.7949259180e+02
3.7975803460e+02
3.8002831767e+02
3.8029396491e+02
3.8054754210e+02
3.8080696839e+02
3.8107215534e+02
3.8132118670e+02
3.8155162931e+02
3.8180627793e+02
3.8200507893e+02
3.8221133489e+02
3.8234616822e+02
3.8262320823e+02
3.8245704763e+02
3.8090647773e+02
