3.7321517698e+02
3.7313353684e+02
3.7305286860e+02
3.7297743758e+02
3.7290492443e+02
3.7283553314e+02
3.7277131445e+02
3.7270817264e+02
3.7264943025e+02
3.7259238430e+02
3.7254060967e+02
3.7249201314e+02
3.7244630467e+02
3.7240663979e+02
3.7236872486e+02
3.7233441683e+02
3.7230380136e+02
3.7227641643e+02
3.7225546659e+02
3.7223718784e+02
3.7222228195e+02
3.7221134696e+02
3.7220403992e+02
3.7220167933e+02
3.7220282051e+02
3.7221031928e+02
3.7221911874e+02
3.7223259208e+02
3.7225070895e+02
3.7227271746e+02
3.7230090834e+02
3.7233267423e+02
3.7236687688e+02
3.7240694455e+02
3.7245109282e+02
3.7249911609e+02
3.7255374432e+02
3.7261139064e+02
3.7267246888e+02
3.7273763532e+02
3.7281019191e+02
3.7288557821e+02
3.7296355235e+02
3.7304799532e+02
3.7313621406e+02
3.7322811325e+02
3.7332686601e+02
3.7342801781e+02
3.7353321262e+02
3.7364188693e+02
3.7375410973e+02
3.7387400757e+02
3.7399516218e+02
3.7411928074e+02
3.7425234966e+02
3.7438433930e+02
3.7452155988e+02
3.7466493839e+02
3.7481054445e+02
3.7495970665e+02
3.7511032591e+02
3.7526717466e+02
3.7542573734e+02
3.7558674777e+02
3.7575520098e+02
3.7592335857e+02
3.7609513683e+02
3.7626694693e+02
3.7644552768e+02
3.7662777009e+02
3.7680746867e+02
3.7699373456e+02
3.7718421323e+02
3.7737333944e+02
3.7756315591e+02
3.7776043235e+02
3.7795805102e+02
3.7815547847e+02
3.7835575221e+02
3.7855533137e+02
3.7876370845e+02
3.7896668866e+02
3.7917088158e+02
3.7938289951e+02
3.7959001636e+02
3.7980254566e+02
3.8001711830e+02
3.8022155920e+02
3.8043827732e+02
3.8066129912e+02
3.8087043944e+02
3.8108139328e+02
3.8129875565e+02
3.8152503780e+02
3.8170188776e+02
3.8191547052e+02
3.8217470393e+02
3.8231165466e+02
3.8247095565e+02
3.8093086536e+02
