2.7197797209e+02
2.7255428800e+02
2.7139909339e+02
2.7313141944e+02
2.7081596795e+02
2.7372088536e+02
2.7023277754e+02
2.7431028993e+02
2.6965356372e+02
2.7489801009e+02
2.6907479178e+02
2.7548509056e+02
2.6849599732e+02
2.7607212492e+02
2.6791642385e+02
2.7665406660e+02
2.6733675838e+02
2.7723599095e+02
2.6676464774e+02
2.7781985688e+02
2.6619376154e+02
2.7840616405e+02
2.6561829949e+02
2.7899252422e+02
2.6503260484e+02
2.7957897184e+02
2.6444674845e+02
2.8016542301e+02
2.6388050555e+02
2.8075394430e+02
2.6331858083e+02
2.8134555373e+02
2.6275399371e+02
2.8193725104e+02
2.6218245563e+02
2.8252526393e+02
2.6161078137e+02
2.8311306244e+02
2.6104260787e+02
2.8370099381e+02
2.6047538993e+02
2.8428979853e+02
2.5990946794e+02
2.8487871470e+02
2.5934634743e+02
2.8546611781e+02
2.8605338462e+02
2.5878306636e+02
2.8664210382e+02
2.5821732447e+02
2.8723396527e+02
2.5765065618e+02
2.8782595606e+02
2.5708600985e+02
2.8841551618e+02
2.5652756791e+02
2.8900473067e+02
2.5596893844e+02
2.8959428979e+02
2.5541320098e+02
2.9018523438e+02
2.5485865900e+02
2.9077632828e+02
2.5430323676e+02
2.9136336524e+02
2.5374230596e+02
2.9194957377e+02
2.5318113645e+02
2.9253811602e+02
2.5262975568e+02
2.9313292713e+02
2.5208344105e+02
2.9372792026e+02
2.5153721586e+02
2.9431139304e+02
2.5099093811e+02
2.9489164587e+02
2.5044442998e+02
2.9547627663e+02
2.4989891698e+02
2.9607457574e+02
2.4935398313e+02
2.9667308857e+02
2.4880982374e+02
2.9725972441e+02
2.4827159967e+02
2.9784221392e+02
2.4773311782e+02
2.9842489887e+02
2.4719371514e+02
2.9900879929e+02
2.4665363126e+02
2.9959291054e+02
2.4611395953e+02
3.0017896204e+02
2.4557786577e+02
3.0076592118e+02
2.4504148826e+02
3.0135180973e+02
2.4451021054e+02
3.0193342007e+02
2.4398336940e+02
3.0251524264e+02
2.4345654587e+02
3.0310014056e+02
2.4292855603e+02
3.0368670918e+02
2.4240026546e+02
3.0427300430e+02
2.4187764184e+02
3.0485877132e+02
2.4136086517e+02
3.0544479004e+02
2.4084386526e+02
3.0602333118e+02
2.4031704434e+02
3.0659724524e+02
2.3978928958e+02
3.0717225492e+02
2.3927073972e+02
3.0775923932e+02
2.3876335640e+02
3.0834648814e+02
2.3825571470e+02
3.0892781153e+02
3.0950479359e+02
2.3774354153e+02
3.1008160199e+02
2.3723046092e+02
3.1065589082e+02
2.3671975288e+02
3.1123045145e+02
2.3621257755e+02
3.1180836755e+02
2.3570511392e+02
3.1238919406e+02
2.3520959453e+02
3.1296988884e+02
2.3471497632e+02
3.1354207456e+02
2.3421774166e+02
3.1411454998e+02
2.3371639652e+02
3.1468597400e+02
2.3321476123e+02
3.1525628681e+02
2.3272341013e+02
3.1582684553e+02
2.3223317279e+02
3.1640380269e+02
2.3174453464e+02
3.1698150296e+02
2.3125953266e+02
3.1755333116e+02
2.3077423912e+02
3.1811800843e+02
2.3028547777e+02
3.1868295601e+02
2.2979516842e+02
3.1924654857e+02
2.2930985971e+02
3.1981050402e+02
2.2883722409e+02
3.2037535277e+02
2.2836424014e+02
3.2094129308e+02
2.2789203295e+02
3.2150749258e+02
2.2741947351e+02
3.2207010566e+02
2.2694812844e+02
3.2263285262e+02
3.2319562510e+02
2.2648124447e+02
3.2375817862e+02
2.2601402532e+02
3.2432100958e+02
2.2555014181e+02
3.2487736653e+02
2.2508676888e+02
3.2543314825e+02
2.2462442100e+02
3.2598945266e+02
2.2416709638e+02
3.2654642468e+02
2.2370941473e+02
3.2710368609e+02
2.2325471508e+02
3.2766221493e+02
2.2280064937e+02
3.2822158127e+02
2.2234751809e+02
3.2877740934e+02
2.2190064953e+02
3.2932417072e+02
2.2145339697e+02
3.2987125205e+02
2.2101201916e+02
3.3042053972e+02
2.2057320123e+02
3.3097092900e+02
2.2013420593e+02
3.3152019594e+02
2.1969664159e+02
3.3206539457e+02
2.1925870110e+02
3.3261090672e+02
2.1882533476e+02
3.3315573798e+02
3.3370082858e+02
2.1839415124e+02
3.3424550039e+02
2.1796284124e+02
3.3478757916e+02
2.1753458578e+02
3.3532998435e+02
2.1710592609e+02
3.3587054019e+02
2.1668853944e+02
3.3641076465e+02
2.1627914421e+02
3.3695050651e+02
2.1586858542e+02
3.3748643217e+02
2.1544451155e+02
3.3802269753e+02
2.1502008414e+02
3.3855629659e+02
2.1460801218e+02
3.3908890609e+02
2.1420597729e+02
3.3962175965e+02
2.1380336724e+02
3.4015402458e+02
2.1339125692e+02
3.4068663004e+02
2.1297875004e+02
3.4121731038e+02
3.4174725748e+02
2.1257761988e+02
3.4227706612e+02
2.1218765699e+02
3.4280185900e+02
2.1179720040e+02
3.4332700904e+02
2.1139706552e+02
3.4385039559e+02
2.1099622309e+02
3.4437285421e+02
2.1060268637e+02
3.4489560702e+02
2.1021746790e+02
3.4541666232e+02
2.0983173610e+02
3.4593808424e+02
2.0944941993e+02
3.4645540151e+02
2.0906692811e+02
3.4696944244e+02
2.0868827320e+02
3.4748391367e+02
2.0831490783e+02
3.4800051538e+02
2.0794101346e+02
3.4851747968e+02
2.0757204515e+02
3.4903131317e+02
3.4954230345e+02
2.0720329949e+02
3.5005371493e+02
2.0683539927e+02
3.5056138813e+02
2.0646851258e+02
3.5106931272e+02
2.0610108805e+02
3.5157816090e+02
2.0574163335e+02
3.5208847066e+02
2.0538321142e+02
3.5259921341e+02
2.0502787402e+02
3.5309480095e+02
2.0467878379e+02
3.5358960037e+02
2.0432915511e+02
3.5408939879e+02
2.0398007393e+02
3.5459666465e+02
2.0363076753e+02
3.5510437590e+02
3.5559693916e+02
2.0328400159e+02
3.5608796801e+02
2.0294338518e+02
3.5657777038e+02
2.0260221849e+02
3.5706540329e+02
2.0226539691e+02
3.5755347208e+02
2.0192955803e+02
3.5804652980e+02
2.0159591596e+02
3.5854080042e+02
2.0126916227e+02
3.5903039068e+02
2.0094185613e+02
3.5951045453e+02
2.0061579026e+02
3.5999095904e+02
2.0028990419e+02
3.6047527857e+02
1.9996439171e+02
3.6096081036e+02
3.6144161297e+02
1.9964032006e+02
3.6191047473e+02
1.9931567902e+02
3.6237977355e+02
1.9900111970e+02
3.6285940090e+02
1.9869087944e+02
3.6334239760e+02
1.9838296949e+02
3.6382198619e+02
1.9808851543e+02
3.6429164582e+02
1.9779351329e+02
3.6476176006e+02
1.9748566126e+02
3.6523012688e+02
1.9717058672e+02
3.6569809974e+02
1.9685843862e+02
3.6616460200e+02
3.6662479951e+02
1.9656706527e+02
3.6708545753e+02
1.9627511602e+02
3.6754483231e+02
1.9598277037e+02
3.6800384089e+02
1.9569000154e+02
3.6846311561e+02
1.9539795455e+02
3.6892306912e+02
1.9511702297e+02
3.6938349684e+02
1.9483551377e+02
3.6983195570e+02
1.9456013276e+02
3.7027405717e+02
1.9428938243e+02
3.7071786684e+02
1.9401783861e+02
3.7117196247e+02
3.7162654014e+02
1.9373333885e+02
3.7206914423e+02
1.9344824553e+02
3.7250411415e+02
1.9317431406e+02
3.7293929574e+02
1.9291044316e+02
3.7337311510e+02
1.9264613913e+02
3.7380741089e+02
1.9238059587e+02
3.7424332369e+02
1.9211443287e+02
3.7468057416e+02
1.9185652885e+02
3.7511736033e+02
1.9160746665e+02
3.7553738095e+02
3.7595788794e+02
1.9135784065e+02
3.7637827328e+02
1.9110762659e+02
3.7679857384e+02
1.9085668380e+02
3.7721918174e+02
1.9060932670e+02
3.7763511831e+02
1.9036663899e+02
3.7805154994e+02
1.9012339813e+02
3.7846397518e+02
1.8988298233e+02
3.7887209683e+02
1.8964200939e+02
3.7928069131e+02
3.7968323068e+02
1.8940518670e+02
3.8008614159e+02
1.8917480268e+02
3.8048557588e+02
1.8894383363e+02
3.8088052595e+02
1.8871848423e+02
3.8127596220e+02
1.8849317413e+02
3.8166370018e+02
1.8826974790e+02
3.8205135827e+02
1.8805010872e+02
3.8243728494e+02
1.8782986884e+02
3.8282040644e+02
3.8320402242e+02
1.8761958807e+02
3.8357131573e+02
1.8741046764e+02
3.8393698363e+02
1.8720160501e+02
3.8430457063e+02
1.8699400472e+02
3.8467510922e+02
1.8678578661e+02
3.8504612820e+02
1.8659099343e+02
3.8540379906e+02
1.8639882459e+02
3.8575963179e+02
1.8620785191e+02
3.8611239042e+02
3.8645812053e+02
1.8602095458e+02
3.8680436681e+02
1.8583343926e+02
3.8714239357e+02
1.8564509836e+02
3.8747894247e+02
1.8545567204e+02
3.8781178620e+02
1.8527167393e+02
3.8813439070e+02
1.8510612605e+02
3.8845752996e+02
1.8493988106e+02
3.8877593598e+02
3.8909339501e+02
1.8478248083e+02
3.8940404537e+02
1.8462789002e+02
3.8969221141e+02
1.8447442858e+02
3.8998092915e+02
1.8432758446e+02
3.9027020045e+02
1.8418001736e+02
3.9056014107e+02
1.8405589568e+02
3.9084652313e+02
1.8394220793e+02
3.9111717462e+02
1.8382583113e+02
3.9138842138e+02
3.9163800330e+02
1.8369863988e+02
3.9187791347e+02
1.8357071682e+02
3.9211541826e+02
1.8347508300e+02
3.9233786849e+02
1.8339659723e+02
3.9256093499e+02
1.8331967656e+02
3.9276657125e+02
1.8325929476e+02
3.9296297180e+02
3.9315549239e+02
1.8319804197e+02
3.9331579902e+02
1.8316729780e+02
3.9347678237e+02
1.8315613481e+02
3.9360886028e+02
1.8314890331e+02
3.9372221171e+02
1.8319607302e+02
3.9383117970e+02
1.8324226580e+02
3.9388291091e+02
1.8334698069e+02
3.9393540125e+02
3.9393094125e+02
1.8349673748e+02
3.9388245972e+02
1.8364781499e+02
3.9383428578e+02
1.8385448836e+02
3.9377482253e+02
1.8405966951e+02
3.9371659230e+02
1.8520034581e+02
3.9251936049e+02
1.8722156653e+02
3.9025747055e+02
3.8799474189e+02
1.8924389122e+02
