-2.7053554293e-08 -8.9669496403e-07
1.6772943873e-02 3.1929960115e-05
3.3145373349e-02 1.2093594183e-04
4.9117261376e-02 2.6612125019e-04
6.4688607954e-02 4.6748588518e-04
7.9857974946e-02 7.2363443946e-04
9.4629428009e-02 1.0269322713e-03
1.0900513105e-01 1.3762405186e-03
1.2298196012e-01 1.7730046452e-03
1.3655925835e-01 2.2168750210e-03
1.4974489695e-01 2.7001807246e-03
1.6253622179e-01 3.2222647684e-03
1.7493681633e-01 3.7819217994e-03
1.8694592013e-01 4.3788170203e-03
1.9856732702e-01 5.0072800562e-03
2.0980272322e-01 5.6661810591e-03
2.2065027643e-01 6.3564136566e-03
2.3111334727e-01 7.0754578702e-03
2.4119340202e-01 7.8188549902e-03
2.5089324374e-01 8.5854934978e-03
2.6021533837e-01 9.3744216705e-03
2.6915960380e-01 1.0184671924e-02
2.7772945300e-01 1.1011478153e-02
2.8592562423e-01 1.1854264423e-02
2.9374811748e-01 1.2713030734e-02
3.0119919617e-01 1.3585821832e-02
3.0828439965e-01 1.4467432896e-02
3.1500402682e-01 1.5357642446e-02
3.2135807768e-01 1.6256450481e-02
3.2734919437e-01 1.7161097831e-02
3.3297928940e-01 1.8068239099e-02
3.3824880881e-01 1.8977720887e-02
3.4316276720e-01 1.9888165931e-02
3.4771881922e-01 2.0797529494e-02
3.5192404718e-01 2.1701927558e-02
3.5577656738e-01 2.2601655901e-02
3.5927674642e-01 2.3496028160e-02
3.6242868513e-01 2.4380227913e-02
3.6523315846e-01 2.5253465376e-02
3.6769364936e-01 2.6114958708e-02
3.6980953857e-01 2.6963790258e-02
3.7158457590e-01 2.7795323481e-02
3.7301991824e-01 2.8608956559e-02
3.7411469416e-01 2.9405016722e-02
3.7487313443e-01 3.0179298223e-02
3.7529750069e-01 3.0929192747e-02
3.7538896517e-01 3.1654467439e-02
3.7514788162e-01 3.2354555118e-02
3.7457740092e-01 3.3024673252e-02
3.7367826478e-01 3.3663751111e-02
3.7245345064e-01 3.4271178705e-02
3.7090224456e-01 3.4845911528e-02
3.6903165050e-01 3.5383217682e-02
3.6684019217e-01 3.5882745078e-02
3.6432823471e-01 3.6343836080e-02
3.6150019253e-01 3.6761446359e-02
3.5835765343e-01 3.7134712880e-02
3.5490408988e-01 3.7463848726e-02
3.5113856955e-01 3.7746662075e-02
3.4706703889e-01 3.7978980783e-02
3.4269001089e-01 3.8160715022e-02
3.3800898450e-01 3.8290438307e-02
3.3303024159e-01 3.8363882339e-02
3.2775444143e-01 3.8380769316e-02
3.2218240216e-01 3.8340503927e-02
3.1632195277e-01 3.8238203776e-02
3.1017510112e-01 3.8072759248e-02
3.0374568010e-01 3.7844506387e-02
2.9703383928e-01 3.7552906612e-02
2.9005240109e-01 3.7193682312e-02
2.8279854738e-01 3.6766146149e-02
2.7527667780e-01 3.6267779955e-02
2.6749767974e-01 3.5694876375e-02
2.5946495476e-01 3.5050175623e-02
2.5117978039e-01 3.4333927985e-02
2.4265696641e-01 3.3541734288e-02
2.3390197639e-01 3.2672281303e-02
2.2491502637e-01 3.1725346742e-02
2.1571186649e-01 3.0701247447e-02
2.0630566096e-01 2.9600387782e-02
1.9669640977e-01 2.8422767745e-02
1.8689544119e-01 2.7167100059e-02
1.7692801576e-01 2.5833081148e-02
1.6679791971e-01 2.4420181725e-02
1.5651092767e-01 2.2935657725e-02
1.4610354265e-01 2.1387012941e-02
1.3558226722e-01 1.9770991550e-02
1.2494917186e-01 1.8088360848e-02
1.1426035882e-01 1.6347388430e-02
1.0353930651e-01 1.4552282672e-02
9.2768646929e-02 1.2724758452e-02
8.2007691053e-02 1.0880915854e-02
7.1327511157e-02 9.0361923629e-03
6.0731785823e-02 7.1921572619e-03
5.0193015273e-02 5.3993608669e-03
3.9826303784e-02 3.7392392801e-03
2.9676396239e-02 2.2415645687e-03
1.9697271108e-02 1.0705136004e-03
9.8037582993e-03 3.2183372809e-04
-4.1421852601e-06 -4.4750481570e-06
