-1.5574475353e-06 2.6172578775e-06
3.7916894049e-02 -1.1090374750e-04
7.4947196216e-02 -4.2479555640e-04
1.1108934905e-01 -9.3905816881e-04
1.4634335256e-01 -1.6536915847e-03
1.8069491095e-01 -2.5598236061e-03
2.1414164357e-01 -3.6322647719e-03
2.4668713163e-01 -4.8694889843e-03
2.7831269934e-01 -6.2790608104e-03
3.0902664995e-01 -7.8516429841e-03
3.3883328630e-01 -9.5593586400e-03
3.6772646819e-01 -1.1401178095e-02
3.9570619562e-01 -1.3377101348e-02
4.2277273563e-01 -1.5483322291e-02
4.4892597943e-01 -1.7696317215e-02
4.7416595172e-01 -2.0011707718e-02
4.9849265251e-01 -2.2429493799e-02
5.2190302135e-01 -2.4947982673e-02
5.4440682056e-01 -2.7543020971e-02
5.6601916504e-01 -3.0207356973e-02
5.8672101854e-01 -3.2941051355e-02
6.0650860875e-01 -3.5743733497e-02
6.2540144038e-01 -3.8597321340e-02
6.4340878758e-01 -4.1488532222e-02
6.6053065034e-01 -4.4417366142e-02
6.7675201425e-01 -4.7381859625e-02
6.9209166467e-01 -5.0371935111e-02
7.0655661290e-01 -5.3368227804e-02
7.2014730940e-01 -5.6370805893e-02
7.3286704674e-01 -5.9381100686e-02
7.4471486847e-01 -6.2387798695e-02
7.5572016432e-01 -6.5376335007e-02
7.6586736896e-01 -6.8341412657e-02
7.7515635802e-01 -7.1282989801e-02
7.8359445908e-01 -7.4194533346e-02
7.9120920617e-01 -7.7059648504e-02
7.9800145244e-01 -7.9877054539e-02
8.0395528373e-01 -8.2640740230e-02
8.0908164245e-01 -8.5345755194e-02
8.1340513781e-01 -8.7978283708e-02
8.1692594422e-01 -9.0538101970e-02
8.1964026298e-01 -9.3021513671e-02
8.2156958180e-01 -9.5415413471e-02
8.2270986340e-01 -9.7718953752e-02
8.2306719660e-01 -9.9928078171e-02
8.2266031554e-01 -1.0202728048e-01
8.2149053626e-01 -1.0401509752e-01
8.1955836048e-01 -1.0589161822e-01
8.1688224612e-01 -1.0764732504e-01
8.1347098834e-01 -1.0927181882e-01
8.0932447929e-01 -1.1076492133e-01
8.0444377811e-01 -1.1212540583e-01
7.9885723488e-01 -1.1334279428e-01
7.9257646959e-01 -1.1441533583e-01
7.8559186512e-01 -1.1533517213e-01
7.7790990413e-01 -1.1609914090e-01
7.6956054866e-01 -1.1669927883e-01
7.6054477635e-01 -1.1713379441e-01
7.5086235169e-01 -1.1740581275e-01
7.4054047361e-01 -1.1750851654e-01
7.2958607800e-01 -1.1743342285e-01
7.1799811638e-01 -1.1717665190e-01
7.0579400244e-01 -1.1673945052e-01
6.9299847983e-01 -1.1611989951e-01
6.7961315621e-01 -1.1531716133e-01
6.6564261065e-01 -1.1432060809e-01
6.5111618924e-01 -1.1313077907e-01
6.3604274067e-01 -1.1174870822e-01
6.2042486011e-01 -1.1017597916e-01
6.0429121459e-01 -1.0841224229e-01
5.8765623486e-01 -1.0645060726e-01
5.7052222863e-01 -1.0429138877e-01
5.5292306318e-01 -1.0194348000e-01
5.3487310403e-01 -9.9408745889e-02
5.1638583098e-01 -9.6676171718e-02
4.9747343015e-01 -9.3748981715e-02
4.7818032899e-01 -9.0638779766e-02
4.5850945114e-01 -8.7345898462e-02
4.3846946596e-01 -8.3869930036e-02
4.1812474368e-01 -8.0220834367e-02
3.9748530021e-01 -7.6406012200e-02
3.7655036621e-01 -7.2425418434e-02
3.5537634893e-01 -6.8297562532e-02
3.3398970537e-01 -6.4035534117e-02
3.1243239899e-01 -5.9632895162e-02
2.9071816841e-01 -5.5098932500e-02
2.6892015800e-01 -5.0475694429e-02
2.4705275990e-01 -4.5768430961e-02
2.2516132519e-01 -4.0973754171e-02
2.0331523595e-01 -3.6141691081e-02
1.8160693874e-01 -3.1323957036e-02
1.6000202653e-01 -2.6523677129e-02
1.3864253394e-01 -2.1790365632e-02
1.1754140067e-01 -1.7194768851e-02
9.6822977298e-02 -1.2751277659e-02
7.6633700103e-02 -8.5812978541e-03
5.6862846133e-02 -5.2106182146e-03
3.7498513797e-02 -2.6553546700e-03
1.8540703094e-02 -9.1550722021e-04
-1.0585974743e-05 8.9241347139e-06
