2.6621814408e+02
2.6622164516e+02
2.6622514624e+02
2.6622722624e+02
2.6622646798e+02
2.6622570971e+02
2.6622466788e+02
2.6622149476e+02
2.6621798198e+02
2.6620961171e+02
2.6620483112e+02
2.6619377738e+02
2.6618252713e+02
2.6617170653e+02
2.6615720836e+02
2.6614193264e+02
2.6612056823e+02
2.6610148582e+02
2.6607994239e+02
2.6605469072e+02
2.6602867364e+02
2.6599581754e+02
2.6596416425e+02
2.6592973029e+02
2.6589151171e+02
2.6585223792e+02
2.6580599499e+02
2.6576163639e+02
2.6571111677e+02
2.6565983415e+02
2.6560304957e+02
2.6554637254e+02
2.6548328007e+02
2.6541949192e+02
2.6534997701e+02
2.6528000039e+02
2.6520515254e+02
2.6512819781e+02
2.6504887736e+02
2.6496403402e+02
2.6487778088e+02
2.6478820705e+02
2.6469596245e+02
2.6460174276e+02
2.6450150116e+02
2.6440234033e+02
2.6430000873e+02
2.6419576449e+02
2.6408600853e+02
2.6397620072e+02
2.6386358866e+02
2.6375153018e+02
2.6363719475e+02
2.6351932216e+02
2.6339984541e+02
2.6328047292e+02
2.6316034124e+02
2.6303982013e+02
2.6291981697e+02
2.6279560901e+02
2.6267278783e+02
2.6255138908e+02
2.6242908049e+02
2.6230810380e+02
2.6218885844e+02
2.6206708602e+02
2.6194872915e+02
2.6183478580e+02
2.6171853446e+02
2.6160809140e+02
2.6149565827e+02
2.6138827356e+02
2.6128329733e+02
2.6118277011e+02
2.6108534715e+02
2.6099087166e+02
2.6089900248e+02
2.6081245808e+02
2.6073042583e+02
2.6065275783e+02
2.6057751726e+02
2.6050931785e+02
2.6044802365e+02
2.6038628454e+02
2.6033355013e+02
2.6028244395e+02
2.6023908093e+02
2.6020386188e+02
2.6016432250e+02
2.6014033361e+02
2.6011208038e+02
2.6009199972e+02
2.6007481861e+02
2.6006418622e+02
2.6005108056e+02
2.6004641957e+02
2.6003785481e+02
2.6003509316e+02
2.6002671622e+02
2.6003111815e+02
