-1.4639744028e-05 1.9596873415e-08
-1.0104127253e-05 1.8556768896e-08
-2.6617784421e-06 1.5594160778e-08
7.1621748425e-06 1.0418648555e-08
1.1867547536e-05 2.4256030238e-09
1.4548239817e-05 -3.7133939669e-09
1.5204251687e-05 -7.9983424174e-09
1.3835583145e-05 -1.0429242328e-08
1.0442234191e-05 -1.1006093698e-08
5.0242048253e-06 -9.7288965283e-09
-2.4185049520e-06 -6.5976508183e-09
-8.1735204894e-06 -9.5325980556e-10
-1.0853304861e-05 4.1192026648e-09
-1.1869250907e-05 7.6423024411e-09
-1.1221358627e-05 9.6160395233e-09
-8.9096280210e-06 1.0040413911e-08
-1.4928175611e-06 2.6701824208e-10
-2.5921260610e-06 -1.5091169725e-09
-3.1032564124e-06 7.8706811401e-10
-3.0333637135e-06 3.0070375348e-09
-2.3824479647e-06 5.1507912900e-09
-1.1505091656e-06 7.2183293795e-09
6.6245268359e-07 9.2096518033e-09
3.0564375829e-06 1.1124758561e-08
6.0314455324e-06 1.2963649654e-08
3.7131547590e-06 1.0388589075e-08
1.8509702197e-06 8.0296111517e-09
5.3362677567e-07 5.9551310480e-09
-2.3887557344e-07 4.1651487640e-09
-4.6653682747e-07 2.6596642999e-09
-1.4935698641e-07 1.4386776555e-09
-1.6268628767e-05 1.8714474333e-08
2.6030207737e-06 -3.1082449496e-09
5.2603615266e-07 -2.8929791314e-09
-3.0788195978e-06 -2.3583890534e-09
-6.3069291619e-06 -2.8110737767e-09
-3.8690998756e-06 -6.8860760036e-09
-1.9931379756e-06 -9.6810366435e-09
-6.7904346186e-07 -1.1195955696e-08
7.3183665406e-08 -1.1430833162e-08
2.6354340640e-07 -1.0385669041e-08
-1.0796423897e-07 -8.0604633325e-09
-1.0413392707e-06 -4.4552160372e-09
-5.0041977463e-07 -4.1544251961e-10
5.1839831435e-08 2.3819303226e-09
2.6301926419e-08 3.8935897744e-09
-5.7703348954e-07 4.1195358356e-09
-1.7581664165e-06 3.0597685064e-09
1.2141129305e-06 -1.4118933050e-09
1.2247372021e-06 -1.3476805196e-09
8.3354187484e-07 -7.9043947007e-10
4.0526948627e-08 2.5982984368e-10
-7.2013007145e-07 2.0259046794e-09
1.0560214834e-06 5.0678700029e-09
1.9596901852e-06 7.0661157642e-09
1.9908760339e-06 8.0206419632e-09
1.1495790295e-06 7.9314485999e-09
-5.6420082781e-07 6.7985356743e-09
-3.1504635383e-06 4.6219031864e-09
-6.6092091018e-06 1.4015511361e-09
-4.3677520373e-06 -7.7606562464e-10
-3.3325214032e-07 -1.8380968455e-09
2.1733766271e-06 -2.5808038066e-09
3.1521342651e-06 -3.0041865080e-09
2.8504849748e-06 1.1951756196e-08
3.6305104985e-06 1.3500589142e-08
3.3761891945e-06 1.3590663591e-08
2.0875210628e-06 1.2221979543e-08
-2.3549389647e-07 9.3945369985e-09
-3.5011260178e-06 5.1423665100e-09
-1.5068859348e-06 2.7382815223e-09
-7.3931092119e-08 9.6589225109e-10
7.9773851028e-07 -1.7480130368e-10
1.1081228722e-06 -6.8379914199e-10
8.5722199373e-07 -5.6110126384e-10
4.5035874890e-08 1.9329233076e-10
-1.3284354844e-06 1.5793816418e-09
-1.2286774786e-06 1.3536379241e-09
-1.2594410004e-08 -6.1234083104e-11
8.0166905970e-07 -9.8307782614e-10
-2.5386323144e-06 -7.0732891588e-09
2.4651909682e-08 -7.2359064369e-09
1.2729750222e-06 -6.8003970260e-09
1.2063370233e-06 -5.7667609261e-09
-1.7526208739e-07 -4.1349981372e-09
-2.8718223096e-06 -1.9051086593e-09
-6.8833436434e-06 9.2290750766e-10
-4.1103705939e-06 1.5950684911e-09
-1.4754566656e-06 1.9259835837e-09
2.4255386765e-07 2.1552008210e-09
1.0436610059e-06 2.2827202031e-09
9.2786474935e-07 2.3085417298e-09
-1.0483490221e-07 2.2326654012e-09
-2.0544379486e-06 2.0550912174e-09
-1.8126065554e-06 4.4778148141e-09
1.0361126236e-06 8.9441647534e-09
-6.6393708792e-06 -9.4988986424e-10
-3.7707117115e-06 -2.4045599661e-09
-1.5844115995e-06 -3.4252214587e-09
-8.0470543519e-08 -4.0118743418e-09
7.4111145667e-07 -4.1645186156e-09
8.8033440101e-07 -3.8831542800e-09
3.3719828943e-07 -3.1677813350e-09
-8.8829687794e-07 -2.0183997806e-09
-4.5635320990e-07 -1.3728380155e-09
-3.2609688659e-08 -1.1880293427e-09
-1.6843888411e-07 -1.3100750240e-09
-8.6384079607e-07 -1.7389750593e-09
-2.1188154248e-06 -2.4747294488e-09
-3.9333627700e-06 -3.5173381923e-09
-6.3074828320e-06 -4.8668012899e-09
-6.4168776502e-06 -6.3125451917e-09
-1.5999217636e-07 1.7155303312e-09
-7.8861852199e-07 7.2085868583e-10
9.7698151718e-07 9.2792933637e-11
1.9039858456e-06 -2.8689042340e-10
1.9923944630e-06 -4.1819138526e-10
1.2422073697e-06 -3.0110995197e-10
-3.4657543452e-07 6.4353876487e-11
-2.7739539496e-06 6.7820010011e-10
-6.0399281755e-06 1.5404287189e-09
-3.9880885277e-06 2.7168080395e-09
-5.9843344365e-07 3.5652978775e-09
1.4315097890e-06 3.9519014754e-09
2.1017411700e-06 3.8766188333e-09
1.4122606995e-06 3.3394499510e-09
-6.3693162246e-07 2.3403948286e-09
-4.0458357960e-06 8.7945346608e-10
2.0353313538e-06 1.2085487790e-08
-2.8095128505e-07 9.1269531197e-09
-3.3619497056e-06 4.7508512883e-09
-1.6146485301e-06 1.5549764067e-09
-3.6452652996e-07 -7.4780293107e-10
3.8841629503e-07 -2.1574867249e-09
6.4417994493e-07 -2.6740749748e-09
4.0276441963e-07 -2.2975676809e-09
-3.3583028082e-07 -1.0279648430e-09
-1.5716041564e-06 1.1347335387e-09
-1.3301180215e-06 2.6672664221e-09
-1.6569366448e-07 3.1474981756e-09
6.1096933949e-07 3.3721881549e-09
9.9987099021e-07 3.3413363601e-09
1.0010112879e-06 3.0549427913e-09
6.1439023235e-07 2.5130074483e-09
1.3001013483e-06 -7.2827182026e-09
-1.5845035884e-07 -5.5254150798e-09
-2.9591430769e-06 -3.0640697794e-09
-7.1019768056e-06 1.0131769876e-10
-4.0592199600e-06 1.1816456203e-09
-1.4176050970e-06 1.8927044248e-09
2.9371853122e-07 2.3840037683e-09
1.0747509248e-06 2.6555436507e-09
9.2549208365e-07 2.7073240721e-09
-1.5405799223e-07 2.5393450324e-09
-2.1638993027e-06 2.1516065317e-09
-1.7761227149e-06 4.6144019401e-09
1.0385504005e-06 9.0771203370e-09
2.8270323651e-06 1.2055588120e-08
3.5893231790e-06 1.3549805290e-08
3.3254228418e-06 1.3559771847e-08
1.1106848010e-07 -6.3615525437e-09
9.0642383114e-07 -6.4967226403e-09
1.0022699186e-06 -6.1192586760e-09
3.9860674234e-07 -5.2291606509e-09
-9.0456569744e-07 -3.8264285649e-09
-4.8151209351e-07 -3.2515925080e-09
-1.3344611444e-07 -3.1126278191e-09
-3.2361231785e-07 -3.2074929755e-09
-1.0520107036e-06 -3.5361879774e-09
-2.3186412718e-06 -4.0987128246e-09
-4.1235040224e-06 -4.8950675172e-09
-6.4665989554e-06 -5.9252520552e-09
-6.2871019317e-06 -7.2715089166e-09
-2.3770895954e-06 -8.3303745046e-09
1.9078173004e-07 -8.6851979150e-09
1.4165120446e-06 -8.3359791476e-09
1.8667735510e-06 4.7730446586e-10
1.9060982683e-06 4.4679176039e-10
1.1038695577e-06 5.2152676413e-10
-5.3991258094e-07 7.0150947709e-10
-3.0252481475e-06 9.8673989927e-10
-6.3521371420e-06 1.3772180307e-09
-4.0070792435e-06 1.8102906354e-09
-5.7556518591e-07 1.9931798639e-09
1.4775812588e-06 1.8973194581e-09
2.1523600908e-06 1.5227094178e-09
1.4487713100e-06 8.6934974300e-10
-6.3318508347e-07 -6.2759566183e-11
-4.0935090897e-06 -1.2736185098e-09
-6.4720531546e-06 -2.8802378889e-09
-3.5781700127e-06 -4.5533101680e-09
-1.3837961344e-06 -5.7137483863e-09
-1.6601730623e-06 1.1012667118e-09
-4.9654803409e-07 -7.4990917119e-10
1.9649164477e-07 -1.8303468094e-09
4.1894597420e-07 -2.1400462028e-09
1.7081495418e-07 -1.6790073515e-09
-5.4790141532e-07 -4.4723025534e-10
-1.7372031341e-06 1.5552850856e-09
-1.2971033173e-06 2.7955450884e-09
-3.9580881464e-08 3.1036609209e-09
7.9409119424e-07 3.2108475169e-09
1.2039129098e-06 3.1171048763e-09
1.1898842655e-06 2.8224329992e-09
7.5200526104e-07 2.3268318855e-09
-1.0972410353e-07 1.6303015353e-09
-7.3653616772e-07 8.5407300447e-10
9.8589540567e-07 6.1306488056e-10
-6.8267578331e-06 -3.0745561772e-09
-3.9037180911e-06 -3.0940482745e-10
-1.5642808372e-06 1.7960643921e-09
-7.2354446440e-08 3.2600581236e-09
5.7206108112e-07 4.0825763672e-09
3.6896574548e-07 4.2636191228e-09
-6.8164045324e-07 3.8031863904e-09
-2.5797575152e-06 2.7012781700e-09
-1.8087622227e-06 4.5360871214e-09
1.1535920009e-06 8.4594324722e-09
3.0367880166e-06 1.1029948169e-08
3.8408258241e-06 1.2247634212e-08
3.5657054238e-06 1.2112490601e-08
2.2114268155e-06 1.0624517336e-08
-2.2201000072e-07 7.7837144169e-09
-3.2943834400e-06 3.7231808396e-09
5.2789443194e-07 5.2600402335e-09
-1.0504573205e-06 -1.5185393464e-09
-7.9612177599e-07 -8.7333087071e-09
-6.4528008252e-07 -1.4012481242e-08
-9.8421404872e-07 -1.7328404514e-08
-1.8129236745e-06 -1.8681078522e-08
-3.1314089600e-06 -1.8070503266e-08
-4.9396699053e-06 -1.5496678747e-08
-7.2377065102e-06 -1.0959604965e-08
-6.5258138956e-06 -8.3810537527e-09
-2.1306879539e-06 -1.0106642477e-08
7.8506534370e-07 -1.1004344600e-08
2.2214459969e-06 -1.1074160120e-08
2.1784540058e-06 -1.0316089038e-08
6.5608937046e-07 -8.7301313533e-09
-2.3456479092e-06 -6.3162870664e-09
5.8295081175e-07 4.3029715168e-10
-2.5853650919e-06 2.6180633219e-09
-6.9063734413e-06 5.5110480125e-09
-4.8922768586e-06 8.5753237600e-09
-1.7619960474e-06 1.0652972795e-08
1.2447660132e-07 1.1704811795e-08
7.6714108743e-07 1.1730840761e-08
1.6599741100e-07 1.0731059692e-08
-1.6789544280e-06 8.7054685897e-09
-4.7677144295e-06 5.6540674526e-09
-6.4672981809e-06 4.9156242435e-09
-3.3412776111e-06 9.8558713691e-09
-9.9931909523e-07 1.2842980710e-08
5.5857736711e-07 1.3876952268e-08
1.3324117757e-06 1.2957786040e-08
1.3221841307e-06 1.0085482029e-08
5.1870918777e-07 -1.6482032119e-09
2.2776868357e-07 -1.5160712173e-09
-5.6225343787e-07 -7.7433482511e-10
-1.8513571764e-06 5.7700596484e-10
-1.1479684778e-06 9.0345803378e-10
3.3175485542e-07 5.5908138685e-10
1.2798050452e-06 3.0999180639e-10
1.6961820915e-06 1.5618929240e-10
1.5808859944e-06 9.7673844892e-11
9.3391675385e-07 1.3444546386e-10
-2.4472563022e-07 2.6650414930e-10
-8.6585635669e-07 6.9744106813e-11
1.7292899685e-06 -1.2685823250e-09
3.1717438480e-06 -1.9016902365e-09
3.4615052817e-06 -1.8295796275e-09
2.5985742696e-06 -1.0522504981e-09
1.8413637561e-07 6.5330483103e-09
8.4294525888e-07 7.4536628087e-09
6.0341396965e-07 7.2318931384e-09
-5.3445749210e-07 5.8677392996e-09
-2.5706691264e-06 3.3612012921e-09
-1.7035465688e-06 4.3332625382e-09
1.2088950586e-06 7.8619696673e-09
3.0441845538e-06 1.0186815923e-08
3.8023219169e-06 1.1307801304e-08
3.4833071478e-06 1.1224925812e-08
2.0871402465e-06 9.9381894467e-09
-3.8617878700e-07 7.4475922072e-09
-3.3083449669e-06 3.9193127874e-09
-1.6029590025e-06 1.6130271910e-09
-3.9665465519e-07 -8.3654007698e-11
3.1056807489e-07 -1.1707308086e-09
-1.3286900683e-05 -2.4612711715e-09
-1.2424290065e-05 -2.4639414844e-09
-9.5043862104e-06 -2.1223695994e-09
-4.5271891183e-06 -1.4365555165e-09
2.5073012110e-06 -4.0649923571e-10
6.8154365287e-06 -1.3748698192e-09
5.7370201479e-06 -4.3840490922e-09
4.5829318419e-06 -6.3524058777e-09
3.3531716103e-06 -7.2799401759e-09
2.0477394536e-06 -7.1666519865e-09
6.6663537144e-07 -6.0125413097e-09
-7.9014063604e-07 -3.8176081455e-09
-2.3225885688e-06 -5.8185249382e-10
-7.1823313096e-06 -3.0831001966e-09
-3.8285019086e-06 1.2646668076e-09
-1.3730126802e-06 4.4700496433e-09
5.5102549360e-06 -5.8586410421e-09
4.3618713999e-06 -7.8060862838e-09
3.1013365229e-06 -8.3772315733e-09
1.7286503051e-06 -7.5720769104e-09
2.4381274649e-07 -5.3906222952e-09
-1.3531761529e-06 -1.8328677277e-09
3.9987967025e-08 2.9970105442e-09
5.9089455877e-06 7.0737452961e-09
9.6603699799e-06 9.6530014378e-09
1.1294261144e-05 1.0734778969e-08
1.0810619080e-05 1.0319077890e-08
8.2094437873e-06 8.4058982013e-09
3.4907352666e-06 4.9952399020e-09
-3.3455064822e-06 8.7102992484e-11
-8.8402422062e-06 -1.4232039520e-09
-1.2092218063e-05 -2.1143586607e-09
2.3122113162e-06 4.0404687849e-09
7.4692855074e-06 7.2023991733e-09
1.0502215670e-05 9.0320048342e-09
1.1411001804e-05 9.5292857677e-09
1.0195643910e-05 8.6942419737e-09
6.8561419870e-06 6.5268734522e-09
1.3924960356e-06 3.0271802032e-09
-5.6035438501e-06 -6.0771410229e-10
-1.0240001578e-05 -8.4091360829e-10
-1.2807012372e-05 -9.2406231610e-10
-1.3304576230e-05 -8.5716022571e-10
-1.1732693153e-05 -6.4020733714e-10
-8.0913631410e-06 -2.7320365038e-10
-2.3805861941e-06 2.4385083457e-10
5.3996376878e-06 9.1095611771e-10
6.5464871314e-06 -2.5348958480e-09
-9.8444860805e-07 2.4595411903e-10
-7.4638916761e-06 -1.3974543431e-09
-1.1404344099e-05 -9.9341604414e-10
-1.3267822189e-05 -6.0735048131e-10
-1.3054325947e-05 -2.3925765464e-10
-1.0763855373e-05 1.1086243586e-10
-6.3964104658e-06 4.4300979020e-10
4.8008773571e-08 7.5718440836e-10
7.1804129054e-06 3.5312596064e-10
6.1999124466e-06 -3.8059405092e-09
5.1125148984e-06 -6.6152037976e-09
3.9182202608e-06 -8.0746639044e-09
2.6170285338e-06 -8.1843208296e-09
1.2089397174e-06 -6.9441745732e-09
-3.0604618837e-07 -4.3542251354e-09
-1.9279291836e-06 -4.1447251591e-10
-4.4557958710e-06 1.0105914256e-09
2.7087930125e-06 6.9193110295e-10
6.8331590174e-06 -2.3676582927e-09
5.8209530618e-06 -7.0088031774e-09
4.7027451339e-06 -9.9821819589e-09
3.4785352340e-06 -1.1287794637e-08
2.1483233619e-06 -1.0925641212e-08
7.1210951762e-07 -8.8957216843e-09
-8.3010629876e-07 -5.1980360530e-09
-2.1988986762e-06 1.1194280844e-10
4.3653031986e-06 3.7985537971e-09
8.7992687373e-06 6.2626759472e-09
1.1102997940e-05 7.5043092587e-09
1.1276490807e-05 7.5234537317e-09
9.3197473380e-06 6.3201093660e-09
5.2327675330e-06 3.8942761618e-09
1.6608071419e-06 -8.7972213980e-09
1.8147222184e-07 -6.2899367685e-09
-1.3998252519e-06 -2.2306012842e-09
2.9044821099e-07 2.6284729836e-09
6.1486215939e-06 5.8463531500e-09
9.8690901640e-06 7.8061284036e-09
1.1451853921e-05 8.5077987444e-09
1.0896912865e-05 7.9513641724e-09
8.2042669968e-06 6.1368246875e-09
3.3739163152e-06 3.0641802899e-09
-3.5941391792e-06 -1.2665690205e-09
-9.0553746673e-06 -7.1444477515e-10
-1.2298574324e-05 7.3007506895e-11
-1.3460216273e-05 6.3923726800e-10
-1.2540300514e-05 9.8424450815e-10
-9.5388270465e-06 1.1080292274e-09
1.2192871344e-05 7.3937015485e-09
1.0788864842e-05 6.6253637157e-09
7.1414783839e-06 4.7835655499e-09
1.2507119697e-06 1.8683070512e-09
-6.0650038983e-06 -6.8078679766e-10
-1.0648135734e-05 1.6740430967e-10
-1.3142483827e-05 8.1197822145e-10
-1.3548048175e-05 1.2529349377e-09
-1.1864828781e-05 1.4902744584e-09
-8.0928256426e-06 1.5239967836e-09
-2.2320387609e-06 1.3541019132e-09
5.7175318643e-06 9.8058984726e-10
6.5585212846e-06 -3.3058513671e-09
5.4870365795e-06 -7.0067701571e-09
4.3135893207e-06 -9.1556380923e-09
3.0381795082e-06 -9.7524551726e-09
-1.3083572760e-05 8.4611933085e-10
-1.2762060024e-05 1.1730026346e-09
-1.0417952578e-05 1.3292285475e-09
-6.0512504231e-06 1.3147970695e-09
3.3804644176e-07 1.1297082007e-09
7.0375511734e-06 1.0031842628e-10
5.8487138315e-06 -3.7058250452e-09
4.6323896725e-06 -6.2681329239e-09
3.3885786965e-06 -7.5866052099e-09
2.1172809035e-06 -7.6612419033e-09
8.1849629347e-07 -6.4920430040e-09
-5.0777513357e-07 -4.0790085119e-09
-1.8615333777e-06 -4.2213842722e-10
2.9446111118e-06 3.2579530493e-09
8.2707444788e-06 5.7099962153e-09
1.1353497889e-05 7.0885790484e-09
5.4753106244e-06 -3.9419324723e-09
4.2700728785e-06 -5.6055230400e-09
3.0259588931e-06 -6.2694170842e-09
1.7429686681e-06 -5.9336146048e-09
4.2110220353e-07 -4.5981156019e-09
-9.3964050054e-07 -2.2629200755e-09
-1.7860722581e-06 1.0526955369e-09
4.8952631956e-06 4.0033514989e-09
9.3747458794e-06 5.9511546095e-09
1.1652375793e-05 6.8961048686e-09
1.1728152937e-05 6.8382022762e-09
9.6020773102e-06 5.7774468323e-09
5.2741489137e-06 3.7138385369e-09
-1.2556322527e-06 6.4737739005e-10
-7.6588141032e-06 -3.1961944917e-10
-1.1382490786e-05 3.4857863626e-10
7.8465853272e-07 1.0405533765e-09
6.7163432325e-06 2.7434213291e-09
1.0441863137e-05 3.7517476621e-09
1.1961218247e-05 4.0655323757e-09
1.1274408562e-05 3.6847754698e-09
8.3814340824e-06 2.6094769444e-09
3.2822948076e-06 8.3963679956e-10
-4.0230092622e-06 -1.6247449648e-09
-9.1945856898e-06 -1.1047690144e-09
-1.2231223660e-05 -5.4251160201e-10
-1.3241599811e-05 -9.7496523087e-11
-1.2225714143e-05 2.3027622239e-10
-9.1835666559e-06 4.4080663442e-10
-4.1151573494e-06 5.3409471301e-10
2.9795137763e-06 5.1014045815e-10
6.6416721306e-06 -1.2786453811e-09
1.0330900157e-06 -3.3695216589e-10
-6.0594478318e-06 -1.4802669909e-09
-1.0450493623e-05 1.5716892455e-11
-1.2810615066e-05 1.1152460877e-09
-1.3139812162e-05 1.8183205947e-09
-1.1438084911e-05 2.1249404136e-09
-7.7054333116e-06 2.0351055442e-09
-1.9418573649e-06 1.5488159867e-09
5.8526429293e-06 6.6607174099e-10
6.2258132056e-06 -2.3675954737e-09
5.0554494117e-06 -4.8058196102e-09
3.8453120951e-06 -6.2359847623e-09
2.5954012561e-06 -6.6580909301e-09
1.3057168945e-06 -6.0721381136e-09
-2.3740989542e-08 -4.4781263129e-09
-1.3929723961e-06 -1.8760555278e-09
-4.9340590889e-06 8.9154256053e-09
7.0534816936e-07 6.2410746052e-09
6.3024271894e-06 1.8675959629e-09
5.4252269816e-06 -2.8892465595e-09
4.4515001773e-06 -6.2003853363e-09
3.3812467764e-06 -8.0658203674e-09
2.2144667789e-06 -8.4855516528e-09
9.5116018491e-07 -7.4595791925e-09
-4.0867300563e-07 -4.9879029865e-09
-1.8650327928e-06 -1.0705230348e-09
3.0236634747e-06 1.4838763605e-09
8.1751921266e-06 2.7266881047e-09
1.1133404420e-05 3.3509865828e-09
1.1898300356e-05 3.3567717948e-09
1.0469879934e-05 2.7440437406e-09
6.8481431539e-06 1.5128024204e-09
-3.5170968546e-06 7.1428778660e-10
-5.8538248036e-06 -2.9169063237e-09
-6.8028307304e-06 -7.0345594065e-09
-4.4398342386e-06 -9.1382658870e-09
-2.8512402597e-06 -1.0021100713e-08
-2.0370487936e-06 -9.6830638837e-09
-1.9972598403e-06 -8.1241554000e-09
-2.7318733997e-06 -5.3443752615e-09
-4.2408894719e-06 -1.3437234683e-09
-6.5243080569e-06 3.8777999797e-09
-4.7380832356e-06 7.0798565180e-09
-2.8485334043e-06 8.8300702043e-09
-1.4984524607e-06 9.4260091977e-09
-6.8784040454e-07 8.8676734982e-09
-4.1669723587e-07 7.1550631058e-09
-6.8502295473e-07 4.2881780204e-09
-1.4990781469e-05 1.5909571651e-08
-1.0806202135e-05 1.1182165368e-08
-3.7148907647e-06 4.5322554854e-09
7.1266394964e-07 5.0218883097e-10
