7.7812152235e-02 -1.3472557650e-02
7.9082459735e-02 -1.4402318412e-02
8.0340898547e-02 -1.5297674349e-02
8.1587394336e-02 -1.6158598733e-02
8.2821872348e-02 -1.6985064582e-02
8.4050205582e-02 -1.7790549851e-02
8.5278871628e-02 -1.8591094937e-02
8.6470154759e-02 -1.9328330945e-02
8.7637328100e-02 -2.0029389283e-02
8.8780295301e-02 -2.0694216944e-02
8.9898959370e-02 -2.1322760367e-02
9.1002940811e-02 -2.1929314932e-02
9.2096883472e-02 -2.2515047748e-02
9.3166201385e-02 -2.3064825166e-02
9.4208440881e-02 -2.3586289005e-02
9.5228755993e-02 -2.4085839449e-02
9.6227021533e-02 -2.4563411355e-02
9.7207445449e-02 -2.5022393330e-02
9.8173507740e-02 -2.5461399306e-02
9.9124739050e-02 -2.5879607506e-02
1.0005999456e-01 -2.6277737810e-02
1.0097779930e-01 -2.6661938075e-02
1.0187843100e-01 -2.7033369248e-02
1.0275643878e-01 -2.7388203572e-02
1.0362234126e-01 -2.7729196128e-02
1.0447646333e-01 -2.8056487176e-02
1.0531866738e-01 -2.8370021265e-02
1.0614955957e-01 -2.8670228123e-02
1.0697050874e-01 -2.8962304311e-02
1.0777391986e-01 -2.9241898886e-02
1.0856859101e-01 -2.9513107797e-02
1.0935146963e-01 -2.9774811547e-02
1.1012176346e-01 -3.0026608216e-02
1.1088293662e-01 -3.0270729413e-02
1.1164070454e-01 -3.0508856507e-02
1.1238385548e-01 -3.0735431089e-02
1.1311773594e-01 -3.0955197526e-02
1.1384220360e-01 -3.1168109213e-02
1.1455743722e-01 -3.1374392241e-02
1.1526631308e-01 -3.1574737453e-02
1.1596849834e-01 -3.1767666271e-02
1.1666387539e-01 -3.1953223365e-02
1.1735284933e-01 -3.2133398003e-02
1.1803406910e-01 -3.2308042432e-02
1.1870621161e-01 -3.2476078506e-02
1.1937369964e-01 -3.2639081805e-02
1.2003638574e-01 -3.2797013298e-02
1.2069412148e-01 -3.2949833604e-02
1.2134675747e-01 -3.3097502986e-02
1.2199350004e-01 -3.3239754604e-02
1.2263329172e-01 -3.3376611877e-02
1.2326827306e-01 -3.3509515014e-02
1.2389830012e-01 -3.3638429881e-02
1.2452322801e-01 -3.3763322044e-02
1.2514291091e-01 -3.3884156764e-02
1.2575720207e-01 -3.4000898995e-02
1.2637091853e-01 -3.4114523098e-02
1.2698096119e-01 -3.4223164061e-02
1.2758563560e-01 -3.4326981986e-02
1.2818618612e-01 -3.4427775813e-02
1.2878269459e-01 -3.4525623834e-02
1.2937447097e-01 -3.4620025418e-02
1.2996324552e-01 -3.4710531314e-02
1.3054950919e-01 -3.4797232870e-02
1.3113311041e-01 -3.4880101760e-02
1.3171451442e-01 -3.4959796464e-02
1.3229391071e-01 -3.5036136944e-02
1.3286671544e-01 -3.5109148319e-02
1.3343768836e-01 -3.5179228730e-02
1.3400669378e-01 -3.5246356570e-02
1.3457242051e-01 -3.5310382391e-02
1.3513464952e-01 -3.5371272913e-02
1.3569755893e-01 -3.5430172279e-02
1.3625688111e-01 -3.5484701357e-02
1.3681303770e-01 -3.5536611683e-02
1.3736642357e-01 -3.5586252901e-02
1.3791688212e-01 -3.5633601953e-02
1.3846515052e-01 -3.5678616275e-02
1.3901199180e-01 -3.5720402395e-02
1.3955709861e-01 -3.5758783388e-02
1.4010051955e-01 -3.5793867997e-02
1.4064296457e-01 -3.5827019451e-02
1.4118306282e-01 -3.5858258211e-02
1.4171989698e-01 -3.5886533993e-02
1.4225566548e-01 -3.5912103901e-02
1.4279020750e-01 -3.5934951173e-02
1.4332336122e-01 -3.5955058837e-02
1.4385511933e-01 -3.5972324792e-02
1.4438516913e-01 -3.5987295466e-02
1.4491336626e-01 -3.6000064097e-02
1.4543955059e-01 -3.6010615914e-02
1.4596356099e-01 -3.6018935952e-02
1.4648639994e-01 -3.6025477745e-02
1.4700866992e-01 -3.6029382442e-02
1.4752973093e-01 -3.6030176666e-02
1.4804926113e-01 -3.6028590868e-02
1.4856785418e-01 -3.6025431495e-02
1.4908437461e-01 -3.6020064541e-02
1.4959972685e-01 -3.6012036945e-02
1.5011410332e-01 -3.6001417117e-02
1.5062733746e-01 -3.5988196203e-02
1.5114046244e-01 -3.5972881419e-02
1.5165075597e-01 -3.5954860488e-02
1.5216096074e-01 -3.5935144248e-02
1.5266950865e-01 -3.5913285635e-02
1.5317623369e-01 -3.5889277938e-02
1.5368241277e-01 -3.5863432070e-02
1.5418899570e-01 -3.5835332463e-02
1.5469413575e-01 -3.5804312501e-02
1.5519772766e-01 -3.5771192862e-02
1.5569995485e-01 -3.5736478828e-02
1.5620049154e-01 -3.5699982636e-02
1.5669985758e-01 -3.5660898120e-02
1.5719860967e-01 -3.5619284114e-02
1.5769657517e-01 -3.5575140349e-02
1.5819358032e-01 -3.5528466394e-02
1.5869163113e-01 -3.5480088561e-02
1.5918666346e-01 -3.5429541466e-02
1.5968073408e-01 -3.5376680256e-02
1.6017457716e-01 -3.5321828818e-02
1.6066692319e-01 -3.5264824312e-02
1.6115755386e-01 -3.5205656112e-02
1.6164847612e-01 -3.5144882387e-02
1.6213950962e-01 -3.5081667533e-02
1.6262834404e-01 -3.5015549674e-02
1.6311606180e-01 -3.4947854044e-02
1.6360248399e-01 -3.4878586707e-02
1.6408743883e-01 -3.4807646863e-02
1.6457151025e-01 -3.4734206514e-02
1.6505485598e-01 -3.4658107603e-02
1.6553729826e-01 -3.4579359848e-02
1.6601945663e-01 -3.4498188248e-02
1.6650222190e-01 -3.4415726667e-02
1.6698107390e-01 -3.4331060146e-02
1.6745960062e-01 -3.4244128438e-02
1.6793761988e-01 -3.4154945377e-02
1.6841477463e-01 -3.4063482198e-02
1.6888971238e-01 -3.3969615910e-02
1.6936580510e-01 -3.3873928848e-02
1.6983949867e-01 -3.3775674131e-02
1.7031197857e-01 -3.3675651924e-02
1.7078306290e-01 -3.3573878508e-02
1.7125256846e-01 -3.3470370030e-02
1.7172170267e-01 -3.3364912693e-02
1.7218984844e-01 -3.3256690448e-02
1.7265674053e-01 -3.3145699983e-02
1.7312288670e-01 -3.3032373189e-02
1.7358853672e-01 -3.2917634162e-02
1.7405179315e-01 -3.2801121231e-02
1.7451346320e-01 -3.2682088062e-02
1.7497425489e-01 -3.2560576167e-02
1.7543398194e-01 -3.2436610239e-02
1.7589245665e-01 -3.2310214840e-02
1.7634974937e-01 -3.2181678682e-02
1.7680579162e-01 -3.2051128536e-02
1.7726030197e-01 -3.1918556391e-02
1.7771309778e-01 -3.1783989223e-02
1.7816399504e-01 -3.1647453896e-02
1.7861495333e-01 -3.1509124606e-02
1.7906478817e-01 -3.1368031255e-02
1.7951236033e-01 -3.1224179843e-02
1.7995861120e-01 -3.1078749235e-02
1.8040344006e-01 -3.0931826577e-02
1.8084566896e-01 -3.0782740460e-02
1.8128654645e-01 -3.0630976735e-02
1.8172599937e-01 -3.0476583398e-02
1.8216383993e-01 -3.0319596034e-02
1.8260167782e-01 -3.0160387347e-02
1.8303714902e-01 -2.9999564802e-02
1.8346979253e-01 -2.9836290581e-02
1.8390159643e-01 -2.9670681500e-02
1.8433156633e-01 -2.9502881333e-02
1.8475906979e-01 -2.9332978812e-02
1.8518630611e-01 -2.9161129685e-02
1.8561202868e-01 -2.8986340460e-02
1.8603453677e-01 -2.8809247838e-02
1.8645509592e-01 -2.8630568857e-02
1.8687351741e-01 -2.8450347705e-02
1.8728976236e-01 -2.8268474079e-02
1.8770411714e-01 -2.8083867651e-02
1.8811633609e-01 -2.7896360139e-02
1.8852623422e-01 -2.7705999155e-02
1.8893556651e-01 -2.7513314242e-02
1.8934373708e-01 -2.7319410133e-02
1.8974743099e-01 -2.7123550939e-02
1.9014935785e-01 -2.6925056295e-02
1.9054933085e-01 -2.6723980619e-02
1.9094716154e-01 -2.6520378262e-02
1.9134255946e-01 -2.6314407014e-02
1.9173535536e-01 -2.6106497325e-02
1.9212591963e-01 -2.5896539961e-02
1.9251407264e-01 -2.5684591390e-02
1.9289963307e-01 -2.5470708038e-02
1.9328266952e-01 -2.5254922061e-02
1.9366555611e-01 -2.5036322075e-02
1.9404390530e-01 -2.4814679391e-02
1.9441944696e-01 -2.4591348880e-02
1.9479260532e-01 -2.4366624414e-02
1.9516314810e-01 -2.4140491558e-02
1.9553076023e-01 -2.3911782942e-02
1.9589540161e-01 -2.3680165496e-02
1.9625689262e-01 -2.3445705318e-02
1.9661630310e-01 -2.3208416077e-02
1.9697504575e-01 -2.2969557783e-02
1.9732815460e-01 -2.2729586492e-02
1.9767859243e-01 -2.2487093991e-02
1.9802618021e-01 -2.2242153414e-02
1.9837073704e-01 -2.1994837883e-02
1.9871214354e-01 -2.1745144229e-02
1.9905083528e-01 -2.1493013901e-02
1.9938639070e-01 -2.1239014369e-02
1.9971861510e-01 -2.0983224246e-02
2.0004733561e-01 -2.0725717931e-02
2.0037283609e-01 -2.0466499906e-02
2.0069713403e-01 -2.0204426546e-02
2.0101646911e-01 -1.9939477066e-02
2.0133184841e-01 -1.9672785396e-02
2.0164452391e-01 -1.9404751306e-02
2.0195425355e-01 -1.9135436102e-02
2.0226001157e-01 -1.8863832940e-02
2.0256176261e-01 -1.8589435123e-02
2.0285934021e-01 -1.8312326707e-02
2.0315348940e-01 -1.8032493302e-02
2.0344609948e-01 -1.7751037803e-02
2.0373523073e-01 -1.7468736740e-02
2.0401924538e-01 -1.7184571831e-02
2.0429915330e-01 -1.6897983998e-02
2.0457479126e-01 -1.6609065139e-02
2.0484599391e-01 -1.6317907222e-02
2.0511575026e-01 -1.6023702269e-02
2.0537987959e-01 -1.5729034356e-02
2.0564039151e-01 -1.5432171024e-02
2.0589712718e-01 -1.5133211663e-02
2.0614967771e-01 -1.4832342639e-02
2.0639743636e-01 -1.4529919769e-02
2.0664251066e-01 -1.4224061795e-02
2.0688214266e-01 -1.3916803209e-02
2.0711763412e-01 -1.3608345059e-02
2.0734883469e-01 -1.3298787571e-02
2.0757613997e-01 -1.2988057124e-02
2.0780033363e-01 -1.2674744478e-02
2.0801921371e-01 -1.2358844419e-02
2.0823324272e-01 -1.2040802435e-02
2.0844389089e-01 -1.1721996551e-02
2.0864973175e-01 -1.1401735881e-02
2.0885060404e-01 -1.1077670698e-02
2.0904877352e-01 -1.0752995416e-02
2.0924125521e-01 -1.0426868439e-02
2.0942772043e-01 -1.0098889866e-02
2.0960803147e-01 -9.7691691125e-03
2.0978495708e-01 -9.4370330190e-03
2.0995960472e-01 -9.1037304766e-03
2.1012855881e-01 -8.7701198265e-03
2.1029226871e-01 -8.4344032384e-03
2.1045061171e-01 -8.0966943642e-03
2.1060345662e-01 -7.7571112523e-03
2.1075066983e-01 -7.4157721903e-03
2.1089568497e-01 -7.0720735145e-03
2.1103516456e-01 -6.7274377122e-03
2.1117010275e-01 -6.3819280992e-03
2.1129930443e-01 -6.0351008668e-03
2.1142265302e-01 -5.6870794042e-03
2.1154002948e-01 -5.3379874079e-03
2.1165188547e-01 -4.9863234022e-03
2.1176083220e-01 -4.6324866288e-03
2.1186539699e-01 -4.2788596268e-03
2.1196355457e-01 -3.9238728145e-03
2.1205519776e-01 -3.5676528670e-03
2.1214039958e-01 -3.2096566211e-03
2.1222194114e-01 -2.8497438533e-03
2.1230043874e-01 -2.4893351995e-03
2.1237283736e-01 -2.1283753652e-03
2.1243798525e-01 -1.7659448419e-03
2.1249578471e-01 -1.4021734719e-03
2.1254841933e-01 -1.0367518316e-03
2.1259793489e-01 -6.7021708114e-04
2.1264366970e-01 -3.0305751271e-04
2.1268244762e-01 6.4918402780e-05
2.1271367765e-01 4.3391997566e-04
2.1273781665e-01 8.0403186814e-04
2.1275805371e-01 1.1752954240e-03
2.1277481823e-01 1.5473162136e-03
2.1278634103e-01 1.9198801481e-03
2.1279029202e-01 2.2935228649e-03
2.1278658555e-01 2.6681418738e-03
2.1277713898e-01 3.0441234126e-03
2.1276417178e-01 3.4205917909e-03
2.1274692219e-01 3.7969999183e-03
2.1272253567e-01 4.1740206037e-03
2.1269066442e-01 4.5519884206e-03
2.1265132064e-01 4.9308478469e-03
2.1260789681e-01 5.3115751197e-03
2.1256098368e-01 5.6920777328e-03
2.1250748524e-01 6.0716844074e-03
2.1244691062e-01 6.4522731417e-03
2.1237921108e-01 6.8336937827e-03
2.1230433515e-01 7.2157955503e-03
2.1222469761e-01 7.6009054382e-03
2.1214121886e-01 7.9846508431e-03
2.1205093100e-01 8.3670488074e-03
2.1195409399e-01 8.7500107235e-03
2.1185067670e-01 9.1333796464e-03
2.1174064519e-01 9.5169979083e-03
2.1162396277e-01 9.9007071171e-03
2.1150159508e-01 1.0287180660e-02
2.1137407278e-01 1.0671651290e-02
2.1124015042e-01 1.1056305500e-02
2.1109981645e-01 1.1440981046e-02
2.1095305650e-01 1.1825514865e-02
2.1079985343e-01 1.2209743075e-02
2.1064024824e-01 1.2593939272e-02
2.1047515395e-01 1.2978407980e-02
2.1030369019e-01 1.3363033096e-02
2.1012592349e-01 1.3747392744e-02
2.0994185222e-01 1.4131332603e-02
2.0975147206e-01 1.4514697511e-02
2.0955463124e-01 1.4898584610e-02
2.0935119862e-01 1.5281892297e-02
2.0914175682e-01 1.5664520342e-02
2.0892630057e-01 1.6046456218e-02
2.0870484429e-01 1.6427540298e-02
2.0847753207e-01 1.6807872706e-02
2.0824427935e-01 1.7191359983e-02
2.0800200473e-01 1.7572885142e-02
2.0775396013e-01 1.7952592592e-02
2.0750054756e-01 1.8330830612e-02
2.0724180160e-01 1.8707432962e-02
2.0697615840e-01 1.9083388467e-02
2.0670443625e-01 1.9459552685e-02
2.0642675588e-01 1.9835752350e-02
2.0614222944e-01 2.0212033641e-02
2.0584800700e-01 2.0587336540e-02
2.0555012479e-01 2.0959688589e-02
2.0524630168e-01 2.1331458954e-02
2.0493659374e-01 2.1702484061e-02
2.0462105434e-01 2.2072599237e-02
2.0429621616e-01 2.2443687352e-02
2.0396591322e-01 2.2810924835e-02
2.0363005737e-01 2.3177023023e-02
2.0328872224e-01 2.3541816156e-02
2.0294192081e-01 2.3905748618e-02
2.0258702773e-01 2.4270284266e-02
2.0222404441e-01 2.4631924473e-02
2.0185631721e-01 2.4990920819e-02
2.0148296865e-01 2.5348887095e-02
2.0110409176e-01 2.5705657318e-02
2.0071943865e-01 2.6061881404e-02
2.0032596503e-01 2.6417534391e-02
1.9992532992e-01 2.6769579031e-02
1.9951965552e-01 2.7119321814e-02
1.9910868148e-01 2.7467225006e-02
1.9869251869e-01 2.7813121576e-02
1.9827109370e-01 2.8159069158e-02
1.9784075381e-01 2.8503318330e-02
1.9740184450e-01 2.8845415447e-02
1.9695845561e-01 2.9184960379e-02
1.9651101500e-01 2.9521825086e-02
1.9605503937e-01 2.9855122401e-02
1.9559330752e-01 3.0187713308e-02
1.9512747209e-01 3.0519934881e-02
1.9465474075e-01 3.0849467845e-02
1.9417394546e-01 3.1175409910e-02
1.9368645177e-01 3.1497518632e-02
1.9319491058e-01 3.1817465473e-02
1.9269721714e-01 3.2136318044e-02
1.9219353184e-01 3.2453919122e-02
1.9168291575e-01 3.2770161839e-02
1.9116265350e-01 3.3082913444e-02
1.9063995408e-01 3.3391149569e-02
1.9011121135e-01 3.3697222956e-02
1.8957660092e-01 3.4000983109e-02
1.8903629603e-01 3.4302277980e-02
1.8848837314e-01 3.4601845782e-02
1.8793412090e-01 3.4897652666e-02
1.8737467193e-01 3.5189959706e-02
1.8680898441e-01 3.5479176991e-02
1.8623725052e-01 3.5765158907e-02
1.8565960958e-01 3.6048363009e-02
1.8507470330e-01 3.6331555592e-02
1.8448424385e-01 3.6609940020e-02
1.8388852990e-01 3.6883552073e-02
1.8328777667e-01 3.7152242007e-02
1.8268278187e-01 3.7416951439e-02
1.8207044234e-01 3.7679865786e-02
1.8145046414e-01 3.7940927367e-02
1.8082307130e-01 3.8200000541e-02
1.8019034708e-01 3.8457632546e-02
1.7955358368e-01 3.8706458590e-02
1.7891013310e-01 3.8951991898e-02
1.7826025307e-01 3.9194096816e-02
1.7760419922e-01 3.9432635814e-02
1.7693998380e-01 3.9668266363e-02
1.7627365898e-01 3.9900716782e-02
1.7560078061e-01 4.0128634708e-02
1.7492162498e-01 4.0351892035e-02
1.7423646643e-01 4.0570358733e-02
1.7354557731e-01 4.0783902836e-02
1.7284521095e-01 4.0994358985e-02
1.7214131260e-01 4.1202299927e-02
1.7143338542e-01 4.1405178142e-02
1.7071834152e-01 4.1602585724e-02
1.6999646639e-01 4.1794406629e-02
1.6926705297e-01 4.1982148794e-02
1.6853309952e-01 4.2166875771e-02
1.6779477945e-01 4.2347886087e-02
1.6704949472e-01 4.2522830152e-02
1.6629708889e-01 4.2691363924e-02
1.6553857753e-01 4.2855246111e-02
1.6477538049e-01 4.3015554126e-02
1.6400747197e-01 4.3172181226e-02
1.6323067013e-01 4.3323145592e-02
1.6244687050e-01 4.3467066735e-02
1.6166003691e-01 4.3605958199e-02
1.6086670953e-01 4.3740244897e-02
1.6006723188e-01 4.3869844433e-02
1.5926194605e-01 4.3994672488e-02
1.5844498337e-01 4.4113395173e-02
1.5762899737e-01 4.4227143343e-02
1.5680450480e-01 4.4335118759e-02
1.5597288829e-01 4.4437054880e-02
1.5513627259e-01 4.4533064295e-02
1.5429393939e-01 4.4622765216e-02
1.5343869758e-01 4.4705673005e-02
1.5258286723e-01 4.4784653626e-02
1.5172051679e-01 4.4856378577e-02
1.5085155610e-01 4.4920680790e-02
1.4997637598e-01 4.4977504050e-02
1.4909242749e-01 4.5027409522e-02
1.4820255478e-01 4.5072544578e-02
1.4730705348e-01 4.5112714347e-02
1.4640384004e-01 4.5144912665e-02
1.4549291918e-01 4.5168116507e-02
1.4457667604e-01 4.5183692180e-02
1.4365401629e-01 4.5193196505e-02
1.4272463407e-01 4.5196488718e-02
1.4178896654e-01 4.5193550238e-02
1.4084124717e-01 4.5181899403e-02
1.3988822730e-01 4.5161665762e-02
1.3893063127e-01 4.5134819770e-02
1.3796383318e-01 4.5099728953e-02
1.3698827112e-01 4.5056400260e-02
1.3600757046e-01 4.5005854132e-02
1.3501885727e-01 4.4945767869e-02
1.3401899546e-01 4.4877166060e-02
1.3301490638e-01 4.4800970853e-02
1.3200289081e-01 4.4714889364e-02
1.3098344394e-01 4.4618951879e-02
1.2995706098e-01 4.4513186721e-02
1.2891783455e-01 4.4396309408e-02
1.2787021831e-01 4.4272309981e-02
1.2681516399e-01 4.4140415939e-02
1.2575108790e-01 4.3996264184e-02
1.2467807048e-01 4.3839448420e-02
1.2359772688e-01 4.3671305354e-02
1.2250816205e-01 4.3494225148e-02
1.2140933075e-01 4.3308327477e-02
1.2030155115e-01 4.3113644672e-02
1.1917839926e-01 4.2905507065e-02
1.1804347321e-01 4.2682193858e-02
1.1690179904e-01 4.2447199843e-02
1.1575328178e-01 4.2200794827e-02
1.1459785937e-01 4.1943411370e-02
1.1342905500e-01 4.1672514880e-02
1.1224558604e-01 4.1386769770e-02
1.1104801745e-01 4.1086319365e-02
1.0983338612e-01 4.0766901354e-02
1.0861635835e-01 4.0443056595e-02
1.0738178839e-01 4.0099078014e-02
1.0613687373e-01 3.9739224729e-02
1.0488226038e-01 3.9363678842e-02
1.0361489447e-01 3.8970418643e-02
1.0231970217e-01 3.8555379520e-02
1.0102081615e-01 3.8130547739e-02
9.9707728671e-02 3.7683992307e-02
9.8380072404e-02 3.7215390706e-02
9.7037550230e-02 3.6725111028e-02
9.5673927448e-02 3.6216909892e-02
9.4296911668e-02 3.5690674455e-02
9.2903764863e-02 3.5138620520e-02
9.1491535050e-02 3.4562728890e-02
9.0054979421e-02 3.3958347090e-02
8.8601587565e-02 3.3324579127e-02
8.7137445661e-02 3.2667637230e-02
8.5658431724e-02 3.1990824268e-02
8.4154696859e-02 3.1282254145e-02
8.2626853483e-02 3.0542242724e-02
8.1075516959e-02 2.9771105571e-02
7.9486698794e-02 2.8947850389e-02
7.7892558943e-02 2.8119990788e-02
7.6269753182e-02 2.7244210306e-02
7.4620324469e-02 2.6322893349e-02
7.2953312141e-02 2.5362011129e-02
7.1269530942e-02 2.4361989480e-02
6.9542478368e-02 2.3298715881e-02
6.7777541291e-02 2.2183327228e-02
6.6019954628e-02 2.1048291423e-02
6.4250841837e-02 1.9877548447e-02
6.2470802040e-02 1.8671398411e-02
6.0680439880e-02 1.7430142242e-02
5.8880365544e-02 1.6154081683e-02
