3.4500820426e+02
3.4500826243e+02
3.4500832060e+02
3.4500836383e+02
3.4500827740e+02
3.4500823069e+02
3.4500833956e+02
3.4500843937e+02
3.4500835226e+02
3.4500824361e+02
3.4500824511e+02
3.4500833789e+02
3.4500842341e+02
3.4500844308e+02
3.4500844782e+02
3.4500824328e+02
3.4500785271e+02
3.4500753898e+02
3.4500790255e+02
3.4500829910e+02
3.4500848203e+02
3.4500828530e+02
3.4500799878e+02
3.4500811525e+02
3.4500830291e+02
3.4500838152e+02
3.4500811962e+02
3.4500786910e+02
3.4500792416e+02
3.4500813369e+02
3.4500834321e+02
3.4500854945e+02
3.4500875568e+02
3.4500889542e+02
3.4500878545e+02
3.4500867547e+02
3.4500839444e+02
3.4500807127e+02
3.4500788269e+02
3.4500817961e+02
3.4500847654e+02
3.4500803475e+02
3.4500749509e+02
3.4500748145e+02
3.4500805629e+02
3.4500860590e+02
3.4500828883e+02
3.4500784672e+02
3.4500758997e+02
3.4500792423e+02
3.4500836702e+02
3.4500830254e+02
3.4500814842e+02
3.4500812930e+02
3.4500816557e+02
3.4500843106e+02
3.4500827997e+02
3.4500787337e+02
3.4500775655e+02
3.4500785875e+02
3.4500816139e+02
3.4500814657e+02
3.4500781341e+02
3.4500760988e+02
3.4500788333e+02
3.4500822523e+02
3.4500831308e+02
3.4500800752e+02
3.4500780128e+02
3.4500787346e+02
3.4500820414e+02
3.4500844498e+02
3.4500816268e+02
3.4500799691e+02
3.4500789760e+02
3.4500791009e+02
3.4500800812e+02
3.4500791258e+02
3.4500804945e+02
3.4500818192e+02
3.4500834166e+02
3.4500859440e+02
3.4500836899e+02
3.4500813449e+02
3.4500813782e+02
3.4500841865e+02
3.4500850839e+02
3.4500841520e+02
3.4500822337e+02
3.4500808409e+02
3.4500808625e+02
3.4500816509e+02
3.4500826449e+02
3.4500835997e+02
3.4500842448e+02
3.4500837754e+02
3.4500825381e+02
3.4500823065e+02
3.4500830004e+02
3.4500836942e+02
