1.2181882392e+03
1.2156862273e+03
1.2182206517e+03
1.2156568346e+03
1.2182530643e+03
1.2156274419e+03
1.2182854769e+03
1.2155980492e+03
1.2183134954e+03
1.2155726180e+03
1.2183402305e+03
1.2155486954e+03
1.2183669655e+03
1.2155248555e+03
1.2183937005e+03
1.2155046258e+03
1.2184121156e+03
1.2154871958e+03
1.2184310188e+03
1.2154680454e+03
1.2184520950e+03
1.2154504456e+03
1.2184646945e+03
1.2154408034e+03
1.2184754732e+03
1.2154311612e+03
1.2184862976e+03
1.2154202659e+03
1.2184921905e+03
1.2154168479e+03
1.2184920768e+03
1.2154138714e+03
1.2184919631e+03
1.2154108949e+03
1.2184925508e+03
1.2154118913e+03
1.2184831552e+03
1.2154194976e+03
1.2184741715e+03
1.2154271039e+03
1.2184651877e+03
1.2154345755e+03
1.2184481346e+03
1.2154525581e+03
1.2184250015e+03
1.2154687052e+03
1.2184023684e+03
1.2154845513e+03
1.2183807177e+03
1.2155051805e+03
1.2183480517e+03
1.2155310072e+03
1.2183158031e+03
1.2155582627e+03
1.2182839227e+03
1.2155859301e+03
1.2182418755e+03
1.2156236088e+03
1.2181977029e+03
1.2156612874e+03
1.2181559878e+03
1.2156985726e+03
1.2181112859e+03
1.2157384483e+03
1.2180575384e+03
1.2157841818e+03
1.2180037909e+03
1.2158299154e+03
1.2179500434e+03
1.2158767753e+03
1.2178910131e+03
1.2159303618e+03
1.2178303789e+03
1.2159839482e+03
1.2177697447e+03
1.2160398290e+03
1.2177058661e+03
1.2161022846e+03
1.2176363057e+03
1.2161650323e+03
1.2175678930e+03
1.2162251164e+03
1.2175047462e+03
1.2162863463e+03
1.2174347095e+03
1.2163508817e+03
1.2173640505e+03
1.2164196942e+03
1.2172904997e+03
1.2164890792e+03
1.2172145582e+03
1.2165604938e+03
1.2171395963e+03
1.2166323697e+03
1.2170681250e+03
1.2167042455e+03
1.2169964735e+03
1.2167748719e+03
1.2169226063e+03
1.2168487391e+03
