3.4043899289e+02
3.4039715615e+02
3.4035650161e+02
3.4031834280e+02
3.4028124927e+02
3.4024575969e+02
3.4021295886e+02
3.4018061352e+02
3.4014978426e+02
3.4012253967e+02
3.4009618113e+02
3.4007021663e+02
3.4004735480e+02
3.4002597599e+02
3.4000700541e+02
3.3998864837e+02
3.3997274419e+02
3.3995915797e+02
3.3994691766e+02
3.3993704445e+02
3.3992921044e+02
3.3992261302e+02
3.3991958754e+02
3.3991704653e+02
3.3991606381e+02
3.3991889774e+02
3.3992375095e+02
3.3992849569e+02
3.3993785905e+02
3.3994844221e+02
3.3996013931e+02
3.3997476827e+02
3.3999189034e+02
3.4001143763e+02
3.4003214177e+02
3.4005576553e+02
3.4008099211e+02
3.4010895473e+02
3.4013944948e+02
3.4017121541e+02
3.4020524017e+02
3.4024261951e+02
3.4028144480e+02
3.4032200148e+02
3.4036666289e+02
3.4041278790e+02
3.4046035940e+02
3.4050981813e+02
3.4056244598e+02
3.4061762645e+02
3.4067372528e+02
3.4073313451e+02
3.4079406395e+02
3.4085626393e+02
3.4092164215e+02
3.4098944441e+02
3.4105903468e+02
3.4112931621e+02
3.4120516539e+02
3.4128043113e+02
3.4135758513e+02
3.4143610611e+02
3.4151740652e+02
3.4159996709e+02
3.4168585142e+02
3.4177163865e+02
3.4186135777e+02
3.4195198257e+02
3.4204513235e+02
3.4213738778e+02
3.4223436629e+02
3.4233016486e+02
3.4242976916e+02
3.4252839685e+02
3.4263169528e+02
3.4273434100e+02
3.4283937953e+02
3.4294811271e+02
3.4305256061e+02
3.4316412341e+02
3.4327169665e+02
3.4338503719e+02
3.4349787033e+02
3.4361006081e+02
3.4372937720e+02
3.4384271279e+02
3.4396474768e+02
3.4408189092e+02
3.4420514669e+02
3.4433157354e+02
3.4445256637e+02
3.4457585636e+02
3.4471951028e+02
3.4483645273e+02
3.4495992079e+02
3.4511036228e+02
3.4518974695e+02
3.4529070615e+02
3.4554033959e+02
3.4449722994e+02
