-1.3840609491e-05 4.5693900048e-08
-9.5408228795e-06 4.3193761004e-08
-2.4868944182e-06 3.6171954621e-08
6.8201049863e-06 2.3979731745e-08
1.1245664112e-05 5.4743169569e-09
1.3760400614e-05 -8.7342952515e-09
1.4364314490e-05 -1.8646104881e-08
1.3057405741e-05 -2.4261111931e-08
9.8396743665e-06 -2.5579316401e-08
4.7111203672e-06 -2.2600718293e-08
-2.3282562571e-06 -1.5325317605e-08
-7.7690707492e-06 -2.2337532162e-09
-1.0299664914e-05 9.5270567746e-09
-1.1254259692e-05 1.7696244678e-08
-1.0632855085e-05 2.2273810495e-08
-8.4354510909e-06 2.3259754224e-08
-1.4490915718e-06 3.9578561464e-10
-2.4553241486e-06 -3.5197159305e-09
-2.9055000432e-06 1.8841917818e-09
-2.8159317043e-06 7.0724169690e-09
-2.1866191321e-06 1.2044959631e-08
-1.0175623265e-06 1.6801819768e-08
6.9123871265e-07 2.1342997380e-08
2.9397839851e-06 2.5668492467e-08
5.7280734911e-06 2.9778305028e-08
3.4761590625e-06 2.3741989674e-08
1.6735114100e-06 1.8233559667e-08
4.0463059593e-07 1.3410198326e-08
-3.3048338016e-07 9.2719056507e-09
-5.3183051807e-07 5.8186816411e-09
-1.9941081783e-07 3.0505262973e-09
-1.5386254253e-05 4.3672371752e-08
2.4829439099e-06 -6.8924399227e-09
5.0143288865e-07 -6.3826905856e-09
-2.9374878678e-06 -5.1371353135e-09
-6.0158197148e-06 -6.1646972375e-09
-3.6864723022e-06 -1.5538460408e-08
-1.8950107832e-06 -2.1972074599e-08
-6.4143515786e-07 -2.5465539812e-08
7.4254573702e-08 -2.6018856047e-08
2.5205841165e-07 -2.3632023302e-08
-1.0802364412e-07 -1.8305041579e-08
-1.0059915936e-06 -1.0037910877e-08
-4.9705781831e-07 -8.8568424039e-10
2.5835647936e-08 5.4177319016e-09
5.3890924000e-10 8.8101637007e-09
-5.7294803427e-07 9.2916111569e-09
-1.6946251827e-06 6.8620742703e-09
1.1476591461e-06 -3.2759733356e-09
1.1563706331e-06 -3.1188459928e-09
7.8084134322e-07 -1.8415543031e-09
2.1071276603e-08 5.5590173355e-10
-7.0783769593e-07 4.6012057224e-09
9.8961118421e-07 1.1679677735e-08
1.8547631875e-06 1.6343103025e-08
1.8876183138e-06 1.8591481592e-08
1.0881765633e-06 1.8424813435e-08
-5.4356206412e-07 1.5843098556e-08
-3.0075975685e-06 1.0846336953e-08
-6.3039299497e-06 3.4345286275e-09
-4.1651093574e-06 -1.5733779207e-09
-3.1698143774e-07 -4.0068523238e-09
2.0737367467e-06 -5.7045207918e-09
3.0070451959e-06 -6.6663833247e-09
2.7211055613e-06 2.7469227382e-08
3.4666594940e-06 3.1044875018e-08
3.2236673314e-06 3.1236765324e-08
1.9921290736e-06 2.8044898298e-08
-2.2795527942e-07 2.1469273942e-08
-3.3489482698e-06 1.1590220496e-08
-1.4448333260e-06 6.0815535610e-09
-7.6853251674e-08 2.0219572132e-09
7.5499195336e-07 -5.8856854707e-10
1.0507022889e-06 -1.7500237197e-09
8.1027775490e-07 -1.4624083048e-09
3.3718351502e-08 2.7427769777e-10
-1.2789759214e-06 3.4600342879e-09
-1.1839199759e-06 2.9736307177e-09
-2.2486158456e-08 -2.2973498033e-10
7.5470688223e-07 -2.3129363314e-09
-2.4185771017e-06 -1.6417025637e-08
2.5141151675e-08 -1.6856649157e-08
1.2149239757e-06 -1.5895692251e-08
1.1507713704e-06 -1.3534154919e-08
-1.6731666425e-07 -9.7720371605e-09
-2.7393401283e-06 -4.6093389759e-09
-6.5652990216e-06 1.9539396348e-09
-3.9423889785e-06 3.4667155715e-09
-1.4466947283e-06 4.1964898128e-09
1.8143084452e-07 4.7051834339e-09
9.4198773994e-07 4.9927964348e-09
8.3497595811e-07 5.0593288156e-09
-1.3960450111e-07 4.9047805761e-09
-1.9817536376e-06 4.5291517165e-09
-1.7356405898e-06 1.0166660115e-08
9.8700553342e-07 2.0509822414e-08
-6.3344634215e-06 -1.9167569679e-09
-3.5900834229e-06 -5.2197720347e-09
-1.4998903093e-06 -7.5450789008e-09
-6.3884080809e-08 -8.8926775661e-09
7.1793526265e-07 -9.2625680306e-09
8.4556772105e-07 -8.6547502944e-09
3.1901329434e-07 -7.0692243574e-09
-8.6172801738e-07 -4.5059902197e-09
-4.5130904977e-07 -3.1452512606e-09
-4.5329030919e-08 -2.8210613507e-09
-1.7260211884e-07 -3.1685741939e-09
-8.3312831335e-07 -4.1877897903e-09
-2.0269076147e-06 -5.8787081399e-09
-3.7539400226e-06 -8.2413292427e-09
-6.0142255373e-06 -1.1275653099e-08
-6.1162307845e-06 -1.4576821691e-08
-1.6940004308e-07 3.8027461788e-09
-7.7327884033e-07 1.4688225111e-09
9.1638212768e-07 1.4080455973e-10
1.8052814808e-06 -6.4009739903e-10
1.8934192187e-06 -8.7388336516e-10
1.1807953417e-06 -5.6055333868e-10
-3.3259015034e-07 2.9989268043e-10
-2.6467372574e-06 1.7074546922e-09
-5.7616459795e-06 3.6621326965e-09
-3.8088845090e-06 6.3222649230e-09
-5.8038702248e-07 8.2442993444e-09
1.3528331411e-06 9.1235611895e-09
1.9907759816e-06 8.9600504581e-09
1.3334414991e-06 7.7537671504e-09
-6.1917030643e-07 5.5047112664e-09
-3.8670594350e-06 2.2128828059e-09
1.9417840998e-06 2.7838318825e-08
-2.7229350624e-07 2.0877944852e-08
-3.2173588366e-06 1.0604253593e-08
-1.5487931828e-06 3.1638716077e-09
-3.5522426088e-07 -2.1912784522e-09
3.6334792924e-07 -5.4611965864e-09
6.0692338764e-07 -6.6458827948e-09
3.7550211422e-07 -5.7453370774e-09
-3.3091589097e-07 -2.7595594343e-09
-1.5123306279e-06 2.3114501345e-09
-1.2807277081e-06 5.9387843276e-09
-1.6699325356e-07 7.1149003137e-09
5.7533593024e-07 7.6781673620e-09
9.4625984310e-07 7.6285854727e-09
9.4577848525e-07 6.9661546458e-09
5.7389185651e-07 5.6908748811e-09
1.2337449246e-06 -1.7073378822e-08
-1.5646174885e-07 -1.3013336069e-08
-2.8255805983e-06 -7.3026217207e-09
-6.7736116235e-06 5.8764224114e-11
-3.8927041106e-06 2.4822049972e-09
-1.3896056776e-06 4.0680406749e-09
2.3278623928e-07 5.1709053064e-09
9.7447164010e-07 5.7907988915e-09
8.3545052486e-07 5.9277214303e-09
-1.8427710651e-07 5.5816729227e-09
-2.0847112539e-06 4.7526533689e-09
-1.7004585245e-06 1.0547928431e-08
9.8967408756e-07 2.0951641211e-08
2.6989646561e-06 2.7882536640e-08
3.4274131810e-06 3.1340614719e-08
3.1750196622e-06 3.1325875447e-08
1.1886606430e-07 -1.4442357992e-08
8.7560712535e-07 -1.4760166874e-08
9.6166107936e-07 -1.3910484773e-08
3.7702792629e-07 -1.1893311689e-08
-8.7829233376e-07 -8.7086476213e-09
-4.7607175643e-07 -7.4657848093e-09
-1.4234440213e-07 -7.2121476269e-09
-3.2148549687e-07 -7.4752390752e-09
-1.0134950406e-06 -8.2550591545e-09
-2.2183730332e-06 -9.5516078646e-09
-3.9361194749e-06 -1.1364885206e-08
-6.1667343655e-06 -1.3694891177e-08
-5.9945501403e-06 -1.6806833873e-08
-2.2691081103e-06 -1.9349477504e-08
1.7742174398e-07 -2.0241449539e-08
1.3450394222e-06 -1.9482749979e-08
1.7762981650e-06 1.1117572171e-09
1.8191417908e-06 1.1187023499e-09
1.0571958904e-06 1.3333808850e-09
-5.0953953633e-07 1.7557928224e-09
-2.8810644893e-06 2.3859381622e-09
-6.0573789685e-06 3.2238169042e-09
-3.8267345499e-06 4.1527398014e-09
-5.5889378314e-07 4.5309363663e-09
1.3960191835e-06 4.2902315426e-09
2.0380043501e-06 3.4306253301e-09
1.3670617167e-06 1.9521177289e-09
-6.1680871673e-07 -1.4529126100e-10
-3.9136069502e-06 -2.8616016396e-09
-6.1754797610e-06 -6.4839854478e-09
-3.4066773788e-06 -1.0304267279e-08
-1.3085621037e-06 -1.2957058127e-08
-1.5888081565e-06 2.0984868406e-09
-4.7646202422e-07 -2.2493182774e-09
1.8551089108e-07 -4.7812287514e-09
3.9711058930e-07 -5.4972445814e-09
1.5833707042e-07 -4.3973657673e-09
-5.3080966559e-07 -1.4815923092e-09
-1.6703296186e-06 3.2500757929e-09
-1.2532482496e-06 6.2234171412e-09
-5.4509160928e-08 7.0081278887e-09
7.3983866930e-07 7.3012133162e-09
1.1297952411e-06 7.1026734237e-09
1.1153605545e-06 6.4125082111e-09
6.9653460958e-07 5.2307176785e-09
-1.2668259387e-07 3.5573018259e-09
-7.2375766566e-07 1.7210671584e-09
9.2866501285e-07 1.3125454866e-09
-6.5117921196e-06 -7.1861113399e-09
-3.7450552657e-06 -8.5478052448e-10
-1.5296490434e-06 3.9653967795e-09
-1.1601866067e-07 7.3204703018e-09
4.9583588243e-07 9.2104400426e-09
3.0591458593e-07 9.6353060018e-09
-6.8578255007e-07 8.5950681793e-09
-2.4792555257e-06 6.0897265753e-09
-1.7297918202e-06 1.0446663246e-08
1.1011409450e-06 1.9643212892e-08
2.9006875873e-06 2.5655136999e-08
3.6688481067e-06 2.8482435568e-08
3.4056225034e-06 2.8125108599e-08
2.1110107772e-06 2.4583156091e-08
-2.1498707186e-07 1.7856578045e-08
-3.1515275060e-06 8.2621866027e-09
5.0486557815e-07 1.2447520925e-08
-1.0201117048e-06 -3.2161494101e-09
-7.6705149863e-07 -2.0028293204e-08
-6.1103089273e-07 -3.2349312833e-08
-9.2588546578e-07 -4.0089837725e-08
-1.7116152177e-06 -4.3249867881e-08
-2.9682201486e-06 -4.1829403300e-08
-4.6957002585e-06 -3.5828443982e-08
-6.8940555474e-06 -2.5246989928e-08
-6.2276210745e-06 -1.9262156760e-08
-2.0491668289e-06 -2.3352336308e-08
7.2293738041e-07 -2.5504072891e-08
2.0886915532e-06 -2.5717366510e-08
2.0480956896e-06 -2.3992217164e-08
6.0114978962e-07 -2.0328624854e-08
-2.2521461468e-06 -1.4726589579e-08
5.3998402712e-07 1.5322971276e-09
-2.4735645850e-06 6.5193462459e-09
-6.5840536689e-06 1.3070063458e-08
-4.6691587089e-06 2.0215144359e-08
-1.6926881420e-06 2.5125371974e-08
1.0060651347e-07 2.7631021342e-08
7.1072525733e-07 2.7732092465e-08
1.3766808967e-07 2.5428585342e-08
-1.6185649895e-06 2.0720499973e-08
-4.5579739803e-06 1.3607836358e-08
-6.1671148290e-06 1.1822419711e-08
-3.1715652248e-06 2.3189356011e-08
-9.2943676863e-07 3.0051191205e-08
5.5927053983e-07 3.2407925294e-08
1.2945567004e-06 3.0259558277e-08
1.2764217132e-06 2.3606090153e-08
4.8726940496e-07 -4.1865536835e-09
2.0833297285e-07 -3.8849284767e-09
-5.4739313641e-07 -2.1727353996e-09
-1.7799089227e-06 9.5002554759e-10
-1.1090813518e-06 1.6316401396e-09
3.0344740788e-07 7.5847072271e-10
1.2081979839e-06 1.4666126539e-10
1.6051703763e-06 -2.0378823239e-10
1.4943645850e-06 -2.9287777063e-10
8.7578061009e-07 -1.2060734934e-10
-2.5058154852e-07 3.1302303148e-10
-8.4637998628e-07 5.2072943972e-11
1.6247737596e-06 -2.7792184070e-09
2.9989870339e-06 -4.0468416642e-09
3.2762598366e-06 -3.7507968275e-09
2.4565921677e-06 -1.8910838969e-09
1.2358807325e-07 1.4835643160e-08
7.4906323673e-07 1.6957160960e-08
5.2521834023e-07 1.6461173134e-08
-5.4794661627e-07 1.3347679682e-08
-2.4704316328e-06 7.6166806041e-09
-1.6268938341e-06 9.9942149571e-09
1.1582756794e-06 1.8277176501e-08
2.9132157102e-06 2.3718626155e-08
3.6379262584e-06 2.6318563919e-08
3.3324073240e-06 2.6076989793e-08
1.9966589070e-06 2.2993903777e-08
-3.6931899270e-07 1.7069305871e-08
-3.1648816372e-06 8.7126241914e-09
-1.5366593611e-06 3.3719779173e-09
-3.8522676193e-07 -5.5810048647e-10
2.8941616008e-07 -3.0776110201e-09
-1.2608091080e-05 -5.6442046814e-09
-1.1786154207e-05 -5.6454359790e-09
-9.0118685635e-06 -4.8687339805e-09
-4.2852341476e-06 -3.3140986859e-09
2.3937490403e-06 -9.8153009529e-10
6.4813793791e-06 -3.2564219559e-09
5.4522505721e-06 -1.0214592443e-08
4.3513670348e-06 -1.4763657720e-08
3.1787287670e-06 -1.6903617786e-08
1.9343357690e-06 -1.6634472642e-08
6.1818804054e-07 -1.3956222288e-08
-7.6971441822e-07 -8.8688667241e-09
-2.2293716073e-06 -1.3724059495e-09
-6.8487577775e-06 -7.2339439959e-09
-3.6753224338e-06 2.7400906819e-09
-1.3512071503e-06 1.0096619734e-08
5.2332888319e-06 -1.3598979856e-08
4.1374003006e-06 -1.8097522987e-08
2.9354331429e-06 -1.9414501292e-08
1.6273873590e-06 -1.7549914771e-08
2.1326294874e-07 -1.2503763424e-08
-1.3069400878e-06 -4.2760472505e-09
1.5054900851e-08 6.8771045494e-09
5.5916276868e-06 1.6266920319e-08
9.1570512956e-06 2.2205428124e-08
1.0711325727e-05 2.4692627962e-08
1.0254450982e-05 2.3728519834e-08
7.7864270592e-06 1.9313103741e-08
3.3072539595e-06 1.1446379682e-08
-3.1830683173e-06 1.2834765659e-10
-8.3949185080e-06 -3.3079421981e-09
-1.1477679180e-05 -4.8650400878e-09
2.1733060057e-06 9.2841357760e-09
7.0731166615e-06 1.6568062965e-08
9.9557354577e-06 2.0779674319e-08
1.0821162394e-05 2.1918969839e-08
9.6693974704e-06 1.9985949526e-08
6.5004406871e-06 1.4980613378e-08
1.3142920440e-06 6.9029613957e-09
-5.3260172366e-06 -1.4780140142e-09
-9.7229070476e-06 -1.9919802869e-09
-1.2155817545e-05 -2.1666519763e-09
-1.2624748730e-05 -2.0020290826e-09
-1.1129700601e-05 -1.4981116056e-09
-7.6706731598e-06 -6.5489954532e-10
-2.2476664048e-06 5.2760709814e-10
5.1393196633e-06 2.0494083248e-09
6.2230987370e-06 -5.9188718986e-09
-9.4265638430e-07 4.5468521111e-10
-7.0900570409e-06 -3.3228311256e-09
-1.0826531566e-05 -2.3677278933e-09
-1.2591844364e-05 -1.4597036336e-09
-1.2385995434e-05 -5.9875834649e-10
-1.0208984778e-05 2.1510796803e-10
-6.0608123941e-06 9.8189530995e-10
5.8521716757e-08 1.7016036793e-09
6.8295275081e-06 7.5920807514e-10
5.8928998144e-06 -8.8433468321e-09
4.8549917693e-06 -1.5328361665e-08
3.7158033726e-06 -1.8695836424e-08
2.4753346245e-06 -1.8945771108e-08
1.1335855249e-06 -1.6078165718e-08
-3.0944392624e-07 -1.0093020253e-08
-1.8537537289e-06 -9.9033471414e-10
-4.2158717664e-06 2.2563778988e-09
2.5854729159e-06 1.5117186527e-09
6.4982974195e-06 -5.5697439330e-09
5.5329804803e-06 -1.6302959209e-08
4.4667710445e-06 -2.3177867448e-08
3.2996691121e-06 -2.6194468651e-08
2.0316746830e-06 -2.5352762818e-08
6.6278775734e-07 -2.0652749948e-08
-8.0699166490e-07 -1.2094430041e-08
-2.1121416011e-06 1.9266810969e-10
4.1218884927e-06 8.6896370954e-09
8.3335983273e-06 1.4366760091e-08
1.0522987903e-05 1.7224037096e-08
1.0690057220e-05 1.7261468110e-08
8.8348062774e-06 1.4479053134e-08
4.9572350761e-06 8.8767921678e-09
1.5701951884e-06 -2.0431167918e-08
1.5976231995e-07 -1.4625632293e-08
-1.3481122110e-06 -5.2243001347e-09
2.5267701083e-07 6.0208357831e-09
5.8159417522e-06 1.3452912568e-08
9.3499219109e-06 1.7976676688e-08
1.0854617487e-05 1.9592128143e-08
1.0330028480e-05 1.8299266933e-08
7.7761548913e-06 1.4098093059e-08
3.1929967195e-06 6.9886065195e-09
-3.4194460350e-06 -3.0291926846e-09
-8.5978748456e-06 -1.7420713946e-09
-1.1671436941e-05 8.7184534018e-11
-1.2770017680e-05 1.4016574277e-09
-1.1893617064e-05 2.2013472863e-09
-9.0422350931e-06 2.4862541101e-09
1.1563771349e-05 1.7071349026e-08
1.0232362279e-05 1.5283499911e-08
6.7705716199e-06 1.1010116422e-08
1.1783993707e-06 4.2511985581e-09
-5.7658488795e-06 -1.6557428606e-09
-1.0112754693e-05 3.1479902067e-10
-1.2477025194e-05 1.8138605101e-09
-1.2858660384e-05 2.8414416078e-09
-1.1257660263e-05 3.3975423136e-09
-7.6740248306e-06 3.4821626275e-09
-2.1077540866e-06 3.0953025497e-09
5.4411519688e-06 2.2369620799e-09
6.2375100373e-06 -7.6953450969e-09
5.2168438188e-06 -1.6272995601e-08
4.0987359378e-06 -2.1254849573e-08
2.8831863944e-06 -2.2640907012e-08
-1.2419959035e-05 2.0049183047e-09
-1.2111488972e-05 2.7761153750e-09
-9.8832430315e-06 3.1373814422e-09
-5.7352212135e-06 3.0887165062e-09
3.3257648224e-07 2.6301205669e-09
6.6936387168e-06 2.0550625523e-10
5.5611989689e-06 -8.6311939501e-09
4.4023457286e-06 -1.4579802653e-08
3.2170789957e-06 -1.7640319852e-08
2.0053987703e-06 -1.7812745549e-08
7.6730505238e-07 -1.5097079743e-08
-4.9720215802e-07 -9.4933224335e-09
-1.7881228610e-06 -1.0014736216e-09
2.7757090209e-06 7.5216901249e-09
7.8354447201e-06 1.3190444133e-08
1.0764798830e-05 1.6373663766e-08
5.2050148472e-06 -9.1819189775e-09
4.0562110580e-06 -1.3036058477e-08
2.8702936324e-06 -1.4573040932e-08
1.6472625705e-06 -1.3792866343e-08
3.8711787211e-07 -1.0695534709e-08
-9.1014046256e-07 -5.2810460305e-09
-1.7187654958e-06 2.4037468546e-09
4.6278169450e-06 9.2128655744e-09
8.8835127464e-06 1.3705951647e-08
1.1048321908e-05 1.5883005072e-08
1.1122244430e-05 1.5744025849e-08
9.1052803132e-06 1.3289013979e-08
4.9974295564e-06 8.5179694614e-09
-1.2013078398e-06 1.4308922964e-09
-7.2775715274e-06 -7.6726884574e-10
-1.0808653220e-05 8.2379023107e-10
7.2238468851e-07 2.3430685819e-09
6.3575721106e-06 6.2430686535e-09
9.8976879571e-06 8.5481819850e-09
1.1342732228e-05 9.2584085765e-09
1.0692704923e-05 8.3737484278e-09
7.9476060426e-06 5.8942015391e-09
3.1074355866e-06 1.8197679104e-09
-3.8278064451e-06 -3.8495524585e-09
-8.7340254462e-06 -2.5976696720e-09
-1.1613451955e-05 -1.2606067477e-09
-1.2569436176e-05 -2.0822238041e-10
-1.1601978112e-05 5.5948342990e-10
-8.7110777605e-06 1.0425106832e-09
-3.8967351227e-06 1.2408593795e-09
2.8410498015e-06 1.1545295189e-09
6.3167050000e-06 -3.0106224334e-09
9.7160564581e-07 -8.7348710628e-10
-5.7602623264e-06 -3.4655297669e-09
-9.9259130216e-06 3.0496779612e-11
-1.2163577535e-05 2.5977242331e-09
-1.2473255867e-05 4.2361525936e-09
-1.0854948018e-05 4.9457818611e-09
-7.3086539867e-06 4.7266120356e-09
-1.8343737741e-06 3.5786431171e-09
5.5678926201e-06 1.5018751057e-09
5.9199653971e-06 -5.5328557763e-09
4.8053356678e-06 -1.1182294664e-08
3.6523832249e-06 -1.4495944759e-08
2.4611080687e-06 -1.5473806060e-08
1.2315101991e-06 -1.4115878567e-08
-3.6410383769e-08 -1.0422162280e-08
-1.3426536800e-06 -4.3926572002e-09
-4.6620477108e-06 2.0654075866e-08
6.8735505547e-07 1.4456775421e-08
5.9947361597e-06 4.3288554803e-09
5.1607855196e-06 -6.6605070088e-09
4.2339972241e-06 -1.4309801197e-08
3.2143712729e-06 -1.8619027083e-08
2.1019076662e-06 -1.9588184669e-08
8.9660640398e-07 -1.7217273953e-08
-4.0153251373e-07 -1.1506294936e-08
-1.7925090870e-06 -2.4552476177e-09
2.8488216134e-06 3.3937968235e-09
7.7425129414e-06 6.2102323251e-09
1.0553580007e-05 7.6156080308e-09
1.1282022810e-05 7.6099239405e-09
9.9278413512e-06 6.1931800543e-09
6.4910356297e-06 3.3653763720e-09
-3.3644925360e-06 1.5215530407e-09
-5.5825500942e-06 -6.7299525318e-09
-6.4751330781e-06 -1.6086694818e-08
-4.2120193181e-06 -2.0876878666e-08
-2.6907320727e-06 -2.2880836481e-08
-1.9112713418e-06 -2.2098568264e-08
-1.8736371253e-06 -1.8530074015e-08
-2.5778294232e-06 -1.2175353732e-08
-4.0238482357e-06 -3.0344074174e-09
-6.2116935625e-06 8.8927649300e-09
-4.5445663688e-06 1.6074340372e-08
-2.7713346918e-06 1.9957592348e-08
-1.5010306992e-06 2.1242306551e-08
-7.3365439083e-07 1.9928482978e-08
-4.6920576682e-07 1.6016121631e-08
-7.0768482715e-07 9.5052225103e-09
-1.4177757165e-05 3.7129176115e-08
-1.0215118228e-05 2.6064313139e-08
-3.4983374406e-06 1.0477782823e-08
6.6677572050e-07 9.6743961926e-10
