4.1914822361e+02
4.1904412899e+02
4.1894198321e+02
4.1884319759e+02
4.1874996563e+02
4.1866171669e+02
4.1857623510e+02
4.1850057883e+02
4.1842893714e+02
4.1835948641e+02
4.1829778427e+02
4.1823954920e+02
4.1819002088e+02
4.1814338610e+02
4.1810077051e+02
4.1806555551e+02
4.1803420218e+02
4.1801037750e+02
4.1799051793e+02
4.1797365530e+02
4.1796731816e+02
4.1796405078e+02
4.1796398571e+02
4.1797248075e+02
4.1798378205e+02
4.1800156789e+02
4.1802643545e+02
4.1805500654e+02
4.1808808781e+02
4.1812909361e+02
4.1817453401e+02
4.1822374159e+02
4.1828032123e+02
4.1833973432e+02
4.1840791792e+02
4.1848010731e+02
4.1855523481e+02
4.1864002547e+02
4.1872753396e+02
4.1881976031e+02
4.1891775882e+02
4.1902260781e+02
4.1913171276e+02
4.1924344765e+02
4.1936503386e+02
4.1948841083e+02
4.1961830271e+02
4.1975162666e+02
4.1989265163e+02
4.2003635174e+02
4.2018507546e+02
4.2033838062e+02
4.2049841748e+02
4.2066208725e+02
4.2082827787e+02
4.2100455517e+02
4.2117953982e+02
4.2136141370e+02
4.2154768011e+02
4.2173842616e+02
4.2193115076e+02
4.2213071981e+02
4.2233431788e+02
4.2254001566e+02
4.2275319629e+02
4.2296222887e+02
4.2318311867e+02
4.2340338614e+02
4.2362707678e+02
4.2385231460e+02
4.2408613295e+02
4.2431542635e+02
4.2455004839e+02
4.2478867948e+02
4.2503367394e+02
4.2526982992e+02
4.2551496530e+02
4.2575947752e+02
4.2600968394e+02
4.2625245648e+02
4.2650077055e+02
4.2675042778e+02
4.2700241169e+02
4.2724598668e+02
4.2749542734e+02
4.2774079596e+02
4.2799305985e+02
4.2822721569e+02
4.2847100456e+02
4.2870105313e+02
4.2893300730e+02
4.2916037470e+02
4.2937838515e+02
4.2955985228e+02
4.2978154818e+02
4.2991724731e+02
4.3011500701e+02
4.3016692704e+02
4.2992461295e+02
4.2917001975e+02
