3.1563419810e+02
3.1562806098e+02
3.1562177580e+02
3.1561316800e+02
3.1560783417e+02
3.1559986995e+02
3.1559162821e+02
3.1558328442e+02
3.1557483850e+02
3.1556522252e+02
3.1555570660e+02
3.1554433700e+02
3.1553291359e+02
3.1552142388e+02
3.1550711733e+02
3.1549273131e+02
3.1547781051e+02
3.1546263962e+02
3.1544484818e+02
3.1542678900e+02
3.1540749148e+02
3.1538679457e+02
3.1536454032e+02
3.1534026181e+02
3.1531564607e+02
3.1529021788e+02
3.1526093241e+02
3.1523074081e+02
3.1519630205e+02
3.1516578354e+02
3.1513452687e+02
3.1510004519e+02
3.1506163680e+02
3.1501805577e+02
3.1497883727e+02
3.1495805932e+02
3.1490002614e+02
3.1484032132e+02
3.1479850622e+02
3.1474636207e+02
3.1469321217e+02
3.1464097431e+02
3.1458670955e+02
3.1453178739e+02
3.1447448173e+02
3.1441736183e+02
3.1435787525e+02
3.1429564508e+02
3.1423275250e+02
3.1417004763e+02
3.1410440684e+02
3.1403987783e+02
3.1397575386e+02
3.1390992465e+02
3.1384436547e+02
3.1377768557e+02
3.1370797559e+02
3.1363986699e+02
3.1357370605e+02
3.1350685550e+02
3.1344134825e+02
3.1337401040e+02
3.1330740372e+02
3.1324247928e+02
3.1317790797e+02
3.1311532200e+02
3.1305289168e+02
3.1299198317e+02
3.1293274180e+02
3.1287487710e+02
3.1281993656e+02
3.1276385632e+02
3.1271381829e+02
3.1266721546e+02
3.1262168243e+02
3.1257147938e+02
3.1253095685e+02
3.1248255198e+02
3.1246214993e+02
3.1242143646e+02
3.1238965635e+02
3.1236705034e+02
3.1234151384e+02
3.1231707736e+02
3.1230337501e+02
3.1228707364e+02
3.1227700300e+02
3.1226611548e+02
3.1225900876e+02
3.1225870783e+02
3.1225565686e+02
3.1226192799e+02
3.1226727309e+02
3.1227607607e+02
3.1228373611e+02
3.1229733542e+02
3.1230991846e+02
3.1232456373e+02
3.1234101596e+02
3.1235527560e+02
