2.4944641418e-06 1.6723109476e-07
2.9087268233e-01 -4.1953767699e-04
5.7547103966e-01 -1.6557600413e-03
8.5374366575e-01 -3.6793995917e-03
1.1256856676e+00 -6.4501711429e-03
1.3912599935e+00 -9.9426387307e-03
1.6504529932e+00 -1.4116762045e-02
1.9032432046e+00 -1.8948730419e-02
2.1496192975e+00 -2.4398869553e-02
2.3895781192e+00 -3.0443794421e-02
2.6230980766e+00 -3.7046810121e-02
2.8501828968e+00 -4.4178804930e-02
3.0708273090e+00 -5.1812025362e-02
3.2850263491e+00 -5.9912550773e-02
3.4927759501e+00 -6.8458363553e-02
3.6940860989e+00 -7.7411863536e-02
3.8889627967e+00 -8.6752491948e-02
4.0773991755e+00 -9.6450081469e-02
4.2594137422e+00 -1.0647586423e-01
4.4350034723e+00 -1.1680575918e-01
4.6041791859e+00 -1.2741044937e-01
4.7669505393e+00 -1.3826879256e-01
4.9233359453e+00 -1.4935341692e-01
5.0733253879e+00 -1.6063772361e-01
5.2169554119e+00 -1.7209769959e-01
5.3542235206e+00 -1.8371159040e-01
5.4851401207e+00 -1.9545444720e-01
5.6097248953e+00 -2.0730360577e-01
5.7279887263e+00 -2.1923525803e-01
5.8399517588e+00 -2.3122841110e-01
5.9456186214e+00 -2.4325627991e-01
6.0450023933e+00 -2.5530456486e-01
6.1381354008e+00 -2.6734759459e-01
6.2250178630e+00 -2.7936478070e-01
6.3056622818e+00 -2.9133560497e-01
6.3800887089e+00 -3.0323931077e-01
6.4483102920e+00 -3.1505397195e-01
6.5103547575e+00 -3.2676309650e-01
6.5662342676e+00 -3.3833839865e-01
6.6159571275e+00 -3.4976572650e-01
6.6595362944e+00 -3.6102616851e-01
6.6970053618e+00 -3.7209931177e-01
6.7283747704e+00 -3.8296025555e-01
6.7536703481e+00 -3.9359530440e-01
6.7728807212e+00 -4.0398342326e-01
6.7860424567e+00 -4.1410080244e-01
6.7931915887e+00 -4.2393212597e-01
6.7943262928e+00 -4.3346006706e-01
6.7894753070e+00 -4.4265924667e-01
6.7786496651e+00 -4.5151538374e-01
6.7618844056e+00 -4.6000441394e-01
6.7391570181e+00 -4.6810445440e-01
6.7105477045e+00 -4.7579996492e-01
6.6760586624e+00 -4.8306948869e-01
6.6357078650e+00 -4.8989018227e-01
6.5895048650e+00 -4.9623955917e-01
6.5375110962e+00 -5.0210361568e-01
6.4797201050e+00 -5.0745693227e-01
6.4161855615e+00 -5.1227708830e-01
6.3469327448e+00 -5.1654218705e-01
6.2719843039e+00 -5.2023039159e-01
6.1913727044e+00 -5.2332177265e-01
6.1051533327e+00 -5.2578977875e-01
6.0133471708e+00 -5.2761282479e-01
5.9159796663e+00 -5.2876857365e-01
5.8131310525e+00 -5.2923401571e-01
5.7048094547e+00 -5.2898313594e-01
5.5910906692e+00 -5.2798964992e-01
5.4720204825e+00 -5.2623197510e-01
5.3476484745e+00 -5.2368433201e-01
5.2180534750e+00 -5.2032433074e-01
5.0832793669e+00 -5.1612150352e-01
4.9434106593e+00 -5.1104792388e-01
4.7985129405e+00 -5.0508220083e-01
4.6486848776e+00 -4.9820087779e-01
4.4940119966e+00 -4.9036910795e-01
4.3345968910e+00 -4.8156775542e-01
4.1705303493e+00 -4.7176735228e-01
4.0019707093e+00 -4.6094790687e-01
3.8290339500e+00 -4.4907483008e-01
3.6518555788e+00 -4.3612882370e-01
3.4706003489e+00 -4.2209024545e-01
3.2854599273e+00 -4.0693513027e-01
3.0966231963e+00 -3.9064430920e-01
2.9043199400e+00 -3.7320293496e-01
2.7087952107e+00 -3.5459243778e-01
2.5103487922e+00 -3.3480362356e-01
2.3093016505e+00 -3.1383036840e-01
2.1060356622e+00 -2.9167346522e-01
1.9009821084e+00 -2.6835411549e-01
1.6946596403e+00 -2.4388810549e-01
1.4876752901e+00 -2.1832109747e-01
1.2807940460e+00 -1.9171963295e-01
1.0749334751e+00 -1.6417126546e-01
8.7130240156e-01 -1.3580571297e-01
6.7152055664e-01 -1.0684720106e-01
4.7779603403e-01 -7.7588445051e-02
2.9390054060e-01 -4.8886797735e-02
1.2645582806e-01 -2.0709761612e-02
-8.0463640812e-06 2.9886846414e-07
