2.6995408278e+02
2.6941724176e+02
2.7049125856e+02
2.6887655210e+02
2.7103318519e+02
2.6832975774e+02
2.7157506400e+02
2.6778289887e+02
2.7211764292e+02
2.6724970195e+02
2.7266142955e+02
2.6671803333e+02
2.7320519036e+02
2.6618322883e+02
2.7374551125e+02
2.6564231836e+02
2.7428581558e+02
2.6510128947e+02
2.7483027197e+02
2.6456691790e+02
2.7537948833e+02
2.6403364345e+02
2.7592877368e+02
2.6350282198e+02
2.7646512182e+02
2.6297602220e+02
2.7700121703e+02
2.6244913289e+02
2.7754764373e+02
2.6191135774e+02
2.7810740648e+02
2.6137117859e+02
2.7866733957e+02
2.6083488231e+02
2.7919700658e+02
2.6030634456e+02
2.7972475688e+02
2.5977768791e+02
2.8026496927e+02
2.5924890808e+02
2.8082342531e+02
2.5872006734e+02
2.8138204409e+02
2.5819019014e+02
2.8191809101e+02
2.5765614472e+02
2.8245165823e+02
2.5712194803e+02
2.8298420528e+02
2.5659936065e+02
2.8351528654e+02
2.5608086304e+02
2.8404646545e+02
2.5556074722e+02
2.8460307404e+02
2.5503376513e+02
2.8516385768e+02
2.5450660830e+02
2.8571252784e+02
2.5398506929e+02
2.8623883038e+02
2.5346593071e+02
2.8676525882e+02
2.5294736221e+02
2.8731812770e+02
2.5243036660e+02
2.8787688632e+02
2.5191318307e+02
2.8842873461e+02
2.5139556739e+02
2.8896567056e+02
2.5087769237e+02
2.8950276500e+02
2.5036056834e+02
2.9004640448e+02
2.4984648721e+02
2.9059197637e+02
2.4933218706e+02
2.9113580074e+02
2.4882010165e+02
2.9167552319e+02
2.4830936959e+02
2.9221543348e+02
2.9275605740e+02
2.4779923893e+02
2.9329699356e+02
2.4729307561e+02
2.9383730927e+02
2.4678667449e+02
2.9437633394e+02
2.4628085154e+02
2.9491555547e+02
2.4577545240e+02
2.9545538791e+02
2.4527006555e+02
2.9599555447e+02
2.4476166995e+02
2.9653435498e+02
2.4425301205e+02
2.9706751260e+02
2.4375228065e+02
2.9760088376e+02
2.4325843555e+02
2.9813880503e+02
2.4276458570e+02
2.9867916104e+02
2.4226978525e+02
2.9921816220e+02
2.4177470904e+02
2.9974963065e+02
2.4128016052e+02
3.0028133408e+02
2.4078620865e+02
3.0081491918e+02
2.4029205095e+02
3.0134971121e+02
2.3979770315e+02
3.0188422120e+02
2.3930270793e+02
3.0241750385e+02
2.3881587280e+02
3.0295103880e+02
2.3833894823e+02
3.0348214339e+02
2.3786179054e+02
3.0401148030e+02
2.3736743582e+02
3.0454086688e+02
2.3687109460e+02
3.0507148216e+02
2.3638640840e+02
3.0560235540e+02
2.3591842682e+02
3.0613041061e+02
2.3545017723e+02
3.0665602547e+02
2.3497584281e+02
3.0718163781e+02
2.3450026998e+02
3.0770327855e+02
2.3402621609e+02
3.0822518828e+02
2.3355498237e+02
3.0874869196e+02
2.3308349227e+02
3.0927376753e+02
3.0979904601e+02
2.3261305286e+02
3.1032752357e+02
2.3214210817e+02
3.1085672383e+02
2.3167433162e+02
3.1137826957e+02
2.3121329799e+02
3.1189051608e+02
2.3075197701e+02
3.1240299666e+02
2.3029056807e+02
3.1292110632e+02
2.2982851232e+02
3.1344006134e+02
2.2936873087e+02
3.1395836572e+02
2.2891500817e+02
3.1447560737e+02
2.2846097924e+02
3.1499310232e+02
2.2800956131e+02
3.1550567019e+02
2.2755833563e+02
3.1601811907e+02
2.2710776429e+02
3.1653143676e+02
2.2665991369e+02
3.1704597323e+02
2.2621174988e+02
3.1756077242e+02
2.2576610270e+02
3.1806791263e+02
2.2532071633e+02
3.1857423582e+02
2.2487682686e+02
3.1908123533e+02
2.2443962700e+02
3.1958923039e+02
2.2400208616e+02
3.2009749505e+02
2.2356631804e+02
3.2060253547e+02
3.2110733750e+02
2.2313073587e+02
3.2161183271e+02
2.2269601538e+02
3.2211509018e+02
2.2226709195e+02
3.2261863082e+02
2.2183782302e+02
3.2311718305e+02
2.2141085715e+02
3.2361474820e+02
2.2098449681e+02
3.2411347988e+02
2.2055830344e+02
3.2461497161e+02
2.2013564984e+02
3.2511675475e+02
2.1971262415e+02
3.2560610931e+02
2.1929467223e+02
3.2609132350e+02
2.1887940530e+02
3.2658051557e+02
2.1846392883e+02
3.2708354813e+02
2.1805035628e+02
3.2758686005e+02
2.1763639802e+02
3.2807512283e+02
2.1722887514e+02
3.2855719565e+02
2.1682573512e+02
3.2904189083e+02
2.1642200324e+02
3.2953790227e+02
3.3003422800e+02
2.1601506997e+02
3.3051528381e+02
2.1560774632e+02
3.3098851088e+02
2.1520547674e+02
3.3146439553e+02
2.1480710400e+02
3.3195588297e+02
2.1440831817e+02
3.3244766780e+02
2.1401472303e+02
3.3292980964e+02
2.1362071902e+02
3.3340632626e+02
2.1323174597e+02
3.3388334870e+02
2.1284762612e+02
3.3436213814e+02
2.1246304081e+02
3.3484125840e+02
2.1207449782e+02
3.3531730913e+02
2.1168542931e+02
3.3579143894e+02
2.1129978389e+02
3.3626562534e+02
2.1091783038e+02
3.3673412179e+02
3.3720295061e+02
2.1053538400e+02
3.3767291466e+02
2.1016512435e+02
3.3814427430e+02
2.0979539214e+02
3.3861592778e+02
2.0942402089e+02
3.3907915511e+02
2.0904982571e+02
3.3954272657e+02
2.0867511745e+02
3.4000788251e+02
2.0831107916e+02
3.4047501882e+02
2.0794799053e+02
3.4094254596e+02
2.0758721327e+02
3.4139790586e+02
2.0723032964e+02
3.4185323267e+02
2.0687295961e+02
3.4230991054e+02
2.0651485287e+02
3.4276843910e+02
2.0615624121e+02
3.4322736100e+02
3.4367785706e+02
2.0580154289e+02
3.4412802997e+02
2.0545487126e+02
3.4458140438e+02
2.0510769598e+02
3.4503991888e+02
2.0475992447e+02
3.4549885758e+02
2.0441168224e+02
3.4594426151e+02
2.0406615590e+02
3.4638829538e+02
2.0372708025e+02
3.4683243252e+02
2.0338748179e+02
3.4727680757e+02
2.0304884580e+02
3.4772158851e+02
2.0271019919e+02
3.4816325670e+02
2.0237569905e+02
3.4860467533e+02
2.0205402714e+02
3.4904461414e+02
3.4948147175e+02
2.0173185002e+02
3.4991873773e+02
2.0140046576e+02
3.5035466931e+02
2.0106537183e+02
3.5079056599e+02
2.0073407168e+02
3.5122496158e+02
2.0041711439e+02
3.5165554710e+02
2.0009962958e+02
3.5208654650e+02
1.9977898207e+02
3.5251567260e+02
1.9945664305e+02
3.5294449030e+02
1.9913707775e+02
3.5337221060e+02
1.9883254036e+02
3.5379635845e+02
3.5422092497e+02
1.9852747909e+02
3.5464333444e+02
1.9821982407e+02
3.5506516639e+02
1.9791054368e+02
3.5548608473e+02
1.9760170428e+02
3.5590306961e+02
1.9729724038e+02
3.5632047760e+02
1.9699222771e+02
3.5673608650e+02
1.9669653259e+02
3.5715107918e+02
1.9640675389e+02
3.5756515208e+02
1.9611600394e+02
3.5797377389e+02
1.9581657561e+02
3.5838282277e+02
1.9551658189e+02
3.5879065747e+02
3.5919799608e+02
1.9522530514e+02
3.5960480466e+02
1.9494062569e+02
3.6000660441e+02
1.9465587769e+02
3.6040883773e+02
1.9437799059e+02
3.6080895566e+02
1.9409955153e+02
3.6120782575e+02
1.9382117604e+02
3.6160635138e+02
1.9354282898e+02
3.6199869000e+02
1.9326411503e+02
3.6239146647e+02
1.9299387474e+02
3.6278255489e+02
3.6317242458e+02
1.9272303667e+02
3.6356249293e+02
1.9245466299e+02
3.6395170013e+02
1.9218897855e+02
3.6434135679e+02
1.9192277531e+02
3.6472353976e+02
1.9166077476e+02
3.6509899203e+02
1.9139818617e+02
3.6547478096e+02
1.9113866525e+02
3.6585459993e+02
1.9088315047e+02
3.6623487516e+02
1.9062709688e+02
3.6660918490e+02
3.6697711333e+02
1.9037812418e+02
3.6734547774e+02
1.9012904965e+02
3.6770990194e+02
1.8988042106e+02
3.6807468984e+02
1.8963274517e+02
3.6843685738e+02
1.8938451253e+02
3.6879562437e+02
1.8914887824e+02
3.6915483099e+02
1.8891425277e+02
3.6950806684e+02
1.8867897822e+02
3.6986132550e+02
3.7021183783e+02
1.8844303307e+02
3.7055806529e+02
1.8820652299e+02
3.7090473565e+02
1.8798143466e+02
3.7124796961e+02
1.8775779448e+02
3.7159128438e+02
1.8753474430e+02
3.7192917832e+02
1.8731361992e+02
3.7225721583e+02
1.8709191723e+02
3.7258570638e+02
1.8687810292e+02
3.7291559661e+02
3.7324626986e+02
1.8666552942e+02
3.7357129344e+02
1.8645437622e+02
3.7388394462e+02
1.8624780571e+02
3.7419706019e+02
1.8604061781e+02
3.7451197842e+02
1.8584503938e+02
3.7482786154e+02
1.8565248198e+02
3.7513787904e+02
1.8545996828e+02
3.7543225078e+02
1.8526898080e+02
3.7572711058e+02
3.7601937496e+02
1.8507734892e+02
3.7631129339e+02
1.8490061348e+02
3.7659882625e+02
1.8472900524e+02
3.7687156241e+02
1.8455825439e+02
3.7714480248e+02
1.8439291729e+02
3.7741371153e+02
1.8422690665e+02
3.7768140142e+02
1.8407223072e+02
3.7794520835e+02
1.8392217278e+02
3.7819211891e+02
3.7843955807e+02
1.8377457368e+02
3.7867674804e+02
1.8364279196e+02
3.7890956833e+02
1.8351027523e+02
3.7913971203e+02
1.8339191880e+02
3.7935367010e+02
1.8328078628e+02
3.7956818968e+02
1.8317275309e+02
3.7976532534e+02
1.8309218416e+02
3.7995314602e+02
3.8013774299e+02
1.8301080052e+02
3.8029531351e+02
1.8295239818e+02
3.8045349480e+02
1.8290861322e+02
3.8059193847e+02
1.8286848007e+02
3.8071777069e+02
1.8287894753e+02
3.8083906464e+02
1.8288848028e+02
3.8090196512e+02
1.8296366396e+02
3.8096558592e+02
3.8095818137e+02
1.8308999771e+02
3.8089513379e+02
1.8321400311e+02
3.8083632933e+02
1.8330411060e+02
3.8086261070e+02
1.8339273938e+02
3.8088995668e+02
1.8439599332e+02
3.7987928077e+02
1.8626106203e+02
3.7789953656e+02
3.7591914447e+02
1.8812732384e+02
