-2.0426869461e-05 -3.2936769205e-05
2.4456859740e-01 1.4673086366e-03
4.8364660150e-01 5.7210897722e-03
7.1710836963e-01 1.2754765846e-02
9.4486350886e-01 2.2335020741e-02
1.1668229140e+00 3.4442425565e-02
1.3828825262e+00 4.8939678171e-02
1.5928901576e+00 6.5672507726e-02
1.7968328438e+00 8.4620007299e-02
1.9945883495e+00 1.0556271616e-01
2.1860375867e+00 1.2846200179e-01
2.3711100223e+00 1.5320557853e-01
2.5497279509e+00 1.7960497783e-01
2.7218446279e+00 2.0764795487e-01
2.8873122789e+00 2.3712595281e-01
3.0461128058e+00 2.6796676455e-01
3.1981707489e+00 3.0009226117e-01
3.3434862518e+00 3.3329311304e-01
3.4818943138e+00 3.6754582104e-01
3.6134069234e+00 4.0266663106e-01
3.7380130960e+00 4.3855530817e-01
3.8556494485e+00 4.7514842197e-01
3.9662554471e+00 5.1222393665e-01
4.0698355305e+00 5.4976146673e-01
4.1663921019e+00 5.8759906103e-01
4.2559370989e+00 6.2561287423e-01
4.3383824183e+00 6.6373288611e-01
4.4138116389e+00 7.0177229554e-01
4.4822269650e+00 7.3970020790e-01
4.5436581005e+00 7.7732900565e-01
4.5980821413e+00 8.1458341097e-01
4.6456015584e+00 8.5135499702e-01
4.6862582903e+00 8.8752292074e-01
4.7200639952e+00 9.2299346751e-01
4.7471017929e+00 9.5761085172e-01
4.7674121914e+00 9.9134844919e-01
4.7811830435e+00 1.0240603622e+00
4.7883646592e+00 1.0556589845e+00
4.7891289924e+00 1.0860131190e+00
4.7835781454e+00 1.1150660145e+00
4.7717971900e+00 1.1427547401e+00
4.7539511660e+00 1.1689107847e+00
4.7300522887e+00 1.1935071694e+00
4.7003903057e+00 1.2164581691e+00
4.6650545518e+00 1.2376894340e+00
4.6240798403e+00 1.2570994128e+00
4.5777971387e+00 1.2746208199e+00
4.5262423127e+00 1.2902475070e+00
4.4696816092e+00 1.3038629118e+00
4.4082175680e+00 1.3154122579e+00
4.3420324103e+00 1.3248771943e+00
4.2714284576e+00 1.3322231319e+00
4.1964003692e+00 1.3373517883e+00
4.1173339827e+00 1.3402607115e+00
4.0343457081e+00 1.3409449715e+00
3.9476490639e+00 1.3393867789e+00
3.8575008419e+00 1.3355190429e+00
3.7639914119e+00 1.3293486959e+00
3.6675246224e+00 1.3209359638e+00
3.5681886876e+00 1.3102105723e+00
3.4662512292e+00 1.2971984497e+00
3.3619727060e+00 1.2819477907e+00
3.2554778332e+00 1.2644690628e+00
3.1471805648e+00 1.2447862729e+00
3.0371127047e+00 1.2229005869e+00
2.9256355968e+00 1.1989259411e+00
2.8129743229e+00 1.1729364799e+00
2.6992631682e+00 1.1448747354e+00
2.5849076541e+00 1.1149052109e+00
2.4699675973e+00 1.0830554271e+00
2.3547865662e+00 1.0494730165e+00
2.2395733522e+00 1.0141814392e+00
2.1245102458e+00 9.7725473627e-01
2.0099505523e+00 9.3892634955e-01
1.8959569949e+00 8.9921895061e-01
1.7828612121e+00 8.5820638481e-01
1.6709739507e+00 8.1612971205e-01
1.5603422447e+00 7.7304645776e-01
1.4512863368e+00 7.2918366490e-01
1.3440690790e+00 6.8457599691e-01
1.2389018999e+00 6.3948627645e-01
1.1359469327e+00 5.9410145475e-01
1.0354845200e+00 5.4848167037e-01
9.3786960716e-01 5.0296146798e-01
8.4312703027e-01 4.5759673570e-01
7.5159454091e-01 4.1279604349e-01
6.6363226610e-01 3.6864487066e-01
5.7945324250e-01 3.2535465090e-01
4.9927127714e-01 2.8334155120e-01
4.2340224555e-01 2.4282149808e-01
3.5221256684e-01 2.0388321038e-01
2.8619440362e-01 1.6713343508e-01
2.2538628784e-01 1.3265887922e-01
1.7042196981e-01 1.0118520602e-01
1.2197426032e-01 7.2962012258e-02
8.0335643320e-02 4.8269619406e-02
4.6472507791e-02 2.7974927305e-02
2.0793925397e-02 1.2533335815e-02
5.1519798112e-03 3.0479714023e-03
-6.5091261999e-05 -3.4758178809e-05
