4.8270810059e+01
4.7332822701e+01
4.8282557479e+01
4.7382638082e+01
4.8294304899e+01
4.7430102421e+01
4.8306052319e+01
4.7477747266e+01
4.8317799739e+01
4.7520981909e+01
4.8326940652e+01
4.7562721934e+01
4.8334371981e+01
4.7604475728e+01
4.8341803310e+01
4.7640023549e+01
4.8349234639e+01
4.8357346047e+01
4.7682011181e+01
4.8362324269e+01
4.7714748517e+01
4.8367302491e+01
4.7748758937e+01
4.8372280713e+01
4.7783862364e+01
4.8376635040e+01
4.7814280311e+01
4.8377378315e+01
4.7847030053e+01
4.8378121590e+01
4.7876729658e+01
4.8379475792e+01
4.7904300578e+01
4.8381220483e+01
4.7934303102e+01
4.8379616401e+01
4.7960762849e+01
4.8377385218e+01
4.7986287201e+01
4.8375154036e+01
4.8013606141e+01
4.8372248436e+01
4.8037538737e+01
4.8367594452e+01
4.8059895134e+01
4.8362400166e+01
4.8083581730e+01
4.8357205880e+01
4.8106598678e+01
4.8350713720e+01
4.8342546105e+01
4.8126447818e+01
4.8334137976e+01
4.8146434668e+01
4.8325729846e+01
4.8168354595e+01
4.8315146272e+01
4.8185455274e+01
4.8303663473e+01
4.8202555954e+01
4.8292267520e+01
4.8220812579e+01
4.8280871566e+01
4.8236975650e+01
4.8265615016e+01
4.8251295333e+01
