-3.3982176165e-07 -4.2199242925e-11
4.6776064838e-02 3.1769466464e-08
9.2631801147e-02 2.5134925273e-08
1.3756781473e-01 -1.6747963188e-08
1.8158586068e-01 -4.1540713665e-08
2.2468509765e-01 -3.0960382647e-08
2.3363970313e-01 1.3877023968e-07
2.6686741150e-01 -1.4190279264e-08
2.7562767972e-01 1.3212296321e-07
3.0813251327e-01 -3.2655340013e-08
3.1669965543e-01 9.4936427520e-08
3.4848172690e-01 -5.8884367194e-08
3.5685579593e-01 3.4955903370e-08
3.8791549606e-01 -4.4638680630e-08
3.9609634603e-01 -4.4553969842e-08
4.2643427015e-01 -1.1804780958e-08
4.3442262152e-01 -1.4960327522e-07
4.6403920545e-01 2.8730679882e-09
4.7183448063e-01 -2.1275767094e-07
5.0073026751e-01 -1.6896167795e-09
5.0833200933e-01 -1.9489507385e-07
5.3650839027e-01 -4.5740122983e-09
5.4391781066e-01 -2.6989767503e-07
5.7137454806e-01 8.0695845542e-09
5.7859160726e-01 -3.7197319673e-07
6.0532864901e-01 3.1481941668e-08
6.1235362769e-01 -4.6347365389e-07
6.3837163458e-01 2.4233227135e-08
6.4520517488e-01 -4.7645355913e-07
6.7050459245e-01 -9.1742593653e-09
6.7714642012e-01 -4.8737533666e-07
7.0172743213e-01 -6.5424589289e-08
7.0817807378e-01 -5.3381822147e-07
7.3204101357e-01 -8.6715827246e-08
7.3830018133e-01 -6.5021781332e-07
7.6144583460e-01 -5.4396688406e-08
7.6751333616e-01 -7.6237759536e-07
7.8994254163e-01 7.6300669016e-09
7.9581886526e-01 -7.9270617121e-07
8.1753212731e-01 4.0822496576e-09
8.2321689142e-01 -7.7195640866e-07
8.4421433119e-01 -4.7239855429e-08
8.4970828339e-01 -7.5066721306e-07
8.6999010305e-01 -7.7555008396e-08
8.7529297654e-01 -7.9975185530e-07
8.9485986134e-01 -7.6146171329e-08
8.9997143272e-01 -8.6959817950e-07
9.1882392468e-01 -4.3171431819e-08
9.2374485050e-01 -8.9737252290e-07
9.4188383757e-01 -7.0737542605e-08
9.4661322532e-01 -8.6279826194e-07
9.6403845110e-01 -1.2863119263e-07
9.6857689902e-01 -8.1607645058e-07
9.8528855662e-01 -1.8215779203e-07
9.8963697426e-01 -8.6859880024e-07
1.0056356707e+00 -2.0813587503e-07
1.0097933297e+00 -9.7952416024e-07
1.0250796347e+00 -2.2596430127e-07
1.0290468528e+00 -1.0291002079e-06
1.0436205518e+00 -2.7680457431e-07
1.0473985994e+00 -9.6699006384e-07
1.0612587187e+00 -3.4490019102e-07
1.0648472100e+00 -8.6699752829e-07
1.0779941915e+00 -4.2672362009e-07
1.0813935656e+00 -8.6167623426e-07
1.0938293858e+00 -4.9046510441e-07
1.0970386498e+00 -9.3489698028e-07
1.1087630323e+00 -4.6160667706e-07
1.1117821748e+00 -9.4607991235e-07
1.1227959800e+00 -3.8533819247e-07
1.1256251266e+00 -9.6600912047e-07
1.1359285778e+00 -3.2816919933e-07
1.1385677088e+00 -1.0052391949e-06
1.1481598902e+00 -3.5911033373e-07
1.1506096287e+00 -9.3770439068e-07
1.1594908845e+00 -4.4262799654e-07
1.1617520586e+00 -9.1854024995e-07
1.1699219529e+00 -5.1161002984e-07
1.1719943847e+00 -9.5850012351e-07
1.1794528347e+00 -5.5781813559e-07
1.1813364467e+00 -9.8045072201e-07
1.1880848576e+00 -5.9373811756e-07
1.1897806081e+00 -9.6771244136e-07
1.1958175853e+00 -6.8086122615e-07
1.1973241419e+00 -9.3002591739e-07
1.2026514166e+00 -8.1066224169e-07
1.2039686310e+00 -9.3581729192e-07
1.2085862583e+00 -8.9189103817e-07
1.2097156762e+00 -1.0263420186e-06
1.2136213895e+00 -8.7492736140e-07
1.2145634127e+00 -1.1518900330e-06
1.2177586786e+00 -8.0301046423e-07
1.2185123096e+00 -1.1375054252e-06
1.2209973889e+00 -8.0021843988e-07
1.2215624671e+00 -1.0291215923e-06
1.2233370231e+00 -8.1966695289e-07
1.2237143991e+00 -9.0242876041e-07
1.2247798728e+00 -8.3706334358e-07
1.2249681181e+00 -8.2913432668e-07
1.2253236381e+00 -8.4183324467e-07
