6.5465998428e-01 -1.4360054558e-01
6.6896594922e-01 -1.5434214678e-01
6.8315584102e-01 -1.6493636945e-01
6.9728908189e-01 -1.7513114763e-01
7.1152478832e-01 -1.8500125705e-01
7.2535651617e-01 -1.9448044077e-01
7.3897621131e-01 -2.0358916236e-01
7.5236372141e-01 -2.1233638936e-01
7.6556745160e-01 -2.2079872511e-01
7.7863766593e-01 -2.2899223631e-01
7.9156397241e-01 -2.3692764472e-01
8.0423047207e-01 -2.4452578027e-01
8.1679594471e-01 -2.5171143887e-01
8.2910471340e-01 -2.5871275575e-01
8.4117827526e-01 -2.6544321415e-01
8.5301514608e-01 -2.7190198131e-01
8.6462471928e-01 -2.7810667530e-01
8.7610006939e-01 -2.8415247276e-01
8.8744578109e-01 -2.9000862333e-01
8.9866019951e-01 -2.9567432083e-01
9.0973104578e-01 -3.0117122800e-01
9.2062386651e-01 -3.0646116300e-01
9.3137857087e-01 -3.1161942545e-01
9.4196835141e-01 -3.1661726483e-01
9.5239132302e-01 -3.2144724402e-01
9.6264692582e-01 -3.2611557732e-01
9.7278844013e-01 -3.3067277804e-01
9.8284113615e-01 -3.3512204459e-01
9.9280313600e-01 -3.3946256046e-01
1.0026874688e+00 -3.4365958544e-01
1.0124309643e+00 -3.4776443537e-01
1.0220738759e+00 -3.5178457000e-01
1.0315997927e+00 -3.5568825590e-01
1.0409982619e+00 -3.5948801182e-01
1.0503081841e+00 -3.6317464900e-01
1.0595671516e+00 -3.6678263893e-01
1.0687398498e+00 -3.7031954775e-01
1.0778118511e+00 -3.7376190334e-01
1.0867812471e+00 -3.7710894359e-01
1.0956584805e+00 -3.8038291710e-01
1.1044853366e+00 -3.8358994564e-01
1.1132609121e+00 -3.8672856571e-01
1.1219831833e+00 -3.8979804547e-01
1.1306529192e+00 -3.9280607053e-01
1.1392534514e+00 -3.9573045749e-01
1.1477840220e+00 -3.9859411870e-01
1.1562384657e+00 -4.0138949102e-01
1.1646147497e+00 -4.0411585977e-01
1.1729247634e+00 -4.0678801787e-01
1.1812003119e+00 -4.0940821970e-01
1.1894404601e+00 -4.1196999438e-01
1.1976431034e+00 -4.1447266791e-01
1.2058050215e+00 -4.1692004472e-01
1.2139186064e+00 -4.1931153846e-01
1.2219805405e+00 -4.2165487973e-01
1.2299881550e+00 -4.2394472700e-01
1.2379393132e+00 -4.2618042345e-01
1.2458355390e+00 -4.2836332456e-01
1.2537054053e+00 -4.3050031083e-01
1.2615534380e+00 -4.3259019262e-01
1.2693774257e+00 -4.3463235181e-01
1.2771751398e+00 -4.3662616408e-01
1.2849370330e+00 -4.3857603229e-01
1.2926606854e+00 -4.4048254440e-01
1.3003451698e+00 -4.4234430152e-01
1.3079882548e+00 -4.4416070595e-01
1.3155874287e+00 -4.4593092908e-01
1.3231584220e+00 -4.4765752649e-01
1.3307189403e+00 -4.4934674868e-01
1.3382666710e+00 -4.5099803052e-01
1.3457978969e+00 -4.5260613408e-01
1.3532973051e+00 -4.5416958103e-01
1.3607810075e+00 -4.5570343146e-01
1.3682333559e+00 -4.5719105930e-01
1.3756522720e+00 -4.5864077374e-01
1.3830353874e+00 -4.6005202418e-01
1.3903924430e+00 -4.6141275899e-01
1.3977471732e+00 -4.6274017035e-01
1.4050974751e+00 -4.6403452986e-01
1.4124305284e+00 -4.6528330948e-01
1.4197328555e+00 -4.6649629608e-01
1.4270333679e+00 -4.6769006864e-01
1.4343119658e+00 -4.6883472749e-01
1.4415670575e+00 -4.6994616601e-01
1.4487961696e+00 -4.7102389624e-01
1.4559989777e+00 -4.7205530040e-01
1.4632013751e+00 -4.7305203987e-01
1.4704031805e+00 -4.7401637501e-01
1.4775940651e+00 -4.7493979497e-01
1.4847631972e+00 -4.7583005531e-01
1.4919379691e+00 -4.7670287747e-01
1.4990888881e+00 -4.7752973218e-01
1.5062183095e+00 -4.7832007108e-01
1.5133233397e+00 -4.7907291812e-01
1.5204185145e+00 -4.7978719071e-01
1.5275209897e+00 -4.8047137962e-01
1.5346270267e+00 -4.8112152176e-01
1.5417110040e+00 -4.8172861678e-01
1.5487732880e+00 -4.8231256762e-01
1.5558401981e+00 -4.8288112269e-01
1.5629055798e+00 -4.8340757799e-01
1.5699510363e+00 -4.8389377233e-01
1.5769845136e+00 -4.8435043343e-01
1.5839985086e+00 -4.8476505251e-01
1.5910157581e+00 -4.8514277394e-01
1.5980414647e+00 -4.8549025556e-01
1.6050538577e+00 -4.8579881913e-01
1.6120392611e+00 -4.8606763420e-01
1.6190363957e+00 -4.8633481761e-01
1.6260396736e+00 -4.8656461661e-01
1.6330212971e+00 -4.8674776678e-01
1.6399901290e+00 -4.8690072226e-01
1.6469473544e+00 -4.8702466540e-01
1.6538939230e+00 -4.8710998825e-01
1.6608495927e+00 -4.8716363757e-01
1.6678115169e+00 -4.8718541653e-01
1.6747582325e+00 -4.8715857466e-01
1.6817073491e+00 -4.8711942372e-01
1.6886531531e+00 -4.8703743424e-01
1.6955874030e+00 -4.8692140977e-01
1.7025095692e+00 -4.8677672046e-01
1.7094167551e+00 -4.8660320748e-01
1.7163081598e+00 -4.8639541923e-01
1.7232040718e+00 -4.8614922161e-01
1.7301059051e+00 -4.8586635451e-01
1.7370107098e+00 -4.8554673085e-01
1.7439062727e+00 -4.8518447517e-01
1.7507998031e+00 -4.8480785610e-01
1.7576817280e+00 -4.8439278196e-01
1.7645536737e+00 -4.8394525962e-01
1.7714126775e+00 -4.8346524662e-01
1.7782557283e+00 -4.8295268834e-01
1.7850876240e+00 -4.8240399759e-01
1.7919282970e+00 -4.8182017409e-01
1.7987747064e+00 -4.8120124013e-01
1.8056237875e+00 -4.8054721344e-01
1.8124531198e+00 -4.7985805742e-01
1.8192857168e+00 -4.7915070731e-01
1.8261080573e+00 -4.7840118434e-01
1.8329157496e+00 -4.7761304151e-01
1.8397056887e+00 -4.7678634486e-01
1.8464912742e+00 -4.7592081108e-01
1.8532882452e+00 -4.7502668541e-01
1.8600569434e+00 -4.7410092059e-01
1.8668228689e+00 -4.7313930208e-01
1.8735828866e+00 -4.7214198322e-01
1.8803338358e+00 -4.7110911275e-01
1.8870875037e+00 -4.7003512341e-01
1.8938309862e+00 -4.6892683097e-01
1.9005575122e+00 -4.6778493446e-01
1.9072639500e+00 -4.6660963682e-01
1.9139511297e+00 -4.6540379471e-01
1.9206362158e+00 -4.6416335508e-01
1.9273180235e+00 -4.6288236405e-01
1.9339938935e+00 -4.6156161248e-01
1.9406698536e+00 -4.6021821671e-01
1.9473075066e+00 -4.5881324830e-01
1.9539538558e+00 -4.5738394874e-01
1.9605812621e+00 -4.5592016788e-01
1.9671848033e+00 -4.5442027920e-01
1.9737609174e+00 -4.5288962269e-01
1.9803267683e+00 -4.5132766914e-01
1.9868892507e+00 -4.4972430273e-01
1.9934451347e+00 -4.4807995377e-01
1.9999911619e+00 -4.4639504835e-01
2.0065300489e+00 -4.4467997122e-01
2.0130350444e+00 -4.4291308025e-01
2.0195224742e+00 -4.4111580042e-01
2.0259987670e+00 -4.3928371048e-01
2.0324524747e+00 -4.3741712700e-01
2.0388803791e+00 -4.3551653981e-01
2.0453101762e+00 -4.3357930329e-01
2.0517142871e+00 -4.3159152754e-01
2.0580954434e+00 -4.2957051283e-01
2.0644521814e+00 -4.2751956689e-01
2.0707690916e+00 -4.2542619349e-01
2.0770740247e+00 -4.2329036211e-01
2.0833708930e+00 -4.2111574162e-01
2.0896541716e+00 -4.1890227055e-01
2.0958827726e+00 -4.1664313405e-01
2.1021250122e+00 -4.1435812713e-01
2.1083207134e+00 -4.1202304942e-01
2.1144901420e+00 -4.0965726724e-01
2.1206299708e+00 -4.0726151659e-01
2.1267338050e+00 -4.0483388465e-01
2.1328113965e+00 -4.0236094483e-01
2.1388702817e+00 -3.9984198608e-01
2.1449071403e+00 -3.9727784504e-01
2.1509186171e+00 -3.9466935445e-01
2.1568979483e+00 -3.9202460490e-01
2.1628459194e+00 -3.8934641439e-01
2.1687584512e+00 -3.8663280832e-01
2.1746322907e+00 -3.8388467889e-01
2.1804669791e+00 -3.8110338886e-01
2.1862813071e+00 -3.7828229846e-01
2.1920623652e+00 -3.7541241903e-01
2.1978071253e+00 -3.7249477727e-01
2.2035364254e+00 -3.6954725559e-01
2.2092039861e+00 -3.6656503223e-01
2.2148210836e+00 -3.6353076718e-01
2.2204227324e+00 -3.6045573293e-01
2.2259800355e+00 -3.5734378019e-01
2.2314832704e+00 -3.5419502900e-01
2.2369723962e+00 -3.5102472536e-01
2.2424146048e+00 -3.4780320626e-01
2.2477986861e+00 -3.4453484916e-01
2.2531455088e+00 -3.4123635515e-01
2.2584525301e+00 -3.3790919168e-01
2.2637028113e+00 -3.3454331690e-01
2.2689112386e+00 -3.3113098860e-01
2.2740801001e+00 -3.2767475913e-01
2.2792061893e+00 -3.2417591718e-01
2.2842829260e+00 -3.2063495707e-01
2.2893155297e+00 -3.1705111277e-01
2.2942923987e+00 -3.1343153418e-01
2.2992128046e+00 -3.0978086609e-01
2.3040736478e+00 -3.0610046924e-01
2.3088762927e+00 -3.0239200107e-01
2.3136435920e+00 -2.9864459334e-01
2.3183542981e+00 -2.9484838657e-01
2.3230053986e+00 -2.9100481663e-01
2.3276201702e+00 -2.8712417269e-01
2.3321787545e+00 -2.8321833098e-01
2.3366502124e+00 -2.7926836592e-01
2.3410787885e+00 -2.7527506879e-01
2.3454473401e+00 -2.7124390906e-01
2.3497392663e+00 -2.6718052599e-01
2.3539836708e+00 -2.6308628269e-01
2.3581937617e+00 -2.5894670371e-01
2.3623035648e+00 -2.5476761890e-01
2.3663546481e+00 -2.5056206105e-01
2.3703441878e+00 -2.4633173217e-01
2.3742671269e+00 -2.4207061259e-01
2.3781229753e+00 -2.3776605361e-01
2.3819093524e+00 -2.3341947978e-01
2.3856234349e+00 -2.2903262904e-01
2.3892954561e+00 -2.2461410513e-01
2.3928604942e+00 -2.2014845538e-01
2.3963839141e+00 -2.1565495898e-01
2.3998257683e+00 -2.1113648773e-01
2.4031834475e+00 -2.0659484830e-01
2.4064697911e+00 -2.0203184723e-01
2.4097107873e+00 -1.9743028510e-01
2.4128578287e+00 -1.9278071722e-01
2.4159121743e+00 -1.8808692964e-01
2.4189066280e+00 -1.8337075661e-01
2.4218461269e+00 -1.7863865982e-01
2.4246819343e+00 -1.7388595345e-01
2.4274341400e+00 -1.6909139795e-01
2.4301056884e+00 -1.6425611952e-01
2.4326941348e+00 -1.5938220526e-01
2.4352088625e+00 -1.5446995636e-01
2.4376240983e+00 -1.4954235337e-01
2.4399670821e+00 -1.4458752079e-01
2.4422260315e+00 -1.3961090973e-01
2.4443987321e+00 -1.3461462417e-01
2.4464974731e+00 -1.2959393663e-01
2.4485138562e+00 -1.2452991895e-01
2.4504179009e+00 -1.1942966012e-01
2.4522425555e+00 -1.1431305716e-01
2.4539951035e+00 -1.0918648678e-01
2.4556494425e+00 -1.0404908884e-01
2.4572046547e+00 -9.8877269586e-02
2.4586657444e+00 -9.3670125085e-02
2.4600307570e+00 -8.8429994937e-02
2.4613116232e+00 -8.3152225612e-02
2.4624999227e+00 -7.7878382340e-02
2.4635985344e+00 -7.2576190154e-02
2.4645989061e+00 -6.7257915843e-02
2.4654988912e+00 -6.1926374210e-02
2.4662967172e+00 -5.6583920459e-02
2.4670129322e+00 -5.1204140260e-02
2.4676095321e+00 -4.5790927726e-02
2.4681038016e+00 -4.0365230612e-02
2.4685188641e+00 -3.4936987336e-02
2.4688532481e+00 -2.9508807059e-02
2.4690837351e+00 -2.4070691842e-02
2.4692001969e+00 -1.8604167527e-02
2.4692027137e+00 -1.3111459686e-02
2.4690904511e+00 -7.5943814059e-03
2.4689190719e+00 -2.0301215375e-03
2.4686176591e+00 3.4921435318e-03
2.4682154066e+00 9.0336288942e-03
2.4677111639e+00 1.4591464798e-02
2.4670975098e+00 2.0153535089e-02
2.4663935755e+00 2.5733294774e-02
2.4655651035e+00 3.1336437898e-02
2.4646296451e+00 3.6935321918e-02
2.4635983160e+00 4.2531810611e-02
2.4624703176e+00 4.8123170442e-02
2.4612586603e+00 5.3727655987e-02
2.4599175282e+00 5.9351608811e-02
2.4584384799e+00 6.4988066752e-02
2.4568682879e+00 7.0628049152e-02
2.4552242526e+00 7.6266419434e-02
2.4534575721e+00 8.1883858738e-02
2.4515704803e+00 8.7511924002e-02
2.4495626206e+00 9.3147798668e-02
2.4474340661e+00 9.8789270807e-02
2.4452344226e+00 1.0445667579e-01
2.4428973175e+00 1.1008386091e-01
2.4404546796e+00 1.1571845486e-01
2.4379074729e+00 1.2135225083e-01
2.4352496526e+00 1.2697307560e-01
2.4324919673e+00 1.3259597889e-01
2.4296137947e+00 1.3824734061e-01
2.4266039863e+00 1.4386874748e-01
2.4234969267e+00 1.4947308257e-01
2.4202929153e+00 1.5505737552e-01
2.4170005188e+00 1.6062551849e-01
2.4135943050e+00 1.6619705011e-01
2.4100437359e+00 1.7176451690e-01
2.4063515506e+00 1.7732612311e-01
2.4025747856e+00 1.8288033868e-01
2.3987315555e+00 1.8841377509e-01
2.3947621621e+00 1.9390664365e-01
2.3906668463e+00 1.9939474412e-01
2.3864565401e+00 2.0488216964e-01
2.3821320915e+00 2.1036589608e-01
2.3776646505e+00 2.1582897276e-01
2.3731272303e+00 2.2126945021e-01
2.3684789172e+00 2.2668065601e-01
2.3637198212e+00 2.3207154853e-01
2.3588511251e+00 2.3743924268e-01
2.3538739560e+00 2.4278083022e-01
2.3487795311e+00 2.4812613173e-01
2.3435671968e+00 2.5343270598e-01
2.3382531036e+00 2.5871478872e-01
2.3328388810e+00 2.6396947695e-01
2.3273261046e+00 2.6919384243e-01
2.3217162948e+00 2.7438493150e-01
2.3159653983e+00 2.7959712002e-01
2.3100992716e+00 2.8474312749e-01
2.3041401749e+00 2.8985716083e-01
2.2980900158e+00 2.9493662957e-01
2.2919510726e+00 2.9997946645e-01
2.2857028225e+00 3.0501709264e-01
2.2793071448e+00 3.1001793483e-01
2.2728022228e+00 3.1496834477e-01
2.2662270759e+00 3.1989062700e-01
2.2595801773e+00 3.2478122159e-01
2.2528126351e+00 3.2963069091e-01
2.2459117667e+00 3.3443807868e-01
2.2388833422e+00 3.3920757239e-01
2.2317813680e+00 3.4395330124e-01
2.2246165738e+00 3.4867054637e-01
2.2173373338e+00 3.5333482897e-01
2.2099362289e+00 3.5793491708e-01
2.2024633455e+00 3.6248705995e-01
2.1948839493e+00 3.6701137692e-01
2.1871963143e+00 3.7150503846e-01
2.1794034146e+00 3.7596519211e-01
2.1715218977e+00 3.8037981338e-01
2.1635478007e+00 3.8473463547e-01
2.1554791555e+00 3.8903968699e-01
2.1473196065e+00 3.9329209815e-01
2.1390727521e+00 3.9748896317e-01
2.1307253929e+00 4.0164864847e-01
2.1223007182e+00 4.0575933943e-01
2.1137778826e+00 4.0982243395e-01
2.1051635868e+00 4.1383258860e-01
2.0964636161e+00 4.1778578844e-01
2.0876603929e+00 4.2169407362e-01
2.0787758227e+00 4.2553831880e-01
2.0698102968e+00 4.2933087717e-01
2.0607679136e+00 4.3306919912e-01
2.0516527317e+00 4.3675069918e-01
2.0424316069e+00 4.4039316884e-01
2.0331228047e+00 4.4396299591e-01
2.0237459865e+00 4.4747183763e-01
2.0142961333e+00 4.5092380765e-01
2.0047777359e+00 4.5431639905e-01
1.9951625399e+00 4.5766876690e-01
1.9854375171e+00 4.6095167441e-01
1.9756734716e+00 4.6415516727e-01
1.9658398232e+00 4.6730611584e-01
1.9559415026e+00 4.7040215531e-01
1.9459584667e+00 4.7344680940e-01
1.9358508776e+00 4.7641873238e-01
1.9257079463e+00 4.7929439677e-01
1.9155091616e+00 4.8212346928e-01
1.9052598714e+00 4.8490373850e-01
1.8949427073e+00 4.8763223086e-01
1.8844969083e+00 4.9028277181e-01
1.8739969231e+00 4.9283814257e-01
1.8634565923e+00 4.9533593536e-01
1.8528752016e+00 4.9777896560e-01
1.8422364692e+00 5.0016673224e-01
1.8314778421e+00 5.0247680861e-01
1.8206662873e+00 5.0469070372e-01
1.8098197478e+00 5.0684174386e-01
1.7989270155e+00 5.0893706335e-01
1.7879941241e+00 5.1097476120e-01
1.7769442921e+00 5.1293959722e-01
1.7658256217e+00 5.1480401389e-01
1.7546870032e+00 5.1659419825e-01
1.7435135725e+00 5.1832755955e-01
1.7323106610e+00 5.2000249718e-01
1.7209988940e+00 5.2160248923e-01
1.7096215154e+00 5.2309823285e-01
1.6982270697e+00 5.2451310931e-01
1.6868003583e+00 5.2587218714e-01
1.6753481673e+00 5.2717398656e-01
1.6638294749e+00 5.2840748476e-01
1.6522121673e+00 5.2953655791e-01
1.6405989436e+00 5.3057705235e-01
1.6289430168e+00 5.3155591035e-01
1.6172320511e+00 5.3247168032e-01
1.6054533225e+00 5.3331800469e-01
1.5936531014e+00 5.3404813948e-01
1.5818242000e+00 5.3470242302e-01
1.5699717222e+00 5.3528068964e-01
1.5580865643e+00 5.3581073520e-01
1.5461225745e+00 5.3625605868e-01
1.5341047877e+00 5.3660019009e-01
1.5220849086e+00 5.3686657411e-01
1.5100654794e+00 5.3705893287e-01
1.4980142277e+00 5.3714962858e-01
1.4859065084e+00 5.3716599806e-01
1.4737500585e+00 5.3710808659e-01
1.4615185989e+00 5.3693766542e-01
1.4493196835e+00 5.3669914434e-01
1.4370856060e+00 5.3638778411e-01
1.4248010741e+00 5.3599307846e-01
1.4125071796e+00 5.3551919120e-01
1.4001560236e+00 5.3494785331e-01
1.3878104925e+00 5.3430207358e-01
1.3754340879e+00 5.3356324406e-01
1.3630314872e+00 5.3273036896e-01
1.3506109742e+00 5.3180330359e-01
1.3381134623e+00 5.3077731747e-01
1.3256260812e+00 5.2969452057e-01
1.3131297339e+00 5.2851848232e-01
1.3006052740e+00 5.2723791328e-01
1.2880601605e+00 5.2585267496e-01
1.2754590933e+00 5.2437205911e-01
1.2628469442e+00 5.2282891037e-01
1.2502337418e+00 5.2119771697e-01
1.2375908546e+00 5.1945214172e-01
1.2249223025e+00 5.1759222075e-01
1.2122182019e+00 5.1564315751e-01
1.1994998591e+00 5.1362413671e-01
1.1867653304e+00 5.1151426616e-01
1.1740023475e+00 5.0927855926e-01
1.1612216048e+00 5.0692525888e-01
1.1484183878e+00 5.0448720822e-01
1.1355950649e+00 5.0196844866e-01
1.1227295169e+00 4.9934909195e-01
1.1098220919e+00 4.9658780811e-01
1.0969392272e+00 4.9372399012e-01
1.0840284043e+00 4.9076653403e-01
1.0710876514e+00 4.8771300370e-01
1.0581261692e+00 4.8456501338e-01
1.0450446569e+00 4.8124716885e-01
1.0320315939e+00 4.7783207968e-01
1.0189892052e+00 4.7431099359e-01
1.0059056532e+00 4.7067694982e-01
9.9279009956e-01 4.6693197719e-01
9.7965174304e-01 4.6307808167e-01
9.6640099510e-01 4.5904180886e-01
9.5313999433e-01 4.5491546384e-01
9.3985560259e-01 4.5063742690e-01
9.2655637664e-01 4.4624232285e-01
9.1325223645e-01 4.4173284992e-01
8.9990846217e-01 4.3709789962e-01
8.8647761839e-01 4.3228592784e-01
8.7300982545e-01 4.2730089585e-01
8.5950204553e-01 4.2218309749e-01
8.4595272737e-01 4.1694350071e-01
8.3231937040e-01 4.1155160359e-01
8.1859930381e-01 4.0593695943e-01
8.0491277353e-01 4.0017675430e-01
7.9115378983e-01 3.9426440465e-01
7.7731102502e-01 3.8819344545e-01
7.6339426023e-01 3.8196788748e-01
7.4932785141e-01 3.7549845992e-01
7.3526062894e-01 3.6883312726e-01
7.2114066498e-01 3.6196944919e-01
7.0697807206e-01 3.5491168731e-01
6.9270507840e-01 3.4771427140e-01
6.7828250846e-01 3.4024420002e-01
6.6373022857e-01 3.3250100900e-01
6.4914343007e-01 3.2457171158e-01
6.3434241478e-01 3.1628874059e-01
6.1951271158e-01 3.0783421440e-01
6.0462575114e-01 2.9910929349e-01
5.8969193829e-01 2.9011919756e-01
5.7461708816e-01 2.8080823193e-01
5.5934091204e-01 2.7119056062e-01
5.4386496077e-01 2.6123940290e-01
5.2826268441e-01 2.5088258934e-01
5.1264217226e-01 2.4035132306e-01
4.9686050778e-01 2.2946750785e-01
4.8089682395e-01 2.1817307066e-01
4.6475992402e-01 2.0647343176e-01
4.4844666881e-01 1.9438425216e-01
4.3197603435e-01 1.8203266738e-01
4.1540921333e-01 1.6937603062e-01
3.9876795989e-01 1.5643135716e-01
3.8206257001e-01 1.4320487161e-01
