-4.8448347990e-06 5.3602036995e-08
-2.3854055629e-06 1.6371613611e-08
1.5134152673e-01 -6.5191427957e-05
1.5579409323e-01 -6.1977255765e-05
2.9952999908e-01 -2.6532429738e-04
3.0843630794e-01 -2.4895738929e-04
4.4455255982e-01 -5.8927213417e-04
4.5792425874e-01 -5.6092402897e-04
5.8643708728e-01 -1.0470581266e-03
6.0424325825e-01 -9.9472642532e-04
7.2520184432e-01 -1.6387660192e-03
7.4737073244e-01 -1.5397412794e-03
8.6085923231e-01 -2.3526641307e-03
8.8730568658e-01 -2.1956664168e-03
9.9340636314e-01 -3.1825124318e-03
1.0240368728e+00 -2.9725201388e-03
1.1228774887e+00 -4.1307516175e-03
1.1575623789e+00 -3.8521177508e-03
1.2492802602e+00 -5.1936439711e-03
1.2878645839e+00 -4.8296002717e-03
1.3726178322e+00 -6.3639768490e-03
1.4149460386e+00 -5.9049033612e-03
1.4929014941e+00 -7.6377564379e-03
1.5387993430e+00 -7.0729267987e-03
1.6101547168e+00 -8.9994462773e-03
1.6594112845e+00 -8.3231556535e-03
1.7243740629e+00 -1.0453771445e-02
1.7767769629e+00 -9.6552489909e-03
1.8355612140e+00 -1.1991512979e-02
1.8908939450e+00 -1.1068380258e-02
1.9437455435e+00 -1.3603028450e-02
2.0017519238e+00 -1.2543625813e-02
2.0489199909e+00 -1.5278199678e-02
2.1093677695e+00 -1.4077244021e-02
2.1510835078e+00 -1.7014834594e-02
2.2137182552e+00 -1.5671504263e-02
2.2502446060e+00 -1.8801781638e-02
2.3147978139e+00 -1.7321856062e-02
2.3464301131e+00 -2.0627803482e-02
2.4126138088e+00 -1.9008539584e-02
2.4396207974e+00 -2.2486412136e-02
2.5071695909e+00 -2.0728067350e-02
2.5298149122e+00 -2.4376563840e-02
2.5984481269e+00 -2.2478359204e-02
2.6170332701e+00 -2.6280867870e-02
2.6864521501e+00 -2.4258875999e-02
2.7012711899e+00 -2.8189747830e-02
2.7711941919e+00 -2.6049576364e-02
2.7825182063e+00 -3.0098480831e-02
2.8526743070e+00 -2.7850332799e-02
2.8607796172e+00 -3.2005370143e-02
2.9308855196e+00 -2.9658110191e-02
2.9360597120e+00 -3.3889835073e-02
3.0058275162e+00 -3.1458161291e-02
3.0083557926e+00 -3.5749705063e-02
3.0775027613e+00 -3.3246074038e-02
3.0776676637e+00 -3.7586184621e-02
3.1439870515e+00 -3.9378379834e-02
3.1459115149e+00 -3.5022351246e-02
3.2073133744e+00 -4.1123134495e-02
3.2110581549e+00 -3.6773682046e-02
3.2676450143e+00 -4.2820155883e-02
3.2729613165e+00 -3.8495453271e-02
3.3249666297e+00 -4.4464167248e-02
3.3316031244e+00 -4.0180792096e-02
3.3792814853e+00 -4.6032700742e-02
3.3869838054e+00 -4.1828139310e-02
3.4305902114e+00 -4.7529072194e-02
3.4391246487e+00 -4.3426109899e-02
3.4788823022e+00 -4.8957859417e-02
3.4880304986e+00 -4.4971777892e-02
3.5241453185e+00 -5.0304866702e-02
3.5336846754e+00 -4.6455456400e-02
3.5663785284e+00 -5.1557572694e-02
3.5761070063e+00 -4.7879140575e-02
3.6055748344e+00 -5.2717418487e-02
3.6153130889e+00 -4.9233411081e-02
3.6417285335e+00 -5.3791397666e-02
3.6512986918e+00 -5.0514958165e-02
3.6748291760e+00 -5.4763881823e-02
3.6840559943e+00 -5.1714205017e-02
3.7048649843e+00 -5.5632328225e-02
3.7136176936e+00 -5.2836150940e-02
3.7318359584e+00 -5.6396736871e-02
3.7399755221e+00 -5.3866356693e-02
3.7557440851e+00 -5.7056159530e-02
3.7631281539e+00 -5.4808074027e-02
3.7765600529e+00 -5.7607899155e-02
3.7830876176e+00 -5.5655525833e-02
3.7942851767e+00 -5.8050453917e-02
3.7998805760e+00 -5.6408425990e-02
3.8089193312e+00 -5.8386063497e-02
3.8134925783e+00 -5.7057641808e-02
3.8204455389e+00 -5.8607122574e-02
3.8239232365e+00 -5.7602697289e-02
3.8288531514e+00 -5.8711508204e-02
3.8311907617e+00 -5.8040197912e-02
3.8341468178e+00 -5.8708893249e-02
3.8353195395e+00 -5.8376507974e-02
3.8363089327e+00 -5.8600057579e-02
