4.5080385729e-04 2.2841805042e-07
3.4637841508e-05 5.4489319358e-08
7.3103907957e-04 1.2068341631e-06
5.9418714534e-04 -1.7477202709e-06
7.4720960324e-04 2.2275815828e-06
8.0223975937e-04 -3.0475372991e-06
5.3655386882e-04 2.4529514813e-06
6.9959703043e-04 -3.2845875333e-06
8.2106167315e-05 5.6465427042e-07
4.2145350027e-04 -2.5662635268e-06
4.3721395063e-04 2.9789250749e-06
4.6056230390e-05 -3.6945389974e-08
7.1756222957e-04 5.9184578299e-06
5.1097044039e-04 -3.4120129981e-06
7.5576355494e-04 7.4928473095e-06
7.3563884625e-04 -6.7428337578e-06
5.5670316321e-04 6.5904896194e-06
7.2182216363e-04 -8.2192632957e-06
1.0688391750e-04 1.5348942748e-06
4.7263139523e-04 -6.0942484781e-06
4.1950605899e-04 5.7600961294e-06
1.2654891580e-05 3.8018228152e-08
7.1311275726e-04 1.0727507508e-05
4.9091981309e-04 -7.0729688922e-06
7.6501810164e-04 1.2448028397e-05
7.2583757397e-04 -1.1820237904e-05
5.7265137926e-04 1.0066464348e-05
7.2133030869e-04 -1.3099003974e-05
1.3060696283e-04 2.5029418648e-06
4.8359340196e-04 -9.6072174673e-06
4.0622043553e-04 8.4198834825e-06
1.1353326236e-05 -1.6789514544e-07
7.1039049678e-04 1.5584918944e-05
4.7345999257e-04 -1.0173805928e-05
7.6916859219e-04 1.7681499577e-05
7.1664477081e-04 -1.6502916134e-05
5.8539635802e-04 1.4270786420e-05
7.2029642409e-04 -1.7573340708e-05
1.5319788948e-04 4.0346185987e-06
4.9310333904e-04 -1.2700965477e-05
3.9210144292e-04 1.0762281800e-05
3.4733156320e-05 -8.7806271953e-07
7.0650633018e-04 2.0231619336e-05
4.5854501081e-04 -1.2928372993e-05
7.7283452393e-04 2.3094633395e-05
7.0831418401e-04 -2.0959789371e-05
6.0081967488e-04 1.8952870969e-05
7.1788454118e-04 -2.2191658926e-05
1.7569659226e-04 5.9631535054e-06
5.0190120171e-04 -1.6255173878e-05
3.7338133328e-04 1.2795632293e-05
5.8412994713e-05 -1.9183346641e-06
6.9998783593e-04 2.4779236293e-05
4.3996887432e-04 -1.5027580838e-05
7.7702479505e-04 2.8583614788e-05
6.9714240173e-04 -2.4936757656e-05
6.1155087649e-04 2.3623580240e-05
7.1815098117e-04 -2.6845204696e-05
1.9820671836e-04 8.1283975978e-06
5.1490121933e-04 -2.0055984847e-05
3.5693062948e-04 1.4598101868e-05
8.0617096332e-05 -3.2371705395e-06
6.9330841399e-04 2.9187899340e-05
4.1789808954e-04 -1.7132880997e-05
7.8006325744e-04 3.4038173392e-05
6.8367487879e-04 -2.8948428396e-05
6.2611482981e-04 2.8472242954e-05
7.1490679475e-04 -3.1129569620e-05
2.2171122929e-04 1.0556902422e-05
5.2011873820e-04 -2.3332300579e-05
3.3772110531e-04 1.6220853163e-05
1.0007776837e-04 -4.5991284803e-06
6.8483933809e-04 3.3663991602e-05
3.9589043534e-04 -1.8645321232e-05
6.6967043300e-04 -3.2521023390e-05
7.8453976146e-04 3.9572657836e-05
7.1354845454e-04 -3.5748237090e-05
6.3934233087e-04 3.3232555384e-05
5.3085382715e-04 -2.7504552390e-05
2.4132153325e-04 1.3020765315e-05
1.2089060084e-04 -6.4592179370e-06
3.1872042348e-04 1.7598180171e-05
3.8071281278e-04 -2.0290141178e-05
6.7839575551e-04 3.8129333797e-05
6.6081798720e-04 -3.6169114390e-05
7.8486586473e-04 4.5067861558e-05
7.0830349364e-04 -3.9759510260e-05
6.5018607934e-04 3.8453173593e-05
5.3684243192e-04 -3.0841052056e-05
2.6347019903e-04 1.6153614230e-05
1.4188615265e-04 -8.3820112881e-06
3.0047870208e-04 1.8680346554e-05
3.6120994558e-04 -2.1919357488e-05
6.6944699298e-04 4.2223352666e-05
6.4712966707e-04 -3.9755625088e-05
7.8415782439e-04 5.0546447836e-05
7.0286348965e-04 -4.3518992312e-05
6.6005904233e-04 4.3865668865e-05
5.4039318598e-04 -3.4054359596e-05
2.8414641565e-04 1.9548686129e-05
1.5816555143e-04 -9.9161732466e-06
2.8004274147e-04 1.9360350201e-05
3.3488450614e-04 -1.9626939814e-05
6.5899574740e-04 4.6116472264e-05
6.2878057148e-04 -3.9606466356e-05
7.8493097547e-04 5.6366143040e-05
7.0168303469e-04 -4.7869191490e-05
6.7231795444e-04 4.9577965967e-05
5.4995771146e-04 -3.8645640896e-05
3.0549533602e-04 2.3244716832e-05
1.7826796961e-04 -1.2786720304e-05
2.5698453767e-04 1.9674587333e-05
3.1974969213e-04 -2.3078836822e-05
6.4611095907e-04 4.9891478121e-05
6.1908223963e-04 -4.5508114441e-05
7.8790467014e-04 6.2068993757e-05
6.9347164030e-04 -5.1780973170e-05
6.8261593284e-04 5.4618760567e-05
5.5153436640e-04 -4.1934619027e-05
3.2410284166e-04 2.6544977377e-05
1.9417892406e-04 -1.5045102283e-05
2.3799967184e-04 1.9953468359e-05
2.9767655234e-04 -2.3357430141e-05
6.0252529056e-04 -4.7979381446e-05
6.3951454568e-04 5.3995359017e-05
6.8783176216e-04 -5.5608010942e-05
7.8442367899e-04 6.7438399655e-05
5.5748544242e-04 -4.5986892053e-05
6.8754680175e-04 6.0206254316e-05
2.1068412226e-04 -1.7746764112e-05
3.4273998376e-04 3.0775990432e-05
2.8042029948e-04 -2.3690114077e-05
2.1687655649e-04 1.9782394030e-05
5.9266621557e-04 -5.0715754073e-05
6.2484364296e-04 5.7130810019e-05
6.8067325000e-04 -5.9115623266e-05
7.8264620365e-04 7.2889933485e-05
5.5688918291e-04 -4.9179037317e-05
6.9702753501e-04 6.6290050457e-05
2.2421231854e-04 -2.0153720057e-05
3.6126542165e-04 3.5263330931e-05
2.5687099476e-04 -2.3233949266e-05
1.9430305067e-04 1.9221569402e-05
5.7309249502e-04 -5.2487498305e-05
6.1383323915e-04 6.0539738630e-05
6.7411753000e-04 -6.2675546066e-05
7.7961835260e-04 7.8250778392e-05
5.6317003437e-04 -5.3459988818e-05
7.0277423399e-04 7.1860909574e-05
2.4157250566e-04 -2.3381055571e-05
3.7853687647e-04 3.9548983491e-05
2.3982836670e-04 -2.3106644633e-05
1.7135407651e-04 1.8250664902e-05
5.6183211353e-04 -5.4741466312e-05
5.9792387545e-04 6.3470070302e-05
6.6532323900e-04 -6.5947078253e-05
5.6347333496e-04 -5.6474167599e-05
7.7443473562e-04 8.3189225655e-05
2.5483362241e-04 -2.5903041169e-05
7.0964800299e-04 7.6949861604e-05
2.1878499009e-04 -2.2554678314e-05
3.9529359203e-04 4.3468850358e-05
5.4499316910e-04 -5.6606689076e-05
1.4571337976e-04 1.6484487513e-05
6.5723070015e-04 -6.8975546050e-05
5.8258263708e-04 6.5965680092e-05
5.5919995936e-04 -5.9502811885e-05
7.7032108890e-04 8.8239429115e-05
2.6311914397e-04 -2.8452710742e-05
7.1361968665e-04 8.2830775516e-05
1.9675125145e-04 -2.1039128643e-05
4.1012766981e-04 4.8483330028e-05
5.2824636033e-04 -5.7204092334e-05
1.2313515766e-04 1.5004277233e-05
6.5046295661e-04 -7.1917407015e-05
5.6938247832e-04 6.8550246240e-05
5.6594132932e-04 -6.3480918485e-05
7.6573719399e-04 9.3481404610e-05
2.8087481089e-04 -3.1957919101e-05
7.1805063904e-04 8.9720063769e-05
1.7855322607e-04 -2.0438849686e-05
4.2620384886e-04 5.4631724939e-05
5.1211943974e-04 -5.9066242497e-05
6.3914808297e-04 -7.4668340382e-05
1.0058147133e-04 1.3199984835e-05
5.6546030970e-04 -6.7040548465e-05
5.5202855227e-04 7.0463852748e-05
2.9238053221e-04 -3.5238090116e-05
7.5796572323e-04 9.8224073183e-05
1.5902645033e-04 -1.9256812236e-05
7.2328073851e-04 9.6122501291e-05
4.9831112171e-04 -6.0435149355e-05
4.4296836570e-04 6.0424457771e-05
6.2996624830e-04 -7.7248313296e-05
7.6376987851e-05 1.0798960315e-05
5.6282386412e-04 -6.9735490242e-05
5.3569944033e-04 7.2333405698e-05
3.0127299245e-04 -3.7801407442e-05
7.5029274384e-04 1.0277659197e-04
1.3961502920e-04 -1.7702249404e-05
7.2568481957e-04 1.0183809585e-04
4.8447595830e-04 -6.1549469844e-05
4.5703150615e-04 6.5807995645e-05
6.2041603512e-04 -7.9639561815e-05
5.2357376370e-05 8.1673101496e-06
5.5960284926e-04 -7.2646440422e-05
5.1911604059e-04 7.4090287256e-05
3.1033671526e-04 -4.0803673967e-05
1.1996520530e-04 -1.5870697262e-05
7.4216882565e-04 1.0738825695e-04
4.6589391736e-04 -6.1758368629e-05
7.2602975537e-04 1.0801137876e-04
6.0981514616e-04 -8.1712118715e-05
4.6866463651e-04 7.1831749804e-05
5.6050429757e-04 -7.5859637335e-05
2.8760436149e-05 5.3358807162e-06
3.2111644544e-04 -4.3952359739e-05
5.0257018907e-04 7.6149234311e-05
9.7620132196e-05 -1.3578953789e-05
7.3304823991e-04 1.1176113313e-04
4.4715433899e-04 -6.2001301811e-05
7.2547805759e-04 1.1143069326e-04
5.9876562263e-04 -8.3680379153e-05
4.7923214888e-04 7.4381731495e-05
5.5324556594e-04 -7.8286923543e-05
4.4268058833e-06 1.2406240829e-06
3.2472074728e-04 -4.6667873127e-05
4.8613457758e-04 7.6966801201e-05
7.8326246750e-05 -1.1353287422e-05
4.2778926205e-04 -6.1266563880e-05
7.2392939836e-04 1.1551601742e-04
5.8641912133e-04 -8.5079033411e-05
7.2420555782e-04 1.1674356486e-04
5.5890879754e-04 -8.2096928352e-05
4.8941132120e-04 7.9991814170e-05
3.4246406241e-04 -5.0854032445e-05
1.6398893713e-05 3.3570138564e-06
6.1074243650e-05 -9.2828618825e-06
4.6751034447e-04 7.7528087225e-05
4.1535659371e-04 -6.2239321922e-05
7.1331249538e-04 1.1917781763e-04
5.7574957969e-04 -8.6928097936e-05
7.2343815278e-04 1.2223019270e-04
5.4917961319e-04 -8.3863120433e-05
4.9990989238e-04 8.5678278103e-05
3.4337134422e-04 -5.3179830609e-05
3.8862754458e-05 7.3553236109e-06
4.1080016811e-05 -6.6518186646e-06
4.4751978028e-04 7.7659774037e-05
3.9356059960e-04 -6.0978842765e-05
5.6229436535e-04 -8.7880753917e-05
7.0136382956e-04 1.2250398978e-04
5.4977346435e-04 -8.6695925272e-05
7.1954858673e-04 1.2689149347e-04
3.5453712087e-04 -5.6412208339e-05
5.0681994294e-04 9.0503963562e-05
2.2918057961e-05 -3.9203626478e-06
6.3545876262e-05 1.1973841991e-05
3.8098033147e-04 -6.1365847128e-05
4.2968126763e-04 7.7921738254e-05
5.5163782770e-04 -8.9457500837e-05
6.8905477372e-04 1.2570308106e-04
5.3986008051e-04 -8.8435293479e-05
7.1643591386e-04 1.3180820398e-04
3.5432748634e-04 -5.8756932036e-05
5.1626899574e-04 9.6084875670e-05
4.4334448193e-06 -1.0774166447e-06
3.6390868619e-04 -6.0675255318e-05
8.5090795886e-05 1.6494951265e-05
5.3879229379e-04 -9.0276868977e-05
4.0998139503e-04 7.7565324465e-05
5.3385892590e-04 -8.9917388626e-05
6.7627985794e-04 1.2861306589e-04
3.5781487959e-04 -6.0689544531e-05
7.1222430496e-04 1.3654422661e-04
1.1008558343e-05 -2.1006960582e-06
5.2313874492e-04 1.0144266311e-04
3.4648227507e-04 -5.9660122132e-05
1.0571661957e-04 2.1186511245e-05
5.2600933000e-04 -9.1034912288e-05
3.8974637590e-04 7.6744243017e-05
5.2640920824e-04 -9.1878094202e-05
6.6258470445e-04 1.3110445887e-04
3.5984302664e-04 -6.3573069711e-05
2.8523347091e-05 -5.4498569386e-06
7.0761189701e-04 1.4113587518e-04
3.2678297287e-04 -5.8079729455e-05
5.3004853868e-04 1.0689671815e-04
5.1120854681e-04 -9.1216558342e-05
1.2611107111e-04 2.6147418778e-05
5.2299864806e-04 -9.3801975817e-05
3.6995275615e-04 7.5808351165e-05
3.6717204159e-04 -6.6274172476e-05
6.4851609400e-04 1.3342522280e-04
4.6207244537e-05 -8.5904571962e-06
7.0180351727e-04 1.4542423061e-04
3.1133259358e-04 -5.7056105040e-05
5.3566377596e-04 1.1215201082e-04
4.9785816528e-04 -9.1581766098e-05
1.4349758153e-04 3.0787119193e-05
5.1405805275e-04 -9.5075036282e-05
3.6752742931e-04 -6.8593457849e-05
3.4750357381e-04 7.4001720679e-05
6.0155697508e-05 -1.1655764325e-05
6.3302918534e-04 1.3523234773e-04
2.9438523734e-04 -5.5496167455e-05
6.9532150309e-04 1.4954234013e-04
4.8419843014e-04 -9.1612704389e-05
5.3901699156e-04 1.1713456424e-04
5.0755472670e-04 -9.6786350266e-05
1.6211126817e-04 3.5974941797e-05
3.7192434778e-04 -7.1685103088e-05
3.2834756330e-04 7.2462994644e-05
7.5213683020e-05 -1.4979270817e-05
6.1808895377e-04 1.3684288874e-04
2.7849869505e-04 -5.4126501490e-05
4.7118980089e-04 -9.1723691116e-05
6.8672578387e-04 1.5313233232e-04
4.9878966296e-04 -9.7499841994e-05
5.4243584653e-04 1.2224078998e-04
3.7044519332e-04 -7.2873565873e-05
1.7962418112e-04 4.1227437146e-05
8.6965812528e-05 -1.7502784704e-05
3.0692818267e-04 7.0204494655e-05
2.5846696925e-04 -5.1542136157e-05
6.0095413707e-04 1.3781380073e-04
4.5432867042e-04 -9.0802010501e-05
6.7758117855e-04 1.5635079968e-04
4.9081634516e-04 -9.8725001865e-05
5.4423603979e-04 1.2674927686e-04
3.7132442952e-04 -7.5501429723e-05
9.9168706327e-05 -2.0722219744e-05
1.9539634096e-04 4.6243795941e-05
2.4739693621e-04 -5.0671299823e-05
2.8595496293e-04 6.7826495457e-05
4.4537159776e-04 -9.1348028537e-05
5.8403099571e-04 1.3871364090e-04
4.8043639535e-04 -9.9194551844e-05
6.6710150486e-04 1.5921201704e-04
3.6949840157e-04 -7.6954467027e-05
5.4414168773e-04 1.3101423156e-04
1.1099788577e-04 -2.3689000118e-05
2.0985180180e-04 5.1392157155e-05
2.2694208054e-04 -4.8129959269e-05
4.2557556649e-04 -8.9934391564e-05
2.6484673238e-04 6.5053130208e-05
4.7089992941e-04 -9.9488316295e-05
5.6643879727e-04 1.3916291524e-04
3.7136634700e-04 -7.8780343772e-05
6.5626125005e-04 1.6242323245e-04
1.2243001504e-04 -2.6457143756e-05
5.4474555554e-04 1.3738478802e-04
2.0951173155e-04 -4.5564978162e-05
2.2364138803e-04 5.7635673022e-05
4.1073690400e-04 -8.8934690687e-05
2.4134381978e-04 6.1016817320e-05
4.6282604250e-04 -1.0018247963e-04
3.7021901703e-04 -8.0687674478e-05
5.4559606963e-04 1.3799156706e-04
1.3248837738e-04 -2.9399651900e-05
6.4472157212e-04 1.6453498199e-04
1.9466151473e-04 -4.3123043909e-05
5.4331404984e-04 1.4045161484e-04
3.9671204492e-04 -8.7638696545e-05
2.3635869001e-04 6.2064703769e-05
4.5064321611e-04 -9.9917704476e-05
2.2075168695e-04 5.7796440745e-05
3.6306733226e-04 -8.1314109179e-05
5.2653000451e-04 1.3770700313e-04
1.3893857989e-04 -3.1743552625e-05
1.8071629563e-04 -4.0944736161e-05
6.2987943168e-04 1.6573689468e-04
3.8379005351e-04 -8.6635047756e-05
5.3892054457e-04 1.4252139074e-04
4.3877645458e-04 -9.9521551848e-05
2.4651393588e-04 6.5949202567e-05
3.5941770655e-04 -8.2137309294e-05
1.9981997445e-04 5.4185897820e-05
1.4714479255e-04 -3.4188036802e-05
5.0817401703e-04 1.3739251412e-04
1.6411963959e-04 -3.8285533087e-05
6.1652078230e-04 1.6749880842e-04
3.6646055786e-04 -8.4923932208e-05
4.2677045147e-04 -9.8969950536e-05
5.3106856084e-04 1.4572740264e-04
3.5631077007e-04 -8.3068576816e-05
2.5444641689e-04 7.0835306109e-05
1.5456949007e-04 -3.6611074544e-05
1.7974000831e-04 5.0208178388e-05
1.4625783435e-04 -3.4968466519e-05
4.8685336573e-04 1.3533093425e-04
3.4774982690e-04 -8.2352499018e-05
5.9885176405e-04 1.6735071913e-04
4.1574842174e-04 -9.8638386471e-05
3.5031987259e-04 -8.4017794284e-05
5.2522366140e-04 1.4740250871e-04
1.5855114839e-04 -3.8754842344e-05
2.6338102741e-04 7.4576384425e-05
1.3133790493e-04 -3.2010304338e-05
1.5896290088e-04 4.5763971770e-05
3.3369144343e-04 -8.0401289175e-05
4.6556183516e-04 1.3342105523e-04
4.0270915475e-04 -9.7352507727e-05
5.8143501993e-04 1.6723394407e-04
3.4139340909e-04 -8.2943707900e-05
5.1712223654e-04 1.4977319469e-04
1.6128312569e-04 -3.9736457759e-05
1.1711614059e-04 -2.9290344313e-05
2.6912181566e-04 7.8784809828e-05
3.1828292642e-04 -7.8547065323e-05
1.3686638878e-04 4.0445666449e-05
3.8889286540e-04 -9.6127119197e-05
4.4226430950e-04 1.2996918597e-04
3.3692558128e-04 -8.4183338525e-05
5.6167866467e-04 1.6615964513e-04
1.6739861875e-04 -4.2629875586e-05
5.0517671246e-04 1.5101591056e-04
1.0347244143e-04 -2.6543335988e-05
3.0264306639e-04 -7.6098504826e-05
2.7322511036e-04 8.2817053140e-05
3.7435318535e-04 -9.4445987557e-05
1.1785052455e-04 3.6422482439e-05
3.2827692331e-04 -8.3434009930e-05
4.1873056500e-04 1.2738244483e-04
1.6982424542e-04 -4.3885406965e-05
5.4046507253e-04 1.6491777642e-04
8.9779414190e-05 -2.3861885873e-05
4.9161945100e-04 1.5101743954e-04
2.8621608202e-04 -7.3895629701e-05
3.5924101986e-04 -9.2620979029e-05
2.7446401459e-04 8.5356351935e-05
3.1924388534e-04 -8.2949551860e-05
9.7414462915e-05 3.1367852116e-05
1.7112291190e-04 -4.5229061261e-05
3.9314413851e-04 1.2328713599e-04
7.5607294871e-05 -2.0438930393e-05
5.1630436104e-04 1.6218899937e-04
2.6901687428e-04 -7.0287107740e-05
4.7593235481e-04 1.5074165996e-04
3.4298440964e-04 -8.9925708392e-05
3.0676246143e-04 -8.1294217040e-05
2.7420822840e-04 8.8079812182e-05
1.7001123124e-04 -4.5775020537e-05
7.7813869163e-05 2.6146741784e-05
6.3542659205e-05 -1.7674928037e-05
3.6604717591e-04 1.1795951065e-04
2.5151209227e-04 -6.7295470366e-05
4.8871546329e-04 1.5757445267e-04
3.2626138055e-04 -8.6945881732e-05
2.9568799958e-04 -7.8708157096e-05
4.5391462529e-04 1.4718674728e-04
1.6875896138e-04 -4.5207889216e-05
2.6832039401e-04 8.7932836030e-05
4.9610995621e-05 -1.4117100299e-05
5.9344369633e-05 2.0594764517e-05
2.3104004771e-04 -6.3200181201e-05
3.3570862018e-04 1.1094410562e-04
3.0630009134e-04 -8.3501774009e-05
4.5551863832e-04 1.5059434080e-04
2.8460262027e-04 -7.8041823831e-05
1.6827580299e-04 -4.6939862123e-05
4.2833695646e-04 1.4245949313e-04
3.6613502795e-05 -1.1452953818e-05
2.5976584731e-04 8.7552840855e-05
2.1331671384e-04 -5.9773835826e-05
4.0826011434e-05 1.5899149805e-05
2.8641351772e-04 -7.9379017366e-05
3.0482498796e-04 1.0456938386e-04
2.6617613222e-04 -7.3425984931e-05
4.1738059452e-04 1.4317903069e-04
1.6098726129e-04 -4.4713943354e-05
2.5455832156e-05 -8.2498688275e-06
3.9152310137e-04 1.3887562035e-04
1.8802004989e-04 -5.3401902902e-05
2.4086767632e-04 8.9148059092e-05
2.6038804760e-04 -7.3979438073e-05
2.2263859606e-05 1.1329856674e-05
2.4837118184e-04 -7.3888419247e-05
2.5583681441e-04 9.2236796300e-05
1.5471102795e-04 -4.9007984149e-05
1.4645178143e-05 -7.8334335730e-06
3.5935748728e-04 1.2615624140e-04
1.6184340717e-04 -5.0332914678e-05
3.3763912263e-04 1.1233553631e-04
2.2774104016e-04 -6.6128442692e-05
2.0957571245e-04 6.8066624160e-05
2.0666792509e-04 -5.3488440238e-05
1.2481067382e-05 1.4852529345e-05
1.2276913105e-04 -2.9965673578e-05
9.3448067872e-06 -9.6856979880e-06
2.2958255230e-04 1.0901304305e-04
1.7107046974e-04 -6.1605100538e-05
2.9144940050e-04 1.2187756133e-04
2.0611392948e-04 -6.6578694900e-05
1.9382607220e-04 6.6029296317e-05
1.2209640729e-04 -3.3234772410e-05
8.1493439021e-05 2.2297000162e-05
4.3009118496e-05 -7.8349287832e-06
-3.7470523676e-06 4.7892088288e-07
-4.5705101649e-06 8.6405986629e-07
