3.6754625296e-05 6.1409129218e-08
2.9168011080e-04 2.2740805711e-07
3.5983046434e-04 -3.1527233752e-07
4.8408799675e-04 1.0298371817e-06
5.0755097471e-04 -1.1182594770e-06
5.1491904764e-04 1.8422313188e-06
4.9030565548e-04 -1.6250894308e-06
3.6531142774e-04 1.9023982255e-06
3.1456281294e-04 -1.3759474292e-06
5.7729386072e-05 4.5736106760e-07
2.4915328867e-05 -4.4748253051e-08
2.9643787195e-04 1.9183871689e-06
3.4104086954e-04 -2.1481391739e-06
4.8842176300e-04 3.7942743614e-06
4.9740486064e-04 -3.8229340184e-06
5.1712187350e-04 4.7321824824e-06
4.9165132856e-04 -4.3817484921e-06
3.7851106670e-04 4.0019644537e-06
3.2291995526e-04 -3.2702858222e-06
7.1709001080e-05 9.3126805504e-07
9.4556119309e-06 -4.0882056751e-08
2.8795110627e-04 3.6154707372e-06
3.3228738065e-04 -3.9073110837e-06
4.8749880436e-04 6.6372659429e-06
4.9319846817e-04 -6.5114430678e-06
5.1957456875e-04 7.7348987117e-06
4.9449754885e-04 -7.2053378535e-06
3.8874248595e-04 6.4410256411e-06
3.3335088693e-04 -5.3007542271e-06
8.8149537114e-05 1.7003810943e-06
6.7310434899e-06 -1.3604104331e-07
2.7699806818e-04 4.9790204342e-06
3.1951748219e-04 -5.8020301948e-06
4.8416280583e-04 9.2438528056e-06
4.8643520239e-04 -9.1973113103e-06
5.2323359652e-04 1.0688775549e-05
4.8923697588e-04 -9.5392236018e-06
3.9818767838e-04 8.7251879719e-06
3.3393339661e-04 -6.8006658072e-06
1.0445528680e-04 2.5614140985e-06
2.5414992379e-05 -3.0377299655e-07
3.1099359219e-04 -5.5753694151e-06
2.6738401436e-04 6.3389572238e-06
4.8153977998e-04 -1.0434695510e-05
4.8178786308e-04 1.2054034519e-05
4.9208974976e-04 -1.2514002451e-05
5.2656982451e-04 1.4593105612e-05
3.4601508551e-04 -9.4043067612e-06
4.0802683789e-04 1.3114288595e-05
4.0519738717e-05 -1.0871543772e-06
1.2001035699e-04 4.4773121283e-06
2.9805013600e-04 -8.4225275360e-06
2.5570844170e-04 7.8160104664e-06
4.7412632213e-04 -1.4046933073e-05
4.7718825781e-04 1.4855476773e-05
4.9084905549e-04 -1.5183840285e-05
5.2839082283e-04 1.7012719810e-05
3.5222991461e-04 -1.1367831053e-05
4.1723847286e-04 1.3911110080e-05
5.4606985255e-05 -1.8427083723e-06
1.3521867457e-04 4.7273145515e-06
2.8679917609e-04 -9.7201534655e-06
2.4209562016e-04 8.6473638167e-06
4.6875864211e-04 -1.6439479803e-05
4.7236985682e-04 1.7315552274e-05
4.8825906451e-04 -1.7680342408e-05
5.3370146773e-04 2.0089268046e-05
3.5417213765e-04 -1.3273377704e-05
4.2574111249e-04 1.6575808221e-05
6.8862947437e-05 -2.6656860502e-06
1.5027288052e-04 6.1133966494e-06
2.8012533936e-04 -1.1003170047e-05
2.3269955480e-04 9.6202175678e-06
4.6551022652e-04 -1.8762064787e-05
4.6962021849e-04 1.9878929937e-05
4.8386643954e-04 -2.0008496381e-05
5.3407523087e-04 2.3311506459e-05
3.5577716948e-04 -1.5169880123e-05
4.3674613159e-04 1.9887000441e-05
8.0668046431e-05 -3.4153668234e-06
1.6585326756e-04 7.9062380849e-06
2.5599620960e-04 -1.0451364513e-05
2.1777817988e-04 1.0247281702e-05
4.4832594067e-04 -1.9555688397e-05
4.6288536676e-04 2.2232187784e-05
4.8566211656e-04 -2.2629464809e-05
5.3639183581e-04 2.6523042878e-05
3.6637749445e-04 -1.7618843373e-05
4.4362602342e-04 2.2563254980e-05
9.5070923034e-05 -4.6857883679e-06
1.7955440625e-04 9.4194195746e-06
2.4421809543e-04 -1.2262435892e-05
2.0442590112e-04 1.0914988765e-05
4.4111584169e-04 -2.2583913961e-05
4.5658950484e-04 2.4766376149e-05
4.8140381376e-04 -2.5106132063e-05
5.3670445762e-04 2.9627944998e-05
3.6877400339e-04 -1.9793985331e-05
4.5187866940e-04 2.5629277427e-05
1.0792119997e-04 -5.9379631575e-06
1.9359979214e-04 1.1330122694e-05
2.3070509378e-04 -1.2392821955e-05
1.8833647461e-04 1.1129814703e-05
4.3184965645e-04 -2.3914538973e-05
4.4835879946e-04 2.6857041492e-05
4.8079003518e-04 -2.7517593367e-05
5.4002526818e-04 3.3181601734e-05
3.7898140182e-04 -2.2156775908e-05
1.2317822212e-04 -7.3404944860e-06
4.5811656733e-04 2.8966612164e-05
2.2179295798e-04 -1.3372358741e-05
2.0706621542e-04 1.3562214258e-05
4.2728168227e-04 -2.6251112958e-05
1.7762360846e-04 1.1620871734e-05
4.7432104795e-04 -2.9729508815e-05
4.4439569612e-04 2.9336400069e-05
3.7591627000e-04 -2.4203847104e-05
5.3754074699e-04 3.6437369102e-05
1.3251550136e-04 -8.7658876841e-06
4.6523640179e-04 3.3158613414e-05
2.0744087400e-04 -1.3582504283e-05
2.2174349798e-04 1.6581246376e-05
4.1698210261e-04 -2.7734362885e-05
1.6344426911e-04 1.1930862870e-05
4.7187138218e-04 -3.1995491828e-05
4.3690101913e-04 3.1699919682e-05
3.8212936955e-04 -2.6420170630e-05
5.3659446707e-04 3.9450772409e-05
1.4451544112e-04 -1.0193492215e-05
4.7381843438e-04 3.5081388130e-05
1.9005552293e-04 -1.3454709136e-05
2.3576742279e-04 1.7792548422e-05
4.0377987212e-04 -2.8997236116e-05
1.4650373963e-04 1.1501226504e-05
4.6839101077e-04 -3.4200609791e-05
4.2869913673e-04 3.3699029580e-05
3.8443941536e-04 -2.8637592527e-05
5.3861802563e-04 4.3169176528e-05
1.5489752524e-04 -1.1784329979e-05
4.7852541031e-04 4.1255342762e-05
1.8118077867e-04 -1.3811477056e-05
2.4773845405e-04 2.2746177190e-05
4.0061321308e-04 -3.0865587943e-05
1.3299848942e-04 1.1508555448e-05
4.6285543930e-04 -3.6153826400e-05
4.2018540265e-04 3.5587110734e-05
3.8385022481e-04 -3.0513535500e-05
1.6469324193e-04 -1.3338620341e-05
5.3442431312e-04 4.5896101746e-05
1.6567362360e-04 -1.3505466288e-05
4.8291260324e-04 4.1825496249e-05
3.8645657938e-04 -3.1757229704e-05
2.6065291421e-04 2.2902640217e-05
4.5767511763e-04 -3.8087029121e-05
1.1812268209e-04 1.0679656373e-05
3.8915385556e-04 -3.2815049708e-05
4.1168308583e-04 3.7244874807e-05
1.7662755644e-04 -1.5089973136e-05
5.3353934660e-04 4.8894369997e-05
1.4656660938e-04 -1.2229738805e-05
4.8742410143e-04 4.5391679527e-05
3.6881719880e-04 -3.1496572574e-05
2.7163121619e-04 2.5818838091e-05
4.5405177634e-04 -3.9985316256e-05
1.0194911174e-04 9.9033295824e-06
3.9389516411e-04 -3.5278323253e-05
4.0200171718e-04 3.8766161448e-05
1.8698988589e-04 -1.7021247970e-05
5.3021066490e-04 5.1830293740e-05
1.3582288690e-04 -1.2473442065e-05
4.9221259025e-04 4.8882169834e-05
3.6522811476e-04 -3.3754762668e-05
2.8393032429e-04 2.8737040668e-05
4.4863317993e-04 -4.1914755920e-05
8.5962268317e-05 8.9401256551e-06
3.8561524020e-04 -3.6555448029e-05
3.9367672804e-04 4.0472792458e-05
1.8900557716e-04 -1.8224687379e-05
1.2276549280e-04 -1.1760494075e-05
5.2910565881e-04 5.5024429526e-05
3.5591990657e-04 -3.4363106141e-05
4.9470255304e-04 5.2073453177e-05
4.4435861780e-04 -4.3602849595e-05
2.9344282372e-04 3.1377906125e-05
3.9085553794e-04 -3.8774726012e-05
7.1253278399e-05 7.8987568818e-06
2.0164438329e-04 -2.0235869847e-05
3.8343435361e-04 4.1896567000e-05
1.1143394077e-04 -1.1304867851e-05
5.2448670433e-04 5.7765623107e-05
3.4690736067e-04 -3.5448569409e-05
4.9996325648e-04 5.5429578975e-05
4.3692705782e-04 -4.5146928454e-05
3.0604258428e-04 3.4323849871e-05
3.8930571889e-04 -4.0774444180e-05
5.2651261780e-05 6.1785859714e-06
2.0861883973e-04 -2.2188946591e-05
3.7255824759e-04 4.2898824293e-05
9.7165169182e-05 -1.0398447005e-05
5.2143953450e-04 6.0631137187e-05
3.3520121486e-04 -3.5899059007e-05
5.0155576032e-04 5.9037847494e-05
4.3070391360e-04 -4.6617137993e-05
3.9022942441e-04 -4.2673018851e-05
3.1476124204e-04 3.7660091325e-05
2.1638213712e-04 -2.3958259774e-05
3.7653906942e-05 4.8310468566e-06
8.1080004164e-05 -9.0918882004e-06
3.6095310921e-04 4.3896416561e-05
3.2057280655e-04 -3.5921003540e-05
5.1629125194e-04 6.3313838341e-05
4.2352290678e-04 -4.7940120469e-05
5.0483266072e-04 6.2565505224e-05
3.8971667830e-04 -4.4667778592e-05
3.2522942618e-04 4.0885932639e-05
2.2271749403e-04 -2.5892854354e-05
1.9898253604e-05 2.8103309019e-06
6.8813416093e-05 -8.1086209731e-06
3.4991206743e-04 4.4717636235e-05
3.1530161308e-04 -3.6891312972e-05
5.1046655786e-04 6.5826003284e-05
4.1866872880e-04 -4.9430142122e-05
5.0580533115e-04 6.5914096394e-05
3.8607504305e-04 -4.5994487136e-05
3.3439566475e-04 4.4151476313e-05
2.2735673206e-04 -2.7396375581e-05
5.6726281987e-05 -7.0281138478e-06
1.7239492617e-06 5.3922230372e-07
3.0326324512e-04 -3.7102697031e-05
3.3813638544e-04 4.5456702292e-05
4.1068821099e-04 -5.0481482737e-05
5.0500372900e-04 6.8310477769e-05
3.8643499481e-04 -4.7727778014e-05
5.0640314648e-04 6.8914414916e-05
2.3521344162e-04 -2.9299474129e-05
3.4233785786e-04 4.7102341406e-05
4.1840935366e-05 -5.2791489483e-06
9.9830055867e-06 1.8456158214e-06
2.8888594748e-04 -3.6179275794e-05
3.2774647910e-04 4.6367509867e-05
4.0286868307e-04 -5.1167158273e-05
5.0126082007e-04 7.1420130760e-05
3.8591754304e-04 -4.9753464240e-05
5.0778543126e-04 7.4527641331e-05
2.4142748195e-04 -3.1544771781e-05
3.5080177097e-04 5.3672198057e-05
2.9489766890e-05 -4.0336060191e-06
2.8033046125e-04 -3.6844800737e-05
2.8872829044e-05 5.3848411033e-06
3.9577408336e-04 -5.2423638715e-05
3.1347628214e-04 4.6665851782e-05
3.8012685753e-04 -5.0894934684e-05
4.9210386673e-04 7.3246237251e-05
2.4294876091e-04 -3.2947733563e-05
5.0787042796e-04 7.5773589965e-05
1.7069798179e-05 -2.5415431932e-06
3.5848071461e-04 5.3846969007e-05
2.6885874119e-04 -3.6770096678e-05
4.2783681437e-05 6.8835780883e-06
3.8780294841e-04 -5.3243724825e-05
3.0282440237e-04 4.6873848250e-05
3.7983362474e-04 -5.2375231006e-05
4.8761330888e-04 7.5832254510e-05
2.5016349252e-04 -3.4747405004e-05
5.0561974556e-04 8.0586022509e-05
2.8904571296e-06 -5.5305877001e-07
3.6208936696e-04 6.0089348635e-05
2.5412214559e-04 -3.5745556245e-05
3.7879773584e-04 -5.3639269201e-05
5.8848837937e-05 1.0674512805e-05
3.7887983710e-04 -5.4083440896e-05
2.8811966702e-04 4.6329245398e-05
2.5567622334e-04 -3.6841771811e-05
4.7766956390e-04 7.7063878736e-05
9.1048525564e-06 -1.4966857726e-06
5.0455040551e-04 8.2037049840e-05
2.4260805299e-04 -3.5369526040e-05
3.6966285466e-04 6.0610548294e-05
3.6983438176e-04 -5.4173495444e-05
7.4785123803e-05 1.2609649669e-05
3.7316030773e-04 -5.5032494690e-05
2.7698486586e-04 4.6329534672e-05
2.5639957581e-04 -3.8185130057e-05
4.7032235907e-04 7.8946205886e-05
2.0868752954e-05 -3.3428305189e-06
2.3172067941e-04 -3.4866673728e-05
5.0209826668e-04 8.4662963386e-05
3.6148858343e-04 -5.4645781206e-05
3.7653984511e-04 6.4023939125e-05
3.6920858847e-04 -5.6252330176e-05
8.7877236810e-05 1.5321669543e-05
2.5936560624e-04 -3.9951550741e-05
2.5985448793e-04 4.5131331621e-05
3.2035704114e-05 -5.2608918833e-06
4.5969696606e-04 8.0108519908e-05
2.1977416299e-04 -3.4168889051e-05
4.9974907198e-04 8.7613525551e-05
3.5284206222e-04 -5.5048677686e-05
3.7950521613e-04 6.7182454879e-05
3.6569930530e-04 -5.7591021688e-05
1.0288120260e-04 1.8572934924e-05
2.6162947534e-04 -4.1747409159e-05
4.1928841751e-05 -7.0563276137e-06
2.4905832322e-04 4.4791990248e-05
2.1066894002e-04 -3.3698833547e-05
4.5160055265e-04 8.1529584404e-05
3.4610162298e-04 -5.5531507291e-05
4.9627915015e-04 9.0036529791e-05
3.6010080091e-04 -5.8228803039e-05
3.8757327742e-04 7.0780429874e-05
2.6171819081e-04 -4.2718214135e-05
1.1637426927e-04 2.1572048849e-05
5.2285984463e-05 -8.7705173957e-06
2.3249462858e-04 4.3388026554e-05
2.0008417194e-04 -3.2861267047e-05
4.4093667130e-04 8.2605764605e-05
3.3757381574e-04 -5.5630625834e-05
3.5406714831e-04 -5.8709766519e-05
4.9296694641e-04 9.2941140613e-05
2.6038255462e-04 -4.3562240375e-05
3.8749103977e-04 7.3896521068e-05
6.0945883974e-05 -1.0484319844e-05
1.2746379295e-04 2.4856765701e-05
1.8463350289e-04 -3.1254461314e-05
2.2094591030e-04 4.2909950159e-05
3.2462831127e-04 -5.5050608791e-05
4.3306802742e-04 8.4141464511e-05
3.5110085772e-04 -5.9939896420e-05
4.8748674262e-04 9.5189153659e-05
2.6577502088e-04 -4.5868617018e-05
3.9085014250e-04 7.7033116763e-05
7.0487627288e-05 -1.2451420858e-05
1.4030783146e-04 2.8129241089e-05
1.7410641171e-04 -3.0143656169e-05
3.1650225525e-04 -5.4939468886e-05
2.0725136327e-04 4.1509690546e-05
3.4432801604e-04 -6.0206123092e-05
4.2254920815e-04 8.4786346316e-05
2.6280594299e-04 -4.6441815242e-05
4.8138672733e-04 9.7200781910e-05
7.7652044118e-05 -1.4080120161e-05
3.9282520497e-04 7.9991368760e-05
1.6317272534e-04 -2.9203943089e-05
1.5125782202e-04 3.1303202854e-05
3.0739508634e-04 -5.4973777077e-05
1.9268519352e-04 4.0002858918e-05
3.3957200139e-04 -6.1076394730e-05
2.6546858419e-04 -4.8323664187e-05
4.1174009687e-04 8.5505396917e-05
8.7352738766e-05 -1.6321863426e-05
4.7502029791e-04 9.9262251915e-05
1.5208482519e-04 -2.7958847612e-05
3.9376463980e-04 8.3170409642e-05
2.9734517384e-04 -5.4494715053e-05
1.6231586262e-04 3.4841142814e-05
3.3382811675e-04 -6.1396016426e-05
1.7822987547e-04 3.8207607108e-05
2.6567099708e-04 -4.9174022020e-05
4.0008893242e-04 8.5719694543e-05
9.3588608907e-05 -1.7688353187e-05
4.6985726259e-04 1.0122745853e-04
1.3787739457e-04 -2.6029972726e-05
2.8503609681e-04 -5.3565619484e-05
3.9465341270e-04 8.5818300915e-05
3.2763375728e-04 -6.1803778921e-05
1.7189304422e-04 3.7961994064e-05
2.6480107152e-04 -5.0585225182e-05
1.6212034174e-04 3.6056653700e-05
1.0123111774e-04 -1.9732540349e-05
3.8593901742e-04 8.5509217621e-05
1.2970964160e-04 -2.4832327137e-05
4.6223974680e-04 1.0285494436e-04
2.7744438791e-04 -5.3063317601e-05
3.9446268767e-04 8.8402746254e-05
3.1967016536e-04 -6.1663272743e-05
2.6037955698e-04 -5.0993918797e-05
1.8035637791e-04 4.0944354127e-05
1.0568443359e-04 -2.1235188386e-05
1.4737117944e-04 3.3653164760e-05
1.1755228992e-04 -2.3698952731e-05
3.7412967538e-04 8.5233427736e-05
2.6565630530e-04 -5.2759119887e-05
4.5301564563e-04 1.0387539698e-04
3.1332476578e-04 -6.1773465300e-05
3.9165483426e-04 9.0467273522e-05
2.6009093728e-04 -5.1391580766e-05
1.8799473067e-04 4.3962279895e-05
1.1273839319e-04 -2.2530292620e-05
1.0956970925e-04 -2.2111761718e-05
1.3310486656e-04 3.1503761120e-05
2.5806692726e-04 -5.1801596631e-05
3.6110000482e-04 8.4979668508e-05
3.0434013918e-04 -6.1309895679e-05
4.4388383646e-04 1.0474464036e-04
2.5723528920e-04 -5.2380739100e-05
3.8916797265e-04 9.2216125746e-05
1.1701236589e-04 -2.4228826414e-05
1.9518896297e-04 4.6644255679e-05
9.7337634458e-05 -2.0042700078e-05
1.1804572476e-04 2.8546818263e-05
2.4628422684e-04 -5.0349872740e-05
2.9665500165e-04 -6.0983109311e-05
3.4619791066e-04 8.3552063875e-05
2.5180589618e-04 -5.2257282466e-05
4.3322166471e-04 1.0513259807e-04
1.1882936965e-04 -2.5139624015e-05
3.8449291118e-04 9.3887527142e-05
8.5719861684e-05 -1.8388446919e-05
1.9996316320e-04 4.9341338736e-05
2.3475732540e-04 -4.9435624659e-05
1.0394022109e-04 2.6041703381e-05
2.8844977632e-04 -6.0755150096e-05
2.4947776859e-04 -5.3125489455e-05
3.3443384570e-04 8.3164444055e-05
1.2406991511e-04 -2.6947229364e-05
4.2258094178e-04 1.0566976485e-04
7.7958951387e-05 -1.6975178131e-05
3.7788407370e-04 9.5489862283e-05
2.2625068613e-04 -4.8313194090e-05
2.0424467818e-04 5.2265710908e-05
2.7824942846e-04 -5.9733800236e-05
8.9428107858e-05 2.3061775839e-05
2.4489929243e-04 -5.3002711263e-05
3.1568147535e-04 8.0647062636e-05
1.2724457219e-04 -2.7983449914e-05
6.7122518195e-05 -1.5153276047e-05
4.0819846635e-04 1.0484768443e-04
2.1402459349e-04 -4.7003329412e-05
3.7319226208e-04 9.6335636783e-05
2.6916847944e-04 -5.8969918584e-05
2.0859338874e-04 5.4611472546e-05
2.3911973372e-04 -5.2523325671e-05
7.3723883709e-05 2.0779570719e-05
1.2833305976e-04 -2.8565572572e-05
3.0139014635e-04 8.1047853567e-05
5.6920343249e-05 -1.3142462954e-05
2.0203401736e-04 -4.5103646442e-05
3.9491338856e-04 1.0590844146e-04
2.5876399335e-04 -5.7815746793e-05
3.6207974493e-04 1.0115678838e-04
2.3460366463e-04 -5.2911955748e-05
2.0814569273e-04 6.0783004508e-05
1.3099835802e-04 -3.0205745103e-05
5.8604538322e-05 1.6938166368e-05
4.6890723737e-05 -1.1653037709e-05
2.7738575929e-04 7.5101051443e-05
1.8888852331e-04 -4.3617479811e-05
2.4711424759e-04 -5.6651781744e-05
3.7458481715e-04 1.0179810178e-04
2.2662017500e-04 -5.2540817357e-05
3.5295383377e-04 9.6319421528e-05
1.3028887294e-04 -3.0896395355e-05
2.0981671391e-04 5.7975292131e-05
3.8209001673e-05 -9.4445547378e-06
4.4694033229e-05 1.4355229533e-05
1.7844489173e-04 -4.1030539702e-05
2.6227023774e-04 7.5625069281e-05
2.3554803573e-04 -5.4596898840e-05
2.1770686690e-04 -5.1974229114e-05
3.5633196976e-04 1.0171599098e-04
1.2903858936e-04 -3.1877040186e-05
3.3240349736e-04 9.9083611120e-05
2.8595573404e-05 -7.9062584156e-06
2.0029916461e-04 6.3125589231e-05
1.6132095396e-04 -3.8984363325e-05
3.0838666328e-05 1.0552005692e-05
2.2006203059e-04 -5.2536215052e-05
2.3408414745e-04 6.6851614318e-05
2.0863726431e-04 -4.9378284920e-05
1.2785915237e-04 -3.0428228870e-05
3.2728461518e-04 9.4167309048e-05
2.0351566265e-05 -6.1833480395e-06
3.1497572045e-04 9.2496933656e-05
1.4521327583e-04 -3.7198461136e-05
1.9743590080e-04 5.9381412040e-05
2.0303974427e-04 -5.0443215782e-05
1.9607631289e-05 9.4373790991e-06
1.9620521219e-04 -4.7365303154e-05
1.2318805866e-04 -3.0007404881e-05
2.0529078257e-04 6.8856900930e-05
1.1770186169e-05 -5.9649478882e-06
2.8929478040e-04 8.9691734295e-05
1.2902812121e-04 -3.8938914976e-05
2.7240088921e-04 7.6098949349e-05
1.8147568674e-04 -4.8063385509e-05
1.6911020832e-04 4.6030065810e-05
1.6736163032e-04 -3.6223762273e-05
1.1307544273e-05 1.2106058689e-05
1.0214883456e-04 -2.0740928079e-05
8.9146633434e-06 -9.9499864645e-06
1.9661555687e-04 8.3527593554e-05
1.3881345957e-04 -5.5605658426e-05
2.5011371369e-04 9.2057558187e-05
1.7041055123e-04 -5.6224371911e-05
1.6979999008e-04 5.4492651752e-05
1.0000676360e-04 -2.9200707778e-05
7.3917368122e-05 2.3872001268e-05
3.2091296266e-05 -1.2806902015e-05
-3.8160112509e-06 1.2988812624e-06
-2.1414361021e-06 -1.6635268392e-06
