3.5130211579e+02
3.5124648071e+02
3.5119162140e+02
3.5114002125e+02
3.5109075018e+02
3.5104311501e+02
3.5099858104e+02
3.5095600785e+02
3.5091571346e+02
3.5087708578e+02
3.5084117726e+02
3.5080814442e+02
3.5077680049e+02
3.5074926299e+02
3.5072279046e+02
3.5069853135e+02
3.5067777261e+02
3.5065918317e+02
3.5064358912e+02
3.5063007459e+02
3.5061866730e+02
3.5061069417e+02
3.5060553867e+02
3.5060414040e+02
3.5060451693e+02
3.5060645715e+02
3.5061239455e+02
3.5062109703e+02
3.5063269038e+02
3.5064743978e+02
3.5066456529e+02
3.5068479124e+02
3.5070794439e+02
3.5073527901e+02
3.5076538213e+02
3.5079717573e+02
3.5083275405e+02
3.5087021932e+02
3.5091200645e+02
3.5095649424e+02
3.5100280967e+02
3.5105316171e+02
3.5110689694e+02
3.5116327480e+02
3.5122339451e+02
3.5128581051e+02
3.5135089569e+02
3.5141963051e+02
3.5149220657e+02
3.5156547037e+02
3.5164242370e+02
3.5172389088e+02
3.5180721225e+02
3.5189330123e+02
3.5198039769e+02
3.5207320061e+02
3.5216704363e+02
3.5226448819e+02
3.5236243999e+02
3.5246599109e+02
3.5256950409e+02
3.5267812429e+02
3.5278809593e+02
3.5289779936e+02
3.5301451272e+02
3.5313117374e+02
3.5324995176e+02
3.5337267504e+02
3.5349545770e+02
3.5361979861e+02
3.5374771671e+02
3.5387840438e+02
3.5400785753e+02
3.5414227006e+02
3.5427716885e+02
3.5441616826e+02
3.5455053848e+02
3.5469545854e+02
3.5483438077e+02
3.5497779332e+02
3.5512240272e+02
3.5527311060e+02
3.5541868509e+02
3.5556659934e+02
3.5571971672e+02
3.5586977594e+02
3.5602889735e+02
3.5617921284e+02
3.5633851942e+02
3.5649282882e+02
3.5666589874e+02
3.5681665703e+02
3.5697540182e+02
3.5713959687e+02
3.5729604824e+02
3.5750468125e+02
3.5760617918e+02
3.5784528843e+02
3.5795368693e+02
3.5657469753e+02
