2.6888819503e+02
2.6854148485e+02
2.6888810270e+02
2.6946350912e+02
2.6888801038e+02
2.6865351769e+02
2.6888791806e+02
2.6875775469e+02
2.6888795199e+02
2.6887499649e+02
2.6888805692e+02
2.6890666424e+02
2.6888816186e+02
2.6890468990e+02
2.6888773928e+02
2.6888694658e+02
2.6888786799e+02
2.6888698592e+02
2.6888775694e+02
2.6888593919e+02
2.6888764589e+02
2.6888489245e+02
2.6888751752e+02
2.6888487566e+02
2.6888738635e+02
2.6888496381e+02
2.6888729904e+02
2.6888505197e+02
2.6888728032e+02
2.6888533745e+02
2.6888742915e+02
2.6888558525e+02
2.6888758152e+02
2.6888583304e+02
2.6888775261e+02
2.6888604135e+02
2.6888779379e+02
2.6888581909e+02
2.6888753260e+02
2.6888559684e+02
2.6888711453e+02
2.6888537458e+02
2.6888670813e+02
2.6888561751e+02
2.6888632470e+02
2.6888606859e+02
2.6888594128e+02
2.6888651967e+02
2.6888571558e+02
2.6888686179e+02
2.6888565797e+02
2.6888689727e+02
2.6888626124e+02
2.6888693275e+02
2.6888690614e+02
2.6888696823e+02
2.6888721339e+02
2.6888698725e+02
2.6888713833e+02
2.6888701046e+02
2.6888706327e+02
2.6888703367e+02
2.6888717778e+02
2.6888721514e+02
2.6888717487e+02
2.6888758461e+02
2.6888723955e+02
2.6888795408e+02
2.6888730423e+02
2.6888824132e+02
2.6888740219e+02
2.6888829483e+02
2.6888751805e+02
2.6888834303e+02
2.6888763390e+02
2.6888839123e+02
2.6888771480e+02
2.6888843164e+02
2.6888789979e+02
2.6888846790e+02
2.6888816148e+02
2.6888850417e+02
2.6888842317e+02
2.6888853997e+02
2.6888831782e+02
2.6888872886e+02
2.6888814887e+02
2.6888894394e+02
2.6888797991e+02
2.6888915902e+02
2.6888811136e+02
2.6888906854e+02
2.6888829785e+02
2.6888892244e+02
2.6888849355e+02
2.6888877633e+02
2.6888868924e+02
2.6888879672e+02
2.6888872637e+02
2.6888876233e+02
