5.7330187484e-05 6.3471230671e-07
2.2818483479e-01 -1.8689448828e-05
4.5026789593e-01 -7.6747783007e-05
6.6636069791e-01 -1.7400896286e-04
8.7662434518e-01 -3.2823312733e-04
1.0811048031e+00 -5.1808167746e-04
1.2799010002e+00 -7.4811667953e-04
1.4731251961e+00 -1.0237353677e-03
1.6608282406e+00 -1.3490650433e-03
1.8431385321e+00 -1.7244937996e-03
2.0200812682e+00 -2.1466354730e-03
2.1918068003e+00 -2.6146081536e-03
2.3583374175e+00 -3.1358076521e-03
2.5197767628e+00 -3.7066033383e-03
2.6762074617e+00 -4.3284624440e-03
2.8276756269e+00 -5.0007326503e-03
2.9742861712e+00 -5.7246715070e-03
3.1160650830e+00 -6.5012685278e-03
3.2531311154e+00 -7.3265899542e-03
3.3855047902e+00 -8.2047335014e-03
3.5132702983e+00 -9.1327122775e-03
3.6364942521e+00 -1.0110893353e-02
3.7552186997e+00 -1.1138612274e-02
3.8695157884e+00 -1.2214180735e-02
3.9794102898e+00 -1.3339599028e-02
4.0849906991e+00 -1.4509986627e-02
4.1862825690e+00 -1.5726321229e-02
4.2833488722e+00 -1.6986942185e-02
4.3762358904e+00 -1.8290092730e-02
4.4649578260e+00 -1.9633490805e-02
4.5495833440e+00 -2.1017833265e-02
4.6301425697e+00 -2.2438887911e-02
4.7066730885e+00 -2.3895457199e-02
4.7792148062e+00 -2.5384091774e-02
4.8477822849e+00 -2.6904062437e-02
4.9124158317e+00 -2.8451710736e-02
4.9731349740e+00 -3.0026180405e-02
5.0299697025e+00 -3.1622896640e-02
5.0829233665e+00 -3.3240667889e-02
5.1320452532e+00 -3.4873610138e-02
5.1773292523e+00 -3.6520736406e-02
5.2187946942e+00 -3.8178958225e-02
5.2564520807e+00 -3.9844876827e-02
5.2903040405e+00 -4.1513886469e-02
5.3203734032e+00 -4.3184675645e-02
5.3466471447e+00 -4.4850576569e-02
5.3691193793e+00 -4.6510867967e-02
5.3878147897e+00 -4.8159223000e-02
5.4026897222e+00 -4.9792562357e-02
5.4137633215e+00 -5.1406669250e-02
5.4210086534e+00 -5.2996735016e-02
5.4244579034e+00 -5.4560141362e-02
5.4240076362e+00 -5.6093267592e-02
5.4197328321e+00 -5.7591946929e-02
5.4115189545e+00 -5.9050712576e-02
5.3994407789e+00 -6.0465103220e-02
5.3833731022e+00 -6.1826518994e-02
5.3633198229e+00 -6.3133710348e-02
5.3392669193e+00 -6.4383765632e-02
5.3111608424e+00 -6.5570099542e-02
5.2789710766e+00 -6.6689494874e-02
5.2426388451e+00 -6.7734474572e-02
5.2021358746e+00 -6.8701188365e-02
5.1573805824e+00 -6.9586361672e-02
5.1083790898e+00 -7.0381672969e-02
5.0549811518e+00 -7.1079040736e-02
4.9971971512e+00 -7.1680979830e-02
4.9349580316e+00 -7.2191130013e-02
4.8681841763e+00 -7.2592217580e-02
4.7968271361e+00 -7.2869496694e-02
4.7207695163e+00 -7.3025319851e-02
4.6399617975e+00 -7.3061365262e-02
4.5543598405e+00 -7.2973835889e-02
4.4637407893e+00 -7.2743954938e-02
4.3681756062e+00 -7.2368963341e-02
4.2675337372e+00 -7.1852352329e-02
4.1616637271e+00 -7.1192195060e-02
4.0505674269e+00 -7.0378684526e-02
3.9340770915e+00 -6.9385109538e-02
3.8119732077e+00 -6.8229673312e-02
3.6843647515e+00 -6.6908713932e-02
3.5509601338e+00 -6.5413737701e-02
3.4117374402e+00 -6.3722850680e-02
3.2666130483e+00 -6.1841679415e-02
3.1153658870e+00 -5.9770368766e-02
2.9579171131e+00 -5.7491037620e-02
2.7940945928e+00 -5.5002281942e-02
2.6237354470e+00 -5.2295502825e-02
2.4468373812e+00 -4.9373525100e-02
2.2631031480e+00 -4.6221508746e-02
2.0724466578e+00 -4.2826090938e-02
1.8746874050e+00 -3.9196382189e-02
1.6696977827e+00 -3.5310221738e-02
1.4572474529e+00 -3.1170542824e-02
1.2371952879e+00 -2.6763008951e-02
1.0094107852e+00 -2.2076007663e-02
7.7364576922e-01 -1.7106644852e-02
5.2972115386e-01 -1.1846018895e-02
2.7743591949e-01 -6.2788006391e-03
1.7012318319e-02 -3.8761819378e-04
