7.2559061358e-06 1.0925732502e-07
2.9206308104e-01 -1.7320694690e-04
5.7837928009e-01 -6.4608273792e-04
8.5895585307e-01 -1.4185181157e-03
1.1337928000e+00 -2.4905130803e-03
1.4029477249e+00 -3.8555854630e-03
1.6665193129e+00 -5.5440020031e-03
1.9244954378e+00 -7.5498503902e-03
2.1769028750e+00 -9.8101423880e-03
2.4237589170e+00 -1.2320626196e-02
2.6650815909e+00 -1.5087851848e-02
2.9009643868e+00 -1.8139420768e-02
3.1314212179e+00 -2.1474577595e-02
3.3564564888e+00 -2.5050663950e-02
3.5760640277e+00 -2.8854874794e-02
3.7902914325e+00 -3.2901834133e-02
3.9992116416e+00 -3.7189982057e-02
4.2028253759e+00 -4.1718512026e-02
4.4011523116e+00 -4.6488135321e-02
4.5942339339e+00 -5.1460799317e-02
4.7820611325e+00 -5.6634109453e-02
4.9646614902e+00 -6.2017278260e-02
5.1420363843e+00 -6.7609914484e-02
5.3142211228e+00 -7.3398048925e-02
5.4812893465e+00 -7.9372010809e-02
5.6432426516e+00 -8.5532185668e-02
5.8000786350e+00 -9.1872770723e-02
5.9517757874e+00 -9.8370553256e-02
6.0983697850e+00 -1.0503841970e-01
6.2399165900e+00 -1.1184872816e-01
6.3764168437e+00 -1.1879744179e-01
6.5078772143e+00 -1.2588938450e-01
6.6342938881e+00 -1.3312504710e-01
6.7556778831e+00 -1.4048328940e-01
6.8720866579e+00 -1.4794969141e-01
6.9835031143e+00 -1.5551503892e-01
7.0899164130e+00 -1.6317434101e-01
7.1913265543e+00 -1.7092759769e-01
7.2877647963e+00 -1.7876334301e-01
7.3792494890e+00 -1.8665601157e-01
7.4657786794e+00 -1.9460478647e-01
7.5473509009e+00 -2.0260921827e-01
7.6239456733e+00 -2.1066194110e-01
7.6956052640e+00 -2.1874157006e-01
7.7622794988e+00 -2.2682919791e-01
7.8240019096e+00 -2.3492118192e-01
7.8807739934e+00 -2.4301741133e-01
7.9325751820e+00 -2.5110823071e-01
7.9794074852e+00 -2.5915679917e-01
8.0212795723e+00 -2.6715961257e-01
8.0581666962e+00 -2.7511873994e-01
8.0900611608e+00 -2.8303167513e-01
8.1169522408e+00 -2.9085838853e-01
8.1388084255e+00 -2.9859037793e-01
8.1556523231e+00 -3.0622331058e-01
8.1674932937e+00 -3.1375047373e-01
8.1742693259e+00 -3.2115868220e-01
8.1759698485e+00 -3.2839979795e-01
8.1725856115e+00 -3.3547988718e-01
8.1641030342e+00 -3.4240634586e-01
8.1505192248e+00 -3.4916315377e-01
8.1317562096e+00 -3.5570230080e-01
8.1077942719e+00 -3.6202178758e-01
8.0786421513e+00 -3.6811826635e-01
8.0443181762e+00 -3.7398132082e-01
8.0047077554e+00 -3.7957000704e-01
7.9598177428e+00 -3.8485545159e-01
7.9096108708e+00 -3.8985342857e-01
7.8540871395e+00 -3.9456393797e-01
7.7931985512e+00 -3.9894497465e-01
7.7268384433e+00 -4.0295428675e-01
7.6550044865e+00 -4.0659225951e-01
7.5776966807e+00 -4.0985889292e-01
7.4948946914e+00 -4.1273487759e-01
7.4064676413e+00 -4.1515316641e-01
7.3123974527e+00 -4.1711692594e-01
7.2126841254e+00 -4.1862615621e-01
7.1073272483e+00 -4.1968015161e-01
6.9961861784e+00 -4.2022005777e-01
6.8791498783e+00 -4.2020983528e-01
6.7562183479e+00 -4.1964948413e-01
6.6274242508e+00 -4.1851684030e-01
6.4926361868e+00 -4.1678438875e-01
6.3517628856e+00 -4.1440753279e-01
6.2047929303e+00 -4.1140262221e-01
6.0517285884e+00 -4.0774290957e-01
5.8923634746e+00 -4.0335556066e-01
5.7266434640e+00 -3.9823762061e-01
5.5546092529e+00 -3.9236467712e-01
5.3761435805e+00 -3.8573486308e-01
5.1911182007e+00 -3.7821583234e-01
4.9994764370e+00 -3.6985740900e-01
4.8012114885e+00 -3.6066952723e-01
4.5962243385e+00 -3.5058748375e-01
4.3843137498e+00 -3.3950988261e-01
4.1654738873e+00 -3.2743596972e-01
3.9397273782e+00 -3.1435618191e-01
3.7068164550e+00 -3.0022959521e-01
3.4666685498e+00 -2.8495224576e-01
3.2192852435e+00 -2.6854924106e-01
