2.6861905481e+02
2.6861405211e+02
2.6860904941e+02
2.6860393854e+02
2.6859873081e+02
2.6858983829e+02
2.6857880547e+02
2.6857095306e+02
2.6856253138e+02
2.6855186629e+02
2.6853893327e+02
2.6852455743e+02
2.6851144577e+02
2.6849468237e+02
2.6847652560e+02
2.6845827152e+02
2.6843563690e+02
2.6841369357e+02
2.6838994509e+02
2.6836289231e+02
2.6833473819e+02
2.6830278548e+02
2.6827144561e+02
2.6823592586e+02
2.6819846550e+02
2.6815939479e+02
2.6811484794e+02
2.6807045022e+02
2.6802934875e+02
2.6797804141e+02
2.6792516929e+02
2.6787072078e+02
2.6781460096e+02
2.6775410221e+02
2.6769048110e+02
2.6762533024e+02
2.6755789320e+02
2.6748793780e+02
2.6741362195e+02
2.6733781044e+02
2.6725915857e+02
2.6717864231e+02
2.6709516264e+02
2.6700884152e+02
2.6692135293e+02
2.6683041130e+02
2.6673945505e+02
2.6664429528e+02
2.6654816820e+02
2.6644965151e+02
2.6635227975e+02
2.6624979115e+02
2.6614689404e+02
2.6604531121e+02
2.6593972956e+02
2.6583532249e+02
2.6572921647e+02
2.6562247309e+02
2.6551757315e+02
2.6541095964e+02
2.6530421528e+02
2.6519934736e+02
2.6509343934e+02
2.6499005066e+02
2.6488709734e+02
2.6478633033e+02
2.6468568845e+02
2.6458860692e+02
2.6449186424e+02
2.6439839281e+02
2.6430747561e+02
2.6421694006e+02
2.6413576476e+02
2.6405302163e+02
2.6397361151e+02
2.6390012343e+02
2.6383020869e+02
2.6376123942e+02
2.6370068619e+02
2.6364234625e+02
2.6359247800e+02
2.6354275604e+02
2.6349912905e+02
2.6346364037e+02
2.6343019201e+02
2.6340121481e+02
2.6337705559e+02
2.6336327892e+02
2.6335459212e+02
2.6334649763e+02
2.6334221853e+02
2.6334541247e+02
2.6335324786e+02
2.6336286470e+02
2.6337889849e+02
2.6339536601e+02
2.6341655214e+02
2.6343879972e+02
2.6345965778e+02
2.6347892129e+02
