1.8422924643e-03 2.8177174562e-08
1.2253521124e-03 -7.4290917038e-06
1.8651783978e-03 2.3657115978e-05
6.0277871847e-05 2.9710570911e-06
1.2974380287e-03 3.2732766966e-05
1.2560856503e-03 -3.1220195776e-06
1.1968405732e-04 8.6019840496e-06
1.8509653418e-03 -1.3707811207e-05
1.8523220904e-03 -2.2749185263e-05
1.1748585532e-03 1.7837336709e-05
1.2587292096e-03 -2.0380064370e-05
1.8202121645e-03 3.1472807345e-05
6.2062605780e-05 7.3422857352e-07
1.8663769156e-03 3.9034860834e-05
1.2219157239e-03 -1.9184091992e-05
1.3208097621e-03 3.3500285996e-05
1.8378610671e-03 -3.8049151026e-05
2.0085432897e-04 9.8501595426e-06
1.8617589455e-03 -4.9036211537e-05
1.0999907797e-03 2.9131557008e-05
1.2948000390e-03 -4.0117070646e-05
1.7549527100e-03 5.2162224326e-05
1.2250083020e-04 -3.0939163811e-06
1.8752011358e-03 6.6859047410e-05
1.1802473874e-03 -3.5371882969e-05
1.3808549849e-03 5.8153697379e-05
1.8191608362e-03 -6.3059035090e-05
2.3777641544e-04 1.6347619780e-05
1.8647983399e-03 -7.4909049370e-05
1.0994478643e-03 4.6057859413e-05
1.3206749805e-03 -5.9499366653e-05
1.7874195006e-03 7.8554196779e-05
1.7869340860e-04 -8.0753308668e-06
1.8747776590e-03 9.1810959916e-05
1.1405717223e-03 -4.8450082406e-05
1.3752879554e-03 7.5574609583e-05
1.7995643479e-03 -8.5992670383e-05
2.8780164631e-04 2.2533384889e-05
1.8659460768e-03 -1.0045021441e-04
1.0586731601e-03 5.8681735338e-05
1.3508266710e-03 -7.9009094758e-05
1.7649606120e-03 1.0151068682e-04
2.4110396244e-04 -1.5441993868e-05
1.8751547505e-03 1.2142211559e-04
1.0888084026e-03 -6.6112288118e-05
1.4085559900e-03 1.0424640831e-04
1.7670418461e-03 -1.1201570928e-04
3.4432700587e-04 3.3307788757e-05
1.8609401794e-03 -1.2360258071e-04
1.0008869124e-03 7.1486573676e-05
1.3718570758e-03 -9.6492854041e-05
1.7276085982e-03 1.2485505378e-04
2.9269936418e-04 -2.2261937972e-05
1.8695385802e-03 1.4444523596e-04
1.0483247864e-03 -6.7604928546e-05
1.4281201440e-03 1.1928599462e-04
1.7460767744e-03 -1.2508215583e-04
3.9413635640e-04 4.0340506883e-05
1.8589337151e-03 -1.5159341851e-04
9.5525579368e-04 8.0995462817e-05
1.3968560641e-03 -1.2313751512e-04
1.7008705069e-03 1.4614250478e-04
3.4652691992e-04 -3.4242763812e-05
1.8592783340e-03 1.7093354556e-04
9.9986177110e-04 -8.7521478635e-05
1.4398237894e-03 1.4273230881e-04
1.7156114303e-03 -1.5546137934e-04
4.3983639522e-04 5.2558639382e-05
1.8484604361e-03 -1.8014514886e-04
9.0625316130e-04 9.3825074065e-05
1.4154958133e-03 -1.5123372718e-04
1.6701273512e-03 1.6991422842e-04
3.9889810321e-04 -4.7793437681e-05
1.8461418125e-03 1.9396911999e-04
9.3906295655e-04 -9.6349567704e-05
1.4543725983e-03 1.6211471941e-04
1.6704642361e-03 -1.7465927950e-04
4.8899745010e-04 6.3254413644e-05
1.8372118774e-03 -1.9998472548e-04
8.5399441237e-04 9.4745838615e-05
1.4301373129e-03 -1.6253668202e-04
1.6311821413e-03 1.8204211272e-04
4.4488103334e-04 -5.4831146738e-05
1.8313105142e-03 2.1957896132e-04
8.9789576048e-04 -1.0416571990e-04
1.4656448142e-03 1.8642651127e-04
1.6450601678e-03 -1.9374914066e-04
5.3018297029e-04 7.6922539952e-05
1.8187741964e-03 -2.2264645473e-04
7.9809755489e-04 1.0704124192e-04
1.4416845245e-03 -1.8537748853e-04
1.5912783447e-03 2.0782506714e-04
4.9152406004e-04 -6.8337364429e-05
1.8108465708e-03 2.4229406722e-04
8.4518266917e-04 -1.0913629374e-04
1.4780944041e-03 2.0712909506e-04
1.6066742972e-03 -2.1011626946e-04
5.7506481153e-04 9.0305589760e-05
1.8025629110e-03 -2.4527767346e-04
7.3813109779e-04 1.1079004947e-04
1.4490348074e-03 -2.0569647354e-04
1.5417096208e-03 2.2324278650e-04
5.3416134873e-04 -8.1468445721e-05
1.7870325476e-03 2.6370556732e-04
7.8945881051e-04 -1.1518618972e-04
1.4788730775e-03 2.2893576730e-04
1.5618789098e-03 -2.2777951079e-04
6.1056595271e-04 1.0493298306e-04
1.7794613660e-03 -2.6594326766e-04
6.8810668611e-04 1.1052769140e-04
1.4517852427e-03 -2.2461576750e-04
1.5060979617e-03 2.3420606254e-04
5.7254893791e-04 -9.4199780005e-05
1.7627148350e-03 2.8525964351e-04
7.4069515991e-04 -1.1813224383e-04
1.4712446627e-03 2.4993845401e-04
1.5256720131e-03 -2.4258859354e-04
6.4058605083e-04 1.1931646136e-04
1.7545630937e-03 -2.8577445418e-04
6.3827347799e-04 1.1001451026e-04
1.4522360301e-03 -2.4429722896e-04
1.4669323429e-03 2.4521461171e-04
6.0850818045e-04 -1.0850439763e-04
1.7301538043e-03 3.0480638746e-04
6.8884776883e-04 -1.1977001701e-04
1.4731478168e-03 2.6836982065e-04
1.4855646643e-03 -2.5588900438e-04
6.7620354381e-04 1.3324875614e-04
1.7299016615e-03 -3.0486720172e-04
5.7311121514e-04 1.1406138674e-04
1.4531099887e-03 -2.6554801953e-04
1.4060543878e-03 2.6464197683e-04
6.4390336775e-04 -1.2469720754e-04
1.7020928914e-03 3.2519946470e-04
6.3282882916e-04 -1.1872973045e-04
1.4750057196e-03 2.9154681097e-04
1.4368386341e-03 -2.6594878402e-04
7.0995954961e-04 1.5145669568e-04
1.7021794165e-03 -3.2471965514e-04
5.1459779803e-04 1.1161529875e-04
1.4507186274e-03 -2.8667730106e-04
1.3536378479e-03 2.7384715597e-04
6.7489484708e-04 -1.4113218771e-04
1.6683303109e-03 3.4319656194e-04
5.7391414383e-04 -1.1817600240e-04
1.4622400877e-03 3.1082351805e-04
1.3839298614e-03 -2.7774578763e-04
7.3199175593e-04 1.6699312621e-04
1.6708039901e-03 -3.4218583553e-04
4.6249987701e-04 1.0990470093e-04
1.4476182911e-03 -3.0896299552e-04
1.3115240791e-03 2.8613242652e-04
7.0676190545e-04 -1.5967805405e-04
1.6337868968e-03 3.5939817690e-04
5.1960262160e-04 -1.1577335055e-04
1.4470149925e-03 3.2864420315e-04
1.3327468076e-03 -2.8645353567e-04
7.5411566912e-04 1.8287138362e-04
1.6362023528e-03 -3.5666699404e-04
4.0790805058e-04 1.0106583084e-04
1.4407573717e-03 -3.2130056774e-04
1.2558056936e-03 2.8447466467e-04
7.3449920101e-04 -1.7126809261e-04
1.5929934375e-03 3.7097284850e-04
4.7149118760e-04 -1.1189008054e-04
1.4387010279e-03 3.4480412982e-04
1.2928054104e-03 -2.9442560092e-04
7.7932169477e-04 1.9725712000e-04
1.6028312630e-03 -3.7057841864e-04
3.5407780687e-04 9.8279862950e-05
1.4269377921e-03 -3.3972302166e-04
1.2056253084e-03 2.9885917206e-04
7.5458413942e-04 -1.8827001760e-04
1.5555419250e-03 3.8670991703e-04
4.1726744753e-04 -1.0585565237e-04
1.4172910606e-03 3.6023180666e-04
1.2433295013e-03 -2.9906104314e-04
1.5683594034e-03 -3.8365848321e-04
7.9230906311e-04 2.1250366028e-04
1.4126142902e-03 -3.5589013199e-04
3.0079605249e-04 9.0235712004e-05
7.7368497195e-04 -2.0365540134e-04
1.1523632477e-03 3.0019225583e-04
3.6461822059e-04 -9.9618507259e-05
1.5137423867e-03 3.9727838301e-04
1.1903162402e-03 -3.0420434715e-04
1.3949589452e-03 3.7525919723e-04
1.5306664603e-03 -3.9492533510e-04
8.0171541785e-04 2.2700818384e-04
1.3950795970e-03 -3.6651273503e-04
2.4772366218e-04 8.0715229837e-05
7.8882038984e-04 -2.1469546168e-04
1.1045601424e-03 3.0190344660e-04
3.1580218480e-04 -9.1722661439e-05
1.4719639590e-03 4.0728543755e-04
1.1437689976e-03 -3.0749408891e-04
1.3736360778e-03 3.9296304908e-04
1.4906458107e-03 -4.0440001886e-04
8.1449025380e-04 2.4575259803e-04
1.3804309681e-03 -3.8295697665e-04
1.9633869940e-04 7.2505095961e-05
8.0777513570e-04 -2.3257702403e-04
1.0476583130e-03 3.0643656087e-04
2.6395855630e-04 -8.2938532117e-05
1.4260702358e-03 4.1739519971e-04
1.0905277580e-03 -3.0914640236e-04
1.3483746908e-03 4.0322678629e-04
1.4509336863e-03 -4.1357235204e-04
8.2162996153e-04 2.5697841272e-04
1.3582325863e-03 -3.9443452372e-04
1.4671059298e-04 6.0875674392e-05
8.1623042786e-04 -2.4530460018e-04
9.9315953001e-04 3.0543363324e-04
2.1537297734e-04 -7.3110604977e-05
1.3798464905e-03 4.2377727402e-04
1.0401668448e-03 -3.0910193727e-04
1.3261796289e-03 4.1563819359e-04
1.4085991203e-03 -4.2040474331e-04
8.3194760796e-04 2.7207541658e-04
1.3381927806e-03 -4.0701240594e-04
9.7004661862e-05 4.8866636554e-05
8.2788329124e-04 -2.6042239815e-04
9.4252761845e-04 3.0510859159e-04
1.6699932764e-04 -6.2349255671e-05
1.3356053942e-03 4.3019681587e-04
9.9205324955e-04 -3.0876321443e-04
1.2967731922e-03 4.2885528944e-04
1.3675824324e-03 -4.2673029076e-04
8.3328502755e-04 2.8877783717e-04
1.3131346103e-03 -4.1727549821e-04
5.0636822788e-05 3.5147470778e-05
8.3365137138e-04 -2.7358165058e-04
8.9362313899e-04 3.0265134665e-04
1.2185891960e-04 -5.1144713348e-05
1.2907238100e-03 4.3451550778e-04
9.3924888924e-04 -3.0596385502e-04
1.2629438451e-03 4.3445824245e-04
1.3234864859e-03 -4.3054307994e-04
8.2874806897e-04 2.9727526938e-04
1.2844342370e-03 -4.2308293411e-04
6.1905478909e-06 2.2013898525e-05
8.3283793732e-04 -2.8190123990e-04
8.2855070014e-04 2.9433260284e-04
7.8752946696e-05 -3.8502247149e-05
1.2347690766e-03 4.3432287720e-04
8.9334664466e-04 -3.0137741090e-04
1.2340631174e-03 4.3998087943e-04
1.2811321451e-03 -4.3282963168e-04
8.2901394966e-04 3.0541012613e-04
1.2584034363e-03 -4.3240914107e-04
8.3551522084e-04 -2.9534516380e-04
2.1924962616e-05 2.7023493291e-05
3.2829714391e-05 -2.5109179171e-05
7.8240981259e-04 2.9089707666e-04
8.4438424976e-04 -2.9831715082e-04
1.1917801106e-03 4.3676794644e-04
1.2379971348e-03 -4.3601220503e-04
1.1964212467e-03 4.4220582254e-04
1.2307263208e-03 -4.4004713870e-04
8.1584215511e-04 3.1080790069e-04
8.3639871559e-04 -3.0783863146e-04
6.0234505255e-05 4.1393148372e-05
5.2055605118e-05 -3.3486308657e-05
7.3847853192e-04 2.8020194061e-04
7.9278683337e-04 -2.9188156018e-04
1.1448194583e-03 4.3263977869e-04
1.1907629323e-03 -4.3601319144e-04
1.1616022598e-03 4.5114919057e-04
1.2008491696e-03 -4.4629933345e-04
8.1274596621e-04 3.2803782846e-04
8.3456299313e-04 -3.1902667877e-04
9.3814479992e-05 5.7066477265e-05
8.8956067918e-05 -4.8163197779e-05
6.7814197210e-04 2.7416827302e-04
7.4217654076e-04 -2.8493941494e-04
1.0892579203e-03 4.3253838153e-04
1.1447166901e-03 -4.3503829081e-04
1.1299467874e-03 4.5437520437e-04
1.1699915148e-03 -4.4826256550e-04
8.0868442904e-04 3.3567000046e-04
8.2707650469e-04 -3.2396859830e-04
1.2411119090e-04 6.9666336159e-05
1.2117183874e-04 -6.1087021343e-05
6.2688525781e-04 2.6385986410e-04
6.9828660876e-04 -2.7777347731e-04
1.0392418869e-03 4.2796632115e-04
1.1018316373e-03 -4.3377434808e-04
1.0907847628e-03 4.5270750646e-04
1.1376979332e-03 -4.5413213252e-04
7.8906666267e-04 3.3604920424e-04
8.2172873525e-04 -3.3768180133e-04
1.4848495700e-04 7.9793709563e-05
1.5170131219e-04 -7.6851543546e-05
5.8921998920e-04 2.5703303919e-04
6.4724245453e-04 -2.6800246761e-04
9.9989434252e-04 4.2635087746e-04
1.0526886203e-03 -4.2923310656e-04
1.0549890253e-03 4.5507077944e-04
1.1052169287e-03 -4.5437146938e-04
7.8153502010e-04 3.4823858333e-04
8.1292588930e-04 -3.4142120277e-04
1.7477697000e-04 9.4168060957e-05
1.7947927434e-04 -8.9085737284e-05
5.3624740615e-04 2.4476652864e-04
6.0432726569e-04 -2.5960802393e-04
1.0086514697e-03 -4.2558284294e-04
9.4514959313e-04 4.1920092287e-04
1.0700847828e-03 -4.5544383141e-04
1.0157479412e-03 4.5341885311e-04
8.0317122758e-04 -3.5048796177e-04
7.6439503876e-04 3.5158120519e-04
2.0422354577e-04 -1.0360158801e-04
1.9521067650e-04 1.0626163123e-04
5.5781893538e-04 -2.4873121488e-04
4.8664113477e-04 2.2993191762e-04
9.5997407739e-04 -4.1860278046e-04
8.9198244931e-04 4.0818937509e-04
1.0322613440e-03 -4.5400813355e-04
9.7664478939e-04 4.5030344129e-04
7.8901613903e-04 -3.5535046957e-04
7.4891240634e-04 3.5408132750e-04
2.2587338678e-04 -1.1614102503e-04
2.1327413164e-04 1.1625308195e-04
5.1403744464e-04 -2.3803268402e-04
4.4576552663e-04 2.1865614809e-04
9.1373424588e-04 -4.1178153448e-04
8.4808389449e-04 4.0119118496e-04
9.9538223573e-04 -4.5167181369e-04
9.3705469881e-04 4.4568093436e-04
7.7432200374e-04 -3.5942742677e-04
7.2857147346e-04 3.5471476975e-04
2.4439915718e-04 -1.2775017153e-04
2.2846133078e-04 1.2589295008e-04
4.7156230291e-04 -2.2659360183e-04
4.0223126664e-04 2.0515526404e-04
8.6876835186e-04 -4.0415665557e-04
7.9878408449e-04 3.9063756582e-04
9.5851357457e-04 -4.4829740881e-04
8.9705893897e-04 4.3973293521e-04
7.5553071864e-04 -3.6109445898e-04
7.1139142511e-04 3.5589002399e-04
2.5887972171e-04 -1.3812112338e-04
2.4403327725e-04 1.3605725635e-04
4.3001884160e-04 -2.1458296659e-04
3.5907486463e-04 1.9046748368e-04
8.2333457381e-04 -3.9549939542e-04
7.4776902379e-04 3.7786267239e-04
9.1969698235e-04 -4.4556343557e-04
8.5636837014e-04 4.3340484278e-04
7.3538248676e-04 -3.6948761097e-04
6.8831639999e-04 3.5612458509e-04
2.7042340617e-04 -1.5225953747e-04
3.8562798294e-04 -2.0073970318e-04
2.5293388853e-04 1.4479801181e-04
7.7296846586e-04 -3.8319542797e-04
3.2094764858e-04 1.7705755365e-04
8.8000050170e-04 -4.3930400829e-04
7.0269333311e-04 3.6633241723e-04
7.1532273907e-04 -3.6835140316e-04
8.1382607400e-04 4.2469650616e-04
2.8086245191e-04 -1.6060892977e-04
6.6511712867e-04 3.5448457846e-04
3.4604287493e-04 -1.8768289056e-04
2.6123412461e-04 1.5261499053e-04
7.2657447597e-04 -3.7154518032e-04
2.8281447321e-04 1.6255829954e-04
8.3929016265e-04 -4.3075166833e-04
6.5540499536e-04 3.5257039105e-04
6.9124960966e-04 -3.6526886301e-04
7.7211298308e-04 4.1483670043e-04
2.8785037016e-04 -1.6798077531e-04
6.4191994388e-04 3.5105247316e-04
3.0905400398e-04 -1.7511950406e-04
2.6687309969e-04 1.5840991276e-04
6.8130592457e-04 -3.5943667183e-04
2.4727338245e-04 1.4786940675e-04
7.9771478829e-04 -4.2066522180e-04
6.1196859882e-04 3.3906603649e-04
6.6503649961e-04 -3.6066014214e-04
7.3222522729e-04 4.0452658308e-04
2.9118283639e-04 -1.7305416191e-04
6.1151731834e-04 3.4309239461e-04
2.7239041580e-04 -1.6180959080e-04
2.6668720546e-04 1.6142045275e-04
6.3547430571e-04 -3.4682062476e-04
2.1474164286e-04 1.3380918971e-04
7.5462442061e-04 -4.0852008466e-04
5.6771752894e-04 3.2408376770e-04
6.3965227613e-04 -3.5178263862e-04
6.8664411740e-04 3.9082330504e-04
2.9379353207e-04 -1.7572749727e-04
5.8693424719e-04 3.3972500448e-04
2.3942553210e-04 -1.4824590457e-04
2.7020737938e-04 1.6844767155e-04
5.9323283336e-04 -3.3266442606e-04
7.0964362357e-04 -3.9587289882e-04
1.8125650016e-04 1.1965766081e-04
6.1142495734e-04 -3.4753727748e-04
5.2092536218e-04 3.0770080629e-04
2.9306411885e-04 -1.8151789913e-04
6.4291119682e-04 3.7751493037e-04
2.0405830298e-04 -1.3402979735e-04
5.5369740218e-04 3.3073099436e-04
5.4667369949e-04 -3.1648189502e-04
2.6395205719e-04 1.6983701046e-04
6.6574352710e-04 -3.8303438473e-04
1.5089315597e-04 1.0644842282e-04
5.7796965510e-04 -3.4015742453e-04
4.7889335477e-04 2.9317429257e-04
2.8758546031e-04 -1.8519900321e-04
5.9834153033e-04 3.6237997351e-04
1.7118388872e-04 -1.2107908073e-04
5.2390396213e-04 3.2884626615e-04
4.9788277202e-04 -2.9882742276e-04
2.6113905259e-04 1.7888483939e-04
6.1797412600e-04 -3.6687814802e-04
1.1956511556e-04 9.1594439455e-05
5.4219376667e-04 -3.2857172985e-04
4.2712366536e-04 2.7052331005e-04
2.7826991754e-04 -1.8440428086e-04
5.4940107371e-04 3.4341071863e-04
1.4001938460e-04 -1.0700754327e-04
4.8908572412e-04 3.0985704360e-04
4.5213226699e-04 -2.8051825593e-04
2.5231690421e-04 1.7116441542e-04
5.6897624776e-04 -3.4806880235e-04
9.4443554823e-05 7.7337330998e-05
5.0568606331e-04 -3.1531381504e-04
3.8733881055e-04 2.5183116388e-04
2.6799158415e-04 -1.8270903788e-04
5.0312213143e-04 3.2249457202e-04
1.0999668272e-04 -9.3142249173e-05
4.0406384365e-04 -2.6045462054e-04
4.5095668510e-04 2.9302870138e-04
5.1863084484e-04 -3.2757724179e-04
2.3980402335e-04 1.6669543690e-04
4.6548248796e-04 -2.9939096245e-04
7.0426865835e-05 6.4082400242e-05
2.5286165309e-04 -1.7835255784e-04
3.4357504754e-04 2.3092757494e-04
8.3064655887e-05 -8.0196520305e-05
4.5293498967e-04 2.9954950012e-04
3.5936255888e-04 -2.4056810603e-04
4.1023191653e-04 2.7575526053e-04
4.6645112483e-04 -3.0563349841e-04
2.2373127689e-04 1.6196830597e-04
4.1967166983e-04 -2.8555824541e-04
4.5554223662e-05 5.1809308110e-05
2.3209969292e-04 -1.7692609580e-04
2.9561427977e-04 2.0864777383e-04
5.4915366647e-05 -6.7373500333e-05
3.9780776927e-04 2.7391312188e-04
3.0485887899e-04 -2.1454538369e-04
3.6501879260e-04 2.5544581119e-04
4.0702303118e-04 -2.7734825464e-04
2.0424735089e-04 1.5487111648e-04
3.7365331581e-04 -2.6009822437e-04
2.3904625849e-05 4.0145972427e-05
2.1185084711e-04 -1.6416197273e-04
2.4447307491e-04 1.8142692017e-04
3.1450352299e-05 -5.5684470847e-05
3.3826833443e-04 2.4244951655e-04
2.5562366713e-04 -1.9132983452e-04
3.1253816381e-04 2.2703307859e-04
3.4582700851e-04 -2.4776604549e-04
1.7578189645e-04 1.3974177065e-04
3.1820148150e-04 -2.3314964197e-04
1.8148774340e-04 -1.5085410722e-04
3.7993958841e-06 2.9700623931e-05
7.5886401603e-06 -4.5212518379e-05
1.9598994661e-04 1.5605782437e-04
2.0059883300e-04 -1.6428327616e-04
2.7232792720e-04 2.0745981707e-04
2.7697853672e-04 -2.1320272901e-04
2.4766457397e-04 1.9381433225e-04
2.5329620893e-04 -2.0121962462e-04
1.3702200961e-04 1.2207674777e-04
1.4129466768e-04 -1.3295579827e-04
-1.5914501285e-05 2.1432947188e-05
-1.6870014561e-05 -3.5731931277e-05
1.3472904455e-04 1.2261120955e-04
1.3603286143e-04 -1.3187495718e-04
1.9021725984e-04 1.5964341081e-04
1.9172524647e-04 -1.6743441047e-04
1.6602559308e-04 1.4121846651e-04
1.6821535388e-04 -1.5007525730e-04
8.2841260730e-05 8.5963681880e-05
8.2944748955e-05 -9.7626969749e-05
-3.5862962114e-05 1.5484096713e-05
-4.2834844288e-05 -3.1172476154e-05
6.9273111843e-05 9.2184138235e-05
7.4803930898e-05 -1.1222653293e-04
8.7465988306e-05 9.3779035339e-05
8.6919218491e-05 -1.0947323250e-04
1.1006398847e-05 1.0461353096e-05
-1.7499200639e-05 -1.9629158983e-05
-5.0910272023e-05 -4.2452538689e-05
-8.9942384871e-05 3.7875219437e-05
-5.2590478955e-05 -1.8830730994e-05
-6.8580706529e-05 1.8389194615e-05
