3.0474001704e+02
3.0474145836e+02
3.0474289968e+02
3.0474379906e+02
3.0474337983e+02
3.0474286653e+02
3.0473722102e+02
3.0473429992e+02
3.0473191068e+02
3.0472411976e+02
3.0471616649e+02
3.0470595828e+02
3.0469528598e+02
3.0468539247e+02
3.0467054263e+02
3.0465540998e+02
3.0463724388e+02
3.0461759285e+02
3.0459818575e+02
3.0457323866e+02
3.0454813092e+02
3.0451838870e+02
3.0448941258e+02
3.0445852273e+02
3.0442168377e+02
3.0438617658e+02
3.0434379271e+02
3.0430153695e+02
3.0425465159e+02
3.0420809740e+02
3.0415689045e+02
3.0410241946e+02
3.0404705939e+02
3.0398679883e+02
3.0392343247e+02
3.0386068645e+02
3.0379078487e+02
3.0372045415e+02
3.0364597162e+02
3.0357070297e+02
3.0349129894e+02
3.0341076674e+02
3.0332593248e+02
3.0323997870e+02
3.0315059184e+02
3.0305793894e+02
3.0296099197e+02
3.0286585342e+02
3.0276008357e+02
3.0265339203e+02
3.0255661530e+02
3.0245531326e+02
3.0235143522e+02
3.0225216934e+02
3.0214387614e+02
3.0203479138e+02
3.0192840076e+02
3.0182237663e+02
3.0170728511e+02
3.0159354107e+02
3.0148054283e+02
3.0137206646e+02
3.0126324226e+02
3.0115418493e+02
3.0104305627e+02
3.0095260806e+02
3.0083418709e+02
3.0071979821e+02
3.0061674331e+02
3.0051246072e+02
3.0041251905e+02
3.0031591937e+02
3.0021924885e+02
3.0012749986e+02
3.0003975887e+02
2.9995433815e+02
2.9987096905e+02
2.9979371307e+02
2.9972100165e+02
2.9964936911e+02
2.9958334651e+02
2.9952240399e+02
2.9946508507e+02
2.9941595567e+02
2.9936564833e+02
2.9932323357e+02
2.9928611169e+02
2.9925385884e+02
2.9922315767e+02
2.9919977447e+02
2.9918385097e+02
2.9916529965e+02
2.9915533940e+02
2.9914546496e+02
2.9914255353e+02
2.9913934649e+02
2.9913793952e+02
2.9913611650e+02
2.9914048241e+02
2.9914883287e+02
