-9.6318266123e-07 -3.9676213591e-06
2.9361668390e-01 7.5613515221e-04
5.8137558640e-01 2.9874797886e-03
8.6319448977e-01 6.6442596310e-03
1.1390546209e+00 1.1671838371e-02
1.4088753205e+00 1.8024574659e-02
1.6726222347e+00 2.5643731917e-02
1.9302401860e+00 3.4486432972e-02
2.1816757481e+00 4.4499690643e-02
2.4268731112e+00 5.5631754671e-02
2.6657827015e+00 6.7840194780e-02
2.8983468800e+00 8.1063535022e-02
3.1245242733e+00 9.5268218703e-02
3.3442468979e+00 1.1038914347e-01
3.5574799126e+00 1.2639547279e-01
3.7641701610e+00 1.4322088359e-01
3.9642611172e+00 1.6083001856e-01
4.1577118458e+00 1.7916308210e-01
4.3444821826e+00 1.9817386963e-01
4.5244999761e+00 2.1781999465e-01
4.6977289740e+00 2.3803802973e-01
4.8641476249e+00 2.5879086332e-01
5.0236995093e+00 2.8002812494e-01
5.1763678768e+00 3.0169622853e-01
5.3220952350e+00 3.2374663800e-01
5.4608608114e+00 3.4613276736e-01
5.5926217299e+00 3.6879559288e-01
5.7173740799e+00 3.9169801867e-01
5.8350657465e+00 4.1477439422e-01
5.9456880358e+00 4.3798999407e-01
6.0492362489e+00 4.6128311470e-01
6.1456692432e+00 4.8460626154e-01
6.2349910624e+00 5.0790737315e-01
6.3171795779e+00 5.3114301793e-01
6.3922504734e+00 5.5425006199e-01
6.4601815422e+00 5.7719296232e-01
6.5209953459e+00 5.9990703420e-01
6.5746871238e+00 6.2235245522e-01
6.6212620465e+00 6.4447176955e-01
6.6607786973e+00 6.6621646415e-01
6.6931894744e+00 6.8753756164e-01
6.7185462914e+00 7.0838283498e-01
6.7368816892e+00 7.2870011887e-01
6.7482233468e+00 7.4844624389e-01
6.7526084721e+00 7.6755863156e-01
6.7500885122e+00 7.8600347200e-01
6.7406822872e+00 8.0371788753e-01
6.7244756450e+00 8.2066068376e-01
6.7015023822e+00 8.3678150632e-01
6.6718342999e+00 8.5203721547e-01
6.6355311406e+00 8.6636566175e-01
6.5926560583e+00 8.7973295577e-01
6.5432948126e+00 8.9208519225e-01
6.4875355493e+00 9.0338752418e-01
6.4254304289e+00 9.1357708288e-01
6.3571326857e+00 9.2262343374e-01
6.2826656327e+00 9.3047347451e-01
6.2022092469e+00 9.3709655040e-01
6.1158130747e+00 9.4243942056e-01
6.0236124405e+00 9.4647514375e-01
5.9257261607e+00 9.4915071345e-01
5.8222819926e+00 9.5044121172e-01
5.7133985327e+00 9.5030372876e-01
5.5992285666e+00 9.4870771439e-01
5.4799009218e+00 9.4562156867e-01
5.3555694811e+00 9.4101726421e-01
5.2263996777e+00 9.3485837896e-01
5.0925377313e+00 9.2712967597e-01
4.9541516124e+00 9.1780630480e-01
4.8114216257e+00 9.0686234375e-01
4.6645298219e+00 8.9428885598e-01
4.5136556492e+00 8.8006373768e-01
4.3589976415e+00 8.6418657516e-01
4.2007849523e+00 8.4664490142e-01
4.0392136717e+00 8.2744682262e-01
3.8744767723e+00 8.0657289211e-01
3.7068682932e+00 7.8405064070e-01
3.5365622618e+00 7.5988518759e-01
3.3638770381e+00 7.3409775157e-01
3.1890306509e+00 7.0671823999e-01
3.0123265074e+00 6.7776669834e-01
2.8340722985e+00 6.4729221152e-01
2.6545729680e+00 6.1535537083e-01
2.4741634068e+00 5.8199768810e-01
2.2932169179e+00 5.4728928739e-01
2.1121200841e+00 5.1133711326e-01
1.9313027270e+00 4.7420572241e-01
1.7512207453e+00 4.3603418517e-01
1.5724269888e+00 3.9694698568e-01
1.3954866056e+00 3.5710468458e-01
1.2210276876e+00 3.1670035765e-01
1.0498811895e+00 2.7594774468e-01
8.8290269090e-01 2.3515853541e-01
7.2119208126e-01 1.9460749256e-01
5.6610719654e-01 1.5476150083e-01
4.1932805021e-01 1.1608241891e-01
2.8347731441e-01 7.9506995939e-02
1.6203441569e-01 4.5858663415e-02
6.1105733668e-02 1.7074058176e-02
-4.7286557209e-05 -1.3091058349e-05
