3.4331892067e+02
3.4326599198e+02
3.4321434808e+02
3.4316576407e+02
3.4311973503e+02
3.4307435394e+02
3.4303228516e+02
3.4299164246e+02
3.4295420642e+02
3.4291806921e+02
3.4288347738e+02
3.4285343763e+02
3.4282380565e+02
3.4279647579e+02
3.4277203757e+02
3.4274982390e+02
3.4273090819e+02
3.4271288864e+02
3.4269705494e+02
3.4268568648e+02
3.4267546624e+02
3.4266682284e+02
3.4266216920e+02
3.4265960163e+02
3.4265931289e+02
3.4266350443e+02
3.4266846632e+02
3.4267584954e+02
3.4268622483e+02
3.4270035421e+02
3.4271609358e+02
3.4273502643e+02
3.4275541505e+02
3.4277984193e+02
3.4280756421e+02
3.4283614772e+02
3.4286996679e+02
3.4290425026e+02
3.4294240075e+02
3.4298246699e+02
3.4302470016e+02
3.4307238569e+02
3.4312114316e+02
3.4317364842e+02
3.4322736578e+02
3.4328386978e+02
3.4334566993e+02
3.4340878442e+02
3.4347536358e+02
3.4354372847e+02
3.4361380036e+02
3.4368796257e+02
3.4376427393e+02
3.4384347222e+02
3.4392554836e+02
3.4400914551e+02
3.4409632802e+02
3.4418639822e+02
3.4427814915e+02
3.4437213789e+02
3.4446986434e+02
3.4456755912e+02
3.4466989718e+02
3.4477562596e+02
3.4487964235e+02
3.4498746180e+02
3.4510160141e+02
3.4520971245e+02
3.4532613509e+02
3.4544330956e+02
3.4556252697e+02
3.4568264306e+02
3.4580503692e+02
3.4593126425e+02
3.4605744405e+02
3.4618485989e+02
3.4631362321e+02
3.4644528432e+02
3.4657948170e+02
3.4671345553e+02
3.4685180439e+02
3.4698918735e+02
3.4712647786e+02
3.4726924797e+02
3.4741319140e+02
3.4755471917e+02
3.4770030279e+02
3.4784569044e+02
3.4799739750e+02
3.4814320063e+02
3.4830217526e+02
3.4844513592e+02
3.4860562859e+02
3.4875688759e+02
3.4891237566e+02
3.4908675683e+02
3.4918565410e+02
3.4944743512e+02
3.4945531908e+02
3.4841184295e+02
