9.5505074093e-02 8.0636291415e-02
1.0841159128e-01 -8.9326049819e-02
1.2000417543e-01 9.9762844047e-02
1.3468534595e-01 -1.1020627035e-01
1.4642990620e-01 1.1818739885e-01
1.6304979992e-01 -1.3089194563e-01
1.7473384335e-01 1.3593111024e-01
1.9344342412e-01 -1.5082924193e-01
2.0485816405e-01 1.5301376063e-01
2.2581312194e-01 -1.7004211809e-01
2.3673582203e-01 1.6945358897e-01
2.6009547407e-01 -1.8855305608e-01
2.7029076287e-01 1.8526712963e-01
2.9621692640e-01 -2.0638286989e-01
3.0543817761e-01 2.0046906254e-01
3.3409402130e-01 -2.2355052579e-01
3.4208479358e-01 2.1507207518e-01
3.7363367124e-01 -2.4007297449e-01
3.8059737993e-01 2.2928633615e-01
4.1473347380e-01 -2.5596499626e-01
4.2343396280e-01 2.4452499994e-01
4.5939654476e-01 -2.7265990639e-01
4.6766289454e-01 2.5985329791e-01
5.0640395908e-01 -2.9002501344e-01
5.1307880760e-01 2.7527321465e-01
5.5460770618e-01 -3.0754033677e-01
5.5946233888e-01 2.9077829668e-01
6.0377772732e-01 -3.2519884296e-01
6.0658104986e-01 3.0635362241e-01
6.5341346687e-01 -3.4246191031e-01
6.5433956485e-01 3.2029969308e-01
7.0024140460e-01 -3.5326061890e-01
7.0228014822e-01 3.2989842234e-01
7.4631199224e-01 -3.6184307242e-01
7.4994947833e-01 3.3785037876e-01
7.9178183646e-01 -3.6834389763e-01
7.9740880450e-01 3.4422785923e-01
8.3861387158e-01 -3.7398937395e-01
8.4470741035e-01 3.4910020068e-01
8.8772479667e-01 -3.7967982063e-01
8.9188217330e-01 3.5253340523e-01
9.3661067086e-01 -3.8403383545e-01
9.3895718718e-01 3.5458978816e-01
9.8526651888e-01 -3.8704373055e-01
9.8594344966e-01 3.5532765038e-01
1.0336805322e+00 -3.8870380488e-01
1.0337626051e+00 3.5533556903e-01
1.0812618800e+00 3.5417657952e-01
1.0818339309e+00 -3.8901036074e-01
1.1272089804e+00 3.5152172467e-01
1.1297008627e+00 -3.8796171562e-01
1.1721997737e+00 3.4750928744e-01
1.1772483366e+00 -3.8555820944e-01
1.2164425999e+00 3.4219016110e-01
1.2244361963e+00 -3.8180220707e-01
1.2599193637e+00 3.3556457227e-01
1.2709093063e+00 -3.7676181073e-01
1.3026066707e+00 3.2763559306e-01
1.3143323671e+00 -3.7092989885e-01
1.3444757683e+00 3.1840915244e-01
1.3561239795e+00 -3.6401967442e-01
1.3854925176e+00 3.0789403852e-01
1.3962772952e+00 -3.5602902586e-01
1.4256173958e+00 2.9610189178e-01
1.4347823165e+00 -3.4695691144e-01
1.4648055282e+00 2.8304718909e-01
1.4717993201e+00 -3.3611198370e-01
1.5023362351e+00 2.6886910391e-01
1.5070134449e+00 -3.2406625737e-01
1.5356888731e+00 2.5414286704e-01
1.5403009442e+00 -3.1116427850e-01
1.5677435264e+00 2.3853295180e-01
1.5716496811e+00 -2.9741280273e-01
1.5987900850e+00 2.2229759672e-01
1.6010450857e+00 -2.8281891994e-01
1.6269099850e+00 2.0526035833e-01
1.6284701006e+00 -2.6739007430e-01
1.6518640284e+00 1.8742760103e-01
1.6539051482e+00 -2.5113408598e-01
1.6747492659e+00 1.6922749679e-01
1.6773281176e+00 -2.3405917433e-01
1.6955665932e+00 1.5067555603e-01
1.6987143731e+00 -2.1617398241e-01
1.7143149328e+00 1.3178774978e-01
1.7180367830e+00 -1.9748760274e-01
1.7309911553e+00 1.1258050448e-01
1.7352657694e+00 -1.7800960404e-01
1.7455900188e+00 9.3070695901e-02
1.7503693792e+00 -1.5775005880e-01
1.7581041280e+00 7.3275642065e-02
1.7633133744e+00 -1.3671957160e-01
1.7685239121e+00 5.3213095181e-02
1.7736144577e+00 -1.1491742042e-01
1.7768376222e+00 3.2901232541e-02
1.7815682699e+00 -9.3136871868e-02
1.7830313482e+00 1.2358646372e-02
1.7862551410e+00 -7.1733226154e-02
1.7870890552e+00 -8.3956673971e-03
1.7887220010e+00 -5.0461550587e-02
1.7889926391e+00 -2.9342321463e-02
