4.6614999042e+02
4.6635852361e+02
4.6653888315e+02
4.6665371927e+02
4.6669892034e+02
4.6676851526e+02
4.6685595885e+02
4.6694358078e+02
4.6695920793e+02
4.6692163790e+02
4.6688790838e+02
4.6687638546e+02
4.6686505987e+02
4.6678392362e+02
4.6669052123e+02
4.6660432115e+02
4.6652740707e+02
4.6642961670e+02
4.6628533491e+02
4.6614373320e+02
4.6601829507e+02
4.6587292286e+02
4.6569915658e+02
4.6552568403e+02
4.6535250752e+02
4.6518445263e+02
4.6499479552e+02
4.6478940613e+02
4.6458649385e+02
4.6438390599e+02
4.6418164497e+02
4.6395603898e+02
4.6371392649e+02
4.6347216689e+02
4.6323076277e+02
4.6299154773e+02
4.6273337098e+02
4.6247241619e+02
4.6221183443e+02
4.6195162834e+02
4.6168825593e+02
4.6139591706e+02
4.6110397881e+02
4.6081244394e+02
4.6052407986e+02
4.6023462618e+02
4.5992328456e+02
4.5961263736e+02
4.5930252287e+02
4.5899283072e+02
4.5866909152e+02
4.5833382476e+02
4.5799901387e+02
4.5766466175e+02
4.5733444780e+02
4.5699967154e+02
4.5664330740e+02
4.5628955923e+02
4.5593628304e+02
4.5558348177e+02
4.5523115833e+02
4.5485860429e+02
4.5447895199e+02
4.5409980856e+02
4.5372801133e+02
4.5335400882e+02
4.5296122703e+02
4.5256898627e+02
4.5217731363e+02
4.5178616590e+02
4.5138298205e+02
4.5096934125e+02
4.5055625694e+02
4.5014908561e+02
4.4973632860e+02
4.4930946706e+02
4.4888486707e+02
4.4846514290e+02
4.4803430038e+02
4.4759339694e+02
4.4715763502e+02
4.4672246734e+02
4.4627493057e+02
4.4582458138e+02
4.4536770820e+02
4.4490507342e+02
4.4444307019e+02
4.4398181853e+02
4.4351737013e+02
4.4303541694e+02
4.4256018283e+02
4.4208559374e+02
4.4161165299e+02
4.4112091719e+02
4.4062218031e+02
4.4012412637e+02
4.3962831379e+02
4.3913301179e+02
4.3861399143e+02
4.3810613370e+02
4.3759897535e+02
4.3709209323e+02
4.3655887022e+02
4.3602637740e+02
4.3549461830e+02
4.3496359646e+02
4.3443538767e+02
4.3388702292e+02
4.3334047479e+02
4.3279468141e+02
4.3224964634e+02
4.3170537313e+02
4.3113701609e+02
4.3056604826e+02
4.2999588462e+02
4.2942902615e+02
4.2885373935e+02
4.2825867796e+02
4.2767501131e+02
4.2709216156e+02
4.2651013237e+02
4.2591351134e+02
4.2530510804e+02
4.2469756742e+02
4.2409080778e+02
4.2348425295e+02
4.2285171170e+02
4.2222278410e+02
4.2160269974e+02
4.2098348946e+02
4.2035178085e+02
4.1970449324e+02
4.1905812417e+02
4.1841020052e+02
4.1776286653e+02
4.1710933512e+02
4.1643575140e+02
4.1576314531e+02
4.1509792676e+02
4.1443802319e+02
4.1375470017e+02
4.1306592869e+02
4.1238028965e+02
4.1169563581e+02
4.1100394773e+02
4.1028939544e+02
4.0957587292e+02
4.0886338430e+02
4.0816115811e+02
4.0743913948e+02
4.0671179590e+02
4.0598563124e+02
4.0526049341e+02
4.0452915951e+02
4.0377660186e+02
4.0302511295e+02
4.0227469691e+02
4.0152589760e+02
4.0075528058e+02
3.9998760355e+02
3.9922098915e+02
3.9845544144e+02
3.9768894012e+02
3.9689206769e+02
3.9609630979e+02
3.9530167057e+02
3.9450891956e+02
3.9370229411e+02
3.9287442811e+02
3.9206477969e+02
3.9125621399e+02
3.9044873496e+02
3.8963060919e+02
3.8879291736e+02
3.8795636753e+02
3.8711361968e+02
3.8626905612e+02
3.8542429955e+02
3.8455717580e+02
3.8369124059e+02
3.8282649812e+02
3.8196295261e+02
3.8109551519e+02
3.8020779804e+02
3.7932514756e+02
3.7844362099e+02
3.7756322224e+02
3.7666777992e+02
3.7575969701e+02
3.7485279091e+02
3.7394377160e+02
3.7303319618e+02
3.7210585576e+02
3.7117079696e+02
3.7023695224e+02
3.6930667520e+02
3.6838776193e+02
3.6745095547e+02
3.6650045952e+02
3.6555107527e+02
3.6460280638e+02
3.6365304604e+02
3.6268191336e+02
3.6171194203e+02
3.6074313582e+02
3.5977062293e+02
3.5878512416e+02
3.5778301267e+02
3.5679286612e+02
3.5581114835e+02
3.5483047190e+02
3.5383780356e+02
3.5283866803e+02
3.5182781762e+02
3.5081801116e+02
3.4980925195e+02
3.4878786537e+02
3.4776315154e+02
3.4673951969e+02
3.4571451420e+02
3.4467574519e+02
3.4363230668e+02
3.4258942782e+02
3.4154761087e+02
3.4050787233e+02
3.3946686166e+02
3.3841777307e+02
3.3736963318e+02
3.3632244486e+02
3.3525863192e+02
3.3417735781e+02
3.3310806360e+02
3.3204794205e+02
3.3098872064e+02
3.2992135080e+02
3.2883277213e+02
3.2774710033e+02
3.2666295193e+02
3.2557965220e+02
3.2449720362e+02
3.2340508932e+02
3.2230440381e+02
3.2121010950e+02
3.2012114796e+02
3.1903283495e+02
3.1794496559e+02
3.1685422447e+02
3.1574648037e+02
3.1463931888e+02
3.1353274163e+02
3.1242857769e+02
3.1132700936e+02
3.1022602602e+02
3.0912242825e+02
3.0799220975e+02
3.0686481432e+02
3.0575481741e+02
3.0464529417e+02
3.0353624592e+02
3.0242767397e+02
3.0129422951e+02
3.0017586802e+02
2.9905786221e+02
2.9794021307e+02
2.9682386374e+02
2.9571458760e+02
2.9459573848e+02
2.9347701501e+02
2.9235841755e+02
2.9123994641e+02
2.9012564094e+02
2.8902935599e+02
2.8790926783e+02
2.8678464954e+02
2.8566002470e+02
2.8453539329e+02
2.8343935954e+02
2.8234341610e+02
2.8123696950e+02
2.8010818808e+02
2.7897927239e+02
2.7787423172e+02
2.7678159923e+02
2.7568877100e+02
2.7457261022e+02
2.7345228333e+02
2.7236561643e+02
2.7127863730e+02
2.7016888491e+02
2.6905538646e+02
2.6797069542e+02
2.6688743218e+02
2.6580374896e+02
2.6470261957e+02
2.6362010490e+02
2.6253963444e+02
2.6145984290e+02
2.6038093000e+02
2.5931055931e+02
2.5825157386e+02
2.5718657702e+02
2.5611559667e+02
2.5504379944e+02
2.5398497564e+02
2.5293575674e+02
2.5188570517e+02
2.5083481890e+02
2.4976999572e+02
2.4873563578e+02
2.4770511483e+02
2.4667358334e+02
2.4564103887e+02
2.4459921098e+02
2.4357738689e+02
2.4256807333e+02
2.4155759252e+02
2.4054594168e+02
2.3952975258e+02
2.3851675338e+02
2.3752919581e+02
2.3654032841e+02
2.3555014806e+02
2.3455369133e+02
2.3357259934e+02
2.3260203012e+02
2.3163001851e+02
2.3065656114e+02
2.2969833499e+02
2.2874497868e+02
2.2779006979e+02
2.2683775304e+02
2.2589710559e+02
2.2495492114e+02
2.2401240709e+02
2.2309876280e+02
2.2218495879e+02
2.2127968569e+02
2.2037277963e+02
2.1946423691e+02
2.1855405381e+02
2.1764682297e+02
2.1677240565e+02
2.1589610762e+02
2.1501792467e+02
2.1413785258e+02
2.1326003922e+02
2.1239250190e+02
2.1155058935e+02
2.1070672920e+02
2.0986091715e+02
2.0902026287e+02
2.0817957083e+02
2.0735358824e+02
2.0654291277e+02
2.0573201675e+02
2.0491970921e+02
2.0410539580e+02
2.0332622325e+02
2.0254701836e+02
2.0176048156e+02
2.0097188037e+02
2.0019386517e+02
1.9944230817e+02
1.9868864137e+02
1.9793292490e+02
1.9717510006e+02
1.9643805723e+02
1.9571292615e+02
1.9498643252e+02
1.9426233082e+02
1.9354076227e+02
1.9283761497e+02
1.9213225925e+02
1.9144062008e+02
1.9075184836e+02
1.9006506147e+02
1.8938915515e+02
1.8871564834e+02
1.8806517770e+02
1.8741256418e+02
1.8675780336e+02
1.8610089078e+02
1.8547470572e+02
1.8485202505e+02
1.8422278456e+02
1.8359125182e+02
1.8295742215e+02
1.8235637698e+02
1.8175795805e+02
1.8116446550e+02
1.8056872645e+02
1.7998913909e+02
1.7942649874e+02
1.7886170129e+02
1.7829474238e+02
1.7772561768e+02
1.7718492174e+02
1.7664397661e+02
1.7610080303e+02
1.7555539655e+02
1.7503212026e+02
1.7451201674e+02
1.7399335629e+02
1.7348197785e+02
1.7298507940e+02
1.7250261125e+02
1.7201806744e+02
1.7153144388e+02
1.7104273652e+02
1.7056883878e+02
1.7011537422e+02
1.6965234940e+02
1.6918718739e+02
1.6871988406e+02
1.6827785115e+02
1.6785281927e+02
1.6742574908e+02
1.6699602527e+02
1.6657394499e+02
1.6617512394e+02
1.6576212054e+02
1.6534703038e+02
1.6492984949e+02
1.6454720645e+02
1.6417455348e+02
1.6379993032e+02
1.6341758047e+02
1.6303816253e+02
1.6269026448e+02
1.6232974439e+02
1.6196480694e+02
1.6159790323e+02
1.6126059642e+02
1.6093513630e+02
1.6060780522e+02
1.6027859970e+02
1.5996413132e+02
1.5964990874e+02
1.5933379626e+02
1.5901579039e+02
1.5871160981e+02
1.5842425610e+02
1.5814329801e+02
1.5786054314e+02
1.5757598821e+02
1.5730043460e+02
1.5703495475e+02
1.5676772265e+02
1.5649873509e+02
1.5623943500e+02
1.5599202944e+02
1.5575916111e+02
1.5552625379e+02
1.5529168888e+02
1.5505641555e+02
1.5483471839e+02
1.5462474993e+02
1.5441961695e+02
1.5421290134e+02
1.5400967186e+02
1.5381402915e+02
1.5363154656e+02
1.5344796189e+02
1.5326954385e+02
1.5310793232e+02
1.5294210276e+02
1.5277248085e+02
1.5260962681e+02
1.5248061595e+02
1.5235006859e+02
1.5221680761e+02
1.5208220455e+02
1.5196903395e+02
1.5185549782e+02
1.5175202644e+02
1.5165747384e+02
1.5156190476e+02
1.5149863952e+02
1.5143418109e+02
1.5138174067e+02
1.5134025042e+02
1.5129767848e+02
1.5125133180e+02
1.5122525973e+02
1.5124902887e+02
1.5126291549e+02
1.5127477410e+02
1.5128569831e+02
1.5133259569e+02
1.5139141401e+02
1.5149080448e+02
1.5158955127e+02
1.5169446712e+02
1.5182879771e+02
1.5199463205e+02
1.5220994605e+02
1.5242504484e+02
1.5264086338e+02
1.5286689930e+02
1.5318582669e+02
