2.1026636119e+02
2.0816416546e+02
2.0817814461e+02
2.1024988709e+02
2.0819212376e+02
2.1023341299e+02
2.0820610291e+02
2.1021693889e+02
2.0822039385e+02
2.1019955566e+02
2.0823493003e+02
2.1018252396e+02
2.0824946620e+02
2.1016548794e+02
2.0826400238e+02
2.1014821483e+02
2.0827907825e+02
2.1013094171e+02
2.0829389755e+02
2.1011154080e+02
2.1009236178e+02
2.0830871685e+02
2.1007392870e+02
2.0832353615e+02
2.1005550337e+02
2.0833926845e+02
2.1003743891e+02
2.0835503509e+02
2.1001819652e+02
2.0836984327e+02
2.0999756371e+02
2.0838479014e+02
2.0997720135e+02
2.0840066961e+02
2.0995701693e+02
2.0841654908e+02
2.0993683251e+02
2.0843242855e+02
2.0991711875e+02
2.0844895561e+02
2.0989556949e+02
2.0846577635e+02
2.0987374125e+02
2.0848259709e+02
2.0985191301e+02
2.0849975050e+02
2.0983001330e+02
2.0851793768e+02
2.0980808666e+02
2.0853607899e+02
2.0978551497e+02
2.0855348637e+02
2.0976122866e+02
2.0857221690e+02
2.0973694206e+02
2.0859129347e+02
2.0971306089e+02
2.0861082295e+02
2.0968930486e+02
2.0863103698e+02
2.0966533257e+02
2.0865203314e+02
2.0964022777e+02
2.0867267339e+02
2.0961419580e+02
2.0869331364e+02
2.0958802194e+02
2.0871539946e+02
2.0956159214e+02
2.0873765124e+02
2.0953516234e+02
2.0875990301e+02
2.0950883949e+02
2.0878261263e+02
2.0948179735e+02
2.0880667868e+02
2.0945422071e+02
2.0883081236e+02
2.0942664408e+02
2.0885505369e+02
2.0939920969e+02
2.0888071364e+02
2.0937193762e+02
2.0890598419e+02
2.0934449493e+02
2.0893070972e+02
2.0931544612e+02
2.0895659861e+02
2.0928705364e+02
2.0898306395e+02
2.0925878900e+02
2.0900952929e+02
2.0923077587e+02
2.0903664692e+02
2.0920323226e+02
2.0906398215e+02
2.0917538885e+02
2.0909131738e+02
2.0914693002e+02
2.0911865261e+02
