5.0377386560e+02
5.0397259267e+02
5.0417142332e+02
5.0437035837e+02
5.0450911580e+02
5.0462417084e+02
5.0468291105e+02
5.0474186724e+02
5.0480104109e+02
5.0485383158e+02
5.0486370026e+02
5.0486935871e+02
5.0487526860e+02
5.0486659686e+02
5.0482148350e+02
5.0476309240e+02
5.0469772691e+02
5.0463267214e+02
5.0456793035e+02
5.0448714715e+02
5.0437181357e+02
5.0425341229e+02
5.0414054082e+02
5.0403187360e+02
5.0389997901e+02
5.0375741452e+02
5.0361861564e+02
5.0347756290e+02
5.0329723669e+02
5.0312444269e+02
5.0295815472e+02
5.0279225033e+02
5.0259884337e+02
5.0239250279e+02
5.0218659226e+02
5.0198184276e+02
5.0177650678e+02
5.0154632515e+02
5.0131661702e+02
5.0108738537e+02
5.0085370649e+02
5.0061275457e+02
5.0037228570e+02
5.0013089453e+02
4.9985982996e+02
4.9958928138e+02
4.9931925190e+02
4.9905944458e+02
4.9877259757e+02
4.9848809731e+02
4.9820452473e+02
4.9792149172e+02
4.9762281079e+02
4.9731001544e+02
4.9699780196e+02
4.9668617367e+02
4.9637055603e+02
4.9603849837e+02
4.9571381272e+02
4.9538982182e+02
4.9505950668e+02
4.9470717750e+02
4.9435547904e+02
4.9400535957e+02
4.9366094207e+02
4.9330289554e+02
4.9292533148e+02
4.9254847334e+02
4.9217773361e+02
4.9180813621e+02
4.9143920702e+02
4.9104774520e+02
4.9065107224e+02
4.9025486992e+02
4.8985938994e+02
4.8945253073e+02
4.8903139344e+02
4.8861103108e+02
4.8819144756e+02
4.8777466768e+02
4.8733950761e+02
4.8690607349e+02
4.8647343606e+02
4.8603799466e+02
4.8558061856e+02
4.8512408034e+02
4.8466797617e+02
4.8421080637e+02
4.8373075708e+02
4.8325157713e+02
4.8277327068e+02
4.8229584186e+02
4.8180657866e+02
4.8130926755e+02
4.8081378194e+02
4.8031923083e+02
4.7981891787e+02
4.7929088603e+02
4.7876383745e+02
4.7823777662e+02
4.7771270804e+02
4.7717710796e+02
4.7663099495e+02
4.7608589694e+02
4.7554181847e+02
4.7499876408e+02
4.7443029845e+02
4.7385353553e+02
4.7328783117e+02
4.7272285462e+02
4.7212217964e+02
4.7152266760e+02
4.7093414575e+02
4.7034804932e+02
4.6972977601e+02
4.6910344478e+02
4.6848412557e+02
4.6787192134e+02
4.6724493934e+02
4.6659025470e+02
4.6594250048e+02
4.6530207452e+02
4.6465688368e+02
4.6398166034e+02
4.6330771489e+02
4.6263505253e+02
4.6195800680e+02
4.6126299134e+02
4.6055903665e+02
4.5985640905e+02
4.5915511386e+02
4.5844756868e+02
4.5771972174e+02
4.5698267941e+02
4.5624702862e+02
4.5551277482e+02
4.5476764599e+02
4.5400403312e+02
4.5323538126e+02
4.5246819909e+02
4.5170249226e+02
4.5092252758e+02
4.5012228879e+02
4.4932362722e+02
4.4851513862e+02
4.4770784345e+02
4.4686750615e+02
4.4602854062e+02
4.4519124893e+02
4.4435715182e+02
4.4350361682e+02
4.4263837523e+02
4.4177477598e+02
4.4091282507e+02
4.4005252852e+02
4.3915139127e+02
4.3824672976e+02
4.3733358004e+02
4.3641588501e+02
4.3549994170e+02
4.3456951400e+02
4.3362221338e+02
4.3267676860e+02
4.3172454837e+02
4.3076335042e+02
4.2977467745e+02
4.2877902495e+02
4.2778532998e+02
4.2680294050e+02
4.2581512689e+02
4.2479096161e+02
4.2376757312e+02
4.2274604453e+02
4.2172638221e+02
4.2068170778e+02
4.1962474953e+02
4.1855359485e+02
4.1748035950e+02
4.1640906776e+02
4.1532317953e+02
4.1421599554e+02
4.1311088047e+02
4.1200688413e+02
4.1088191781e+02
4.0975345926e+02
4.0859947785e+02
4.0744762741e+02
4.0629791487e+02
4.0515034719e+02
4.0396466056e+02
4.0276616176e+02
4.0156832279e+02
4.0037264941e+02
3.9917914857e+02
3.9797698654e+02
3.9673028513e+02
3.9549341242e+02
3.9425850022e+02
3.9302555468e+02
3.9178621930e+02
3.9052393991e+02
3.8924097272e+02
3.8795999022e+02
3.8668099855e+02
3.8539432596e+02
3.8409833190e+02
3.8279385577e+02
3.8146071662e+02
3.8012957880e+02
3.7879696001e+02
3.7745845144e+02
3.7612199066e+02
3.7476604004e+02
3.7338867143e+02
3.7201241895e+02
3.7063298774e+02
3.6925556851e+02
3.6788016723e+02
3.6646679689e+02
3.6504694485e+02
3.6362929829e+02
3.6221367426e+02
3.6080000086e+02
3.5938182310e+02
3.5792104800e+02
3.5646456645e+02
3.5501233113e+02
3.5356196164e+02
3.5211346336e+02
3.5064417979e+02
3.4913987943e+02
3.4765835482e+02
3.4617855400e+02
3.4470048186e+02
3.4322086026e+02
3.4169299083e+02
3.4018049420e+02
3.3867148029e+02
3.3716405390e+02
3.3565821946e+02
3.3412612367e+02
3.3257129451e+02
3.3104224333e+02
3.2951458451e+02
3.2798832188e+02
3.2645167089e+02
3.2487092023e+02
3.2331975589e+02
3.2177348342e+02
3.2022838685e+02
3.1868446935e+02
3.1710209624e+02
3.1550478048e+02
3.1394799675e+02
3.1239213736e+02
3.1083720480e+02
3.0926450192e+02
3.0765536764e+02
3.0606966272e+02
3.0450659901e+02
3.0294422330e+02
3.0138253740e+02
2.9976934945e+02
2.9815662870e+02
2.9658271484e+02
2.9500926437e+02
2.9343627848e+02
2.9186375838e+02
2.9025130332e+02
2.8863294172e+02
2.8705556321e+02
2.8547842154e+02
2.8390127093e+02
2.8232602762e+02
2.8076242910e+02
2.7919880921e+02
2.7763516790e+02
2.7603089421e+02
2.7442322739e+02
2.7285162929e+02
2.7127975691e+02
2.6970896061e+02
2.6816251320e+02
2.6661463144e+02
2.6506283839e+02
2.6351049953e+02
2.6194335511e+02
2.6037643898e+02
2.5883714545e+02
2.5729703529e+02
2.5575610651e+02
2.5421435712e+02
2.5266763982e+02
2.5115942231e+02
2.4965090142e+02
2.4814106976e+02
2.4662992418e+02
2.4511746152e+02
2.4360054159e+02
2.4208071639e+02
2.4058435692e+02
2.3911844617e+02
2.3765091671e+02
2.3618572220e+02
2.3472050913e+02
2.3325367604e+02
2.3178521914e+02
2.3034056808e+02
2.2892630414e+02
2.2750252505e+02
2.2607065363e+02
2.2463664276e+02
2.2320143246e+02
2.2178110763e+02
2.2038495384e+02
2.1900296547e+02
2.1761860811e+02
2.1623929242e+02
2.1488321527e+02
2.1352481307e+02
2.1216408055e+02
2.1081370968e+02
2.0950555742e+02
2.0820143362e+02
2.0688104358e+02
2.0555785627e+02
2.0423351607e+02
2.0292415692e+02
2.0165965454e+02
2.0039220550e+02
1.9912180324e+02
1.9786359864e+02
1.9660900651e+02
1.9537493957e+02
1.9414195282e+02
1.9290590559e+02
1.9172428970e+02
1.9054634643e+02
1.8936539310e+02
1.8816676863e+02
1.8699112945e+02
1.8584168853e+02
1.8469021609e+02
1.8353544057e+02
1.8240349615e+02
1.8130564008e+02
1.8020456840e+02
1.7910027422e+02
1.7799015692e+02
1.7692911182e+02
1.7586639096e+02
1.7480013417e+02
1.7373033393e+02
1.7270448570e+02
1.7168095465e+02
1.7065470467e+02
1.6963524857e+02
1.6862775590e+02
1.6767901697e+02
1.6672174598e+02
1.6575821054e+02
1.6479122819e+02
1.6382165223e+02
1.6287823154e+02
1.6196532746e+02
1.6108730950e+02
1.6020486347e+02
1.5929267788e+02
1.5837683020e+02
1.5751259855e+02
1.5666640634e+02
1.5581706177e+02
1.5496596625e+02
1.5411136979e+02
1.5333030088e+02
1.5254682163e+02
1.5173642301e+02
1.5092246005e+02
1.5011577233e+02
1.4937679865e+02
1.4863442259e+02
1.4788863736e+02
1.4713383295e+02
1.4639925128e+02
1.4570371196e+02
1.4499757845e+02
1.4428810175e+02
1.4357527527e+02
1.4289922371e+02
1.4225010723e+02
1.4159731555e+02
1.4092314255e+02
1.4029582760e+02
1.3967324025e+02
1.3903563355e+02
1.3841377090e+02
1.3782078679e+02
1.3722523800e+02
1.3662656738e+02
1.3605894449e+02
1.3550354540e+02
1.3494427779e+02
1.3436893424e+02
1.3384830437e+02
1.3333180754e+02
1.3279991582e+02
1.3226457731e+02
1.3174851218e+02
1.3126892885e+02
1.3077604132e+02
1.3027987178e+02
1.2978080422e+02
1.2934081931e+02
1.2890017835e+02
1.2845677773e+02
1.2801061229e+02
1.2757932531e+02
1.2716703283e+02
1.2675201271e+02
1.2633425989e+02
1.2591132551e+02
1.2552756474e+02
1.2514139685e+02
1.2475277092e+02
1.2436168244e+02
1.2400581187e+02
1.2365844904e+02
1.2329969256e+02
1.2293770521e+02
1.2259725229e+02
1.2227403988e+02
1.2195949423e+02
1.2164265428e+02
1.2132351587e+02
1.2100382065e+02
1.2070991431e+02
1.2042561117e+02
1.2014382220e+02
1.1985988977e+02
1.1957789269e+02
1.1931709272e+02
1.1906099885e+02
1.1880819860e+02
1.1855338997e+02
1.1831149597e+02
1.1808310439e+02
1.1785345064e+02
1.1762353017e+02
1.1739721816e+02
1.1719882231e+02
1.1699866652e+02
1.1679664668e+02
1.1659903137e+02
1.1642894994e+02
1.1624406785e+02
1.1605753512e+02
1.1586937929e+02
1.1570790702e+02
1.1555535828e+02
1.1540916677e+02
1.1526149488e+02
1.1511234005e+02
1.1497180932e+02
1.1484229247e+02
1.1472758809e+02
1.1461419271e+02
1.1449944137e+02
1.1439656877e+02
1.1429907473e+02
1.1421159077e+02
1.1413091548e+02
1.1404901005e+02
1.1398215962e+02
1.1392149031e+02
1.1386479840e+02
1.1382233390e+02
1.1377877365e+02
1.1375630293e+02
1.1373322309e+02
1.1371729863e+02
1.1371303140e+02
1.1372845532e+02
1.1374445199e+02
1.1376547371e+02
1.1380723206e+02
1.1386429294e+02
1.1391761858e+02
1.1399949886e+02
1.1408251673e+02
1.1417866211e+02
1.1429978807e+02
1.1444158532e+02
1.1458302480e+02
1.1474649085e+02
1.1493775641e+02
1.1513053854e+02
1.1538292921e+02
1.1563536023e+02
1.1591860513e+02
1.1622737844e+02
