8.4672655694e+01
8.4712024220e+01
8.4724765087e+01
8.4734846560e+01
8.4744938057e+01
8.4757485339e+01
8.4771774995e+01
8.4786072074e+01
8.4791126305e+01
8.4779416351e+01
8.4768388082e+01
8.4761939654e+01
8.4755505914e+01
8.4749087265e+01
8.4730266794e+01
8.4707579263e+01
8.4684910422e+01
8.4666276814e+01
8.4648058962e+01
8.4625751505e+01
8.4596284434e+01
8.4566836447e+01
8.4537407963e+01
8.4509424221e+01
8.4481327715e+01
8.4444429614e+01
8.4410064519e+01
8.4376227297e+01
8.4342412472e+01
8.4308620471e+01
8.4269799327e+01
8.4229059411e+01
8.4188344712e+01
8.4147655676e+01
8.4107444497e+01
8.4068763862e+01
8.4024667970e+01
8.3980190411e+01
8.3936043934e+01
8.3891925594e+01
8.3847835834e+01
8.3801169721e+01
8.3753005044e+01
8.3705133391e+01
8.3658252460e+01
8.3611372108e+01
8.3560317856e+01
8.3509295814e+01
8.3458306431e+01
8.3407350159e+01
8.3356801964e+01
8.3305455488e+01
8.3251586245e+01
8.3198017804e+01
8.3144606529e+01
8.3091231457e+01
8.3035907646e+01
8.2979619191e+01
8.2924237759e+01
8.2868894344e+01
8.2812362596e+01
8.2753795356e+01
8.2695268225e+01
8.2636781668e+01
8.2578336147e+01
8.2519247796e+01
8.2458711563e+01
8.2398479365e+01
8.2338290726e+01
8.2278146120e+01
8.2215441338e+01
8.2152741366e+01
8.2090165256e+01
8.2027635492e+01
8.1964019851e+01
8.1900314891e+01
8.1835214272e+01
8.1768960362e+01
8.1702756196e+01
8.1636602259e+01
8.1570969993e+01
8.1505445192e+01
8.1436820250e+01
8.1368490537e+01
8.1300385343e+01
8.1232333352e+01
8.1164300405e+01
8.1093285945e+01
8.1022327699e+01
8.0952024284e+01
8.0881944271e+01
8.0810276198e+01
8.0737112682e+01
8.0664007506e+01
8.0590961168e+01
8.0518081833e+01
8.0445685142e+01
8.0369965554e+01
8.0294454560e+01
8.0219416972e+01
8.0144442429e+01
8.0068838512e+01
7.9990965547e+01
7.9913326685e+01
7.9836149186e+01
7.9759037665e+01
7.9680145888e+01
7.9599724661e+01
7.9519371936e+01
7.9439088228e+01
7.9359088798e+01
7.9279593375e+01
7.9196914977e+01
7.9113914672e+01
7.9031330067e+01
7.8948952116e+01
7.8866648052e+01
7.8781115289e+01
7.8695816402e+01
7.8611100022e+01
7.8526460003e+01
7.8440764104e+01
7.8352983251e+01
7.8265281421e+01
7.8177659149e+01
7.8090432332e+01
7.8001849167e+01
7.7911418362e+01
7.7821237028e+01
7.7731626803e+01
7.7642101453e+01
7.7550560466e+01
7.7457667501e+01
7.7365199477e+01
7.7272818715e+01
7.7180525766e+01
7.7087516824e+01
7.6991559608e+01
7.6895692309e+01
7.6799931690e+01
7.6704670994e+01
7.6609500985e+01
7.6511581559e+01
7.6412744613e+01
7.6314001032e+01
7.6215351371e+01
7.6116716230e+01
7.6015578792e+01
7.5915174568e+01
7.5814868362e+01
7.5714660738e+01
7.5612224194e+01
7.5508576059e+01
7.5405381190e+01
7.5302427941e+01
7.5199575051e+01
7.5093960647e+01
7.4987002643e+01
7.4880147125e+01
7.4773394653e+01
7.4666745788e+01
7.4559098239e+01
7.4450340063e+01
7.4341687776e+01
7.4233141942e+01
7.4124703126e+01
7.4013192619e+01
7.3900687042e+01
7.3788290353e+01
7.3676861941e+01
7.3565605319e+01
7.3452539516e+01
7.3337158214e+01
7.3221887001e+01
7.3106726435e+01
7.2992235016e+01
7.2875499364e+01
7.2757854405e+01
7.2640534414e+01
7.2523328143e+01
7.2406236150e+01
7.2287869838e+01
7.2166108494e+01
7.2044463369e+01
7.1922935022e+01
7.1802290365e+01
7.1682071269e+01
7.1558178403e+01
7.1434460511e+01
7.1311314175e+01
7.1188285591e+01
7.1063660598e+01
7.0936287454e+01
7.0809857106e+01
7.0684095882e+01
7.0558450826e+01
7.0432065847e+01
7.0302281260e+01
7.0172615016e+01
7.0043067648e+01
6.9913639688e+01
6.9783575128e+01
6.9651804616e+01
6.9520150936e+01
6.9388614599e+01
6.9257196119e+01
6.9125003043e+01
6.8988902381e+01
6.8852922447e+01
6.8718711638e+01
6.8585421718e+01
6.8451195814e+01
6.8313472719e+01
6.8175865163e+01
6.8038373634e+01
6.7901036791e+01
6.7762056247e+01
6.7622881945e+01
6.7483821334e+01
6.7344874880e+01
6.7206043054e+01
6.7063394456e+01
6.6919732220e+01
6.6778322634e+01
6.6637262022e+01
6.6496309364e+01
6.6353432510e+01
6.6208005947e+01
6.6062689239e+01
6.5917482818e+01
6.5772387122e+01
6.5628729996e+01
6.5481790584e+01
6.5335050217e+01
6.5188459765e+01
6.5041972472e+01
6.4895588736e+01
6.4746464527e+01
6.4595691225e+01
6.4446210986e+01
6.4296828848e+01
6.4147545181e+01
6.3998360356e+01
6.3848045823e+01
6.3697366168e+01
6.3546773481e+01
6.3396268085e+01
6.3242402397e+01
6.3088095882e+01
6.2933876126e+01
6.2781890341e+01
6.2630372087e+01
6.2477598566e+01
6.2322792667e+01
6.2168063313e+01
6.2013410776e+01
6.1858835333e+01
6.1704068695e+01
6.1547385260e+01
6.1389988037e+01
6.1233985612e+01
6.1078038626e+01
6.0922147273e+01
6.0766311748e+01
6.0609577380e+01
6.0452357116e+01
6.0295193844e+01
6.0138013196e+01
5.9979167256e+01
5.9818769008e+01
5.9659237775e+01
5.9501464068e+01
5.9343723848e+01
5.9186017229e+01
5.9027424079e+01
5.8867783002e+01
5.8708175257e+01
5.8548600956e+01
5.8389060209e+01
5.8227664855e+01
5.8068220607e+01
5.7908953309e+01
5.7749697795e+01
5.7590454102e+01
5.7428888437e+01
5.7265879883e+01
5.7105273518e+01
5.6946494001e+01
5.6787710112e+01
5.6627958162e+01
5.6467397282e+01
5.6306830808e+01
5.6146258723e+01
5.5983925455e+01
5.5822628019e+01
5.5662604132e+01
5.5502547364e+01
5.5342457615e+01
5.5182672405e+01
5.5023682769e+01
5.4864659824e+01
5.4705603467e+01
5.4544566057e+01
5.4381837244e+01
5.4220361130e+01
5.4060414389e+01
5.3901706414e+01
5.3742933383e+01
5.3584166138e+01
5.3426835521e+01
5.3269439453e+01
5.3111786761e+01
5.2950391141e+01
5.2788912352e+01
5.2630700628e+01
5.2473113483e+01
5.2315440111e+01
5.2158190132e+01
5.2001590249e+01
5.1847189765e+01
5.1689742903e+01
5.1532036558e+01
5.1374212877e+01
5.1216271523e+01
5.1061579569e+01
5.0906821768e+01
5.0751944657e+01
5.0596947896e+01
5.0441936147e+01
5.0288748442e+01
5.0134773112e+01
4.9980647335e+01
4.9826370688e+01
4.9671942747e+01
4.9520307566e+01
4.9369593708e+01
4.9218726366e+01
4.9067705114e+01
4.8916529527e+01
4.8763328390e+01
4.8613809808e+01
4.8464626153e+01
4.8315256289e+01
4.8165699706e+01
4.8015955896e+01
4.7869094253e+01
4.7723760580e+01
4.7578239912e+01
4.7432416992e+01
4.7282514498e+01
4.7135634690e+01
4.6990486391e+01
4.6846319622e+01
4.6702009938e+01
4.6557481443e+01
4.6415045999e+01
4.6276118844e+01
4.6136974864e+01
4.5995031153e+01
4.5851264821e+01
4.5707255708e+01
4.5567242963e+01
4.5427213402e+01
4.5288512457e+01
4.5151576565e+01
4.5014831750e+01
4.4879666324e+01
4.4744251646e+01
4.4607445478e+01
4.4469047653e+01
4.4335413688e+01
4.4202160958e+01
4.4068674377e+01
4.3934926818e+01
4.3804052418e+01
4.3675833687e+01
4.3544212020e+01
4.3412171315e+01
4.3279844719e+01
4.3149425952e+01
4.3024024462e+01
4.2898335835e+01
4.2772359363e+01
4.2645152150e+01
4.2516666833e+01
4.2393787724e+01
4.2270564260e+01
4.2146450347e+01
4.2022036767e+01
4.1899681912e+01
4.1781797646e+01
4.1661130660e+01
4.1539585501e+01
4.1417725238e+01
4.1300476597e+01
4.1184855260e+01
4.1068924575e+01
4.0950179762e+01
4.0831533587e+01
4.0718656272e+01
4.0605460139e+01
4.0491970918e+01
4.0378294918e+01
4.0264296821e+01
4.0157553662e+01
4.0046936585e+01
3.9935988590e+01
3.9824708908e+01
3.9715923427e+01
3.9610326026e+01
3.9503988851e+01
3.9396914992e+01
3.9289504478e+01
3.9187020368e+01
3.9084303759e+01
3.8981276573e+01
3.8878286117e+01
3.8776251728e+01
3.8677923911e+01
3.8579254078e+01
3.8480241455e+01
3.8380308890e+01
3.8284059098e+01
3.8189115225e+01
3.8093373650e+01
3.7997292365e+01
3.7900870613e+01
3.7807365633e+01
3.7717747605e+01
3.7627440756e+01
3.7536751022e+01
3.7445720495e+01
3.7354348425e+01
3.7266995500e+01
3.7181860906e+01
3.7095513637e+01
3.7008161946e+01
3.6920459311e+01
3.6839483426e+01
3.6759532496e+01
3.6679235926e+01
3.6598592972e+01
3.6517602890e+01
3.6438006597e+01
3.6362416784e+01
3.6286468125e+01
3.6210159858e+01
3.6133491217e+01
3.6056461437e+01
3.5983502563e+01
3.5914726704e+01
3.5844762797e+01
3.5774143678e+01
3.5703197478e+01
3.5631923513e+01
3.5566673066e+01
3.5502752162e+01
3.5438505916e+01
3.5373933651e+01
3.5309034694e+01
3.5247827414e+01
3.5190935731e+01
3.5133235669e+01
3.5074180152e+01
3.5014792186e+01
3.4957449694e+01
3.4908569962e+01
3.4859367458e+01
3.4809841524e+01
3.4760033866e+01
3.4709958243e+01
3.4665852137e+01
3.4625576174e+01
3.4584982723e+01
3.4544071143e+01
3.4503231414e+01
3.4465299862e+01
3.4435821755e+01
3.4406039503e+01
3.4375952498e+01
3.4345560137e+01
3.4318329945e+01
3.4299167362e+01
3.4279714941e+01
3.4259972113e+01
3.4242400285e+01
3.4232930314e+01
3.4224131435e+01
3.4215072715e+01
3.4211292727e+01
3.4217140876e+01
3.4222786956e+01
3.4235579466e+01
3.4252270520e+01
3.4268769189e+01
3.4306856034e+01
3.4344872669e+01
3.4383652729e+01
3.4423210417e+01
3.4471602443e+01
