-1.1831923282e-06 1.2153881242e-07
2.7357954983e-01 -2.2894410210e-04
5.4139416372e-01 -9.0789661784e-04
8.0342001922e-01 -2.0161804663e-03
1.0596469912e+00 -3.5367231805e-03
1.3100682277e+00 -5.4533973268e-03
1.5546617213e+00 -7.7479953539e-03
1.7934299557e+00 -1.0403904555e-02
2.0263546544e+00 -1.3404230363e-02
2.2534432554e+00 -1.6731834669e-02
2.4746748562e+00 -2.0371038731e-02
2.6900546784e+00 -2.4305183738e-02
2.8995855798e+00 -2.8518910326e-02
3.1032551014e+00 -3.2996246433e-02
3.3010782266e+00 -3.7721474287e-02
3.4930415066e+00 -4.2680607809e-02
3.6791537450e+00 -4.7858189012e-02
3.8594172128e+00 -5.3238656050e-02
4.0338184792e+00 -5.8807046621e-02
4.2023903417e+00 -6.4549239887e-02
4.3651157286e+00 -7.0454427075e-02
4.5219976901e+00 -7.6505349858e-02
4.6730498621e+00 -8.2689555353e-02
4.8182922687e+00 -8.8994996149e-02
4.9577029325e+00 -9.5408738151e-02
5.0912994335e+00 -1.0191407942e-01
5.2190916175e+00 -1.0850130848e-01
5.3410763977e+00 -1.1515722302e-01
5.4572693153e+00 -1.2187053560e-01
5.5676882585e+00 -1.2862959790e-01
5.6723013426e+00 -1.3542087015e-01
5.7711565750e+00 -1.4223280506e-01
5.8642551709e+00 -1.4905415504e-01
5.9515852436e+00 -1.5587355028e-01
6.0331751934e+00 -1.6267848575e-01
6.1090253264e+00 -1.6945920135e-01
6.1791328682e+00 -1.7620588586e-01
6.2435216295e+00 -1.8290292563e-01
6.3021949012e+00 -1.8954245240e-01
6.3551588199e+00 -1.9611607785e-01
6.4024251184e+00 -2.0260593537e-01
6.4439996091e+00 -2.0900641638e-01
6.4798903176e+00 -2.1530861501e-01
6.5101062232e+00 -2.2149392273e-01
6.5346749670e+00 -2.2755714939e-01
6.5535827375e+00 -2.3348946264e-01
6.5668457050e+00 -2.3927708455e-01
6.5744839214e+00 -2.4490992147e-01
6.5764803700e+00 -2.5037571232e-01
6.5728762539e+00 -2.5566185592e-01
6.5636663045e+00 -2.6076380777e-01
6.5488568464e+00 -2.6566383345e-01
6.5284725889e+00 -2.7035640038e-01
6.5025340134e+00 -2.7482477102e-01
6.4710024940e+00 -2.7905795646e-01
6.4339539676e+00 -2.8305069777e-01
6.3913662620e+00 -2.8678145803e-01
6.3432681905e+00 -2.9024528576e-01
6.2896684533e+00 -2.9342995383e-01
6.2305704806e+00 -2.9632172045e-01
6.1660051650e+00 -2.9890524605e-01
6.0959935031e+00 -3.0116856126e-01
6.0205431695e+00 -3.0310156647e-01
5.9396779703e+00 -3.0468800966e-01
5.8534200625e+00 -3.0591421930e-01
5.7617802161e+00 -3.0676496468e-01
5.6647933739e+00 -3.0722747142e-01
5.5624874221e+00 -3.0728997522e-01
5.4548870457e+00 -3.0693107169e-01
5.3420249011e+00 -3.0613878566e-01
5.2239038814e+00 -3.0489545366e-01
5.1005879751e+00 -3.0318684825e-01
4.9721127995e+00 -3.0099467803e-01
4.8385156825e+00 -2.9830209550e-01
4.6998444541e+00 -2.9509119810e-01
4.5561387327e+00 -2.9134452272e-01
4.4074622604e+00 -2.8704496036e-01
4.2538572743e+00 -2.8216875527e-01
4.0954069403e+00 -2.7669749156e-01
3.9321750944e+00 -2.7061715288e-01
3.7642520848e+00 -2.6390603762e-01
3.5917110008e+00 -2.5653614472e-01
3.4146580196e+00 -2.4849492699e-01
3.2331977971e+00 -2.3975920045e-01
3.0474777782e+00 -2.3031214813e-01
2.8576279045e+00 -2.2012339899e-01
2.6638145334e+00 -2.0917967037e-01
2.4662360043e+00 -1.9746846340e-01
2.2650983407e+00 -1.8496277463e-01
2.0606658579e+00 -1.7164095898e-01
1.8532716895e+00 -1.5750523996e-01
1.6432688021e+00 -1.4254194656e-01
1.4311174455e+00 -1.2673951095e-01
1.2174177275e+00 -1.1010935513e-01
1.0029401651e+00 -9.2687098033e-02
7.8876003619e-01 -7.4546575604e-02
5.7638702738e-01 -5.5751939533e-02
3.6836193806e-01 -3.6463672674e-02
1.6987956005e-01 -1.6689309107e-02
-1.0692761197e-05 8.2417759396e-07
