1.4363993868e-06 4.1266148943e-06
2.4149571720e-01 -6.0599023261e-04
4.7689126011e-01 -2.3903647379e-03
7.0615733910e-01 -5.3003974949e-03
9.2932376566e-01 -9.2850841068e-03
1.1463614878e+00 -1.4304983078e-02
1.3573194317e+00 -2.0294262412e-02
1.5621701234e+00 -2.7215791476e-02
1.7609689100e+00 -3.5019996895e-02
1.9537089995e+00 -4.3656740350e-02
2.1404229641e+00 -5.3083672337e-02
2.3211449900e+00 -6.3253609786e-02
2.4958884415e+00 -7.4121660443e-02
2.6646960768e+00 -8.5641805212e-02
2.8275867174e+00 -9.7773205151e-02
2.9846110095e+00 -1.1047149394e-01
3.1358006325e+00 -1.2370151341e-01
3.2811971709e+00 -1.3740961695e-01
3.4208247065e+00 -1.5156677069e-01
3.5547425761e+00 -1.6612839993e-01
3.6829798269e+00 -1.8105762823e-01
3.8055800919e+00 -1.9631638623e-01
3.9225911959e+00 -2.1186301424e-01
4.0340417622e+00 -2.2767063442e-01
4.1399949892e+00 -2.4369549929e-01
4.2404897531e+00 -2.5990520969e-01
4.3355399456e+00 -2.7626183795e-01
4.4252195197e+00 -2.9273452074e-01
4.5095451786e+00 -3.0928977783e-01
4.5885815013e+00 -3.2588804461e-01
4.6623686816e+00 -3.4250073313e-01
4.7309411110e+00 -3.5909741060e-01
4.7943385535e+00 -3.7564227953e-01
4.8525904829e+00 -3.9210559095e-01
4.9057640853e+00 -4.0845475632e-01
4.9538700624e+00 -4.2465988449e-01
4.9969586267e+00 -4.4069305539e-01
5.0350623115e+00 -4.5652375178e-01
5.0682254623e+00 -4.7211476095e-01
5.0964714117e+00 -4.8744079270e-01
5.1198481885e+00 -5.0247125894e-01
5.1383758147e+00 -5.1717420886e-01
5.1521197077e+00 -5.3152630710e-01
5.1610736460e+00 -5.4549163742e-01
5.1653010298e+00 -5.5904083745e-01
5.1648285141e+00 -5.7215437928e-01
5.1596785492e+00 -5.8479058968e-01
5.1498913915e+00 -5.9692744545e-01
5.1354927765e+00 -6.0852977435e-01
5.1165180809e+00 -6.1957279649e-01
5.0930050325e+00 -6.3002801767e-01
5.0649755307e+00 -6.3986117728e-01
5.0324795077e+00 -6.4905011557e-01
4.9955339094e+00 -6.5755961557e-01
4.9541814600e+00 -6.6536030634e-01
4.9084350387e+00 -6.7242135689e-01
4.8583554041e+00 -6.7872434651e-01
4.8039658082e+00 -6.8422376448e-01
4.7453152723e+00 -6.8889933244e-01
4.6824482154e+00 -6.9272616783e-01
4.6153815145e+00 -6.9566922774e-01
4.5441681668e+00 -6.9769565393e-01
4.4688556983e+00 -6.9877941419e-01
4.3894995843e+00 -6.9889696615e-01
4.3061241803e+00 -6.9801106812e-01
4.2188164077e+00 -6.9610430418e-01
4.1276068930e+00 -6.9314212359e-01
4.0325745302e+00 -6.8909722748e-01
3.9337748201e+00 -6.8394204334e-01
3.8312811443e+00 -6.7765889844e-01
3.7251746889e+00 -6.7021513087e-01
3.6155322035e+00 -6.6159288606e-01
3.5024453487e+00 -6.5177263646e-01
3.3860084384e+00 -6.4072698136e-01
3.2663276317e+00 -6.2843609356e-01
3.1435243648e+00 -6.1489125768e-01
3.0177043054e+00 -6.0006407636e-01
2.8890317458e+00 -5.8395957775e-01
2.7576261968e+00 -5.6655842708e-01
2.6236605710e+00 -5.4785844960e-01
2.4873224737e+00 -5.2785708964e-01
2.3487911251e+00 -5.0656331797e-01
2.2083044287e+00 -4.8399114443e-01
2.0660781976e+00 -4.6015048618e-01
1.9223897091e+00 -4.3507172224e-01
1.7775443369e+00 -4.0877712727e-01
1.6318588237e+00 -3.8131839583e-01
1.4857046389e+00 -3.5275890037e-01
1.3395270892e+00 -3.2316773265e-01
1.1938050957e+00 -2.9264282432e-01
1.0490932616e+00 -2.6131315242e-01
9.0604828213e-01 -2.2932298806e-01
7.6545277224e-01 -1.9686457249e-01
6.2830696196e-01 -1.6422288898e-01
4.9580225913e-01 -1.3170278019e-01
3.6935576663e-01 -9.9707495080e-02
2.5127154358e-01 -6.8972255292e-02
1.4474060896e-01 -4.0277827589e-02
5.5163044551e-02 -1.4971293891e-02
-6.1512563723e-05 1.7778769971e-05
