1.6096348596e-04 2.1214767752e-05
3.0901813880e-01 -2.5402865671e-04
6.1183391051e-01 -9.8221336818e-04
9.0860827862e-01 -2.1633393667e-03
1.1993412431e+00 -3.7974066522e-03
1.4840328040e+00 -5.8844152246e-03
1.7626829613e+00 -8.4243650842e-03
2.0354354423e+00 -1.1391104637e-02
2.3024080819e+00 -1.4749635160e-02
2.5636002566e+00 -1.8499835393e-02
2.8190119662e+00 -2.2641705337e-02
3.0686432109e+00 -2.7175244992e-02
3.3125144547e+00 -3.2127631243e-02
3.5506649965e+00 -3.7420995345e-02
3.7832401368e+00 -4.3063163177e-02
4.0102140419e+00 -4.9033891352e-02
4.2315867118e+00 -5.5333179871e-02
4.4473581464e+00 -6.1961028734e-02
4.6575282976e+00 -6.8917410845e-02
4.8621994536e+00 -7.6181095569e-02
5.0614823708e+00 -8.3737023872e-02
5.2553770491e+00 -9.1585195754e-02
5.4438834885e+00 -9.9725611216e-02
5.6269752251e+00 -1.0813029740e-01
5.8046290591e+00 -1.1677262147e-01
5.9769005908e+00 -1.2566580977e-01
6.1439306863e+00 -1.3479344837e-01
6.3056891909e+00 -1.4412826703e-01
6.4621779035e+00 -1.5367574561e-01
6.6134250842e+00 -1.6344373011e-01
6.7594369432e+00 -1.7343084282e-01
6.9002190527e+00 -1.8360274684e-01
7.0358392306e+00 -1.9392683645e-01
7.1663028051e+00 -2.0440445087e-01
7.2916097764e+00 -2.1503559009e-01
7.4117483362e+00 -2.2581653875e-01
7.5267265034e+00 -2.3674335456e-01
7.6366126863e+00 -2.4777874746e-01
7.7413989727e+00 -2.5889630056e-01
7.8410985956e+00 -2.7009878492e-01
7.9357115548e+00 -2.8138620052e-01
8.0252431061e+00 -2.9275728080e-01
8.1097082292e+00 -3.0417497869e-01
8.1890885522e+00 -3.1562215291e-01
8.2633891911e+00 -3.2709855809e-01
8.3326664666e+00 -3.3859507837e-01
8.3969014610e+00 -3.5010235530e-01
8.4560603313e+00 -3.6157807222e-01
8.5101713094e+00 -3.7301223342e-01
8.5592327813e+00 -3.8440463644e-01
8.6032215087e+00 -3.9575478006e-01
8.6421636862e+00 -4.0704221896e-01
8.6759758581e+00 -4.1822938520e-01
8.7047203964e+00 -4.2929254263e-01
8.7284029906e+00 -4.4023044754e-01
8.7470236406e+00 -4.5104309994e-01
8.7605500468e+00 -4.6170611624e-01
8.7689065270e+00 -4.7217826917e-01
8.7720903689e+00 -4.8245890332e-01
8.7701056015e+00 -4.9254540863e-01
8.7630087750e+00 -5.0240576186e-01
8.7507502309e+00 -5.1203756600e-01
8.7332448354e+00 -5.2137289655e-01
8.7104931458e+00 -5.3040177451e-01
8.6824802167e+00 -5.3913228764e-01
8.6492078398e+00 -5.4757111674e-01
8.6106930795e+00 -5.5566714826e-01
8.5667483056e+00 -5.6339134243e-01
8.5173986395e+00 -5.7071501967e-01
8.4626855725e+00 -5.7761426726e-01
8.4026091044e+00 -5.8408908521e-01
8.3371182445e+00 -5.9011981875e-01
8.2660418015e+00 -5.9564416824e-01
8.1893661108e+00 -6.0065770861e-01
8.1070911725e+00 -6.0516043987e-01
8.0192802806e+00 -6.0910206090e-01
7.9258100426e+00 -6.1248541120e-01
7.8265789860e+00 -6.1519877819e-01
7.7215861555e+00 -6.1726440928e-01
7.6108251208e+00 -6.1869240904e-01
7.4942821292e+00 -6.1943777850e-01
7.3717365142e+00 -6.1943296596e-01
7.2431327562e+00 -6.1868005722e-01
7.1085739889e+00 -6.1712295303e-01
6.9680600138e+00 -6.1476587730e-01
6.8213513685e+00 -6.1153524168e-01
6.6683768550e+00 -6.0737046186e-01
6.5091364734e+00 -6.0227153784e-01
6.3436148611e+00 -5.9626587350e-01
6.1717132740e+00 -5.8923755553e-01
5.9932487716e+00 -5.8114439301e-01
5.8082556910e+00 -5.7193770972e-01
5.6167340321e+00 -5.6161750564e-01
5.4186722664e+00 -5.5016793736e-01
5.2137608395e+00 -5.3746036219e-01
5.0018652832e+00 -5.2347743782e-01
4.7830030997e+00 -5.0819731323e-01
4.5573071437e+00 -4.9151969492e-01
4.3245980218e+00 -4.7349819525e-01
4.0845918315e+00 -4.5391984713e-01
