-1.1852911128e-05 2.4183586005e-08
3.7276350863e-05 3.3573788683e-07
5.6059954749e-01 -6.2899017336e-05
1.1100905112e+00 -2.5951593511e-04
1.4232949175e+00 -2.6760711889e-02
1.6484610383e+00 -5.8982656973e-04
2.1757274203e+00 -1.0520050322e-03
2.6088787204e+00 -5.2691738936e-02
2.6919822900e+00 -1.6425338059e-03
3.1972387427e+00 -2.3627017930e-03
3.5567886554e+00 -7.7792752253e-02
3.6914891032e+00 -3.2061603777e-03
4.1747332011e+00 -4.1784472866e-03
4.2805363917e+00 -1.0302109795e-01
4.6470404004e+00 -5.2757795147e-03
4.9789852583e+00 -1.3887361479e-01
5.1084308697e+00 -6.5006257242e-03
5.5589012346e+00 -7.8526870515e-03
5.6116068350e+00 -1.7248687955e-01
5.9985612445e+00 -9.3430416136e-03
6.1891337641e+00 -1.9910976780e-01
6.4272635026e+00 -1.0956771573e-02
6.7221217600e+00 -2.2052212769e-01
6.8452139561e+00 -1.2687851491e-02
7.2259091986e+00 -2.3975053695e-01
7.2524045172e+00 -1.4554377589e-02
7.6487333212e+00 -1.6555415654e-02
7.6999913398e+00 -2.5688539560e-01
8.0341556589e+00 -1.8693265814e-02
8.1457382278e+00 -2.7289444335e-01
8.4088759596e+00 -2.0968774218e-02
8.5708163454e+00 -2.8459948046e-01
8.7728734041e+00 -2.3368493297e-02
8.9762525038e+00 -2.9464589130e-01
9.1261741445e+00 -2.5889669234e-02
9.3620002496e+00 -3.0289209020e-01
9.4687732825e+00 -2.8532013224e-02
9.7288489251e+00 -3.1001139165e-01
9.8006745252e+00 -3.1308791428e-02
1.0079957672e+01 -3.1457675566e-01
1.0121945499e+01 -3.4231149388e-02
1.0416126879e+01 -3.1826707514e-01
1.0432598306e+01 -3.7278123464e-02
1.0732600601e+01 -4.0444312330e-02
1.0737356548e+01 -3.2108235010e-01
1.1021996248e+01 -4.3745083135e-02
1.1044042022e+01 -3.2296931470e-01
1.1300858516e+01 -4.7188710552e-02
1.1336827946e+01 -3.2326760530e-01
1.1569176413e+01 -5.0770734942e-02
1.1616391754e+01 -3.2243067236e-01
1.1826893554e+01 -5.4469202906e-02
1.1883130297e+01 -3.2140508078e-01
1.2074077081e+01 -5.8302784063e-02
1.2137571789e+01 -3.1926130096e-01
1.2310755262e+01 -6.2273641493e-02
1.2379641034e+01 -3.1627606657e-01
1.2536918735e+01 -6.6378218091e-02
1.2609331958e+01 -3.1245864057e-01
1.2752600061e+01 -7.0622933697e-02
1.2826996679e+01 -3.0838981266e-01
1.2957805744e+01 -7.4992057758e-02
1.3033468556e+01 -3.0370792331e-01
1.3152567559e+01 -7.9472238223e-02
1.3228458793e+01 -2.9868065504e-01
1.3336885191e+01 -8.4063454461e-02
1.3412058168e+01 -2.9325761857e-01
1.3510748860e+01 -8.8791165328e-02
1.3584235515e+01 -2.8764125283e-01
1.3674211676e+01 -9.3684417077e-02
1.3745443001e+01 -2.8149994542e-01
1.3827280380e+01 -9.8704246557e-02
1.3895780070e+01 -2.7530986125e-01
1.3969909885e+01 -1.0382277101e-01
1.4035246323e+01 -2.6907191260e-01
1.4102109790e+01 -1.0906694036e-01
1.4163814584e+01 -2.6265053945e-01
1.4224012496e+01 -1.1443741648e-01
1.4281584841e+01 -2.5592679930e-01
1.4335618001e+01 -1.1993419935e-01
1.4388661619e+01 -2.4910926704e-01
1.4436789966e+01 -1.2555822749e-01
1.4485167589e+01 -2.4239954736e-01
1.4527522172e+01 -1.3129666252e-01
1.4571093661e+01 -2.3558878829e-01
1.4607927714e+01 -1.3714505581e-01
1.4646491762e+01 -2.2870205904e-01
1.4678006590e+01 -1.4310340734e-01
1.4711361894e+01 -2.2173935959e-01
1.4737749623e+01 -1.4917309216e-01
1.4765641340e+01 -2.1483002690e-01
1.4787216542e+01 -1.5539901630e-01
1.4809518057e+01 -2.0795999229e-01
1.4826131543e+01 -1.6169032583e-01
1.4843025467e+01 -2.0114563409e-01
1.4854707600e+01 -1.6801774481e-01
1.4866166964e+01 -1.9438320496e-01
1.4873037414e+01 -1.7443820677e-01
1.4878705029e+01 -1.8769116540e-01
1.4881027838e+01 -1.8099817599e-01
