2.3645073782e-05 4.2155726451e-07
1.9496277965e-01 -1.2822240881e-05
3.8430318510e-01 -5.0409924868e-05
5.6813658351e-01 -1.1363950573e-04
7.4657810576e-01 -2.0438670635e-04
9.1971194618e-01 -3.2236034586e-04
1.0876371030e+00 -4.6602156179e-04
1.2504551902e+00 -6.3815452518e-04
1.4082464365e+00 -8.3699455893e-04
1.5611264187e+00 -1.0658265540e-03
1.7091533667e+00 -1.3237073634e-03
1.8524426611e+00 -1.6089661949e-03
1.9910593973e+00 -1.9256924874e-03
2.1251103208e+00 -2.2702756941e-03
2.2546557907e+00 -2.6465440332e-03
2.3798005192e+00 -3.0512656703e-03
2.5005964044e+00 -3.4849330670e-03
2.6171511117e+00 -3.9486174749e-03
2.7295044567e+00 -4.4424220879e-03
2.8377617750e+00 -4.9654017108e-03
2.9419744977e+00 -5.5190760661e-03
3.0422263687e+00 -6.0997436423e-03
3.1385652969e+00 -6.7091358560e-03
3.2310823612e+00 -7.3453701926e-03
3.3198085027e+00 -8.0081214694e-03
3.4048363576e+00 -8.6972699938e-03
3.4861926018e+00 -9.4117265122e-03
3.5639631713e+00 -1.0150745737e-02
3.6381712825e+00 -1.0914093249e-02
3.7088930195e+00 -1.1697324712e-02
3.7761650707e+00 -1.2499996874e-02
3.8400437481e+00 -1.3319676704e-02
3.9005482327e+00 -1.4158099943e-02
3.9577505652e+00 -1.5021857773e-02
4.0116656112e+00 -1.5905765865e-02
4.0623521462e+00 -1.6805294666e-02
4.1098225815e+00 -1.7716739235e-02
4.1541109569e+00 -1.8640008031e-02
4.1952583037e+00 -1.9573577212e-02
4.2332802216e+00 -2.0517027445e-02
4.2682024560e+00 -2.1467044261e-02
4.3000497597e+00 -2.2422371105e-02
4.3288228236e+00 -2.3382142811e-02
4.3545487951e+00 -2.4340974198e-02
4.3772423687e+00 -2.5297753425e-02
4.3969036158e+00 -2.6255845121e-02
4.4136092387e+00 -2.7212282302e-02
4.4271514810e+00 -2.8156374263e-02
4.4377345874e+00 -2.9087233762e-02
4.4453118644e+00 -3.0007897103e-02
4.4498803228e+00 -3.0918997697e-02
4.4514106291e+00 -3.1809830843e-02
4.4498706634e+00 -3.2684296606e-02
4.4452785360e+00 -3.3536497241e-02
4.4375825747e+00 -3.4363500365e-02
4.4267953580e+00 -3.5164182117e-02
4.4128781405e+00 -3.5937046012e-02
4.3958077802e+00 -3.6677609995e-02
4.3755590047e+00 -3.7384940903e-02
4.3520848352e+00 -3.8053563092e-02
4.3253594487e+00 -3.8682556874e-02
4.2953424484e+00 -3.9269632007e-02
4.2620010829e+00 -3.9811569778e-02
4.2252577366e+00 -4.0304100945e-02
4.1851008724e+00 -4.0746476622e-02
4.1414531864e+00 -4.1133908987e-02
4.0942883405e+00 -4.1464488960e-02
4.0434755456e+00 -4.1735079055e-02
3.9890884537e+00 -4.1948641923e-02
3.9309222070e+00 -4.2095498619e-02
3.8690040653e+00 -4.2177351325e-02
3.8032099773e+00 -4.2185151616e-02
3.7334924484e+00 -4.2113910144e-02
3.6597558245e+00 -4.1969618139e-02
3.5819408597e+00 -4.1743909241e-02
3.4999440550e+00 -4.1431290256e-02
3.4136859023e+00 -4.1038065011e-02
3.3230737209e+00 -4.0556604803e-02
3.2280533621e+00 -3.9977274200e-02
3.1285502322e+00 -3.9294200863e-02
3.0243539026e+00 -3.8514238898e-02
2.9153992934e+00 -3.7641241280e-02
2.8015975077e+00 -3.6661676140e-02
2.6828584610e+00 -3.5568224934e-02
2.5590619289e+00 -3.4362817181e-02
2.4300965367e+00 -3.3042260840e-02
2.2958352367e+00 -3.1599580183e-02
2.1561545363e+00 -3.0035520096e-02
2.0109405948e+00 -2.8345678784e-02
1.8600663570e+00 -2.6525342410e-02
1.7033923122e+00 -2.4565033748e-02
1.5407915972e+00 -2.2468964475e-02
1.3721224662e+00 -2.0230904223e-02
1.1972525616e+00 -1.7843569880e-02
1.0160350225e+00 -1.5304348468e-02
8.2832342961e-01 -1.2608832182e-02
6.3396832077e-01 -9.7485159694e-03
4.3282117228e-01 -6.7271305814e-03
2.2471034622e-01 -3.5302243037e-03
9.6661483782e-03 -1.5291992475e-04
