-1.4163177805e-05 8.7838937571e-09
-9.7795844062e-06 8.3715587631e-09
-2.5860468193e-06 7.1175635773e-09
6.9108097244e-06 4.8757954702e-09
1.1468836551e-05 1.2288139126e-09
1.4067721764e-05 -1.5675250241e-09
1.4707465365e-05 -3.5132213397e-09
1.3388067353e-05 -4.6082750343e-09
1.0109527729e-05 -4.8526861078e-09
4.8718464919e-06 -4.2464545604e-09
-2.3249763578e-06 -2.7895803919e-09
-7.8919915662e-06 -4.3974318692e-11
-1.0486209486e-05 2.4632942291e-09
-1.1471752709e-05 4.1967659179e-09
-1.0848621234e-05 5.1564407477e-09
-8.6168150608e-06 5.3423187184e-09
-1.4302977847e-06 -1.5088495699e-11
-2.5068874587e-06 -8.7575172385e-10
-3.0134169165e-06 -2.4244640918e-11
-2.9544398720e-06 8.6215853739e-10
-2.3299563255e-06 1.7834578111e-09
-1.1399662767e-06 2.7396531801e-09
6.1553027428e-07 3.7307446446e-09
2.9365333274e-06 4.7567322044e-09
5.8230428828e-06 5.8176158596e-09
3.6027895569e-06 4.8655611063e-09
1.8171816818e-06 3.9473954616e-09
5.5182500737e-07 3.0943724412e-09
-1.9328046676e-07 2.3064920453e-09
-4.1813474041e-07 1.5837542738e-09
-1.2273781361e-07 9.2615912667e-10
-1.5736827016e-05 8.3545685594e-09
2.5074699183e-06 -7.1629394715e-10
5.0484918171e-07 -6.8432339149e-10
-2.9709785992e-06 -5.5100387167e-10
-6.0836182513e-06 -9.0798422758e-10
-3.7331374798e-06 -2.9028418851e-09
-1.9241429032e-06 -4.2867860889e-09
-6.5663452146e-07 -5.0598168391e-09
6.9387665232e-08 -5.2219341356e-09
2.5392365707e-07 -4.7731379784e-09
-1.0302654604e-07 -3.7134283675e-09
-1.0014629441e-06 -2.0428053030e-09
-4.7696582038e-07 -3.1553478572e-10
5.7666453159e-08 8.4727398718e-10
3.3878773002e-08 1.4775024002e-09
-5.4832886072e-07 1.5751504532e-09
-1.6889564481e-06 1.1402181463e-09
1.1731856036e-06 8.5812364461e-10
1.1837652648e-06 8.8242254288e-10
8.0706975316e-07 9.5912530769e-10
4.3099068781e-08 1.0882319390e-09
-6.8957104665e-07 1.4264035289e-09
1.0231745893e-06 2.6956036288e-09
1.8942864806e-06 3.5227459694e-09
1.9237646270e-06 3.9078305507e-09
1.1116090288e-06 3.8508573727e-09
-5.4218031408e-07 3.3518264354e-09
-3.0376034017e-06 2.4107377388e-09
-6.3746602341e-06 1.0275912830e-09
-4.2141175788e-06 1.6931347179e-10
-3.2391013800e-07 -2.0411182918e-10
2.0930902584e-06 -4.7618816599e-10
3.0368836105e-06 -6.4691553865e-10
2.7474127943e-06 5.4593936113e-09
3.4991134883e-06 6.1429884483e-09
3.2538935163e-06 6.1795642806e-09
2.0117528785e-06 5.5691211081e-09
-2.2730842507e-07 4.3116589309e-09
-3.3748791222e-06 2.4141224289e-09
-1.4528026301e-06 8.7351273057e-10
-7.1605619224e-08 -2.3896906325e-10
7.6871191061e-07 -9.2332295260e-10
1.0681499591e-06 -1.1795489375e-09
8.2670852650e-07 -1.0076470179e-09
4.4387612658e-08 -4.0761719380e-10
-1.2788127824e-06 6.2054053474e-10
-1.1822044170e-06 1.0996501490e-09
-9.7992373578e-09 9.6673744765e-10
7.7533076952e-07 8.8622861287e-10
-2.4519155459e-06 -3.7146478781e-09
1.9578457526e-08 -3.8351319671e-09
1.2233594015e-06 -3.6365549884e-09
1.1594272860e-06 -3.1189169420e-09
-1.7221788914e-07 -2.2822178279e-09
-2.7715761238e-06 -1.1264576461e-09
-6.6386474178e-06 3.4836360334e-10
-3.9555491289e-06 9.7152594912e-10
-1.4075951318e-06 1.3616376250e-09
2.5328610560e-07 1.6133689642e-09
1.0270945834e-06 1.7267199667e-09
9.1383030188e-07 1.7016906324e-09
-8.6506739264e-08 1.5382809613e-09
-1.9739165399e-06 1.2364909536e-09
-1.7467505911e-06 2.1511469231e-09
9.9879143457e-07 4.1287797696e-09
-6.4037393555e-06 -9.6245496289e-10
-3.6397075044e-06 -1.5483784597e-09
-1.5327450205e-06 -1.9592724509e-09
-8.2851903870e-08 -2.1951369364e-09
7.0997184558e-07 -2.2559719162e-09
8.4572622782e-07 -2.1417773903e-09
3.2441124281e-07 -1.8525533587e-09
-8.5397310937e-07 -1.3882998214e-09
-4.3637497885e-07 -1.3242607570e-09
-2.7708649558e-08 -1.4304327344e-09
-1.5901540561e-07 -1.5905445343e-09
-8.3029524682e-07 -1.8045961567e-09
-2.0415481734e-06 -2.0725876017e-09
-3.7927741852e-06 -2.3945188693e-09
-6.0839732824e-06 -2.7703899594e-09
-6.1911226089e-06 -3.2751027214e-09
-1.5035444639e-07 6.0221121088e-10
-7.5564201858e-07 2.9481791802e-10
9.4587648164e-07 1.1376622848e-10
1.8388153815e-06 6.0291990893e-12
1.9231746807e-06 -2.8393170168e-11
1.1989543795e-06 1.0499120713e-11
-3.3384552211e-07 1.2270607173e-10
-2.6752250242e-06 3.0822768289e-10
-5.8251841269e-06 5.6706395419e-10
-3.8447871887e-06 9.6532717167e-10
-5.7403502310e-07 1.2434472120e-09
1.3847303058e-06 1.3344156219e-09
2.0315087979e-06 1.2382324011e-09
1.3663004532e-06 9.5489754984e-10
-6.1089472827e-07 4.8441106798e-10
-3.9000767465e-06 -1.7322704443e-10
1.9610654490e-06 5.7079457293e-09
-2.7106123983e-07 4.3587454608e-09
-3.2400726326e-06 2.3655777343e-09
-1.5552300187e-06 9.3193527114e-10
-3.4973199410e-07 -1.1549709075e-10
3.7642144135e-07 -7.7671935138e-10
6.2323028773e-07 -1.0517315107e-09
3.9069454492e-07 -9.4053356885e-10
-3.2118578703e-07 -4.4312552568e-10
-1.5124107081e-06 4.4049261875e-10
-1.2798421702e-06 1.0111056786e-09
-1.5756994736e-07 1.1283513159e-09
5.9109256800e-07 1.1714390670e-09
9.6614537570e-07 1.1403689321e-09
9.6758847595e-07 1.0351409111e-09
5.9542186857e-07 8.5575500404e-10
1.2531660932e-06 -3.4538549823e-09
-1.5337094932e-07 -2.6169498416e-09
-2.8543357922e-06 -1.4326693258e-09
-6.8497284355e-06 9.8986565017e-11
-3.9071732419e-06 6.8356423941e-10
-1.3534238017e-06 1.0781119089e-09
3.0061187710e-07 1.3508104001e-09
1.0549337946e-06 1.5016597129e-09
9.0954195085e-07 1.5306598473e-09
-1.3556365431e-07 1.4378108034e-09
-2.0803830207e-06 1.2231125812e-09
-1.7119751819e-06 2.3159044534e-09
1.0004561542e-06 4.3460517244e-09
2.7239758854e-06 5.7003294875e-09
3.4585840116e-06 6.3787377426e-09
3.2042805328e-06 6.3812764899e-09
1.0188109102e-07 -2.5183361338e-09
8.6946917475e-07 -2.6167283201e-09
9.6349308617e-07 -2.5140663014e-09
3.8395282521e-07 -2.2103500777e-09
-8.6915160801e-07 -1.7055796489e-09
-4.5976602840e-07 -1.5232960824e-09
-1.2370966970e-07 -1.5067842109e-09
-3.0720772617e-07 -1.5768142466e-09
-1.0102601977e-06 -1.7333861893e-09
-2.2328670844e-06 -1.9765000391e-09
-3.9750283862e-06 -2.3061557961e-09
-6.2367441031e-06 -2.7223534601e-09
-6.0649637407e-06 -3.3277217944e-09
-2.2937895817e-06 -3.8803181539e-09
1.8295677703e-07 -4.0855391384e-09
1.3652753353e-06 -3.9433847479e-09
1.8005921463e-06 -1.6823328546e-10
1.8369684701e-06 -2.7747892339e-10
1.0623866962e-06 -2.4810830273e-10
-5.2315317548e-07 -8.0121423480e-11
-2.9196511449e-06 2.2648171435e-10
-6.1271072121e-06 6.7170111077e-10
-3.8638416281e-06 1.1674249372e-09
-5.5311833063e-07 1.4699106795e-09
1.4278127137e-06 1.5650538688e-09
2.0789515050e-06 1.4528545053e-09
1.4002980433e-06 1.1333125888e-09
-6.0814767144e-07 6.0642811951e-10
-3.9463856392e-06 -1.2779890272e-10
-6.2422681940e-06 -1.0168343443e-09
-3.4539875933e-06 -1.7183891459e-09
-1.3392711649e-06 -2.2188897423e-09
-1.6020990752e-06 1.0283467416e-09
-4.8131425947e-07 3.6331975162e-10
1.8644793251e-07 -3.5390651609e-11
4.0118750070e-07 -1.6778446807e-10
1.6290444506e-07 -3.3861697756e-11
-5.2840123441e-07 3.6637765932e-10
-1.6727295376e-06 1.0329336032e-09
-1.2459009071e-06 1.4630904152e-09
-3.1616216301e-08 1.5750037565e-09
7.7342315894e-07 1.6024677721e-09
1.1692172186e-06 1.5454824621e-09
1.1557659629e-06 1.4040478265e-09
7.3306939160e-07 1.1781638652e-09
-9.8872495267e-08 8.6783057834e-10
-7.0503479473e-07 4.6610676615e-10
9.5325772472e-07 7.9628611051e-11
-6.5837376059e-06 -1.4586645525e-09
-3.7566992711e-06 -2.1848419647e-10
-1.4945631614e-06 7.1802128872e-10
-5.2310068224e-08 1.3610212106e-09
5.7006000832e-07 1.7105155692e-09
3.7254706823e-07 1.7665043645e-09
-6.4484888836e-07 1.5289875965e-09
-2.4821278616e-06 9.9796526516e-10
-1.7440671964e-06 1.7609709562e-09
1.1107683689e-06 3.4752481058e-09
2.9256119217e-06 4.6244959438e-09
3.7004634619e-06 5.2087144700e-09
3.4353229898e-06 5.2279036844e-09
2.1301905051e-06 4.6820635872e-09
-2.1493399204e-07 3.5711941782e-09
-3.1759065147e-06 1.9596903184e-09
5.0644837833e-07 1.5938915459e-09
-1.0090087454e-06 -1.2357038965e-09
-7.6758205377e-07 -4.3255538480e-09
-6.2642234708e-07 -6.5904530823e-09
-9.5615119113e-07 -8.0033871546e-09
-1.7567685859e-06 -8.5643560649e-09
-3.0282745314e-06 -8.2733598132e-09
-4.7706690277e-06 -7.1303983994e-09
-6.9839520747e-06 -5.1354718236e-09
-6.2925372667e-06 -4.0227623839e-09
-2.0490964987e-06 -4.8059226002e-09
7.6599733054e-07 -5.2059295143e-09
2.1527442209e-06 -5.2227831263e-09
2.1111441724e-06 -4.8564834361e-09
6.4119718513e-07 -4.1070304437e-09
-2.2570967410e-06 -2.9744241492e-09
5.6694114943e-07 7.3303196349e-10
-2.4912623150e-06 1.5184823673e-09
-6.6619975430e-06 2.5779638195e-09
-4.7164446957e-06 3.6887974978e-09
-1.6935018417e-06 4.4114049976e-09
1.2839739196e-07 4.7353212971e-09
7.4925300518e-07 4.6605463963e-09
1.6906499804e-07 4.1870802951e-09
-1.6121666294e-06 3.3149229936e-09
-4.5944418774e-06 2.0440744918e-09
-6.2387726857e-06 1.7273615252e-09
-3.2290972932e-06 3.7103668471e-09
-9.7361065361e-07 4.8912720417e-09
5.2768723343e-07 5.2700771088e-09
1.2747963677e-06 4.8467820486e-09
1.2677167494e-06 3.6213868609e-09
4.9977208199e-07 -4.4869552008e-10
2.1987219210e-07 -3.5079608150e-10
-5.4086397892e-07 4.0552043313e-11
-1.7824364309e-06 7.2534885435e-10
-1.1033558348e-06 1.1050090578e-09
3.2378626065e-07 1.1950378595e-09
1.2381901916e-06 1.2523482051e-09
1.6398559581e-06 1.2769400947e-09
1.5287835600e-06 1.2688135281e-09
9.0497299743e-07 1.2279685055e-09
-2.3157572970e-07 1.1544050268e-09
-8.3001797994e-07 9.1624567150e-10
1.6744373728e-06 3.3154083298e-10
3.0663609621e-06 2.0867042913e-11
3.3457527880e-06 -1.5775698688e-11
2.5126128504e-06 2.2161260817e-10
1.9757956310e-07 1.8099292971e-09
8.3400684010e-07 2.2550742069e-09
6.0104689409e-07 2.3386167851e-09
-5.0130027496e-07 2.0605570319e-09
-2.4730346671e-06 1.4208949471e-09
-1.6433211618e-06 2.3079521547e-09
1.1626779116e-06 4.1554673881e-09
2.9309135964e-06 5.3720773595e-09
3.6613858927e-06 5.9577820689e-09
3.3540948003e-06 5.9125815163e-09
2.0090403194e-06 5.2364757016e-09
-3.7377755017e-07 3.9294646249e-09
-3.1889911687e-06 2.0941935879e-09
-1.5455459345e-06 1.0182982816e-09
-3.8293698125e-07 2.3585166146e-10
2.9883569092e-07 -2.5314627243e-10
-1.2838910295e-05 -6.9321754287e-10
-1.2007110280e-05 -5.7681375623e-10
-9.1875616096e-06 -4.0189998233e-10
-4.3802642826e-06 -1.6847622117e-10
2.4147817007e-06 1.2345752727e-10
6.5778199976e-06 -5.6528193943e-10
5.5388834335e-06 -2.1340422549e-09
4.4265489309e-06 -3.1702800895e-09
3.2408164896e-06 -3.6739954432e-09
1.9816861099e-06 -3.6451883160e-09
6.4915779155e-07 -3.0838587079e-09
-7.5676846532e-07 -1.9900066189e-09
-2.2360926607e-06 -3.6363204901e-10
-6.9280256064e-06 -1.6951194213e-09
-3.6834366601e-06 -1.6516751695e-10
-1.3082349370e-06 1.0031820558e-09
5.3237973152e-06 -2.4816247324e-09
4.2176460470e-06 -3.2184587088e-09
3.0023133658e-06 -3.4154616897e-09
1.6777992717e-06 -3.0726336753e-09
2.4410376450e-07 -2.1899746656e-09
-1.2987731556e-06 -7.6748466042e-10
4.5393283263e-08 1.0540206371e-09
5.7121999440e-06 2.4269493283e-09
9.3341406615e-06 3.2691665787e-09
1.0911215436e-05 3.5806723881e-09
1.0443424267e-05 3.3614667566e-09
7.9307671550e-06 2.6115496841e-09
3.3732440999e-06 1.3309211708e-09
-3.2291448982e-06 -4.8041878351e-10
-8.5392643544e-06 -7.5049515433e-10
-1.1682961653e-05 -7.5111134223e-10
2.2396795984e-06 1.1332799415e-09
7.2193173811e-06 2.1602834034e-09
1.0147590315e-05 2.7354018388e-09
1.1024498399e-05 2.8586352477e-09
9.8500416334e-06 2.5299836301e-09
6.6242200187e-06 1.7494469860e-09
1.3470335548e-06 5.1702531538e-10
-5.4110614012e-06 -7.1189312501e-10
-9.8929614486e-06 -6.4892319471e-10
-1.2375180128e-05 -5.6605604912e-10
-1.2857717439e-05 -4.6329168823e-10
-1.1340573383e-05 -3.4063011204e-10
-7.8237479583e-06 -1.9807132055e-10
-2.3072411657e-06 -3.5615313772e-11
5.2089469949e-06 1.4673790830e-10
6.3207671705e-06 -1.2049597607e-09
-9.4858185434e-07 -1.5468406780e-10
-7.2097073117e-06 -7.1780390910e-10
-1.1019093570e-05 -5.2791818027e-10
-1.2821506636e-05 -3.6564216527e-10
-1.2616946510e-05 -2.3097586408e-10
-1.0405413193e-05 -1.2391927672e-10
-6.1869066840e-06 -4.4472403180e-11
3.8573016876e-08 7.3647565387e-12
6.9298246901e-06 -2.2340083878e-10
5.9874021697e-06 -1.8140374629e-09
4.9408346129e-06 -2.8838937856e-09
3.7901220193e-06 -3.4329698068e-09
2.5352643893e-06 -3.4612655266e-09
1.1762617227e-06 -2.9687809450e-09
-2.8688598038e-07 -1.9555160620e-09
-1.8541787201e-06 -4.2147087752e-10
-4.3132437702e-06 6.8717619201e-10
2.6088422385e-06 4.4959009202e-10
6.5959738918e-06 -7.3451502075e-10
5.6220164007e-06 -2.4017119169e-09
4.5449808748e-06 -3.4697258604e-09
3.3648673140e-06 -3.9385568511e-09
2.0816757184e-06 -3.8082048892e-09
6.9540608795e-07 -3.0786699746e-09
-7.9394157732e-07 -1.7499521074e-09
-2.1164684559e-06 1.5560739845e-10
4.2232005592e-06 1.4038616253e-09
8.5052602168e-06 2.2212553257e-09
1.0729710517e-05 2.6077884998e-09
1.0896551460e-05 2.5634611474e-09
9.0057830461e-06 2.0882732687e-09
5.0574052746e-06 1.1822248637e-09
1.6074066740e-06 -4.5921860952e-09
1.8009451081e-07 -3.4417766835e-09
-1.3458481011e-06 -1.5845053989e-09
2.8738933246e-07 5.8855538125e-10
5.9451961891e-06 1.9747496586e-09
9.5381822095e-06 2.8490950614e-09
1.1066347394e-05 3.2115915898e-09
1.0529691742e-05 3.0622392435e-09
7.9282152532e-06 2.4010380228e-09
3.2619179285e-06 1.2279879275e-09
-3.4692002324e-06 -4.5691104231e-10
-8.7486187369e-06 -9.7435361717e-11
-1.1884884421e-05 3.2249255619e-10
-1.3009479766e-05 6.1091767051e-10
-1.2122404772e-05 7.6783998126e-10
-9.2236594405e-06 7.9325948843e-10
1.1781125511e-05 3.0806209290e-09
1.0424603015e-05 2.7152936181e-09
6.9013067765e-06 1.8744859665e-09
1.2112367951e-06 5.5819797414e-10
-5.8557718783e-06 -6.5988859025e-10
-1.0284976732e-05 -5.0863624106e-10
-1.2696259814e-05 -3.8651812280e-10
-1.3089621125e-05 -2.9353423548e-10
-1.1465060663e-05 -2.2968457910e-10
-7.8225784300e-06 -1.9496915365e-10
-2.1621744250e-06 -1.8938795913e-10
5.5161513518e-06 -2.1294099556e-10
6.3303508383e-06 -2.1252050131e-09
5.2975604705e-06 -3.8022430929e-09
4.1661396538e-06 -4.7724192999e-09
2.9360883883e-06 -5.0357336340e-09
-1.2639861514e-05 -2.4740560512e-11
-1.2330853850e-05 1.0707663994e-10
-1.0067842834e-05 2.0988263326e-10
-5.8508284645e-06 2.8367741945e-10
3.2018925742e-07 3.2846099851e-10
6.7915647236e-06 5.7589768170e-11
5.6454387968e-06 -1.4077591903e-09
4.4726153493e-06 -2.3973688435e-09
3.2730943810e-06 -2.9112391916e-09
2.0468758921e-06 -2.9493702344e-09
7.9395988262e-07 -2.5117619721e-09
-4.8565364756e-07 -1.5984144045e-09
-1.7919646984e-06 -2.0932753176e-10
2.8500505415e-06 1.3237208170e-09
7.9938492742e-06 2.3848345284e-09
1.0970874264e-05 2.9704678991e-09
5.2869593845e-06 -1.2704749600e-09
4.1254868438e-06 -1.9595577384e-09
2.9259766189e-06 -2.2503071998e-09
1.6884287100e-06 -2.1427233443e-09
4.1284311696e-07 -1.6368061717e-09
-9.0078016007e-07 -7.3255568216e-10
-1.7181896842e-06 5.6314780833e-10
4.7342091941e-06 1.7215877304e-09
9.0600312057e-06 2.4720359609e-09
1.1259276350e-05 2.8144924999e-09
1.1331944628e-05 2.7489573472e-09
9.2780360392e-06 2.2754305029e-09
5.0975505834e-06 1.3939119670e-09
-1.2095117392e-06 1.0440173959e-10
-7.3958667825e-06 -3.7540858280e-10
-1.0994865824e-05 -1.8556896809e-10
7.6468489264e-07 7.6110310880e-10
6.4924868520e-06 1.6292254470e-09
1.0089703945e-05 2.1518900539e-09
1.1556336172e-05 2.3290969297e-09
1.0892383533e-05 2.1608460742e-09
8.0978460280e-06 1.6471374874e-09
3.1727236566e-06 7.8797116948e-10
-3.8829835811e-06 -4.1665287971e-10
-8.8808105490e-06 -1.3551798256e-10
-1.1816206496e-05 1.5596302403e-10
-1.2793978667e-05 3.7813427568e-10
-1.1814127061e-05 5.3099577238e-10
-8.8766516781e-06 6.1454751414e-10
-3.9815525185e-06 6.2878950096e-10
2.8711704177e-06 5.7372173283e-10
6.4103942412e-06 -1.8305886454e-10
9.9981830643e-07 1.8480035701e-10
-5.8505446980e-06 -3.5540054427e-10
-1.0093367150e-05 4.4488108287e-10
-1.2374390350e-05 1.0271961664e-09
-1.2693614298e-05 1.3915447062e-09
-1.1051038995e-05 1.5379267025e-09
-7.4466644400e-06 1.4663421551e-09
-1.8804906335e-06 1.1767910640e-09
5.6474824247e-06 6.6927342934e-10
6.0101647380e-06 -8.8393808058e-10
4.8821834205e-06 -2.1274258510e-09
3.7154904740e-06 -2.8617079797e-09
2.5100858990e-06 -3.0867844666e-09
1.2659696954e-06 -2.8026553117e-09
-1.6858136936e-08 -2.0093205151e-09
-1.3383975979e-06 -7.0678007659e-10
-4.7763341904e-06 4.7543998302e-09
6.7282137764e-07 3.3926840830e-09
6.0823099384e-06 1.2214438481e-09
5.2373337214e-06 -1.0011980308e-09
4.2989279818e-06 -2.5390429361e-09
3.2670927195e-06 -3.3920908680e-09
2.1418279347e-06 -3.5603418265e-09
9.2313362731e-07 -3.0437958114e-09
-3.8899020266e-07 -1.8424528229e-09
-1.7945435552e-06 4.3687139161e-11
2.9259883403e-06 1.2459334218e-09
7.8999924265e-06 1.8106909792e-09
1.0755983543e-05 2.0788033093e-09
1.1493961689e-05 2.0502704122e-09
1.0113926865e-05 1.7250922877e-09
6.6158790706e-06 1.1032689360e-09
-3.3880039892e-06 1.7270547953e-10
-5.6454714838e-06 -1.3273875472e-09
-6.5657649085e-06 -3.0254046571e-09
-4.2912403681e-06 -3.8785402701e-09
-2.7620032877e-06 -4.2209568531e-09
-1.9780536672e-06 -4.0526544061e-09
-1.9393915067e-06 -3.3736329291e-09
-2.6460168062e-06 -2.1838924221e-09
-4.0979295656e-06 -4.8343288505e-10
-6.2951297849e-06 1.7277456820e-09
-4.5579135052e-06 3.0782552648e-09
-2.7242665677e-06 3.8057635394e-09
-1.4155706906e-06 4.0360455868e-09
-6.3182587370e-07 3.7691014070e-09
-3.7303211708e-07 3.0049310000e-09
-6.3918942076e-07 1.7435343657e-09
-1.4500532039e-05 7.0835831700e-09
-1.0454292874e-05 4.9709375888e-09
-3.5981095210e-06 2.0166318160e-09
6.9291031356e-07 3.3370660399e-10
