5.7664019610e+02
5.7689878750e+02
5.7705456204e+02
5.7721581230e+02
5.7737713454e+02
5.7753852973e+02
5.7765848609e+02
5.7770051160e+02
5.7774269047e+02
5.7778161675e+02
5.7781859090e+02
5.7783064102e+02
5.7779294851e+02
5.7775547515e+02
5.7773134101e+02
5.7769824282e+02
5.7766534523e+02
5.7758828437e+02
5.7749224803e+02
5.7739646302e+02
5.7729874699e+02
5.7719918836e+02
5.7706832725e+02
5.7693044658e+02
5.7679286378e+02
5.7665558205e+02
5.7651287773e+02
5.7633569113e+02
5.7616041542e+02
5.7599057698e+02
5.7582104162e+02
5.7564032494e+02
5.7543678268e+02
5.7523154058e+02
5.7502664558e+02
5.7482210104e+02
5.7459249383e+02
5.7435702689e+02
5.7412195146e+02
5.7388367643e+02
5.7363847093e+02
5.7337694995e+02
5.7311229127e+02
5.7284806611e+02
5.7258427835e+02
5.7230984905e+02
5.7202142476e+02
5.7173450470e+02
5.7144802724e+02
5.7116199618e+02
5.7085415195e+02
5.7054268253e+02
5.7022694026e+02
5.6991168567e+02
5.6959692277e+02
5.6925934933e+02
5.6891980699e+02
5.6858192336e+02
5.6824628018e+02
5.6789071290e+02
5.6752514485e+02
5.6716016598e+02
5.6679578083e+02
5.6643199395e+02
5.6606612642e+02
5.6567587712e+02
5.6528622666e+02
5.6489717949e+02
5.6450874005e+02
5.6411522969e+02
5.6370436246e+02
5.6329041678e+02
5.6287712415e+02
5.6246201415e+02
5.6203053531e+02
5.6160310923e+02
5.6117638854e+02
5.6073825561e+02
5.6028009997e+02
5.5982270307e+02
5.5936607007e+02
5.5890982515e+02
5.5843727132e+02
5.5795317203e+02
5.5746989994e+02
5.5698746047e+02
5.5651201698e+02
5.5601366766e+02
5.5550833413e+02
5.5500383806e+02
5.5450018476e+02
5.5399251614e+02
5.5346311573e+02
5.5293034887e+02
5.5239842380e+02
5.5186740838e+02
5.5131777126e+02
5.5076018144e+02
5.5020327682e+02
5.4964729257e+02
5.4908542114e+02
5.4849351598e+02
5.4790265683e+02
5.4731284983e+02
5.4672685613e+02
5.4612626492e+02
5.4551389024e+02
5.4490258923e+02
5.4429236799e+02
5.4368177652e+02
5.4303490273e+02
5.4239771300e+02
5.4176540975e+02
5.4111299519e+02
5.4043961076e+02
5.3976747814e+02
5.3909956738e+02
5.3842269129e+02
5.3772590892e+02
5.3703037090e+02
5.3633608387e+02
5.3564305444e+02
5.3492255155e+02
5.3418860932e+02
5.3345599451e+02
5.3272471403e+02
5.3199477477e+02
5.3124704689e+02
5.3047587484e+02
5.2970121847e+02
5.2892799027e+02
5.2815619743e+02
5.2737547973e+02
5.2656978877e+02
5.2575478385e+02
5.2494036137e+02
5.2412747651e+02
5.2330477602e+02
5.2245552843e+02
5.2160341466e+02
5.2074106753e+02
5.1988036614e+02
5.1901966162e+02
5.1812702152e+02
5.1723613713e+02
5.1634093582e+02
5.1541984192e+02
5.1450052138e+02
5.1357184056e+02
5.1263442832e+02
5.1169490478e+02
5.1073424361e+02
5.0977543918e+02
5.0880183580e+02
5.0781172254e+02
5.0682358231e+02
5.0582798187e+02
5.0480651185e+02
5.0378702489e+02
5.0274474053e+02
5.0170401179e+02
5.0065997687e+02
4.9959799308e+02
4.9852895247e+02
4.9743626050e+02
4.9634575394e+02
4.9525744215e+02
4.9414152443e+02
4.9300717006e+02
4.9185917067e+02
4.9071344812e+02
4.8957001197e+02
4.8842633430e+02
4.8724785465e+02
4.8604234010e+02
4.8483872501e+02
4.8363748787e+02
4.8243863839e+02
4.8124005461e+02
4.7998372697e+02
4.7872342320e+02
4.7745991906e+02
4.7619887575e+02
4.7494030309e+02
4.7363733188e+02
4.7232271754e+02
4.7100449567e+02
4.6968879465e+02
4.6837562436e+02
4.6702882876e+02
4.6565597397e+02
4.6428241906e+02
4.6291068059e+02
4.6154151277e+02
4.6014941442e+02
4.5871726235e+02
4.5728840134e+02
4.5586283024e+02
4.5443985389e+02
4.5300294434e+02
4.5151256616e+02
4.5002477883e+02
4.4854641809e+02
4.4707098487e+02
4.4559039485e+02
4.4404299941e+02
4.4249818810e+02
4.4096370469e+02
4.3943866932e+02
4.3791155951e+02
4.3631275309e+02
4.3471648302e+02
4.3312275837e+02
4.3154730245e+02
4.2997810724e+02
4.2832682869e+02
4.2667640989e+02
4.2502846575e+02
4.2338300494e+02
4.2176998727e+02
4.2013083437e+02
4.1842715750e+02
4.1672588379e+02
4.1502702152e+02
4.1333057894e+02
4.1161315709e+02
4.0989318260e+02
4.0817551270e+02
4.0646015520e+02
4.0471995142e+02
4.0296785936e+02
4.0121817249e+02
3.9944479246e+02
3.9764394884e+02
3.9586267577e+02
3.9408848440e+02
3.9231652008e+02
3.9054184242e+02
3.8868528124e+02
3.8683082077e+02
3.8500938372e+02
3.8320519499e+02
3.8140293353e+02
3.7957156997e+02
3.7769385390e+02
3.7581797045e+02
3.7394392547e+02
3.7209934725e+02
3.7027330010e+02
3.6837220750e+02
3.6647259993e+02
3.6457448207e+02
3.6267785856e+02
3.6078273407e+02
3.5892824681e+02
3.5702148918e+02
3.5511741317e+02
3.5321677011e+02
3.5131736196e+02
3.4941919250e+02
3.4747309718e+02
3.4550670373e+02
3.4361292604e+02
3.4171996253e+02
3.3982781565e+02
3.3789207969e+02
3.3594566567e+02
3.3400003272e+02
3.3206425925e+02
3.3018009535e+02
3.2825467488e+02
3.2632963737e+02
3.2440393099e+02
3.2247814801e+02
3.2051935242e+02
3.1858020190e+02
3.1666800165e+02
3.1475572129e+02
3.1284361301e+02
3.1093175647e+02
3.0901981896e+02
3.0707712224e+02
3.0515886127e+02
3.0327210349e+02
3.0138481799e+02
2.9948948953e+02
2.9756149096e+02
2.9563290167e+02
2.9371414566e+02
2.9185357514e+02
2.8999211934e+02
2.8813011550e+02
2.8626709417e+02
2.8440305254e+02
2.8251552823e+02
2.8062424162e+02
2.7876760428e+02
2.7693488938e+02
2.7510047920e+02
2.7326436910e+02
2.7143981499e+02
2.6962368337e+02
2.6780586197e+02
2.6598634624e+02
2.6416976839e+02
2.6240962005e+02
2.6063283296e+02
2.5885363015e+02
2.5707200519e+02
2.5528795165e+02
2.5354383846e+02
2.5180432143e+02
2.5006239315e+02
2.4832323654e+02
2.4660963872e+02
2.4494970925e+02
2.4326150194e+02
2.4156339464e+02
2.3986221442e+02
2.3818272865e+02
2.3652508903e+02
2.3486882692e+02
2.3323890092e+02
2.3161710729e+02
2.3003162860e+02
2.2844292820e+02
2.2683151192e+02
2.2521748435e+02
2.2365696436e+02
2.2210734118e+02
2.2055393865e+02
2.1901156148e+02
2.1748830085e+02
2.1596131709e+02
2.1445789479e+02
2.1295645289e+02
2.1150447588e+02
2.1008691497e+02
2.0864290039e+02
2.0717215777e+02
2.0569725765e+02
2.0429147739e+02
2.0291277099e+02
2.0152987156e+02
2.0013996455e+02
1.9879672365e+02
1.9745797056e+02
1.9611478117e+02
1.9477234729e+02
1.9343200298e+02
1.9213832544e+02
1.9088388090e+02
1.8962493549e+02
1.8836863855e+02
1.8712391430e+02
1.8587478309e+02
1.8464592945e+02
1.8342055741e+02
1.8224379423e+02
1.8111686436e+02
1.7996725423e+02
1.7880067710e+02
1.7762946554e+02
1.7647290427e+02
1.7540326469e+02
1.7432910274e+02
1.7324614112e+02
1.7213591203e+02
1.7109958162e+02
1.7008084111e+02
1.6905608649e+02
1.6801704792e+02
1.6697349056e+02
1.6601952805e+02
1.6506354515e+02
1.6410131794e+02
1.6313463049e+02
1.6216347275e+02
1.6123999595e+02
1.6034754358e+02
1.5945048052e+02
1.5854863655e+02
1.5766008838e+02
1.5683678078e+02
1.5600908268e+02
1.5517698440e+02
1.5433429655e+02
1.5350528693e+02
1.5273252291e+02
1.5195668566e+02
1.5117673787e+02
1.5039267058e+02
1.4963275076e+02
1.4890271492e+02
1.4816834852e+02
1.4742985052e+02
1.4673934253e+02
1.4606828705e+02
1.4539322085e+02
1.4471130901e+02
1.4403108895e+02
1.4341721214e+02
1.4279939678e+02
1.4217763449e+02
1.4155191691e+02
1.4095151972e+02
1.4038330451e+02
1.3980717173e+02
1.3922530387e+02
1.3863987792e+02
1.3809435672e+02
1.3757220522e+02
1.3704667636e+02
1.3651776313e+02
1.3598545849e+02
1.3548457969e+02
1.3501017520e+02
1.3453527183e+02
1.3405715202e+02
1.3359079559e+02
1.3314943752e+02
1.3270266816e+02
1.3224828293e+02
1.3183730628e+02
1.3143861751e+02
1.3103010182e+02
1.3061856470e+02
1.3020400005e+02
1.2983888532e+02
1.2948042120e+02
1.2911915344e+02
1.2875922570e+02
1.2841259311e+02
1.2806316815e+02
1.2772416071e+02
1.2740950102e+02
1.2709484249e+02
1.2677864212e+02
1.2646219308e+02
1.2618780425e+02
1.2591102532e+02
1.2562910770e+02
1.2534183645e+02
1.2505823108e+02
1.2482394138e+02
1.2458748576e+02
1.2434525669e+02
1.2410628707e+02
1.2387892695e+02
1.2364935173e+02
1.2342031361e+02
1.2321882447e+02
1.2302183997e+02
1.2282774338e+02
1.2263163341e+02
1.2244906209e+02
1.2227395602e+02
1.2210900940e+02
1.2194341603e+02
1.2177877186e+02
1.2164005320e+02
1.2149964441e+02
1.2136847026e+02
1.2123909491e+02
1.2111604366e+02
1.2100234303e+02
1.2089209268e+02
1.2078794715e+02
1.2070509733e+02
1.2062473281e+02
1.2054625905e+02
1.2047291576e+02
1.2040743880e+02
1.2035828838e+02
1.2031031225e+02
1.2027093651e+02
1.2024648427e+02
1.2022932440e+02
1.2022185796e+02
1.2022433635e+02
1.2022579019e+02
1.2025555937e+02
1.2028577361e+02
1.2031823047e+02
1.2037391217e+02
1.2043009725e+02
1.2052168976e+02
1.2061227446e+02
1.2072923028e+02
1.2084364558e+02
1.2098038360e+02
1.2114024714e+02
1.2129963281e+02
1.2150152946e+02
1.2172039460e+02
1.2193904562e+02
1.2220153877e+02
1.2248948807e+02
1.2277924645e+02
1.2311274335e+02
