2.9151494535e+02
2.9174056704e+02
2.9196618873e+02
2.9219177983e+02
2.9241705999e+02
2.9264234015e+02
2.9286762031e+02
2.9309290046e+02
2.9331818062e+02
2.9354346078e+02
2.9376874094e+02
2.9399419779e+02
2.9421975325e+02
2.9444530872e+02
2.9467086418e+02
2.9489641965e+02
2.8700564709e+02
2.8723112860e+02
2.8745658955e+02
2.8768205049e+02
2.8790751144e+02
2.8813297238e+02
2.8835843333e+02
2.8858389427e+02
2.8880935522e+02
2.8903472747e+02
2.8926009838e+02
2.8948546929e+02
2.8971084020e+02
2.8993621111e+02
2.9016158202e+02
2.9128932365e+02
2.7979080788e+02
2.8001623868e+02
2.8024166948e+02
2.8046711309e+02
2.8069260107e+02
2.8091808906e+02
2.8114357705e+02
2.8136906504e+02
2.8159455302e+02
2.8182004101e+02
2.8204552900e+02
2.8227096076e+02
2.8249637631e+02
2.8272179185e+02
2.8294720740e+02
2.8317262295e+02
2.7618389246e+02
2.7640934606e+02
2.7663479967e+02
2.7686025328e+02
2.7708570311e+02
2.7731112506e+02
2.7753654701e+02
2.7776196896e+02
2.7798739092e+02
2.7821281287e+02
2.7843823482e+02
2.7866365677e+02
2.7888908467e+02
2.7911451547e+02
2.7933994627e+02
2.7956537708e+02
2.7257683351e+02
2.7280221098e+02
2.7302758844e+02
2.7325296591e+02
2.7347834337e+02
2.7370372233e+02
2.7392920022e+02
2.7415467810e+02
2.7438015598e+02
2.7460563387e+02
2.7483111175e+02
2.7505658963e+02
2.7528206752e+02
2.7550753163e+02
2.7573298524e+02
2.7595843885e+02
2.6896930399e+02
2.6919474621e+02
2.6942018843e+02
2.6964563065e+02
2.6987107286e+02
2.7009651508e+02
2.7032195730e+02
2.7054747451e+02
2.7077299910e+02
2.7099852370e+02
2.7122404829e+02
2.7144957288e+02
2.7167509747e+02
2.7190062206e+02
2.7212607858e+02
2.7235145605e+02
2.6536216166e+02
2.6558762314e+02
2.6581308462e+02
2.6603854610e+02
2.6626400758e+02
2.6648946906e+02
2.6671493053e+02
2.6694039201e+02
2.6716583021e+02
2.6739126280e+02
2.6761669539e+02
2.6784212797e+02
2.6806756056e+02
2.6829299315e+02
2.6851842574e+02
2.6874386178e+02
2.6175512934e+02
2.6198056352e+02
2.6220600473e+02
2.6243144594e+02
2.6265688715e+02
2.6288232836e+02
2.6310776957e+02
2.6333321078e+02
2.6355865198e+02
2.6378409083e+02
2.6400952866e+02
2.6423496649e+02
2.6446040432e+02
2.6468584216e+02
2.6491127999e+02
2.6513671782e+02
2.5814792486e+02
2.5837330361e+02
2.5859868709e+02
2.5882417151e+02
2.5904965592e+02
2.5927514034e+02
2.5950062475e+02
2.5972610917e+02
2.5995159358e+02
2.6017707800e+02
2.6040253168e+02
2.6062796463e+02
2.6085339757e+02
2.6107883051e+02
2.6130426346e+02
2.6152969640e+02
2.5454061576e+02
2.5476605745e+02
2.5499149914e+02
2.5521694083e+02
2.5544245672e+02
2.5566797733e+02
2.5589349793e+02
2.5611901854e+02
2.5634453914e+02
2.5657005975e+02
2.5679558035e+02
2.5702103109e+02
2.5724640984e+02
2.5747178860e+02
2.5769716735e+02
2.5792254610e+02
2.5093355616e+02
2.5115901263e+02
2.5138446910e+02
2.5160992557e+02
2.5183538204e+02
2.5206081842e+02
2.5228625084e+02
2.5251168327e+02
2.5273711569e+02
2.5296254812e+02
2.5318798055e+02
2.5341341297e+02
2.5363884899e+02
2.5386429068e+02
2.5408973237e+02
2.5431517406e+02
2.4732650243e+02
2.4755192371e+02
2.4777734500e+02
2.4800276628e+02
2.4822818757e+02
2.4845360885e+02
2.4867904955e+02
2.4890449737e+02
2.4912994519e+02
2.4935539301e+02
2.4958084083e+02
2.4980628866e+02
2.5003173648e+02
2.5025718675e+02
2.5048264322e+02
2.5070809969e+02
2.4371916829e+02
2.4394465829e+02
2.4417014828e+02
2.4439563827e+02
2.4462112826e+02
2.4484661826e+02
2.4507210825e+02
2.4529756828e+02
2.4552301046e+02
2.4574845265e+02
2.4597389484e+02
2.4619933703e+02
2.4642477922e+02
2.4665022141e+02
2.4687565985e+02
2.4710108114e+02
2.4011193086e+02
2.4033746111e+02
2.4056299416e+02
2.4078852720e+02
2.4101406025e+02
2.4123959330e+02
2.4146512634e+02
2.4169065939e+02
2.4191610530e+02
2.4214147155e+02
2.4236683781e+02
2.4259220406e+02
2.4281757031e+02
2.4304293656e+02
2.4326830281e+02
2.4349367830e+02
2.3650493276e+02
2.3673036298e+02
2.3695579842e+02
2.3718123468e+02
2.3740667095e+02
2.3763210721e+02
2.3785754347e+02
2.3808297973e+02
2.3830841599e+02
2.3853385365e+02
2.3875929325e+02
2.3898473285e+02
2.3921017245e+02
2.3943561205e+02
2.3966105165e+02
2.3988649126e+02
2.3289781965e+02
2.3312323655e+02
2.3334865345e+02
2.3357410700e+02
2.3379957206e+02
2.3402503711e+02
2.3425050217e+02
2.3447596723e+02
2.3470143228e+02
2.3492689734e+02
2.3515235147e+02
2.3537778169e+02
2.3560321190e+02
2.3582864212e+02
2.3605407233e+02
2.3627950255e+02
2.2929067695e+02
2.2951616661e+02
2.2974165627e+02
2.2996714592e+02
2.3019260800e+02
2.3041805565e+02
2.3064350331e+02
2.3086895097e+02
2.3109439862e+02
2.3131984628e+02
2.3154529393e+02
2.3177073516e+02
2.3199615206e+02
2.3222156896e+02
2.3244698586e+02
2.3267240276e+02
2.2568357735e+02
2.2590911108e+02
2.2613464482e+02
2.2636017855e+02
2.2658571228e+02
2.2681115265e+02
2.2703651731e+02
2.2726188197e+02
2.2748724663e+02
2.2771261129e+02
2.2793797595e+02
2.2816334061e+02
2.2838871833e+02
2.2861420799e+02
2.2883969764e+02
2.2906518730e+02
3.3480171559e+02
3.3502724430e+02
3.3525277301e+02
3.3547830172e+02
3.3570383043e+02
3.3592931609e+02
3.3615474864e+02
3.3638018119e+02
3.3660561374e+02
3.3683104630e+02
3.3705647885e+02
3.3728191140e+02
3.3750734395e+02
2.2500697616e+02
2.2523250989e+02
2.2545804362e+02
3.3119478073e+02
3.3142020741e+02
3.3164563409e+02
3.3187106077e+02
3.3209648745e+02
3.3232191413e+02
3.3254733217e+02
3.3277273368e+02
3.3299813519e+02
3.3322353670e+02
3.3344893821e+02
3.3367433972e+02
3.3389974124e+02
3.3412514275e+02
3.3435065817e+02
3.3457618688e+02
3.2758732286e+02
3.2781272122e+02
3.2803811958e+02
3.2826351794e+02
3.2848891630e+02
3.2871431466e+02
3.2893971301e+02
3.2916514451e+02
3.2939068162e+02
3.2961621873e+02
3.2984175585e+02
3.3006729296e+02
3.3029283007e+02
3.3051836718e+02
3.3074390430e+02
3.3096935405e+02
3.2397972501e+02
3.2420520602e+02
3.2443074123e+02
3.2465627644e+02
3.2488181165e+02
3.2510734686e+02
3.2533288207e+02
3.2555841728e+02
3.2578393774e+02
3.2600936321e+02
3.2623478867e+02
3.2646021414e+02
3.2668563960e+02
3.2691106507e+02
3.2713649054e+02
3.2736191600e+02
3.2037291790e+02
3.2059845171e+02
3.2082393218e+02
3.2104935430e+02
3.2127477642e+02
3.2150019854e+02
3.2172562065e+02
3.2195104277e+02
3.2217646489e+02
3.2240188651e+02
3.2262729201e+02
3.2285269751e+02
3.2307810301e+02
3.2330350851e+02
3.2352891401e+02
3.2375431951e+02
3.1676564764e+02
3.1699107612e+02
3.1721650460e+02
3.1744192258e+02
3.1766732292e+02
3.1789272326e+02
3.1811812359e+02
3.1834352393e+02
3.1856892427e+02
3.1879432461e+02
3.1901972494e+02
3.1924524880e+02
3.1947078262e+02
3.1969631644e+02
3.1992185026e+02
3.2014738408e+02
3.1315810000e+02
3.1338348330e+02
3.1360886660e+02
3.1383424989e+02
3.1405967637e+02
3.1428522040e+02
3.1451076442e+02
3.1473630845e+02
3.1496185248e+02
3.1518739650e+02
3.1541294053e+02
3.1563848455e+02
3.1586393373e+02
3.1608936221e+02
3.1631479069e+02
3.1654021917e+02
3.0955079792e+02
3.0977633372e+02
3.1000186953e+02
3.1022740533e+02
3.1045294113e+02
3.1067846141e+02
3.1090390269e+02
3.1112934397e+02
3.1135478525e+02
3.1158022653e+02
3.1180566781e+02
3.1203110909e+02
3.1225655037e+02
3.1248195011e+02
3.1270733341e+02
3.1293271670e+02
3.0594390672e+02
3.0616934615e+02
3.0639478558e+02
3.0662022502e+02
3.0684566445e+02
3.0707110388e+02
3.0729654018e+02
3.0752192705e+02
3.0774731393e+02
3.0797270080e+02
3.0819808768e+02
3.0842347456e+02
3.0864886143e+02
3.0887424831e+02
3.0909972632e+02
3.0932526212e+02
3.0233651603e+02
3.0256190201e+02
3.0278728799e+02
3.0301267398e+02
3.0323805996e+02
3.0346344594e+02
3.0368883192e+02
3.0391421791e+02
3.0413974938e+02
3.0436528768e+02
3.0459082597e+02
3.0481636427e+02
3.0504190257e+02
3.0526744086e+02
3.0549297916e+02
3.0571846729e+02
2.9872884084e+02
2.9895427569e+02
2.9917981303e+02
2.9940535038e+02
2.9963088772e+02
2.9985642507e+02
3.0008196241e+02
3.0030749976e+02
3.0053303711e+02
3.0075848777e+02
3.0098392323e+02
3.0120935868e+02
3.0143479414e+02
3.0166022960e+02
3.0188566505e+02
3.0211110051e+02
2.9512197511e+02
2.9534753058e+02
2.9557306224e+02
2.9579849502e+02
2.9602392780e+02
2.9624936059e+02
2.9647479337e+02
2.9670022615e+02
2.9692565893e+02
2.9715109171e+02
2.9737649348e+02
2.9760188471e+02
2.9782727594e+02
2.9805266716e+02
2.9827805839e+02
2.9850344962e+02
2.8339803849e+02
2.8362345404e+02
2.8384888714e+02
2.8407435613e+02
2.8429982512e+02
2.8452529411e+02
2.8475076310e+02
2.8497623209e+02
2.8520170108e+02
2.8542717007e+02
2.8565266390e+02
2.8587816110e+02
2.8610365830e+02
2.8632915550e+02
2.8655465270e+02
2.8678014989e+02
2.9106370196e+02
2.9083808027e+02
2.9061245858e+02
2.9038695293e+02
