3.5122642281e-06 1.6873427178e-08
2.7047988423e-01 -8.5392487886e-04
5.3483278766e-01 -3.3651728781e-03
7.9298350163e-01 -7.5028865536e-03
1.0448692332e+00 -1.3138707632e-02
1.2905058399e+00 -2.0236978602e-02
1.5297193926e+00 -2.8725524796e-02
1.7625037592e+00 -3.8535274726e-02
1.9888718590e+00 -4.9572714564e-02
2.2087451165e+00 -6.1818212219e-02
2.4221144656e+00 -7.5138658289e-02
2.6289532926e+00 -8.9510101832e-02
2.8292342537e+00 -1.0487454369e-01
3.0229552135e+00 -1.2112497160e-01
3.2101425502e+00 -1.3824060912e-01
3.3907509498e+00 -1.5611240728e-01
3.5647906595e+00 -1.7470199258e-01
3.7322735788e+00 -1.9396119271e-01
3.8932144984e+00 -2.1378674511e-01
4.0476212506e+00 -2.3416728748e-01
4.1955092165e+00 -2.5499795060e-01
4.3368689449e+00 -2.7624424373e-01
4.4717605101e+00 -2.9785109731e-01
4.6001900511e+00 -3.1973786072e-01
4.7221635019e+00 -3.4188926769e-01
4.8377236850e+00 -3.6420564886e-01
4.9469041500e+00 -3.8666520675e-01
5.0497100754e+00 -4.0920563065e-01
5.1462065862e+00 -4.3176161759e-01
5.2363849328e+00 -4.5431844728e-01
5.3202869296e+00 -4.7677840285e-01
5.3979478732e+00 -4.9912221389e-01
5.4694318120e+00 -5.2130744173e-01
5.5347507647e+00 -5.4326139892e-01
5.5939327319e+00 -5.6496927706e-01
5.6470233149e+00 -5.8634518934e-01
5.6940691861e+00 -6.0738175059e-01
5.7351095641e+00 -6.2801368723e-01
5.7701752859e+00 -6.4820581084e-01
5.7993091525e+00 -6.6791158297e-01
5.8225570601e+00 -6.8708202694e-01
5.8399554941e+00 -7.0569810663e-01
5.8515708542e+00 -7.2369093979e-01
5.8574229447e+00 -7.4104841823e-01
5.8575818771e+00 -7.5769811703e-01
5.8520786148e+00 -7.7362821775e-01
5.8409568475e+00 -7.8879453954e-01
5.8242957059e+00 -8.0314710108e-01
5.8021196757e+00 -8.1667380436e-01
5.7745120531e+00 -8.2930512603e-01
5.7414805715e+00 -8.4103091076e-01
5.7031349529e+00 -8.5180703721e-01
5.6595201590e+00 -8.6158982502e-01
5.6106582695e+00 -8.7037174058e-01
5.5566756003e+00 -8.7808571880e-01
5.4975922911e+00 -8.8471704096e-01
5.4334623121e+00 -8.9024373050e-01
5.3644143843e+00 -8.9460573416e-01
5.2904843935e+00 -8.9780716072e-01
5.2117762414e+00 -8.9980566263e-01
5.1283263934e+00 -9.0056493541e-01
5.0402406064e+00 -9.0005815585e-01
4.9476007124e+00 -8.9824965983e-01
4.8504949576e+00 -8.9514926794e-01
4.7490470820e+00 -8.9070593005e-01
4.6433494710e+00 -8.8492501692e-01
4.5334599245e+00 -8.7775094444e-01
4.4195435126e+00 -8.6916883971e-01
4.3016973592e+00 -8.5916942574e-01
4.1800427030e+00 -8.4776835305e-01
4.0547326834e+00 -8.3492938895e-01
3.9258292794e+00 -8.2061652969e-01
3.7935705887e+00 -8.0485102474e-01
3.6580396085e+00 -7.8763201415e-01
3.5194338628e+00 -7.6890626469e-01
3.3779049393e+00 -7.4875925189e-01
3.2336742224e+00 -7.2717308365e-01
3.0868764171e+00 -7.0414406198e-01
2.9377847317e+00 -6.7966445087e-01
2.7865485256e+00 -6.5376785757e-01
2.6334350069e+00 -6.2649303986e-01
2.4787557233e+00 -5.9789648771e-01
2.3226939871e+00 -5.6800786951e-01
2.1656504023e+00 -5.3685991906e-01
2.0077738493e+00 -5.0447269365e-01
1.8496861000e+00 -4.7100204775e-01
1.6915114126e+00 -4.3649270408e-01
1.5339168194e+00 -4.0114952511e-01
1.3771123673e+00 -3.6489213836e-01
1.2219517359e+00 -3.2795192806e-01
1.0687274293e+00 -2.9053021400e-01
9.1848722885e-01 -2.5287266281e-01
7.7170756019e-01 -2.1506911971e-01
6.2992354647e-01 -1.7783755913e-01
4.9367547487e-01 -1.4134759092e-01
3.6492311866e-01 -1.0582092980e-01
2.4671456019e-01 -7.2049708541e-02
1.3927890432e-01 -4.0495896381e-02
5.4474645892e-02 -1.5595244120e-02
-1.0616438184e-06 1.3467741643e-07
