1.3617937386e-03 -1.0832367644e-05
2.0628843590e-03 -9.3976287130e-07
3.5327448961e-05 2.5350224009e-06
2.0939263448e-03 3.0295052304e-05
1.3971633499e-03 -6.9027514108e-07
1.4560175958e-03 4.2364712165e-05
2.0728934336e-03 -1.4023565211e-05
1.1330350946e-04 8.3863243838e-06
2.0782752212e-03 -2.5751017952e-05
1.2971511323e-03 1.7623864513e-05
1.4049265310e-03 -2.2857055631e-05
2.0291286825e-03 3.3801640009e-05
3.9714121380e-05 -2.2034096992e-07
2.1018849674e-03 4.3494131592e-05
1.3580180563e-03 -2.5092557683e-05
1.4860104040e-03 3.6382158779e-05
2.0601432210e-03 -4.4757699843e-05
1.7532213534e-04 7.3409865154e-06
2.0720378856e-03 -5.4718226351e-05
1.2739517598e-03 3.4196394820e-05
1.4182552805e-03 -4.4981466757e-05
2.0272781989e-03 5.9810931060e-05
1.0920785676e-04 -2.9605337792e-06
2.0970039687e-03 7.1393739609e-05
1.3262252568e-03 -2.2812467745e-05
1.5031951613e-03 6.0169720284e-05
2.0446825355e-03 -5.7809508070e-05
2.3528251191e-04 1.3520460241e-05
2.0763590206e-03 -8.5114174251e-05
1.2312290386e-03 3.9842990424e-05
1.4575908425e-03 -7.0020265181e-05
2.0071986958e-03 7.8770195425e-05
1.8958878789e-04 -9.8512934933e-06
2.1023554970e-03 1.0375935101e-04
1.2546490705e-03 -5.3834744232e-05
1.5452618272e-03 8.7853201755e-05
1.9945305976e-03 -9.5890797891e-05
3.0674835529e-04 2.2928854796e-05
2.0920037138e-03 -1.1199045647e-04
1.1646529864e-03 6.4420768422e-05
1.5176775594e-03 -8.7421448116e-05
1.9663057757e-03 1.1278415231e-04
2.3213553043e-04 -1.4409684340e-05
2.0976447423e-03 1.2947528191e-04
1.2101155910e-03 -6.6646976724e-05
1.5591397224e-03 1.0490057512e-04
1.9873450735e-03 -1.1991116849e-04
3.5977401269e-04 2.8453932768e-05
2.0858308926e-03 -1.4162484479e-04
1.1209168379e-03 6.4156313373e-05
1.5269731174e-03 -1.1409682054e-04
1.9437020122e-03 1.2567685553e-04
3.0204902962e-04 -2.4523233773e-05
2.0935004084e-03 1.5825161150e-04
1.1606276458e-03 -7.7085663608e-05
1.5923603659e-03 1.2989609266e-04
1.9521921002e-03 -1.4232130467e-04
4.2361824438e-04 3.9366684798e-05
2.0787465798e-03 -1.6829854131e-04
1.0563959908e-03 8.8186507399e-05
1.5532248763e-03 -1.3363750923e-04
1.8982978794e-03 1.6237967594e-04
3.6304910173e-04 -3.3294851914e-05
2.0824991838e-03 1.8735337575e-04
1.1077637550e-03 -9.3854409153e-05
1.6214536883e-03 1.5609566457e-04
1.9203415285e-03 -1.7102528644e-04
4.8326871683e-04 5.2891292168e-05
2.0708769086e-03 -1.9717246113e-04
9.8682944235e-04 9.7734147292e-05
1.5787249173e-03 -1.6092142392e-04
1.8481879798e-03 1.8475592111e-04
4.1938338345e-04 -4.7259404465e-05
2.0668893711e-03 2.1572232899e-04
1.0508801913e-03 -1.0485637693e-04
1.6299342969e-03 1.8219337149e-04
1.8864980322e-03 -1.9400338958e-04
5.3293305710e-04 6.7069187532e-05
2.0565030580e-03 -2.2374762486e-04
9.3909657311e-04 1.0316241093e-04
1.5788701185e-03 -1.8295238104e-04
1.8181535259e-03 2.0271204672e-04
4.6712517587e-04 -5.8237635943e-05
2.0459832938e-03 2.4164672183e-04
9.8922026721e-04 -1.0837223348e-04
1.6293608677e-03 2.0364988230e-04
1.8400014273e-03 -2.1042295459e-04
5.7605523506e-04 7.8956187936e-05
2.0416639872e-03 -2.5017030437e-04
8.8690690244e-04 1.0533540207e-04
1.6129139544e-03 -2.1264074213e-04
1.7836580897e-03 2.1782697219e-04
5.3186365941e-04 -7.6290963255e-05
2.0252675383e-03 2.6651794906e-04
9.2861260191e-04 -1.1962320356e-04
1.6335421368e-03 2.2632757530e-04
1.7934164620e-03 -2.3474105883e-04
6.2139018247e-04 9.3820767749e-05
2.0195091570e-03 -2.7562051802e-04
8.2660315442e-04 1.1659581271e-04
1.6129097547e-03 -2.3223656246e-04
1.7358740796e-03 2.4437829895e-04
5.7443362911e-04 -8.7551961865e-05
1.9970161284e-03 2.9383149583e-04
8.7122083181e-04 -1.2085628508e-04
1.6478621792e-03 2.6586442324e-04
1.7516915163e-03 -2.4956299463e-04
6.6935507340e-04 1.1843106985e-04
1.9967404588e-03 -2.9957730169e-04
7.6691945641e-04 1.2307908884e-04
1.6260752863e-03 -2.5762250300e-04
1.6924546188e-03 2.6754863531e-04
6.2382978794e-04 -1.0509011078e-04
1.9666605954e-03 3.1680339878e-04
8.0573561105e-04 -1.2709533759e-04
1.6488897185e-03 2.8365255879e-04
1.6977728158e-03 -2.6943403110e-04
7.1173270357e-04 1.3327035919e-04
1.9704156331e-03 -3.2131097555e-04
6.8664568930e-04 1.1982245480e-04
1.6275335840e-03 -2.7422149324e-04
1.6118510421e-03 2.7499395995e-04
6.6517514209e-04 -1.1741707133e-04
1.9351682580e-03 3.4200598343e-04
7.5110644395e-04 -1.2940558310e-04
1.6557277995e-03 3.0774863577e-04
1.6568042807e-03 -2.8556063742e-04
7.5514476451e-04 1.5041107034e-04
1.9394389791e-03 -3.4148918681e-04
6.2444143981e-04 1.1930295949e-04
1.6192980430e-03 -2.9613845981e-04
1.5582765929e-03 2.8886605877e-04
7.0183509855e-04 -1.3453184344e-04
1.9005370854e-03 3.5983563706e-04
6.9194207342e-04 -1.2576459148e-04
1.6460990652e-03 3.1847843521e-04
1.6048974648e-03 -2.9353957310e-04
7.8638101260e-04 1.5901009706e-04
1.9087267747e-03 -3.6351628058e-04
5.6893710756e-04 1.1657221634e-04
1.6214523669e-03 -3.3484468683e-04
1.5124362038e-03 3.0206477229e-04
7.3840842738e-04 -1.6437286677e-04
1.8630203409e-03 3.7920809834e-04
6.2228840282e-04 -1.2613512637e-04
1.6331569968e-03 3.4551115868e-04
1.5433016589e-03 -3.0783325361e-04
8.1261231923e-04 1.8284319855e-04
1.8724556890e-03 -3.8268279745e-04
5.0623491478e-04 1.1444336501e-04
1.6172105556e-03 -3.3791199690e-04
1.4581091416e-03 3.1332540127e-04
7.7363265363e-04 -1.6718862622e-04
1.8205180026e-03 4.0063130973e-04
5.6630157405e-04 -1.2201967551e-04
1.6216150892e-03 3.8403241970e-04
1.4963167290e-03 -3.1870901468e-04
1.8383120499e-03 -3.9824055161e-04
8.4292364806e-04 2.1645615486e-04
1.6033125041e-03 -3.5463958468e-04
4.4554315516e-04 1.1170028245e-04
7.9937279958e-04 -1.8254097589e-04
1.3983255015e-03 3.2344576387e-04
5.0945485281e-04 -1.1674344781e-04
1.7806803098e-03 4.1535395333e-04
1.4460135252e-03 -3.2656345949e-04
1.5954269743e-03 3.7922538089e-04
1.7971268939e-03 -4.1350506109e-04
8.5368138504e-04 2.1118283656e-04
1.5925841944e-03 -3.7732049898e-04
3.9319792340e-04 1.0121256813e-04
8.3046707157e-04 -2.0440396192e-04
1.3617053881e-03 3.2885995224e-04
4.4880249083e-04 -1.1086774353e-04
1.7420611725e-03 4.2868585068e-04
1.3817111512e-03 -3.3153139363e-04
1.5697785379e-03 3.9871977615e-04
1.7545953761e-03 -4.2828600067e-04
8.6742445262e-04 2.3008788013e-04
1.5798122948e-03 -3.9695895852e-04
3.3098097955e-04 9.2640399059e-05
8.5368834134e-04 -2.2233338271e-04
1.2931702568e-03 3.3457527259e-04
3.8874632317e-04 -1.0265668920e-04
1.6939118598e-03 4.4040114499e-04
1.3277795631e-03 -3.3729586712e-04
1.5553225143e-03 4.0991234594e-04
1.7131076101e-03 -4.4044241515e-04
8.9093155540e-04 2.4167246573e-04
1.5590296725e-03 -4.0781650872e-04
2.7674445472e-04 8.0572751961e-05
8.6960077327e-04 -2.3368386488e-04
1.2430906438e-03 3.3529674801e-04
3.3204585907e-04 -9.2861996126e-05
1.6476913159e-03 4.5148279386e-04
1.2761941329e-03 -3.4128968643e-04
1.5377244615e-03 4.4901542080e-04
1.6718661743e-03 -4.5201778846e-04
9.1352894156e-04 2.8584656017e-04
1.5380552244e-03 -4.2640415946e-04
2.1186047922e-04 7.1506446385e-05
8.8644056362e-04 -2.5391161950e-04
1.1528939694e-03 3.3285598138e-04
2.7621856465e-04 -8.2363756778e-05
1.5842698008e-03 4.6034093839e-04
1.2136357352e-03 -3.3998212210e-04
1.5090401117e-03 4.4720758210e-04
1.6226249717e-03 -4.5994622694e-04
9.2032016684e-04 2.8140985544e-04
1.5216139265e-03 -4.4976998018e-04
1.5903806924e-04 5.7510807944e-05
9.0573627718e-04 -2.8084279192e-04
1.1081723068e-03 3.3571806917e-04
2.1498691216e-04 -7.0167538644e-05
1.5371627290e-03 4.6762737903e-04
1.1486201846e-03 -3.3921174416e-04
1.4721214707e-03 4.5592668698e-04
1.5759967752e-03 -4.6980240523e-04
9.2229814645e-04 2.9400484328e-04
1.4954030362e-03 -4.5464327316e-04
1.0692399629e-04 4.2733922821e-05
9.1198161040e-04 -2.8498407374e-04
1.0323678084e-03 3.2746239615e-04
1.6450898573e-04 -5.7636224468e-05
1.4768765901e-03 4.6921338774e-04
1.1020943647e-03 -3.4029483564e-04
1.4434887398e-03 4.6337152126e-04
1.5301302063e-03 -4.7572060159e-04
9.2763927178e-04 3.0431624431e-04
1.4680344979e-03 -4.6441136263e-04
5.6763042230e-05 2.7898940277e-05
9.2242824680e-04 -2.9913641453e-04
9.8388569159e-04 3.2720518647e-04
1.1440304932e-04 -4.3912191663e-05
1.4286532877e-03 4.7578839410e-04
1.0428149927e-03 -3.3547757096e-04
1.4088712022e-03 4.7691718497e-04
1.4802656178e-03 -4.7961608209e-04
1.4404222760e-03 -4.7664608080e-04
9.2853950911e-04 3.2352569368e-04
9.2817823214e-04 -3.1556067519e-04
8.1309422298e-06 1.4031189605e-05
6.4142849896e-05 -2.8830952495e-05
9.1964183336e-04 3.2021184657e-04
9.8166242442e-04 -3.2898085033e-04
1.3723450234e-03 4.7676908632e-04
1.4263258972e-03 -4.8023886282e-04
1.3762765666e-03 4.8254314801e-04
1.4105383255e-03 -4.8288805060e-04
9.2802071124e-04 3.3204743063e-04
9.3492113018e-04 -3.2796408968e-04
2.9460146915e-05 2.0583255668e-05
1.9316886747e-05 -1.5641494580e-05
8.7279443145e-04 3.1617150698e-04
9.3101505081e-04 -3.2656105108e-04
1.3248108004e-03 4.7964640000e-04
1.3793581357e-03 -4.8394183735e-04
1.3351461999e-03 4.9073431416e-04
1.3739144172e-03 -4.8685653281e-04
9.1793048174e-04 3.4638699591e-04
9.2420674400e-04 -3.3350693253e-04
7.0358282819e-05 3.7100474344e-05
3.6205326391e-05 -2.1271745797e-05
8.0996220585e-04 3.0649847304e-04
8.7887095580e-04 -3.1848993873e-04
1.2654487058e-03 4.7646244050e-04
1.3317554813e-03 -4.8366747185e-04
1.2953314070e-03 4.9067535296e-04
1.3422084215e-03 -4.9345691213e-04
9.0863908480e-04 3.5009657769e-04
9.2394296496e-04 -3.4625740962e-04
1.0925826460e-04 5.2328353940e-05
7.9151015477e-05 -3.8169297632e-05
7.5912745426e-04 3.0108924776e-04
8.2795775253e-04 -3.1265637963e-04
1.2113203979e-03 4.7806564914e-04
1.2838934961e-03 -4.8485053213e-04
1.2504450089e-03 5.0669912235e-04
1.3078771645e-03 -5.0197070982e-04
8.9796865502e-04 3.8336037520e-04
9.1886829998e-04 -3.6254716749e-04
1.4481496176e-04 7.6188060777e-05
1.1593676143e-04 -5.6089606465e-05
6.8386813613e-04 2.8402926222e-04
7.6778644237e-04 -3.0195094024e-04
1.1399005259e-03 4.6592066492e-04
1.2265166510e-03 -4.8013900671e-04
1.2158611510e-03 4.9674143876e-04
1.2725641629e-03 -5.0336827026e-04
8.9062670157e-04 3.6797062194e-04
9.1630334492e-04 -3.6944677733e-04
1.7546863471e-04 8.1734471146e-05
1.5255428646e-04 -7.0498061516e-05
6.5255633382e-04 2.7868164897e-04
7.1583004288e-04 -2.9076927127e-04
1.1036188234e-03 4.6759200135e-04
1.1756057271e-03 -4.7546047457e-04
1.1660181969e-03 5.0435240697e-04
1.2349803927e-03 -5.0558975607e-04
9.0536060833e-04 -3.7890891277e-04
8.6495299667e-04 3.9303543591e-04
1.8255422577e-04 -8.5653563182e-05
1.9893050777e-04 1.0452931455e-04
6.6639399592e-04 -2.8029379453e-04
5.8772354840e-04 2.6089003016e-04
1.1269270450e-03 -4.7101189045e-04
1.0376159007e-03 4.5389641947e-04
1.1950801343e-03 -5.0483518056e-04
1.1261503592e-03 4.9822363894e-04
8.8952167793e-04 -3.8357478156e-04
8.5066385268e-04 3.8513368251e-04
2.1254665552e-04 -1.0100142496e-04
2.2430858695e-04 1.1188640434e-04
6.1379823594e-04 -2.6814404309e-04
5.4082312743e-04 2.4846489581e-04
1.0703811913e-03 -4.6301787480e-04
9.8527293158e-04 4.4558555527e-04
1.1529239565e-03 -5.0298631646e-04
1.0808584689e-03 4.9121576574e-04
8.7430615978e-04 -3.8933626486e-04
8.3062182143e-04 3.8386466733e-04
2.3613380511e-04 -1.1488021783e-04
2.4324782125e-04 1.2151666375e-04
5.6532368726e-04 -2.5676060454e-04
4.9835519480e-04 2.3604319832e-04
1.0194755455e-03 -4.5568516390e-04
9.3888249693e-04 4.3800586039e-04
1.1106188374e-03 -4.9741441317e-04
1.0359894427e-03 4.8731551588e-04
8.5644029991e-04 -3.8876332883e-04
8.0865268960e-04 3.8919652513e-04
2.5743915718e-04 -1.2616760287e-04
2.6232116297e-04 1.3583959445e-04
5.1905993254e-04 -2.4443281694e-04
4.4706096794e-04 2.2027768116e-04
9.6913409849e-04 -4.4776254488e-04
8.7873371847e-04 4.2405853044e-04
1.0670203608e-03 -4.9416550293e-04
9.9207410600e-04 4.8005641350e-04
8.3463928152e-04 -3.9386506703e-04
7.9066478583e-04 3.8822659351e-04
2.7412824157e-04 -1.4022567226e-04
2.7900227692e-04 1.4524580482e-04
4.7190617692e-04 -2.3004496615e-04
4.0429121700e-04 2.0517650501e-04
9.1731071805e-04 -4.3649137006e-04
8.2840567804e-04 4.1174121300e-04
1.0237968878e-03 -4.9007912764e-04
8.1083485966e-04 -3.9792278854e-04
9.4485844788e-04 4.7254982177e-04
2.8976263701e-04 -1.5203894375e-04
7.5890281165e-04 3.8941125369e-04
4.2576013803e-04 -2.1055982325e-04
2.8620807383e-04 1.5585902009e-04
8.6292173380e-04 -4.1813409339e-04
3.6209056653e-04 1.8905881779e-04
9.7991567532e-04 -4.8067493379e-04
7.7786224549e-04 3.9687548186e-04
7.9169916946e-04 -4.0207348060e-04
8.9947477091e-04 4.6228640415e-04
3.0302318733e-04 -1.6440632923e-04
7.3576230677e-04 3.8647483866e-04
3.7908130228e-04 -1.9462334317e-04
2.9594816499e-04 1.6426577776e-04
8.0921801586e-04 -4.0421466973e-04
3.2035667320e-04 1.7543012444e-04
9.3747838653e-04 -4.7023059063e-04
7.2555967644e-04 3.8427770151e-04
7.7137930705e-04 -3.9300425891e-04
8.5138042208e-04 4.5050061813e-04
3.1525415123e-04 -1.6912160595e-04
7.0644029974e-04 3.7949799511e-04
3.3993913819e-04 -1.8114267458e-04
3.0171869392e-04 1.6855724180e-04
7.6005230392e-04 -3.9208944888e-04
2.8095496765e-04 1.5517840566e-04
8.8730615132e-04 -4.5879790214e-04
6.7356385998e-04 3.6259218151e-04
7.4131707130e-04 -3.9115345124e-04
8.0549910214e-04 4.3632993666e-04
3.2005271597e-04 -1.7870553277e-04
6.7935819526e-04 3.7407642648e-04
2.9781183695e-04 -1.6589649381e-04
3.0508174374e-04 1.7537547592e-04
7.0626074883e-04 -3.7568610528e-04
2.4636414394e-04 1.4421323911e-04
8.3854863607e-04 -4.4607450116e-04
6.2849507463e-04 3.5310597185e-04
7.1111222803e-04 -3.8516655726e-04
7.5558215272e-04 4.2414609533e-04
3.2333457285e-04 -1.8444022474e-04
2.5968465620e-04 -1.4898394311e-04
6.4352374786e-04 3.6788518445e-04
6.5547422722e-04 -3.5681251654e-04
3.0210418394e-04 1.8080135270e-04
7.9051601199e-04 -4.3072965919e-04
2.0783845591e-04 1.2647010174e-04
6.7660868311e-04 -3.7460294150e-04
5.7311705380e-04 3.3022412967e-04
3.2139463477e-04 -1.8714054734e-04
7.0576004736e-04 4.0704105641e-04
2.2440090969e-04 -1.3496493776e-04
6.1314275943e-04 3.5852791255e-04
6.0579304176e-04 -3.4084490047e-04
3.0083373950e-04 1.8347125535e-04
7.3860067800e-04 -4.1449289175e-04
1.7590429373e-04 1.1248351266e-04
6.3983882675e-04 -3.6557310648e-04
5.2796994380e-04 3.1470443550e-04
3.1648428580e-04 -1.9095956137e-04
6.5775746098e-04 3.9037786657e-04
1.8899640141e-04 -1.2033602151e-04
5.7397547642e-04 3.4599432163e-04
5.5424356575e-04 -3.2192425557e-04
2.9193046796e-04 1.8339702142e-04
6.8697407968e-04 -3.9658416827e-04
1.4639409975e-04 9.6457747235e-05
6.0064301569e-04 -3.5332960750e-04
4.8007500745e-04 2.9198822569e-04
3.0736276961e-04 -1.9084381251e-04
6.0675941282e-04 3.6828719678e-04
1.5474538530e-04 -1.0331040352e-04
5.3970705685e-04 3.3096599563e-04
5.0152697556e-04 -2.9857313293e-04
2.8554075144e-04 1.8125800955e-04
6.3359900577e-04 -3.7399302791e-04
1.1763364986e-04 8.1325268950e-05
5.6403770561e-04 -3.3673382651e-04
4.3314049965e-04 2.7181136404e-04
3.0103050784e-04 -1.8760144302e-04
1.2428573194e-04 -8.6078557863e-05
5.5427589228e-04 3.4670298720e-04
4.4616288677e-04 -2.7190543950e-04
4.9637502000e-04 3.1557641190e-04
5.7742850354e-04 -3.4760601664e-04
2.7025415068e-04 1.7944116804e-04
5.2287817631e-04 -3.1648149119e-04
8.9015287573e-05 6.7776680554e-05
2.8734849261e-04 -1.8091750414e-04
3.8006490734e-04 2.4798027870e-04
9.6670132847e-05 -7.1910547060e-05
4.9758644754e-04 3.2105688404e-04
4.0167264898e-04 -2.5339240183e-04
4.5104712197e-04 2.9510809094e-04
5.2267639470e-04 -3.2559833141e-04
2.5229944235e-04 1.7224273320e-04
4.7380206784e-04 -3.0104207770e-04
6.5768625868e-05 5.2905808984e-05
2.6532169645e-04 -1.7986747049e-04
3.3490346007e-04 2.2109688413e-04
6.7242223256e-05 -6.1780817763e-05
4.4201988093e-04 2.9180284001e-04
3.4739672730e-04 -2.3156999760e-04
4.0208265347e-04 2.7908976397e-04
4.6109448093e-04 -2.9907910254e-04
2.3006971066e-04 1.7196971495e-04
4.0796546486e-04 -2.7693446751e-04
4.1569790293e-05 4.0594724133e-05
2.2679527798e-04 -1.6847547573e-04
2.7646124560e-04 1.9033920959e-04
4.5177698165e-05 -5.0507804799e-05
3.7549789921e-04 2.5752354347e-04
2.9241016921e-04 -2.1699087507e-04
3.5067692901e-04 2.4909440263e-04
3.9128778594e-04 -2.6942842464e-04
3.5446911851e-04 -2.4035714531e-04
2.0676725820e-04 1.5746463536e-04
2.0477933585e-04 -1.4899647909e-04
1.9484823575e-05 3.2912412855e-05
2.4197241067e-05 -3.5226409327e-05
2.1234455036e-04 1.6796686693e-04
2.3314625840e-04 -1.6435816279e-04
2.9930801470e-04 2.1992334958e-04
3.1998548213e-04 -2.1848354417e-04
2.8107146943e-04 1.9934165247e-04
2.9435855442e-04 -2.0494926898e-04
1.6614625030e-04 1.2162404497e-04
1.7300934119e-04 -1.2929871992e-04
8.1807331797e-06 1.9693015024e-05
7.3849057610e-06 -2.3374266081e-05
1.6666797518e-04 1.2962650017e-04
1.7473950063e-04 -1.2976588333e-04
2.2463108670e-04 1.6719645436e-04
2.3699352956e-04 -1.6901978194e-04
1.9606689719e-04 1.4238369616e-04
2.1054669341e-04 -1.4883626160e-04
1.0906157486e-04 8.5517678211e-05
1.1972688527e-04 -9.3414330830e-05
-6.6818438309e-06 2.3739692437e-05
-8.5719949088e-06 -2.9490475557e-05
1.2043680033e-04 1.3135507660e-04
1.3133195628e-04 -1.3903414866e-04
1.3349043060e-04 1.2945502259e-04
1.4770646593e-04 -1.3221060399e-04
2.8066325119e-05 4.7842942367e-05
1.9331795413e-05 -2.6995674460e-05
-4.2660609793e-05 -1.6625173691e-06
-6.6792630744e-05 3.2169565086e-05
-1.6154570986e-05 -3.8702392364e-06
-2.5127629671e-05 1.1547304128e-05
