2.2000713310e+02
2.2000727825e+02
2.2000741197e+02
2.2000745637e+02
2.2000737265e+02
2.2000734419e+02
2.2000738930e+02
2.2000735165e+02
2.2000733419e+02
2.2000730429e+02
2.2000729167e+02
2.2000729295e+02
2.2000734864e+02
2.2000746973e+02
2.2000749974e+02
2.2000708331e+02
2.2000670677e+02
2.2000671746e+02
2.2000713135e+02
2.2000754524e+02
2.2000724738e+02
2.2000692817e+02
2.2000687276e+02
2.2000713254e+02
2.2000739232e+02
2.2000718184e+02
2.2000688827e+02
2.2000672668e+02
2.2000703746e+02
2.2000734823e+02
2.2000736145e+02
2.2000721402e+02
2.2000714566e+02
2.2000721742e+02
2.2000730849e+02
2.2000729275e+02
2.2000716535e+02
2.2000704077e+02
2.2000707472e+02
2.2000702876e+02
2.2000705743e+02
2.2000718745e+02
2.2000734396e+02
2.2000732281e+02
2.2000726398e+02
2.2000719081e+02
2.2000710246e+02
2.2000702902e+02
2.2000719970e+02
2.2000740022e+02
2.2000738245e+02
2.2000704456e+02
2.2000673454e+02
2.2000693880e+02
2.2000724649e+02
2.2000741427e+02
2.2000716197e+02
2.2000690966e+02
2.2000704506e+02
2.2000734659e+02
2.2000758230e+02
2.2000741640e+02
2.2000725049e+02
2.2000716772e+02
2.2000714166e+02
2.2000711335e+02
2.2000701931e+02
2.2000692527e+02
2.2000701050e+02
2.2000727949e+02
2.2000754849e+02
2.2000741834e+02
2.2000718297e+02
2.2000696188e+02
2.2000669009e+02
2.2000669988e+02
2.2000686219e+02
2.2000711483e+02
2.2000740683e+02
2.2000733898e+02
2.2000713801e+02
2.2000724073e+02
2.2000754196e+02
2.2000755654e+02
2.2000753008e+02
2.2000728310e+02
2.2000711831e+02
2.2000728917e+02
2.2000726859e+02
2.2000728959e+02
2.2000723595e+02
2.2000716520e+02
2.2000715033e+02
2.2000713216e+02
2.2000712696e+02
2.2000711586e+02
2.2000710319e+02
2.2000707608e+02
2.2000704661e+02
2.2000701715e+02
