4.2744640720e-04 4.9163037038e-07
5.1909427657e-05 4.4600175020e-07
6.0319475321e-04 -5.2914608997e-07
3.6988842074e-04 9.7594504981e-07
5.9198131981e-04 -1.5554222887e-06
5.8745713127e-04 2.2026993459e-06
3.8263024359e-04 -1.4604560069e-06
6.0990429181e-04 3.1573255390e-06
2.5441260213e-05 2.7300746323e-07
4.4030685045e-04 3.0557228067e-06
4.1522358597e-04 -2.0229577905e-06
6.9072669885e-05 9.1163953101e-07
6.0398234548e-04 -4.2875513768e-06
3.5762751465e-04 3.2085590601e-06
5.9156549540e-04 -5.4402578129e-06
5.8534519195e-04 5.8888059680e-06
3.8591631532e-04 -4.1528845337e-06
6.1569678218e-04 7.1535573020e-06
9.7895821931e-06 1.4049351337e-07
4.5326429062e-04 6.1080298348e-06
3.9946419856e-04 -4.8896560740e-06
8.7808583496e-05 1.6626031591e-06
5.9253559925e-04 -8.2440593192e-06
3.4455823104e-04 5.3950286119e-06
5.9174045053e-04 -9.0672239539e-06
5.8316973299e-04 9.6737444730e-06
3.9896357461e-04 -6.6163469736e-06
6.2221818322e-04 1.1167659423e-05
1.2412258925e-05 -6.5010261190e-09
4.6466134742e-04 9.1416517936e-06
3.8418055649e-04 -7.1925618044e-06
1.0763588200e-04 2.6232050767e-06
5.8414306476e-04 -1.1856871396e-05
3.3350372272e-04 7.4261830689e-06
5.9176864720e-04 -1.2807768229e-05
5.7882127075e-04 1.3389037010e-05
4.0666722940e-04 -9.3446985859e-06
6.2422661331e-04 1.5317012275e-05
3.0451980843e-05 -5.8464190374e-07
4.7739070782e-04 1.2582673476e-05
3.7083880669e-04 -9.2016314118e-06
1.2574734163e-04 3.8719882922e-06
5.7702705369e-04 -1.5230405137e-05
3.1851726340e-04 9.1139666416e-06
5.9163215466e-04 -1.6497657799e-05
5.7413371575e-04 1.6934874682e-05
4.1582763318e-04 -1.2212875197e-05
6.2880641585e-04 1.9594072308e-05
4.8912707747e-05 -1.3419725152e-06
4.8839726641e-04 1.6200066155e-05
3.5647261844e-04 -1.0617269864e-05
1.4418824024e-04 5.4093695625e-06
5.6845375247e-04 -1.8165952844e-05
3.0526195875e-04 1.0943994663e-05
5.9060875727e-04 -2.0129208238e-05
5.6998093383e-04 2.0710056141e-05
4.2491106876e-04 -1.5119780988e-05
6.3196009034e-04 2.3727354376e-05
6.8405097958e-05 -2.4077400171e-06
4.9825424443e-04 1.9628252245e-05
3.4085866305e-04 -1.2623963736e-05
1.6140285674e-04 7.0040291804e-06
5.5848289361e-04 -2.1626468088e-05
2.8853978448e-04 1.2250422049e-05
5.8885607936e-04 -2.3761602674e-05
5.6270062128e-04 2.4117438155e-05
4.3237825670e-04 -1.8121388530e-05
6.3600397780e-04 2.8092440894e-05
8.4966939329e-05 -3.6340213942e-06
5.0914883720e-04 2.3466385059e-05
3.2581670625e-04 -1.4168535467e-05
1.7975274133e-04 8.9734514718e-06
5.4987631669e-04 -2.4722488641e-05
2.7568446044e-04 1.3578079995e-05
5.8706301078e-04 -2.7222537254e-05
5.5751954654e-04 2.7605983690e-05
4.3973503326e-04 -2.1028104422e-05
6.3520105826e-04 3.2324336750e-05
1.0256576834e-04 -5.0284852180e-06
5.1888720215e-04 2.7452935464e-05
3.1023042597e-04 -1.5444171165e-05
1.9770022850e-04 1.1205534431e-05
5.4016683963e-04 -2.7625593329e-05
2.6001494202e-04 1.4600627420e-05
5.8395789152e-04 -3.0664122221e-05
5.5047877880e-04 3.0929722626e-05
4.4295501504e-04 -2.3962675370e-05
6.3660276536e-04 3.6652611425e-05
1.1642235361e-04 -6.4618034138e-06
5.2824185191e-04 3.1497865373e-05
2.9465924663e-04 -1.6336102253e-05
2.1484496826e-04 1.3592242023e-05
5.3084979884e-04 -3.0238281582e-05
2.4461748016e-04 1.5468260868e-05
5.8055924320e-04 -3.4038232846e-05
5.4431751181e-04 3.4285633272e-05
4.4881610476e-04 -2.7038118892e-05
6.3858166056e-04 4.1032172792e-05
1.3457511094e-04 -8.3314434808e-06
5.3534053536e-04 3.5388332416e-05
2.7846991682e-04 -1.7348722939e-05
5.1754632024e-04 -3.2827630486e-05
2.3133109075e-04 1.6055304403e-05
5.7463315935e-04 -3.7076610515e-05
2.2994693081e-04 1.6174807001e-05
4.5365977109e-04 -2.9903601846e-05
5.3621543845e-04 3.7471257212e-05
1.5166480893e-04 -1.0248094179e-05
6.3532756157e-04 4.5302213335e-05
2.6257916772e-04 -1.7939895020e-05
5.4520794257e-04 3.9684960535e-05
5.0565797716e-04 -3.5092157591e-05
2.4787170028e-04 1.8844462570e-05
5.7188085673e-04 -4.0352618773e-05
2.0916980995e-04 1.6248317253e-05
4.5951187489e-04 -3.3153580852e-05
5.2541783287e-04 4.0285266482e-05
1.6338265739e-04 -1.2098423778e-05
6.3874678831e-04 4.9835518879e-05
2.4610254155e-04 -1.8261457775e-05
5.5176239051e-04 4.4063899603e-05
4.9683631943e-04 -3.7362871546e-05
2.6260516017e-04 2.1872188185e-05
5.6709964840e-04 -4.3356937776e-05
1.9378774905e-04 1.6469800286e-05
4.6262654401e-04 -3.6088440783e-05
5.1761114688e-04 4.3214488442e-05
1.7635613177e-04 -1.4099947325e-05
6.3545027006e-04 5.3954337185e-05
2.3072906630e-04 -1.8510781592e-05
5.5857443402e-04 4.8457474705e-05
4.8712508770e-04 -3.9507904938e-05
2.7870811583e-04 2.5106029579e-05
5.6185008543e-04 -4.6298637186e-05
1.7655244034e-04 1.6327377849e-05
4.6571974688e-04 -3.9199258143e-05
5.0833658272e-04 4.5942028374e-05
1.9038878934e-04 -1.6414549126e-05
6.3379362258e-04 5.8151947357e-05
2.1249534111e-04 -1.8280546254e-05
5.6297128290e-04 5.2632387606e-05
4.7268587396e-04 -4.1077961140e-05
2.9268832499e-04 2.8275308583e-05
5.5930990131e-04 -4.9401134161e-05
4.6377508789e-04 -4.1706196291e-05
1.6008379879e-04 1.6024210460e-05
1.9988277705e-04 -1.8397214195e-05
4.9860705896e-04 4.8593378001e-05
1.9750304478e-04 -1.8336024512e-05
6.2975681012e-04 6.2167236068e-05
4.6014939100e-04 -4.2870040019e-05
5.6830658853e-04 5.6999325175e-05
5.4841544755e-04 -5.1724134815e-05
3.0768221527e-04 3.1772580949e-05
4.7229602942e-04 -4.5252896942e-05
1.4133708238e-04 1.5288510885e-05
2.1655412021e-04 -2.1196184411e-05
4.8632671951e-04 5.0832778042e-05
1.7874073810e-04 -1.7258492515e-05
6.2737022625e-04 6.6285210798e-05
4.4619223910e-04 -4.3519166150e-05
5.7502209145e-04 6.1666151548e-05
5.4519794622e-04 -5.4522937917e-05
3.2135711007e-04 3.5425784087e-05
4.7225190025e-04 -4.8004682833e-05
1.2007938276e-04 1.4040103732e-05
2.2587397227e-04 -2.3442353254e-05
4.7419115138e-04 5.2882179400e-05
1.6341244085e-04 -1.7167672496e-05
6.2452062437e-04 7.0332424867e-05
4.3459318372e-04 -4.5572549022e-05
5.7809813020e-04 6.6167776818e-05
5.3617588276e-04 -5.6808236520e-05
3.3301901461e-04 3.9172775901e-05
4.7348033824e-04 -5.0886593346e-05
1.0151769739e-04 1.2810429431e-05
2.3777690288e-04 -2.6079803087e-05
1.4616129730e-04 -1.5996696595e-05
4.6265183504e-04 5.4872410194e-05
4.1994789884e-04 -4.5945246857e-05
6.2020465774e-04 7.4211609387e-05
5.3017824199e-04 -5.9070866583e-05
5.8182794523e-04 7.0670074971e-05
4.7258863379e-04 -5.3447767613e-05
3.4607338753e-04 4.3101003094e-05
2.4574696766e-04 -2.8321261705e-05
8.2862678247e-05 1.1289220790e-05
1.3190459982e-04 -1.5438581323e-05
4.4974776707e-04 5.6537613777e-05
4.1168476382e-04 -4.7795972830e-05
6.1469451165e-04 7.7907474528e-05
5.2259419241e-04 -6.1288196369e-05
5.8472797450e-04 7.5232320573e-05
4.6922056431e-04 -5.5697329055e-05
3.5803291666e-04 4.7176957510e-05
2.5300396517e-04 -3.0565638003e-05
6.3024747039e-05 9.3740573713e-06
1.1638645047e-04 -1.4197816832e-05
4.3634960595e-04 5.8050067804e-05
3.9919811988e-04 -4.8280005702e-05
6.0917143182e-04 8.1516096596e-05
5.1517832205e-04 -6.3241763977e-05
5.8868466255e-04 7.9558485453e-05
4.6854449811e-04 -5.8340370621e-05
2.6149309117e-04 -3.3144740312e-05
3.7025393546e-04 5.0982729604e-05
9.9894553875e-05 -1.3043924468e-05
4.1393579058e-05 6.8480828822e-06
3.8451824018e-04 -4.9147293906e-05
4.2368667667e-04 5.9438169893e-05
5.0581863230e-04 -6.5120591013e-05
6.0384705256e-04 8.5096472069e-05
4.7076631903e-04 -6.1345726104e-05
5.8574534942e-04 8.3445267930e-05
2.7348045788e-04 -3.6287387957e-05
3.7662027894e-04 5.4737918555e-05
8.2242447509e-05 -1.1233283506e-05
2.6522734955e-05 5.1025431289e-06
3.6685224163e-04 -4.8627927902e-05
4.1162968982e-04 6.0741045313e-05
4.9772420033e-04 -6.6726274591e-05
5.9489436265e-04 8.8147763412e-05
4.6772274968e-04 -6.3503433434e-05
5.8753069409e-04 8.7991547538e-05
2.7733082929e-04 -3.8263155127e-05
3.9006466575e-04 5.9516134967e-05
6.7274557632e-05 -9.7343153082e-06
3.5922747506e-04 -4.9854624352e-05
4.3342212483e-06 2.0332372253e-06
4.8885294945e-04 -6.8376637085e-05
3.9486207383e-04 6.1183597071e-05
4.6538940736e-04 -6.5891887636e-05
5.8903663549e-04 9.1543051203e-05
2.8611288950e-04 -4.1187077462e-05
5.8967122151e-04 9.2544637696e-05
5.1466726333e-05 -7.9443634608e-06
3.9793919769e-04 6.3550406615e-05
3.4637077713e-04 -5.0077119058e-05
1.3174544231e-05 3.4948555048e-06
4.8134873131e-04 -7.0034891901e-05
3.8073619258e-04 6.1846340071e-05
4.6090092547e-04 -6.7796422274e-05
5.8009521854e-04 9.4401783686e-05
2.8983911967e-04 -4.3311813732e-05
5.8728793133e-04 9.6424405410e-05
3.7354624845e-05 -6.2113993312e-06
4.0587860570e-04 6.7731927984e-05
3.2869675045e-04 -4.9506692800e-05
3.2180401322e-05 6.7741799507e-06
4.6900047179e-04 -7.0915831819e-05
4.6044792223e-04 -7.0222755468e-05
3.6486996095e-04 6.2030171141e-05
2.9833798813e-04 -4.6176188418e-05
5.7076025920e-04 9.7080278909e-05
1.9617077297e-05 -3.7822688553e-06
5.8585528569e-04 1.0044461256e-04
3.1700238859e-04 -4.9475542204e-05
4.1346861400e-04 7.1990745472e-05
4.6228469043e-04 -7.2391838226e-05
5.0794349398e-05 1.0267632624e-05
4.5353901861e-04 -7.1688738166e-05
3.4878478270e-04 6.1901135068e-05
2.9720993053e-04 -4.7705103332e-05
5.6089508030e-04 9.9523327472e-05
5.7840367517e-06 -1.7563471476e-06
5.8465288668e-04 1.0464809722e-04
3.0464276158e-04 -4.9235718309e-05
4.2138101004e-04 7.6637425121e-05
4.5034733287e-04 -7.3008374039e-05
4.5151288370e-04 -7.3866270549e-05
6.7279556214e-05 1.3726166471e-05
3.0820321141e-04 -5.1138218809e-05
3.3151536242e-04 6.1413159277e-05
1.2867862719e-05 -3.0334553042e-06
5.5066158544e-04 1.0180007685e-04
2.8872806504e-04 -4.8340141539e-05
5.8256544417e-04 1.0844337141e-04
4.4096571782e-04 -7.3912797004e-05
4.2725312498e-04 8.0630322410e-05
4.4669455664e-04 -7.5481613009e-05
8.4657808417e-05 1.7381871019e-05
3.0717536517e-04 -5.2648683890e-05
3.1766938013e-04 6.1231820973e-05
2.5496655217e-05 -5.3029328329e-06
5.4095462100e-04 1.0399704396e-04
2.7659485642e-04 -4.7844790029e-05
5.7686740629e-04 1.1166108672e-04
4.2977632467e-04 -7.4369831337e-05
4.4043011586e-04 -7.6823655737e-05
4.3128106475e-04 8.4602945751e-05
3.1336542514e-04 -5.5384936387e-05
1.0099753911e-04 2.1212980407e-05
4.1681269980e-05 -8.3093009467e-06
3.0083373651e-04 6.0349749440e-05
2.6120806556e-04 -4.6713748190e-05
5.2910947645e-04 1.0571826961e-04
4.1774302867e-04 -7.4608250061e-05
5.7242448289e-04 1.1506230671e-04
4.3477182795e-04 -7.8187312508e-05
4.3575421370e-04 8.8703423525e-05
3.1385819052e-04 -5.7194669856e-05
1.1650683553e-04 2.5117102077e-05
5.2848251518e-05 -1.0626146294e-05
2.8464804185e-04 5.9352736686e-05
2.4728100100e-04 -4.5603469355e-05
4.0779523239e-04 -7.5015395802e-05
5.1751426091e-04 1.0730951800e-04
4.2957357454e-04 -7.9585038764e-05
5.6664928040e-04 1.1810080156e-04
3.1500937669e-04 -5.9120885275e-05
4.3867301755e-04 9.2490394880e-05
6.5406188553e-05 -1.3277469656e-05
1.3121747443e-04 2.9034487458e-05
2.3307554312e-04 -4.4364929621e-05
2.6816928789e-04 5.7994205139e-05
3.9517932653e-04 -7.4873345740e-05
5.0529512841e-04 1.0855909123e-04
4.2330482674e-04 -8.0680775885e-05
5.6073299985e-04 1.2105646973e-04
3.1895542794e-04 -6.1629948620e-05
4.4188177576e-04 9.6444045400e-05
7.7273686556e-05 -1.6021672947e-05
2.1852748891e-04 -4.2912906905e-05
1.4471551589e-04 3.2949384954e-05
3.8377120712e-04 -7.4809003998e-05
2.5101723477e-04 5.6306913398e-05
4.1743666073e-04 -8.1708190743e-05
4.9274902772e-04 1.0961457223e-04
3.1828911065e-04 -6.2957115554e-05
5.5373355809e-04 1.2376359752e-04
8.6710790104e-05 -1.8202204210e-05
4.4322843770e-04 1.0034103661e-04
2.0780844083e-04 -4.1938752565e-05
1.5826413424e-04 3.7404977016e-05
3.7467538165e-04 -7.5011539948e-05
2.3350066210e-04 5.4506298820e-05
4.0854784315e-04 -8.2262277306e-05
4.7799959083e-04 1.1025429356e-04
3.1850789361e-04 -6.4977327213e-05
9.7893171308e-05 -2.1121093821e-05
5.4617931420e-04 1.2690940169e-04
1.9163828097e-04 -3.9934127754e-05
4.4583979442e-04 1.0599894593e-04
3.5996381630e-04 -7.4095194764e-05
1.7106073297e-04 4.2596035874e-05
4.0122778035e-04 -8.2820246570e-05
2.1536433799e-04 5.2025001475e-05
3.1425810262e-04 -6.5594024739e-05
4.6299430275e-04 1.1018228603e-04
1.0461893625e-04 -2.3025491311e-05
5.3752970930e-04 1.2885111444e-04
1.7970233984e-04 -3.8454557160e-05
4.4597617429e-04 1.0863001020e-04
3.4965469808e-04 -7.3792541984e-05
3.9283272661e-04 -8.3442663823e-05
1.8217111084e-04 4.6083838446e-05
3.1438989049e-04 -6.7785101527e-05
1.9799292769e-04 4.9535645233e-05
1.1300098282e-04 -2.5652596362e-05
4.4859244622e-04 1.1031914108e-04
1.6467494638e-04 -3.6355144317e-05
5.2802630919e-04 1.3061089661e-04
3.3585488641e-04 -7.2760828803e-05
4.4394929227e-04 1.1152354627e-04
3.8400023506e-04 -8.3495083520e-05
1.9230517873e-04 5.0023548628e-05
3.1482856540e-04 -6.9310733581e-05
1.2210922732e-04 -2.8158904272e-05
1.8174142322e-04 4.7247601211e-05
1.5160952539e-04 -3.4497126117e-05
4.3375756407e-04 1.1032084508e-04
3.2397070289e-04 -7.1995105577e-05
5.1628565731e-04 1.3178569054e-04
3.7598856011e-04 -8.3691219360e-05
4.4124299396e-04 1.1341363259e-04
3.1152888440e-04 -7.0066634551e-05
2.0213695361e-04 5.3369714899e-05
1.2854404968e-04 -3.0179653374e-05
1.6550304986e-04 4.4361283092e-05
1.3978215999e-04 -3.2734194625e-05
4.1852322176e-04 1.0960760269e-04
3.1293230306e-04 -7.1257881542e-05
3.6678573198e-04 -8.3654391155e-05
5.0514897624e-04 1.3276722042e-04
3.0786407533e-04 -7.1107159091e-05
4.3761775172e-04 1.1598096210e-04
1.3378517266e-04 -3.2270255896e-05
2.0992315749e-04 5.7112936730e-05
1.2692894162e-04 -3.0677266520e-05
1.4797151958e-04 4.1106638974e-05
3.0061521806e-04 -7.0121363214e-05
4.0192416671e-04 1.0848993316e-04
3.5576004664e-04 -8.3094189356e-05
4.9266005071e-04 1.3336857291e-04
3.0421676898e-04 -7.1727284316e-05
1.4049804326e-04 -3.4482816053e-05
4.3289265831e-04 1.1810036529e-04
1.1426240633e-04 -2.8566401284e-05
2.1633286740e-04 6.0485566739e-05
2.8597610729e-04 -6.8441616005e-05
1.2980977631e-04 3.7419723427e-05
3.4521931370e-04 -8.2613558514e-05
3.8439913283e-04 1.0691585573e-04
2.9918980802e-04 -7.2478338690e-05
4.7940609399e-04 1.3359053558e-04
1.4400422018e-04 -3.6379536624e-05
4.2425143181e-04 1.1913315384e-04
1.0011230316e-04 -2.5996813623e-05
2.7137921096e-04 -6.6515591452e-05
2.2071982209e-04 6.3434124806e-05
3.3482483116e-04 -8.1891385704e-05
1.1443496361e-04 3.4198786066e-05
2.9367481082e-04 -7.2462160801e-05
3.6626081058e-04 1.0492328616e-04
1.4740509216e-04 -3.7812346253e-05
4.6349949092e-04 1.3295678269e-04
8.9218170305e-05 -2.3986229439e-05
4.1956474373e-04 1.2112476290e-04
2.5976305693e-04 -6.5165522331e-05
2.2658854895e-04 6.6876212739e-05
3.2256292724e-04 -8.0746202025e-05
2.8729348138e-04 -7.2751782023e-05
9.4961854151e-05 2.9741706218e-05
1.5071804183e-04 -3.9719821943e-05
3.4661119019e-04 1.0230628188e-04
7.5579650847e-05 -2.1315021838e-05
4.4786506559e-04 1.3215655482e-04
2.4171235721e-04 -6.2220526957e-05
4.0827528748e-04 1.2129862551e-04
3.1096098521e-04 -7.9569744433e-05
2.2789338901e-04 6.9233724951e-05
2.7958066695e-04 -7.2161230207e-05
1.5047027702e-04 -4.0480713713e-05
7.9918551373e-05 2.6309567698e-05
6.4738519239e-05 -1.9711249281e-05
3.2632721052e-04 9.9372814278e-05
2.3101254120e-04 -6.1908075920e-05
4.2864698821e-04 1.3031259362e-04
2.9714253830e-04 -7.8350489732e-05
3.9421869674e-04 1.2088317927e-04
2.6859191381e-04 -7.1235072097e-05
2.2576217831e-04 7.1019664289e-05
1.4998592042e-04 -4.1513992773e-05
6.2625096202e-05 2.2202806750e-05
5.4874738218e-05 -1.7596764910e-05
2.1608016219e-04 -5.8805156250e-05
3.0428981957e-04 9.5647576287e-05
2.8190368579e-04 -7.5940827845e-05
4.0646497423e-04 1.2736258843e-04
2.6053056555e-04 -7.0985890047e-05
3.7812387996e-04 1.1958898465e-04
1.5064853337e-04 -4.2960529283e-05
2.2311363443e-04 7.2506239185e-05
4.2078771296e-05 -1.4895920202e-05
4.7321059688e-05 1.8499212758e-05
1.9903396745e-04 -5.5640824771e-05
2.6656076833e-04 -7.3463292443e-05
2.7989097499e-04 9.1011113423e-05
2.4913780241e-04 -6.9335374099e-05
3.7975259108e-04 1.2278407886e-04
1.4814325220e-04 -4.3108291874e-05
3.5652208543e-04 1.1638383109e-04
3.2501969245e-05 -1.2807803701e-05
2.1574763237e-04 7.2517405458e-05
1.8253077418e-04 -5.2469748018e-05
3.2436589658e-05 1.4826378902e-05
2.4820169118e-04 -7.0182456703e-05
2.3347675955e-04 -6.6823274051e-05
2.5199187529e-04 8.5025653877e-05
1.4129777620e-04 -4.2601104239e-05
3.4720791267e-04 1.1622728308e-04
2.1219947158e-05 -1.0880556154e-05
3.2890563434e-04 1.1161930035e-04
1.6456524352e-04 -4.9621963383e-05
2.0342359732e-04 7.1701207935e-05
2.2689955675e-04 -6.6742910242e-05
1.7536851098e-05 1.2324088055e-05
2.1513177173e-04 -6.4061482775e-05
1.3313023938e-04 -4.2159778692e-05
2.1646021842e-04 7.8871388008e-05
1.1326030797e-05 -9.6908468936e-06
3.0212291332e-04 1.0656865999e-04
1.4387274293e-04 -4.6111488867e-05
2.8398268087e-04 9.8677853024e-05
1.9887417739e-04 -6.0993512979e-05
1.7494111259e-04 6.3370785543e-05
1.8557891723e-04 -5.6212241079e-05
2.2009442030e-06 1.2493067030e-05
1.1488566738e-04 -3.7408146031e-05
2.0548821646e-06 -1.2163663661e-05
1.8150280034e-04 7.6796644327e-05
1.2759576893e-04 -5.3662890336e-05
2.3687433977e-04 9.1584948756e-05
1.6277539910e-04 -5.8400716495e-05
1.6437693501e-04 5.3538902037e-05
1.0536116777e-04 -3.2863671584e-05
7.1498582702e-05 1.6535413765e-05
3.6640942670e-05 -9.5793949639e-06
-1.2245434935e-05 -2.0687782936e-06
-1.7443958076e-05 1.8231678292e-06
