-7.3317592673e-06 5.2531011868e-10
2.8293883513e-01 -3.1753386310e-07
5.5966050595e-01 -3.3658336763e-07
8.3016868061e-01 -1.4507254511e-07
1.0945075377e+00 1.2484215069e-07
1.3526842317e+00 5.4073934631e-07
1.6047295186e+00 7.9885019227e-07
1.8506599216e+00 7.4218365805e-07
2.0905157031e+00 9.0628694869e-07
2.3242957948e+00 1.3595231476e-06
2.5520405829e+00 1.7758802337e-06
2.7737692010e+00 2.1357177003e-06
2.9894890641e+00 2.4419119655e-06
3.1992464182e+00 2.6100714077e-06
3.4030481272e+00 2.6006717881e-06
3.6009142632e+00 2.6647733546e-06
3.7928765218e+00 3.2645758359e-06
3.9789396126e+00 4.3511490872e-06
4.1591389513e+00 5.1921917328e-06
4.3334841952e+00 5.5956863591e-06
4.5019996316e+00 5.5791088227e-06
4.6647056563e+00 5.9217023139e-06
4.8216018928e+00 6.5821188938e-06
4.9727494259e+00 7.3292650699e-06
5.1181351905e+00 7.7801423462e-06
5.2577698141e+00 7.8659290678e-06
5.3916949805e+00 8.0024499806e-06
5.5199083867e+00 8.3851326631e-06
5.6424213124e+00 8.3803071274e-06
5.7592659545e+00 8.1117237751e-06
5.8704462827e+00 7.4418773983e-06
5.9759861563e+00 6.6767858513e-06
6.0758905693e+00 5.8310377798e-06
6.1701624984e+00 5.4499874506e-06
6.2588330965e+00 5.1863169024e-06
6.3419034076e+00 5.0407482541e-06
6.4193889924e+00 4.3762118233e-06
6.4912704662e+00 4.0864528911e-06
6.5575850818e+00 4.4126454880e-06
6.6183536558e+00 6.3304847487e-06
6.6735731165e+00 9.2535208047e-06
6.7232794607e+00 9.5610370350e-06
6.7674691317e+00 6.7934971130e-06
6.8060877134e+00 1.8208531302e-06
6.8391619802e+00 -1.7592130673e-06
6.8667234965e+00 -2.1621843827e-06
6.8887778195e+00 -2.6057557077e-06
6.9053206367e+00 -4.9334927181e-06
6.9163345281e+00 -6.3007534618e-06
6.9218620355e+00 -5.3954032762e-06
6.9218639602e+00 -3.4166698556e-06
6.9163536010e+00 -1.0823749036e-06
6.9053288250e+00 -3.2775323644e-06
6.8887923735e+00 -8.0065738972e-06
6.8667365683e+00 -1.0614398457e-05
6.8391722671e+00 -1.1099090094e-05
6.8060826144e+00 -1.0863073166e-05
6.7674629573e+00 -1.1034761354e-05
6.7233185838e+00 -1.1267719714e-05
6.6736373464e+00 -1.1282321001e-05
6.6184017618e+00 -1.1510941616e-05
6.5576295045e+00 -1.1403242631e-05
6.4912858753e+00 -1.1498152046e-05
6.4193711260e+00 -1.1370970979e-05
6.3418858862e+00 -1.1436264363e-05
6.2588097165e+00 -1.1890486156e-05
6.1701490000e+00 -1.2349896887e-05
6.0758647117e+00 -1.2808341877e-05
5.9759540863e+00 -1.3083679351e-05
5.8704309233e+00 -1.3334000419e-05
5.7592399119e+00 -1.3163537223e-05
5.6423951049e+00 -1.1878651345e-05
5.5198844820e+00 -1.0952006013e-05
5.3916645568e+00 -1.1166700784e-05
5.2577450124e+00 -1.1207767834e-05
5.1181036343e+00 -1.0342464817e-05
4.9727308783e+00 -9.2833747784e-06
4.8215880392e+00 -8.0376152179e-06
4.6646756291e+00 -6.8067583999e-06
4.5019803490e+00 -5.4970862463e-06
4.3334554997e+00 -5.0530963917e-06
4.1591067888e+00 -5.5087356847e-06
3.9789109759e+00 -5.4003347036e-06
3.7928349484e+00 -4.3282758361e-06
3.6008849351e+00 -2.7575044387e-06
3.4030142805e+00 -2.2204134730e-06
3.1992224453e+00 -2.8014012609e-06
2.9894706598e+00 -3.5541404432e-06
2.7737396182e+00 -3.5463155546e-06
2.5520233901e+00 -2.4402020032e-06
2.3242776151e+00 -1.4677374194e-06
2.0904917845e+00 -1.2121525453e-06
1.8506487266e+00 -1.1895655224e-06
1.6047100941e+00 -1.1042654683e-06
1.3526727339e+00 -8.0636612507e-07
1.0944958540e+00 -3.2811698984e-07
8.3016037142e-01 2.3022719625e-08
5.5965628752e-01 -5.2647753299e-08
2.8293803657e-01 -1.6889300271e-07
-2.3269647499e-07 -1.1473399628e-08
