4.8978741352e-05 3.8439763018e-07
4.2517493471e-04 8.9251931617e-08
3.6723114172e-04 6.6681259541e-07
6.0184667092e-04 -9.5850150307e-07
5.8581216060e-04 1.7431185435e-06
5.8721885427e-04 -1.8831395014e-06
6.0882690096e-04 2.6711836357e-06
3.7915656578e-04 -1.6964567883e-06
4.3876989454e-04 2.6410867446e-06
3.1140966729e-05 1.4345968351e-07
6.8639522165e-05 8.3024226546e-07
4.1006890064e-04 -2.5680157569e-06
3.5353999498e-04 2.9381451007e-06
5.9596732831e-04 -4.7511540968e-06
5.8265336222e-04 5.4661408914e-06
5.8557984797e-04 -5.4489713552e-06
6.1672650943e-04 7.0604163771e-06
3.8332526812e-04 -4.0128226448e-06
4.5371232648e-04 6.4675356867e-06
1.2458998720e-05 8.9396520006e-08
8.8690081442e-05 1.8757351166e-06
3.8548868194e-04 -4.8106981843e-06
3.4267625105e-04 4.9968645823e-06
5.8139832719e-04 -8.2236805918e-06
5.7976403762e-04 9.1155313412e-06
5.8918288782e-04 -9.1877546725e-06
6.2103835504e-04 1.1298057681e-05
3.9627508235e-04 -6.7071365966e-06
4.6674455425e-04 9.9391188596e-06
9.5693518291e-06 6.5561718492e-08
1.0685403523e-04 2.9577358534e-06
3.8569792709e-04 -7.0948953328e-06
3.3005205960e-04 7.2344311784e-06
5.8360621297e-04 -1.1772541423e-05
5.7602596211e-04 1.2966646452e-05
5.8640349317e-04 -1.2790792696e-05
6.2287616028e-04 1.4719197816e-05
4.0194076100e-04 -9.3383908913e-06
4.7513312120e-04 1.1967218668e-05
3.0429465904e-05 -5.6225560629e-07
1.2506086868e-04 3.6705752721e-06
3.7136815500e-04 -9.2096580955e-06
3.1719456022e-04 8.8470038517e-06
5.7506973375e-04 -1.5204647825e-05
5.7331751580e-04 1.6410145832e-05
5.8622653958e-04 -1.6308648351e-05
6.2890263750e-04 1.8833193069e-05
4.1086383995e-04 -1.1948321728e-05
4.8534492862e-04 1.5392008781e-05
4.8144813509e-05 -1.3525117361e-06
1.4383636988e-04 5.1350360820e-06
3.5537813733e-04 -1.1191024098e-05
3.0553017534e-04 1.0544627637e-05
5.6590411199e-04 -1.8527208963e-05
5.6881700212e-04 1.9967850872e-05
5.8266268912e-04 -1.9682472238e-05
6.3017411716e-04 2.2922427963e-05
4.1380905311e-04 -1.4527692495e-05
4.9699899279e-04 1.8940536068e-05
6.4555404274e-05 -2.2193252003e-06
1.6145789428e-04 6.8106865920e-06
3.3939388213e-04 -1.2024438859e-05
2.8842891106e-04 1.1877232102e-05
5.5677318616e-04 -2.0986321713e-05
5.6137847108e-04 2.3375903553e-05
5.8660424306e-04 -2.3457923546e-05
6.3360476769e-04 2.7583011323e-05
4.3087309065e-04 -1.7875548920e-05
5.0816859665e-04 2.3901818034e-05
8.5682644530e-05 -3.6225768042e-06
1.7999991950e-04 9.4078126917e-06
3.2785658975e-04 -1.4259460884e-05
2.7409140234e-04 1.3289084023e-05
5.4950169620e-04 -2.4597591561e-05
5.5527564880e-04 2.6855993587e-05
5.8055735674e-04 -2.6697491456e-05
6.3568756446e-04 3.1434045128e-05
4.3133697343e-04 -2.0512208005e-05
5.1973631993e-04 2.6546326430e-05
1.0018165104e-04 -4.8468742717e-06
1.9673445309e-04 1.0771134078e-05
3.1184573504e-04 -1.4853412689e-05
2.5822234224e-04 1.4115325803e-05
5.4048257312e-04 -2.6839003650e-05
5.5023877334e-04 3.0073072059e-05
5.7987526389e-04 -3.0070665168e-05
6.3799375558e-04 3.5951588997e-05
4.3792109459e-04 -2.3377557597e-05
5.2742634726e-04 3.1608349328e-05
1.1687380353e-04 -6.3818377116e-06
2.9446700618e-04 -1.6202889046e-05
2.1465580206e-04 1.3899968062e-05
5.2745440803e-04 -2.9766067477e-05
2.4388888011e-04 1.5192437636e-05
5.7526333108e-04 -3.3336806449e-05
5.4228267118e-04 3.3435442655e-05
4.4396246825e-04 -2.6500563974e-05
6.3818435396e-04 3.9969580344e-05
1.3211520261e-04 -8.1214239916e-06
5.3568423947e-04 3.4309492347e-05
2.8037481215e-04 -1.7137856593e-05
2.3120703442e-04 1.5499192454e-05
5.1921248696e-04 -3.2364950717e-05
2.2885138553e-04 1.5683695806e-05
5.7092679142e-04 -3.6372062212e-05
5.3520103254e-04 3.6426083558e-05
4.4714032989e-04 -2.9193948336e-05
6.3529143370e-04 4.4088819208e-05
1.4658367274e-04 -9.8184641013e-06
5.4343025708e-04 3.8614866309e-05
2.6080187084e-04 -1.7439123383e-05
2.4701252075e-04 1.8385814718e-05
5.0426708708e-04 -3.4372353475e-05
2.1069544868e-04 1.5967392966e-05
5.6796747545e-04 -3.9604326924e-05
5.2642091791e-04 3.9346613940e-05
4.5382454419e-04 -3.2454737424e-05
6.3626962936e-04 4.8449852410e-05
1.6115400889e-04 -1.1861470053e-05
5.4914440044e-04 4.2875578659e-05
2.4650391314e-04 -1.8100508193e-05
2.6260827795e-04 2.1420660260e-05
4.9598736741e-04 -3.6846856986e-05
1.9512851508e-04 1.6209963502e-05
5.6286858860e-04 -4.2433386354e-05
5.1692567547e-04 4.2153740085e-05
4.5379282402e-04 -3.4915634839e-05
6.3453881964e-04 5.2640116884e-05
1.7211541175e-04 -1.3579641356e-05
5.5811101304e-04 4.7247449020e-05
2.2851226912e-04 -1.8017384751e-05
2.7835828768e-04 2.4460476028e-05
4.8291492170e-04 -3.8538917245e-05
1.7578031438e-04 1.5850756656e-05
5.5843108723e-04 -4.5373623542e-05
4.5814094254e-04 -3.8075305632e-05
5.0717358063e-04 4.4699574941e-05
1.8633743769e-04 -1.5883609479e-05
6.3343865490e-04 5.6789473570e-05
2.1593642669e-04 -1.8301881934e-05
5.6469353697e-04 5.1695399178e-05
4.7503549497e-04 -4.0645095079e-05
2.9333759894e-04 2.7798340961e-05
5.5152726932e-04 -4.7970827583e-05
1.5751204170e-04 1.5488026695e-05
4.6009362844e-04 -4.0789858008e-05
4.9645714602e-04 4.7323240454e-05
1.9859555285e-04 -1.8008791289e-05
6.3135776044e-04 6.0850486350e-05
1.9988978144e-04 -1.8150669133e-05
5.7074586590e-04 5.5830378542e-05
4.6351526224e-04 -4.2376175405e-05
3.0712235072e-04 3.0963606259e-05
5.4567423713e-04 -5.0717968605e-05
1.3671637282e-04 1.4531360090e-05
4.6066709452e-04 -4.3483533300e-05
4.8386241223e-04 4.9415518704e-05
2.0918057244e-04 -2.0187098019e-05
6.3046920735e-04 6.5077893801e-05
1.8353208451e-04 -1.7829387360e-05
5.7542021945e-04 6.0611657790e-05
4.5185578304e-04 -4.3992817196e-05
3.2071733559e-04 3.4884645629e-05
5.4047081110e-04 -5.3306856080e-05
1.2197482806e-04 1.3978492944e-05
4.6239271308e-04 -4.6248461581e-05
4.7591193918e-04 5.1906505963e-05
2.1978580525e-04 -2.2450659482e-05
1.6500499133e-04 -1.7002485078e-05
6.2626144187e-04 6.9002806159e-05
4.3667731539e-04 -4.4952270282e-05
5.7894697792e-04 6.4701212818e-05
5.3382201864e-04 -5.5619605226e-05
3.3388361478e-04 3.8290750566e-05
4.6324905802e-04 -4.8846238041e-05
1.0352022975e-04 1.2755684586e-05
2.2955418238e-04 -2.4671991112e-05
4.6422860144e-04 5.3824996351e-05
1.4676946813e-04 -1.6012209640e-05
6.2124929681e-04 7.2723745444e-05
4.2170289814e-04 -4.5811100643e-05
5.8346765984e-04 6.9350412798e-05
5.2676734208e-04 -5.7842892019e-05
3.4713344678e-04 4.2315881889e-05
4.6406512983e-04 -5.1670513883e-05
8.2380636896e-05 1.1019183919e-05
2.3992089207e-04 -2.7253350642e-05
4.5082892999e-04 5.5414041026e-05
1.3316370529e-04 -1.5314370753e-05
6.1646881413e-04 7.6422706961e-05
4.1299166616e-04 -4.7119573271e-05
5.8576301507e-04 7.3723486165e-05
5.1926228171e-04 -5.9928622423e-05
3.5823215616e-04 4.6174792630e-05
4.6343549114e-04 -5.4200446224e-05
2.4906796728e-04 -2.9682645948e-05
6.3238366361e-05 9.2236048430e-06
1.1674126369e-04 -1.4201528031e-05
4.3742053723e-04 5.6981770211e-05
3.9992161185e-04 -4.7975590799e-05
6.0967889367e-04 7.9875612267e-05
5.1219967916e-04 -6.1988211724e-05
5.8874642339e-04 7.8042280289e-05
4.6309955958e-04 -5.6710907479e-05
3.7102706318e-04 5.0240537227e-05
2.5736229606e-04 -3.2085457762e-05
4.2327762218e-05 6.9280107725e-06
9.8631039286e-05 -1.2637712064e-05
4.2310350644e-04 5.8152903800e-05
3.8285767566e-04 -4.8042720570e-05
6.0535333632e-04 8.3570147814e-05
5.0260807397e-04 -6.3570051560e-05
5.9047183613e-04 8.2392145948e-05
4.6021982447e-04 -5.8792904865e-05
3.7989449933e-04 5.4059575247e-05
2.6345679476e-04 -3.4206983889e-05
2.4255125942e-05 4.7156620736e-06
8.3391270426e-05 -1.1251128567e-05
4.1135375886e-04 5.9480248810e-05
3.7274478834e-04 -4.8871069395e-05
4.9605019663e-04 -6.5473726872e-05
5.9773628629e-04 8.6761081271e-05
4.5846565457e-04 -6.1156240932e-05
5.8991731629e-04 8.6499016699e-05
2.7043310230e-04 -3.6690075934e-05
3.8976751140e-04 5.8215762902e-05
6.8081166788e-05 -9.7266058371e-06
3.6827341634e-06 1.9289044382e-06
3.5983528527e-04 -4.9185320017e-05
3.9544767291e-04 6.0055576113e-05
4.8697819284e-04 -6.6936161825e-05
5.8965072753e-04 8.9783685962e-05
4.5585093962e-04 -6.3384833645e-05
5.9066803525e-04 9.0805819861e-05
2.7676089023e-04 -3.9188449672e-05
3.9950954325e-04 6.2513217329e-05
5.0749455002e-05 -7.6439520995e-06
1.3778005975e-05 3.5653008538e-06
3.4130600102e-04 -4.8080077308e-05
3.8146442785e-04 6.0704246579e-05
4.7653828166e-04 -6.7867187343e-05
4.6004427998e-04 -6.6446268880e-05
5.8172155008e-04 9.2733048726e-05
2.9042060926e-04 -4.2601574711e-05
5.8981209253e-04 9.4925130573e-05
3.7026148652e-05 -6.0549124850e-06
4.0791161156e-04 6.6792663973e-05
3.3137781166e-04 -4.8967728460e-05
3.2596655762e-05 6.7769756165e-06
4.6805884415e-04 -6.9440174475e-05
3.6684880279e-04 6.1087231976e-05
4.5223069965e-04 -6.7750668347e-05
5.7339968298e-04 9.5542851514e-05
2.9090415942e-04 -4.4299603308e-05
5.8828210442e-04 9.8921389585e-05
2.1463619181e-05 -3.9843394636e-06
4.1540032213e-04 7.1013503951e-05
3.1748657840e-04 -4.8412297410e-05
5.1371998309e-05 1.0226841264e-05
4.5944963099e-04 -7.0462912160e-05
3.5191174201e-04 6.1217404581e-05
4.5110821933e-04 -6.9926472936e-05
2.9757227959e-04 -4.6786687674e-05
5.6440274418e-04 9.8137864005e-05
6.5103596915e-06 -1.8198167358e-06
5.8626246666e-04 1.0281447480e-04
3.0443494069e-04 -4.8237433007e-05
4.2237175725e-04 7.5242620326e-05
4.4883475391e-04 -7.1347177866e-05
6.9316825909e-05 1.3796880359e-05
4.4569801032e-04 -7.1544916007e-05
3.3565666756e-04 6.0917434845e-05
3.0137305742e-04 -4.9109968948e-05
5.5409371949e-04 1.0039335281e-04
1.3449696236e-05 -3.0686000456e-06
5.8359717061e-04 1.0658710991e-04
2.8964704709e-04 -4.7512984461e-05
4.2838020765e-04 7.9430497776e-05
4.3813522573e-04 -7.2009248300e-05
8.6170961145e-05 1.7441072461e-05
4.4054936159e-04 -7.3059144541e-05
3.0360915035e-04 -5.1066451086e-05
3.1974172176e-04 6.0449979343e-05
2.6959235909e-05 -5.4251745939e-06
5.4367957424e-04 1.0249390531e-04
2.7643529191e-04 -4.6942114896e-05
5.8006048825e-04 1.1019239672e-04
4.2819863809e-04 -7.2704889708e-05
4.3393334813e-04 8.3644868052e-05
4.3429326132e-04 -7.4297793515e-05
1.0245904572e-04 2.1222913609e-05
3.0388544724e-04 -5.2738396313e-05
3.0325633430e-04 5.9645472063e-05
3.8118466701e-05 -7.5736362699e-06
5.3244753331e-04 1.0430088688e-04
2.6357173906e-04 -4.6209719010e-05
5.7589854016e-04 1.1366135613e-04
4.1927820369e-04 -7.3393072497e-05
4.2931549887e-04 -7.5695475152e-05
4.3881370793e-04 8.7845801055e-05
3.0614294529e-04 -5.4731158585e-05
1.1792438680e-04 2.5075097092e-05
5.2119994600e-05 -1.0295723760e-05
2.8624236359e-04 5.8559452763e-05
2.4870119667e-04 -4.4989488297e-05
5.2043843879e-04 1.0582676344e-04
4.0670105351e-04 -7.3357252547e-05
5.7091594362e-04 1.1671389468e-04
4.2501507479e-04 -7.7152667434e-05
4.4285473692e-04 9.1610312300e-05
3.1136146296e-04 -5.7245902713e-05
1.3351478511e-04 2.9027839363e-05
6.3987418530e-05 -1.2790455422e-05
2.7080331496e-04 5.7526359048e-05
2.3321386540e-04 -4.3499216476e-05
3.9445067981e-04 -7.3241314603e-05
5.0869095059e-04 1.0726767992e-04
4.1799278830e-04 -7.8178531522e-05
5.6388150960e-04 1.1954066740e-04
3.1013131861e-04 -5.8858734369e-05
4.4612969312e-04 9.5873168487e-05
7.4083623773e-05 -1.5146429173e-05
1.4754651743e-04 3.3313502834e-05
2.2048464023e-04 -4.2390934887e-05
2.5236484005e-04 5.5760761391e-05
3.8418204772e-04 -7.3350904881e-05
4.9522611424e-04 1.0832380983e-04
4.1139357133e-04 -7.8970807066e-05
5.5904909919e-04 1.2343182919e-04
3.1040706512e-04 -6.0326763376e-05
8.4236632985e-05 -1.7462999964e-05
4.4825424434e-04 1.0148891596e-04
2.0689107394e-04 -4.0972501002e-05
1.6003909888e-04 3.8118974174e-05
3.7284353352e-04 -7.3182264154e-05
2.3450343510e-04 5.3818729621e-05
4.0495349488e-04 -7.9932405893e-05
4.8103668963e-04 1.0891094474e-04
3.1146923530e-04 -6.2331631805e-05
5.5104914747e-04 1.2518040815e-04
9.4565979408e-05 -2.0075867949e-05
4.4910852736e-04 1.0299357492e-04
1.9394217602e-04 -3.9552688275e-05
1.7256976779e-04 4.0986509052e-05
3.6145060434e-04 -7.2844572810e-05
3.9711338223e-04 -8.0352189839e-05
2.1866709800e-04 5.1815595834e-05
3.1016198819e-04 -6.3475968386e-05
4.6832822662e-04 1.0949608758e-04
1.0301478259e-04 -2.2225971552e-05
5.4180578649e-04 1.2717410180e-04
1.7785788070e-04 -3.7358432641e-05
4.4869136567e-04 1.0649663441e-04
3.4672894285e-04 -7.1754166708e-05
1.8331510847e-04 4.5015628600e-05
3.8999131418e-04 -8.1014333000e-05
2.0045407761e-04 4.9224782091e-05
3.1045227669e-04 -6.5357782869e-05
4.5319639881e-04 1.0941934056e-04
1.1135710539e-04 -2.4679560619e-05
1.6692821153e-04 -3.6109315764e-05
5.3254138232e-04 1.2904772869e-04
3.3810423767e-04 -7.1743297888e-05
4.4730823976e-04 1.0956554487e-04
3.8185924366e-04 -8.1189754580e-05
1.9359691151e-04 4.8928708016e-05
3.0871682355e-04 -6.6323233769e-05
1.8347142596e-04 4.6674402358e-05
1.1932821726e-04 -2.6865431919e-05
4.3824047837e-04 1.0924403324e-04
1.5193314879e-04 -3.3905787425e-05
5.2196137062e-04 1.3064196187e-04
3.2298409777e-04 -7.0365562289e-05
3.7331942695e-04 -8.1456155445e-05
4.4428397923e-04 1.1223980431e-04
3.0564122381e-04 -6.7481640006e-05
2.0308346487e-04 5.2801033994e-05
1.2562222134e-04 -2.9066744793e-05
1.6786917715e-04 4.4195197810e-05
1.3929349795e-04 -3.2049370099e-05
4.2381564714e-04 1.0896734341e-04
3.1105849274e-04 -6.9407808512e-05
5.0994699524e-04 1.3158880735e-04
3.6461637802e-04 -8.1409862521e-05
4.4136317983e-04 1.1481571896e-04
3.0281988277e-04 -6.8344235248e-05
1.3223203820e-04 -3.1137821677e-05
2.1154679567e-04 5.6470540273e-05
1.2758734683e-04 -3.0203825014e-05
1.4865621928e-04 4.0567040065e-05
2.9855560812e-04 -6.8237201254e-05
4.0536640218e-04 1.0746852934e-04
3.5303611198e-04 -8.0730893262e-05
4.9962087068e-04 1.3268443991e-04
2.9887632007e-04 -6.9088200180e-05
4.3723979867e-04 1.1688994704e-04
1.3716989366e-04 -3.3090774075e-05
2.1844544072e-04 5.9905693589e-05
1.1413462755e-04 -2.7945941024e-05
2.8512104578e-04 -6.6758012880e-05
1.3243418200e-04 3.7760830826e-05
3.4258024246e-04 -8.0249891729e-05
3.8965126298e-04 1.0690692721e-04
2.9460975399e-04 -6.9880021611e-05
4.8600588722e-04 1.3350283219e-04
1.4182550887e-04 -3.5111342650e-05
4.3131093060e-04 1.2125345425e-04
1.0254225479e-04 -2.6007862620e-05
2.2393415298e-04 6.5350400097e-05
2.7335834743e-04 -6.5541405975e-05
1.1345474244e-04 3.3874469900e-05
3.3199202363e-04 -7.9501215157e-05
2.8808142292e-04 -6.9629322390e-05
3.6924397595e-04 1.0418020717e-04
1.4442936381e-04 -3.6334896463e-05
4.7044275271e-04 1.3285141268e-04
8.8527756353e-05 -2.3377615476e-05
4.2247794166e-04 1.2025356602e-04
2.5627271030e-04 -6.3041896511e-05
2.2780887895e-04 6.6441749910e-05
3.2034251615e-04 -7.8519571370e-05
9.8506456492e-05 3.0432793628e-05
2.8328083645e-04 -7.0252156002e-05
1.4733443344e-04 -3.8132345036e-05
3.5165535041e-04 1.0216193052e-04
7.7845341225e-05 -2.1463947592e-05
4.5357232776e-04 1.3171272254e-04
2.4696479221e-04 -6.2101231511e-05
4.1384278742e-04 1.2110475435e-04
3.0902454292e-04 -7.7455710474e-05
2.3038645875e-04 6.9124452180e-05
2.7348180373e-04 -6.9383133498e-05
7.9315957242e-05 2.5926224896e-05
1.4720914210e-04 -3.8988203544e-05
6.6219674736e-05 -1.9297414833e-05
3.3033155025e-04 9.8824699872e-05
2.3074089949e-04 -5.9680252514e-05
4.3498858824e-04 1.3013781680e-04
2.9561792043e-04 -7.5868848659e-05
3.9874082055e-04 1.2162428631e-04
2.6679513501e-04 -6.9103792083e-05
2.2830680148e-04 7.2131846213e-05
1.4824165782e-04 -4.0081864457e-05
6.4716034898e-05 2.2715898887e-05
5.3202021104e-05 -1.6713543247e-05
3.0864582979e-04 9.5256519029e-05
2.1484281538e-04 -5.7116336940e-05
2.8142195854e-04 -7.4064124509e-05
4.1275769908e-04 1.2730869210e-04
2.5714099767e-04 -6.8589003644e-05
3.8457222584e-04 1.2057917683e-04
1.4749217392e-04 -4.1273149584e-05
2.2685009182e-04 7.3525434388e-05
4.3433094885e-05 -1.4905050678e-05
4.7466496586e-05 1.8513315179e-05
2.0096153969e-04 -5.4912601827e-05
2.8390750849e-04 9.0869198679e-05
2.6575994917e-04 -7.1675932126e-05
2.4616534067e-04 -6.7019498873e-05
3.8637405644e-04 1.2286912004e-04
1.4579670026e-04 -4.1594498385e-05
3.6326354255e-04 1.1641380058e-04
3.1990673082e-05 -1.2684044146e-05
2.1980929450e-04 7.2408768062e-05
1.8187586946e-04 -5.1540172218e-05
3.2926574781e-05 1.4797413333e-05
2.4746425946e-04 -6.8839146723e-05
2.5682869349e-04 8.5167036174e-05
2.3282661952e-04 -6.5730317747e-05
1.4127538274e-04 -4.2235417104e-05
3.5455556423e-04 1.1648729590e-04
2.2029325011e-05 -1.1119443393e-05
3.3522837690e-04 1.1153545711e-04
1.6454358250e-04 -4.8584533953e-05
2.0655949639e-04 7.1261438832e-05
2.2696119797e-04 -6.5306766897e-05
1.7643613540e-05 1.1791372852e-05
2.1531877424e-04 -6.2575932112e-05
1.3341757582e-04 -4.1238637347e-05
2.2207278066e-04 7.8291043524e-05
1.1858785473e-05 -1.0140251951e-05
3.0941851081e-04 1.0655113288e-04
1.4341930018e-04 -4.6427015976e-05
2.9046725757e-04 9.9210037683e-05
1.9987588627e-04 -6.0812411948e-05
1.7947761834e-04 6.3949578556e-05
1.8479354499e-04 -5.4388895281e-05
3.4225610154e-06 1.3484101009e-05
1.1163321190e-04 -3.5570187706e-05
1.1205889828e-06 -1.2280068626e-05
1.8520757878e-04 7.9008195480e-05
1.3293421859e-04 -4.8270905829e-05
2.4261593117e-04 9.3816039414e-05
1.6785945679e-04 -5.3949912882e-05
1.6909619171e-04 5.5940218598e-05
1.0650361403e-04 -3.0190339967e-05
7.3398815593e-05 1.8955855473e-05
3.8042584950e-05 -7.1947915149e-06
-1.2708839416e-05 -1.8939689209e-06
-1.4778384734e-05 1.7141174067e-06
