2.7356262113e+02
2.7300069236e+02
2.7412576849e+02
2.7243347849e+02
2.7470741318e+02
2.7185816743e+02
2.7528898335e+02
2.7128278730e+02
2.7586813124e+02
2.7071485803e+02
2.7644617529e+02
2.7014776441e+02
2.7702408561e+02
2.6957967898e+02
2.7759208881e+02
2.6900914702e+02
2.7816006907e+02
2.6843851803e+02
2.7873224887e+02
2.6787440798e+02
2.7930916651e+02
2.6731135286e+02
2.7988613697e+02
2.6674317868e+02
2.8046209803e+02
2.6616332001e+02
2.8103803632e+02
2.6558326152e+02
2.8161568471e+02
2.6503233154e+02
2.8219606226e+02
2.6448783725e+02
2.8277653229e+02
2.6393757475e+02
2.8335340774e+02
2.6337303527e+02
2.8393006878e+02
2.6280835643e+02
2.8450699396e+02
2.6224937413e+02
2.8508507810e+02
2.6169197858e+02
2.8566328007e+02
2.6113534909e+02
2.8623793510e+02
2.6057985782e+02
2.8681221787e+02
2.6002419970e+02
2.8738950147e+02
2.5947006212e+02
2.8797259798e+02
2.5891642024e+02
2.8855583036e+02
2.5836259006e+02
2.8913211195e+02
2.5780670524e+02
2.8970729814e+02
2.5725061732e+02
2.9028451107e+02
2.5670442590e+02
2.9086649507e+02
2.5616248404e+02
2.9144863251e+02
2.5561822193e+02
2.9202308267e+02
2.5506115240e+02
2.9259589502e+02
2.5450381812e+02
2.9317219907e+02
2.5396142664e+02
2.9375764018e+02
2.5342680465e+02
2.9434327311e+02
2.5289237006e+02
2.9491460457e+02
2.5235835897e+02
2.9548191752e+02
2.5182410882e+02
2.9605449437e+02
2.5128496121e+02
2.9664363174e+02
2.5074274285e+02
2.9723300604e+02
2.5020207833e+02
2.9780585884e+02
2.4967343169e+02
2.9837290593e+02
2.4914451637e+02
2.9894100658e+02
2.4861303382e+02
2.9951350783e+02
2.4807966534e+02
3.0008622596e+02
2.4754676758e+02
3.0065998444e+02
2.4701750736e+02
3.0123425370e+02
2.4648795147e+02
3.0180725054e+02
2.4596442348e+02
3.0237506847e+02
2.4544614601e+02
3.0294309528e+02
2.4492786795e+02
3.0351885160e+02
2.4440503072e+02
3.0409871161e+02
2.4388188365e+02
3.0467715490e+02
2.4336638834e+02
3.0524829635e+02
2.4285877468e+02
3.0581970508e+02
2.4235094099e+02
3.0638451611e+02
2.4182634413e+02
3.0694523675e+02
3.0750741114e+02
2.4130055622e+02
3.0808554386e+02
2.4078818755e+02
3.0866395178e+02
2.4029205859e+02
3.0923268323e+02
2.3979567312e+02
3.0979430157e+02
2.3928780985e+02
3.1035596131e+02
2.3877852025e+02
3.1091920463e+02
2.3827312461e+02
3.1148272396e+02
2.3777342134e+02
3.1204878933e+02
2.3727343140e+02
3.1261705721e+02
2.3678638364e+02
3.1318516381e+02
2.3630037097e+02
3.1374438232e+02
2.3580732267e+02
3.1430389328e+02
2.3530275148e+02
3.1486393978e+02
2.3479788901e+02
3.1542449083e+02
2.3431566630e+02
3.1598528582e+02
2.3383656351e+02
3.1655091263e+02
2.3335639936e+02
3.1711733676e+02
2.3287459256e+02
3.1767592553e+02
2.3239249392e+02
3.1822498721e+02
2.3190785067e+02
3.1877431797e+02
2.3142181073e+02
3.1932584917e+02
2.3094111576e+02
3.1987801673e+02
2.3047395188e+02
3.2043114786e+02
2.3000644016e+02
3.2098546338e+02
3.2154003590e+02
2.2953774934e+02
3.2208996147e+02
2.2906806002e+02
3.2263993204e+02
2.2860009319e+02
3.2319041956e+02
2.2813812571e+02
3.2374150202e+02
2.2767582071e+02
3.2429286075e+02
2.2721550425e+02
3.2483640118e+02
2.2675514895e+02
3.2537917428e+02
2.2629610723e+02
3.2592243165e+02
2.2584320253e+02
3.2646626515e+02
2.2538993889e+02
3.2701038442e+02
2.2493804728e+02
3.2755711999e+02
2.2448601711e+02
3.2810503447e+02
2.2403532821e+02
3.2864862269e+02
2.2359291609e+02
3.2918123191e+02
2.2315011794e+02
3.2971415634e+02
2.2271236308e+02
3.3025273496e+02
2.2227668766e+02
3.3079347561e+02
2.2184048519e+02
3.3133191164e+02
3.3186276430e+02
2.2140344799e+02
3.3239392731e+02
2.2096602960e+02
3.3292698169e+02
2.2053411738e+02
3.3346126932e+02
2.2010489229e+02
3.3399453289e+02
2.1967562154e+02
3.3452294161e+02
2.1925039697e+02
3.3505167443e+02
2.1882476240e+02
3.3557976434e+02
2.1841155538e+02
3.3610808206e+02
2.1800722644e+02
3.3663588797e+02
2.1760137717e+02
3.3715972673e+02
2.1717535331e+02
3.3768390292e+02
2.1674897301e+02
3.3820459863e+02
2.1633780046e+02
3.3872388626e+02
2.1593916999e+02
3.3924373577e+02
2.1553991720e+02
3.3976509233e+02
2.1512712679e+02
3.4028678724e+02
3.4080537539e+02
2.1471393563e+02
3.4132252562e+02
2.1431435535e+02
3.4183961155e+02
2.1392828881e+02
3.4235236583e+02
2.1354172712e+02
3.4286547432e+02
2.1313919720e+02
3.4337633762e+02
2.1273576223e+02
3.4388594159e+02
2.1234258862e+02
3.4439595500e+02
2.1196134965e+02
3.4490639899e+02
2.1157959588e+02
3.4541720746e+02
2.1119357840e+02
3.4592305822e+02
2.1080680041e+02
3.4642494252e+02
2.1042542147e+02
3.4692726168e+02
2.1005141794e+02
3.4743141750e+02
3.4793593558e+02
2.0967686458e+02
3.4843769970e+02
2.0930880334e+02
3.4893705776e+02
2.0894115547e+02
3.4943684291e+02
2.0857344321e+02
3.4993059974e+02
2.0820513167e+02
3.5042453297e+02
2.0783626899e+02
3.5092079816e+02
2.0747688788e+02
3.5142028839e+02
2.0711880758e+02
3.5192021308e+02
2.0676339919e+02
3.5240387100e+02
2.0641337120e+02
3.5288665191e+02
2.0606279865e+02
3.5337530880e+02
2.0571078445e+02
3.5387284992e+02
3.5437084949e+02
2.0535806609e+02
3.5484955184e+02
2.0500895801e+02
3.5532619543e+02
2.0466863528e+02
3.5580284382e+02
2.0432775218e+02
3.5627951010e+02
2.0398778762e+02
3.5675661530e+02
2.0364776447e+02
3.5723829174e+02
2.0331044660e+02
3.5772110530e+02
2.0298137800e+02
3.5819848220e+02
2.0265173508e+02
3.5866473978e+02
2.0232426813e+02
3.5913143263e+02
2.0199732860e+02
3.5960712879e+02
3.6008527034e+02
2.0167071534e+02
3.6055685304e+02
2.0134535319e+02
3.6101197647e+02
2.0101940953e+02
3.6146753779e+02
2.0070182760e+02
3.6193545120e+02
2.0038778206e+02
3.6240734432e+02
2.0007596186e+02
3.6287566539e+02
1.9977676948e+02
3.6333353329e+02
1.9947701047e+02
3.6379185144e+02
1.9916772537e+02
3.6425038350e+02
1.9885303293e+02
3.6470925653e+02
3.6516665962e+02
1.9854002813e+02
3.6561786426e+02
1.9823873560e+02
3.6606953372e+02
1.9793683404e+02
3.6651749350e+02
1.9764312183e+02
3.6696398793e+02
1.9735458031e+02
3.6741092900e+02
1.9706598296e+02
3.6785925620e+02
1.9678043764e+02
3.6830805959e+02
1.9649431750e+02
3.6874616388e+02
1.9620969219e+02
3.6917860251e+02
1.9592611834e+02
3.6961281581e+02
3.7005829958e+02
1.9564225488e+02
3.7050428288e+02
1.9535406453e+02
3.7093575021e+02
1.9506522013e+02
3.7135791942e+02
1.9479107829e+02
3.7178077723e+02
1.9453023486e+02
3.7220808077e+02
1.9426892558e+02
3.7263587478e+02
1.9399676986e+02
3.7306085810e+02
1.9372397708e+02
3.7348377087e+02
1.9346076857e+02
3.7390639227e+02
3.7431543399e+02
1.9320781703e+02
3.7472495469e+02
1.9295429854e+02
3.7513817124e+02
1.9269585743e+02
3.7555476049e+02
1.9243644437e+02
3.7597161319e+02
1.9218313162e+02
3.7637602063e+02
1.9193764391e+02
3.7678092821e+02
1.9169159036e+02
3.7718300569e+02
1.9144647386e+02
3.7758202431e+02
1.9120063780e+02
3.7798151442e+02
3.7837535266e+02
1.9095858690e+02
3.7876958408e+02
1.9072244491e+02
3.7916095621e+02
1.9048571055e+02
3.7954861441e+02
1.9025405529e+02
3.7993675761e+02
1.9002232138e+02
3.8031639371e+02
1.8979312472e+02
3.8069590420e+02
1.8956887612e+02
3.8107396537e+02
1.8934401847e+02
3.8144963334e+02
3.8182579622e+02
1.8912765987e+02
3.8218643451e+02
1.8891217879e+02
3.8254555903e+02
1.8869708674e+02
3.8290661566e+02
1.8848354173e+02
3.8327065062e+02
1.8826936887e+02
3.8363517563e+02
1.8806672166e+02
3.8398266507e+02
1.8786616574e+02
3.8432756329e+02
1.8766626601e+02
3.8467269632e+02
3.8501774229e+02
1.8746910304e+02
3.8536330715e+02
1.8727129401e+02
3.8569517619e+02
1.8708493285e+02
3.8602422803e+02
1.8690139670e+02
3.8635048418e+02
1.8671886233e+02
3.8666880115e+02
1.8654097156e+02
3.8698765387e+02
1.8636239731e+02
3.8730045385e+02
3.8761190978e+02
1.8619540956e+02
3.8791826126e+02
1.8603217743e+02
3.8820744796e+02
1.8586997146e+02
3.8849719238e+02
1.8571399522e+02
3.8878294832e+02
1.8555727865e+02
3.8906770821e+02
1.8542088459e+02
3.8934818113e+02
1.8529336182e+02
3.8960996721e+02
3.8987234004e+02
1.8516578534e+02
3.9012023598e+02
1.8504121039e+02
3.9036183673e+02
1.8491586746e+02
3.9060130046e+02
1.8480912187e+02
3.9082712365e+02
1.8471179371e+02
3.9105357121e+02
1.8461802421e+02
3.9125959336e+02
1.8455555662e+02
3.9145470813e+02
3.9164646236e+02
1.8449220368e+02
3.9180971796e+02
1.8445320702e+02
3.9197365692e+02
1.8442967536e+02
3.9211091772e+02
1.8440982498e+02
3.9223101184e+02
1.8444171671e+02
3.9234693294e+02
1.8447259791e+02
3.9240781154e+02
1.8458184744e+02
3.9246947634e+02
3.9244927203e+02
1.8475231576e+02
3.9236502011e+02
1.8491786663e+02
3.9228890111e+02
1.8498925007e+02
3.9238861389e+02
1.8505891762e+02
3.9248973611e+02
1.8617322711e+02
3.9131352258e+02
1.8826953797e+02
3.8894370672e+02
3.8657302900e+02
1.9036684606e+02
