1.2474590811e-03 -8.6811737468e-07
8.7756968398e-04 1.0143544751e-06
1.2169858703e-03 -2.4261273469e-06
9.9509786318e-05 2.1646404289e-07
7.8128998145e-04 -2.7495752673e-06
7.5772602543e-04 2.4705053971e-06
5.8011338307e-05 -2.1193600572e-07
1.2116047162e-03 7.6320437436e-06
8.5066563923e-04 -6.7211127549e-06
1.2604291238e-03 1.1923141365e-05
1.2357457170e-03 -1.2168546844e-05
9.0596486842e-04 1.0796253686e-05
1.2204787474e-03 -1.4458182463e-05
1.3988689632e-04 2.1062822906e-06
8.0466066217e-04 -1.1403045696e-05
7.3492115952e-04 1.1222325700e-05
2.1113498130e-05 -2.0021063951e-07
1.2052194210e-03 2.0793451834e-05
8.2079750964e-04 -1.3679227323e-05
1.2675858089e-03 2.4259939263e-05
1.2193498130e-03 -2.3165341004e-05
9.3015126951e-04 1.9788585146e-05
1.2228140360e-03 -2.5819227333e-05
1.7874402061e-04 4.5068667032e-06
8.2483903314e-04 -1.9049367602e-05
7.0889100035e-04 1.7929811575e-05
1.7749413533e-05 -2.7327089631e-07
1.1983782595e-03 3.2584666266e-05
7.9335675049e-04 -2.1337481606e-05
1.2756524997e-03 3.8605259856e-05
1.2079128180e-03 -3.4941459544e-05
9.5194584301e-04 3.3115128145e-05
1.2235293264e-03 -3.7523743765e-05
2.1685367694e-04 8.9667890871e-06
8.4055966463e-04 -2.7415892832e-05
6.7723170762e-04 2.4304093534e-05
5.6656031510e-05 -2.0049676185e-06
1.1832180777e-03 4.4056378314e-05
7.6890673649e-04 -2.8062474118e-05
1.2800162366e-03 4.9640019258e-05
1.1960040393e-03 -4.5970018424e-05
9.7340605385e-04 3.9609842224e-05
1.2223935989e-03 -5.0179974575e-05
2.5660857332e-04 1.1131081639e-05
8.5825928691e-04 -3.8014269429e-05
6.4955457307e-04 2.9100676900e-05
9.6506380622e-05 -4.7023626207e-06
1.1706039455e-03 5.4543561881e-05
7.3373958409e-04 -3.3491040287e-05
1.2842278315e-03 6.2201955277e-05
1.1742341799e-03 -5.5965968570e-05
9.9661055791e-04 5.0467664589e-05
1.2211316758e-03 -6.0378932098e-05
2.9222191033e-04 1.5582384799e-05
8.7581410719e-04 -4.4776897433e-05
6.1663464595e-04 3.3785190677e-05
1.3478060418e-04 -7.0640862367e-06
1.1570746084e-03 6.5356247787e-05
7.0348663764e-04 -3.8758068975e-05
1.1541527443e-03 -6.5908446078e-05
1.2891186147e-03 7.4911418350e-05
1.2138580374e-03 -7.1473284306e-05
1.0150250845e-03 6.1025723842e-05
8.8947192291e-04 -5.4120213453e-05
3.2854921655e-04 2.0607445331e-05
1.7085099021e-04 -1.0819764655e-05
5.8958446136e-04 3.8271827767e-05
6.7307447338e-04 -4.3291587532e-05
1.1441875382e-03 7.6116764074e-05
1.1370790609e-03 -7.5406020807e-05
1.2844220390e-03 8.7693066557e-05
1.2081645284e-03 -8.3224361890e-05
1.0284427700e-03 7.2816387588e-05
8.9876195251e-04 -6.4889365609e-05
3.6489030490e-04 2.6901910401e-05
2.0741228135e-04 -1.5831486729e-05
5.5971786936e-04 4.1621692313e-05
6.3537217384e-04 -4.7413529111e-05
1.1282981092e-03 8.5971270917e-05
1.1090658136e-03 -8.4202064444e-05
1.2852940279e-03 1.0084657984e-04
1.2018410426e-03 -9.2380163641e-05
1.0502484267e-03 8.7160648517e-05
9.1243284013e-04 -7.1347367961e-05
3.9928822668e-04 3.4806021990e-05
2.3857800476e-04 -1.8654108733e-05
5.1888249118e-04 4.4150705732e-05
6.0651257890e-04 -4.7665406613e-05
1.1037664696e-03 9.5539428600e-05
1.0914823115e-03 -8.9746372486e-05
1.2840419169e-03 1.1334827144e-04
1.1922438430e-03 -1.0256780929e-04
1.0629772152e-03 9.5622502489e-05
9.2309807470e-04 -8.1276605255e-05
4.3119216674e-04 3.9677467696e-05
2.7252775845e-04 -2.4412672412e-05
4.8966735550e-04 4.6840499951e-05
5.7165263268e-04 -5.2706985727e-05
1.0900696449e-03 1.0571543353e-04
1.0673256179e-03 -1.0035573444e-04
1.2791442017e-03 1.2531853581e-04
1.1841583088e-03 -1.1321114904e-04
1.0705007694e-03 1.0672377944e-04
9.2957965009e-04 -9.0920156372e-05
4.5887108766e-04 4.6680607143e-05
3.0146733892e-04 -3.0206919932e-05
4.5425020331e-04 4.7280659341e-05
5.3757011751e-04 -5.4452798691e-05
1.0695117974e-03 1.1335514496e-04
1.0414249690e-03 -1.0721740836e-04
1.2745089506e-03 1.3826708185e-04
1.1698499004e-03 -1.2235908811e-04
1.0777455030e-03 1.1930009411e-04
9.3873705671e-04 -9.9979722454e-05
4.8840895451e-04 5.5379146582e-05
3.3161500300e-04 -3.5978009859e-05
4.2140126521e-04 4.8472264916e-05
5.0204854765e-04 -5.5415933347e-05
1.0458925713e-03 1.2179534770e-04
1.0161877173e-03 -1.1385095707e-04
1.2625105340e-03 1.4987632040e-04
1.1603804544e-03 -1.3186582936e-04
1.0931294637e-03 1.3197603986e-04
9.4758543926e-04 -1.0956884601e-04
3.5933731141e-04 -4.2302083849e-05
5.2099655741e-04 6.4238313921e-05
4.6679338652e-04 -5.5758419739e-05
3.8042336726e-04 4.7901396624e-05
9.9099581435e-04 -1.1994756263e-04
1.0174216208e-03 1.2928124526e-04
1.1468477800e-03 -1.4065454234e-04
1.2532154364e-03 1.6181235143e-04
9.4545390639e-04 -1.1792034751e-04
1.1001823898e-03 1.4419874012e-04
3.8332304496e-04 -4.8624510516e-05
5.4701441779e-04 7.3124242734e-05
4.3364037766e-04 -5.5737960335e-05
3.4213886400e-04 4.6739003249e-05
9.6363009317e-04 -1.2531178583e-04
9.9194541959e-04 1.3636213637e-04
1.1306240973e-03 -1.4869738303e-04
1.2431997580e-03 1.7330551466e-04
9.4970342388e-04 -1.2663986625e-04
1.1051095178e-03 1.5603243194e-04
4.0879490902e-04 -5.5308649109e-05
5.7335909140e-04 8.2360590964e-05
3.9945133143e-04 -5.4917595384e-05
3.0807943578e-04 4.5222141479e-05
9.3736474807e-04 -1.3025834602e-04
9.6670695292e-04 1.4270830851e-04
1.1151287984e-03 -1.5706627547e-04
1.2289203575e-03 1.8396940896e-04
9.4976612982e-04 -1.3553307263e-04
1.1066055684e-03 1.6825587429e-04
4.3082170694e-04 -6.2457267029e-05
5.9576767043e-04 9.2317172925e-05
3.6640366227e-04 -5.3671150914e-05
2.7113714647e-04 4.2761221338e-05
9.1123374641e-04 -1.3466112650e-04
9.4104194854e-04 1.4870524313e-04
1.0959523809e-03 -1.6408356807e-04
1.2127863659e-03 1.9426163424e-04
9.4975013432e-04 -1.4361475406e-04
1.1068848182e-03 1.7979469801e-04
4.5463008149e-04 -6.9590768263e-05
3.3063777627e-04 -5.1326688551e-05
6.1850998799e-04 1.0209883878e-04
8.7805237681e-04 -1.3750738414e-04
2.3398757122e-04 3.9386576389e-05
1.0806903976e-03 -1.7107960874e-04
9.0997325026e-04 1.5344157213e-04
9.4773201397e-04 -1.5119752695e-04
1.1968793731e-03 2.0399337140e-04
4.7167078199e-04 -7.6158866621e-05
1.1092241171e-03 1.9049187330e-04
2.9699176311e-04 -4.8712757508e-05
6.3875236968e-04 1.1103266301e-04
8.5460437011e-04 -1.4114369478e-04
1.9281783306e-04 3.4615539864e-05
1.0651298690e-03 -1.7830685357e-04
8.8199566090e-04 1.5806319112e-04
9.4425578496e-04 -1.6246866436e-04
1.1819329316e-03 2.1423842994e-04
4.8946449550e-04 -8.6350205229e-05
1.1059929409e-03 2.0555881876e-04
2.6013194915e-04 -4.5429670986e-05
6.5630319732e-04 1.2542671345e-04
8.1778785525e-04 -1.4263520470e-04
1.5447659007e-04 3.0306379549e-05
1.0436867798e-03 -1.8374839465e-04
8.4439240554e-04 1.6068524004e-04
9.4145799267e-04 -1.6682099684e-04
1.1597213525e-03 2.2263350074e-04
5.0606188336e-04 -9.0612714388e-05
1.1050976422e-03 2.1365761688e-04
2.2749933957e-04 -4.1414568861e-05
7.9472212712e-04 -1.4506697108e-04
6.7494371983e-04 1.3185277369e-04
1.0255767677e-03 -1.8957747607e-04
1.1734106299e-04 2.3812096064e-05
9.3202546222e-04 -1.7711692617e-04
8.1908360714e-04 1.6424730490e-04
5.1792573061e-04 -1.0099206956e-04
1.1403979876e-03 2.3053706252e-04
1.9340811783e-04 -3.7326894433e-05
1.0972042467e-03 2.2319633223e-04
7.6087980192e-04 -1.4574238883e-04
6.8904358963e-04 1.4158059230e-04
1.0025107649e-03 -1.9382925102e-04
7.9989408285e-05 1.7226288761e-05
9.2688626540e-04 -1.8052387005e-04
7.8812709746e-04 1.6621394934e-04
5.3422028900e-04 -1.0502217343e-04
1.1192158618e-03 2.3795940076e-04
1.6267599223e-04 -3.2532869247e-05
1.0873117494e-03 2.3301425709e-04
7.3090357457e-04 -1.4630316580e-04
6.9946221891e-04 1.5155978477e-04
9.8053422175e-04 -1.9776320958e-04
4.5191662938e-05 1.0480535947e-05
9.2051456262e-04 -1.8718110010e-04
7.5445674530e-04 1.6710305731e-04
5.4688718536e-04 -1.1236160592e-04
1.0948879086e-03 2.4443463315e-04
1.2822835197e-04 -2.6832739914e-05
6.9939419025e-04 -1.4583849173e-04
1.0795611364e-03 2.4299891805e-04
9.5878891622e-04 -2.0146514558e-04
7.1171721587e-04 1.6193427603e-04
9.1027429591e-04 -1.9263617503e-04
6.0625404009e-06 1.9697221918e-06
5.5491528295e-04 -1.1852187610e-04
7.1999299451e-04 1.6705364407e-04
9.6764937085e-05 -2.1186100049e-05
1.0717190379e-03 2.5068757144e-04
6.7252107764e-04 -1.4598989265e-04
1.0695350894e-03 2.5240713393e-04
9.3582838512e-04 -2.0457184200e-04
7.2049037087e-04 1.7201359234e-04
9.0031462772e-04 -1.9826661695e-04
2.4356294492e-05 6.5653047299e-06
5.6664319962e-04 -1.2593520340e-04
6.8662891149e-04 1.6690332015e-04
6.7865774507e-05 -1.5509022478e-05
1.0453867169e-03 2.5597451267e-04
6.4066183472e-04 -1.4439828980e-04
1.0574955826e-03 2.6098070536e-04
9.1235870557e-04 -2.0704509356e-04
7.2970535748e-04 1.8197060919e-04
8.8775143225e-04 -2.0277590341e-04
5.7033495184e-04 -1.3136918990e-04
5.8709194277e-05 1.5460606585e-05
3.5847589883e-05 -8.7090787834e-06
6.5263637835e-04 1.6581429328e-04
6.1159411976e-04 -1.4311426818e-04
1.0186805957e-03 2.6062527799e-04
8.8941136041e-04 -2.0935486492e-04
1.0445417506e-03 2.6938675015e-04
8.7719260573e-04 -2.0780695635e-04
7.3646767612e-04 1.9196432486e-04
5.7811136246e-04 -1.3814617153e-04
8.9554645479e-05 2.4287159530e-05
5.0255341218e-06 -1.6872572509e-06
6.1415291906e-04 1.6316403396e-04
5.7907804388e-04 -1.4029606523e-04
9.8815721855e-04 2.6370467237e-04
8.6358044623e-04 -2.1040310061e-04
1.0298347378e-03 2.7588401210e-04
8.6198357854e-04 -2.1124968786e-04
7.4107208960e-04 1.9993406712e-04
5.8011586681e-04 -1.4346045020e-04
2.0873668781e-05 -6.1909872724e-06
1.2079085772e-04 3.3316424546e-05
5.5065854882e-04 -1.3843705224e-04
5.8309861095e-04 1.6136020632e-04
8.3775751046e-04 -2.1163529064e-04
9.6145383863e-04 2.6719384384e-04
8.4758646279e-04 -2.1817485825e-04
1.0128322012e-03 2.8260077410e-04
5.8548044787e-04 -1.5443770454e-04
7.4358032834e-04 2.0912028454e-04
4.7394061232e-05 -1.3657268136e-05
1.4734462044e-04 4.2460705032e-05
5.2341132998e-04 -1.3636194862e-04
5.4795399692e-04 1.5779468314e-04
8.1302975146e-04 -2.1213278051e-04
9.3134448946e-04 2.6913276085e-04
8.3265849556e-04 -2.1806535208e-04
9.9195482149e-04 2.8788625197e-04
5.9145051197e-04 -1.5598686718e-04
7.4025960503e-04 2.1656575137e-04
7.5656851768e-05 -2.0502659845e-05
4.8801052021e-04 -1.3059513704e-04
1.7381059874e-04 5.1876791197e-05
7.8335038410e-04 -2.1036251486e-04
5.1381235047e-04 1.5349018103e-04
8.1759146740e-04 -2.2023185255e-04
9.0116900026e-04 2.7013677111e-04
5.8993956641e-04 -1.5973173630e-04
9.7396388689e-04 2.9318864927e-04
9.7118590554e-05 -2.6709639459e-05
7.4049494330e-04 2.2459345860e-04
4.6114108053e-04 -1.2694065078e-04
2.0003533742e-04 6.1491945706e-05
7.5899594226e-04 -2.0985784639e-04
4.8105204024e-04 1.4852627652e-04
7.9860435667e-04 -2.2194780297e-04
8.7026964672e-04 2.7008753431e-04
5.8765245656e-04 -1.6455882388e-04
9.5177931031e-04 2.9712258963e-04
1.1881771204e-04 -3.3971575011e-05
4.3241503305e-04 -1.2261712541e-04
7.3726636489e-04 2.3207835646e-04
7.3383155825e-04 -2.0887155495e-04
2.2032838506e-04 7.0371270406e-05
7.8297375189e-04 -2.2418407843e-04
4.4485659224e-04 1.4255082849e-04
5.8668996488e-04 -1.6935900377e-04
8.3796557961e-04 2.6955573558e-04
1.3893158967e-04 -4.0832482354e-05
9.3021308484e-04 3.0077644658e-04
4.0191535565e-04 -1.1728239054e-04
7.3179762543e-04 2.3850586308e-04
7.0585909221e-04 -2.0658378160e-04
2.4094294229e-04 7.9798725640e-05
7.6459473199e-04 -2.2470432955e-04
4.1341513947e-04 1.3751240952e-04
5.8142421978e-04 -1.7183836072e-04
8.0730418775e-04 2.6913454689e-04
1.5543734294e-04 -4.6527914995e-05
3.7746044545e-04 -1.1298730067e-04
9.0544085378e-04 3.0378253160e-04
6.8306995126e-04 -2.0521894741e-04
7.2119309067e-04 2.4554929227e-04
7.4381046790e-04 -2.2480589450e-04
2.5710258488e-04 8.9015578787e-05
5.7532491156e-04 -1.7527641496e-04
3.7978230652e-04 1.3140685433e-04
1.7381406674e-04 -5.3548166609e-05
7.7355395378e-04 2.6747987869e-04
3.4624758445e-04 -1.0634642219e-04
8.7984935746e-04 3.0401518785e-04
6.5075488564e-04 -2.0058101931e-04
7.1525025774e-04 2.4842526275e-04
7.2388475276e-04 -2.2407602581e-04
2.7371187667e-04 9.6123806555e-05
5.7056469184e-04 -1.7751312125e-04
1.8811889417e-04 -5.9108822239e-05
3.4575897599e-04 1.2346245790e-04
3.2057248322e-04 -1.0134377249e-04
7.3890712226e-04 2.6361509301e-04
6.2568045691e-04 -1.9820333073e-04
8.5210056586e-04 3.0407290428e-04
7.0174499070e-04 -2.2309971673e-04
7.0182756593e-04 2.5204459045e-04
5.6400771174e-04 -1.8044424080e-04
2.8833478385e-04 1.0451855826e-04
2.0303329920e-04 -6.5794191096e-05
3.1428564589e-04 1.1465711798e-04
2.9252076111e-04 -9.5095441466e-05
7.0299197174e-04 2.5741297614e-04
5.9625487421e-04 -1.9373662198e-04
8.2476891791e-04 3.0396527284e-04
6.8144207320e-04 -2.2198245156e-04
5.5442906285e-04 -1.8178419745e-04
6.9058067313e-04 2.5699137656e-04
2.1413875490e-04 -7.0961271053e-05
2.9988922490e-04 1.1298568319e-04
2.6708257972e-04 -8.8550978709e-05
2.8208098364e-04 1.0698589075e-04
5.6846526223e-04 -1.8867598784e-04
6.6814619509e-04 2.5320718074e-04
6.5698682613e-04 -2.1900771321e-04
7.9558334862e-04 3.0246608257e-04
5.4294658709e-04 -1.8198171934e-04
6.7667440508e-04 2.5792493783e-04
2.2259042018e-04 -7.5360012002e-05
3.0807413493e-04 1.1828895617e-04
2.4183827853e-04 -8.2367067233e-05
5.4194182392e-04 -1.8445976617e-04
2.5000996200e-04 9.7299439999e-05
6.3336352419e-04 -2.1629840580e-04
6.3376601651e-04 2.4696883577e-04
5.3224923549e-04 -1.8302718761e-04
7.6604486866e-04 3.0017514493e-04
2.3184657584e-04 -8.0571541937e-05
6.5927504681e-04 2.6059596544e-04
2.1561495065e-04 -7.5214880974e-05
3.1489535226e-04 1.2594721845e-04
5.1072129371e-04 -1.7776261505e-04
2.1995732116e-04 8.8641838751e-05
6.0896135080e-04 -2.1256485274e-04
5.9627737291e-04 2.3954173296e-04
5.1719273610e-04 -1.8106111647e-04
2.3643341659e-04 -8.3359176449e-05
7.3258186909e-04 2.9524630800e-04
1.9231847732e-04 -6.8431588969e-05
6.3994344416e-04 2.5846991934e-04
4.8416858282e-04 -1.7209811263e-04
3.1925607667e-04 1.2972274740e-04
5.8454783679e-04 -2.0854337003e-04
1.9179582381e-04 7.9299048337e-05
5.0541354057e-04 -1.8120931326e-04
5.6106075514e-04 2.3183246801e-04
2.4271186772e-04 -8.7901804075e-05
6.9760810159e-04 2.8928982008e-04
1.6772356756e-04 -6.1522183276e-05
6.1659945764e-04 2.5729586738e-04
4.5320567268e-04 -1.6511442129e-04
5.5753888406e-04 -2.0355278925e-04
3.1988232791e-04 1.3484945970e-04
4.8798108539e-04 -1.7927177240e-04
1.6313296354e-04 6.9800528396e-05
2.4427837772e-04 -9.0692427709e-05
5.2258477681e-04 2.2204955896e-04
1.4565805566e-04 -5.4539187639e-05
6.6078867134e-04 2.8184899890e-04
4.2443553336e-04 -1.5759867005e-04
5.9101247786e-04 2.5371621264e-04
5.2815497575e-04 -1.9660286442e-04
3.1818569622e-04 1.3785666603e-04
4.6759527119e-04 -1.7458342480e-04
1.3657611368e-04 5.9972300660e-05
2.4260984830e-04 -9.1238489658e-05
1.2344502886e-04 -4.7109660862e-05
4.8294736156e-04 2.1062529678e-04
3.9629554762e-04 -1.5000375950e-04
6.2187653406e-04 2.7226548760e-04
5.0081373760e-04 -1.9017792312e-04
5.6403083761e-04 2.4813533713e-04
4.4871128314e-04 -1.7126592203e-04
3.1389968408e-04 1.3902749378e-04
2.4153472807e-04 -9.3143945825e-05
1.1152158628e-04 4.9992380196e-05
1.0293655274e-04 -4.0728929986e-05
4.4539584759e-04 1.9890408161e-04
3.6587941365e-04 -1.4194179688e-04
4.6941897273e-04 -1.8241832551e-04
5.7949442540e-04 2.6040328717e-04
4.2618534422e-04 -1.6701502271e-04
5.2988055527e-04 2.4054574942e-04
2.3731584304e-04 -9.4210225080e-05
3.0380756361e-04 1.3953753477e-04
8.2224781663e-05 -3.3457293729e-05
8.5960826210e-05 4.0511982947e-05
3.3303157184e-04 -1.3161952250e-04
3.9991331188e-04 1.8447257654e-04
4.3677220076e-04 -1.7263884904e-04
5.3127109672e-04 2.4562096218e-04
4.0034066183e-04 -1.5860924117e-04
2.2914656006e-04 -9.1310989285e-05
4.9216371589e-04 2.2863140324e-04
6.3735716025e-05 -2.6222455314e-05
2.8983440311e-04 1.3562093070e-04
2.9983390720e-04 -1.2058005310e-04
6.2846497594e-05 3.0545101609e-05
3.9978343792e-04 -1.6089339154e-04
3.5522362294e-04 1.6797661288e-04
3.7461588663e-04 -1.5088734952e-04
4.7861449630e-04 2.2652560214e-04
2.2252819598e-04 -9.0065993914e-05
4.4536108265e-04 2.1169922443e-04
4.6119031255e-05 -2.0193678498e-05
2.6542492918e-04 -1.1066760169e-04
2.6763939831e-04 1.2794725718e-04
3.6145387559e-04 -1.4947724490e-04
4.2077958785e-05 2.0994477400e-05
3.4051308417e-04 -1.4005593499e-04
3.0676689398e-04 1.4807083710e-04
2.0588847164e-04 -8.5440802517e-05
4.1717066660e-04 2.0176686060e-04
3.0710080117e-05 -1.6333453799e-05
3.8749581237e-04 1.8949723722e-04
2.3083342795e-04 -1.0285307189e-04
2.3623773150e-04 1.1672442978e-04
3.1725725789e-04 -1.3654588160e-04
2.9390885031e-04 -1.2500340027e-04
2.3437422399e-05 1.3091702058e-05
1.7726639066e-04 -7.6669846499e-05
2.4793946629e-04 1.2381890166e-04
1.7657209977e-05 -1.0184232127e-05
3.3930737647e-04 1.6707286400e-04
1.9548414830e-04 -8.4748939862e-05
3.0513014623e-04 1.4708134069e-04
2.6607352611e-04 -1.1314807858e-04
1.8155607075e-04 8.5226555378e-05
2.4123065379e-04 -9.8927190615e-05
1.4578012118e-04 -5.9285680217e-05
1.0070678173e-05 6.7469199147e-06
7.3788438510e-06 -1.1956031872e-05
1.9032948275e-04 9.4118391892e-05
1.5760319941e-04 -8.1235779380e-05
2.3792277843e-04 1.1619927253e-04
1.9647921198e-04 -9.2859215422e-05
1.6660202459e-04 8.0210509541e-05
1.2567513737e-04 -5.1511496836e-05
8.2230626314e-05 3.6543553742e-05
4.9702712415e-05 -1.5984398082e-05
-4.5428633004e-06 -5.2186118358e-08
-1.9649539049e-06 8.7733863061e-08
