-1.6022811763e-06 -1.5693827655e-06
2.6800013293e-01 8.9807928802e-04
5.3074545456e-01 3.5538278502e-03
7.8812170346e-01 7.9007512785e-03
1.0401044674e+00 1.3886872562e-02
1.2865982378e+00 2.1424001581e-02
1.5275404680e+00 3.0488692823e-02
1.7628410249e+00 4.0990101568e-02
1.9924570913e+00 5.2883566668e-02
2.2162989308e+00 6.6099146627e-02
2.4343035366e+00 8.0579329393e-02
2.6464060793e+00 9.6267306990e-02
2.8525119781e+00 1.1309023861e-01
3.0525900159e+00 1.3100438317e-01
3.2465532103e+00 1.4993143680e-01
3.4343520543e+00 1.6982077391e-01
3.6159064044e+00 1.9061048320e-01
3.7911577239e+00 2.1222925186e-01
3.9600624067e+00 2.3462876070e-01
4.1225653997e+00 2.5773730583e-01
4.2785863574e+00 2.8149416510e-01
4.4281068134e+00 3.0584230765e-01
4.5710714998e+00 3.3070868674e-01
4.7074276116e+00 3.5604348597e-01
4.8371378133e+00 3.8177377906e-01
4.9601662613e+00 4.0783702541e-01
5.0764748671e+00 4.3417728923e-01
5.1860500147e+00 4.6072116936e-01
5.2888359494e+00 4.8741357505e-01
5.3848260034e+00 5.1418641785e-01
5.4740201112e+00 5.4097486545e-01
5.5563787672e+00 5.6772446224e-01
5.6319072311e+00 5.9436144023e-01
5.7005933885e+00 6.2082300973e-01
5.7624486938e+00 6.4705452078e-01
5.8174816787e+00 6.7299068446e-01
5.8656780490e+00 6.9855760958e-01
5.9070863549e+00 7.2370686844e-01
5.9417166615e+00 7.4837452289e-01
5.9695788695e+00 7.7248503399e-01
5.9907256199e+00 7.9599434369e-01
6.0051770047e+00 8.1883510644e-01
6.0130002358e+00 8.4094189137e-01
6.0142083461e+00 8.6226254136e-01
6.0088944840e+00 8.8273996863e-01
5.9970925983e+00 9.0230835068e-01
5.9788735406e+00 9.2091889750e-01
5.9543203688e+00 9.3850724456e-01
5.9234957203e+00 9.5502640937e-01
5.8864871546e+00 9.7041933198e-01
5.8434017861e+00 9.8462834919e-01
5.7943121653e+00 9.9761456747e-01
5.7393115015e+00 1.0093140961e+00
5.6785377286e+00 1.0196815172e+00
5.6120886081e+00 1.0286834274e+00
5.5400750409e+00 1.0362615322e+00
5.4626415493e+00 1.0423771066e+00
5.3798984772e+00 1.0469967687e+00
5.2919810939e+00 1.0500645482e+00
5.1990624110e+00 1.0515643768e+00
5.1012419814e+00 1.0514503427e+00
4.9987181508e+00 1.0496916274e+00
4.8916416395e+00 1.0462693528e+00
4.7801458888e+00 1.0411431455e+00
4.6644284071e+00 1.0343017669e+00
4.5446980716e+00 1.0257329820e+00
4.4210725921e+00 1.0154030042e+00
4.2937832557e+00 1.0033193859e+00
4.1630105453e+00 9.8945801667e-01
4.0289713571e+00 9.7382837674e-01
3.8918568720e+00 9.5642636711e-01
3.7518773383e+00 9.3725298117e-01
3.6092756184e+00 9.1633593513e-01
3.4642606349e+00 8.9367304427e-01
3.3170630079e+00 8.6929616295e-01
3.1679321883e+00 8.4323387243e-01
3.0171365642e+00 8.1551445723e-01
2.8649065245e+00 7.8619415562e-01
2.7115183472e+00 7.5530266415e-01
2.5572705968e+00 7.2291440882e-01
2.4024559770e+00 6.8909717744e-01
2.2473425760e+00 6.5390546984e-01
2.0922774552e+00 6.1745188953e-01
1.9376261521e+00 5.7981847195e-01
1.7837030105e+00 5.4112808355e-01
1.6309092467e+00 5.0149966690e-01
1.4796644238e+00 4.6106752699e-01
1.3304257984e+00 4.2003648010e-01
1.1836610110e+00 3.7852258520e-01
1.0399122652e+00 3.3679064710e-01
8.9980040368e-01 2.9505595411e-01
7.6402394384e-01 2.5359044927e-01
6.3339307516e-01 2.1279413430e-01
5.0885695882e-01 1.7294609421e-01
3.9153893046e-01 1.3464723444e-01
2.8295673055e-01 9.8394420757e-02
1.8514734278e-01 6.5084893506e-02
1.0083726448e-01 3.5905810782e-02
3.4961883922e-02 1.2136898143e-02
-1.8607880498e-05 -5.9919506597e-06
