7.5320625793e-04 1.4407987493e-06
5.3128686822e-04 3.3937402596e-06
7.3344400719e-04 -3.8138623484e-06
6.0908120966e-05 1.3820198673e-06
4.7254528216e-04 -5.1099026832e-06
4.5805546792e-04 8.5606590652e-07
3.9504421243e-05 3.9135174752e-07
7.3143176396e-04 3.5769507806e-06
5.1124843242e-04 -1.6288172106e-06
7.5817135187e-04 7.8044330101e-06
7.4233300654e-04 -4.8119183047e-06
5.4378896733e-04 8.5234289675e-06
7.3670063875e-04 -7.6807364661e-06
8.6473513332e-05 2.8575741855e-06
4.8717374587e-04 -6.5369329320e-06
4.4357304545e-04 4.6098542760e-06
1.3163127516e-05 3.9699202284e-07
7.2570759374e-04 9.4532756101e-06
4.9799487341e-04 -4.1234550955e-06
7.6309951345e-04 1.4230403489e-05
7.4032941907e-04 -9.5822199750e-06
5.6133419500e-04 1.3631878654e-05
7.4342485069e-04 -1.5560484318e-05
1.1258666903e-04 4.4557306156e-06
5.0264576609e-04 -1.4061674860e-05
4.2733263690e-04 8.7893043602e-06
1.2374703635e-05 -3.5865092842e-07
7.1992840285e-04 1.5382936394e-05
4.7671571191e-04 -8.3754497925e-06
7.6703655611e-04 1.8568874474e-05
7.2857787630e-04 -1.5375939978e-05
5.7147675649e-04 1.5782164053e-05
7.4043639496e-04 -1.9049046638e-05
1.3270685072e-04 4.7311372955e-06
5.0973456044e-04 -1.5033346752e-05
4.1265808033e-04 5.7377739182e-06
3.9974510770e-05 -1.3165798965e-06
7.1717067131e-04 1.5333607858e-05
4.5727330018e-04 -1.0471956605e-05
7.7490330755e-04 2.5417370045e-05
7.1411935818e-04 -1.9542202809e-05
5.9080114208e-04 2.2963899274e-05
7.3937025201e-04 -2.7062342055e-05
1.5594941488e-04 8.0748785380e-06
5.2446025996e-04 -2.4220688872e-05
3.9467433071e-04 1.4096617550e-05
6.3863562961e-05 -3.6097209886e-06
7.1036158196e-04 2.6028936713e-05
4.4796320027e-04 -1.4010692876e-05
7.7771465498e-04 3.1791526570e-05
7.1034500006e-04 -2.4549665627e-05
6.0458025583e-04 2.8010823342e-05
7.3381610512e-04 -2.8577057633e-05
1.7868423679e-04 1.0461057323e-05
5.2612336539e-04 -2.2005736374e-05
8.3903685450e-05 -3.3400049939e-06
3.7609519675e-04 1.6356109462e-05
4.2857258773e-04 -1.2813952100e-05
7.0279024883e-04 3.1049666786e-05
7.0001152827e-04 -2.6358004385e-05
7.8045786985e-04 3.8064089361e-05
7.3400866166e-04 -3.4985098442e-05
6.1523577735e-04 3.3330756534e-05
5.3745363511e-04 -2.8793940128e-05
2.0068161931e-04 1.3094348607e-05
1.0685719029e-04 -6.3906419394e-06
3.5653622440e-04 1.8327064617e-05
4.1542275472e-04 -2.0227816406e-05
6.9260894413e-04 3.6028667505e-05
6.9261446729e-04 -3.5154517036e-05
7.8227244704e-04 4.4716236540e-05
7.2659078999e-04 -3.9307207333e-05
6.2855309541e-04 3.9866524399e-05
5.3869316629e-04 -3.1209061045e-05
2.2339063378e-04 1.6761739272e-05
1.2632064153e-04 -7.9434223228e-06
3.3905105495e-04 2.1279209284e-05
3.8961205631e-04 -2.0429335989e-05
6.8442855298e-04 4.1959073043e-05
6.7484369108e-04 -3.7756097474e-05
7.7981936833e-04 5.0304978037e-05
7.2731460998e-04 -4.4779591453e-05
6.3531754544e-04 4.5016084369e-05
5.5370040263e-04 -3.6799351676e-05
2.4417997437e-04 2.0039724276e-05
1.4781070776e-04 -1.0764525532e-05
3.2151577317e-04 2.1199162455e-05
3.6941717598e-04 -2.2962191579e-05
6.7532147617e-04 4.4299915962e-05
6.6167070908e-04 -4.2668979269e-05
7.7938159977e-04 5.5914194919e-05
7.2153085687e-04 -4.9739357199e-05
6.4464839757e-04 4.9929864694e-05
5.5906429748e-04 -4.1177687625e-05
2.6242925683e-04 2.2740724171e-05
1.6775854172e-04 -1.3313400429e-05
3.0045354116e-04 2.1416366086e-05
3.4464903939e-04 -2.3842648591e-05
6.6652268496e-04 4.7975441766e-05
6.4304305186e-04 -4.5867573976e-05
7.8150190179e-04 6.2219181216e-05
7.1998390898e-04 -5.4006504483e-05
6.5569815345e-04 5.6066604903e-05
5.7278116113e-04 -4.4609387466e-05
2.8307749587e-04 2.6984929958e-05
1.8901551189e-04 -1.5529014438e-05
2.8046711365e-04 2.4777780003e-05
3.2504948312e-04 -2.5066829922e-05
6.5531040980e-04 5.5642665710e-05
6.3076078571e-04 -4.9802592683e-05
7.7757965066e-04 6.8882379613e-05
7.1441488111e-04 -5.9284184844e-05
6.6267185740e-04 6.3229246219e-05
5.7527284405e-04 -5.1288691238e-05
3.0277985291e-04 3.2119447301e-05
2.0586151980e-04 -1.9981942764e-05
2.6066703561e-04 2.5809792976e-05
3.0487824869e-04 -2.5608826118e-05
6.4369815715e-04 6.0143023688e-05
6.1640994899e-04 -5.2653140139e-05
7.7532179596e-04 7.4698271991e-05
7.0906774764e-04 -6.4153085526e-05
5.8314168072e-04 -5.6054059243e-05
6.6979079485e-04 6.7229399007e-05
2.2481616600e-04 -2.3249809600e-05
3.2090981642e-04 3.4918883540e-05
2.8641783654e-04 -2.6716530133e-05
2.3988978962e-04 2.5759140966e-05
6.0415379891e-04 -5.6541292159e-05
6.3263272026e-04 6.4037039914e-05
7.0072479935e-04 -6.8230688582e-05
7.7375277038e-04 8.1108976502e-05
5.7618505723e-04 -5.9248915977e-05
6.7793296323e-04 7.6672348879e-05
2.3497977720e-04 -2.5867329237e-05
3.3899787041e-04 4.2412554678e-05
2.6893652525e-04 -2.6849140785e-05
2.1603310965e-04 2.6114271889e-05
5.9306569915e-04 -5.9263638916e-05
6.1654822412e-04 6.7929530421e-05
6.9326865665e-04 -7.2283094840e-05
7.6829703581e-04 8.7244499585e-05
5.8155946649e-04 -6.3877867090e-05
6.8383345036e-04 8.2369690590e-05
2.5216178924e-04 -2.9502980371e-05
3.5667379654e-04 4.6765532701e-05
2.4935841354e-04 -2.7164957310e-05
1.9313750086e-04 2.5579435363e-05
5.7857804899e-04 -6.2435302342e-05
6.0021813794e-04 7.1296371796e-05
6.8401601944e-04 -7.6405100255e-05
7.6224161786e-04 9.2497071153e-05
5.7919266490e-04 -6.7735092055e-05
6.8939131887e-04 8.7612988410e-05
2.6435528873e-04 -3.2808081721e-05
3.7275148733e-04 5.0914067174e-05
2.2908555186e-04 -2.6767839791e-05
1.6844806214e-04 2.4194620005e-05
5.6306665032e-04 -6.4664838351e-05
5.8433965670e-04 7.4198758593e-05
6.7726267962e-04 -8.0217211555e-05
7.5746813286e-04 9.7884895875e-05
5.8130820165e-04 -7.1783172988e-05
2.7706690998e-04 -3.6157894868e-05
6.9404151590e-04 9.3439520185e-05
2.0697440696e-04 -2.6102284391e-05
3.8842205033e-04 5.5686145838e-05
5.4633072392e-04 -6.7003354378e-05
1.4556450232e-04 2.2712363330e-05
6.6721518982e-04 -8.3736588721e-05
5.6857620141e-04 7.7212900782e-05
5.8395316914e-04 -7.6095112627e-05
7.5266358079e-04 1.0342752454e-04
2.9262407656e-04 -4.0143560077e-05
6.9839280692e-04 9.9488828163e-05
1.8429033796e-04 -2.4699221790e-05
4.0224843337e-04 6.0701140361e-05
5.2456371845e-04 -6.7735612692e-05
1.2146684490e-04 2.0861716127e-05
6.5838378203e-04 -8.7116176129e-05
5.5375013639e-04 8.0054301471e-05
5.8841924066e-04 -8.1196857265e-05
7.4448118302e-04 1.0847181274e-04
3.0756169488e-04 -4.4777297331e-05
6.9780218670e-04 1.0523865750e-04
1.6478479495e-04 -2.3717032367e-05
4.1422067365e-04 6.6149999058e-05
5.1093280775e-04 -6.9658630219e-05
9.9474084503e-05 1.9172828086e-05
6.4912837312e-04 -9.0513197229e-05
5.3905102698e-04 8.2655498166e-05
5.8652214297e-04 -8.5190958497e-05
7.3638279666e-04 1.1374063563e-04
3.1718294553e-04 -4.8526950664e-05
6.9876524934e-04 1.1220752884e-04
1.4270855743e-04 -2.1976500441e-05
4.9296043359e-04 -7.0597799341e-05
4.2643186225e-04 7.2709411903e-05
6.3902736083e-04 -9.3427024158e-05
7.4003568989e-05 1.6809754889e-05
5.8126648246e-04 -9.0084642802e-05
5.1961353566e-04 8.4728074899e-05
3.2418777111e-04 -5.3124652768e-05
7.2579332986e-04 1.1798561622e-04
1.2147962036e-04 -1.9791333616e-05
6.9639819407e-04 1.1589039836e-04
4.6991563335e-04 -7.1549267065e-05
4.3578798600e-04 7.6013217680e-05
6.2407159017e-04 -9.5957048278e-05
5.2047559780e-05 1.3130427272e-05
5.8473782972e-04 -9.5094227985e-05
5.0761184449e-04 8.2487374258e-05
3.4159584392e-04 -5.9296974513e-05
7.1749777910e-04 1.2082182338e-04
1.0383159229e-04 -1.8686187051e-05
6.9886497425e-04 1.2569897506e-04
4.5377076430e-04 -7.1645812215e-05
4.5214552538e-04 8.6507782575e-05
6.1526299898e-04 -9.9321202789e-05
2.7975351597e-05 1.0362326102e-05
5.7621302782e-04 -1.0057307555e-04
4.8217403679e-04 8.6790112642e-05
3.4193757079e-04 -6.4520745501e-05
8.4381823740e-05 -1.6911397632e-05
7.0372218243e-04 1.2639777605e-04
4.3862176595e-04 -7.3249694529e-05
6.9529972385e-04 1.2859988413e-04
6.0313234987e-04 -1.0105737406e-04
4.5913057736e-04 8.9157932425e-05
5.7587001928e-04 -9.8036352055e-05
6.7927867330e-06 7.3785691494e-06
3.5371252684e-04 -6.1990500677e-05
4.6772695922e-04 8.8551853816e-05
6.4478255361e-05 -1.3463013627e-05
6.9312804480e-04 1.3046665192e-04
4.2035539067e-04 -7.2629482073e-05
6.9033133622e-04 1.3280886021e-04
5.8876964797e-04 -1.0225124163e-04
4.6576990600e-04 9.3165427819e-05
5.7270503662e-04 -1.0222109367e-04
1.7228937951e-05 9.2186412561e-06
3.6355804656e-04 -6.7611684876e-05
4.4965998847e-04 8.7858783949e-05
4.5561919241e-05 -1.1313259260e-05
6.8244930111e-04 1.3351110514e-04
4.0464310525e-04 -7.2746016997e-05
6.8991877641e-04 1.3896779015e-04
5.7876977586e-04 -1.0463294737e-04
5.6903392150e-04 -1.0661439208e-04
4.7639909670e-04 9.9877310330e-05
3.6917861506e-04 -7.2584447203e-05
3.6626447399e-05 1.3541426707e-05
2.5704874390e-05 -8.6835088586e-06
4.2720281070e-04 8.8897771402e-05
3.8788288483e-04 -7.2540381125e-05
6.6860258919e-04 1.3770301856e-04
5.6614527551e-04 -1.0622839357e-04
6.8660172548e-04 1.4458694996e-04
5.6580344744e-04 -1.0956181401e-04
4.8478984275e-04 1.0650842267e-04
3.7810360159e-04 -7.6329249985e-05
5.8700143506e-05 1.9171952325e-05
7.0815770528e-06 -5.4548202865e-06
4.0689698723e-04 8.8755642280e-05
3.6966735419e-04 -7.2222147304e-05
6.5453131587e-04 1.4083679113e-04
5.5263594014e-04 -1.0769623715e-04
6.8154696187e-04 1.5016852591e-04
5.5679555092e-04 -1.1121740608e-04
4.9030661664e-04 1.1280118608e-04
3.7796577651e-04 -7.8346947630e-05
1.6346725627e-05 -7.2115701623e-06
7.7770217320e-05 2.3975376556e-05
3.5291554103e-04 -7.1464262788e-05
3.8516547410e-04 8.8038513132e-05
5.3881962082e-04 -1.0826025903e-04
6.3905390695e-04 1.4302038536e-04
5.5145966759e-04 -1.1215147220e-04
6.7444065452e-04 1.5213479716e-04
3.8499769241e-04 -8.0301500863e-05
4.9357155830e-04 1.1412981287e-04
3.4030792317e-05 -1.0702701851e-05
9.8398896223e-05 2.7776188668e-05
3.3675640659e-04 -7.0538844519e-05
3.6927367560e-04 8.7245908552e-05
5.2609887909e-04 -1.0947689241e-04
6.2679773622e-04 1.4555252933e-04
5.4331013930e-04 -1.1574168488e-04
6.6735756843e-04 1.5746600644e-04
3.8682780731e-04 -8.5978300774e-05
4.9931763840e-04 1.2250895607e-04
5.1423024423e-05 -1.6289401033e-05
3.1468010184e-04 -6.8769798032e-05
1.1556044239e-04 3.4336439505e-05
5.0740295498e-04 -1.0979795680e-04
3.4466891981e-04 8.5474911358e-05
5.3359047349e-04 -1.2102535229e-04
6.0791032620e-04 1.4699718460e-04
3.8728296850e-04 -9.4463451013e-05
6.5835970100e-04 1.6109956855e-04
6.8052869153e-05 -2.2052134888e-05
5.0061262911e-04 1.2628610388e-04
3.0024578175e-04 -6.9350803798e-05
1.3354954351e-04 3.9094377199e-05
4.9568659696e-04 -1.1106629546e-04
3.2500466750e-04 8.3438923702e-05
5.2822075305e-04 -1.1837643500e-04
5.9167093768e-04 1.4809018159e-04
3.9112422016e-04 -8.9311202874e-05
6.4940648973e-04 1.6476131099e-04
8.0819962364e-05 -2.2000995122e-05
2.8336163791e-04 -6.6061026825e-05
5.0332984360e-04 1.3205750762e-04
4.8251376861e-04 -1.1049979430e-04
1.4969048499e-04 4.4598507530e-05
5.1801332190e-04 -1.2048877845e-04
3.0535562222e-04 8.0797486529e-05
3.8856542871e-04 -9.4072087341e-05
5.7589152446e-04 1.4874727824e-04
9.3743601501e-05 -2.7456431416e-05
6.3845753339e-04 1.6895519223e-04
2.6699132998e-04 -6.5076999268e-05
5.0456355770e-04 1.4143856804e-04
4.6767253878e-04 -1.1091169929e-04
1.6561271153e-04 5.2812051442e-05
5.0718609307e-04 -1.2221417784e-04
2.8032479159e-04 7.8037515317e-05
3.8769122942e-04 -9.7119714732e-05
5.5315666759e-04 1.4858263786e-04
1.0686273167e-04 -3.1487400050e-05
2.5012410425e-04 -6.3109200973e-05
6.2746418745e-04 1.7069146558e-04
4.5238665108e-04 -1.1028475985e-04
5.0197309924e-04 1.4138647232e-04
4.9762689140e-04 -1.2208586933e-04
1.7846063022e-04 5.5643258320e-05
3.8796135047e-04 -9.7413341438e-05
2.6236017556e-04 7.5390750131e-05
1.1799099166e-04 -3.3673741106e-05
5.3821221513e-04 1.4917644640e-04
2.3130642606e-04 -6.0099582776e-05
6.1571280862e-04 1.7279027667e-04
4.3603581028e-04 -1.0937718794e-04
5.0338054752e-04 1.4643366660e-04
4.8749150560e-04 -1.2327338003e-04
1.9225082720e-04 6.1959028866e-05
3.8569733784e-04 -1.0086994547e-04
1.2923892873e-04 -3.8628811368e-05
2.4090874498e-04 7.3763582847e-05
2.1351360741e-04 -5.8239985005e-05
5.1975658924e-04 1.5079061679e-04
4.1747416126e-04 -1.0853607645e-04
6.0368202059e-04 1.7540313877e-04
4.7394207924e-04 -1.2416696369e-04
4.9585299753e-04 1.4816580943e-04
3.8413441288e-04 -1.0464709986e-04
2.0107596481e-04 6.5866781345e-05
1.4034835032e-04 -4.3409980058e-05
2.2154475849e-04 7.0356276605e-05
1.9634943705e-04 -5.5915149322e-05
5.0147295184e-04 1.4993650711e-04
4.0128171516e-04 -1.0738668851e-04
5.8882554498e-04 1.7664117569e-04
4.6488784155e-04 -1.2415771906e-04
3.8338073268e-04 -1.0466160864e-04
4.9462578140e-04 1.5313970935e-04
1.4961943153e-04 -4.5479000712e-05
2.1326691557e-04 7.2048717327e-05
1.7993536454e-04 -5.2991816448e-05
1.9979167534e-04 6.6613543999e-05
3.8505345879e-04 -1.0594906162e-04
4.8010482748e-04 1.4876154698e-04
4.5016931335e-04 -1.2369758457e-04
5.7460154915e-04 1.7805677407e-04
3.7546383211e-04 -1.0681304380e-04
4.8816272123e-04 1.5525668804e-04
1.5581639330e-04 -4.9716568755e-05
2.2043932078e-04 7.5904022573e-05
1.6429760011e-04 -5.0927917319e-05
3.6948356769e-04 -1.0505756219e-04
1.7831027927e-04 6.2019370391e-05
4.3853863588e-04 -1.2434759540e-04
4.5931646578e-04 1.4673407965e-04
3.7089820975e-04 -1.0936553413e-04
5.5864136283e-04 1.7817232609e-04
1.6240499438e-04 -5.3467062668e-05
4.8149162626e-04 1.5777910467e-04
1.4791146522e-04 -4.8117851256e-05
2.2786891575e-04 8.0207017696e-05
3.5220594755e-04 -1.0302908499e-04
1.6013025078e-04 5.6835726929e-05
4.2428048608e-04 -1.2260321006e-04
4.4152404299e-04 1.4371003565e-04
3.6717003358e-04 -1.0767133451e-04
1.6990756266e-04 -5.4352781328e-05
5.4002259074e-04 1.7730718390e-04
1.3240927605e-04 -4.4480041601e-05
4.7186471534e-04 1.6360503992e-04
3.3505565782e-04 -1.0060963932e-04
2.3383321451e-04 8.8321603554e-05
4.0865578557e-04 -1.2132257824e-04
1.3664896612e-04 5.2089089194e-05
3.5697424968e-04 -1.0912277560e-04
4.1268192471e-04 1.3979440904e-04
1.7223334187e-04 -5.8133900169e-05
5.2242410116e-04 1.7665966531e-04
1.1518135481e-04 -4.1581304439e-05
4.6535701571e-04 1.6090700838e-04
3.1491871796e-04 -9.8007590344e-05
3.9286661962e-04 -1.2068418187e-04
2.3961434081e-04 8.8570200882e-05
3.4889740534e-04 -1.1072433820e-04
1.1937807034e-04 4.8922735025e-05
1.7597261566e-04 -6.2291502701e-05
3.9574914967e-04 1.4013012582e-04
1.0118472974e-04 -4.0776198355e-05
4.9999250417e-04 1.7552976476e-04
2.9831781698e-04 -9.8235620357e-05
4.4741409297e-04 1.6100913698e-04
3.7623157664e-04 -1.2116683864e-04
2.3893863139e-04 9.2477651847e-05
3.3745795217e-04 -1.1363046944e-04
1.0014626037e-04 4.4865809529e-05
1.7647315661e-04 -6.7350113657e-05
8.5632850845e-05 -3.8835160546e-05
3.6992716233e-04 1.3595072442e-04
2.7846995279e-04 -9.5385712973e-05
4.7785446444e-04 1.7381109046e-04
3.5898922590e-04 -1.1917035651e-04
4.3479144357e-04 1.6252526519e-04
3.2642102111e-04 -1.1158122989e-04
2.4030941075e-04 9.7119524006e-05
1.7667898941e-04 -6.7520458781e-05
8.0820641929e-05 4.1200018049e-05
7.2413786324e-05 -3.5092272013e-05
3.4443634955e-04 1.3295303770e-04
2.6254375860e-04 -9.1725507040e-05
3.4290754343e-04 -1.1629060771e-04
4.5280725984e-04 1.7154999511e-04
3.1653588630e-04 -1.1063624313e-04
4.1476208424e-04 1.6172721880e-04
1.7721927694e-04 -6.8985749194e-05
2.3550620206e-04 9.9637553235e-05
5.8498079542e-05 -3.1535493241e-05
6.2035359380e-05 3.6333718617e-05
2.4377927909e-04 -8.8014882399e-05
3.1395716734e-04 1.2620108932e-04
3.2298527218e-04 -1.1268349161e-04
4.2217029735e-04 1.6470636273e-04
2.9966020270e-04 -1.0741595213e-04
1.7203409682e-04 -6.8986630407e-05
3.9421370938e-04 1.5492201563e-04
4.5619037404e-05 -2.9682404235e-05
2.3067043514e-04 9.6848385482e-05
2.2498617520e-04 -8.6190044518e-05
4.4281602671e-05 3.0815953899e-05
3.0153542519e-04 -1.1031028948e-04
2.8745459490e-04 1.2109922364e-04
2.8246098025e-04 -1.0692784035e-04
3.9058475655e-04 1.5952174152e-04
1.6646813578e-04 -7.1629008403e-05
3.6521617653e-04 1.5379370273e-04
3.1835932375e-05 -2.8072480301e-05
2.0179782092e-04 -8.2545016192e-05
2.1730961630e-04 1.0140561564e-04
2.7663404256e-04 -1.0577651307e-04
2.6633413917e-05 2.9521479902e-05
2.6026396402e-04 -1.0217885517e-04
2.5867872380e-04 1.1636752569e-04
1.5576415282e-04 -6.9115403519e-05
3.5192583734e-04 1.5480434434e-04
1.8770613610e-05 -2.2715841484e-05
3.2588809179e-04 1.6227919963e-04
1.7415198720e-04 -7.2029820907e-05
1.9593441310e-04 1.1859623541e-04
2.4605890999e-04 -9.5372476812e-05
2.3862348060e-04 -9.3643107940e-05
6.7724579916e-06 3.2047085705e-05
1.4740039413e-04 -6.5585290950e-05
1.9888188255e-04 1.0920142328e-04
9.0080570862e-06 -2.4889459857e-05
2.8617306079e-04 1.3580125764e-04
1.6483793743e-04 -8.2748712447e-05
2.5656601081e-04 1.0865857107e-04
2.1552971451e-04 -9.8898834699e-05
1.4408989649e-04 6.7967201886e-05
1.9143357116e-04 -8.0784507434e-05
1.1613902564e-04 -6.5435957532e-05
2.6610584969e-06 4.3206448430e-05
1.9777958073e-06 -7.3163242551e-05
2.6611930410e-04 1.5633421306e-04
2.0443065125e-04 -2.1778328777e-04
2.7819342049e-04 1.4554500096e-04
2.0420946360e-04 -1.7291245036e-04
4.0356025824e-05 4.2544709125e-05
-5.3575986146e-05 -3.0623380984e-05
-9.6110532888e-05 -1.4064282942e-05
-1.8976181273e-04 1.8653841606e-05
-2.7907584808e-05 -7.4617991940e-06
-3.5442242821e-05 -3.1372081635e-06
