2.9913840433e-06 3.3621459258e-06
3.1147015117e-01 -6.3344442288e-04
6.1590010639e-01 -2.5004795371e-03
9.1323209102e-01 -5.5523145720e-03
1.2034528490e+00 -9.7346251959e-03
1.4865278008e+00 -1.4992700555e-02
1.7624222116e+00 -2.1279677680e-02
2.0311367613e+00 -2.8543478674e-02
2.2926327815e+00 -3.6738743942e-02
2.5469400235e+00 -4.5810567360e-02
2.7940244481e+00 -5.5718719834e-02
3.0339006975e+00 -6.6407746789e-02
3.2665605510e+00 -7.7835491674e-02
3.4920303012e+00 -8.9951301843e-02
3.7102895425e+00 -1.0271577228e-01
3.9213784746e+00 -1.1607987000e-01
4.1252833627e+00 -1.3000696230e-01
4.3220374490e+00 -1.4444363471e-01
4.5116525112e+00 -1.5935600373e-01
4.6941415391e+00 -1.7469885517e-01
4.8695338141e+00 -1.9043306905e-01
5.0378440911e+00 -2.0651919627e-01
5.1991204740e+00 -2.2291744916e-01
5.3533564311e+00 -2.3959083242e-01
5.5006044517e+00 -2.5649772253e-01
5.6408461148e+00 -2.7360486362e-01
5.7741508921e+00 -2.9086815533e-01
5.9005134733e+00 -3.0826283853e-01
6.0199765258e+00 -3.2574971923e-01
6.1325675696e+00 -3.4330113546e-01
6.2382963578e+00 -3.6087457621e-01
6.3372153523e+00 -3.7844108839e-01
6.4293455778e+00 -3.9596703311e-01
6.5147225457e+00 -4.1341797062e-01
6.5933635325e+00 -4.3076428147e-01
6.6653006996e+00 -4.4797616003e-01
6.7305611933e+00 -4.6501682400e-01
6.7891713353e+00 -4.8186213623e-01
6.8411640291e+00 -4.9847354641e-01
6.8865737582e+00 -5.1483140018e-01
6.9254183194e+00 -5.3089763965e-01
6.9577467446e+00 -5.4664723509e-01
6.9835673644e+00 -5.6204542286e-01
7.0029032688e+00 -5.7706230388e-01
7.0158115890e+00 -5.9167726864e-01
7.0223077055e+00 -6.0585292913e-01
7.0224237599e+00 -6.1956405596e-01
7.0161978779e+00 -6.3277628954e-01
7.0036466829e+00 -6.4546166800e-01
6.9848056477e+00 -6.5759736292e-01
6.9597199287e+00 -6.6914944634e-01
6.9284134707e+00 -6.8008844326e-01
6.8909245204e+00 -6.9037941703e-01
6.8472936175e+00 -7.0000169370e-01
6.7975474188e+00 -7.0891661322e-01
6.7417238160e+00 -7.1709957591e-01
6.6798715280e+00 -7.2452225871e-01
6.6120180584e+00 -7.3114818483e-01
6.5382576686e+00 -7.3695512489e-01
6.4585575695e+00 -7.4190398565e-01
6.3730296211e+00 -7.4595850410e-01
6.2816975535e+00 -7.4909571460e-01
6.1846105206e+00 -7.5128496861e-01
6.0818447341e+00 -7.5249612662e-01
5.9734402089e+00 -7.5269587324e-01
5.8594856863e+00 -7.5184455378e-01
5.7400187558e+00 -7.4991926015e-01
5.6151438467e+00 -7.4688499424e-01
5.4849277453e+00 -7.4270653321e-01
5.3494469698e+00 -7.3735915868e-01
5.2088128971e+00 -7.3080169732e-01
5.0630948009e+00 -7.2301323863e-01
4.9124238184e+00 -7.1395547670e-01
4.7569209964e+00 -7.0360180302e-01
4.5966794360e+00 -6.9191878525e-01
4.4318535816e+00 -6.7888718805e-01
4.2625834776e+00 -6.6447609908e-01
4.0890293341e+00 -6.4865440620e-01
3.9113927447e+00 -6.3140986734e-01
3.7298304525e+00 -6.1271143973e-01
3.5445857688e+00 -5.9254129847e-01
3.3558613267e+00 -5.7090017241e-01
3.1639196847e+00 -5.4776674660e-01
2.9690579044e+00 -5.2313686279e-01
2.7715815123e+00 -4.9702527539e-01
2.5718145412e+00 -4.6942955735e-01
2.3702176148e+00 -4.4037483832e-01
2.1671836602e+00 -4.0989128805e-01
1.9632166141e+00 -3.7802734648e-01
1.7589439460e+00 -3.4484468368e-01
1.5550521120e+00 -3.1044518065e-01
1.3522816682e+00 -2.7493380760e-01
1.1516108354e+00 -2.3847850856e-01
9.5432169693e-01 -2.0131506377e-01
7.6176961307e-01 -1.6372317503e-01
5.7589912698e-01 -1.2613412788e-01
3.9963720648e-01 -8.9114516689e-02
2.3696014776e-01 -5.3981929219e-02
9.5624038674e-02 -2.1388452889e-02
-7.9815227633e-05 1.2531520857e-05
