-2.5033096299e-06 -4.5411536825e-09
3.3788755283e-01 -4.6419217853e-07
6.6864719973e-01 -5.0555014630e-07
9.9228370670e-01 1.0169078757e-07
1.3088179615e+00 7.0994110539e-08
1.6182553173e+00 -3.5119296884e-07
1.9206152623e+00 -5.8495180867e-07
2.2159044158e+00 -3.1909794864e-07
2.5041357253e+00 8.6040863241e-08
2.7853167412e+00 -9.8434406734e-08
3.0594660937e+00 -5.7151127749e-07
3.3266002945e+00 -8.1318044870e-07
3.5867095553e+00 -6.9058111924e-07
3.8398287722e+00 -3.4091655460e-07
4.0859571028e+00 2.6498655669e-07
4.3251038529e+00 1.0217092738e-06
4.5572892810e+00 7.6134692664e-07
4.7825101516e+00 -6.7470122354e-07
5.0007971041e+00 -2.1215643642e-06
5.2121435771e+00 -2.1321349000e-06
5.4165603154e+00 -9.5947092689e-07
5.6140787056e+00 -2.0497489125e-07
5.8046795194e+00 -3.6110361544e-07
5.9883897257e+00 -9.3127009616e-07
6.1652091928e+00 -2.3405796073e-07
6.3351440717e+00 1.4894117061e-06
6.4982094853e+00 3.5783050089e-06
6.6544209240e+00 5.0125904463e-06
6.8037799779e+00 5.7824539739e-06
6.9463002997e+00 5.2758055333e-06
7.0819653048e+00 3.1338590293e-06
7.2108223942e+00 3.1475242332e-06
7.3328484708e+00 2.8158178246e-06
7.4480497062e+00 2.0142184758e-06
7.5564449880e+00 9.6193911852e-07
7.6580533039e+00 1.8532830533e-07
7.7528348889e+00 -3.5432814523e-07
7.8408342411e+00 -1.3623618173e-06
7.9220612514e+00 -3.0172464029e-06
7.9964936815e+00 -3.9962048325e-06
8.0641497845e+00 -3.2458916344e-06
8.1250224824e+00 -2.0182955513e-06
8.1791297855e+00 -2.4967826103e-06
8.2264615272e+00 -5.2796724179e-06
8.2670356423e+00 -6.2509280243e-06
8.3008239388e+00 -5.1507508607e-06
8.3278486376e+00 -3.5877609671e-06
8.3481315768e+00 -3.5372561422e-06
8.3616656812e+00 -4.9448634353e-06
8.3684252871e+00 -6.1756288939e-06
8.3684229023e+00 -5.9958707905e-06
8.3616745943e+00 -5.3459468849e-06
8.3481540683e+00 -5.5047287904e-06
8.3278738508e+00 -4.9050448124e-06
8.3008447290e+00 -4.9290352729e-06
8.2670366153e+00 -4.4118125829e-06
8.2264769218e+00 -3.5086197906e-06
8.1791443030e+00 -3.8507915693e-06
8.1250264578e+00 -4.5106481647e-06
8.0641525791e+00 -4.8146085174e-06
7.9965097990e+00 -4.6522034914e-06
7.9220919174e+00 -3.6936528020e-06
7.8408791397e+00 -3.5285558631e-06
7.7528622001e+00 -4.3401128604e-06
7.6580756432e+00 -4.6777262769e-06
7.5564783967e+00 -4.1874268117e-06
7.4480732325e+00 -2.7932015999e-06
7.3328627204e+00 -2.0679644987e-06
7.2108343219e+00 -2.3357922149e-06
7.0820007288e+00 -3.1154036109e-06
6.9463203763e+00 -2.9020386576e-06
6.8038001973e+00 -1.4518520410e-06
6.6544571692e+00 -6.5244506186e-07
6.4982341703e+00 -3.9727186683e-07
6.3351496699e+00 -7.2836283568e-07
6.1652089095e+00 -1.0559997444e-06
5.9884021388e+00 -8.4730038258e-07
5.8046863944e+00 -1.1000407838e-06
5.6140846846e+00 -1.3679660209e-06
5.4165755264e+00 -1.1895306192e-06
5.2121473350e+00 -6.6060833317e-07
5.0008129137e+00 3.8695567787e-07
4.7825309131e+00 1.1496888786e-06
4.5572978238e+00 9.1230122689e-07
4.3251169376e+00 -1.8353564416e-07
4.0859656191e+00 -5.8659330509e-07
3.8398269254e+00 -8.0119760966e-08
3.5867152144e+00 3.5071784614e-07
3.3265964072e+00 4.8431703808e-07
3.0594689963e+00 1.3525595551e-07
2.7853176429e+00 -1.7151894721e-07
2.5041333755e+00 -4.4897038525e-07
2.2159049695e+00 -5.2099427042e-07
1.9206140080e+00 -3.5222578641e-07
1.6182600193e+00 1.1200032168e-07
1.3088192827e+00 4.5736710782e-07
9.9228132123e-01 2.7274546431e-07
6.6864598767e-01 -1.5959115474e-07
3.3788617245e-01 -2.9349225811e-07
-2.7696181047e-06 -2.9469398622e-10
