2.7852512811e+02
2.7914051820e+02
2.7790952815e+02
2.7975211936e+02
2.7729727262e+02
2.8036368088e+02
2.7668889827e+02
2.8098068454e+02
2.7608046891e+02
2.8160320366e+02
2.7546405369e+02
2.8222558111e+02
2.7484676241e+02
2.8283655439e+02
2.7423493926e+02
2.8344754802e+02
2.7363104316e+02
2.8406044219e+02
2.7302705237e+02
2.8467582652e+02
2.7241054912e+02
2.8529131408e+02
2.7179201599e+02
2.8590928029e+02
2.7117983244e+02
2.8652733667e+02
2.7057841781e+02
2.8714023842e+02
2.6997686539e+02
2.8774781493e+02
2.6936984128e+02
2.8835552903e+02
2.6876157728e+02
2.8897640179e+02
2.6815253463e+02
2.8959813171e+02
2.6753968824e+02
2.9021651582e+02
2.6692661558e+02
2.9083168300e+02
2.6632983062e+02
2.9144703516e+02
2.6573764834e+02
2.9205982757e+02
2.6514287161e+02
2.9267241917e+02
2.6453940989e+02
2.9328497601e+02
2.6393573813e+02
2.9389832049e+02
2.6333557788e+02
2.9451186849e+02
2.6273658888e+02
2.9512440459e+02
2.6213927543e+02
2.9573687157e+02
2.6154675673e+02
2.9634884459e+02
2.9696083100e+02
2.6095398509e+02
2.9757305188e+02
2.6036175475e+02
2.9818374676e+02
2.5976970728e+02
2.9879423077e+02
2.5917710951e+02
2.9940247606e+02
2.5857910211e+02
3.0000613899e+02
2.5798076557e+02
3.0061005850e+02
2.5739631669e+02
3.0121965932e+02
2.5681907708e+02
3.0183100405e+02
2.5624146201e+02
3.0244049417e+02
2.5566038380e+02
3.0304564857e+02
2.5507900732e+02
3.0365109355e+02
2.5449427715e+02
3.0425526381e+02
2.5390742467e+02
3.0485912917e+02
2.5332189200e+02
3.0546059109e+02
2.5274514312e+02
3.0605348248e+02
2.5216803487e+02
3.0664666835e+02
2.5159344095e+02
3.0725065482e+02
2.5102066220e+02
3.0785946883e+02
2.5044809868e+02
3.0846478792e+02
2.4987874592e+02
3.0905435847e+02
2.4930901798e+02
3.0964426012e+02
2.4874257290e+02
3.1023897208e+02
2.4817896667e+02
3.1083631695e+02
2.4761530776e+02
3.1143338053e+02
2.4704964255e+02
3.1202947633e+02
2.4648355999e+02
3.1262594967e+02
2.4592507490e+02
3.1321085830e+02
2.4537441491e+02
3.1378863188e+02
2.4482342284e+02
3.1436827513e+02
2.4426184864e+02
3.1496702661e+02
2.4369909444e+02
3.1556618038e+02
2.4314559684e+02
3.1615208445e+02
2.4260336741e+02
3.1672828644e+02
2.4206075882e+02
3.1730486484e+02
2.4151403159e+02
3.1788625048e+02
2.4096616038e+02
3.1846804826e+02
2.4042008286e+02
3.1904718891e+02
2.3987681317e+02
3.1962403215e+02
2.3933314047e+02
3.2020092910e+02
3.2077601086e+02
2.3880252272e+02
3.2135152617e+02
2.3827272340e+02
3.2192423235e+02
2.3774085225e+02
3.2249402697e+02
2.3720586517e+02
3.2306420609e+02
2.3667042930e+02
3.2363082116e+02
2.3614609644e+02
3.2419800283e+02
2.3562297972e+02
3.2476300195e+02
2.3509919821e+02
3.2532524682e+02
2.3457464343e+02
3.2588788011e+02
2.3404962788e+02
3.2645273749e+02
2.3353650681e+02
3.2701849070e+02
2.3302539428e+02
3.2757756572e+02
2.3251320745e+02
3.2812695838e+02
2.3199923558e+02
3.2867677043e+02
2.3148479695e+02
3.2923492904e+02
2.3097932918e+02
3.2979481522e+02
2.3047568492e+02
3.3034923595e+02
2.2997184572e+02
3.3089411741e+02
2.2946859191e+02
3.3143943609e+02
2.2896486098e+02
3.3198369633e+02
2.2847210265e+02
3.3252839286e+02
2.2798253159e+02
3.3307203015e+02
2.2749102817e+02
3.3361301737e+02
3.3415443509e+02
2.2699397586e+02
3.3469393863e+02
2.2649644236e+02
3.3523371713e+02
2.2600660789e+02
3.3577132323e+02
2.2551912350e+02
3.3630293287e+02
2.2503337366e+02
3.3683500037e+02
2.2455845822e+02
3.3736504746e+02
2.2408300190e+02
3.3789511525e+02
2.2360807224e+02
3.3842416707e+02
2.2313271520e+02
3.3894917250e+02
2.2265778278e+02
3.3947464596e+02
2.2218919293e+02
3.3999490169e+02
2.2172004995e+02
3.4051383009e+02
2.2125575762e+02
3.4103331100e+02
2.2079388651e+02
3.4155340126e+02
2.2033207361e+02
3.4207396642e+02
2.1987656908e+02
3.4258739476e+02
2.1942050796e+02
3.4309821212e+02
2.1896609432e+02
3.4360891665e+02
2.1851220489e+02
3.4411702974e+02
3.4462563372e+02
2.1805826283e+02
3.4513119765e+02
2.1761492823e+02
3.4563564785e+02
2.1717104040e+02
3.4613984471e+02
2.1672823565e+02
3.4663931017e+02
2.1628563876e+02
3.4713926937e+02
2.1584246418e+02
3.4763485783e+02
2.1540638162e+02
3.4812813586e+02
2.1496972063e+02
3.4862179632e+02
2.1454016372e+02
3.4911438294e+02
2.1411752036e+02
3.4960745828e+02
2.1369422709e+02
3.5009645573e+02
2.1326585432e+02
3.5058283874e+02
2.1283679532e+02
3.5106949331e+02
2.1241323801e+02
3.5155161930e+02
2.1199557751e+02
3.5203423504e+02
3.5251170681e+02
2.1157724576e+02
3.5298503057e+02
2.1116217422e+02
3.5345894731e+02
2.1074678341e+02
3.5393850573e+02
2.1033581685e+02
3.5441854599e+02
2.0993097793e+02
3.5488942595e+02
2.0952545778e+02
3.5535120115e+02
2.0912258213e+02
3.5581351961e+02
2.0871948812e+02
3.5628472693e+02
2.0831964385e+02
3.5675668016e+02
2.0792529556e+02
3.5722224170e+02
2.0753025885e+02
3.5768042075e+02
2.0713827374e+02
3.5813915386e+02
2.0674630305e+02
3.5859513218e+02
2.0635805618e+02
3.5905137626e+02
3.5950548712e+02
2.0597773166e+02
3.5995664279e+02
2.0559671861e+02
3.6040835527e+02
2.0522177357e+02
3.6085466887e+02
2.0484781791e+02
3.6130075262e+02
2.0447335833e+02
3.6174535625e+02
2.0409757964e+02
3.6218748005e+02
2.0372110911e+02
3.6263015969e+02
2.0335054075e+02
3.6306851056e+02
2.0298133800e+02
3.6350650488e+02
2.0261429823e+02
3.6394280361e+02
2.0225414937e+02
3.6437555879e+02
2.0189330625e+02
3.6480886964e+02
2.0153474798e+02
3.6523876741e+02
3.6566824153e+02
2.0117664858e+02
3.6609616116e+02
2.0081936662e+02
3.6651998689e+02
2.0046618258e+02
3.6694436991e+02
2.0011228927e+02
3.6736611229e+02
1.9976774753e+02
3.6778741958e+02
1.9942711531e+02
3.6820563502e+02
1.9908760776e+02
3.6861362277e+02
1.9875631978e+02
3.6902215739e+02
1.9842435470e+02
3.6943477288e+02
1.9808902362e+02
3.6984921648e+02
1.9775162494e+02
3.7026177759e+02
3.7066668379e+02
1.9741534762e+02
3.7107214439e+02
1.9708741653e+02
3.7147420839e+02
1.9675879328e+02
3.7187499621e+02
1.9643100991e+02
3.7227436344e+02
1.9610355431e+02
3.7266504336e+02
1.9577708398e+02
3.7305626639e+02
1.9546620029e+02
3.7344910011e+02
1.9515461836e+02
3.7384301374e+02
1.9484353160e+02
3.7423637487e+02
1.9453270198e+02
3.7462486303e+02
1.9422160629e+02
3.7501390664e+02
3.7539643674e+02
1.9391375912e+02
3.7577490303e+02
1.9360520308e+02
3.7615354581e+02
1.9330453892e+02
3.7653011973e+02
1.9301098383e+02
3.7690724667e+02
1.9271685435e+02
3.7728002944e+02
1.9241873059e+02
3.7764958361e+02
1.9211982081e+02
3.7801926653e+02
1.9182736540e+02
3.7838287627e+02
1.9154183708e+02
3.7874703468e+02
1.9125563475e+02
3.7910896834e+02
3.7946892311e+02
1.9097500604e+02
3.7982928102e+02
1.9069381187e+02
3.8018218197e+02
1.9041591216e+02
3.8053563262e+02
1.9014233628e+02
3.8088628814e+02
1.8986809814e+02
3.8123392341e+02
1.8959799682e+02
3.8158208095e+02
1.8932742423e+02
3.8192754825e+02
1.8906023067e+02
3.8227356733e+02
1.8879838217e+02
3.8261440674e+02
3.8294862343e+02
1.8853585811e+02
3.8328338246e+02
1.8828182024e+02
3.8360919436e+02
1.8802817905e+02
3.8393478789e+02
1.8777676867e+02
3.8425926083e+02
1.8752982494e+02
3.8458180640e+02
1.8728222400e+02
3.8490487433e+02
1.8703747894e+02
3.8521985100e+02
1.8679247008e+02
3.8553432793e+02
1.8655148807e+02
3.8584625726e+02
3.8615330350e+02
1.8631973413e+02
3.8646087163e+02
1.8608729106e+02
3.8676145119e+02
1.8586181162e+02
3.8706128302e+02
1.8563737293e+02
3.8735859087e+02
1.8541527936e+02
3.8765000626e+02
1.8520025930e+02
3.8794195433e+02
1.8498454975e+02
3.8822535105e+02
1.8477628298e+02
3.8850717941e+02
1.8456966007e+02
3.8878612981e+02
3.8905691722e+02
1.8436535362e+02
3.8932824768e+02
1.8416984542e+02
3.8959061592e+02
1.8397361995e+02
3.8985065772e+02
1.8378780516e+02
3.9010811845e+02
1.8360538276e+02
3.9035631838e+02
1.8342581589e+02
3.9060506705e+02
1.8325975522e+02
3.9084355346e+02
1.8309296254e+02
3.9107853020e+02
3.9131051123e+02
1.8293341491e+02
3.9152898357e+02
1.8277666485e+02
3.9174801329e+02
1.8262348651e+02
3.9195222139e+02
1.8249205004e+02
3.9214982011e+02
1.8235983731e+02
3.9234544559e+02
1.8225051661e+02
3.9252849083e+02
1.8215376469e+02
3.9271207936e+02
1.8205854432e+02
3.9288108360e+02
3.9304245008e+02
1.8197918635e+02
3.9320026749e+02
1.8189910730e+02
3.9332867421e+02
1.8184149477e+02
3.9345767979e+02
1.8179813409e+02
3.9355938543e+02
1.8175918839e+02
3.9364326764e+02
1.8177867695e+02
3.9372346681e+02
1.8179737576e+02
3.9375540834e+02
3.9378796645e+02
1.8186741178e+02
3.9376786564e+02
1.8197760894e+02
3.9370667081e+02
1.8209180656e+02
3.9364328930e+02
1.8231867798e+02
3.9351390536e+02
1.8254476697e+02
3.9338530014e+02
1.8324023114e+02
3.9265131444e+02
1.8438028695e+02
3.9134926869e+02
1.8552126970e+02
3.9004657980e+02
