-3.4948608208e-06 5.9250608557e-11
8.5473605889e-06 -9.3981362720e-11
6.8507025894e-01 -8.9576364914e-07
6.8509284943e-01 1.1300628578e-06
1.3561290390e+00 -1.4137317483e-06
1.3561779541e+00 1.2073943159e-06
2.0131848877e+00 -1.5539982788e-06
2.0132520830e+00 1.1702790402e-07
2.6562322663e+00 -1.6008559077e-06
2.6563191233e+00 -1.5493521717e-06
3.2852698170e+00 -1.9432914709e-06
3.2853821468e+00 -3.0437141941e-06
3.9002938401e+00 -2.4926724592e-06
3.9004408957e+00 -4.4001667412e-06
4.5013203302e+00 -3.0829440378e-06
4.5015049250e+00 -5.7375153163e-06
5.0883547146e+00 -3.6511809383e-06
5.0885556404e+00 -7.7351847339e-06
5.6613844877e+00 -4.4053673910e-06
5.6615949060e+00 -9.9373697689e-06
6.2204118045e+00 -5.3223946363e-06
6.2206559837e+00 -1.2206502485e-05
6.7654398278e+00 -6.3194049071e-06
6.7657146447e+00 -1.3861844137e-05
7.2964797619e+00 -7.2208836050e-06
7.2967577726e+00 -1.4833639194e-05
7.8135270454e+00 -8.5577179542e-06
7.8138067618e+00 -1.5195329346e-05
8.3165790416e+00 -9.8950333433e-06
8.3168820898e+00 -1.6491009963e-05
8.8056449914e+00 -1.1301205697e-05
8.8059659235e+00 -1.8793521426e-05
9.2807260810e+00 -1.2703853692e-05
9.2810563488e+00 -2.2135986153e-05
9.7418069432e+00 -1.3954456917e-05
9.7421506978e+00 -2.5401858597e-05
1.0188886030e+01 -1.4671904535e-05
1.0189259959e+01 -2.7602774718e-05
1.0621992512e+01 -1.5695295826e-05
1.0622378688e+01 -2.8356320405e-05
1.1041119980e+01 -1.7235018123e-05
1.1041515328e+01 -2.7577751480e-05
1.1446272088e+01 -1.9026463177e-05
1.1446665612e+01 -2.7838755768e-05
1.1837437840e+01 -2.1026942185e-05
1.1837817217e+01 -2.8525102518e-05
1.2214616657e+01 -2.2656718989e-05
1.2214979095e+01 -2.9434994153e-05
1.2577817296e+01 -2.3776771457e-05
1.2578168138e+01 -2.9501907141e-05
1.2927041674e+01 -2.4197799071e-05
1.2927369846e+01 -2.8705937692e-05
1.3262263967e+01 -2.4485686846e-05
1.3262590705e+01 -2.6776270073e-05
1.3583537942e+01 -2.5387550896e-05
1.3583859176e+01 -2.4394410792e-05
1.3890862007e+01 -2.6932524848e-05
1.3891148947e+01 -2.2897277638e-05
1.4184203688e+01 -2.9092213717e-05
1.4184448376e+01 -2.1727992958e-05
1.4463551331e+01 -3.0665523532e-05
1.4463773856e+01 -2.1092652661e-05
1.4728914658e+01 -3.1435018899e-05
1.4729134488e+01 -2.0864887834e-05
1.4980300703e+01 -3.1183067680e-05
1.4980514415e+01 -2.0758698942e-05
1.5217737233e+01 -3.1647226260e-05
1.5217917909e+01 -2.0657858067e-05
1.5441191552e+01 -3.2913278610e-05
1.5441375684e+01 -2.0710891736e-05
1.5650663870e+01 -3.4976137201e-05
1.5650860869e+01 -2.1485307357e-05
1.5846181972e+01 -3.7381384479e-05
1.5846373816e+01 -2.2987006790e-05
1.6027734494e+01 -3.9557299400e-05
1.6027916334e+01 -2.5396280492e-05
1.6195315181e+01 -4.1518066135e-05
1.6195497218e+01 -2.7811119039e-05
1.6348920157e+01 -4.3342680644e-05
1.6349117597e+01 -2.9917920476e-05
1.6488561953e+01 -4.4898803699e-05
1.6488777871e+01 -3.1160430194e-05
1.6614258346e+01 -4.5735045809e-05
1.6614469796e+01 -3.3002874136e-05
1.6726009335e+01 -4.5851406973e-05
1.6726171490e+01 -3.5436210355e-05
1.6823789150e+01 -4.5967821631e-05
1.6823882952e+01 -3.8460438852e-05
1.6907583234e+01 -4.6491782108e-05
1.6907660020e+01 -4.1608137798e-05
1.6977392225e+01 -4.7405531074e-05
1.6977466094e+01 -4.3646188696e-05
1.7033229769e+01 -4.8502405325e-05
1.7033282916e+01 -4.4509869481e-05
1.7075117194e+01 -4.8974445070e-05
1.7075139532e+01 -4.4743729567e-05
1.7103048894e+01 -4.8756348419e-05
1.7103074697e+01 -4.5831865297e-05
1.7117024955e+01 -4.7871196677e-05
1.7117036505e+01 -4.6874354333e-05
