-2.9289208883e-06 -2.6403782958e-06
2.4129953335e-01 1.4765421336e-03
4.7773974102e-01 5.8323203994e-03
7.0928959111e-01 1.2955550776e-02
9.3571850797e-01 2.2715607772e-02
1.1569509849e+00 3.5087675911e-02
1.3727290036e+00 4.9885853264e-02
1.5830355093e+00 6.7007784827e-02
1.7877622261e+00 8.6387769103e-02
1.9866108840e+00 1.0784657828e-01
2.1795906669e+00 1.3134754551e-01
2.3665344188e+00 1.5668944235e-01
2.5473350958e+00 1.8379763907e-01
2.7219266696e+00 2.1258836253e-01
2.8900264048e+00 2.4286367077e-01
3.0517351067e+00 2.7457079289e-01
3.2068467616e+00 3.0756167658e-01
3.3552972858e+00 3.4168036827e-01
3.4970310180e+00 3.7689230658e-01
3.6318483864e+00 4.1297207507e-01
3.7598501870e+00 4.4986295172e-01
3.8808779668e+00 4.8741960338e-01
3.9948749299e+00 5.2548448892e-01
4.1018295554e+00 5.6402497584e-01
4.2016821627e+00 6.0279834366e-01
4.2944286242e+00 6.4175677604e-01
4.3800367050e+00 6.8077377968e-01
4.4584316983e+00 7.1966757270e-01
4.5297399767e+00 7.5841086570e-01
4.5939095898e+00 7.9679159511e-01
4.6509414709e+00 8.3474878912e-01
4.7008956420e+00 8.7217160166e-01
4.7437496681e+00 9.0884323366e-01
4.7796145716e+00 9.4477676658e-01
4.8085029745e+00 9.7982490487e-01
4.8305958438e+00 1.0138482543e+00
4.8457877916e+00 1.0467814012e+00
4.8542817385e+00 1.0784579916e+00
4.8561656949e+00 1.1088280897e+00
4.8515095321e+00 1.1378180917e+00
4.8405009873e+00 1.1652776210e+00
4.8231637739e+00 1.1911909880e+00
4.7997181966e+00 1.2153946356e+00
4.7702641370e+00 1.2378484986e+00
4.7349021798e+00 1.2585051416e+00
4.6938981636e+00 1.2772219367e+00
4.6473407861e+00 1.2940191661e+00
4.5954282169e+00 1.3087897368e+00
4.5383910279e+00 1.3214875631e+00
4.4762762904e+00 1.3320757923e+00
4.4094404545e+00 1.3404681554e+00
4.3379461405e+00 1.3466812343e+00
4.2620748611e+00 1.3506565928e+00
4.1820664788e+00 1.3523869947e+00
4.0980155556e+00 1.3518504610e+00
4.0103055938e+00 1.3490120145e+00
3.9189767576e+00 1.3438760244e+00
3.8243646217e+00 1.3364433152e+00
3.7267426878e+00 1.3267225634e+00
3.6261703551e+00 1.3147410774e+00
3.5230955724e+00 1.3005351739e+00
3.4175974452e+00 1.2840854468e+00
3.3098956171e+00 1.2654321094e+00
3.2004071429e+00 1.2446245162e+00
3.0891111811e+00 1.2216990938e+00
2.9764710952e+00 1.1967492357e+00
2.8626386065e+00 1.1698214628e+00
2.7477841282e+00 1.1409603285e+00
2.6322977713e+00 1.1102779320e+00
2.5161967201e+00 1.0777797864e+00
2.3998767361e+00 1.0436191117e+00
2.2836081619e+00 1.0078817950e+00
2.1673771817e+00 9.7061209196e-01
2.0516902983e+00 9.3202551808e-01
1.9366439648e+00 8.9219885840e-01
1.8224120883e+00 8.5118285803e-01
1.7093796604e+00 8.0918651939e-01
1.5975492601e+00 7.6623000575e-01
1.4873404734e+00 7.2257978372e-01
1.3789248720e+00 6.7835869573e-01
1.2724320627e+00 6.3369154767e-01
1.1682225730e+00 5.8883273018e-01
1.0663654555e+00 5.4376119305e-01
9.6730112073e-01 4.9883075688e-01
8.7110119098e-01 4.5413375866e-01
7.7803291209e-01 4.0991481134e-01
6.8845134320e-01 3.6649530861e-01
6.0246752955e-01 3.2393576874e-01
5.2056398587e-01 2.8259041341e-01
4.4276585553e-01 2.4254487168e-01
3.6967185148e-01 2.0424851725e-01
3.0157193710e-01 1.6798095288e-01
2.3851480514e-01 1.3383455318e-01
1.8172022752e-01 1.0258390576e-01
1.3091553544e-01 7.4093988690e-02
8.7083330239e-02 4.9746658893e-02
5.0838519863e-02 2.9477096455e-02
2.3525589287e-02 1.3641609148e-02
6.4366838796e-03 3.6676222204e-03
-5.4695925911e-06 -2.3324515604e-06
