8.8020829753e-04 -4.0911530418e-07
6.8489454533e-05 -2.4800780573e-07
1.3673920982e-03 3.1735245739e-06
9.6287726841e-04 -4.2793971011e-06
1.4016943985e-03 7.3608140699e-06
1.3921125231e-03 -9.0719776368e-06
9.8894422963e-04 7.9824434729e-06
1.3666964898e-03 -1.1433835572e-05
1.1300484686e-04 1.3488533534e-06
8.9747460417e-04 -9.5134253243e-06
8.4457466305e-04 1.0157597042e-05
2.5320737568e-05 -2.4655528253e-07
1.3526847536e-03 1.9816673605e-05
9.3458627506e-04 -1.4267981034e-05
1.4089742115e-03 2.5310228059e-05
1.3784148092e-03 -2.4464952219e-05
1.0129987535e-03 2.1973425926e-05
1.3703248477e-03 -2.7285788294e-05
1.5798909960e-04 4.2256541200e-06
9.2146239700e-04 -2.0485027629e-05
8.1574525561e-04 2.0054243660e-05
2.3666914071e-05 -6.3390436276e-07
1.3415617370e-03 3.5759814527e-05
9.0170466756e-04 -2.4573754554e-05
1.4187121581e-03 4.0275774466e-05
1.3629225339e-03 -4.0249188840e-05
1.0446208051e-03 3.1807801826e-05
1.3705410490e-03 -4.3271352159e-05
2.0407727682e-04 6.6366541788e-06
9.3983470851e-04 -3.1874553690e-05
7.8279624119e-04 2.7967353616e-05
6.7957049012e-05 -2.4323902669e-06
1.3266795268e-03 5.0423226134e-05
8.7194155277e-04 -3.2405141951e-05
1.4239332702e-03 5.7185529680e-05
1.3483302996e-03 -5.4317717798e-05
1.0694529392e-03 4.5865308505e-05
1.3736563364e-03 -5.9744880527e-05
2.4647792761e-04 1.1399480831e-05
9.6396542717e-04 -4.5065674246e-05
7.5429972721e-04 3.5790582206e-05
1.0874057626e-04 -5.4032548898e-06
1.3163490268e-03 6.5555454143e-05
8.5157736312e-04 -4.2166254708e-05
1.4243542552e-03 7.4868216940e-05
1.3350318068e-03 -6.9407772095e-05
1.0833974388e-03 6.0718087154e-05
1.3681626555e-03 -7.4153337908e-05
2.8419968509e-04 1.7051182710e-05
9.9303395843e-04 -5.5761594193e-05
7.2231117249e-04 4.3314014476e-05
1.5639409039e-04 -8.9716910191e-06
1.3012614192e-03 8.0657147726e-05
7.8579065965e-04 -4.8292343502e-05
1.4223683956e-03 9.0914998225e-05
1.2940467515e-03 -8.2444257552e-05
1.0988382025e-03 7.2919363962e-05
1.3688057663e-03 -8.9794404947e-05
3.2315281107e-04 2.2386320656e-05
1.0030642865e-03 -6.8093223412e-05
6.8704646360e-04 4.9135156410e-05
1.9163745301e-04 -1.3502240206e-05
1.2826519647e-03 9.4427223697e-05
7.5184276469e-04 -5.4809493945e-05
1.4226748498e-03 1.0773060451e-04
1.2748623887e-03 -9.5710450765e-05
1.1207090309e-03 8.7859199395e-05
1.3624958473e-03 -1.0486153789e-04
3.6399261259e-04 2.9618196094e-05
1.0157768071e-03 -8.0478891425e-05
6.4619707955e-04 5.3916454367e-05
2.3019458943e-04 -1.8860267404e-05
1.2561547397e-03 1.0740314335e-04
7.1913181442e-04 -6.0437444802e-05
1.4173442603e-03 1.2406660263e-04
1.2540002450e-03 -1.0810859060e-04
1.1346866522e-03 1.0203887864e-04
1.3508600699e-03 -1.1922080875e-04
4.0114360397e-04 3.7080616759e-05
1.0227403317e-03 -9.2740547102e-05
6.1380991847e-04 5.8531781824e-05
2.6781172222e-04 -2.5018203984e-05
1.2400265061e-03 1.2078320585e-04
6.8486872940e-04 -6.5264096346e-05
1.4120484732e-03 1.4046796060e-04
1.2297586816e-03 -1.1979757635e-04
1.3392032925e-03 -1.3321021957e-04
1.1436196840e-03 1.1703386078e-04
1.0344091221e-03 -1.0538935266e-04
4.3229273758e-04 4.5640188737e-05
3.0470226705e-04 -3.1868240474e-05
5.7351051338e-04 6.1852612271e-05
6.4528829030e-04 -6.8846523718e-05
1.2143277712e-03 1.3312125260e-04
1.2010417527e-03 -1.3049621069e-04
1.4018659342e-03 1.5631210490e-04
1.3272622333e-03 -1.4668373427e-04
1.1570003595e-03 1.3188527684e-04
1.0438424892e-03 -1.1791579642e-04
4.6927568630e-04 5.4848124226e-05
3.3924176381e-04 -3.9418186906e-05
5.3392552033e-04 6.3919226159e-05
6.0140322875e-04 -7.0803534600e-05
1.1864985389e-03 1.4429131114e-04
1.1664526773e-03 -1.3976806602e-04
1.3918716592e-03 1.7218248820e-04
1.3133915565e-03 -1.6159713599e-04
1.1629604436e-03 1.4739894605e-04
1.0560497632e-03 -1.3591767267e-04
4.9974623801e-04 6.4966437605e-05
3.7549600378e-04 -5.0601750381e-05
4.9408922406e-04 6.5043285335e-05
5.5527183993e-04 -7.1684666271e-05
1.1577611477e-03 1.5452360489e-04
1.1283995105e-03 -1.4764350487e-04
1.3775517669e-03 1.8768189782e-04
1.3018310570e-03 -1.7464500656e-04
1.1699407932e-03 1.6199499822e-04
1.0593133098e-03 -1.4733863532e-04
5.3043421749e-04 7.4902662566e-05
4.0365710587e-04 -5.8275602547e-05
4.5200877831e-04 6.5053001279e-05
5.1626823030e-04 -7.2407013379e-05
1.1264996212e-03 1.6418107887e-04
1.0980556175e-03 -1.5581587658e-04
1.3647800159e-03 2.0213665623e-04
1.2843873347e-03 -1.8643917613e-04
1.1804585086e-03 1.7744442391e-04
1.0613395177e-03 -1.6018709910e-04
5.6402737430e-04 8.6408282693e-05
4.3127153722e-04 -6.7368319650e-05
4.0942679927e-04 6.4010842756e-05
4.7611996316e-04 -7.2213820178e-05
1.0905902287e-03 1.7230231967e-04
1.0650707203e-03 -1.6301182917e-04
1.3465949121e-03 2.1597880833e-04
1.2665478354e-03 -1.9667349663e-04
1.1900632577e-03 1.9355597403e-04
1.0640411871e-03 -1.6737934291e-04
5.9574992145e-04 9.8622964394e-05
4.5856276166e-04 -7.3112752069e-05
3.6625996839e-04 6.1925405320e-05
4.4767210336e-04 -7.2362243539e-05
1.0563614006e-03 1.8003141013e-04
1.0480035044e-03 -1.7150597939e-04
1.3270453907e-03 2.2927342608e-04
1.2451501460e-03 -2.0702501751e-04
1.1814025769e-03 2.0665050669e-04
1.0619510248e-03 -1.7954261474e-04
4.8293336666e-04 -8.3164973584e-05
6.1181872270e-04 1.0876632512e-04
4.0813472990e-04 -7.0849605136e-05
3.2606376538e-04 5.9238384287e-05
1.0141668408e-03 -1.7740062976e-04
1.0290350510e-03 1.8800457617e-04
1.2240496118e-03 -2.1690467706e-04
1.3079391234e-03 2.4195229680e-04
1.0531207244e-03 -1.8858469334e-04
1.1768154556e-03 2.2007074007e-04
5.0119434867e-04 -9.0983299631e-05
6.3275471908e-04 1.2006601569e-04
3.6886740684e-04 -6.7959156262e-05
2.8622312495e-04 5.5589417649e-05
9.7935627775e-04 -1.8190466785e-04
9.9546383291e-04 1.9423303787e-04
1.2012380511e-03 -2.2575655208e-04
1.2862266001e-03 2.5377599185e-04
1.0510787148e-03 -1.9963679349e-04
1.1683997313e-03 2.3280903910e-04
5.2364564130e-04 -1.0077639112e-04
6.4842520903e-04 1.3096287710e-04
3.2895659141e-04 -6.4187470018e-05
2.4674191933e-04 5.0970628161e-05
9.4298723224e-04 -1.8530339251e-04
9.6620775997e-04 2.0022409694e-04
1.1773018703e-03 -2.3395031662e-04
1.2649932881e-03 2.6519574804e-04
1.0484881779e-03 -2.1060228184e-04
1.1600497790e-03 2.4603377259e-04
5.4467576004e-04 -1.1082456098e-04
6.6540534928e-04 1.4317142487e-04
2.8699823793e-04 -5.9155443908e-05
2.0699413057e-04 4.5569971213e-05
9.0296652423e-04 -1.8716369212e-04
9.2590978459e-04 2.0361972857e-04
1.1526964165e-03 -2.4142509092e-04
1.2356846667e-03 2.7441588698e-04
1.0413756634e-03 -2.2028083513e-04
1.1523110503e-03 2.5804230952e-04
5.6187098624e-04 -1.2027100622e-04
6.8196282167e-04 1.5447580778e-04
2.4999963059e-04 -5.4284378540e-05
1.6343117526e-04 3.7973279430e-05
8.6786116222e-04 -1.8928971861e-04
1.1269784100e-03 -2.4798855033e-04
8.8611545389e-04 2.0568177288e-04
1.0313830322e-03 -2.2869240459e-04
1.2090985062e-03 2.8351655568e-04
5.7585949027e-04 -1.2904706235e-04
1.1437676679e-03 2.7102513406e-04
2.1372516618e-04 -4.8685584674e-05
6.9686762535e-04 1.6741900718e-04
8.3482181771e-04 -1.9072174880e-04
1.2361028674e-04 3.0871194275e-05
1.1014597206e-03 -2.5427451637e-04
8.4864201741e-04 2.0767115886e-04
1.0191173293e-03 -2.3894394413e-04
1.1813103086e-03 2.9222583650e-04
5.8634709609e-04 -1.3971889777e-04
1.1304844258e-03 2.8624982081e-04
1.7672143291e-04 -4.2807726836e-05
7.0777328465e-04 1.8379067081e-04
8.0042251949e-04 -1.9273696664e-04
8.3867980845e-05 2.2794086649e-05
1.0742032618e-03 -2.6002576298e-04
7.9220490419e-04 2.0470017946e-04
1.0029124082e-03 -2.4587550523e-04
1.1401896535e-03 2.9664325777e-04
5.9363774620e-04 -1.4799134019e-04
1.1273550485e-03 2.9474965297e-04
1.4231225901e-04 -3.5877717181e-05
7.3051037853e-04 1.9250465121e-04
7.6771505433e-04 -1.9216248388e-04
4.4705390192e-05 1.2454471839e-05
1.0461284765e-03 -2.6385569216e-04
7.7208635336e-04 2.0858841293e-04
9.9198053522e-04 -2.5179919061e-04
1.1207479952e-03 3.0520935395e-04
6.0701324142e-04 -1.5533994845e-04
1.0928146367e-04 -2.8619901411e-05
1.1010586515e-03 3.0250137268e-04
7.3296922079e-04 -1.9122106765e-04
7.2359159542e-04 2.0108737356e-04
1.0183852155e-03 -2.6747744405e-04
8.1854798563e-06 2.9798332460e-06
9.7563935583e-04 -2.5784209058e-04
7.3277415581e-04 2.0732735297e-04
6.1115914396e-04 -1.6293011953e-04
1.0882627396e-03 3.1000969607e-04
7.4885560105e-05 -2.0605740610e-05
1.0831738245e-03 3.1013245295e-04
7.0653819175e-04 -1.9147841555e-04
7.2756339920e-04 2.0995550393e-04
9.9392257401e-04 -2.7167087684e-04
2.4686663539e-05 7.6274116714e-06
9.6391661574e-04 -2.6893514117e-04
6.9907839935e-04 2.0681440564e-04
6.2280817757e-04 -1.7780562502e-04
1.0580941330e-03 3.1501078863e-04
3.8786341884e-05 -1.1853070183e-05
1.0641948431e-03 3.1871278223e-04
6.5222018125e-04 -1.8410675590e-04
7.3322462609e-04 2.2156942502e-04
9.5359089371e-04 -2.7076535794e-04
6.0703000384e-05 1.9146100897e-05
9.4594858181e-04 -2.6995707188e-04
6.5587959675e-04 2.0211557672e-04
6.2465602559e-04 -1.7940490740e-04
1.0207060125e-03 3.1656264283e-04
6.8672053715e-06 -2.3387300738e-06
6.2020245422e-04 -1.8129054166e-04
1.0436853544e-03 3.2580359143e-04
9.2528810352e-04 -2.7193085300e-04
7.3321421139e-04 2.3086437566e-04
9.2974656066e-04 -2.7440848541e-04
8.9259844107e-05 2.8842456466e-05
6.2957237795e-04 -1.8703859204e-04
6.1398104083e-04 1.9691512384e-04
2.1685422219e-05 -6.9639875946e-06
9.8391935457e-04 3.1765335307e-04
5.8647576934e-04 -1.7745015321e-04
1.0213268725e-03 3.3215629814e-04
8.9526485376e-04 -2.7242085986e-04
7.3465035215e-04 2.4120463270e-04
9.0922569086e-04 -2.7935639183e-04
1.2097785389e-04 4.0481886225e-05
6.2863857423e-04 -1.9566536966e-04
5.7161952925e-04 1.9068435767e-04
5.1274183936e-05 -1.6759517745e-05
9.4415333241e-04 3.1698299726e-04
5.5718599295e-04 -1.7517773829e-04
9.9919612480e-04 3.3742730443e-04
8.6794941027e-04 -2.7372792937e-04
7.3572070342e-04 2.5029597027e-04
8.8881889648e-04 -2.8183322651e-04
1.4754153045e-04 5.0952192073e-05
6.2729497727e-04 -2.0078037888e-04
5.3487513169e-04 1.8570552484e-04
7.8807305877e-05 -2.6018153363e-05
5.2216593429e-04 -1.6879183114e-04
9.1032149643e-04 3.1768293911e-04
8.3590143555e-04 -2.7140357255e-04
9.7169630187e-04 3.4076928973e-04
8.6809123469e-04 -2.8311556928e-04
7.2287743172e-04 2.5545862327e-04
6.2436511076e-04 -2.0478697726e-04
1.6979141470e-04 6.0850736631e-05
1.0296661362e-04 -3.4172916766e-05
5.0162397588e-04 1.8041265154e-04
4.9517347328e-04 -1.6473523463e-04
8.7776155203e-04 3.1739717202e-04
8.0939924540e-04 -2.7087048416e-04
9.4427460268e-04 3.4338278889e-04
8.4186704514e-04 -2.8403087442e-04
7.1284799448e-04 2.6125401850e-04
6.1408091879e-04 -2.0950433349e-04
1.9040171203e-04 7.0716521662e-05
1.2305168100e-04 -4.2879941312e-05
4.6960703263e-04 1.7501010644e-04
4.5877747634e-04 -1.5789582861e-04
8.4593241002e-04 3.1681525344e-04
7.7577400323e-04 -2.6795407024e-04
9.1564786246e-04 3.4492601731e-04
8.2064405973e-04 -2.8454160269e-04
6.0866914438e-04 -2.1219408286e-04
7.0161999430e-04 2.6644540313e-04
1.4462110792e-04 -5.1171191375e-05
2.0859357617e-04 8.0250319014e-05
4.2613760331e-04 -1.5071119426e-04
4.3412824719e-04 1.6716437471e-04
7.4301153761e-04 -2.6404833218e-04
8.0988676980e-04 3.1362927549e-04
7.9839761832e-04 -2.8702119528e-04
8.8563471766e-04 3.4603390698e-04
6.0591744384e-04 -2.2228958527e-04
6.9054727823e-04 2.7350463535e-04
1.6358683639e-04 -6.1787761716e-05
2.2688523127e-04 9.1356504492e-05
3.8663843772e-04 -1.4090690938e-04
3.9073671343e-04 1.5634140267e-04
7.0345492713e-04 -2.5709188030e-04
7.6208034869e-04 3.0577682692e-04
7.7478859449e-04 -2.8531121273e-04
8.5720585728e-04 3.4507170294e-04
5.9838849893e-04 -2.2235049201e-04
6.8677127208e-04 2.7766118582e-04
1.8051924929e-04 -6.7977163188e-05
3.5920029802e-04 -1.3428708522e-04
2.4625451945e-04 1.0016788759e-04
6.7448329517e-04 -2.5315856826e-04
3.6074201395e-04 1.4841019895e-04
7.4923984468e-04 -2.8298667950e-04
7.3074743856e-04 3.0218671757e-04
5.8927295494e-04 -2.2451106667e-04
8.2664087345e-04 3.4356187190e-04
1.9462864642e-04 -7.5289380228e-05
6.7353834385e-04 2.8198955718e-04
3.2992689745e-04 -1.2785420142e-04
2.6059016680e-04 1.1014178610e-04
6.4411091060e-04 -2.4932041229e-04
3.2090331310e-04 1.3668051671e-04
7.2396139795e-04 -2.8032729827e-04
6.8378659875e-04 2.9224491149e-04
5.7505061671e-04 -2.2351292419e-04
7.9484420138e-04 3.4120143754e-04
2.0538091138e-04 -8.0497256421e-05
6.6223839586e-04 2.8624897190e-04
3.0130742007e-04 -1.1895513209e-04
6.1239257637e-04 -2.4228679145e-04
2.7322868260e-04 1.1923897019e-04
6.9627147072e-04 -2.7662278643e-04
2.8804187585e-04 1.2685455019e-04
5.6319079950e-04 -2.2556682892e-04
6.4645485289e-04 2.8513861877e-04
2.1575744020e-04 -8.7414686307e-05
7.6198207278e-04 3.3717498236e-04
2.7247936678e-04 -1.1038955543e-04
6.3910699999e-04 2.8417355190e-04
5.8043571489e-04 -2.3534441267e-04
2.7706107839e-04 1.2412798413e-04
6.6870121352e-04 -2.7209283176e-04
2.5983554195e-04 1.1757665424e-04
5.4915647836e-04 -2.2444457061e-04
6.1492074605e-04 2.7890363058e-04
2.2464818446e-04 -9.2555815804e-05
7.2881349055e-04 3.3221709935e-04
2.4515629438e-04 -1.0184129457e-04
6.1108301557e-04 2.8023053557e-04
5.4788331970e-04 -2.2778824490e-04
6.3970856835e-04 -2.6686550875e-04
2.7617272607e-04 1.2770905598e-04
5.3474839656e-04 -2.2464625252e-04
2.3123496707e-04 1.0749840674e-04
2.3174475529e-04 -9.8358451888e-05
5.8057000211e-04 2.7065028336e-04
2.1897920697e-04 -9.3296035771e-05
6.9320316874e-04 3.2514279296e-04
5.1710511610e-04 -2.2004130701e-04
5.9161028989e-04 2.7887520166e-04
6.1180975923e-04 -2.6126886010e-04
2.8167658566e-04 1.3372537710e-04
5.1651071282e-04 -2.2145948213e-04
1.9991575847e-04 9.5824576904e-05
2.3571094202e-04 -1.0175106646e-04
5.3725858198e-04 2.5808093434e-04
1.9344187622e-04 -8.3981254258e-05
6.5499917475e-04 3.1620952113e-04
4.8396675615e-04 -2.1030400507e-04
5.8157209765e-04 -2.5383535574e-04
5.7222933144e-04 2.7741422208e-04
4.9963332429e-04 -2.1913195560e-04
2.8597472718e-04 1.3957736267e-04
2.3870852588e-04 -1.0541759851e-04
1.6937320331e-04 8.3740013038e-05
1.6579876107e-04 -7.3673508912e-05
4.9435335946e-04 2.4437871116e-04
4.4831086198e-04 -1.9922525041e-04
6.1679755250e-04 3.0597858596e-04
5.5162013005e-04 -2.4609321272e-04
5.4213307988e-04 2.7013540691e-04
4.7708096267e-04 -2.1412125593e-04
2.7956710477e-04 1.4018841850e-04
2.3694930081e-04 -1.0720889238e-04
1.4430564672e-04 7.2881157325e-05
1.4530141034e-04 -6.6054299224e-05
4.6061844368e-04 2.3308692735e-04
4.2056118340e-04 -1.9091645085e-04
5.1912032115e-04 -2.3678201134e-04
5.7888899221e-04 2.9466398336e-04
4.5539409054e-04 -2.0875655147e-04
5.1678633397e-04 2.6459956629e-04
2.3582554870e-04 -1.0892472052e-04
2.7759873325e-04 1.4322092156e-04
1.2193036301e-04 -5.7163717701e-05
1.1767870288e-04 6.1716322779e-05
3.8562885315e-04 -1.7964308833e-04
4.1740523562e-04 2.1795810545e-04
4.8525379214e-04 -2.2624691681e-04
5.3579072062e-04 2.8066797846e-04
4.3105309549e-04 -2.0170963961e-04
4.8461233085e-04 2.5496899629e-04
2.3096150106e-04 -1.0872576197e-04
2.6892724992e-04 1.4243653200e-04
1.0006221730e-04 -4.7365786781e-05
3.5167716433e-04 -1.6613767149e-04
9.3459336611e-05 5.0328786127e-05
4.4960908759e-04 -2.1359947524e-04
3.7514660995e-04 2.0079669881e-04
4.0616706481e-04 -1.9484570171e-04
4.9088326803e-04 2.6348269583e-04
2.2537742088e-04 -1.0943891779e-04
4.5010742750e-04 2.4203937291e-04
7.8247462812e-05 -3.9361393882e-05
2.5746100849e-04 1.3903528098e-04
3.1532036486e-04 -1.5460131699e-04
7.2013905162e-05 4.0116458515e-05
4.1208472380e-04 -2.0086405615e-04
3.3550823674e-04 1.8512701536e-04
3.7574246448e-04 -1.8273691441e-04
4.4279499806e-04 2.4423698359e-04
2.1432629780e-04 -1.0460788769e-04
6.1348466654e-05 -3.0761121183e-05
4.0584552706e-04 2.2405256050e-04
2.8319573761e-04 -1.3997762559e-04
2.3708847007e-04 1.3155118503e-04
3.7272459679e-04 -1.8472410447e-04
5.2128584018e-05 3.0266038927e-05
3.4301690213e-04 -1.7084916525e-04
2.9054347510e-04 1.6471986859e-04
2.0164225492e-04 -1.0127893368e-04
3.8886747110e-04 2.1972116496e-04
4.3045346800e-05 -2.3196197344e-05
3.5945251369e-04 2.0306735180e-04
2.4118225430e-04 -1.2375306131e-04
2.1489429359e-04 1.2186460559e-04
3.2737270795e-04 -1.6618197691e-04
3.3835381046e-05 2.0007175489e-05
3.0749042815e-04 -1.5493672639e-04
1.8508263072e-04 -9.3554363475e-05
2.4242467714e-04 1.3981306025e-04
2.7954159210e-05 -1.5693913067e-05
3.2881987042e-04 1.8985934517e-04
2.0821994863e-04 -1.0798264574e-04
3.0412048539e-04 1.7785935788e-04
2.8218378612e-04 -1.4625414260e-04
1.8392749579e-04 1.0904304042e-04
2.5844913404e-04 -1.3862169481e-04
1.7442559818e-05 1.1597236349e-05
1.5492045718e-04 -8.6696034902e-05
1.8689968072e-04 1.1111020737e-04
1.4219329902e-05 -9.7917495286e-06
2.5451384052e-04 1.4986503491e-04
1.6015199126e-04 -8.5383504106e-05
2.2062858819e-04 -1.1636507402e-04
2.2945130756e-04 1.3351594310e-04
2.0642945694e-04 -1.0576017032e-04
1.3652474287e-04 7.8484059338e-05
1.2844198952e-04 -6.4722666854e-05
6.0725411296e-06 6.0417648881e-06
6.4286560418e-06 -1.0836990383e-05
1.2898950363e-04 8.0779984265e-05
1.1472560645e-04 -9.1045675494e-05
1.5923751245e-04 9.6868975578e-05
1.4395283623e-04 -9.8741498256e-05
1.0740668439e-04 5.8657274380e-05
8.8581798230e-05 -4.8769536116e-05
4.8772469014e-05 2.1027404043e-05
2.9439446285e-05 -1.4303119150e-05
-1.2583976309e-06 -4.8371032912e-07
-1.7905360623e-06 -1.5259516541e-06
