1.8953709919e+02
1.8972073718e+02
1.8990007417e+02
1.9006972335e+02
1.9023292162e+02
1.9039590104e+02
1.9054647626e+02
1.9069280726e+02
1.9083303172e+02
1.9096656244e+02
1.9109726014e+02
1.9121733819e+02
1.9133570164e+02
1.9144417012e+02
1.9154932940e+02
1.9165192426e+02
1.9174361662e+02
1.9183407086e+02
1.9191469435e+02
1.9199349275e+02
1.9206622641e+02
1.9213329632e+02
1.9219567673e+02
1.9225138553e+02
1.9230567286e+02
1.9235222343e+02
1.9239341852e+02
1.9243306536e+02
1.9246441773e+02
1.9249211867e+02
1.9251518133e+02
1.9253391008e+02
1.9254605202e+02
1.9255630425e+02
1.9256171591e+02
1.9255859816e+02
1.9255537313e+02
1.9254807913e+02
1.9253092570e+02
1.9251455939e+02
1.9249313020e+02
1.9246419355e+02
1.9243345215e+02
1.9239796903e+02
1.9235757810e+02
1.9231328960e+02
1.9226289872e+02
1.9221151779e+02
1.9215413761e+02
1.9208665883e+02
1.9202284761e+02
1.9195117218e+02
1.9187288161e+02
1.9179572600e+02
1.9171027563e+02
1.9161904357e+02
1.9152730929e+02
1.9142746013e+02
1.9132264958e+02
1.9121631248e+02
1.9110314493e+02
1.9098420662e+02
1.9086486968e+02
1.9073677945e+02
1.9060350075e+02
1.9046978656e+02
1.9032669854e+02
1.9017935213e+02
1.9003013895e+02
1.8987482027e+02
1.8971376612e+02
1.8954952349e+02
1.8938113210e+02
1.8920837080e+02
1.8902898723e+02
1.8884833114e+02
1.8866401018e+02
1.8847183536e+02
1.8828301727e+02
1.8808281873e+02
1.8788161696e+02
1.8769056614e+02
1.8747914319e+02
1.8727598017e+02
1.8707640220e+02
1.8686112751e+02
1.8667043367e+02
1.8645989211e+02
1.8625962401e+02
1.8607785132e+02
1.8587380304e+02
1.8572173527e+02
1.8554012380e+02
1.8537298611e+02
1.8530905127e+02
1.8515081622e+02
1.8515219709e+02
1.8510717396e+02
1.8553915398e+02
1.8682793560e+02
