3.9000951171e+02
3.9000958381e+02
3.9000965591e+02
3.9000970690e+02
3.9000960253e+02
3.9000954557e+02
3.9000967437e+02
3.9000979247e+02
3.9000968993e+02
3.9000956239e+02
3.9000956369e+02
3.9000967178e+02
3.9000977209e+02
3.9000979632e+02
3.9000980305e+02
3.9000956258e+02
3.9000910237e+02
3.9000873238e+02
3.9000916234e+02
3.9000963047e+02
3.9000984581e+02
3.9000961186e+02
3.9000927148e+02
3.9000940887e+02
3.9000963101e+02
3.9000972437e+02
3.9000941556e+02
3.9000912005e+02
3.9000918583e+02
3.9000943296e+02
3.9000968009e+02
3.9000992591e+02
3.9001017173e+02
3.9001033730e+02
3.9001020591e+02
3.9001007453e+02
3.9000974400e+02
3.9000936441e+02
3.9000914329e+02
3.9000949191e+02
3.9000984053e+02
3.9000931809e+02
3.9000868026e+02
3.9000866452e+02
3.9000934663e+02
3.9000999759e+02
3.9000962091e+02
3.9000909511e+02
3.9000878844e+02
3.9000918501e+02
3.9000970993e+02
3.9000963196e+02
3.9000944733e+02
3.9000942317e+02
3.9000946760e+02
3.9000978498e+02
3.9000960595e+02
3.9000912244e+02
3.9000898365e+02
3.9000910706e+02
3.9000946777e+02
3.9000945008e+02
3.9000905295e+02
3.9000880961e+02
3.9000913575e+02
3.9000954327e+02
3.9000964908e+02
3.9000928767e+02
3.9000904233e+02
3.9000912801e+02
3.9000951888e+02
3.9000980296e+02
3.9000946675e+02
3.9000926855e+02
3.9000915268e+02
3.9000917020e+02
3.9000928796e+02
3.9000917440e+02
3.9000933373e+02
3.9000948863e+02
3.9000967663e+02
3.9000997503e+02
3.9000970812e+02
3.9000943181e+02
3.9000943632e+02
3.9000976819e+02
3.9000987570e+02
3.9000976579e+02
3.9000953953e+02
3.9000937512e+02
3.9000937714e+02
3.9000946995e+02
3.9000958625e+02
3.9000969872e+02
3.9000977463e+02
3.9000971844e+02
3.9000957454e+02
3.9000954637e+02
3.9000962469e+02
3.9000970301e+02
