-3.2240788321e-06 3.0326194569e-08
2.8212927477e-01 -3.5347434277e-05
5.5876368675e-01 -1.4294561337e-04
8.2990001186e-01 -3.2276421107e-04
1.0955382501e+00 -5.7480322740e-04
1.3556784015e+00 -8.9906266234e-04
1.6103834677e+00 -1.2986090197e-03
1.8597817864e+00 -1.7897796146e-03
2.1038716248e+00 -2.3747577047e-03
2.3426458003e+00 -3.0436616164e-03
2.5761188415e+00 -3.7544415932e-03
2.8042981071e+00 -4.5431531028e-03
3.0272547868e+00 -5.4382904670e-03
3.2449978624e+00 -6.4360248488e-03
3.4575494186e+00 -7.5332925549e-03
3.6649610711e+00 -8.6949340222e-03
3.8672332826e+00 -9.9180615835e-03
4.0643910900e+00 -1.1239513703e-02
4.2564542532e+00 -1.2671587071e-02
4.4434246842e+00 -1.4206084668e-02
4.6253532641e+00 -1.5815146396e-02
4.8022529376e+00 -1.7496854111e-02
4.9741253532e+00 -1.9251907720e-02
5.1410127063e+00 -2.1107431377e-02
5.3029057660e+00 -2.3067676598e-02
5.4598232791e+00 -2.5106175029e-02
5.6117982371e+00 -2.7218667806e-02
5.7588306397e+00 -2.9405154928e-02
5.9009204871e+00 -3.1665636396e-02
6.0381055367e+00 -3.4015698824e-02
6.1703875536e+00 -3.6443253568e-02
6.2977793198e+00 -3.8936696888e-02
6.4202813281e+00 -4.1496767839e-02
6.5378935786e+00 -4.4123466420e-02
6.6506246731e+00 -4.6817897271e-02
6.7585109087e+00 -4.9577587615e-02
6.8615444447e+00 -5.2386308769e-02
6.9597240710e+00 -5.5243928512e-02
7.0530497877e+00 -5.8150446844e-02
7.1415215946e+00 -6.1105863765e-02
7.2251537023e+00 -6.4107673710e-02
7.3039447315e+00 -6.7138651585e-02
7.3778894683e+00 -7.0196306429e-02
7.4469869503e+00 -7.3281006355e-02
7.5112367596e+00 -7.6392791387e-02
7.5706362666e+00 -7.9526612693e-02
7.6251835316e+00 -8.2670222500e-02
7.6748643398e+00 -8.5811612592e-02
7.7196786913e+00 -8.8950782967e-02
7.7596265859e+00 -9.2087733626e-02
7.7946886084e+00 -9.5217746531e-02
7.8248403173e+00 -9.8336243694e-02
7.8500883354e+00 -1.0142356211e-01
7.8704200599e+00 -1.0447386064e-01
7.8858354907e+00 -1.0748713928e-01
7.8963159712e+00 -1.1045835555e-01
7.9018073822e+00 -1.1339265382e-01
7.9023098386e+00 -1.1627412493e-01
7.8978205966e+00 -1.1907863788e-01
7.8883396563e+00 -1.2180619267e-01
7.8738266148e+00 -1.2445363470e-01
7.8542144741e+00 -1.2703668684e-01
7.8295110176e+00 -1.2953742533e-01
7.7997117634e+00 -1.3192012360e-01
7.7648092418e+00 -1.3418315087e-01
7.7247157737e+00 -1.3634163979e-01
7.6794091008e+00 -1.3840644039e-01
7.6288741867e+00 -1.4033242106e-01
7.5731027404e+00 -1.4210651472e-01
7.5120476592e+00 -1.4373393333e-01
7.4456439523e+00 -1.4524563796e-01
7.3738665106e+00 -1.4658679122e-01
7.2966988700e+00 -1.4774392427e-01
7.2141300528e+00 -1.4871491717e-01
7.1260106760e+00 -1.4951534124e-01
7.0323617886e+00 -1.5016760655e-01
6.9331346460e+00 -1.5060307176e-01
6.8283094945e+00 -1.5081215121e-01
6.7178163979e+00 -1.5079642301e-01
6.6015549624e+00 -1.5060249997e-01
6.4795213813e+00 -1.5021192767e-01
6.3516630159e+00 -1.4954643661e-01
6.2179678242e+00 -1.4860108267e-01
6.0782920539e+00 -1.4742207741e-01
5.9325792343e+00 -1.4603815600e-01
5.7807933115e+00 -1.4440365284e-01
5.6229019591e+00 -1.4243299917e-01
5.4588479099e+00 -1.4015949209e-01
5.2884536723e+00 -1.3764093123e-01
5.1117111216e+00 -1.3487812987e-01
4.9285337833e+00 -1.3178768764e-01
4.7389385229e+00 -1.2831667785e-01
4.5427311161e+00 -1.2455057734e-01
4.3398220877e+00 -1.2049361468e-01
4.1302114374e+00 -1.1614578987e-01
3.9137227317e+00 -1.1137817617e-01
3.6904080419e+00 -1.0625717748e-01
3.4599697466e+00 -1.0078138627e-01
3.2224078459e+00 -9.4950802520e-02
2.9777223397e+00 -8.8765426241e-02
