2.9222425436e+02
2.9222012343e+02
2.9221619950e+02
2.9221216999e+02
2.9220673774e+02
2.9220247598e+02
2.9219688623e+02
2.9219173907e+02
2.9218688823e+02
2.9218088535e+02
2.9217492757e+02
2.9216875645e+02
2.9216168563e+02
2.9215468371e+02
2.9214734648e+02
2.9213927268e+02
2.9213109923e+02
2.9212218111e+02
2.9211227774e+02
2.9210245193e+02
2.9209116631e+02
2.9207939762e+02
2.9206825596e+02
2.9205585584e+02
2.9204213858e+02
2.9202741940e+02
2.9201243350e+02
2.9199603049e+02
2.9197937450e+02
2.9196219174e+02
2.9194402493e+02
2.9192515144e+02
2.9190410921e+02
2.9188299151e+02
2.9186038708e+02
2.9183775624e+02
2.9181511485e+02
2.9179188264e+02
2.9176673453e+02
2.9174107015e+02
2.9171392195e+02
2.9168807185e+02
2.9166349789e+02
2.9163628128e+02
2.9159924743e+02
2.9156258751e+02
2.9153136779e+02
2.9150134265e+02
2.9147274748e+02
2.9144261425e+02
2.9140948224e+02
2.9136981734e+02
2.9133717503e+02
2.9131082467e+02
2.9127282756e+02
2.9124210716e+02
2.9120837031e+02
2.9117159549e+02
2.9113543799e+02
2.9110192270e+02
2.9106675557e+02
2.9103325929e+02
2.9100230265e+02
2.9097202951e+02
2.9093370145e+02
2.9090206508e+02
2.9087297864e+02
2.9084279494e+02
2.9080324059e+02
2.9077847525e+02
2.9075404501e+02
2.9073253302e+02
2.9071009870e+02
2.9067880575e+02
2.9065682586e+02
2.9064022657e+02
2.9061857557e+02
2.9059841326e+02
2.9058237506e+02
2.9056932721e+02
2.9055718613e+02
2.9054393641e+02
2.9053470441e+02
2.9052847391e+02
2.9052271264e+02
2.9051848562e+02
2.9051752852e+02
2.9051772001e+02
2.9051972327e+02
2.9052438237e+02
2.9053029235e+02
2.9053741472e+02
2.9054700956e+02
2.9055694362e+02
2.9056906189e+02
2.9058189816e+02
2.9059599966e+02
2.9061051088e+02
2.9062616937e+02
2.9064019348e+02
