-1.1871774905e-05 -2.4607917552e-05
2.4236284837e-01 7.0523249534e-04
4.7918137694e-01 2.7599620404e-03
7.1040343532e-01 6.1197613872e-03
9.3603591666e-01 1.0756161391e-02
1.1560692253e+00 1.6586841180e-02
1.3704764789e+00 2.3590150524e-02
1.5792493460e+00 3.1696802746e-02
1.7823777958e+00 4.0871515868e-02
1.9798474966e+00 5.1063673763e-02
2.1716545902e+00 6.2222469369e-02
2.3577695469e+00 7.4310619531e-02
2.5381990309e+00 8.7267279609e-02
2.7129309344e+00 1.0106036416e-01
2.8819561032e+00 1.1563416537e-01
3.0452556357e+00 1.3094731885e-01
3.2028312726e+00 1.4695428968e-01
3.3546709652e+00 1.6360150626e-01
3.5007762871e+00 1.8085853842e-01
3.6411334194e+00 1.9866046523e-01
3.7757490958e+00 2.1698760833e-01
3.9045989038e+00 2.3576785018e-01
4.0277033765e+00 2.5496909958e-01
4.1450625987e+00 2.7454787104e-01
4.2566496616e+00 2.9444889584e-01
4.3624952599e+00 3.1464120805e-01
4.4626033303e+00 3.3506441129e-01
4.5569589370e+00 3.5568321230e-01
4.6455839329e+00 3.7644632359e-01
4.7284850317e+00 3.9731149365e-01
4.8056665160e+00 4.1823523010e-01
4.8771418550e+00 4.3916119515e-01
4.9429279629e+00 4.6005403927e-01
5.0030380245e+00 4.8086672526e-01
5.0574905115e+00 5.0154830597e-01
5.1062971369e+00 5.2205962707e-01
5.1494937324e+00 5.4235441621e-01
5.1870899044e+00 5.6238294590e-01
5.2191190221e+00 5.8210093858e-01
5.2456053214e+00 6.0146345623e-01
5.2665840124e+00 6.2042644382e-01
5.2820788506e+00 6.3894203805e-01
5.2921217779e+00 6.5696648834e-01
5.2967706035e+00 6.7445715174e-01
5.2960568728e+00 6.9136906565e-01
5.2900089680e+00 7.0765096507e-01
5.2786917828e+00 7.2326115066e-01
5.2621542220e+00 7.3816709069e-01
5.2404230732e+00 7.5231750863e-01
5.2135840090e+00 7.6565972415e-01
5.1816540468e+00 7.7817098561e-01
5.1447310905e+00 7.8978678808e-01
5.1028709625e+00 8.0048131019e-01
5.0561362322e+00 8.1021858573e-01
5.0045751942e+00 8.1893670748e-01
4.9482966994e+00 8.2661270066e-01
4.8873617678e+00 8.3320107736e-01
4.8218396323e+00 8.3868459649e-01
4.7518465151e+00 8.4302096667e-01
4.6774356403e+00 8.4611765510e-01
4.5987038338e+00 8.4801800591e-01
4.5157552287e+00 8.4864881263e-01
4.4286814666e+00 8.4799874986e-01
4.3376158759e+00 8.4602014748e-01
4.2426457136e+00 8.4270315879e-01
4.1438629696e+00 8.3801035868e-01
4.0414119745e+00 8.3191492560e-01
3.9354136894e+00 8.2441011852e-01
3.8259946531e+00 8.1547086401e-01
3.7132796911e+00 8.0507605667e-01
3.5974096352e+00 7.9321394720e-01
3.4785570209e+00 7.7988908417e-01
3.3568296375e+00 7.6507437787e-01
3.2324051498e+00 7.4877536232e-01
3.1054614540e+00 7.3100237894e-01
2.9761733816e+00 7.1174734716e-01
2.8446929141e+00 6.9102948789e-01
2.7112382685e+00 6.6886256368e-01
2.5760351065e+00 6.4526527877e-01
2.4392277275e+00 6.2026506743e-01
2.3011307066e+00 5.9392296873e-01
2.1619215440e+00 5.6623828441e-01
2.0218795626e+00 5.3728647681e-01
1.8812825499e+00 5.0712629923e-01
1.7404501178e+00 4.7581837298e-01
1.5996916937e+00 4.4347979504e-01
1.4593479063e+00 4.1016702125e-01
1.3198286190e+00 3.7600313880e-01
1.1815695390e+00 3.4116158658e-01
1.0450731287e+00 3.0573576813e-01
9.1085818022e-01 2.6997657749e-01
7.7959979177e-01 2.3404517895e-01
6.5204100838e-01 1.9825547845e-01
5.2909433540e-01 1.6287264806e-01
4.1191001549e-01 1.2837908304e-01
3.0191190390e-01 9.5226428138e-02
2.0121490174e-01 6.4171917689e-02
1.1216919182e-01 3.6249377015e-02
4.0637982209e-02 1.2699943542e-02
-2.4822969748e-04 -9.7177365862e-05
