9.0462738283e+01
9.0456857304e+01
9.0450976326e+01
9.0445095347e+01
9.0439214368e+01
9.0433333390e+01
9.0427452411e+01
9.0421571433e+01
9.0415690454e+01
9.0409809476e+01
9.0403928497e+01
9.0398047518e+01
9.0392166540e+01
9.0386285561e+01
9.0380404583e+01
9.0374523604e+01
9.0368642626e+01
9.0362761647e+01
9.0356880669e+01
9.0350999690e+01
9.0345118711e+01
9.0339237733e+01
9.0333356754e+01
9.0327475776e+01
9.0321594797e+01
9.0315713819e+01
9.0309832840e+01
9.0303951861e+01
9.0298070883e+01
9.0292189904e+01
9.0286308926e+01
9.0280427947e+01
9.0274546969e+01
9.0268665990e+01
9.0262785012e+01
9.0256904033e+01
9.0251023054e+01
9.0245142076e+01
9.0239261097e+01
9.0233380119e+01
9.0227499140e+01
9.0221618162e+01
9.0215737183e+01
9.0209856204e+01
9.0203975226e+01
9.0198094247e+01
9.0192213269e+01
9.0186332290e+01
9.0180451312e+01
9.0174570333e+01
9.0168689355e+01
9.0162808376e+01
9.0156927397e+01
9.0151046419e+01
9.0145165440e+01
9.0139284462e+01
9.0133403483e+01
9.0127522505e+01
9.0121641526e+01
9.0115760547e+01
9.0109879569e+01
9.0103998590e+01
9.0098117612e+01
9.0092236633e+01
9.0086355655e+01
9.0080474676e+01
9.0074593698e+01
9.0068712719e+01
9.0062831740e+01
9.0056950762e+01
9.0051069783e+01
9.0045188805e+01
9.0039307826e+01
9.0033426848e+01
9.0027545869e+01
9.0021664890e+01
9.0015783912e+01
9.0009902933e+01
9.0004021955e+01
8.9998140976e+01
8.9992259998e+01
8.9986379019e+01
8.9980498041e+01
8.9974617062e+01
8.9968736083e+01
8.9962855105e+01
8.9956974126e+01
8.9951093148e+01
8.9945212169e+01
8.9939331191e+01
8.9933450212e+01
8.9927569233e+01
8.9921688255e+01
8.9915807276e+01
8.9909926298e+01
8.9904045319e+01
8.9898164341e+01
8.9892283362e+01
8.9886402384e+01
8.9880521405e+01
