2.1999908291e+02
2.1999907256e+02
2.1999906432e+02
2.1999906990e+02
2.1999905688e+02
2.1999905742e+02
2.1999907602e+02
2.1999908299e+02
2.1999910829e+02
2.1999911431e+02
2.1999904766e+02
2.1999898616e+02
2.1999897767e+02
2.1999900294e+02
2.1999902513e+02
2.1999903224e+02
2.1999903438e+02
2.1999907956e+02
2.1999911907e+02
2.1999915858e+02
2.1999913492e+02
2.1999910937e+02
2.1999907839e+02
2.1999905048e+02
2.1999902257e+02
2.1999906292e+02
2.1999911534e+02
2.1999914068e+02
2.1999910241e+02
2.1999906413e+02
2.1999904207e+02
2.1999902877e+02
2.1999901951e+02
2.1999904781e+02
2.1999904206e+02
2.1999900425e+02
2.1999893294e+02
2.1999886595e+02
2.1999891917e+02
2.1999903408e+02
2.1999908942e+02
2.1999906389e+02
2.1999903939e+02
2.1999901454e+02
2.1999902922e+02
2.1999903121e+02
2.1999901975e+02
2.1999902246e+02
2.1999892685e+02
2.1999883491e+02
2.1999878937e+02
2.1999881185e+02
2.1999884921e+02
2.1999897071e+02
2.1999912095e+02
2.1999920566e+02
2.1999909362e+02
2.1999898158e+02
2.1999899423e+02
2.1999905276e+02
2.1999910718e+02
2.1999913656e+02
2.1999916593e+02
2.1999914242e+02
2.1999908616e+02
2.1999903478e+02
2.1999912608e+02
2.1999921737e+02
2.1999923822e+02
2.1999918788e+02
2.1999913755e+02
2.1999911680e+02
2.1999910778e+02
2.1999910783e+02
2.1999911560e+02
2.1999912471e+02
2.1999907279e+02
2.1999899957e+02
2.1999899082e+02
2.1999905429e+02
2.1999916200e+02
2.1999919848e+02
2.1999917224e+02
2.1999911786e+02
2.1999909774e+02
2.1999908570e+02
2.1999907776e+02
2.1999907215e+02
2.1999908472e+02
2.1999905873e+02
2.1999905117e+02
2.1999903316e+02
2.1999893899e+02
2.1999887930e+02
2.1999882365e+02
2.1999887325e+02
2.1999893490e+02
2.1999886232e+02
2.1999876786e+02
2.1999867340e+02
