5.8040147576e-07 4.9402557040e-08
2.9194534978e-01 -2.0490926704e-05
5.7757986781e-01 -8.2548174990e-05
8.5694141270e-01 -1.8746411883e-04
1.1300724919e+00 -3.3940334437e-04
1.3969949896e+00 -5.4258566137e-04
1.6577464706e+00 -7.9525746353e-04
1.9123578816e+00 -1.1013195065e-03
2.1608514528e+00 -1.4628759068e-03
2.4032685000e+00 -1.8832908406e-03
2.6396217925e+00 -2.3610208779e-03
2.8699548240e+00 -2.8993278605e-03
3.0942855182e+00 -3.4993502301e-03
3.3126436904e+00 -4.1634159749e-03
3.5250424856e+00 -4.8893446512e-03
3.7315219105e+00 -5.6811261378e-03
3.9320952295e+00 -6.5381064816e-03
4.1267877672e+00 -7.4595195547e-03
4.3156090966e+00 -8.4450181550e-03
4.4986002464e+00 -9.4963836582e-03
4.6757687171e+00 -1.0611131329e-02
4.8471348859e+00 -1.1790085787e-02
5.0127137957e+00 -1.3031436165e-02
5.1725227735e+00 -1.4332654735e-02
5.3265809710e+00 -1.5693403101e-02
5.4749087641e+00 -1.7112071868e-02
5.6175068567e+00 -1.8586279387e-02
5.7543953179e+00 -2.0112271909e-02
5.8855917800e+00 -2.1688965263e-02
6.0111012422e+00 -2.3313789009e-02
6.1309272400e+00 -2.4982924769e-02
6.2451010499e+00 -2.6695144489e-02
6.3535999815e+00 -2.8443963836e-02
6.4564545096e+00 -3.0227592413e-02
6.5536602511e+00 -3.2044480888e-02
6.6452234613e+00 -3.3886443047e-02
6.7311494219e+00 -3.5749582476e-02
6.8114389423e+00 -3.7629171500e-02
6.8861175638e+00 -3.9522804154e-02
6.9551341276e+00 -4.1431054989e-02
7.0184635245e+00 -4.3352028719e-02
7.0761219365e+00 -4.5269512733e-02
7.1283330465e+00 -4.7161304235e-02
7.1749076864e+00 -4.9050921476e-02
7.2156968179e+00 -5.0940909273e-02
7.2508790959e+00 -5.2799336223e-02
7.2803667534e+00 -5.4628466808e-02
7.3041940259e+00 -5.6427227461e-02
7.3223325728e+00 -5.8193142704e-02
7.3347495390e+00 -5.9919519411e-02
7.3414699084e+00 -6.1580271520e-02
7.3424787669e+00 -6.3199021948e-02
7.3377054995e+00 -6.4774882692e-02
7.3272023234e+00 -6.6264354646e-02
7.3109257081e+00 -6.7690234847e-02
7.2888163197e+00 -6.9043841968e-02
7.2608941831e+00 -7.0312223998e-02
7.2271159464e+00 -7.1497773754e-02
7.1874700827e+00 -7.2591039873e-02
7.1419275087e+00 -7.3590755783e-02
7.0904590090e+00 -7.4493236540e-02
7.0330407403e+00 -7.5282025683e-02
6.9696316057e+00 -7.5963500501e-02
6.9002185057e+00 -7.6528739655e-02
6.8247437482e+00 -7.6972458282e-02
6.7431903156e+00 -7.7298851148e-02
6.6555157828e+00 -7.7489686307e-02
6.5616723631e+00 -7.7553011213e-02
6.4616431699e+00 -7.7484781980e-02
6.3553829844e+00 -7.7262287506e-02
6.2428168865e+00 -7.6927642724e-02
6.1239430063e+00 -7.6438997817e-02
5.9987271832e+00 -7.5785711171e-02
5.8671220706e+00 -7.4997834687e-02
5.7290212817e+00 -7.4060145038e-02
5.5844439052e+00 -7.2959423575e-02
5.4333061675e+00 -7.1718682307e-02
5.2755765153e+00 -7.0308028285e-02
5.1111743336e+00 -6.8740899018e-02
4.9400665318e+00 -6.7025794112e-02
4.7621893506e+00 -6.5143410405e-02
4.5775030413e+00 -6.3105798353e-02
4.3859316596e+00 -6.0908352246e-02
4.1874252535e+00 -5.8552307833e-02
3.9819278873e+00 -5.6036139711e-02
3.7693685267e+00 -5.3364318322e-02
3.5496828323e+00 -5.0534468283e-02
3.3228095964e+00 -4.7551730470e-02
3.0886806823e+00 -4.4411349687e-02
2.8472292514e+00 -4.1120838019e-02
2.5983812108e+00 -3.7678032999e-02
2.3420661305e+00 -3.4085118486e-02
2.0782141158e+00 -3.0346690383e-02
1.8067441134e+00 -2.6461617910e-02
1.5275796111e+00 -2.2432892924e-02
1.2406429996e+00 -1.8263714682e-02
9.4585298007e-01 -1.3953447012e-02
6.4312443079e-01 -9.5069512769e-03
3.3235790626e-01 -4.9212100945e-03
1.3700436704e-02 -2.0285534842e-04
