2.0342897381e-05 -3.6304104157e-07
5.2824717763e-02 7.3594229289e-04
9.3168440342e-02 2.4893110591e-05
1.5726844190e-01 2.1180596605e-03
1.8271183736e-01 8.1920957908e-05
2.5634260959e-01 3.3177410226e-03
2.6865053394e-01 1.7072050091e-04
3.5022714083e-01 4.3750562001e-03
3.5098453010e-01 2.9129173960e-04
4.2976050447e-01 4.3943404888e-04
4.3901336425e-01 5.2737132258e-03
5.0513742966e-01 6.2445822344e-04
5.2291730446e-01 6.0228867756e-03
5.7710750805e-01 8.5323122647e-04
6.0203286273e-01 6.7093374198e-03
6.4566031880e-01 1.0793635429e-03
6.7650223227e-01 7.2324402355e-03
7.1081853684e-01 1.3059942844e-03
7.4646419801e-01 7.6899344913e-03
7.7265867768e-01 1.5582519898e-03
8.1202103910e-01 8.0826000319e-03
8.3120351831e-01 1.8323514990e-03
8.7329690898e-01 8.3531975045e-03
8.8645264289e-01 2.1219939096e-03
9.3036855490e-01 8.5927804951e-03
9.3843391922e-01 2.4124091464e-03
9.8335135595e-01 8.7672036267e-03
9.8717555272e-01 2.7070040736e-03
1.0323321130e+00 8.8555870690e-03
1.0327015509e+00 3.0111403611e-03
1.0750119136e+00 3.3248180088e-03
1.0773788415e+00 8.9332410835e-03
1.1141182577e+00 3.6458992708e-03
1.1185821455e+00 8.9567162766e-03
1.1500411798e+00 3.9616906635e-03
1.1560105555e+00 8.9134533047e-03
1.1827804993e+00 4.2766745267e-03
1.1897214651e+00 8.8670531987e-03
1.2123426048e+00 4.5930874771e-03
1.2197820808e+00 8.7865838794e-03
1.2387281752e+00 4.9095424674e-03
1.2462544858e+00 8.6513182885e-03
1.2619363716e+00 5.2235757846e-03
1.2691878148e+00 8.5093239405e-03
1.2819645920e+00 5.5331267306e-03
1.2886166034e+00 8.3542927469e-03
1.2988077507e+00 5.8347984871e-03
1.3046059730e+00 8.1598931588e-03
1.3124559396e+00 6.1292976199e-03
1.3171886211e+00 7.9449847867e-03
1.3228957063e+00 6.4245626661e-03
1.3263906213e+00 7.7329341776e-03
1.3301147683e+00 6.7091248303e-03
1.3322618527e+00 7.4971070537e-03
1.3340984796e+00 6.9775845006e-03
1.3348201175e+00 7.2372274372e-03
