-1.5888638247e-05 -2.7872416049e-05
1.9357183491e-01 2.4656931640e-04
3.8113186292e-01 9.4538497316e-04
5.6277267332e-01 2.0821128139e-03
7.3856379468e-01 3.6543140259e-03
9.0862498231e-01 5.6318338942e-03
1.0730351359e+00 7.9908780927e-03
1.2318914789e+00 1.0726969070e-02
1.3852981255e+00 1.3812857868e-02
1.5333291904e+00 1.7240201625e-02
1.6760937629e+00 2.0986504702e-02
1.8136817230e+00 2.5043376433e-02
1.9461804284e+00 2.9393529953e-02
2.0736846467e+00 3.4016905382e-02
2.1962764495e+00 3.8906190023e-02
2.3140703542e+00 4.4047982316e-02
2.4271113153e+00 4.9419200835e-02
2.5355239097e+00 5.5023698537e-02
2.6393679076e+00 6.0831646107e-02
2.7387370743e+00 6.6841875102e-02
2.8337239188e+00 7.3034719549e-02
2.9243848210e+00 7.9403507146e-02
3.0108183491e+00 8.5932587683e-02
3.0930968401e+00 9.2610729288e-02
3.1712862883e+00 9.9426845805e-02
3.2454680675e+00 1.0636916577e-01
3.3157074177e+00 1.1342667327e-01
3.3820752730e+00 1.2058691629e-01
3.4446366699e+00 1.2783674531e-01
3.5034531704e+00 1.3516684228e-01
3.5585849048e+00 1.4256719178e-01
3.6101045683e+00 1.5002349351e-01
3.6580512542e+00 1.5752531922e-01
3.7024864529e+00 1.6506158160e-01
3.7434712551e+00 1.7261910341e-01
3.7810297535e+00 1.8018677111e-01
3.8152263699e+00 1.8775221766e-01
3.8460949306e+00 1.9530735314e-01
3.8736920483e+00 2.0283075903e-01
3.8980484022e+00 2.1032633639e-01
3.9191762445e+00 2.1776352978e-01
3.9371467888e+00 2.2513835599e-01
3.9519640607e+00 2.3243762153e-01
3.9636731020e+00 2.3964678684e-01
3.9722793739e+00 2.4675613327e-01
3.9778171026e+00 2.5374785686e-01
3.9803074288e+00 2.6060898794e-01
3.9797477031e+00 2.6732462100e-01
3.9761746596e+00 2.7388197360e-01
3.9695982711e+00 2.8026398339e-01
3.9600137263e+00 2.8645619163e-01
3.9474395390e+00 2.9244542620e-01
3.9318750535e+00 2.9821119852e-01
3.9133391679e+00 3.0374108258e-01
3.8918051810e+00 3.0901604298e-01
3.8672933910e+00 3.1402330762e-01
3.8397861357e+00 3.1873666419e-01
3.8092913773e+00 3.2314771205e-01
3.7757951528e+00 3.2723541380e-01
3.7392822823e+00 3.3097585759e-01
3.6997622033e+00 3.3435519416e-01
3.6572038628e+00 3.3735944609e-01
3.6116100591e+00 3.3995514801e-01
3.5629621712e+00 3.4213291084e-01
3.5112484659e+00 3.4387207357e-01
3.4564529449e+00 3.4514221149e-01
3.3985749349e+00 3.4593970224e-01
3.3375816368e+00 3.4622579506e-01
3.2734669458e+00 3.4599436191e-01
3.2062336293e+00 3.4520061391e-01
3.1358547871e+00 3.4385150219e-01
3.0623307078e+00 3.4190357701e-01
2.9856429651e+00 3.3934244207e-01
2.9057994249e+00 3.3614905297e-01
2.8227862939e+00 3.3230301027e-01
2.7366043617e+00 3.2776374418e-01
2.6473183482e+00 3.2254239135e-01
2.5547504510e+00 3.1656349625e-01
2.4592283468e+00 3.0990661460e-01
2.3605156313e+00 3.0245297536e-01
2.2587275023e+00 2.9421445567e-01
2.1539369230e+00 2.8518848509e-01
2.0461468637e+00 2.7534156488e-01
1.9354614569e+00 2.6467504842e-01
1.8219302897e+00 2.5316369349e-01
1.7056712990e+00 2.4080064912e-01
1.5868198265e+00 2.2759392292e-01
1.4654847592e+00 2.1352022797e-01
1.3418834319e+00 1.9859434460e-01
1.2162160535e+00 1.8284623715e-01
1.0887849284e+00 1.6624675776e-01
9.5992725033e-01 1.4887558337e-01
8.3001300313e-01 1.3078856214e-01
6.9970131298e-01 1.1195799317e-01
5.6976237213e-01 9.2666436356e-02
4.4103134925e-01 7.2836355226e-02
3.1521320075e-01 5.2872093048e-02
1.9449823254e-01 3.3248153837e-02
8.4280909381e-02 1.4125659459e-02
-7.4057261546e-04 -1.2853462216e-04
