3.0273445399e+01
3.0271360447e+01
3.0269275495e+01
3.0267190543e+01
3.0265105591e+01
3.0263426654e+01
3.0262117767e+01
3.0260764955e+01
3.0258774152e+01
3.0256783348e+01
3.0255286907e+01
3.0253916372e+01
3.0252545837e+01
3.0251191715e+01
3.0249962985e+01
3.0248955499e+01
3.0248002887e+01
3.0246790872e+01
3.0245578857e+01
3.0244366842e+01
3.0243407115e+01
3.0242555185e+01
3.0241703255e+01
3.0240859488e+01
3.0240077343e+01
3.0239295198e+01
3.0238761482e+01
3.0238219362e+01
3.0237641122e+01
3.0237062882e+01
3.0236484642e+01
3.0235950089e+01
3.0235553127e+01
3.0235288194e+01
3.0235047817e+01
3.0234772960e+01
3.0234451623e+01
3.0234130287e+01
3.0234123604e+01
3.0234118681e+01
3.0234013233e+01
3.0233907784e+01
3.0233912717e+01
3.0234044149e+01
3.0234175580e+01
3.0234310520e+01
3.0234446337e+01
3.0234891458e+01
3.0235356038e+01
3.0235650315e+01
3.0235918663e+01
3.0236311922e+01
3.0236897672e+01
3.0237483421e+01
3.0238099001e+01
3.0238773394e+01
3.0239799440e+01
3.0240549620e+01
3.0241273161e+01
3.0242040213e+01
3.0243193681e+01
3.0244347148e+01
3.0245500616e+01
3.0246661567e+01
3.0247988922e+01
3.0249316277e+01
3.0250643632e+01
3.0252076584e+01
3.0253952633e+01
3.0255828682e+01
3.0257350690e+01
3.0259013802e+01
3.0260998108e+01
3.0263017934e+01
3.0265115522e+01
3.0267634292e+01
3.0270065562e+01
3.0272301208e+01
3.0274569034e+01
3.0277507088e+01
3.0280445142e+01
3.0283383195e+01
3.0286186345e+01
3.0289371018e+01
3.0292558628e+01
3.0295846982e+01
3.0299842060e+01
3.0303588168e+01
3.0306984531e+01
3.0310999987e+01
3.0315153089e+01
3.0319364300e+01
3.0324059305e+01
3.0328535413e+01
3.0333011521e+01
3.0337993972e+01
3.0343185349e+01
3.0348376726e+01
3.0353946743e+01
3.0359483492e+01
