4.5271376189e+02
4.5291274253e+02
4.5311179646e+02
4.5331092431e+02
4.5349392769e+02
4.5354144918e+02
4.5358915177e+02
4.5363703698e+02
4.5368510633e+02
4.5369896195e+02
4.5368294164e+02
4.5366713905e+02
4.5365155594e+02
4.5363619406e+02
4.5356232410e+02
4.5346848675e+02
4.5337863324e+02
4.5329263669e+02
4.5315229432e+02
4.5302026041e+02
4.5289730401e+02
4.5276247706e+02
4.5259221205e+02
4.5242226821e+02
4.5225264790e+02
4.5207655727e+02
4.5187908511e+02
4.5168549196e+02
4.5149225726e+02
4.5129171231e+02
4.5105407224e+02
4.5081844055e+02
4.5059796587e+02
4.5037590074e+02
4.5011660722e+02
4.4985770342e+02
4.4960196917e+02
4.4934950265e+02
4.4907356272e+02
4.4878730543e+02
4.4850364443e+02
4.4822915077e+02
4.4794009118e+02
4.4763712286e+02
4.4733787445e+02
4.4703905938e+02
4.4673566246e+02
4.4640727636e+02
4.4607934855e+02
4.4575628375e+02
4.4543647179e+02
4.4510320392e+02
4.4475441327e+02
4.4440716851e+02
4.4406440686e+02
4.4372212944e+02
4.4335656975e+02
4.4298753334e+02
4.4262338044e+02
4.4226325536e+02
4.4189780255e+02
4.4150892448e+02
4.4112056438e+02
4.4073485555e+02
4.4035095090e+02
4.3995716010e+02
4.3954726832e+02
4.3913992984e+02
4.3874134399e+02
4.3834329293e+02
4.3791889528e+02
4.3749474029e+02
4.3707645967e+02
4.3666026456e+02
4.3622508618e+02
4.3578045686e+02
4.3534429563e+02
4.3491217303e+02
4.3447738489e+02
4.3401716800e+02
4.3355756081e+02
4.3309996483e+02
4.3264804314e+02
4.3217797738e+02
4.3170100760e+02
4.3122497321e+02
4.3075669454e+02
4.3028904105e+02
4.2980232904e+02
4.2931150119e+02
4.2882223726e+02
4.2833363776e+02
4.2784321793e+02
4.2733020946e+02
4.2681790077e+02
4.2630629526e+02
4.2579539628e+02
4.2527971554e+02
4.2475366609e+02
4.2422832330e+02
4.2370369050e+02
4.2317977101e+02
4.2264553272e+02
4.2209694303e+02
4.2154909822e+02
4.2100342612e+02
4.2046047937e+02
4.1989518738e+02
4.1933040056e+02
4.1877176034e+02
4.1821388300e+02
4.1765181557e+02
4.1706492310e+02
4.1647882886e+02
4.1589409687e+02
4.1531398154e+02
4.1472589295e+02
4.1411565623e+02
4.1350906784e+02
4.1291367024e+02
4.1231908030e+02
4.1171161959e+02
4.1108997704e+02
4.1046875977e+02
4.0984794377e+02
4.0922798384e+02
4.0858669580e+02
4.0794170196e+02
4.0729760898e+02
4.0665442058e+02
4.0602205555e+02
4.0536249155e+02
4.0470343853e+02
4.0404527817e+02
4.0338801410e+02
4.0272827806e+02
4.0204456528e+02
4.0136179218e+02
4.0068033110e+02
4.0000104434e+02
3.9931092917e+02
3.9860298587e+02
3.9789603281e+02
3.9719987457e+02
3.9650610778e+02
3.9579292272e+02
3.9507204283e+02
3.9435054151e+02
3.9363001485e+02
3.9291046658e+02
3.9216663845e+02
3.9141994441e+02
3.9067427693e+02
3.8992963987e+02
3.8918069491e+02
3.8842042195e+02
3.8766114635e+02
3.8690287182e+02
3.8614560206e+02
3.8537829771e+02
3.8459187575e+02
3.8380650253e+02
3.8302145013e+02
3.8223715943e+02
3.8143717509e+02
3.8062360225e+02
3.7981113285e+02
3.7899977086e+02
3.7820250422e+02
3.7738585748e+02
3.7656207955e+02
3.7573935092e+02
3.7491767528e+02
3.7409172512e+02
3.7324302833e+02
3.7239542971e+02
3.7154807273e+02
3.7069598033e+02
3.6983719491e+02
3.6896442507e+02
3.6809279214e+02
3.6722229998e+02
3.6635991418e+02
3.6548612924e+02
3.6459924144e+02
3.6371341617e+02
3.6282865698e+02
3.6194496744e+02
3.6104035880e+02
3.6013029587e+02
3.5922134758e+02
3.5831050533e+02
3.5739112960e+02
3.5646518301e+02
3.5553098125e+02
3.5459791333e+02
3.5366598294e+02
3.5273606354e+02
3.5180204895e+02
3.5085388435e+02
3.4990674229e+02
3.4896062602e+02
3.4801553881e+02
3.4705356593e+02
3.4609106783e+02
3.4512679551e+02
3.4414606818e+02
3.4316637895e+02
3.4218255483e+02
3.4119808876e+02
3.4021468418e+02
3.3923234436e+02
3.3823617262e+02
3.3722630518e+02
3.3621629108e+02
3.3521071262e+02
3.3421357971e+02
3.3321735646e+02
3.3221438071e+02
3.3119229831e+02
3.3017005294e+02
3.2914869779e+02
3.2812823553e+02
3.2710439022e+02
3.2608048797e+02
3.2504570400e+02
3.2400450106e+02
3.2296402628e+02
3.2191912248e+02
3.2087509756e+02
3.1983195409e+02
3.1878969464e+02
3.1772402688e+02
3.1666269876e+02
3.1560324986e+02
3.1454461730e+02
3.1348680340e+02
3.1242981052e+02
3.1136807649e+02
3.1029864981e+02
3.0922984290e+02
3.0816165751e+02
3.0709409539e+02
3.0603120637e+02
3.0496529045e+02
3.0388057483e+02
3.0279641207e+02
3.0171280371e+02
3.0063585677e+02
2.9956542222e+02
2.9849140874e+02
2.9739788412e+02
2.9630483273e+02
2.9521927845e+02
2.9413970136e+02
2.9306057981e+02
2.9197782124e+02
2.9087183625e+02
2.8977452732e+02
2.8868978983e+02
2.8760539611e+02
2.8652134708e+02
2.8543439848e+02
2.8432532004e+02
2.8323800470e+02
2.8215091290e+02
2.8106404524e+02
2.7997740230e+02
2.7888358542e+02
2.7779283683e+02
2.7670487668e+02
2.7561711061e+02
2.7452936781e+02
2.7344925694e+02
2.7237207607e+02
2.7128683600e+02
2.7020149553e+02
2.6911605439e+02
2.6803051234e+02
2.6695345740e+02
2.6588489659e+02
2.6480728417e+02
2.6372942217e+02
2.6265130994e+02
2.6157294686e+02
2.6051244073e+02
2.5945391302e+02
2.5838541305e+02
2.5731652938e+02
2.5624726103e+02
2.5517852867e+02
2.5414349407e+02
2.5308642803e+02
2.5202883571e+02
2.5097071583e+02
2.4991206708e+02
2.4887888742e+02
2.4785214638e+02
2.4680878018e+02
2.4576474691e+02
2.4472004496e+02
2.4368734519e+02
2.4267890730e+02
2.4165522480e+02
2.4063073982e+02
2.3960545042e+02
2.3857935470e+02
2.3758633229e+02
2.3658483216e+02
2.3558239676e+02
2.3457902387e+02
2.3357471130e+02
2.3257466061e+02
2.3160084030e+02
2.3062324943e+02
2.2964459413e+02
2.2866487193e+02
2.2768387645e+02
2.2671888165e+02
2.2576453634e+02
2.2480893978e+02
2.2385208909e+02
2.2289398138e+02
2.2194277796e+02
2.2101424068e+02
2.2008433369e+02
2.1915305388e+02
2.1822039813e+02
2.1728636331e+02
2.1637719627e+02
2.1547658795e+02
2.1457443720e+02
2.1367074054e+02
2.1276549450e+02
2.1186205695e+02
2.1096647761e+02
2.1008882594e+02
2.0922305314e+02
2.0835564255e+02
2.0749063164e+02
2.0662958322e+02
2.0576690915e+02
2.0491690734e+02
2.0408331805e+02
2.0325577497e+02
2.0243234450e+02
2.0160722443e+02
2.0078041107e+02
1.9995190075e+02
1.9915371414e+02
1.9836743597e+02
1.9757501428e+02
1.9678019093e+02
1.9598344242e+02
1.9518964064e+02
1.9442161152e+02
1.9366323789e+02
1.9290289989e+02
1.9214059337e+02
1.9138663650e+02
1.9063481092e+02
1.8990209645e+02
1.8917754706e+02
1.8845230013e+02
1.8773949111e+02
1.8702472715e+02
1.8630800415e+02
1.8560734618e+02
1.8491484786e+02
1.8424301822e+02
1.8357084044e+02
1.8289274892e+02
1.8220100680e+02
1.8154397309e+02
1.8089459042e+02
1.8024523947e+02
1.7959379750e+02
1.7895916893e+02
1.7833868633e+02
1.7771619317e+02
1.7709168537e+02
1.7646794068e+02
1.7587770108e+02
1.7527950300e+02
1.7467915573e+02
1.7407665496e+02
1.7348330488e+02
1.7291911573e+02
1.7235285024e+02
1.7178750033e+02
1.7122073198e+02
1.7068488887e+02
1.7015217505e+02
1.6961744522e+02
1.6907035974e+02
1.6853773923e+02
1.6802220972e+02
1.6750835857e+02
1.6699239653e+02
1.6648810359e+02
1.6600608909e+02
1.6552206862e+02
1.6503603828e+02
1.6454876968e+02
1.6407609110e+02
1.6362456428e+02
1.6316891737e+02
1.6271128221e+02
1.6225165499e+02
1.6180475775e+02
1.6137647599e+02
1.6094632396e+02
1.6051419575e+02
1.6008231070e+02
1.5968785887e+02
1.5929148412e+02
1.5889318280e+02
1.5849295129e+02
1.5809591411e+02
1.5772287637e+02
1.5734568028e+02
1.5696659026e+02
1.5658560277e+02
1.5622100457e+02
1.5587571197e+02
1.5552858087e+02
1.5517164540e+02
1.5483803037e+02
1.5450802885e+02
1.5417366014e+02
1.5383845251e+02
1.5353132729e+02
1.5322245692e+02
1.5291183820e+02
1.5259958286e+02
1.5231633095e+02
1.5202990577e+02
1.5174169394e+02
1.5145169222e+02
1.5116203048e+02
1.5088822944e+02
1.5063066553e+02
1.5037978373e+02
1.5012720577e+02
1.4987292862e+02
1.4962904472e+02
1.4939439798e+02
1.4915809074e+02
1.4892012004e+02
1.4869160970e+02
1.4847332037e+02
1.4827121699e+02
1.4806753638e+02
1.4786227573e+02
1.4765543226e+02
1.4746140152e+02
1.4728235989e+02
1.4710579925e+02
1.4692772839e+02
1.4674860246e+02
1.4658546970e+02
1.4643283794e+02
1.4628642296e+02
1.4613857498e+02
1.4598929153e+02
1.4585328727e+02
1.4571703691e+02
1.4560399434e+02
1.4549373167e+02
1.4538213263e+02
1.4527778777e+02
1.4518506604e+02
1.4510094399e+02
1.4501554760e+02
1.4493879181e+02
1.4487073046e+02
1.4481155895e+02
1.4477451111e+02
1.4473629950e+02
1.4470920974e+02
1.4469504593e+02
1.4467968988e+02
1.4466299344e+02
1.4467039003e+02
1.4472110840e+02
1.4476525076e+02
1.4480400496e+02
1.4485044464e+02
1.4493281950e+02
1.4501433913e+02
1.4514126836e+02
1.4526935633e+02
1.4541588463e+02
1.4557592954e+02
1.4575748573e+02
1.4599977565e+02
1.4624182305e+02
1.4650092855e+02
1.4678382857e+02
1.4712970014e+02
