5.4933048169e+02
5.4933061090e+02
5.4933037163e+02
5.4933059618e+02
5.4933026158e+02
5.4933055278e+02
5.4933015152e+02
5.4933050938e+02
5.4933010507e+02
5.4933047683e+02
5.4933008602e+02
5.4933045209e+02
5.4933006698e+02
5.4933042735e+02
5.4933006950e+02
5.4933040513e+02
5.4933038272e+02
5.4933008295e+02
5.4933009640e+02
5.4933036032e+02
5.4933015259e+02
5.4933033791e+02
5.4933032883e+02
5.4933028503e+02
5.4933032603e+02
5.4933038564e+02
5.4933044039e+02
5.4933032323e+02
5.4933037803e+02
5.4933033204e+02
5.4933030583e+02
5.4933026315e+02
5.4933021871e+02
5.4933022153e+02
5.4933024512e+02
5.4933017990e+02
5.4933030508e+02
5.4933011627e+02
5.4933034311e+02
5.4932998379e+02
5.4933039104e+02
5.4932985130e+02
5.4933045803e+02
5.4932984617e+02
5.4933045329e+02
5.4932980725e+02
5.4933036747e+02
5.4933003180e+02
5.4933036149e+02
5.4933025635e+02
5.4933039824e+02
5.4933027952e+02
5.4933008696e+02
5.4933037889e+02
5.4933007274e+02
5.4933035954e+02
5.4933023170e+02
5.4933048825e+02
5.4933028169e+02
5.4933041888e+02
5.4933035115e+02
5.4933024155e+02
5.4933033208e+02
5.4933028343e+02
5.4933030109e+02
5.4933036707e+02
5.4933021705e+02
5.4933061252e+02
5.4933012733e+02
5.4933085797e+02
5.4933003462e+02
5.4933089668e+02
5.4932992365e+02
5.4933063347e+02
5.4932982983e+02
5.4933023602e+02
5.4932984812e+02
5.4932983856e+02
5.4932995044e+02
5.4932977943e+02
5.4933005649e+02
5.4932992845e+02
5.4933001260e+02
5.4933008387e+02
5.4932993063e+02
5.4933022534e+02
5.4932985889e+02
5.4933009006e+02
5.4932982536e+02
5.4932999271e+02
5.4932983283e+02
5.4932989535e+02
5.4932980757e+02
5.4932993412e+02
5.4932978576e+02
5.4933001707e+02
5.4932990609e+02
5.4933009250e+02
5.4933011105e+02
5.4933002643e+02
