4.7761270097e+02
4.7782226204e+02
4.7761340978e+02
4.7782286534e+02
4.7761422337e+02
4.7782336253e+02
4.7761514094e+02
4.7782375310e+02
4.7761616156e+02
4.7782403667e+02
4.7761728420e+02
4.7782421294e+02
4.7761850772e+02
4.7782428175e+02
4.7761983091e+02
4.7782424302e+02
4.7762125242e+02
4.7782409678e+02
4.7762277083e+02
4.7782384320e+02
4.7762438460e+02
4.7782348252e+02
4.7762609211e+02
4.7782301510e+02
4.7762789164e+02
4.7782244142e+02
4.7762978139e+02
4.7782176205e+02
4.7763175944e+02
4.7782097769e+02
4.7763382380e+02
4.7782008911e+02
4.7763597240e+02
4.7781909721e+02
4.7763820308e+02
4.7781800300e+02
4.7764051358e+02
4.7781680756e+02
4.7764290158e+02
4.7781551212e+02
4.7764536467e+02
4.7781411797e+02
4.7764790038e+02
4.7781262651e+02
4.7765050616e+02
4.7781103925e+02
4.7765317937e+02
4.7780935778e+02
4.7765591733e+02
4.7780758381e+02
4.7765871728e+02
4.7780571911e+02
4.7766157640e+02
4.7780376556e+02
4.7766449181e+02
4.7780172512e+02
4.7766746058e+02
4.7779959987e+02
4.7767047971e+02
4.7779739192e+02
4.7767354617e+02
4.7779510352e+02
4.7767665687e+02
4.7779273695e+02
4.7767980868e+02
4.7779029461e+02
4.7768299842e+02
4.7778777896e+02
4.7768622288e+02
4.7778519251e+02
4.7768947882e+02
4.7778253789e+02
4.7769276295e+02
4.7777981777e+02
4.7769607198e+02
4.7777703487e+02
4.7769940256e+02
4.7777419202e+02
4.7770275134e+02
4.7777129205e+02
4.7770611496e+02
4.7776833791e+02
4.7770949002e+02
4.7776533256e+02
4.7771287313e+02
4.7776227902e+02
4.7771626088e+02
4.7775918038e+02
4.7771964985e+02
4.7775603975e+02
4.7772303665e+02
4.7775286030e+02
4.7772641785e+02
4.7774964522e+02
4.7772979005e+02
4.7774639776e+02
4.7773314986e+02
4.7774312118e+02
4.7773649389e+02
4.7773981878e+02
