9.5345049344e+02
9.5441614522e+02
9.5442697888e+02
9.5343945668e+02
9.5443781254e+02
9.5342841992e+02
9.5444912847e+02
9.5341738316e+02
9.5445970982e+02
9.5340768840e+02
9.5446959355e+02
9.5339915032e+02
9.5447950749e+02
9.5339022044e+02
9.5448968848e+02
9.5338204138e+02
9.5449676242e+02
9.5337539558e+02
9.5450261880e+02
9.5336873456e+02
9.5450908019e+02
9.5336202331e+02
9.5451554158e+02
9.5335768636e+02
9.5452030033e+02
9.5335396587e+02
9.5452339457e+02
9.5335024537e+02
9.5452614420e+02
9.5334657525e+02
9.5452875120e+02
9.5334596551e+02
9.5452760252e+02
9.5334525272e+02
9.5452645383e+02
9.5334453994e+02
9.5452515993e+02
9.5334558914e+02
9.5452142987e+02
9.5334818092e+02
9.5451540567e+02
9.5335142340e+02
9.5450938146e+02
9.5335525866e+02
9.5450354968e+02
9.5336269405e+02
9.5449403893e+02
9.5337012943e+02
9.5448456452e+02
9.5337765660e+02
9.5447509011e+02
9.5338763558e+02
9.5446324357e+02
9.5339739677e+02
9.5444855621e+02
9.5340715796e+02
9.5443455940e+02
9.5341898842e+02
9.5442056259e+02
9.5343262829e+02
9.5440105107e+02
9.5344840404e+02
9.5438114952e+02
9.5346426274e+02
9.5436186845e+02
9.5348191247e+02
9.5434258050e+02
9.5349956220e+02
9.5432114075e+02
9.5351759196e+02
9.5429970101e+02
9.5353832415e+02
9.5427824474e+02
9.5355981471e+02
9.5425288533e+02
9.5358075343e+02
9.5422723619e+02
9.5360148073e+02
9.5420158704e+02
9.5362467211e+02
9.5417525492e+02
9.5365007311e+02
9.5414650416e+02
9.5367547411e+02
9.5411994842e+02
9.5370095877e+02
9.5409397319e+02
9.5372655053e+02
9.5406581628e+02
9.5375333003e+02
9.5403672992e+02
9.5378132102e+02
9.5400791712e+02
9.5380919010e+02
9.5398118184e+02
9.5383704629e+02
9.5395237287e+02
9.5386490248e+02
9.5392356389e+02
9.5389441590e+02
