4.1048131034e+01
4.1035460878e+01
4.1022790721e+01
4.1010120564e+01
4.0997450408e+01
4.0986523891e+01
4.0976365696e+01
4.0966207501e+01
4.0956069660e+01
4.0946770042e+01
4.0938983846e+01
4.0930554642e+01
4.0922018567e+01
4.0913482491e+01
4.0906818283e+01
4.0900621547e+01
4.0894429569e+01
4.0888237590e+01
4.0883330956e+01
4.0879403818e+01
4.0875476680e+01
4.0871494873e+01
4.0868185428e+01
4.0865560248e+01
4.0862935068e+01
4.0860309888e+01
4.0859260567e+01
4.0859062486e+01
4.0858864405e+01
4.0858445173e+01
4.0859402949e+01
4.0860196496e+01
4.0860990043e+01
4.0862769663e+01
4.0865828735e+01
4.0868779198e+01
4.0871061764e+01
4.0875351592e+01
4.0879420039e+01
4.0883355150e+01
4.0888917322e+01
4.0894880837e+01
4.0899972115e+01
4.0905471467e+01
4.0912713059e+01
4.0919954651e+01
4.0927174937e+01
4.0934743234e+01
4.0943979192e+01
4.0952288724e+01
4.0960598255e+01
4.0970029912e+01
4.0980643922e+01
4.0989949518e+01
4.0999731365e+01
4.1010654096e+01
4.1021576827e+01
4.1032833738e+01
4.1045362347e+01
4.1056785986e+01
4.1068209624e+01
4.1080493479e+01
4.1093140640e+01
4.1105802683e+01
4.1119839612e+01
4.1132680417e+01
4.1145521221e+01
4.1158502020e+01
4.1172398191e+01
4.1186294361e+01
4.1199857160e+01
4.1212496048e+01
4.1226135383e+01
4.1239774719e+01
4.1253651796e+01
4.1267767361e+01
4.1281154721e+01
4.1292209885e+01
4.1302420278e+01
4.1314490032e+01
4.1327733310e+01
4.1339952674e+01
4.1350718818e+01
4.1358704477e+01
4.1364744032e+01
4.1368591294e+01
4.1372999699e+01
4.1381065345e+01
4.1382127642e+01
4.1378418532e+01
4.1374709422e+01
4.1362927094e+01
4.1346040206e+01
4.1329153317e+01
4.1308952443e+01
4.1251426805e+01
4.1176217073e+01
4.1101007340e+01
4.1025797607e+01
4.0950587874e+01
