8.2399765577e+02
8.2399825276e+02
8.2399829236e+02
8.2399782961e+02
8.2399833196e+02
8.2399802596e+02
8.2399837157e+02
8.2399822231e+02
8.2399840386e+02
8.2399822621e+02
8.2399843330e+02
8.2399815766e+02
8.2399844298e+02
8.2399809602e+02
8.2399843037e+02
8.2399814463e+02
8.2399840694e+02
8.2399826594e+02
8.2399832629e+02
8.2399838725e+02
8.2399824563e+02
8.2399833578e+02
8.2399818055e+02
8.2399821908e+02
8.2399815484e+02
8.2399810239e+02
8.2399819171e+02
8.2399816341e+02
8.2399822858e+02
8.2399840135e+02
8.2399826314e+02
8.2399863929e+02
8.2399829422e+02
8.2399877024e+02
8.2399832531e+02
8.2399843266e+02
8.2399837615e+02
8.2399809508e+02
8.2399830761e+02
8.2399778311e+02
8.2399827193e+02
8.2399786530e+02
8.2399823625e+02
8.2399796637e+02
8.2399842854e+02
8.2399806744e+02
8.2399881587e+02
8.2399808950e+02
8.2399920320e+02
8.2399795000e+02
8.2399948421e+02
8.2399781050e+02
8.2399931635e+02
8.2399762201e+02
8.2399893450e+02
8.2399769000e+02
8.2399855264e+02
8.2399781650e+02
8.2399862189e+02
8.2399794300e+02
8.2399890238e+02
8.2399802842e+02
8.2399918287e+02
8.2399806773e+02
8.2399919516e+02
8.2399810703e+02
8.2399884185e+02
8.2399815819e+02
8.2399848413e+02
8.2399824047e+02
8.2399812640e+02
8.2399836280e+02
8.2399812507e+02
8.2399848514e+02
8.2399821756e+02
8.2399840458e+02
8.2399831005e+02
8.2399819625e+02
8.2399843410e+02
8.2399798791e+02
8.2399857930e+02
8.2399793077e+02
8.2399872451e+02
8.2399814959e+02
8.2399886971e+02
8.2399836841e+02
8.2399874815e+02
8.2399858722e+02
8.2399860388e+02
8.2399834593e+02
8.2399845961e+02
8.2399795319e+02
8.2399838800e+02
8.2399756045e+02
8.2399838800e+02
8.2399738355e+02
8.2399838800e+02
8.2399770835e+02
8.2399835794e+02
8.2399803315e+02
