8.9521530614e+02
8.9560765653e+02
8.9521665170e+02
8.9560880456e+02
8.9521819344e+02
8.9560975390e+02
8.9521992980e+02
8.9561050360e+02
8.9522185904e+02
8.9561105290e+02
8.9522397922e+02
8.9561140125e+02
8.9522628819e+02
8.9561154829e+02
8.9522878363e+02
8.9561149389e+02
8.9523146304e+02
8.9561123809e+02
8.9523432370e+02
8.9561078115e+02
8.9523736276e+02
8.9561012353e+02
8.9524057713e+02
8.9560926590e+02
8.9524396359e+02
8.9560820911e+02
8.9524751873e+02
8.9560695424e+02
8.9525123896e+02
8.9560550254e+02
8.9525512054e+02
8.9560385548e+02
8.9525915957e+02
8.9560201471e+02
8.9526335197e+02
8.9559998210e+02
8.9526769352e+02
8.9559775967e+02
8.9527217986e+02
8.9559534969e+02
8.9527680646e+02
8.9559275456e+02
8.9528156867e+02
8.9558997691e+02
8.9528646169e+02
8.9558701952e+02
8.9529148059e+02
8.9558388539e+02
8.9529662032e+02
8.9558057765e+02
8.9530187571e+02
8.9557709966e+02
8.9530724146e+02
8.9557345490e+02
8.9531271218e+02
8.9556964704e+02
8.9531828234e+02
8.9556567993e+02
8.9532394635e+02
8.9556155755e+02
8.9532969850e+02
8.9555728405e+02
8.9533553300e+02
8.9555286375e+02
8.9534144397e+02
8.9554830108e+02
8.9534742546e+02
8.9554360065e+02
8.9535347145e+02
8.9553876719e+02
8.9535957585e+02
8.9553380556e+02
8.9536573252e+02
8.9552872076e+02
8.9537193525e+02
8.9552351791e+02
8.9537817780e+02
8.9551820225e+02
8.9538445389e+02
8.9551277913e+02
8.9539075719e+02
8.9550725401e+02
8.9539708135e+02
8.9550163246e+02
8.9540342002e+02
8.9549592013e+02
8.9540976680e+02
8.9549012278e+02
8.9541611532e+02
8.9548424625e+02
8.9542245916e+02
8.9547829644e+02
8.9542879195e+02
8.9547227936e+02
8.9543510731e+02
8.9546620106e+02
8.9544139888e+02
8.9546006766e+02
8.9544766033e+02
8.9545388534e+02
