7.7564088688e+02
7.7564088688e+02
6.6043440041e+02
7.7555675500e+02
7.7547262313e+02
6.6405812954e+02
7.7538849126e+02
7.7530435939e+02
6.6768185928e+02
7.7520977560e+02
7.7511053852e+02
6.7130558902e+02
7.7501130145e+02
7.7493215041e+02
6.7468607293e+02
7.7483417348e+02
6.7600093358e+02
7.7472471770e+02
7.7461071968e+02
6.7733020983e+02
7.7449635166e+02
7.7436276203e+02
6.8037273928e+02
7.7421708227e+02
7.7407435238e+02
6.8341526873e+02
7.7393162250e+02
6.8526552896e+02
7.7376719630e+02
7.7357477377e+02
6.8700260443e+02
7.7338235125e+02
7.7318992873e+02
6.8935441164e+02
7.7299294935e+02
6.9170621885e+02
7.7272960958e+02
7.7246626980e+02
6.9405802606e+02
7.7220293003e+02
6.9597282686e+02
7.7193959025e+02
7.7164191216e+02
6.9813515779e+02
7.7131907156e+02
7.0029748872e+02
7.7096451688e+02
7.7060996220e+02
7.0262266536e+02
7.7023314871e+02
7.0503240166e+02
7.6980888282e+02
7.0747837915e+02
7.6938461693e+02
7.6891116155e+02
7.0964483066e+02
7.6843455095e+02
7.1181128217e+02
7.6791977514e+02
7.1397773367e+02
7.6736097809e+02
7.6680218104e+02
7.1615260867e+02
7.6624338399e+02
7.1835780112e+02
7.6563404397e+02
7.2045861140e+02
7.6491558652e+02
7.2234969093e+02
7.6418739939e+02
7.6347184030e+02
7.2424077045e+02
7.6276894918e+02
7.2614486464e+02
7.6205700589e+02
7.2805311553e+02
7.6121506120e+02
7.2996136642e+02
7.6031956294e+02
7.3178650733e+02
7.5942406468e+02
7.3340579905e+02
7.5852856642e+02
7.5762740288e+02
7.3500635266e+02
7.5669180442e+02
7.3660690626e+02
7.5559373763e+02
7.3829371620e+02
7.5449567084e+02
7.4001350411e+02
7.5339760405e+02
7.4164401238e+02
7.5228027170e+02
7.4308027002e+02
7.5114266767e+02
7.4448675560e+02
7.4993927793e+02
7.4589324118e+02
7.4861454709e+02
7.4728981624e+02
