2.6116417106e+02
2.6168819151e+02
2.6064234733e+02
2.6221244138e+02
2.6012311721e+02
2.6274003462e+02
2.5960384614e+02
2.6326758986e+02
2.5907341102e+02
2.6379346426e+02
2.5854173090e+02
2.6431837454e+02
2.5801768011e+02
2.6484342778e+02
2.5750535344e+02
2.6537382576e+02
2.6590420047e+02
2.5699294757e+02
2.6643301257e+02
2.5646749319e+02
2.6696081846e+02
2.5593989143e+02
2.6748867940e+02
2.5541865172e+02
2.6801580529e+02
2.5490907716e+02
2.6854290469e+02
2.5439941884e+02
2.6907672103e+02
2.5388003657e+02
2.6961912234e+02
2.5335847900e+02
2.7016160240e+02
2.5283746621e+02
2.7067655181e+02
2.5231661275e+02
2.7118974624e+02
2.5179562835e+02
2.7171718410e+02
2.5128679412e+02
2.7226506433e+02
2.5078139903e+02
2.7281305557e+02
2.5027430695e+02
2.7333512374e+02
2.4976145958e+02
2.7385431377e+02
2.4924847416e+02
2.7438154988e+02
2.4873954851e+02
2.7492279200e+02
2.4823203888e+02
2.7546416993e+02
2.4772500996e+02
2.7599098609e+02
2.4721858473e+02
2.7651545220e+02
2.4671200287e+02
2.7704290640e+02
2.4620741590e+02
2.7757672831e+02
2.4570366619e+02
2.7811067425e+02
2.4519969106e+02
2.7863909991e+02
2.4469332283e+02
2.7916634722e+02
2.4418677682e+02
2.7969711484e+02
2.4368790852e+02
2.8023729663e+02
2.4319301396e+02
2.8077765687e+02
2.4269896138e+02
2.8130402499e+02
2.4220944776e+02
2.8182644816e+02
2.4171974568e+02
2.8235137058e+02
2.4122271009e+02
2.8288406646e+02
2.4072110994e+02
2.8341691412e+02
2.4022021902e+02
2.8394699486e+02
2.3972212687e+02
2.8447614095e+02
2.3922379911e+02
2.8500512275e+02
2.3873765223e+02
2.8553434204e+02
2.3826047286e+02
2.8606372995e+02
2.3778253519e+02
2.8659141584e+02
2.3729050898e+02
2.8711840635e+02
2.3679824818e+02
2.8764714494e+02
2.3631489858e+02
2.8818509281e+02
2.3583930007e+02
2.8872322820e+02
2.3536369362e+02
2.8924753336e+02
2.3488461167e+02
2.8976465709e+02
2.3440529014e+02
2.9028420107e+02
2.3392746750e+02
2.9081999150e+02
2.3345122597e+02
2.9135599527e+02
2.3297480714e+02
2.9188098437e+02
2.3250292100e+02
2.9239914548e+02
2.3203061155e+02
2.9291855136e+02
2.9345093267e+02
2.3155976610e+02
2.9398354480e+02
2.3109077714e+02
2.9450802032e+02
2.3062158792e+02
2.9502651632e+02
2.3015513446e+02
2.9554512787e+02
2.2968835857e+02
2.9606596303e+02
2.2922458505e+02
2.9658702408e+02
2.2876520935e+02
2.9710862966e+02
2.2830560862e+02
2.9763068912e+02
2.2784813336e+02
2.9815266235e+02
2.2739038684e+02
2.9867329465e+02
2.2693336654e+02
2.9919415870e+02
2.2647781123e+02
2.9971460424e+02
2.2602202609e+02
3.0023458840e+02
2.2557499807e+02
3.0075476440e+02
2.2512892525e+02
3.0126280775e+02
2.2468176230e+02
3.0177087751e+02
2.2423277817e+02
3.0228676763e+02
2.2378356447e+02
3.0281195292e+02
2.2334011698e+02
3.0333730554e+02
2.2289730676e+02
3.0384851060e+02
2.2245520941e+02
3.0435922983e+02
2.2201536028e+02
3.0487225457e+02
2.2157525485e+02
3.0538840890e+02
2.2114173266e+02
3.0590476945e+02
3.0641646664e+02
2.2070953333e+02
3.0692806281e+02
2.2027704462e+02
3.0743859165e+02
2.1984441161e+02
3.0794712293e+02
2.1941149722e+02
3.0845587691e+02
2.1898431826e+02
3.0896846015e+02
2.1855864835e+02
3.0948214845e+02
2.1813345916e+02
3.0999054847e+02
2.1771107100e+02
3.1048806485e+02
2.1728838245e+02
3.1098581744e+02
2.1687338905e+02
3.1149745108e+02
2.1646138028e+02
3.1201279749e+02
2.1604855285e+02
3.1252174739e+02
2.1563314715e+02
3.1301478525e+02
2.1521743367e+02
3.1350806889e+02
2.1480207761e+02
3.1401317910e+02
2.1438629076e+02
3.1452229769e+02
2.1397273723e+02
3.1502707417e+02
2.1357619290e+02
3.1551833941e+02
3.1600985962e+02
2.1317931008e+02
3.1651082904e+02
2.1277976818e+02
3.1701577958e+02
2.1237810934e+02
3.1751772169e+02
2.1197667205e+02
3.1800757709e+02
2.1158098051e+02
3.1849770428e+02
2.1118494374e+02
3.1898460340e+02
2.1079725636e+02
3.1947035637e+02
2.1041548632e+02
3.1995835028e+02
2.1003285608e+02
3.2045598267e+02
2.0964102816e+02
3.2095385111e+02
2.0924887883e+02
3.2144457429e+02
2.0886052621e+02
3.2193203901e+02
2.0847477924e+02
3.2241973406e+02
2.0808877243e+02
3.2290716236e+02
2.0771894181e+02
3.2339486641e+02
3.2388070672e+02
2.0734875161e+02
3.2436576280e+02
2.0697676477e+02
3.2485088510e+02
2.0660243681e+02
3.2533372500e+02
2.0622768124e+02
3.2581685668e+02
2.0586224415e+02
3.2629581747e+02
2.0549674342e+02
3.2677195722e+02
2.0513247343e+02
3.2724851240e+02
2.0476927335e+02
3.2772698904e+02
2.0440563833e+02
3.2820574677e+02
2.0404829125e+02
3.2868605688e+02
2.0369106988e+02
3.2916825218e+02
2.0333662273e+02
3.2965061558e+02
2.0298590831e+02
3.3011538323e+02
3.3058045942e+02
2.0263475638e+02
3.3105161584e+02
2.0228633114e+02
3.3152947781e+02
2.0193791231e+02
3.3200770096e+02
2.0159204219e+02
3.3246950139e+02
2.0125019621e+02
3.3293109436e+02
2.0090789683e+02
3.3339705303e+02
2.0056996302e+02
3.3386867823e+02
2.0023249935e+02
3.3434066900e+02
1.9989425939e+02
3.3480176180e+02
1.9955400795e+02
3.3526232934e+02
1.9921329040e+02
3.3572124653e+02
1.9888789985e+02
3.3617786204e+02
3.3663483412e+02
1.9856583206e+02
3.3709337458e+02
1.9824501756e+02
3.3755238890e+02
1.9792757949e+02
3.3801036559e+02
1.9760968643e+02
3.3846677727e+02
1.9728750911e+02
3.3892355560e+02
1.9696379142e+02
3.3937522086e+02
1.9664308424e+02
3.3982624366e+02
1.9633102910e+02
3.4027730629e+02
1.9601850737e+02
3.4072850636e+02
1.9570927863e+02
3.4118007808e+02
1.9540103056e+02
3.4162399798e+02
3.4206635714e+02
1.9509215986e+02
3.4251083775e+02
1.9478100864e+02
3.4296064157e+02
1.9446936442e+02
3.4341083588e+02
1.9417318205e+02
3.4384819524e+02
1.9388382541e+02
3.4428190707e+02
1.9359314330e+02
3.4471814184e+02
1.9329650494e+02
3.4516192375e+02
1.9299937064e+02
3.4560609855e+02
1.9270652441e+02
3.4604080052e+02
1.9241584124e+02
3.4647217261e+02
1.9212652365e+02
3.4690291692e+02
3.4733059242e+02
1.9184824624e+02
3.4775865608e+02
1.9156948321e+02
3.4818642824e+02
1.9128953318e+02
3.4861425271e+02
1.9100867442e+02
3.4904167207e+02
1.9072808273e+02
3.4946644610e+02
1.9045236231e+02
3.4989161740e+02
1.9017613554e+02
3.5031253054e+02
1.8990452909e+02
3.5073127167e+02
1.8963638935e+02
3.5115017099e+02
3.5156892530e+02
1.8936859876e+02
3.5198808387e+02
1.8911534264e+02
3.5239974437e+02
1.8886159712e+02
3.5280665035e+02
1.8860035122e+02
3.5321401788e+02
1.8833234830e+02
3.5362400906e+02
1.8806438747e+02
3.5403441105e+02
1.8781116132e+02
3.5444391309e+02
1.8755742129e+02
3.5485280199e+02
1.8730519103e+02
3.5526126291e+02
3.5565467858e+02
1.8705461938e+02
3.5604850553e+02
1.8680356335e+02
3.5644225902e+02
1.8656330533e+02
3.5683597027e+02
1.8632279494e+02
3.5722995058e+02
1.8608279846e+02
3.5762487054e+02
1.8584361235e+02
3.5802021892e+02
1.8560394811e+02
3.5840991158e+02
1.8536503273e+02
3.5879355540e+02
1.8512543314e+02
3.5917760960e+02
3.5955651411e+02
1.8489380772e+02
3.5993572572e+02
1.8467422988e+02
3.6031204827e+02
1.8445413854e+02
3.6068464009e+02
1.8422642725e+02
3.6105764889e+02
1.8399703538e+02
3.6142553289e+02
1.8377403027e+02
3.6179348878e+02
1.8356264923e+02
3.6215866128e+02
1.8335073544e+02
3.6251950648e+02
3.6288077421e+02
1.8314224096e+02
3.6323536471e+02
1.8293377756e+02
3.6358957501e+02
1.8272450045e+02
3.6394133072e+02
1.8251415558e+02
3.6428844118e+02
1.8230325925e+02
3.6463598369e+02
1.8210778439e+02
3.6497798351e+02
1.8191548313e+02
3.6531946193e+02
1.8172322990e+02
3.6565726470e+02
3.6598685489e+02
1.8153201514e+02
3.6631689492e+02
1.8134021902e+02
3.6664418410e+02
1.8115837351e+02
3.6697130118e+02
1.8097902092e+02
3.6729236021e+02
1.8080091113e+02
3.6759730887e+02
1.8062802302e+02
3.6790272619e+02
1.8045453460e+02
3.6820881973e+02
3.6851556317e+02
1.8028593529e+02
3.6881767579e+02
1.8011849616e+02
3.6910427596e+02
1.7995559322e+02
3.6939136771e+02
1.7981258659e+02
3.6966783045e+02
1.7966892301e+02
3.6994058461e+02
1.7952542088e+02
3.7021287497e+02
1.7938137299e+02
3.7048184864e+02
3.7075133420e+02
1.7924138414e+02
3.7100001371e+02
1.7912540378e+02
3.7123945606e+02
1.7900869742e+02
3.7147770731e+02
1.7890648683e+02
3.7170749779e+02
1.7881182575e+02
3.7193784642e+02
1.7871819864e+02
3.7214521883e+02
1.7863684713e+02
3.7234024456e+02
3.7253197983e+02
1.7855468949e+02
3.7269611030e+02
1.7850522549e+02
3.7286084352e+02
1.7847668479e+02
3.7301005005e+02
1.7845166526e+02
3.7314954808e+02
1.7847592553e+02
3.7328354161e+02
1.7849924881e+02
3.7334804236e+02
1.7857914663e+02
3.7341326513e+02
3.7341479153e+02
1.7870265354e+02
3.7336662051e+02
1.7882403744e+02
3.7332300078e+02
1.7891793556e+02
3.7337105413e+02
1.7901023777e+02
3.7342022934e+02
1.8015000356e+02
3.7228660405e+02
1.8227242662e+02
3.7005219810e+02
1.8439568192e+02
3.6781746552e+02
