1.1107750776e-05 -4.6587247106e-08
3.1406069628e-01 -2.4914850751e-04
6.2207248696e-01 -9.3195930778e-04
9.2404647978e-01 -2.0484789881e-03
1.2199826748e+00 -3.5987075483e-03
1.5098810719e+00 -5.5826449886e-03
1.7937416712e+00 -8.0002913089e-03
2.0716540086e+00 -1.0832671762e-02
2.3437537200e+00 -1.4031011282e-02
2.6100421746e+00 -1.7593688085e-02
2.8705193723e+00 -2.1520702173e-02
3.1251853132e+00 -2.5812053544e-02
3.3740807578e+00 -3.0545820115e-02
3.6171713127e+00 -3.5612908492e-02
3.8545994461e+00 -4.0991608986e-02
4.0863864402e+00 -4.6696197461e-02
4.3125322950e+00 -5.2726673918e-02
4.5330245430e+00 -5.9071387529e-02
4.7478586804e+00 -6.5729228469e-02
4.9571384422e+00 -7.2719102321e-02
5.1609245756e+00 -7.9947477734e-02
5.3591962630e+00 -8.7442834971e-02
5.5519536265e+00 -9.5205558588e-02
5.7391966661e+00 -1.0323564858e-01
5.9209253819e+00 -1.1153310496e-01
6.0973104987e+00 -1.2007944085e-01
6.2682976995e+00 -1.2883547367e-01
6.4338769707e+00 -1.3780050528e-01
6.5940484536e+00 -1.4697604764e-01
6.7488615387e+00 -1.5637947028e-01
6.8983154012e+00 -1.6598761723e-01
7.0424487670e+00 -1.7575429451e-01
7.1813180744e+00 -1.8568226236e-01
7.3149029136e+00 -1.9576533432e-01
7.4431768514e+00 -2.0600174846e-01
7.5661514991e+00 -2.1639202671e-01
7.6838891235e+00 -2.2690693330e-01
7.7963496356e+00 -2.3752278490e-01
7.9035550394e+00 -2.4823292379e-01
8.0055481685e+00 -2.5903260139e-01
8.1023290281e+00 -2.6992181276e-01
8.1938909617e+00 -2.8087205561e-01
8.2802229045e+00 -2.9185917729e-01
8.3613248565e+00 -3.0288317782e-01
8.4371968176e+00 -3.1394405719e-01
8.5078552750e+00 -3.2504155613e-01
8.5733255176e+00 -3.3615088995e-01
8.6335970234e+00 -3.4721277898e-01
8.6886542669e+00 -3.5822881938e-01
8.7384914518e+00 -3.6920055826e-01
8.7831085781e+00 -3.8012799562e-01
8.8225120665e+00 -3.9099103789e-01
8.8566346938e+00 -4.0175542648e-01
8.8854747835e+00 -4.1241750298e-01
8.9090899760e+00 -4.2295012541e-01
8.9274858893e+00 -4.3335008435e-01
8.9406301230e+00 -4.4360870301e-01
8.9484361903e+00 -4.5367675625e-01
8.9509029471e+00 -4.6354668414e-01
8.9480303934e+00 -4.7321848667e-01
8.9398215113e+00 -4.8268963368e-01
8.9263036497e+00 -4.9192733725e-01
8.9073659692e+00 -5.0087865803e-01
8.8830028310e+00 -5.0951811609e-01
8.8532114009e+00 -5.1785907382e-01
8.8179916786e+00 -5.2590153122e-01
8.7773308663e+00 -5.3361534943e-01
8.7310801836e+00 -5.4095396889e-01
8.6792298081e+00 -5.4792200068e-01
8.6218350921e+00 -5.5446801518e-01
8.5588979569e+00 -5.6058579512e-01
8.4903812876e+00 -5.6626581709e-01
8.4161071283e+00 -5.7145265579e-01
8.3360522124e+00 -5.7613761783e-01
8.2502165400e+00 -5.8032070321e-01
8.1586362052e+00 -5.8394886166e-01
8.0612763559e+00 -5.8702687586e-01
7.9579535645e+00 -5.8946513556e-01
7.8486654496e+00 -5.9124425217e-01
7.7334126586e+00 -5.9238705383e-01
7.6121918610e+00 -5.9290095425e-01
7.4848861145e+00 -5.9264510256e-01
7.3513123814e+00 -5.9167606758e-01
7.2115586029e+00 -5.8991175748e-01
7.0656272966e+00 -5.8734796011e-01
6.9135043540e+00 -5.8397892246e-01
6.7549254610e+00 -5.7971340201e-01
6.5897986207e+00 -5.7452135194e-01
6.4181238331e+00 -5.6840277223e-01
6.2400121855e+00 -5.6127958404e-01
6.0552656805e+00 -5.5317855291e-01
5.8637576008e+00 -5.4393787634e-01
5.6654746650e+00 -5.3360784265e-01
5.4603829216e+00 -5.2221083007e-01
5.2484690270e+00 -5.0964021674e-01
5.0294112138e+00 -4.9579901709e-01
4.8031781448e+00 -4.8069333579e-01
4.5699082856e+00 -4.6422881753e-01
4.3294028828e+00 -4.4645502291e-01
4.0814716744e+00 -4.2714206351e-01
