3.9000951708e+02
3.9000958954e+02
3.9000966199e+02
3.9000971310e+02
3.9000960834e+02
3.9000955115e+02
3.9000968027e+02
3.9000979866e+02
3.9000969589e+02
3.9000956808e+02
3.9000956936e+02
3.9000967764e+02
3.9000977816e+02
3.9000980249e+02
3.9000980930e+02
3.9000956829e+02
3.9000910697e+02
3.9000873608e+02
3.9000916713e+02
3.9000963642e+02
3.9000985227e+02
3.9000961765e+02
3.9000927636e+02
3.9000941412e+02
3.9000963686e+02
3.9000973049e+02
3.9000942093e+02
3.9000912467e+02
3.9000919063e+02
3.9000943834e+02
3.9000968605e+02
3.9000993250e+02
3.9001017895e+02
3.9001034493e+02
3.9001021321e+02
3.9001008149e+02
3.9000975015e+02
3.9000936965e+02
3.9000914801e+02
3.9000949753e+02
3.9000984704e+02
3.9000932325e+02
3.9000868376e+02
3.9000866798e+02
3.9000935194e+02
3.9001000463e+02
3.9000962690e+02
3.9000909962e+02
3.9000879207e+02
3.9000918973e+02
3.9000971608e+02
3.9000963781e+02
3.9000945257e+02
3.9000942828e+02
3.9000947288e+02
3.9000979122e+02
3.9000961172e+02
3.9000912686e+02
3.9000898769e+02
3.9000911151e+02
3.9000947326e+02
3.9000945554e+02
3.9000905728e+02
3.9000881324e+02
3.9000914029e+02
3.9000954897e+02
3.9000965509e+02
3.9000929270e+02
3.9000904666e+02
3.9000913260e+02
3.9000952450e+02
3.9000980932e+02
3.9000947220e+02
3.9000927342e+02
3.9000915732e+02
3.9000917497e+02
3.9000929308e+02
3.9000917919e+02
3.9000933883e+02
3.9000949407e+02
3.9000968251e+02
3.9000998165e+02
3.9000971406e+02
3.9000943709e+02
3.9000944162e+02
3.9000977430e+02
3.9000988213e+02
3.9000977195e+02
3.9000954514e+02
3.9000938032e+02
3.9000938232e+02
3.9000947536e+02
3.9000959187e+02
3.9000970460e+02
3.9000978068e+02
3.9000972431e+02
3.9000958019e+02
3.9000955191e+02
3.9000963021e+02
3.9000970852e+02
