-5.6152707675e-06 -1.1652878704e-06
2.9576843375e-01 4.4058485786e-04
5.8561194515e-01 1.7398794907e-03
8.6949486146e-01 3.8638806209e-03
1.1473946083e+00 6.7913577383e-03
1.4192826913e+00 1.0484753095e-02
1.6851302129e+00 1.4917780720e-02
1.9449119697e+00 2.0064459451e-02
2.1985887561e+00 2.5891614980e-02
2.4461401945e+00 3.2376544460e-02
2.6875267255e+00 3.9487218082e-02
2.9227279173e+00 4.7198108954e-02
3.1517166579e+00 5.5482768685e-02
3.3744515015e+00 6.4312260300e-02
3.5909044209e+00 7.3659828025e-02
3.8010674407e+00 8.3500665739e-02
4.0048845984e+00 9.3805906449e-02
4.2023428732e+00 1.0454885534e-01
4.3933974788e+00 1.1570494694e-01
4.5780434354e+00 1.2724762845e-01
4.7562429117e+00 1.3914671635e-01
4.9279702528e+00 1.5138126720e-01
5.0932083582e+00 1.6392147968e-01
5.2519267654e+00 1.7673928944e-01
5.4041089434e+00 1.8981219264e-01
5.5497215421e+00 2.0311167478e-01
5.6887579960e+00 2.1661363321e-01
5.8211976031e+00 2.3028856150e-01
5.9470067232e+00 2.4410750926e-01
6.0661903530e+00 2.5804852504e-01
6.1787165513e+00 2.7208613901e-01
6.2845929643e+00 2.8618942436e-01
6.3837955115e+00 3.0033370115e-01
6.4763092088e+00 3.1449098721e-01
6.5621548864e+00 3.2863529007e-01
6.6412816416e+00 3.4273768023e-01
6.7137104877e+00 3.5677030791e-01
6.7794358380e+00 3.7071222032e-01
6.8384778275e+00 3.8452995464e-01
6.8908191694e+00 3.9819731817e-01
6.9364447106e+00 4.1168874642e-01
6.9753975919e+00 4.2497089039e-01
7.0076710621e+00 4.3802819941e-01
7.0332833243e+00 4.5081792234e-01
7.0522316179e+00 4.6331997205e-01
7.0645525254e+00 4.7550739561e-01
7.0702568621e+00 4.8734665802e-01
7.0693405499e+00 4.9881228854e-01
7.0618673175e+00 5.0987750869e-01
7.0478529717e+00 5.2050898239e-01
7.0273104848e+00 5.3068139616e-01
7.0002872280e+00 5.4036885872e-01
6.9668124263e+00 5.4953472570e-01
6.9269530934e+00 5.5815823735e-01
6.8806935893e+00 5.6620600048e-01
6.8281312719e+00 5.7365046496e-01
6.7692835994e+00 5.8045925437e-01
6.7042122960e+00 5.8661122066e-01
6.6329782776e+00 5.9207135594e-01
6.5556200363e+00 5.9680832729e-01
6.4722227451e+00 6.0080308158e-01
6.3828286614e+00 6.0402083764e-01
6.2875343831e+00 6.0643061862e-01
6.1863848085e+00 6.0800897993e-01
6.0794714100e+00 6.0872962642e-01
5.9668877097e+00 6.0855990539e-01
5.8486923036e+00 6.0747665633e-01
5.7249914437e+00 6.0545679057e-01
5.5958674063e+00 6.0246432762e-01
5.4614482449e+00 5.9847878079e-01
5.3218231306e+00 5.9348453158e-01
5.1770954876e+00 5.8744783477e-01
5.0273896021e+00 5.8034206852e-01
4.8728278557e+00 5.7215908069e-01
4.7135328005e+00 5.6287367578e-01
4.5496623837e+00 5.5246036716e-01
4.3813370627e+00 5.4091518707e-01
4.2087231426e+00 5.2821125590e-01
4.0319959121e+00 5.1433752833e-01
3.8513256380e+00 4.9929207632e-01
3.6668765135e+00 4.8305694574e-01
3.4788736274e+00 4.6563055821e-01
3.2875343986e+00 4.4701666324e-01
3.0930960779e+00 4.2721295336e-01
2.8957850027e+00 4.0622236563e-01
2.6959211055e+00 3.8406826353e-01
2.4938275319e+00 3.6077241192e-01
2.2898033316e+00 3.3634084672e-01
2.0842768415e+00 3.1083336868e-01
1.8776986467e+00 2.8430002155e-01
1.6706121991e+00 2.5676527149e-01
1.4635952759e+00 2.2837028122e-01
1.2573887395e+00 1.9918435843e-01
1.0529621260e+00 1.6930746716e-01
8.5152062448e-01 1.3906165266e-01
6.5455519706e-01 1.0850896465e-01
4.6430870087e-01 7.8159649826e-02
2.8437069370e-01 4.8750987162e-02
1.2210640561e-01 2.0547128464e-02
-3.9079217039e-05 -4.8000266420e-06
