5.3579992434e-05 1.9141962908e-06
4.3110229768e-04 4.4291082275e-06
3.7555739313e-04 5.6896722171e-07
6.1312810743e-04 2.1931867681e-06
5.9875808973e-04 2.0742932197e-06
5.9565855143e-04 -1.5772008310e-06
6.2463495733e-04 5.0468392734e-06
3.8153377199e-04 -1.9486039197e-06
4.5112291108e-04 5.7306240920e-06
3.5007437373e-05 1.5120422634e-06
7.3059231764e-05 2.1901153614e-06
4.2667111873e-04 1.7882584839e-06
3.6099151460e-04 2.3734236203e-06
6.1299095164e-04 -1.7887330386e-06
5.9417783861e-04 5.3627160625e-06
5.9929803573e-04 -6.5051393394e-06
6.2881695139e-04 9.1486277304e-06
3.9220296174e-04 -6.0127429581e-06
4.6064476295e-04 9.2222727052e-06
1.0011089168e-05 6.7921709012e-07
9.0516644938e-05 3.2511766202e-06
4.0925334908e-04 -3.0547391483e-06
3.5550575420e-04 4.9831554169e-06
6.0415843119e-04 -7.1026883318e-06
5.9840723839e-04 9.4774759961e-06
5.9772629807e-04 -9.7116937079e-06
6.3255510459e-04 1.2994800672e-05
3.9986823948e-04 -7.5552522431e-06
4.6650953777e-04 1.1807174975e-05
1.1324301252e-05 3.3911073008e-07
1.0644958368e-04 4.1835470572e-06
3.9523733943e-04 -5.8562189416e-06
3.4472716322e-04 7.5443073085e-06
5.9614623338e-04 -1.0978379256e-05
5.9681547801e-04 1.3680830103e-05
5.9909612637e-04 -1.3686558442e-05
6.3815585029e-04 1.7305014385e-05
4.1206205855e-04 -1.0794828765e-05
4.8421162923e-04 1.5629130062e-05
3.2564448410e-05 -5.4546350538e-07
1.3013860866e-04 5.8217849816e-06
3.8402201298e-04 -7.7672454286e-06
3.2545474661e-04 8.8937700107e-06
5.9187506959e-04 -1.4212655331e-05
5.9679225828e-04 -1.7520437716e-05
5.8508044533e-04 1.6847664008e-05
4.1337512166e-04 -1.3917982953e-05
6.4242147977e-04 2.1973139741e-05
4.7606656085e-05 -1.3213041142e-06
4.9714363815e-04 1.9975684594e-05
3.6607517259e-04 -7.3302553599e-06
1.4813780408e-04 7.8544051740e-06
5.8245022539e-04 -1.5753428513e-05
3.1151434692e-04 1.1641001284e-05
6.0134865290e-04 -2.1240362819e-05
5.8123803945e-04 2.1448179800e-05
4.3043781153e-04 -1.6917394724e-05
6.4599095229e-04 2.5901156930e-05
7.0024463901e-05 -2.5968908249e-06
5.0716032599e-04 2.2822670930e-05
3.5180535356e-04 -1.1260328241e-05
1.6646096210e-04 9.3716988455e-06
5.7261013702e-04 -2.0792815223e-05
2.9761348336e-04 1.2853160569e-05
5.9792720087e-04 -2.5189364726e-05
5.7559190794e-04 2.4667236502e-05
4.3629448457e-04 -2.0447362948e-05
6.4818318679e-04 3.0432071424e-05
8.6596909854e-05 -4.3689403269e-06
5.1865459031e-04 2.7274746468e-05
3.3574295518e-04 -1.3384301695e-05
1.8468744202e-04 1.1808844737e-05
5.6312658604e-04 -2.4292965904e-05
2.8114473060e-04 1.4303279510e-05
5.9546605369e-04 -2.8459574838e-05
5.6791112781e-04 2.8292308702e-05
4.4202374591e-04 -2.2771671630e-05
6.5041065763e-04 3.5076247600e-05
1.0312928803e-04 -5.7455157879e-06
5.3142935997e-04 3.2008237261e-05
3.2248189341e-04 -1.5244881712e-05
2.0413433790e-04 1.4630124888e-05
5.5566155775e-04 -2.7671494519e-05
2.6462523175e-04 1.5428214898e-05
5.9193987074e-04 -3.1974646943e-05
5.5988563404e-04 3.1590575127e-05
4.4688123787e-04 -2.6070885188e-05
6.5219821122e-04 3.9565971336e-05
1.1988911127e-04 -7.5561692285e-06
5.3862579993e-04 3.6231771003e-05
3.0755416859e-04 -1.6063716597e-05
2.1976126743e-04 1.7201513479e-05
5.4653158021e-04 -3.0162257933e-05
2.5137956581e-04 1.6642109247e-05
5.9039663161e-04 -3.5578723918e-05
5.5642194773e-04 3.5344384085e-05
4.5542886348e-04 -2.9567314106e-05
6.5206946467e-04 4.3967873883e-05
1.3652804901e-04 -9.6806822787e-06
5.4338125243e-04 3.9712444544e-05
2.9083282669e-04 -1.7539099451e-05
2.3352872215e-04 1.9319764965e-05
5.3471248095e-04 -3.3217242325e-05
2.3357284804e-04 1.7620810400e-05
5.8303584923e-04 -3.8649890695e-05
5.4781985101e-04 3.9150827435e-05
4.5486670662e-04 -3.2359921459e-05
6.5335411946e-04 4.8451790173e-05
1.5094825888e-04 -1.1611831905e-05
5.5256227280e-04 4.3592673805e-05
2.7450382642e-04 -1.7885246486e-05
5.2322105567e-04 -3.5302785364e-05
2.5106324959e-04 2.2129711365e-05
5.8143214778e-04 -4.2260871279e-05
2.1755199532e-04 1.8116394833e-05
4.6510782592e-04 -3.6361687017e-05
5.3899313664e-04 4.2062788752e-05
1.6679378514e-04 -1.4126350762e-05
6.5111295050e-04 5.2852151965e-05
2.5471840591e-04 -1.8720214017e-05
5.6285073035e-04 4.9303116151e-05
5.0962590122e-04 -3.7976442724e-05
2.6970980637e-04 2.6434815783e-05
5.7759221578e-04 -4.5149206914e-05
1.9770062902e-04 1.8311678841e-05
4.6633384356e-04 -3.8347522156e-05
5.2515008893e-04 4.4623125851e-05
1.7844626349e-04 -1.5682954360e-05
6.4983257209e-04 5.7335248327e-05
2.3718662058e-04 -1.8841574169e-05
5.7067624630e-04 5.3943494528e-05
4.9718140180e-04 -3.9914712992e-05
2.8503565725e-04 2.9757157701e-05
5.7211669492e-04 -4.8220770737e-05
1.8080720776e-04 1.8479649891e-05
4.7075179467e-04 -4.2328590565e-05
5.1852664784e-04 4.7936177565e-05
1.9260620548e-04 -1.8621346734e-05
6.4798524054e-04 6.1410683103e-05
2.2285080016e-04 -1.9028437905e-05
5.7069759495e-04 5.6309457912e-05
4.8806125942e-04 -4.1896023393e-05
2.9408032314e-04 3.1245366453e-05
5.6572514363e-04 -5.1091145806e-05
1.6279583565e-04 1.7947454969e-05
4.7416342754e-04 -4.5066975610e-05
5.1120486311e-04 5.1012180668e-05
2.0601067953e-04 -2.0854659406e-05
6.4725250539e-04 6.5973644106e-05
2.0529728836e-04 -1.9495737175e-05
4.7474556807e-04 -4.4404207377e-05
5.7662940136e-04 6.1923625688e-05
5.6018572366e-04 -5.3755822546e-05
3.0900029679e-04 3.6015202377e-05
4.6983286580e-04 -4.7985821827e-05
1.4373686986e-04 1.7738646478e-05
2.1261055578e-04 -2.3332025125e-05
4.9658102694e-04 5.3392635835e-05
1.8544198066e-04 -1.7054342986e-05
6.4275008903e-04 7.0175489439e-05
4.5915307856e-04 -4.2717821401e-05
5.8491985327e-04 6.6951615784e-05
5.5516854293e-04 -5.6651397379e-05
3.2632826748e-04 4.0274784453e-05
4.8381668106e-04 -5.2265877569e-05
1.2489252863e-04 1.6936447429e-05
2.3367887549e-04 -2.6815374250e-05
4.8315057737e-04 5.5403783706e-05
1.7168022171e-04 -1.8718032117e-05
6.3693657437e-04 7.4196237989e-05
4.4936134275e-04 -4.7443295130e-05
5.8980651022e-04 7.2323485817e-05
5.4780821747e-04 -5.9081800927e-05
3.4029136922e-04 4.5133226837e-05
4.7580334742e-04 -5.4369441379e-05
1.0534991315e-04 1.6034521957e-05
2.3747317283e-04 -2.9049130899e-05
4.7376425444e-04 5.7488418683e-05
1.5287918361e-04 -1.6754105415e-05
6.3446973569e-04 7.9063034037e-05
4.3375477065e-04 -4.6091913365e-05
5.4203055468e-04 -6.1243991073e-05
5.9071243003e-04 8.1647801110e-05
4.7967192163e-04 -5.7030539041e-05
3.4996300029e-04 5.4240531985e-05
2.4965729167e-04 -3.1366131505e-05
8.5655869607e-05 1.5552110319e-05
1.3807847669e-04 -1.6997061395e-05
4.5661268897e-04 5.9193899360e-05
4.2419467885e-04 -4.9440164388e-05
6.2529391369e-04 8.2767545861e-05
5.3476187630e-04 -6.3806716331e-05
5.9447023009e-04 8.6941585737e-05
4.7307082726e-04 -5.9221327821e-05
3.6335383657e-04 5.9301822837e-05
2.5379274893e-04 -3.3690409846e-05
6.3983158216e-05 1.3913445751e-05
1.2204837139e-04 -1.5474789791e-05
4.4261666164e-04 6.1482435147e-05
4.1097906534e-04 -4.8839807431e-05
6.1863245820e-04 8.6108782885e-05
5.2738411392e-04 -6.5493098504e-05
5.9680051508e-04 8.6335003600e-05
4.7637858763e-04 -6.1925505851e-05
3.7539880247e-04 5.7498632295e-05
2.6565084366e-04 -3.6265621976e-05
4.5196147007e-05 1.0709732807e-05
1.0685867330e-04 -1.5146451797e-05
4.0143362504e-04 -5.1992581624e-05
4.3279463912e-04 6.2737316913e-05
5.1917723652e-04 -6.8094139734e-05
6.1541351632e-04 8.9415884263e-05
4.7015386288e-04 -6.4809068360e-05
5.9688416416e-04 9.0655146692e-05
2.6861342634e-04 -3.9468793505e-05
3.8313613608e-04 6.2164704809e-05
8.5656245708e-05 -1.3052770919e-05
2.4611600923e-05 8.7427004059e-06
3.7890536686e-04 -5.0038853628e-05
4.1522162270e-04 6.3431709792e-05
5.0875954271e-04 -6.9243389448e-05
6.0556725652e-04 9.2655456800e-05
4.7411958642e-04 -6.7300563846e-05
5.9764611578e-04 9.5818609579e-05
2.8148217099e-04 -4.1816583008e-05
3.9351774441e-04 6.7349325089e-05
7.1744583690e-05 -1.1825499672e-05
3.7306592875e-06 6.1331926091e-06
3.6786030002e-04 -5.1704834578e-05
4.0024196072e-04 6.4365477022e-05
4.9937085649e-04 -7.1268714915e-05
4.7121395738e-04 -7.0263897508e-05
5.9727319530e-04 9.5697863545e-05
2.8802303715e-04 -4.5342094667e-05
5.9911253596e-04 9.9600058817e-05
5.4416138710e-05 -1.0292978144e-05
4.0544489315e-04 7.1167703994e-05
3.5443103904e-04 -5.2231871488e-05
1.3463420959e-05 7.7314202225e-06
4.9063935684e-04 -7.3028754614e-05
3.8529291318e-04 6.4959366569e-05
4.6815984454e-04 -7.2340481892e-05
5.8909978221e-04 9.8736079429e-05
2.9370681364e-04 -4.7598640403e-05
5.9675366400e-04 1.0368094937e-04
3.9137346227e-05 -8.4388632211e-06
4.1067252077e-04 7.5334861083e-05
3.4424385513e-04 -5.2996457126e-05
3.1612507857e-05 1.1180156677e-05
4.8272905089e-04 -7.4681767322e-05
3.6946279695e-04 6.5275309868e-05
4.6379230064e-04 -7.4443304512e-05
2.9779020668e-04 -5.0361944064e-05
5.8064811622e-04 1.0161373604e-04
2.1423628249e-05 -6.5671228439e-06
5.9375314766e-04 1.0717440898e-04
3.2565381744e-04 -5.2440996057e-05
4.1399561180e-04 7.8378696671e-05
4.7060928188e-04 -7.5690662105e-05
5.0457321011e-05 1.4381577265e-05
4.6025685572e-04 -7.6306968097e-05
3.6169868710e-04 6.6997597610e-05
3.0315806441e-04 -5.2662328149e-05
5.7624765942e-04 1.0541715800e-04
7.8545474223e-06 -4.7189023689e-06
5.9152264569e-04 1.1070056901e-04
3.1420060909e-04 -5.2292085647e-05
4.2272841034e-04 8.2289736828e-05
4.6153826242e-04 -7.6794860728e-05
6.9056667203e-05 1.8087848613e-05
4.5618166438e-04 -7.8612393581e-05
3.4227938971e-04 6.6510634109e-05
3.0767825615e-04 -5.5755513985e-05
1.4359628891e-05 -6.3275801869e-06
5.6313065627e-04 1.0751611947e-04
2.9987694776e-04 -5.2303755597e-05
5.8864925003e-04 1.1448530044e-04
4.5128349623e-04 -7.7958505740e-05
4.2868553279e-04 8.6653030289e-05
4.5088506577e-04 -7.9890039697e-05
8.5814145210e-05 2.2027947799e-05
3.1011644098e-04 -5.7406012498e-05
3.2655099676e-04 6.6291287887e-05
2.8973224061e-05 -8.9556211050e-06
5.5293552994e-04 1.0985774819e-04
2.8497239958e-04 -5.1235962248e-05
5.8496683378e-04 1.1814303609e-04
4.3991633942e-04 -7.8318814550e-05
4.3401766295e-04 9.0973116806e-05
4.4755730105e-04 -8.1838132318e-05
3.1601193955e-04 -6.0333538634e-05
1.0193594006e-04 2.6076564614e-05
4.1925018391e-05 -1.1613186531e-05
3.0942544260e-04 6.5636904412e-05
2.7203837167e-04 -5.0904549575e-05
5.4110028001e-04 1.1179588392e-04
4.3026527105e-04 -7.9249956736e-05
5.8048625047e-04 1.2154866839e-04
4.3923815310e-04 -8.2767844867e-05
4.3860830046e-04 9.5093930414e-05
3.1359096145e-04 -6.1758074896e-05
1.1736139768e-04 3.0028967713e-05
5.5023028580e-05 -1.4588026823e-05
2.9092099508e-04 6.4351766145e-05
2.5679165053e-04 -4.9774294099e-05
5.2741023470e-04 1.1301374979e-04
4.1826071067e-04 -7.9489723005e-05
5.7523600355e-04 1.2418619958e-04
4.3855890123e-04 -8.5268222291e-05
3.2469508958e-04 -6.5785296109e-05
4.4273997824e-04 9.8311278153e-05
6.8591979574e-05 -1.7322034732e-05
1.3215672337e-04 3.3386520455e-05
2.4149979177e-04 -4.8028524185e-05
2.7162647604e-04 6.2006659117e-05
4.0600282300e-04 -7.9099719579e-05
5.1192631230e-04 1.1312214708e-04
4.2918381779e-04 -8.5773546009e-05
5.6931828155e-04 1.2628709469e-04
3.2026610534e-04 -6.7366993020e-05
4.5089578435e-04 1.0215189970e-04
7.8989544769e-05 -2.0617722022e-05
1.4845103123e-04 3.7686605721e-05
2.2995667485e-04 -4.8413975775e-05
3.9601970723e-04 -8.0384301702e-05
2.5249364420e-04 6.0675517557e-05
4.2200567173e-04 -8.6069734045e-05
4.9708191973e-04 1.1506473531e-04
3.2229671272e-04 -6.7398906290e-05
5.6207496436e-04 1.3141555910e-04
9.1006284853e-05 -2.2380692928e-05
4.4977404424e-04 1.1076439922e-04
2.1277414580e-04 -4.5771522245e-05
1.5889304827e-04 4.5577657046e-05
3.8080859096e-04 -7.9262142245e-05
2.3451381495e-04 6.0069787137e-05
4.1516179108e-04 -8.7841835655e-05
4.8293990077e-04 1.1679782662e-04
3.2137551526e-04 -7.1333020911e-05
9.8338656603e-05 -2.6132377258e-05
5.5213332659e-04 1.3691307614e-04
2.0018876061e-04 -4.5580844856e-05
4.5165238908e-04 1.2285729590e-04
3.7202224398e-04 -8.0285503053e-05
1.7312517060e-04 5.5115572090e-05
4.0785065046e-04 -8.8086486203e-05
2.1545690237e-04 5.7424949633e-05
3.1932720094e-04 -7.1095596606e-05
4.6563510849e-04 1.1558669605e-04
1.0823399161e-04 -2.8389666278e-05
5.4419835242e-04 1.3826612191e-04
1.8626373097e-04 -4.3696853052e-05
4.5366991025e-04 1.2368113914e-04
3.5848572088e-04 -7.9610921061e-05
3.9979224099e-04 -9.0587327597e-05
1.8578306781e-04 5.7905413220e-05
3.1629034827e-04 -7.6182280193e-05
1.9896572680e-04 5.5460585605e-05
1.1397988698e-04 -3.2282576832e-05
4.5169013561e-04 1.1621766039e-04
1.7223488827e-04 -4.1961557987e-05
5.3341247432e-04 1.3949066837e-04
3.4676794753e-04 -7.8893024444e-05
4.5220807806e-04 1.2684567977e-04
3.9045939387e-04 -8.9869242892e-05
1.9677703903e-04 6.2628450142e-05
3.1497575863e-04 -7.6041946031e-05
1.7863799589e-04 5.3480962523e-05
1.2282092617e-04 -3.4262724057e-05
1.5824671977e-04 -4.0501686826e-05
4.3120489812e-04 1.1611568373e-04
3.3224570917e-04 -7.8279306232e-05
5.2355914407e-04 1.4037306227e-04
3.8016333409e-04 -8.9589363809e-05
4.5052058754e-04 1.2386469200e-04
3.1270820106e-04 -7.6311104382e-05
2.0667539968e-04 6.2032559206e-05
1.2962891484e-04 -3.6103539695e-05
1.6215926901e-04 4.9554526924e-05
1.4250342716e-04 -3.8208156175e-05
4.1599051780e-04 1.1480357146e-04
3.1668702420e-04 -7.6993401193e-05
3.7132511186e-04 -9.0170223688e-05
5.1243287786e-04 1.4073628560e-04
3.1057589814e-04 -7.9180257798e-05
4.4745311764e-04 1.2646164392e-04
1.3485545882e-04 -3.9440038806e-05
2.1441795833e-04 6.5856107095e-05
1.2870346698e-04 -3.6576395185e-05
1.4594508109e-04 4.6557775969e-05
3.0490396852e-04 -7.6496024462e-05
4.0272743972e-04 1.1445700182e-04
3.6189949185e-04 -9.0153448197e-05
5.0018990292e-04 1.4130063373e-04
3.0582483212e-04 -7.8972849691e-05
1.3992096661e-04 -4.1140509379e-05
4.3968613936e-04 1.2728932109e-04
1.1634781043e-04 -3.5173884488e-05
2.1880272916e-04 6.8175988193e-05
2.9130162280e-04 -7.5967620488e-05
1.3188029997e-04 4.3580303276e-05
3.4976057572e-04 -9.0443824583e-05
3.9217132768e-04 1.1444416015e-04
3.0101790553e-04 -8.1944995356e-05
4.8678419383e-04 1.4106391481e-04
1.4479233466e-04 -4.5144930459e-05
4.3010329467e-04 1.2713660505e-04
1.0411128905e-04 -3.3702822020e-05
2.7829100967e-04 -7.4779157651e-05
2.2283497359e-04 7.0183183412e-05
3.3833847726e-04 -8.9474065959e-05
1.1176328011e-04 3.8615557943e-05
2.9420132800e-04 -8.0319921346e-05
3.6489817802e-04 1.0962028822e-04
1.4744932552e-04 -4.5449444574e-05
4.6849816372e-04 1.3940088351e-04
9.0258762063e-05 -3.1127452275e-05
4.2921584055e-04 1.2935516107e-04
2.6182695822e-04 -7.2666000313e-05
2.3325323507e-04 7.4371712952e-05
3.2645816454e-04 -8.8994685033e-05
2.8836301399e-04 -8.2446681089e-05
9.5065595387e-05 3.5336754802e-05
1.4970879054e-04 -4.8706625494e-05
3.4799693872e-04 1.0870462625e-04
7.7988510140e-05 -2.9437475473e-05
4.5248363250e-04 1.3947406433e-04
2.4923518935e-04 -7.1573588088e-05
4.1452061370e-04 1.2940703618e-04
3.1387899478e-04 -8.7390109913e-05
2.3008979500e-04 7.6833906893e-05
2.8128373789e-04 -7.9664639391e-05
7.7471683074e-05 3.4460875547e-05
1.5171756231e-04 -4.8545332868e-05
6.4643981224e-05 -2.9822646601e-05
3.2892996146e-04 1.1159773035e-04
2.3145628095e-04 -7.4794943747e-05
4.3095737354e-04 1.4076406340e-04
2.9923496055e-04 -9.0133218080e-05
3.9941532385e-04 1.3140730027e-04
2.7162260420e-04 -8.2825645918e-05
2.2983973983e-04 8.1497163374e-05
1.5110199610e-04 -5.2882667302e-05
6.1444267139e-05 3.1137770159e-05
5.3499346382e-05 -2.8809369402e-05
2.1703430543e-04 -7.2082466710e-05
3.0608399184e-04 1.0601634305e-04
2.8393977220e-04 -8.8951671891e-05
4.0917803167e-04 1.3853052006e-04
2.6002501716e-04 -8.4841720004e-05
3.8444869761e-04 1.3443994446e-04
1.4877714883e-04 -5.6616012253e-05
2.2765988840e-04 8.7758790117e-05
4.2138692186e-05 -2.7187941006e-05
4.3651079222e-05 2.9887124965e-05
2.0175735969e-04 -6.9049643574e-05
2.6783559357e-04 -8.5807856951e-05
2.7702648988e-04 1.0367075140e-04
2.4605804085e-04 -8.1239498781e-05
3.7991805658e-04 1.3641362753e-04
1.4369089806e-04 -5.4557331746e-05
3.6060101092e-04 1.3288967086e-04
3.1171479310e-05 -2.3274488392e-05
2.1754269029e-04 8.9305866824e-05
1.8597856670e-04 -6.4004428968e-05
2.7113127299e-05 2.8480176580e-05
2.4964131101e-04 -8.1588398061e-05
2.3327062720e-04 -7.9044065112e-05
2.5108439199e-04 1.0113503804e-04
1.4059903026e-04 -5.5521545388e-05
3.4769557033e-04 1.3385441104e-04
1.9220060976e-05 -2.4062878061e-05
3.3041454748e-04 1.3452150707e-04
1.6602559832e-04 -6.6374737735e-05
2.0295459527e-04 9.6495857642e-05
2.2745867558e-04 -8.2943282521e-05
1.0615159890e-05 3.3060751115e-05
2.1231568864e-04 -8.1338724636e-05
1.2909591435e-04 -5.9505316423e-05
2.0665283830e-04 1.0642641423e-04
8.0442344621e-06 -2.2853592095e-05
2.9052505967e-04 1.2886665187e-04
1.3883471493e-04 -5.9332011755e-05
2.6929924201e-04 1.0277857870e-04
1.9348226029e-04 -7.1912916228e-05
1.6185224487e-04 7.1983444716e-05
1.7614092594e-04 -5.4912630855e-05
4.7807713107e-06 6.3332923250e-05
1.0411212613e-04 -3.9914334815e-05
5.6999252433e-06 -5.1493354801e-05
2.6881595137e-04 2.0253207169e-04
2.4068075502e-04 -1.7163314758e-04
2.8418741670e-04 1.7100107696e-04
2.2712839114e-04 -1.3731295099e-04
1.4966953367e-05 2.1028061053e-05
-3.8906228961e-05 -1.6761654548e-05
-1.4273645700e-04 -4.2035956487e-05
-1.7111442103e-04 2.9480321485e-05
-4.3374273074e-05 6.2149913494e-06
-3.4885358768e-05 -9.4877147514e-07
