3.9304161535e+02
3.9291846308e+02
3.9279818715e+02
3.9268664682e+02
3.9257808900e+02
3.9247256884e+02
3.9237633760e+02
3.9228342482e+02
3.9219555691e+02
3.9211459395e+02
3.9203628308e+02
3.9196700414e+02
3.9189952493e+02
3.9184113114e+02
3.9178428668e+02
3.9173704771e+02
3.9169206967e+02
3.9165537153e+02
3.9162221909e+02
3.9159685811e+02
3.9157592467e+02
3.9156056891e+02
3.9155221576e+02
3.9154747118e+02
3.9155339141e+02
3.9156431314e+02
3.9158102953e+02
3.9160193252e+02
3.9163092458e+02
3.9166306162e+02
3.9170521706e+02
3.9175040191e+02
3.9180453707e+02
3.9186347613e+02
3.9192962653e+02
3.9200120789e+02
3.9208062969e+02
3.9216472199e+02
3.9225637605e+02
3.9235225531e+02
3.9245575750e+02
3.9256630188e+02
3.9268252525e+02
3.9280467753e+02
3.9293353760e+02
3.9306708724e+02
3.9320727894e+02
3.9335449893e+02
3.9350645719e+02
3.9366611338e+02
3.9382877180e+02
3.9400020202e+02
3.9417377788e+02
3.9435328281e+02
3.9453849636e+02
3.9472855351e+02
3.9492401650e+02
3.9512448203e+02
3.9532979655e+02
3.9554193618e+02
3.9575830965e+02
3.9597797065e+02
3.9620306988e+02
3.9642954531e+02
3.9666268144e+02
3.9689610732e+02
3.9713871174e+02
3.9738075344e+02
3.9762776555e+02
3.9788025064e+02
3.9813290513e+02
3.9839003239e+02
3.9864494782e+02
3.9890904583e+02
3.9917033032e+02
3.9943685335e+02
3.9970749540e+02
3.9997627197e+02
4.0024619662e+02
4.0051607341e+02
4.0078391646e+02
4.0106396473e+02
4.0132918139e+02
4.0161937761e+02
4.0188487631e+02
4.0215747170e+02
4.0243742342e+02
4.0270593162e+02
4.0298375622e+02
4.0323575947e+02
4.0351127867e+02
4.0376799567e+02
4.0403298483e+02
4.0424346500e+02
4.0452619308e+02
4.0471930384e+02
4.0494154209e+02
4.0507121883e+02
4.0503688118e+02
4.0339111762e+02
