-4.5521289762e-06 7.5338047649e-10
1.7748881324e-01 -8.7850481116e-07
3.4937180665e-01 -3.8142178581e-07
5.1568250315e-01 1.1854740755e-07
6.7660470994e-01 8.2744114772e-08
8.3217589767e-01 3.7818707411e-07
9.8255183731e-01 3.1017836586e-07
1.1277866324e+00 3.1465871810e-07
1.2680383074e+00 3.2308134880e-07
1.4033604079e+00 8.3415655044e-07
1.5338675261e+00 9.1728410937e-07
1.6596920909e+00 1.1538969317e-06
1.7808575390e+00 1.4479038029e-06
1.8975516268e+00 1.5748973196e-06
2.0098150544e+00 1.6385939762e-06
2.1177373252e+00 1.6382853727e-06
2.2214664765e+00 1.9854524681e-06
2.3210157464e+00 2.6598071505e-06
2.4165493205e+00 3.1616294271e-06
2.5081241466e+00 3.3961490639e-06
2.5957991238e+00 3.4526379185e-06
2.6797243174e+00 3.7066700501e-06
2.7599102155e+00 4.1060368894e-06
2.8364993679e+00 4.5564562879e-06
2.9095540952e+00 4.8616490579e-06
2.9791063564e+00 4.9351947927e-06
3.0453040684e+00 5.0359128718e-06
3.1081622025e+00 5.3018300185e-06
3.1677614762e+00 5.3242478848e-06
3.2242008387e+00 5.2262892041e-06
3.2774912722e+00 4.9396523130e-06
3.3277488454e+00 4.5728890321e-06
3.3750058543e+00 4.0942945074e-06
3.4192979461e+00 3.8754485164e-06
3.4607269798e+00 3.7912311024e-06
3.4992990823e+00 3.8235973423e-06
3.5350907714e+00 3.5470634552e-06
3.5681260500e+00 3.4317261852e-06
3.5984435819e+00 3.5897078172e-06
3.6261177708e+00 4.5289064534e-06
3.6511527078e+00 5.9423324322e-06
3.6736110550e+00 6.0760083261e-06
3.6935162806e+00 4.5632912177e-06
3.7108486319e+00 1.8249543878e-06
3.7256596499e+00 -1.6556112863e-07
3.7379708603e+00 -5.2581217029e-07
3.7478078678e+00 -8.5207179575e-07
3.7551773939e+00 -2.0623802471e-06
3.7600752563e+00 -2.7080266351e-06
3.7625352388e+00 -2.1725319411e-06
3.7625361776e+00 -1.1299229083e-06
3.7600860533e+00 5.2477577282e-08
3.7551799191e+00 -1.1384258216e-06
3.7478176425e+00 -3.6022775269e-06
3.7379780307e+00 -4.9584667986e-06
3.7256633678e+00 -5.2427333715e-06
3.7108490930e+00 -5.2013225347e-06
3.6935070569e+00 -5.3218342368e-06
3.6736367439e+00 -5.3986429288e-06
3.6511884969e+00 -5.3467629871e-06
3.6261393926e+00 -5.4507879954e-06
3.5984757247e+00 -5.3995392765e-06
3.5681261998e+00 -5.4311054166e-06
3.5350865575e+00 -5.3212766154e-06
3.4992927256e+00 -5.3081712073e-06
3.4607055910e+00 -5.5252267031e-06
3.4193026310e+00 -5.8002372362e-06
3.3749815463e+00 -6.0091992421e-06
3.3277348929e+00 -6.0488958316e-06
3.2774935475e+00 -6.0826273965e-06
3.2241711498e+00 -6.0505120508e-06
3.1677602107e+00 -5.5670971706e-06
3.1081459208e+00 -5.0529283389e-06
3.0452826952e+00 -5.0982199280e-06
2.9791071532e+00 -5.1093770585e-06
2.9095200427e+00 -4.6823154589e-06
2.8365019576e+00 -4.1719388273e-06
2.7599044097e+00 -3.5646604768e-06
2.6796970956e+00 -3.0476734678e-06
2.5958063209e+00 -2.3724984846e-06
2.5080901157e+00 -2.1927266009e-06
2.4165417048e+00 -2.4570998171e-06
2.3210094341e+00 -2.3484611667e-06
2.2214246991e+00 -1.9360852954e-06
2.1177404543e+00 -1.1638101546e-06
2.0097832341e+00 -8.8305794062e-07
1.8975417253e+00 -1.2269284456e-06
1.7808618113e+00 -1.5953889863e-06
1.6596541068e+00 -1.7428419549e-06
1.5338780295e+00 -1.3839510831e-06
1.4033427573e+00 -8.3905303526e-07
1.2680218093e+00 -5.0306064741e-07
1.1277994554e+00 8.2392265755e-08
9.8252223929e-01 -2.4015094482e-07
8.3218331309e-01 -4.0319492388e-07
6.7659578133e-01 -2.0319259566e-07
5.1567346578e-01 3.2734090512e-07
3.4937102782e-01 6.1247557511e-07
1.7748780117e-01 3.7457492642e-07
-1.3350782757e-07 -4.0375471497e-08
