3.5886535937e+02
3.5875548280e+02
3.5864913578e+02
3.5854903183e+02
3.5845298302e+02
3.5835914088e+02
3.5827207971e+02
3.5818722624e+02
3.5811044052e+02
3.5803548509e+02
3.5796722122e+02
3.5790216435e+02
3.5784300939e+02
3.5778810198e+02
3.5773761122e+02
3.5769315302e+02
3.5765266607e+02
3.5761827113e+02
3.5758753518e+02
3.5756294459e+02
3.5754229385e+02
3.5752838328e+02
3.5751921824e+02
3.5751501632e+02
3.5751706306e+02
3.5752274053e+02
3.5753436407e+02
3.5755162104e+02
3.5757400474e+02
3.5760365414e+02
3.5763524855e+02
3.5767569510e+02
3.5771871334e+02
3.5776945026e+02
3.5782493324e+02
3.5788602445e+02
3.5795260287e+02
3.5802523051e+02
3.5810291316e+02
3.5818732078e+02
3.5827582085e+02
3.5837168097e+02
3.5846951007e+02
3.5857559454e+02
3.5868429413e+02
3.5880060065e+02
3.5892070647e+02
3.5904697762e+02
3.5917871896e+02
3.5931473712e+02
3.5945633220e+02
3.5960299252e+02
3.5975471320e+02
3.5991145231e+02
3.6007242176e+02
3.6024185743e+02
3.6041206750e+02
3.6058575735e+02
3.6076196178e+02
3.6094728766e+02
3.6113526179e+02
3.6132958235e+02
3.6152300820e+02
3.6172242672e+02
3.6192550345e+02
3.6213186768e+02
3.6234363363e+02
3.6255815018e+02
3.6277616993e+02
3.6299426782e+02
3.6321659103e+02
3.6343926356e+02
3.6367021455e+02
3.6389783133e+02
3.6413438398e+02
3.6436551171e+02
3.6460445327e+02
3.6483845880e+02
3.6508406087e+02
3.6532529240e+02
3.6556892482e+02
3.6580577119e+02
3.6605614245e+02
3.6630006555e+02
3.6654702933e+02
3.6679185784e+02
3.6703954183e+02
3.6728194462e+02
3.6752885056e+02
3.6775251078e+02
3.6800823373e+02
3.6825267107e+02
3.6848683480e+02
3.6868880534e+02
3.6894059482e+02
3.6912221883e+02
3.6924322136e+02
3.6962781582e+02
3.6927003122e+02
3.6802237822e+02
