-1.0887347152e-06 -2.0702188352e-06
2.9524940852e-01 7.3098921243e-04
5.8436382480e-01 2.8931767604e-03
8.6729237836e-01 6.4266316735e-03
1.1440029687e+00 1.1291422240e-02
1.4144607552e+00 1.7434208688e-02
1.6786402993e+00 2.4798276606e-02
1.9364823494e+00 3.3350194581e-02
2.1879632822e+00 4.3023584676e-02
2.4330356418e+00 5.3786571613e-02
2.6716766934e+00 6.5580758085e-02
2.9038275698e+00 7.8363757072e-02
3.1294661711e+00 9.2088495475e-02
3.3485399599e+00 1.0670092912e-01
3.5610284083e+00 1.2216693291e-01
3.7668787381e+00 1.3842322879e-01
3.9660658098e+00 1.5543986675e-01
4.1585504042e+00 1.7315377057e-01
4.3442934271e+00 1.9152944980e-01
4.5232742041e+00 2.1051547191e-01
4.6954469930e+00 2.3006449017e-01
4.8608000070e+00 2.5012980486e-01
5.0192765152e+00 2.7066843237e-01
5.1708877234e+00 2.9162218086e-01
5.3155708519e+00 3.1295379323e-01
5.4533413781e+00 3.3461266518e-01
5.5841328763e+00 3.5655139303e-01
5.7079828073e+00 3.7872526401e-01
5.8248286026e+00 4.0107664378e-01
5.9346845659e+00 4.2357184933e-01
6.0375199448e+00 4.4614699863e-01
6.1333439407e+00 4.6876772325e-01
6.2221314947e+00 4.9137831341e-01
6.3039015135e+00 5.1393170514e-01
6.3786440013e+00 5.3638845712e-01
6.4463528060e+00 5.5868578196e-01
6.5070573166e+00 5.8078317952e-01
6.5607642577e+00 6.0263542130e-01
6.6074626044e+00 6.2418372701e-01
6.6471816327e+00 6.4538458491e-01
6.6799531451e+00 6.6619451970e-01
6.7057965784e+00 6.8655492337e-01
6.7247181127e+00 7.0643249403e-01
6.7367999179e+00 7.2576654327e-01
6.7420297066e+00 7.4451387785e-01
6.7404636702e+00 7.6262736619e-01
6.7321353442e+00 7.8005273278e-01
6.7171116958e+00 7.9674948519e-01
6.6954293960e+00 8.1266808917e-01
6.6671617683e+00 8.2776214378e-01
6.6323691707e+00 8.4198521067e-01
6.5910851129e+00 8.5528766907e-01
6.5434126777e+00 8.6762542422e-01
6.4894270278e+00 8.7896074321e-01
6.4291786199e+00 8.8924080136e-01
6.3627857158e+00 8.9842206374e-01
6.2903089247e+00 9.0646266676e-01
6.2118402980e+00 9.1331850478e-01
6.1275177737e+00 9.1895477110e-01
6.0374007211e+00 9.2333154399e-01
5.9416296705e+00 9.2640428678e-01
5.8403162282e+00 9.2813718843e-01
5.7335608680e+00 9.2849179648e-01
5.6215134206e+00 9.2743346371e-01
5.5042827275e+00 9.2493570528e-01
5.3820206202e+00 9.2095244179e-01
5.2548635540e+00 9.1546813417e-01
5.1229631095e+00 9.0845203593e-01
4.9864701575e+00 8.9987346430e-01
4.8455754463e+00 8.8972419036e-01
4.7003946466e+00 8.7796579039e-01
4.5511460380e+00 8.6460025500e-01
4.3980064583e+00 8.4959842941e-01
4.2411469796e+00 8.3296124041e-01
4.0807897691e+00 8.1467028701e-01
3.9171478420e+00 7.9474797980e-01
3.7504199137e+00 7.7317287497e-01
3.5808433357e+00 7.4996671819e-01
3.4086931028e+00 7.2513654463e-01
3.2341779090e+00 6.9871635117e-01
3.0575899465e+00 6.7071127936e-01
2.8792261239e+00 6.4118479166e-01
2.6993753398e+00 6.1014817879e-01
2.5183641251e+00 5.7767795308e-01
2.3365958274e+00 5.4382403416e-01
2.1543900547e+00 5.0868252641e-01
1.9721887570e+00 4.7231986856e-01
1.7904766065e+00 4.3486448228e-01
1.6097380961e+00 3.9643239254e-01
1.4305757132e+00 3.5715604379e-01
1.2536366295e+00 3.1727609625e-01
1.0796835206e+00 2.7693276707e-01
9.0959717790e-01 2.3642592156e-01
7.4456759672e-01 1.9606705503e-01
5.8583039987e-01 1.5632111568e-01
4.3520230538e-01 1.1764853981e-01
2.9534087295e-01 8.0853953227e-02
1.6941855243e-01 4.7046550159e-02
6.4362797377e-02 1.7362014483e-02
-2.6622647158e-05 -8.6159819558e-06
