-1.8799420593e-06 -3.6207673113e-09
2.5473958516e-01 -2.8883992805e-07
5.0329376061e-01 -3.4000589021e-07
7.4568056591e-01 5.6352075287e-08
9.8199254173e-01 -2.5358449482e-08
1.2122466490e+00 -3.2662928437e-07
1.4365215607e+00 -4.9955037820e-07
1.6548533074e+00 -3.1745045873e-07
1.8672896182e+00 -1.0751432648e-08
2.0738946045e+00 -1.5192255255e-07
2.2746967364e+00 -5.2302990496e-07
2.4697815462e+00 -7.2198123241e-07
2.6591526454e+00 -6.2558502022e-07
2.8428927822e+00 -4.5315029318e-07
3.0210444514e+00 -8.4119993533e-08
3.1936286320e+00 4.1446061569e-07
3.3607334595e+00 2.5333595985e-07
3.5223669744e+00 -6.8493115839e-07
3.6785971712e+00 -1.4675084458e-06
3.8294687738e+00 -1.4356276998e-06
3.9749962895e+00 -7.8307417703e-07
4.1152692491e+00 -5.4137744058e-07
4.2502903143e+00 -8.8502700883e-07
4.3801074536e+00 -1.4823222442e-06
4.5047748342e+00 -1.4605236780e-06
4.6243008627e+00 -8.8611379825e-07
4.7387506641e+00 -5.8029543664e-07
4.8481573856e+00 -8.5322166149e-07
4.9525375865e+00 -1.3106045343e-06
5.0519553524e+00 -1.8019116988e-06
5.1464015453e+00 -2.1211687854e-06
5.2359458649e+00 -2.3601332407e-06
5.3206018918e+00 -2.1575415381e-06
5.4003790085e+00 -1.6808136601e-06
5.4753347397e+00 -1.3262798514e-06
5.5454923270e+00 -1.1087690176e-06
5.6108393316e+00 -1.1229550329e-06
5.6714385605e+00 -1.4718538666e-06
5.7273000558e+00 -2.2552498642e-06
5.7784362354e+00 -2.7627169165e-06
5.8248688479e+00 -2.1424467679e-06
5.8666048727e+00 -1.3022183824e-06
5.9036750514e+00 -1.5505570794e-06
5.9360746082e+00 -3.1086168385e-06
5.9638343229e+00 -3.5704378824e-06
5.9869361804e+00 -2.8182015405e-06
6.0054046348e+00 -1.9015031271e-06
6.0192638606e+00 -1.9682629580e-06
6.0285094399e+00 -2.9066178043e-06
6.0331275184e+00 -3.6056285207e-06
6.0331270901e+00 -3.4498035306e-06
6.0285207406e+00 -2.9039870178e-06
6.0192865590e+00 -2.9715076089e-06
6.0054335840e+00 -2.7601687829e-06
5.9869627853e+00 -2.7380803262e-06
5.9638468711e+00 -2.4575995928e-06
5.9361034767e+00 -1.8369923811e-06
5.9037004428e+00 -2.0963363620e-06
5.8666261112e+00 -2.6776748607e-06
5.8248888297e+00 -2.9446261399e-06
5.7784645315e+00 -2.8275542966e-06
5.7273448501e+00 -2.1675995929e-06
5.6714872894e+00 -2.1089747961e-06
5.6108796095e+00 -2.5969108848e-06
5.5455282705e+00 -2.8255536541e-06
5.4753756678e+00 -2.6188634162e-06
5.4004201769e+00 -1.8579832725e-06
5.3206249892e+00 -1.4952107523e-06
5.2359697934e+00 -1.5726964401e-06
5.1464453947e+00 -1.6266212696e-06
5.0519785297e+00 -1.5100424927e-06
4.9525715299e+00 -7.1189708249e-07
4.8481924667e+00 -4.1551378591e-07
4.7387765658e+00 -2.3348340744e-07
4.6243206481e+00 -3.0370430205e-07
4.5047756665e+00 -4.6170826416e-07
4.3801296393e+00 -3.2752523377e-07
4.2503001989e+00 -4.7420444360e-07
4.1152750377e+00 -7.2325831893e-07
3.9750228278e+00 -7.1185355897e-07
3.8294700869e+00 -5.0470772900e-07
3.6786189966e+00 2.6490873262e-08
3.5223904214e+00 5.5987423487e-07
3.3607378966e+00 3.9015190232e-07
3.1936541700e+00 -2.6688658287e-07
3.0210496946e+00 -3.3675491176e-07
2.8428967659e+00 -5.9118245658e-09
2.6591663000e+00 3.2017371106e-07
2.4697738327e+00 4.3839723132e-07
2.2747116166e+00 2.4560564316e-07
2.0738930966e+00 6.8402967838e-08
1.8672893095e+00 -1.8875896066e-07
1.6548582735e+00 -3.2065689120e-07
1.4365162878e+00 -2.6179326127e-07
1.2122585467e+00 -5.5398221245e-08
9.8199246469e-01 5.1608568293e-08
7.4567652004e-01 -2.9818438421e-08
5.0329301036e-01 -3.5722943723e-07
2.5473836779e-01 -4.1345889181e-07
-2.0911108366e-06 -2.3485772322e-10
