-2.6206549691e-07 -6.3732457940e-07
2.9648958739e-01 5.0911001864e-04
5.8696057381e-01 2.0136250906e-03
8.7138732434e-01 4.4685903392e-03
1.1497397479e+00 7.8560127901e-03
1.4219948142e+00 1.2125557141e-02
1.6881101723e+00 1.7254964644e-02
1.9480683048e+00 2.3204463010e-02
2.2018385198e+00 2.9942887336e-02
2.4493838841e+00 3.7441392823e-02
2.6906730337e+00 4.5660456464e-02
2.9256882531e+00 5.4575183168e-02
3.1543874231e+00 6.4147742080e-02
3.3767406821e+00 7.4350207024e-02
3.5927264379e+00 8.5151930321e-02
3.8023006853e+00 9.6516112437e-02
4.0054423615e+00 1.0842065030e-01
4.2021272788e+00 1.2082477089e-01
4.3923285171e+00 1.3370213771e-01
4.5760013367e+00 1.4702227606e-01
4.7531376739e+00 1.6074971539e-01
4.9237048017e+00 1.7486198599e-01
5.0876770935e+00 1.8931878890e-01
5.2450194731e+00 2.0409261284e-01
5.3957440520e+00 2.1915792810e-01
5.5398020279e+00 2.3447156138e-01
5.6771710524e+00 2.5001143114e-01
5.8078552665e+00 2.6574529488e-01
5.9318079159e+00 2.8163648366e-01
6.0490189387e+00 2.9766205637e-01
6.1595068302e+00 3.1378597475e-01
6.2632395803e+00 3.2997596498e-01
6.3602039250e+00 3.4620105979e-01
6.4504025165e+00 3.6243228679e-01
6.5338170439e+00 3.7863487540e-01
6.6104577941e+00 3.9477463494e-01
6.6803079131e+00 4.1082669564e-01
6.7433769439e+00 4.2675140892e-01
6.7996690942e+00 4.4252009678e-01
6.8491948953e+00 4.5810132801e-01
6.8919561272e+00 4.7345855297e-01
6.9279501295e+00 4.8856299811e-01
6.9572089837e+00 5.0338229459e-01
6.9797439533e+00 5.1787879527e-01
6.9955664998e+00 5.3202981373e-01
7.0047035207e+00 5.4579690057e-01
7.0071748878e+00 5.5914361375e-01
7.0030213956e+00 5.7203988989e-01
6.9922696619e+00 5.8445354804e-01
6.9749211349e+00 5.9635236205e-01
6.9510621129e+00 6.0770608426e-01
6.9206885578e+00 6.1847670812e-01
6.8838527336e+00 6.2863105515e-01
6.8406101032e+00 6.3813740623e-01
6.7910017381e+00 6.4696181673e-01
6.7350962627e+00 6.5507654693e-01
6.6729420902e+00 6.6243832649e-01
6.6045811839e+00 6.6901739644e-01
6.5300991215e+00 6.7479160362e-01
6.4495762685e+00 6.7971569733e-01
6.3630448583e+00 6.8376316261e-01
6.2706039780e+00 6.8690458397e-01
6.1723482179e+00 6.8910217482e-01
6.0683392822e+00 6.9033381952e-01
5.9586678813e+00 6.9055890862e-01
5.8434390862e+00 6.8975374011e-01
5.7227596165e+00 6.8789362931e-01
5.5967004847e+00 6.8494235027e-01
5.4653875290e+00 6.8087540940e-01
5.3289547817e+00 6.7566562025e-01
5.1875004176e+00 6.6929425680e-01
5.0411445895e+00 6.6173271768e-01
4.8900527106e+00 6.5295796042e-01
4.7343311393e+00 6.4294926087e-01
4.5741318353e+00 6.3168710210e-01
4.4096279902e+00 6.1916006393e-01
4.2409833756e+00 6.0534565817e-01
4.0683432054e+00 5.9023876910e-01
3.8919095960e+00 5.7382819925e-01
3.7119017508e+00 5.5610105563e-01
3.5285017276e+00 5.3707376654e-01
3.3419298276e+00 5.1672514443e-01
3.1524432496e+00 4.9507223762e-01
2.9603143876e+00 4.7213308028e-01
2.7657996098e+00 4.4791317000e-01
2.5692310729e+00 4.2244800791e-01
2.3709738494e+00 3.9576012091e-01
2.1713755838e+00 3.6791832856e-01
1.9708694865e+00 3.3894369182e-01
1.7699848890e+00 3.0891889666e-01
1.5692863001e+00 2.7796284627e-01
1.3694210599e+00 2.4613562014e-01
1.1711925496e+00 2.1361623304e-01
9.7560219465e-01 1.8055382858e-01
7.8393412958e-01 1.4723049777e-01
5.9789936196e-01 1.1398012919e-01
4.1988897874e-01 8.1230132105e-02
2.5326976167e-01 4.9708202786e-02
1.0514812414e-01 2.0163310735e-02
-1.1098114584e-05 -3.3439604014e-06
