9.8044692715e-04 -7.4886570251e-06
1.4688880856e-03 1.6415304101e-06
1.6918473594e-04 8.9555405619e-06
1.5102427170e-03 2.5746417855e-05
1.0672087146e-03 1.8375293204e-05
1.0996926860e-03 3.2991379856e-05
1.4977413771e-03 4.9412637114e-06
2.1302946921e-04 1.5988693783e-05
1.4750269992e-03 -2.1568816442e-05
9.3965362965e-04 1.4339351002e-05
1.0055611530e-03 -2.5290485478e-05
1.4527164776e-03 2.6814201262e-05
1.2559608991e-04 3.8376019652e-06
1.5167506293e-03 4.7351739860e-05
1.0297580927e-03 1.0180452729e-06
1.1182914157e-03 5.1858094882e-05
1.4812335213e-03 -1.6217819939e-05
2.5258985719e-04 2.4152809740e-05
1.4828923877e-03 -3.6184634404e-05
9.1798158191e-04 1.9548650422e-05
1.0317602784e-03 -3.2777604510e-05
1.4473744035e-03 3.9297299970e-05
1.2619417855e-04 -1.4093654153e-06
1.5204186486e-03 7.3380002638e-05
1.0097252588e-03 -1.4019924458e-05
1.1433072765e-03 8.1167369300e-05
1.4724711132e-03 -3.6137470755e-05
2.9680008096e-04 3.6005955430e-05
1.4847043341e-03 -6.1432434206e-05
8.8259063777e-04 3.9004007489e-05
1.0572551051e-03 -5.7884383595e-05
1.4300855105e-03 6.4825826590e-05
1.7457217067e-04 -1.0975638609e-05
1.5206495685e-03 9.1755675913e-05
9.6858442565e-04 -2.8750428570e-05
1.1555055917e-03 9.0718619190e-05
1.4471950733e-03 -5.5839214413e-05
3.3458436332e-04 4.3588690294e-05
1.5021265431e-03 -8.2108843418e-05
8.4599995831e-04 4.5523653641e-05
1.1014908762e-03 -7.4895750181e-05
1.4100461981e-03 7.7756592557e-05
1.9064672246e-04 -1.7843089357e-05
1.5246620532e-03 1.1209960046e-04
8.5985979235e-04 -3.4402465994e-05
1.1892304939e-03 1.1045605710e-04
1.3951155096e-03 -6.9926643557e-05
3.7794770339e-04 5.5302713394e-05
1.5010277109e-03 -1.0411421533e-04
8.0470921479e-04 6.2196427883e-05
1.0887797153e-03 -9.5216767534e-05
1.3865304539e-03 1.0068720228e-04
2.5409383203e-04 -2.9962195934e-05
1.5188032366e-03 1.3140836583e-04
9.0658126407e-04 -4.9882815371e-05
1.1956457348e-03 1.2618820314e-04
1.4138817643e-03 -8.9304685320e-05
4.1013685108e-04 6.5137365346e-05
1.4755174651e-03 -1.2365942419e-04
7.7378835214e-04 7.0131076975e-05
1.1126778536e-03 -1.1440822559e-04
1.3730578422e-03 1.1650793819e-04
3.0217961061e-04 -4.0935901162e-05
1.5132208020e-03 1.5362973041e-04
8.5963698381e-04 -6.2822991255e-05
1.2073928386e-03 1.4865181224e-04
1.3812444226e-03 -1.0864851843e-04
4.4361274162e-04 7.8663083409e-05
1.4736272836e-03 -1.4192970134e-04
7.2840148580e-04 8.2016690936e-05
1.1333097258e-03 -1.2757047081e-04
1.3426741566e-03 1.3623414386e-04
3.4158633723e-04 -4.9885095699e-05
1.5039533310e-03 1.7296863575e-04
8.2767645257e-04 -7.9837267679e-05
1.2226162885e-03 1.6462231719e-04
1.3604457722e-03 -1.3153713804e-04
4.8107073521e-04 9.0498330612e-05
1.4534578680e-03 -1.5723594053e-04
6.8768902767e-04 9.1492338423e-05
1.1242221498e-03 -1.3805300608e-04
1.3165552108e-03 1.5379417083e-04
3.7171088320e-04 -5.8663558388e-05
1.4955189509e-03 1.9413891221e-04
7.9164747885e-04 -8.6523785096e-05
1.2284064626e-03 1.8693927269e-04
1.3361175493e-03 -1.4488269493e-04
5.0970216300e-04 1.0530402709e-04
1.4428893466e-03 -1.7552981832e-04
6.4682652979e-04 9.9244570351e-05
1.1376821920e-03 -1.5803295408e-04
1.2902516138e-03 1.6980776686e-04
4.1025080324e-04 -7.2318254878e-05
1.4806176488e-03 2.1226828839e-04
7.5197596895e-04 -9.4409209447e-05
1.2398756609e-03 2.0329626945e-04
1.3064134818e-03 -1.5910086454e-04
1.4302494492e-03 -1.9268208507e-04
5.4256843259e-04 1.1774794332e-04
1.1455906049e-03 -1.7525455608e-04
6.0414564084e-04 1.0661877920e-04
4.4335154090e-04 -8.4904629607e-05
1.2617160392e-03 1.8632497193e-04
7.0736489198e-04 -9.9947072603e-05
1.4640174703e-03 2.3159750436e-04
1.2700468621e-03 -1.7106702560e-04
1.2361123590e-03 2.2407874626e-04
1.4133358350e-03 -2.0894721535e-04
5.6461096296e-04 1.3296448809e-04
1.1565634677e-03 -1.9308571436e-04
5.6070218829e-04 1.1152665522e-04
4.7889268483e-04 -9.8278816952e-05
1.2332864567e-03 2.0030656990e-04
6.5978954262e-04 -1.0434541781e-04
1.4484637756e-03 2.5079802437e-04
1.2285229616e-03 -1.8210410992e-04
1.2316473952e-03 2.3916926508e-04
1.3957121058e-03 -2.2491680212e-04
5.8729567814e-04 1.4513015479e-04
1.1633779699e-03 -2.1057922634e-04
5.1217527117e-04 1.1598016321e-04
5.0938405624e-04 -1.1188077225e-04
1.1904924612e-03 2.1388139536e-04
6.1731844393e-04 -1.0717147396e-04
1.4258800973e-03 2.6786038950e-04
1.1937809414e-03 -1.9143275233e-04
1.2387034227e-03 2.6187251218e-04
1.3746874785e-03 -2.4093743871e-04
6.1569336761e-04 1.6364359360e-04
1.1656262740e-03 -2.3869482740e-04
4.6428860703e-04 1.1947939411e-04
5.3839488872e-04 -1.3339437758e-04
1.1545310557e-03 2.2670638705e-04
5.7481157698e-04 -1.1446955255e-04
1.4033053452e-03 2.8428139898e-04
1.1571670671e-03 -2.0594935205e-04
1.2321560580e-03 2.7506866637e-04
1.3577564828e-03 -2.5419432069e-04
6.3513133966e-04 1.7430763737e-04
1.1494235291e-03 -2.4733709727e-04
4.1590928950e-04 1.1927738028e-04
5.5295660137e-04 -1.4302704860e-04
1.1122806173e-03 2.3632830151e-04
5.4508841209e-04 -1.1655010941e-04
1.3777652935e-03 3.0098395728e-04
1.1370443228e-03 -2.1389782647e-04
1.2386571284e-03 2.9923471918e-04
1.3347599912e-03 -2.6694015047e-04
6.6288080644e-04 1.9478846185e-04
1.1477335099e-03 -2.5461714394e-04
3.6087992704e-04 1.2121543293e-04
5.7472347504e-04 -1.5113395252e-04
1.0628113095e-03 2.4939950578e-04
5.1023154651e-04 -1.1982323032e-04
1.1134690434e-03 -2.2512017943e-04
1.3512651523e-03 3.1455365804e-04
1.3108688763e-03 -2.7799497492e-04
1.2089692965e-03 3.0723537553e-04
1.1384671189e-03 -2.6712098054e-04
6.6092464599e-04 2.0224212559e-04
5.9301848651e-04 -1.6357588157e-04
3.2485812724e-04 1.0975610339e-04
4.6764425070e-04 -1.2121969136e-04
1.0432432119e-03 2.3600615537e-04
1.0732605213e-03 -2.3389503267e-04
1.3257403991e-03 3.2295872941e-04
1.2855392054e-03 -2.8962503271e-04
1.2148686787e-03 3.2849647512e-04
1.1332886949e-03 -2.7958678875e-04
6.9034429645e-04 2.2145580603e-04
6.1244221013e-04 -1.7571147991e-04
2.6896387135e-04 1.1747533153e-04
4.2571971445e-04 -1.2106260913e-04
9.8346023148e-04 2.6756711349e-04
1.0344627155e-03 -2.4085272022e-04
1.2928551155e-03 3.4134026473e-04
1.2586300677e-03 -2.9951307224e-04
1.1782945671e-03 3.3448093960e-04
1.1222613905e-03 -2.9048794031e-04
6.7762587695e-04 2.2739807293e-04
6.2729867135e-04 -1.8694174880e-04
2.2948483699e-04 1.0856898793e-04
3.8208265027e-04 -1.1684896889e-04
9.5814285518e-04 2.5902869477e-04
9.8849790179e-04 -2.4108951785e-04
1.2644170717e-03 3.4520346265e-04
1.2288453289e-03 -3.0884976662e-04
1.1839145356e-03 3.5736387210e-04
1.1191283729e-03 -3.1017325754e-04
7.1160269863e-04 2.5316579378e-04
6.4697643158e-04 -2.0589610993e-04
1.7937296727e-04 1.0415454561e-04
3.3667997704e-04 -1.1448022062e-04
9.4129657065e-04 -2.4571915656e-04
9.0028190563e-04 2.6525716133e-04
1.1985790529e-03 -3.1755749054e-04
1.2238255786e-03 3.5820068188e-04
1.0981760326e-03 -3.3010806916e-04
1.1726769010e-03 3.6997681616e-04
6.5064926469e-04 -2.2825309361e-04
7.2522141932e-04 2.6416477858e-04
3.0252533951e-04 -1.1538524892e-04
1.3214275748e-04 1.0129484780e-04
9.1349511319e-04 -2.5410169939e-04
8.5824601732e-04 2.7927928152e-04
1.1720393854e-03 -3.2480467658e-04
1.1920565829e-03 3.7193372878e-04
1.0850696897e-03 -3.2463111319e-04
1.1436666246e-03 3.7720625787e-04
6.6050887273e-04 -2.2324438001e-04
7.1646543121e-04 2.7189219548e-04
2.6821586977e-04 -1.0504152138e-04
8.5282535962e-05 9.3559105053e-05
8.8780427760e-04 -2.4513731011e-04
8.1841539334e-04 2.7862779067e-04
1.1443149794e-03 -3.2539426695e-04
1.1580045902e-03 3.7701459617e-04
1.0731037800e-03 -3.3720167519e-04
1.1188178361e-03 3.8710281721e-04
6.7376000683e-04 -2.4036429545e-04
7.1501214390e-04 2.8442304554e-04
2.2832326752e-04 -1.0505820634e-04
4.0814824806e-05 8.4240866345e-05
8.4126644646e-04 -2.5599112005e-04
7.6955415183e-04 2.7443774494e-04
1.1103914380e-03 -3.3622113657e-04
1.1194085878e-03 3.8149437221e-04
1.0544244280e-03 -3.4218345198e-04
6.7694191584e-04 -2.4649359690e-04
1.1015555657e-03 3.9939314295e-04
1.9225714022e-04 -1.0138691347e-04
7.2124842337e-04 2.9843289185e-04
8.0973033184e-04 -2.5906987815e-04
-3.3397101979e-06 7.4836366082e-05
1.0825285430e-03 -3.4194561697e-04
7.2583246294e-04 2.8049009428e-04
1.0326867019e-03 -3.4831594694e-04
1.0808415816e-03 3.9036357634e-04
6.7600116309e-04 -2.5498045792e-04
1.0685026236e-03 4.0417722542e-04
1.5537706437e-04 -9.5767609886e-05
7.0938405570e-04 3.0432253545e-04
7.6550229129e-04 -2.5981230126e-04
1.0616719213e-05 8.0449075146e-05
1.0479413033e-03 -3.4643948418e-04
6.8079722389e-04 2.7050399847e-04
1.0183003664e-03 -3.5404707251e-04
1.0404847129e-03 3.8870008873e-04
6.8314634918e-04 -2.6258121723e-04
1.0474623755e-03 4.1485480737e-04
1.1856472546e-04 -8.8023814669e-05
7.1298476683e-04 3.1985400282e-04
7.1701629798e-04 -2.5914934658e-04
3.7541665663e-05 9.2481432370e-05
1.0086472625e-03 -3.4994641475e-04
6.3845865527e-04 2.7125162711e-04
9.9922818070e-04 -3.6195924730e-04
6.8592119838e-04 -2.7449550530e-04
1.0037444060e-03 3.9317419879e-04
8.2367983099e-05 -8.1425000896e-05
1.0183528547e-03 4.1743277766e-04
6.8064598335e-04 -2.5265147314e-04
7.0269113495e-04 3.2513864794e-04
9.7587574319e-04 -3.4894037570e-04
6.5458114651e-05 1.0488485271e-04
9.7505093468e-04 -3.7203557185e-04
5.9060831973e-04 2.6553336543e-04
6.8273870167e-04 -2.9201427570e-04
9.5800236704e-04 3.9225293140e-04
9.7317678631e-05 -9.1715842131e-05
9.9478861762e-04 4.2086985327e-04
6.4544485913e-04 -2.5499431197e-04
7.0784641120e-04 3.3102879523e-04
9.4290022724e-04 -3.5304202367e-04
9.0625638382e-05 1.1343489578e-04
9.5132685248e-04 -3.7002252262e-04
5.4309292320e-04 2.5705880281e-04
6.7681422671e-04 -2.8834060355e-04
9.1530406986e-04 3.9069966625e-04
1.2386831174e-04 -1.0069695573e-04
9.6706991857e-04 4.3118057548e-04
6.0816888762e-04 -2.5371568712e-04
9.0901037693e-04 -3.5254674439e-04
7.0258076166e-04 3.5335826239e-04
9.2008075072e-04 -3.6590644170e-04
1.1244354178e-04 1.2922219130e-04
6.5630965899e-04 -2.8846938408e-04
4.9818817162e-04 2.5553211376e-04
1.4241329527e-04 -1.1163682441e-04
8.7294542711e-04 3.9412612900e-04
5.9044657548e-04 -2.4150431310e-04
9.3359133465e-04 4.3311879229e-04
8.8804627277e-04 -3.4746189989e-04
6.8379543468e-04 3.5593969890e-04
9.0031783688e-04 -3.7551674364e-04
1.3072188215e-04 1.4033785820e-04
6.6190506979e-04 -3.0237896812e-04
4.5480389188e-04 2.4822912832e-04
1.6292726042e-04 -1.2340636566e-04
8.2922517209e-04 3.9002621210e-04
5.4257682171e-04 -2.4447772301e-04
9.0124501778e-04 4.3052273988e-04
8.4501928596e-04 -3.5318763244e-04
6.7021808907e-04 3.5415140180e-04
8.7508962065e-04 -3.8082436027e-04
1.4723543669e-04 1.4652166388e-04
6.5339173438e-04 -3.1366295210e-04
1.8013382457e-04 -1.3668399455e-04
4.2049612571e-04 2.3593358054e-04
5.0588673337e-04 -2.3939477961e-04
7.9412556615e-04 3.8306616597e-04
8.0950642513e-04 -3.5067238530e-04
8.6817906293e-04 4.3176476898e-04
8.5028710162e-04 -3.8211877778e-04
6.5883408142e-04 3.6246571988e-04
6.4791936936e-04 -3.1951902238e-04
1.6349387458e-04 1.5816599231e-04
1.9708632208e-04 -1.4794287949e-04
3.7589112658e-04 2.3052592900e-04
4.6709273188e-04 -2.3660021285e-04
7.4823209460e-04 3.8084498760e-04
7.7127871679e-04 -3.5040263605e-04
8.3342279733e-04 4.2666179522e-04
8.2354578830e-04 -3.8199253800e-04
6.3886997437e-04 3.5974613713e-04
6.3889563180e-04 -3.2204221896e-04
1.7477746765e-04 1.6587613174e-04
2.1239557912e-04 -1.5717865117e-04
4.3010975342e-04 -2.3038802991e-04
3.4308889106e-04 2.2199412169e-04
7.3342303891e-04 -3.4728117067e-04
7.1364118104e-04 3.7541797277e-04
7.9844391075e-04 -3.8410118508e-04
7.9868687830e-04 4.2485757840e-04
6.3402019323e-04 -3.3014683979e-04
6.2267954684e-04 3.6427132658e-04
2.2545890906e-04 -1.6752434773e-04
1.8638705433e-04 1.7444887198e-04
3.8981039832e-04 -2.2348821653e-04
2.9969111655e-04 2.1142265815e-04
6.9240064630e-04 -3.4310008903e-04
6.6589998191e-04 3.6919926052e-04
7.6531175515e-04 -3.8274667873e-04
7.6398097137e-04 4.2183115594e-04
6.0598102044e-04 -3.3472210331e-04
6.0498533617e-04 3.6424142937e-04
2.2874354456e-04 -1.7888939414e-04
1.9500757503e-04 1.8130563548e-04
3.6556252968e-04 -2.1796722920e-04
6.6707902825e-04 -3.3826652651e-04
2.6124264112e-04 1.9910494439e-04
7.3739762142e-04 -3.7973720673e-04
6.2310006996e-04 3.5959211166e-04
5.9466029928e-04 -3.3267021796e-04
7.2863382569e-04 4.1814381366e-04
2.3774475382e-04 -1.8465858691e-04
5.8886940403e-04 3.7006691940e-04
3.3116051301e-04 -2.1576844064e-04
2.0240580428e-04 1.9111414011e-04
6.2894521294e-04 -3.3855346001e-04
2.1996708304e-04 1.8710959182e-04
7.0141136454e-04 -3.7494562938e-04
5.7625574024e-04 3.5043831036e-04
5.6354848041e-04 -3.2930297111e-04
6.9128398544e-04 4.1237301465e-04
2.3546807924e-04 -1.9060386695e-04
5.6262458589e-04 3.7252580306e-04
3.0407148480e-04 -2.0453922438e-04
2.0407855216e-04 2.0188546798e-04
5.9948473621e-04 -3.2693499440e-04
6.6969620861e-04 -3.7329532061e-04
1.8729394003e-04 1.7965487254e-04
5.5421234273e-04 -3.3346817867e-04
5.3732306572e-04 3.4305521832e-04
2.4383008297e-04 -1.9937352855e-04
6.5352078193e-04 4.0301920519e-04
2.6430097688e-04 -2.0126256910e-04
5.3579055502e-04 3.5900316050e-04
5.5226615457e-04 -3.2605916929e-04
2.0307979830e-04 1.9954363699e-04
6.3579826391e-04 -3.6958667346e-04
1.6070523487e-04 1.6571929010e-04
5.3074396761e-04 -3.3572098878e-04
5.0781730066e-04 3.2928900525e-04
2.4097110948e-04 -2.0818245041e-04
6.1403863057e-04 3.9480916353e-04
2.3257950338e-04 -1.9614383581e-04
5.1712657875e-04 -3.2086489871e-04
5.0488256712e-04 3.5679541182e-04
6.0108800481e-04 -3.6446754154e-04
1.9953994654e-04 2.0483003433e-04
5.0832700413e-04 -3.3323887866e-04
1.2856430584e-04 1.5747371446e-04
2.3916144821e-04 -2.1301170468e-04
4.6477050429e-04 3.2418321406e-04
1.9938317108e-04 -1.8854354180e-04
5.7400321177e-04 3.8680305380e-04
4.7598731297e-04 -3.1321650169e-04
4.8326343631e-04 3.5068741276e-04
5.6442328033e-04 -3.6008417657e-04
1.9972684373e-04 2.0726852405e-04
4.8153915891e-04 -3.3295672654e-04
9.2037519378e-05 1.4602407743e-04
2.3242710740e-04 -2.1942422763e-04
4.1503785722e-04 3.1129161615e-04
1.6989428177e-04 -1.8434826770e-04
4.4138546218e-04 -3.0848734246e-04
5.3028308979e-04 3.7482244873e-04
5.2769890324e-04 -3.5087123003e-04
4.5393643799e-04 3.4833259303e-04
4.4638616950e-04 -3.2374038167e-04
1.9408868010e-04 2.1479061117e-04
2.1808389071e-04 -2.2014732697e-04
5.8695987901e-05 1.3545852273e-04
1.3899396846e-04 -1.7181669086e-04
3.6751898414e-04 2.9701095931e-04
4.0160764429e-04 -2.8769335237e-04
4.8537686423e-04 3.6331352002e-04
4.8651416998e-04 -3.4288404420e-04
4.2467255914e-04 3.4238491130e-04
4.2926516151e-04 -3.2902909845e-04
1.8822026862e-04 2.1722364654e-04
2.1854699049e-04 -2.2950916960e-04
1.0432038124e-04 -1.6946288267e-04
2.9357365484e-05 1.2493841233e-04
3.5367096517e-04 -2.9076188927e-04
3.2230676255e-04 2.8517051149e-04
4.4399982981e-04 -3.3668851858e-04
4.3737831357e-04 3.5172290249e-04
3.8430612356e-04 -3.1804803593e-04
3.8653457444e-04 3.3506361622e-04
1.9258957477e-04 -2.2867342373e-04
1.7323752484e-04 2.1988870485e-04
7.5236110592e-05 -1.6324546709e-04
8.8396592346e-07 1.1771713519e-04
3.1693231808e-04 -2.7432913234e-04
2.8003598126e-04 2.7376003232e-04
3.9909261684e-04 -3.2508919222e-04
3.8798476082e-04 3.3817830463e-04
3.5259799083e-04 -3.1609121395e-04
1.8107470342e-04 -2.3358225496e-04
3.4333080658e-04 3.2483416239e-04
4.4243164692e-05 -1.5962659593e-04
1.5319872988e-04 2.2064113201e-04
2.6880521935e-04 -2.7210243744e-04
-2.8015231456e-05 1.1157963103e-04
3.4991882449e-04 -3.1748387933e-04
2.3052074860e-04 2.6149021722e-04
3.1616470412e-04 -3.0717739222e-04
3.3074852542e-04 3.2344861074e-04
1.6212638834e-04 -2.3271125454e-04
2.9403341541e-04 3.1358249738e-04
1.0035769868e-05 -1.5694289398e-04
1.2710953136e-04 2.2091560258e-04
2.1940049639e-04 -2.6764826198e-04
2.9577536088e-04 -3.0824951535e-04
-5.8541350853e-05 1.0768387322e-04
2.6169568339e-04 -3.0180627850e-04
1.7646210382e-04 2.4839231046e-04
1.2501711697e-04 -2.3804454607e-04
2.6548851304e-04 3.0650752206e-04
-2.4976103504e-05 -1.5769597969e-04
2.3434220530e-04 3.0133402050e-04
1.6796737144e-04 -2.5984201174e-04
9.0591751631e-05 2.2163591188e-04
2.3413546284e-04 -2.9860239530e-04
-9.2930819488e-05 1.0728640260e-04
2.1292035653e-04 -2.9396785973e-04
1.1345776628e-04 2.3698507831e-04
9.6638017546e-05 -2.3786220174e-04
-6.6634917645e-05 -1.5606387912e-04
1.8652444260e-04 2.8865059679e-04
9.6080979452e-05 -2.5077468889e-04
1.5957127785e-04 2.8688865505e-04
1.5704580489e-04 -2.9014784892e-04
3.9199926400e-05 2.2147373730e-04
1.3819907596e-04 -2.9229799765e-04
-1.3782804087e-04 1.1042369379e-04
3.4336851304e-05 -2.4772329620e-04
3.1483280374e-05 2.1804319833e-04
-1.2205648904e-04 -1.6805828542e-04
8.3155660852e-05 2.5399383787e-04
3.8428753943e-05 -2.4595271033e-04
6.1429526143e-05 2.4704153274e-04
6.9491674326e-05 -2.7605805551e-04
4.8611918740e-05 -2.7881811057e-04
-3.2469522965e-05 2.0801281850e-04
-2.6989585468e-05 -2.5636195392e-04
-1.9200888632e-04 1.4889651634e-04
-1.8280492498e-04 -2.1567406067e-04
3.6144409147e-05 3.1570990336e-04
9.7137999308e-06 -3.4604759480e-04
4.6243088142e-06 2.4082324787e-04
-3.8707581998e-05 -2.5183377840e-04
-4.5284441419e-04 -7.0931911104e-05
-5.7500587030e-04 1.2892757062e-04
-6.5812665698e-04 -2.3151779253e-04
-8.1714481583e-04 3.1926445741e-04
-2.3126071976e-04 -1.0936747158e-04
-2.8831230205e-04 1.0818719050e-04
