-1.1184098772e-05 -1.8433420531e-09
4.9560378257e-03 -1.3061738030e-03
1.5732798729e-01 -3.7185431001e-07
1.7114580696e-01 3.6693929184e-04
3.1132635894e-01 -4.1181427546e-07
3.2601935934e-01 4.3383528967e-04
4.6198393084e-01 -1.2172323843e-07
4.7660481694e-01 3.2922530012e-04
6.0930859319e-01 4.8101736245e-07
6.2372061644e-01 1.4013223475e-04
7.5331667598e-01 1.0851062340e-06
7.6746724189e-01 4.3605471317e-05
8.9400808379e-01 1.6303348195e-06
9.0782641390e-01 -1.8393865680e-05
1.0313902481e+00 9.8314686402e-07
1.0448271083e+00 -6.7149116358e-06
1.1654713751e+00 4.6412048091e-07
1.1786347403e+00 -4.3771094518e-06
1.2962711152e+00 5.2280664107e-07
1.3091113100e+00 -1.8167241790e-05
1.4237825256e+00 8.1539685672e-07
1.4362802836e+00 -1.7248563383e-05
1.5479996224e+00 1.2908650349e-06
1.5602018599e+00 -1.6754785336e-05
1.6689466632e+00 1.5153112299e-06
1.6808385153e+00 -1.7176977580e-05
1.7866330937e+00 1.1410959295e-06
1.7981849175e+00 -1.7655787501e-05
1.9010570778e+00 3.7856032288e-07
1.9122813323e+00 -1.9182996529e-05
2.0122253769e+00 -5.9529910484e-07
2.0231437437e+00 -2.1340354199e-05
2.1201462455e+00 -1.3495229624e-06
2.1307434907e+00 -2.3637138675e-05
2.2248180393e+00 -1.6524299733e-06
2.2350851352e+00 -2.6017913311e-05
2.3262601264e+00 -1.7979867077e-06
2.3362254233e+00 -2.7679767951e-05
2.4244772987e+00 -2.4882801706e-06
2.4341243906e+00 -2.9012548348e-05
2.5194547835e+00 -3.8974373724e-06
2.5287820370e+00 -3.0016254502e-05
2.6112095646e+00 -5.7332305004e-06
2.6202255650e+00 -3.0144603562e-05
2.6997661743e+00 -7.5030498336e-06
2.7084685160e+00 -3.0087815051e-05
2.7850899660e+00 -9.3300552210e-06
2.7935034618e+00 -3.0197240587e-05
2.8672527776e+00 -1.1489932603e-05
2.8753326704e+00 -3.0513417836e-05
2.9461731359e+00 -1.3266620013e-05
2.9539700225e+00 -3.1132795757e-05
3.0219542548e+00 -1.4741824698e-05
3.0294148440e+00 -3.1954676873e-05
3.0945194577e+00 -1.5762376144e-05
3.1016671347e+00 -3.2979061183e-05
3.1639052265e+00 -1.6607849685e-05
3.1707314246e+00 -3.3955418922e-05
3.2301337658e+00 -1.8148327229e-05
3.2366233470e+00 -3.4596557308e-05
3.2931654934e+00 -2.0375447121e-05
3.2993438600e+00 -3.4708646306e-05
3.3530184828e+00 -2.2390966478e-05
3.3588909334e+00 -3.4343818194e-05
3.4097201255e+00 -2.4546367792e-05
3.4152729973e+00 -3.4290928199e-05
3.4632598180e+00 -2.7055616363e-05
3.4684957474e+00 -3.4778356677e-05
3.5136322656e+00 -2.9496687023e-05
3.5185564629e+00 -3.5722991313e-05
3.5608536663e+00 -3.1760516049e-05
3.5654543286e+00 -3.6741470439e-05
3.6049277738e+00 -3.4127602279e-05
3.6092059057e+00 -3.7437313063e-05
3.6458482631e+00 -3.6705302144e-05
3.6498144992e+00 -3.7811524629e-05
3.6836182729e+00 -3.9000550913e-05
3.6872695009e+00 -3.8057111319e-05
3.7182503384e+00 -4.1344811103e-05
3.7215808319e+00 -3.8410469543e-05
3.7497396322e+00 -4.3009167128e-05
3.7527551664e+00 -3.8837669102e-05
3.7780884883e+00 -4.3649202877e-05
3.7807921332e+00 -3.9483275249e-05
3.8033008120e+00 -4.3834737175e-05
3.8056860258e+00 -4.0118558465e-05
3.8253785663e+00 -4.4620220706e-05
3.8274474266e+00 -4.1108430919e-05
3.8443214884e+00 -4.6028549806e-05
3.8460764947e+00 -4.2490472406e-05
3.8601319159e+00 -4.6915261229e-05
3.8615719427e+00 -4.4004192251e-05
3.8728169044e+00 -4.7829898347e-05
3.8739339563e+00 -4.5260428062e-05
3.8823684080e+00 -4.8263330351e-05
3.8831626976e+00 -4.6256358097e-05
3.8887846706e+00 -4.8145415456e-05
3.8892632696e+00 -4.7112578427e-05
3.8920738246e+00 -4.7848383518e-05
3.8922333841e+00 -4.7507771749e-05
