2.1600699445e+02
2.1600713697e+02
2.1600726826e+02
2.1600731186e+02
2.1600722966e+02
2.1600720172e+02
2.1600724601e+02
2.1600720905e+02
2.1600719191e+02
2.1600716257e+02
2.1600715020e+02
2.1600715147e+02
2.1600720615e+02
2.1600732501e+02
2.1600735445e+02
2.1600694561e+02
2.1600657593e+02
2.1600658643e+02
2.1600699274e+02
2.1600739906e+02
2.1600710664e+02
2.1600679328e+02
2.1600673888e+02
2.1600699389e+02
2.1600724890e+02
2.1600704220e+02
2.1600675393e+02
2.1600659524e+02
2.1600690043e+02
2.1600720561e+02
2.1600721867e+02
2.1600707402e+02
2.1600700694e+02
2.1600707739e+02
2.1600716676e+02
2.1600715130e+02
2.1600702627e+02
2.1600690400e+02
2.1600693735e+02
2.1600689218e+02
2.1600692030e+02
2.1600704792e+02
2.1600720157e+02
2.1600718082e+02
2.1600712303e+02
2.1600705129e+02
2.1600696478e+02
2.1600689288e+02
2.1600706027e+02
2.1600725693e+02
2.1600723935e+02
2.1600690759e+02
2.1600660319e+02
2.1600680374e+02
2.1600710586e+02
2.1600727064e+02
2.1600702303e+02
2.1600677543e+02
2.1600690836e+02
2.1600720433e+02
2.1600743569e+02
2.1600727279e+02
2.1600710989e+02
2.1600702861e+02
2.1600700303e+02
2.1600697524e+02
2.1600688283e+02
2.1600679042e+02
2.1600687408e+02
2.1600713819e+02
2.1600740231e+02
2.1600727460e+02
2.1600704359e+02
2.1600682657e+02
2.1600655972e+02
2.1600656936e+02
2.1600672871e+02
2.1600697674e+02
2.1600726348e+02
2.1600719690e+02
2.1600699961e+02
2.1600710044e+02
2.1600739613e+02
2.1600741043e+02
2.1600738447e+02
2.1600714205e+02
2.1600698030e+02
2.1600714804e+02
2.1600712782e+02
2.1600714844e+02
2.1600709579e+02
2.1600702633e+02
2.1600701172e+02
2.1600699387e+02
2.1600698876e+02
2.1600697787e+02
2.1600696545e+02
2.1600693883e+02
2.1600690991e+02
2.1600688098e+02
