3.5038261392e-06 1.5582274728e-06
2.3257521259e-01 -1.1680613741e-03
4.5963411704e-01 -4.5419131529e-03
6.8110878430e-01 -1.0127210140e-02
8.9683243386e-01 -1.7736727640e-02
1.1068410997e+00 -2.7308221411e-02
1.3109634285e+00 -3.8734021572e-02
1.5090942233e+00 -5.1917925789e-02
1.7013040285e+00 -6.6756139532e-02
1.8874068452e+00 -8.3136125463e-02
2.0674166469e+00 -1.0100141406e-01
2.2413204041e+00 -1.2020072987e-01
2.4090565408e+00 -1.4064633075e-01
2.5706156690e+00 -1.6230593802e-01
2.7259838548e+00 -1.8499008310e-01
2.8751833974e+00 -2.0865538674e-01
3.0181674658e+00 -2.3320737039e-01
3.1549348941e+00 -2.5853665413e-01
3.2855903394e+00 -2.8457018992e-01
3.4100433956e+00 -3.1119729454e-01
3.5283135123e+00 -3.3834677655e-01
3.6405261110e+00 -3.6593879004e-01
3.7466189327e+00 -3.9385073330e-01
3.8466147010e+00 -4.2204525022e-01
3.9406026099e+00 -4.5042303642e-01
4.0286173253e+00 -4.7887526712e-01
4.1106553546e+00 -5.0738686091e-01
4.1867828492e+00 -5.3582069668e-01
4.2570731697e+00 -5.6412256564e-01
4.3215339129e+00 -5.9223200103e-01
4.3802099126e+00 -6.2005064704e-01
4.4332137273e+00 -6.4754222794e-01
4.4805380210e+00 -6.7460793689e-01
4.5222630619e+00 -7.0118842921e-01
4.5584815653e+00 -7.2724089502e-01
4.5891672642e+00 -7.5266068593e-01
4.6144861716e+00 -7.7742584175e-01
4.6344408885e+00 -8.0145365158e-01
4.6490890142e+00 -8.2468439198e-01
4.6585490868e+00 -8.4708953669e-01
4.6628531067e+00 -8.6856792990e-01
4.6620748453e+00 -8.8910631060e-01
4.6563230447e+00 -9.0863576634e-01
4.6456277146e+00 -9.2711234983e-01
4.6300965581e+00 -9.4446751453e-01
4.6097758078e+00 -9.6069289788e-01
4.5847896661e+00 -9.7571331796e-01
4.5551871726e+00 -9.8948763240e-01
4.5210531723e+00 -1.0020028405e+00
4.4825317831e+00 -1.0131875695e+00
4.4396384254e+00 -1.0230320146e+00
4.3924941751e+00 -1.0314727385e+00
4.3412098846e+00 -1.0384965607e+00
4.2858392031e+00 -1.0440816760e+00
4.2265150845e+00 -1.0481591715e+00
4.1633272305e+00 -1.0507591964e+00
4.0963793249e+00 -1.0518097096e+00
4.0257949732e+00 -1.0513234962e+00
3.9516601037e+00 -1.0492705978e+00
3.8741007287e+00 -1.0456190697e+00
3.7932214025e+00 -1.0404002915e+00
3.7091613083e+00 -1.0335454648e+00
3.6220234946e+00 -1.0251061319e+00
3.5319588692e+00 -1.0150316621e+00
3.4390681327e+00 -1.0033534068e+00
3.3434942524e+00 -9.9006198827e-01
3.2454116838e+00 -9.7516058802e-01
3.1448756712e+00 -9.5866086860e-01
3.0421655295e+00 -9.4059578324e-01
2.9373129921e+00 -9.2095746455e-01
2.8305256310e+00 -8.9978222753e-01
2.7219928050e+00 -8.7708642804e-01
2.6117879665e+00 -8.5291679112e-01
2.5002175690e+00 -8.2729062221e-01
2.3873732025e+00 -8.0027068806e-01
2.2734342850e+00 -7.7190063645e-01
2.1587067583e+00 -7.4222148613e-01
2.0432334289e+00 -7.1131422114e-01
1.9273729497e+00 -6.7923709593e-01
1.8113106068e+00 -6.4606924107e-01
1.6951714281e+00 -6.1188224439e-01
1.5794060515e+00 -5.7680773008e-01
1.4640630804e+00 -5.4088697879e-01
1.3495819862e+00 -5.0428685081e-01
1.2362309672e+00 -4.6712952469e-01
1.1241357435e+00 -4.2946850683e-01
1.0139376049e+00 -3.9156264677e-01
9.0572994669e-01 -3.5349659951e-01
8.0002101699e-01 -3.1550285778e-01
6.9735225809e-01 -2.7779861493e-01
5.9784206264e-01 -2.4053590914e-01
5.0254961548e-01 -2.0410584072e-01
4.1163545129e-01 -1.6874335099e-01
3.2602725245e-01 -1.3482700220e-01
2.4668212433e-01 -1.0283499976e-01
1.7441310976e-01 -7.3276043069e-02
1.1106388256e-01 -4.6733081370e-02
5.7437075552e-02 -2.3857653426e-02
2.0000395044e-02 -8.1176438728e-03
-7.2178894771e-06 1.9569793862e-06
