5.6012482643e-06 -1.6299899536e-07
2.3308068548e-01 -1.2921028829e-03
4.6058694010e-01 -5.0740654405e-03
6.8248999591e-01 -1.1311778554e-02
8.9857496956e-01 -1.9785283639e-02
1.1087914199e+00 -3.0465029167e-02
1.3130121027e+00 -4.3228851610e-02
1.5111496343e+00 -5.7885712691e-02
1.7031912380e+00 -7.4420719893e-02
1.8889608273e+00 -9.2686832410e-02
2.0685103611e+00 -1.1252232724e-01
2.2418014667e+00 -1.3387717966e-01
2.4086554184e+00 -1.5662262854e-01
2.5692278327e+00 -1.8061559649e-01
2.7234443350e+00 -2.0577523220e-01
2.8711672619e+00 -2.3198996635e-01
3.0125951857e+00 -2.5914044958e-01
3.1476305982e+00 -2.8711871146e-01
3.2762188959e+00 -3.1583463978e-01
3.3985193139e+00 -3.4518361543e-01
3.5144688594e+00 -3.7503019503e-01
3.6240625647e+00 -4.0532040378e-01
3.7274215105e+00 -4.3594892757e-01
3.8245470701e+00 -4.6676809791e-01
3.9154410382e+00 -4.9775962832e-01
4.0001640436e+00 -5.2878752239e-01
4.0788123268e+00 -5.5974918767e-01
4.1513991559e+00 -5.9060853678e-01
4.2179392928e+00 -6.2123005810e-01
4.2785829098e+00 -6.5155393997e-01
4.3333325391e+00 -6.8150267468e-01
4.3822164105e+00 -7.1097270712e-01
4.4253984044e+00 -7.3992982096e-01
4.4628642553e+00 -7.6825558467e-01
4.4946892820e+00 -7.9589183563e-01
4.5210094117e+00 -8.2280026581e-01
4.5418358494e+00 -8.4885482227e-01
4.5572756430e+00 -8.7404021001e-01
4.5674012907e+00 -8.9827874836e-01
4.5722848042e+00 -9.2148279998e-01
4.5720070202e+00 -9.4364498583e-01
4.5666998970e+00 -9.6466025149e-01
4.5564005619e+00 -9.8449970738e-01
4.5412158667e+00 -1.0031196612e+00
4.5212448113e+00 -1.0204456779e+00
4.4965583717e+00 -1.0364643404e+00
4.4672773241e+00 -1.0510774700e+00
4.4334523089e+00 -1.0643005085e+00
4.3952383030e+00 -1.0760671437e+00
4.3527095907e+00 -1.0863486174e+00
4.3059881015e+00 -1.0950975352e+00
4.2551498691e+00 -1.1023029814e+00
4.2003215448e+00 -1.1079285355e+00
4.1416308431e+00 -1.1119412427e+00
4.0791185051e+00 -1.1143339183e+00
4.0129977049e+00 -1.1150653290e+00
3.9433191842e+00 -1.1141398642e+00
3.8702307261e+00 -1.1115341279e+00
3.7938530414e+00 -1.1072270636e+00
3.7142815552e+00 -1.1012442882e+00
3.6316818082e+00 -1.0935300332e+00
3.5461625893e+00 -1.0841454424e+00
3.4578674942e+00 -1.0730443179e+00
3.3669465557e+00 -1.0602564545e+00
3.2735025130e+00 -1.0458055201e+00
3.1777165472e+00 -1.0296626974e+00
3.0796950840e+00 -1.0119001519e+00
2.9796490500e+00 -9.9248761859e-01
2.8776620891e+00 -9.7149546310e-01
2.7739444749e+00 -9.4893420847e-01
2.6686667660e+00 -9.2483395758e-01
2.5619178433e+00 -8.9926419945e-01
2.4539854039e+00 -8.7224753581e-01
2.3449596512e+00 -8.4384466537e-01
2.2350386756e+00 -8.1410240979e-01
2.1244733118e+00 -7.8310634062e-01
2.0133322604e+00 -7.5088490113e-01
1.9019839343e+00 -7.1757533789e-01
1.7904799906e+00 -6.8318925506e-01
1.6791303714e+00 -6.4785884215e-01
1.5681739215e+00 -6.1167224481e-01
1.4577036161e+00 -5.7471202527e-01
1.3482023329e+00 -5.3711487160e-01
1.2397654930e+00 -4.9900824554e-01
1.1326254099e+00 -4.6050240273e-01
1.0273244140e+00 -4.2178570790e-01
9.2388326896e-01 -3.8298153659e-01
8.2276936760e-01 -3.4426777318e-01
7.2451369107e-01 -3.0588832098e-01
6.2911684062e-01 -2.6798313930e-01
5.3740771511e-01 -2.3085667632e-01
4.4983863891e-01 -1.9477940348e-01
3.6650940626e-01 -1.5992782793e-01
2.8882185645e-01 -1.2693853679e-01
2.1700535551e-01 -9.6003317012e-02
1.5220802820e-01 -6.7762275651e-02
9.5829019541e-02 -4.2701746461e-02
4.8765413331e-02 -2.1435066665e-02
1.6610576627e-02 -7.1023160093e-03
5.7596608398e-07 -8.3856632793e-08
