0.0000000000e+00
0.0000000000e+00
0.0000000000e+00
0.0000000000e+00
0.0000000000e+00
0.0000000000e+00
0.0000000000e+00
0.0000000000e+00
0.0000000000e+00
0.0000000000e+00
0.0000000000e+00
0.0000000000e+00
0.0000000000e+00
0.0000000000e+00
0.0000000000e+00
0.0000000000e+00
0.0000000000e+00
0.0000000000e+00
0.0000000000e+00
0.0000000000e+00
0.0000000000e+00
0.0000000000e+00
6.0481370152e-03
8.9429334045e-02
1.1432054882e-01
1.1443744229e-01
1.1447815866e-01
1.1423828415e-01
1.1435148026e-01
1.1436643424e-01
