2.8559010129e-01 -1.1104085643e-01
2.9755005764e-01 -1.2161346817e-01
3.0937735077e-01 -1.3196937348e-01
3.2106963187e-01 -1.4210667701e-01
3.3270951541e-01 -1.5208293264e-01
3.4452231971e-01 -1.6208505831e-01
3.5593676405e-01 -1.7162810428e-01
3.6726591515e-01 -1.8093180257e-01
3.7853152888e-01 -1.9001608269e-01
3.8973074970e-01 -1.9887891953e-01
4.0093411164e-01 -2.0765816330e-01
4.1184928008e-01 -2.1616878568e-01
4.2267485397e-01 -2.2449271023e-01
4.3340777077e-01 -2.3262772516e-01
4.4404494832e-01 -2.4057159935e-01
4.5466964869e-01 -2.4840017628e-01
4.6524153082e-01 -2.5605476228e-01
4.7571132663e-01 -2.6358529921e-01
4.8606687744e-01 -2.7094911493e-01
4.9630502392e-01 -2.7813749684e-01
5.0642281041e-01 -2.8514835253e-01
5.1647733654e-01 -2.9207885651e-01
5.2650969182e-01 -2.9891534506e-01
5.3651605962e-01 -3.0565302308e-01
5.4649307625e-01 -3.1228975036e-01
5.5641039717e-01 -3.1882099614e-01
5.6625850071e-01 -3.2526151620e-01
5.7604726644e-01 -3.3158974587e-01
5.8577001049e-01 -3.3780312287e-01
5.9542322923e-01 -3.4389947925e-01
6.0515294797e-01 -3.4996106499e-01
6.1476524308e-01 -3.5590724386e-01
6.2434966496e-01 -3.6175632492e-01
6.3393811979e-01 -3.6753117663e-01
6.4348178878e-01 -3.7320757813e-01
6.5295828561e-01 -3.7881392822e-01
6.6241389278e-01 -3.8438580949e-01
6.7187009864e-01 -3.8988718611e-01
6.8132323789e-01 -3.9531608466e-01
6.9076873577e-01 -4.0067030013e-01
7.0016885762e-01 -4.0595250533e-01
7.0955893051e-01 -4.1117767152e-01
7.1893522460e-01 -4.1634016801e-01
7.2829401188e-01 -4.2143802066e-01
7.3763154191e-01 -4.2646923840e-01
7.4700920020e-01 -4.3146637728e-01
7.5632920248e-01 -4.3638438193e-01
7.6565987601e-01 -4.4125426620e-01
7.7499725546e-01 -4.4607409918e-01
7.8433735207e-01 -4.5084193320e-01
7.9370339941e-01 -4.5555926787e-01
8.0306451964e-01 -4.6025362567e-01
8.1241820296e-01 -4.6487504882e-01
8.2176679391e-01 -4.6944090848e-01
8.3110615681e-01 -4.7394927572e-01
8.4043539903e-01 -4.7840659281e-01
8.4979009253e-01 -4.8283150398e-01
8.5917756177e-01 -4.8721426983e-01
8.6859583463e-01 -4.9155052896e-01
8.7802169118e-01 -4.9582005093e-01
8.8742661635e-01 -5.0007618114e-01
8.9687003487e-01 -5.0429450436e-01
9.0633687761e-01 -5.0847383044e-01
9.1580453957e-01 -5.1260751688e-01
9.2532559922e-01 -5.1667301810e-01
9.3486087121e-01 -5.2072299332e-01
9.4440181681e-01 -5.2472223969e-01
9.5394445755e-01 -5.2866830179e-01
9.6349038207e-01 -5.3256530244e-01
9.7307896755e-01 -5.3643460621e-01
9.8271383063e-01 -5.4027454307e-01
9.9239011008e-01 -5.4408329960e-01
1.0021050790e+00 -5.4785316266e-01
1.0118422386e+00 -5.5160284478e-01
1.0216029053e+00 -5.5529900857e-01
1.0313781435e+00 -5.5894331173e-01
1.0411641590e+00 -5.6253520202e-01
1.0509957915e+00 -5.6610241557e-01
1.0608782104e+00 -5.6964426071e-01
1.0708167253e+00 -5.7315997063e-01
1.0807879592e+00 -5.7662095386e-01
1.0907519917e+00 -5.8003035772e-01
1.1007534295e+00 -5.8341346564e-01
1.1108064847e+00 -5.8676917751e-01
1.1209058124e+00 -5.9009583812e-01
1.1310559812e+00 -5.9339004963e-01
1.1412878131e+00 -5.9665236854e-01
1.1515358558e+00 -5.9989792604e-01
1.1618182597e+00 -6.0308195995e-01
1.1721217024e+00 -6.0622256261e-01
1.1824405603e+00 -6.0931808740e-01
1.1928012340e+00 -6.1236494613e-01
1.2032414241e+00 -6.1538567402e-01
1.2137512944e+00 -6.1838416456e-01
1.2243161373e+00 -6.2133470759e-01
1.2348902324e+00 -6.2423647912e-01
1.2455040481e+00 -6.2713370014e-01
1.2561933365e+00 -6.2999686667e-01
1.2669370536e+00 -6.3282856851e-01
1.2777056754e+00 -6.3562172250e-01
1.2885706693e+00 -6.3833865727e-01
1.2994832548e+00 -6.4104839800e-01
1.3104209020e+00 -6.4370871933e-01
1.3213809062e+00 -6.4631388189e-01
1.3323782111e+00 -6.4887104435e-01
1.3434550563e+00 -6.5140267304e-01
1.3546055083e+00 -6.5390861670e-01
1.3658245249e+00 -6.5638204565e-01
1.3770930492e+00 -6.5879927436e-01
1.3884229054e+00 -6.6120320501e-01
1.3997979711e+00 -6.6355381860e-01
1.4112048273e+00 -6.6585790688e-01
1.4226533122e+00 -6.6810045174e-01
1.4341849093e+00 -6.7030562651e-01
1.4457944793e+00 -6.7248034148e-01
1.4574413870e+00 -6.7459906486e-01
1.4691144291e+00 -6.7667496792e-01
1.4808542599e+00 -6.7873330147e-01
1.4926749604e+00 -6.8074074396e-01
1.5045673984e+00 -6.8269963062e-01
1.5165075795e+00 -6.8462376389e-01
1.5284788204e+00 -6.8647661472e-01
1.5405348806e+00 -6.8828718624e-01
1.5526544141e+00 -6.9005983271e-01
1.5648086598e+00 -6.9177126540e-01
1.5769899900e+00 -6.9342831165e-01
1.5892346217e+00 -6.9505645317e-01
1.6015634883e+00 -6.9663649890e-01
1.6139689629e+00 -6.9816766103e-01
1.6264355055e+00 -6.9966208494e-01
1.6389674998e+00 -7.0109196836e-01
1.6515436930e+00 -7.0246660643e-01
1.6641521128e+00 -7.0377247988e-01
1.6767845602e+00 -7.0500999006e-01
1.6894661924e+00 -7.0620815921e-01
1.7022336333e+00 -7.0735551936e-01
1.7150786908e+00 -7.0845152498e-01
1.7280141819e+00 -7.0947354403e-01
1.7409834330e+00 -7.1044872891e-01
1.7540140675e+00 -7.1142263023e-01
1.7670749183e+00 -7.1228959512e-01
1.7801701937e+00 -7.1309125655e-01
1.7932980562e+00 -7.1383459820e-01
1.8064533670e+00 -7.1451718830e-01
1.8196805516e+00 -7.1513291527e-01
1.8329890800e+00 -7.1568353658e-01
1.8463702414e+00 -7.1616886989e-01
1.8598053677e+00 -7.1657211573e-01
1.8732825362e+00 -7.1696499324e-01
1.8867939660e+00 -7.1726484246e-01
1.9003367606e+00 -7.1749053255e-01
1.9139021700e+00 -7.1764201006e-01
1.9274745953e+00 -7.1771223216e-01
1.9410934905e+00 -7.1770256799e-01
1.9547958580e+00 -7.1763477327e-01
1.9685724117e+00 -7.1750902440e-01
1.9824048872e+00 -7.1729739981e-01
1.9962286911e+00 -7.1698536147e-01
2.0101217023e+00 -7.1669350656e-01
2.0240595206e+00 -7.1629840897e-01
2.0379859875e+00 -7.1578884261e-01
2.0519362492e+00 -7.1521374466e-01
2.0659009086e+00 -7.1457346548e-01
2.0798733840e+00 -7.1383865227e-01
2.0939102863e+00 -7.1301730087e-01
2.1080060409e+00 -7.1211298188e-01
2.1221510388e+00 -7.1112637590e-01
2.1363200233e+00 -7.1005015277e-01
2.1505073358e+00 -7.0888852174e-01
2.1646938632e+00 -7.0764024434e-01
2.1788761271e+00 -7.0631349662e-01
2.1930446164e+00 -7.0490914153e-01
2.2071919761e+00 -7.0342876021e-01
2.2213694777e+00 -7.0186101746e-01
2.2355877250e+00 -7.0018826668e-01
2.2498370105e+00 -6.9841178667e-01
2.2641075266e+00 -6.9653281539e-01
2.2784091702e+00 -6.9457490318e-01
2.2926813696e+00 -6.9250595351e-01
2.3069533790e+00 -6.9036123669e-01
2.3211968641e+00 -6.8812517094e-01
2.3354022352e+00 -6.8579915490e-01
2.3495797718e+00 -6.8339357511e-01
2.3637801817e+00 -6.8088779970e-01
2.3779917812e+00 -6.7826466901e-01
2.3922048208e+00 -6.7552599651e-01
2.4064361944e+00 -6.7270717262e-01
2.4205654217e+00 -6.6975360210e-01
2.4347218610e+00 -6.6671806015e-01
2.4488357325e+00 -6.6358817502e-01
2.4628889587e+00 -6.6036104265e-01
2.4768908264e+00 -6.5704817345e-01
2.4909028253e+00 -6.5364234917e-01
2.5048886544e+00 -6.5010649884e-01
2.5188479124e+00 -6.4644855713e-01
2.5328017533e+00 -6.4272353062e-01
2.5466247925e+00 -6.3886285183e-01
2.5604099646e+00 -6.3487006034e-01
2.5741819617e+00 -6.3077239087e-01
2.5878612114e+00 -6.2656911379e-01
2.6014266427e+00 -6.2226192798e-01
2.6150643641e+00 -6.1790062123e-01
2.6286227576e+00 -6.1339474572e-01
2.6420669377e+00 -6.0876911512e-01
2.6554389631e+00 -6.0405369019e-01
2.6687208928e+00 -5.9924874258e-01
2.6819124375e+00 -5.9432247381e-01
2.6950482933e+00 -5.8926912892e-01
2.7081188311e+00 -5.8409202899e-01
2.7211142686e+00 -5.7879445129e-01
2.7340392856e+00 -5.7336526848e-01
2.7468644941e+00 -5.6783331887e-01
2.7595712405e+00 -5.6220826077e-01
2.7721504212e+00 -5.5649353100e-01
2.7845928809e+00 -5.5069257538e-01
2.7969770106e+00 -5.4480330288e-01
2.8092475440e+00 -5.3876567785e-01
2.8213956617e+00 -5.3258356685e-01
2.8334498109e+00 -5.2627216791e-01
2.8454537791e+00 -5.1988836099e-01
2.8572391268e+00 -5.1340897446e-01
2.8688964721e+00 -5.0680069366e-01
2.8804548381e+00 -5.0006971872e-01
2.8918722504e+00 -4.9321905694e-01
2.9031104945e+00 -4.8626574362e-01
2.9143206469e+00 -4.7920070841e-01
2.9252969342e+00 -4.7201058099e-01
2.9361303197e+00 -4.6474463350e-01
2.9468122998e+00 -4.5740742476e-01
2.9573359036e+00 -4.5000048449e-01
2.9676997275e+00 -4.4246922061e-01
2.9778943129e+00 -4.3479567812e-01
2.9879116998e+00 -4.2698472769e-01
2.9977866534e+00 -4.1903811353e-01
3.0075641350e+00 -4.1102082857e-01
3.0170517211e+00 -4.0294336428e-01
3.0263864026e+00 -3.9474731769e-01
3.0355467719e+00 -3.8644075377e-01
3.0444881171e+00 -3.7804601829e-01
3.0533056166e+00 -3.6955836879e-01
3.0619198863e+00 -3.6094227225e-01
3.0702899494e+00 -3.5224803657e-01
3.0784731318e+00 -3.4349014222e-01
3.0864622793e+00 -3.3467413076e-01
3.0942883798e+00 -3.2577666780e-01
3.1018874335e+00 -3.1675566351e-01
3.1092325850e+00 -3.0761735478e-01
3.1163413339e+00 -2.9836274692e-01
3.1232989779e+00 -2.8903973153e-01
3.1298969737e+00 -2.7968780454e-01
3.1363036621e+00 -2.7023876276e-01
3.1425662336e+00 -2.6068986092e-01
3.1486784337e+00 -2.5104746791e-01
3.1545836172e+00 -2.4133853973e-01
3.1602402280e+00 -2.3153759569e-01
3.1654910192e+00 -2.2167345500e-01
3.1705312989e+00 -2.1175449791e-01
3.1753560740e+00 -2.0178699405e-01
3.1799601136e+00 -1.9177720828e-01
3.1843591372e+00 -1.8168993953e-01
3.1884692405e+00 -1.7149682992e-01
3.1922599262e+00 -1.6122798957e-01
3.1958252848e+00 -1.5092722289e-01
3.1991893385e+00 -1.4060392306e-01
3.2023059848e+00 -1.3024901517e-01
3.2051237552e+00 -1.1981775576e-01
3.2076396814e+00 -1.0931437429e-01
3.2098506586e+00 -9.8745006425e-02
3.2119214336e+00 -8.8078797531e-02
3.2136327767e+00 -7.7480736702e-02
3.2150805223e+00 -6.6820082440e-02
3.2162617467e+00 -5.6104237385e-02
3.2171659843e+00 -4.5348889578e-02
3.2177825766e+00 -3.4574376960e-02
3.2181263002e+00 -2.3734723754e-02
3.2181768048e+00 -1.2900609077e-02
3.2179615242e+00 -2.0562483063e-03
3.2174782900e+00 8.7912931570e-03
3.2167397412e+00 1.9651498589e-02
3.2157159714e+00 3.0586041943e-02
3.2143179551e+00 4.1527154874e-02
3.2126650878e+00 5.2455036894e-02
3.2107918627e+00 6.3379095532e-02
3.2086759761e+00 7.4290908333e-02
3.2062232810e+00 8.5211928403e-02
3.2034245461e+00 9.6146393886e-02
3.2003011783e+00 1.0710503196e-01
3.1969877004e+00 1.1807454666e-01
3.1934059578e+00 1.2896485289e-01
3.1894904254e+00 1.3983853779e-01
3.1852695280e+00 1.5072364853e-01
3.1807436850e+00 1.6161238855e-01
3.1759093704e+00 1.7248500004e-01
3.1707928683e+00 1.8331118355e-01
3.1654121449e+00 1.9410028133e-01
3.1597685958e+00 2.0484475959e-01
3.1538633601e+00 2.1553702655e-01
3.1477012829e+00 2.2627016655e-01
3.1411418481e+00 2.3697256133e-01
3.1342823247e+00 2.4759219105e-01
3.1272177003e+00 2.5815259424e-01
3.1199499454e+00 2.6865017149e-01
3.1123839413e+00 2.7911083173e-01
3.1044590510e+00 2.8951659333e-01
3.0961759782e+00 2.9986446072e-01
3.0876433867e+00 3.1017464048e-01
3.0789436451e+00 3.2043385649e-01
3.0700264387e+00 3.3061331906e-01
3.0607665869e+00 3.4070817172e-01
3.0511626624e+00 3.5071741501e-01
3.0412357029e+00 3.6067206042e-01
3.0311360200e+00 3.7057029405e-01
3.0208731513e+00 3.8038074241e-01
3.0103098791e+00 3.9009247973e-01
2.9994210281e+00 3.9970696567e-01
2.9882046181e+00 4.0923472064e-01
2.9767736379e+00 4.1870948714e-01
2.9652029019e+00 4.2809879601e-01
2.9533999008e+00 4.3736969730e-01
2.9412869252e+00 4.4652898322e-01
2.9288700090e+00 4.5556923965e-01
2.9161684279e+00 4.6454274635e-01
2.9033317972e+00 4.7343304532e-01
2.8903399352e+00 4.8220439477e-01
2.8770649716e+00 4.9084596916e-01
2.8635035562e+00 4.9935507745e-01
2.8496539242e+00 5.0775384971e-01
2.8356430162e+00 5.1607433061e-01
2.8215204720e+00 5.2429078378e-01
2.8071854622e+00 5.3236309027e-01
2.7925765076e+00 5.4029530076e-01
2.7777018908e+00 5.4808029477e-01
2.7625773387e+00 5.5576013098e-01
2.7473419712e+00 5.6334973067e-01
2.7320017035e+00 5.7081387148e-01
2.7164358212e+00 5.7811955998e-01
2.7006301967e+00 5.8526683322e-01
2.6845828625e+00 5.9225869614e-01
2.6683696314e+00 5.9915225698e-01
2.6520683073e+00 6.0594546822e-01
2.6356304451e+00 6.1258493225e-01
2.6189700081e+00 6.1905445067e-01
2.6020974358e+00 6.2534742399e-01
2.5850480360e+00 6.3149874272e-01
2.5679041924e+00 6.3754957461e-01
2.5506638825e+00 6.4348798630e-01
2.5332303977e+00 6.4925209954e-01
2.5156041009e+00 6.5482281318e-01
2.4978477513e+00 6.6020607886e-01
2.4800045705e+00 6.6547813579e-01
2.4620823502e+00 6.7064049591e-01
2.4440613314e+00 6.7568172030e-01
2.4257941254e+00 6.8052681860e-01
2.4074177831e+00 6.8516420213e-01
2.3890483480e+00 6.8967195186e-01
2.3705325565e+00 6.9405081574e-01
2.3518837253e+00 6.9829561640e-01
2.3331150417e+00 7.0240103694e-01
2.3142641581e+00 7.0634366564e-01
2.2953535501e+00 7.1010534999e-01
2.2763595446e+00 7.1371060604e-01
2.2572976999e+00 7.1715447852e-01
2.2381834764e+00 7.2043185904e-01
2.2189307470e+00 7.2352792218e-01
2.1996097528e+00 7.2650701278e-01
2.1803094514e+00 7.2934392624e-01
2.1609460323e+00 7.3200113515e-01
2.1415351171e+00 7.3447403278e-01
2.1220421735e+00 7.3676483760e-01
2.1024989307e+00 7.3893723033e-01
2.0829476730e+00 7.4099512022e-01
2.0633547289e+00 7.4287658287e-01
2.0437126488e+00 7.4455858979e-01
2.0240680795e+00 7.4606764092e-01
2.0044204472e+00 7.4746014449e-01
1.9847766769e+00 7.4873407480e-01
1.9651037925e+00 7.4986703685e-01
1.9453458592e+00 7.5079030262e-01
1.9256355574e+00 7.5154562771e-01
1.9059616068e+00 7.5218905207e-01
1.8862749858e+00 7.5270079200e-01
1.8665665701e+00 7.5307649333e-01
1.8468156403e+00 7.5325929503e-01
1.8271478515e+00 7.5328080793e-01
1.8075365056e+00 7.5319632302e-01
1.7879863132e+00 7.5299029080e-01
1.7684214601e+00 7.5261541320e-01
1.7488469739e+00 7.5206599413e-01
1.7292604004e+00 7.5137316102e-01
1.7097554598e+00 7.5060398084e-01
1.6903695420e+00 7.4970628636e-01
1.6710015584e+00 7.4863861923e-01
1.6516626631e+00 7.4740088254e-01
1.6323577634e+00 7.4599665260e-01
1.6130807050e+00 7.4449231774e-01
1.5939144823e+00 7.4290215085e-01
1.5748143065e+00 7.4116937643e-01
1.5557475154e+00 7.3928205306e-01
1.5367046766e+00 7.3724430748e-01
1.5177064387e+00 7.3511920377e-01
1.4989262094e+00 7.3285643873e-01
1.4801807001e+00 7.3046637351e-01
1.4614892450e+00 7.2794942089e-01
1.4428712148e+00 7.2530587667e-01
1.4242764523e+00 7.2254367897e-01
1.4058463170e+00 7.1968873791e-01
1.3874766769e+00 7.1671306912e-01
1.3691873921e+00 7.1361791351e-01
1.3509983792e+00 7.1040440306e-01
1.3329236433e+00 7.0707353116e-01
1.3149431226e+00 7.0364614892e-01
1.2970312361e+00 7.0011100098e-01
1.2792110070e+00 6.9647081910e-01
1.2615008016e+00 6.9272708774e-01
1.2439190408e+00 6.8888120067e-01
1.2264339844e+00 6.8493426421e-01
1.2090365252e+00 6.8088832155e-01
1.1917350008e+00 6.7674293207e-01
1.1745477660e+00 6.7250029553e-01
1.1574932417e+00 6.6816253017e-01
1.1405534596e+00 6.6373645134e-01
1.1236975402e+00 6.5921448585e-01
1.1069432562e+00 6.5459905519e-01
1.0903107448e+00 6.4989370646e-01
1.0738197534e+00 6.4510174387e-01
1.0574364719e+00 6.4023325378e-01
1.0411527909e+00 6.3528002268e-01
1.0249772214e+00 6.3023873869e-01
1.0089291427e+00 6.2511347656e-01
9.9302803393e-01 6.1990824360e-01
9.7717292272e-01 6.1459490100e-01
9.6148628007e-01 6.0921095402e-01
9.4587710535e-01 6.0376106313e-01
9.3041541298e-01 5.9824038566e-01
9.1511975676e-01 5.9265338713e-01
8.9997206193e-01 5.8701642204e-01
8.8487773514e-01 5.8130731907e-01
8.6987645635e-01 5.7549467796e-01
8.5498594901e-01 5.6958327635e-01
8.4020169682e-01 5.6360700673e-01
8.2553413554e-01 5.5757607546e-01
8.1100788914e-01 5.5148487543e-01
7.9664130566e-01 5.4533915551e-01
7.8243270535e-01 5.3914174067e-01
7.6829917549e-01 5.3286093352e-01
7.5425232301e-01 5.2649124564e-01
7.4030328670e-01 5.2003892458e-01
7.2642433242e-01 5.1356465318e-01
7.1270562853e-01 5.0703742146e-01
6.9911228899e-01 5.0043020644e-01
6.8566196741e-01 4.9374949873e-01
6.7228146244e-01 4.8697754790e-01
6.5895979360e-01 4.8016718415e-01
6.4582200615e-01 4.7331440608e-01
6.3277227675e-01 4.6636331834e-01
6.1982823095e-01 4.5932088644e-01
6.0698905934e-01 4.5225685254e-01
5.9420757010e-01 4.4514016884e-01
5.8155274829e-01 4.3795105717e-01
5.6904261961e-01 4.3069827015e-01
5.5654180394e-01 4.2331269847e-01
5.4414880066e-01 4.1594794385e-01
5.3187869652e-01 4.0851225801e-01
5.1973753027e-01 4.0099143062e-01
5.0773325091e-01 3.9338827809e-01
4.9574610449e-01 3.8568997860e-01
4.8381564685e-01 3.7797020991e-01
4.7199117577e-01 3.7023003170e-01
4.6025810024e-01 3.6236299378e-01
4.4861879197e-01 3.5436226310e-01
4.3704606258e-01 3.4628889157e-01
4.2551979189e-01 3.3816916266e-01
4.1405209907e-01 3.2998091814e-01
4.0271123807e-01 3.2169134581e-01
3.9149085517e-01 3.1337721591e-01
3.8028843042e-01 3.0498503976e-01
3.6910492600e-01 2.9645660443e-01
3.5795774895e-01 2.8782864123e-01
3.4691331149e-01 2.7918668892e-01
3.3596264992e-01 2.7036440050e-01
3.2500739811e-01 2.6143879425e-01
3.1412111889e-01 2.5243023001e-01
3.0334400409e-01 2.4334972933e-01
2.9258395136e-01 2.3421475753e-01
2.8180717035e-01 2.2492385442e-01
2.7110861089e-01 2.1551271395e-01
2.6045440918e-01 2.0604092460e-01
2.4983780248e-01 1.9650448386e-01
2.3921257063e-01 1.8678059297e-01
2.2867809967e-01 1.7693451744e-01
2.1820768138e-01 1.6700544051e-01
2.0774699285e-01 1.5701285781e-01
1.9730936521e-01 1.4696381583e-01
1.8687675362e-01 1.3680174573e-01
1.7645841925e-01 1.2651421718e-01
1.6605874218e-01 1.1612242801e-01
1.5566603582e-01 1.0567836784e-01
1.4533859804e-01 9.5235196196e-02
1.3506126220e-01 8.4831467019e-02
1.2480116108e-01 7.4440354100e-02
