-7.5091068539e-06 4.1331979084e-11
2.8957061196e-01 -1.3097276358e-07
5.7303547528e-01 -1.1137579109e-07
8.5039341586e-01 4.5843586287e-08
1.1216666561e+00 3.9467050304e-07
1.3868571263e+00 9.4304722626e-07
1.6459752590e+00 1.3140107959e-06
1.8990323675e+00 1.3726495678e-06
2.1460491658e+00 1.6300968363e-06
2.3870165787e+00 2.1346758486e-06
2.6219619221e+00 2.6207885663e-06
2.8508869169e+00 2.9563473280e-06
3.0737964070e+00 3.2377136166e-06
3.2907143670e+00 3.4061491087e-06
3.5016424607e+00 3.2778105078e-06
3.7065891501e+00 3.2388679813e-06
3.9055672594e+00 3.6247756325e-06
4.0985801722e+00 4.3704897508e-06
4.2856429152e+00 4.9226625938e-06
4.4667576421e+00 5.1380139734e-06
4.6419428635e+00 5.1028060575e-06
4.8111981246e+00 5.2868046071e-06
4.9745212677e+00 5.7212059857e-06
5.1319603539e+00 6.3114523033e-06
5.2834909694e+00 6.5818957602e-06
5.4291199069e+00 6.5223326668e-06
5.5688713050e+00 6.3857061981e-06
5.7027404633e+00 6.3732052320e-06
5.8307278090e+00 6.2667498486e-06
5.9528546274e+00 5.7648847411e-06
6.0691236399e+00 4.7557762938e-06
6.1795432980e+00 3.5185944585e-06
6.2841141153e+00 2.0154384459e-06
6.3828346251e+00 1.5556687150e-06
6.4757258972e+00 1.0142551754e-06
6.5627877328e+00 -4.1756948136e-07
6.6440245603e+00 -3.1497510407e-06
6.7194104208e+00 -5.3368452599e-06
6.7889768418e+00 -5.7985638163e-06
6.8527417765e+00 -3.9540035826e-06
6.9107049603e+00 -1.4753397371e-06
6.9628948157e+00 -2.9135715100e-06
7.0093041540e+00 -6.8922513428e-06
7.0498720476e+00 -1.3053013186e-05
7.0846207124e+00 -1.7085846137e-05
7.1135831492e+00 -1.5599926712e-05
7.1367497008e+00 -1.5369399028e-05
7.1541226556e+00 -1.8169595531e-05
7.1656979134e+00 -2.3818400128e-05
7.1715156942e+00 -2.8508317580e-05
7.1715246568e+00 -3.0015958784e-05
7.1657379992e+00 -2.9445030474e-05
7.1541569754e+00 -2.9339126802e-05
7.1367812305e+00 -3.0955988368e-05
7.1136062083e+00 -3.2468553441e-05
7.0846459212e+00 -3.2735870045e-05
7.0498836916e+00 -3.2505756135e-05
7.0093204326e+00 -3.2247949483e-05
6.9629611920e+00 -3.1980969370e-05
6.9108001746e+00 -3.2148163500e-05
6.8528223527e+00 -3.2450875635e-05
6.7890483902e+00 -3.2149568730e-05
6.7194489321e+00 -3.1781393244e-05
6.6440248193e+00 -3.0873798586e-05
6.5627880212e+00 -3.0339736956e-05
6.4757221078e+00 -3.0315143157e-05
6.3828379725e+00 -3.0038822845e-05
6.2841059208e+00 -2.9674371112e-05
6.1795236375e+00 -2.8710010005e-05
6.0691172459e+00 -2.7973485315e-05
5.9528394218e+00 -2.6675523539e-05
5.8307072832e+00 -2.3859249506e-05
5.7027228756e+00 -2.1586095113e-05
5.5688449786e+00 -2.0555015124e-05
5.4290939934e+00 -1.9174693064e-05
5.2834622709e+00 -1.7651568424e-05
5.1319406257e+00 -1.5958666881e-05
4.9745064255e+00 -1.3873967461e-05
4.8111670560e+00 -1.1828616603e-05
4.6419167399e+00 -1.0230463203e-05
4.4667264812e+00 -9.4632951059e-06
4.2856032882e+00 -9.4354465431e-06
4.0985422150e+00 -9.0119947224e-06
3.9055192260e+00 -7.4600771327e-06
3.7065470629e+00 -5.6875753276e-06
3.5016007450e+00 -5.0657076002e-06
3.2906813050e+00 -5.4785683778e-06
3.0737662657e+00 -5.8154726210e-06
2.8508499849e+00 -5.4299530390e-06
2.6219314349e+00 -4.1747602778e-06
2.3869896873e+00 -3.4671628150e-06
2.1460171969e+00 -3.1660919704e-06
1.8990098936e+00 -2.6607027397e-06
1.6459509400e+00 -2.2062729874e-06
1.3868366532e+00 -1.5874876492e-06
1.1216494695e+00 -8.3122841585e-07
8.5038149396e-01 -3.5737757993e-07
5.7302818153e-01 -2.9608844087e-07
2.8956856242e-01 -2.4341481514e-07
-2.4142986751e-07 -9.1632855927e-10
