3.7006942284e+02
3.6997415379e+02
3.6987358767e+02
3.6976191193e+02
3.6966079296e+02
3.6956505254e+02
3.6947776791e+02
3.6939330336e+02
3.6931344680e+02
3.6924327207e+02
3.6917355936e+02
3.6911391842e+02
3.6905888720e+02
3.6900608174e+02
3.6896398591e+02
3.6892491689e+02
3.6889096155e+02
3.6886432489e+02
3.6884275236e+02
3.6882704482e+02
3.6881549228e+02
3.6881246732e+02
3.6881385503e+02
3.6881915615e+02
3.6883232568e+02
3.6885023692e+02
3.6887523158e+02
3.6890407173e+02
3.6894012746e+02
3.6898075161e+02
3.6902546286e+02
3.6908094829e+02
3.6913696351e+02
3.6919929977e+02
3.6927001584e+02
3.6934374631e+02
3.6942252115e+02
3.6950730093e+02
3.6959961491e+02
3.6969681849e+02
3.6979645104e+02
3.6990413599e+02
3.7001641338e+02
3.7013536866e+02
3.7025689767e+02
3.7038289234e+02
3.7051922706e+02
3.7065536956e+02
3.7079713585e+02
3.7094716798e+02
3.7109992549e+02
3.7125569037e+02
3.7141913475e+02
3.7158784397e+02
3.7175679439e+02
3.7193285383e+02
3.7211531021e+02
3.7229926010e+02
3.7248643739e+02
3.7268049395e+02
3.7287838599e+02
3.7307767285e+02
3.7328251093e+02
3.7349092386e+02
3.7370220315e+02
3.7391611237e+02
3.7413528816e+02
3.7435562202e+02
3.7457728248e+02
3.7480691027e+02
3.7503376874e+02
3.7526220107e+02
3.7550083539e+02
3.7573074477e+02
3.7596873947e+02
3.7620675924e+02
3.7644019132e+02
3.7668537975e+02
3.7692192044e+02
3.7716010186e+02
3.7740456150e+02
3.7763523577e+02
3.7787991865e+02
3.7811234115e+02
3.7834582148e+02
3.7858334307e+02
3.7879994392e+02
3.7903104893e+02
3.7924915377e+02
3.7945825265e+02
3.7966682830e+02
3.7985282426e+02
3.8004499591e+02
3.8021448539e+02
3.8035719895e+02
3.8047957030e+02
3.8053923243e+02
3.8067328882e+02
3.8046330341e+02
3.7983931719e+02
