-4.4212087126e-07 3.3791727980e-07
5.0825364201e-02 -6.7497698054e-05
1.0080643706e-01 -2.0691460268e-04
1.4994277645e-01 -4.1791279659e-04
1.9823438238e-01 -7.0049227979e-04
2.4568125484e-01 -1.0546530523e-03
2.9228339384e-01 -1.4803951141e-03
3.3804079937e-01 -1.9777184651e-03
3.8295347144e-01 -2.5466231055e-03
4.2702141004e-01 -3.1871090351e-03
4.7024461518e-01 -3.8991762541e-03
5.1262308685e-01 -4.6828247623e-03
5.5415682506e-01 -5.5380545598e-03
5.9486637583e-01 -6.4598418700e-03
6.3478786153e-01 -7.4340385465e-03
6.7391269039e-01 -8.4609682083e-03
7.1224086244e-01 -9.5406308553e-03
7.4977237765e-01 -1.0673026488e-02
7.8650723605e-01 -1.1858155105e-02
8.2244543762e-01 -1.3096016708e-02
8.5758698236e-01 -1.4386611296e-02
8.9193187028e-01 -1.5729938869e-02
9.2547330021e-01 -1.7117665533e-02
9.5819881388e-01 -1.8535080522e-02
9.9014680637e-01 -2.0010252922e-02
1.0213113592e+00 -2.1515894253e-02
1.0516932805e+00 -2.3053380605e-02
1.0812972383e+00 -2.4624953927e-02
1.1101232325e+00 -2.6230614217e-02
1.1381712632e+00 -2.7870361476e-02
1.1654413304e+00 -2.9544195704e-02
1.1919334340e+00 -3.1252116902e-02
1.2176475741e+00 -3.2994125068e-02
1.2425856097e+00 -3.4761299421e-02
1.2667632474e+00 -3.6550056261e-02
1.2901811311e+00 -3.8360736343e-02
1.3128392610e+00 -4.0193339670e-02
1.3347376369e+00 -4.2047866240e-02
1.3558718787e+00 -4.3922681739e-02
1.3762311380e+00 -4.5813173780e-02
1.3958184876e+00 -4.7720242945e-02
1.4146339276e+00 -4.9643889235e-02
1.4327004139e+00 -5.1583984394e-02
1.4500075680e+00 -5.3530289837e-02
1.4665515908e+00 -5.5481903684e-02
1.4823324822e+00 -5.7438825936e-02
1.4973502423e+00 -5.9401056592e-02
1.5116070988e+00 -6.1369598909e-02
1.5251076837e+00 -6.3343227286e-02
1.5378521046e+00 -6.5321446276e-02
1.5498358700e+00 -6.7304626088e-02
1.5610440765e+00 -6.9284767516e-02
1.5715002105e+00 -7.1253378590e-02
1.5812073891e+00 -7.3207868374e-02
1.5901493558e+00 -7.5151398315e-02
1.5983261108e+00 -7.7083968411e-02
1.6057376540e+00 -7.9005578664e-02
1.6123839855e+00 -8.0916229074e-02
1.6182651051e+00 -8.2815919639e-02
1.6233863324e+00 -8.4702447041e-02
1.6277359843e+00 -8.6565763843e-02
1.6313073853e+00 -8.8404632413e-02
1.6341005354e+00 -9.0219052753e-02
1.6361154346e+00 -9.2009024863e-02
1.6373520829e+00 -9.3774548741e-02
1.6378291746e+00 -9.5507892636e-02
1.6375415326e+00 -9.7209293754e-02
1.6364606271e+00 -9.8875245741e-02
1.6345953438e+00 -1.0049727520e-01
1.6319463389e+00 -1.0207589072e-01
1.6285083363e+00 -1.0361370584e-01
1.6242790742e+00 -1.0511108868e-01
1.6192585528e+00 -1.0656803923e-01
1.6134550107e+00 -1.0797839997e-01
1.6068473150e+00 -1.0933005679e-01
1.5994268486e+00 -1.1062324940e-01
1.5911936114e+00 -1.1185797780e-01
1.5821505570e+00 -1.1303356508e-01
1.5723101245e+00 -1.1414648362e-01
1.5616700072e+00 -1.1519689793e-01
1.5501973564e+00 -1.1618487375e-01
1.5378955363e+00 -1.1709017144e-01
1.5247788584e+00 -1.1790943470e-01
1.5108270530e+00 -1.1865016177e-01
1.4960396614e+00 -1.1931248996e-01
1.4804166835e+00 -1.1989641927e-01
1.4639564192e+00 -1.2039509512e-01
1.4466403718e+00 -1.2079255296e-01
1.4284652133e+00 -1.2108852915e-01
1.4094309435e+00 -1.2128302370e-01
1.3895375625e+00 -1.2137603661e-01
1.3687839706e+00 -1.2136202219e-01
1.3471513296e+00 -1.2122750187e-01
1.3246358367e+00 -1.2097188376e-01
1.3012374922e+00 -1.2059516785e-01
1.2769562959e+00 -1.2009735415e-01
1.2517808433e+00 -1.1947712648e-01
1.2256904112e+00 -1.1870985912e-01
1.1986956102e+00 -1.1778726315e-01
1.1707920151e+00 -1.1671218240e-01
