5.0397057001e+01
6.9451131507e+01
5.0570683586e+01
6.9295012433e+01
5.0737031399e+01
6.9115427005e+01
5.0895932941e+01
6.8942457549e+01
5.1047228211e+01
6.8776278233e+01
5.1190764869e+01
6.8617056384e+01
5.1326398384e+01
6.8464952324e+01
5.1453992186e+01
6.8320119211e+01
5.1573417798e+01
6.8182702879e+01
5.1691045422e+01
6.8052841694e+01
5.1841493185e+01
6.7917053279e+01
5.1985696795e+01
6.7782118987e+01
5.2123511051e+01
6.7654154951e+01
5.2254797186e+01
6.7533290020e+01
5.2379423006e+01
6.7395461395e+01
5.2554873482e+01
6.7022228116e+01
5.2833250973e+01
6.6658273550e+01
5.3103594898e+01
6.6303964169e+01
5.3365633046e+01
6.6032371107e+01
5.3619101566e+01
6.5866484946e+01
5.3863745236e+01
6.5701800872e+01
5.4099317721e+01
6.5538484707e+01
5.4325581819e+01
6.5376700897e+01
5.4468968514e+01
6.5216612344e+01
5.4601183909e+01
6.5058380245e+01
5.4793823306e+01
6.4902163924e+01
5.4999065513e+01
6.4748120680e+01
5.5202666778e+01
6.4597086595e+01
5.5404422093e+01
6.4452755511e+01
5.5604128307e+01
6.4310950662e+01
5.5801584332e+01
6.4171814833e+01
5.5996591348e+01
6.4035488123e+01
5.6188952999e+01
6.3814767099e+01
5.6378475593e+01
6.3557827186e+01
5.6552905556e+01
6.3303333410e+01
5.6676920062e+01
6.3051542024e+01
5.6803861632e+01
6.2802706561e+01
5.6938296783e+01
6.2557077577e+01
5.7112423847e+01
6.2314902400e+01
5.7347865134e+01
6.2076424879e+01
5.7583977485e+01
6.1841885142e+01
5.7820523157e+01
6.1611519349e+01
5.8057263968e+01
6.1385559460e+01
5.8293961539e+01
6.1164232998e+01
5.8530377537e+01
6.0947762818e+01
5.8766273911e+01
6.0755736264e+01
5.9001413132e+01
6.0606455042e+01
5.9235558437e+01
6.0383172727e+01
5.9468474059e+01
6.0157505180e+01
5.9699925474e+01
5.9929679628e+01
