2.6944229672e+02
2.6943738372e+02
2.6943247073e+02
2.6942707181e+02
2.6942107414e+02
2.6941397735e+02
2.6940500744e+02
2.6939749376e+02
2.6938900462e+02
2.6937886512e+02
2.6936660999e+02
2.6935410995e+02
2.6934219702e+02
2.6932730235e+02
2.6931051384e+02
2.6929249753e+02
2.6927505487e+02
2.6925464160e+02
2.6923257129e+02
2.6920716845e+02
2.6918286745e+02
2.6915507301e+02
2.6912636088e+02
2.6909407546e+02
2.6906120941e+02
2.6902452972e+02
2.6898708001e+02
2.6894666797e+02
2.6890540680e+02
2.6885981672e+02
2.6881359793e+02
2.6876260687e+02
2.6871161582e+02
2.6865684836e+02
2.6860194753e+02
2.6854151309e+02
2.6848080042e+02
2.6841620234e+02
2.6835129638e+02
2.6828109682e+02
2.6821144576e+02
2.6813736636e+02
2.6806303817e+02
2.6798449339e+02
2.6790559994e+02
2.6782275661e+02
2.6774201331e+02
2.6765680085e+02
2.6757004564e+02
2.6748176503e+02
2.6739091977e+02
2.6730105155e+02
2.6720908167e+02
2.6711623583e+02
2.6702070173e+02
2.6692689193e+02
2.6683160680e+02
2.6673626917e+02
2.6663997922e+02
2.6654349751e+02
2.6644903583e+02
2.6635478007e+02
2.6625866978e+02
2.6616510408e+02
2.6607302425e+02
2.6598081697e+02
2.6589104897e+02
2.6580193340e+02
2.6571539703e+02
2.6562900543e+02
2.6555036174e+02
2.6546898297e+02
2.6539294784e+02
2.6532041907e+02
2.6524993131e+02
2.6517983941e+02
2.6511807434e+02
2.6506690177e+02
2.6501180562e+02
2.6495508864e+02
2.6490722540e+02
2.6485990907e+02
2.6481677194e+02
2.6479049620e+02
2.6476190587e+02
2.6473318307e+02
2.6471374228e+02
2.6469824547e+02
2.6468748801e+02
2.6467882218e+02
2.6467829837e+02
2.6467858487e+02
2.6468203692e+02
2.6469362901e+02
2.6470706680e+02
2.6472037966e+02
2.6473876049e+02
2.6475908006e+02
2.6477767237e+02
2.6479730883e+02
