3.8075135648e+02
3.8068861093e+02
3.8062635546e+02
3.8056544034e+02
3.8050867079e+02
3.8045496390e+02
3.8040353311e+02
3.8035594758e+02
3.8031097510e+02
3.8026978749e+02
3.8023100356e+02
3.8019555766e+02
3.8016369641e+02
3.8013429674e+02
3.8010896895e+02
3.8008617176e+02
3.8006652373e+02
3.8005016837e+02
3.8003645026e+02
3.8002728000e+02
3.8002099676e+02
3.8001755578e+02
3.8001722808e+02
3.8002114343e+02
3.8002707792e+02
3.8003670528e+02
3.8004939043e+02
3.8006664525e+02
3.8008683935e+02
3.8010994082e+02
3.8013705357e+02
3.8016544798e+02
3.8019894598e+02
3.8023461239e+02
3.8027419819e+02
3.8031826931e+02
3.8036443284e+02
3.8041424106e+02
3.8046626653e+02
3.8052350530e+02
3.8058319551e+02
3.8064583515e+02
3.8071245257e+02
3.8078152654e+02
3.8085535698e+02
3.8093059081e+02
3.8101122400e+02
3.8109438018e+02
3.8118060731e+02
3.8127045646e+02
3.8136220917e+02
3.8145994911e+02
3.8155852053e+02
3.8166151241e+02
3.8176791342e+02
3.8187722785e+02
3.8198831000e+02
3.8210520688e+02
3.8222215034e+02
3.8234551751e+02
3.8246883330e+02
3.8259760594e+02
3.8272866625e+02
3.8286112156e+02
3.8299951432e+02
3.8313754855e+02
3.8328102132e+02
3.8342702696e+02
3.8357306711e+02
3.8372555652e+02
3.8387959135e+02
3.8403367926e+02
3.8419197403e+02
3.8435445249e+02
3.8451729619e+02
3.8468225511e+02
3.8485158591e+02
3.8501865716e+02
3.8519123828e+02
3.8536679349e+02
3.8553817409e+02
3.8571726386e+02
3.8589856202e+02
3.8607366016e+02
3.8625744632e+02
3.8644139196e+02
3.8662464586e+02
3.8680877657e+02
3.8699297020e+02
3.8717199866e+02
3.8736431947e+02
3.8754323906e+02
3.8770679908e+02
3.8790167300e+02
3.8809319214e+02
3.8822223282e+02
3.8837351641e+02
3.8860509107e+02
3.8848889057e+02
3.8785706287e+02
