1.1835387203e+02
1.1835823014e+02
1.1836206231e+02
1.1836480392e+02
1.1836754560e+02
1.1837028735e+02
1.1837302917e+02
1.1837548826e+02
1.1837693017e+02
1.1837828976e+02
1.1837965014e+02
1.1838101133e+02
1.1838192135e+02
1.1838237636e+02
1.1838282701e+02
1.1838327906e+02
1.1838373253e+02
1.1838371026e+02
1.1838336233e+02
1.1838298920e+02
1.1838261813e+02
1.1838224918e+02
1.1838154431e+02
1.1838057611e+02
1.1837950630e+02
1.1837843928e+02
1.1837737509e+02
1.1837599152e+02
1.1837439767e+02
1.1837276730e+02
1.1837114042e+02
1.1836947047e+02
1.1836749685e+02
1.1836543144e+02
1.1836330668e+02
1.1836118621e+02
1.1835875102e+02
1.1835611254e+02
1.1835347905e+02
1.1835101773e+02
1.1834827673e+02
1.1834531435e+02
1.1834238913e+02
1.1833946975e+02
1.1833623253e+02
1.1833291269e+02
1.1832958713e+02
1.1832609039e+02
1.1832245836e+02
1.1831868750e+02
1.1831492384e+02
1.1831116746e+02
1.1830718817e+02
1.1830288823e+02
1.1829859304e+02
1.1829430620e+02
1.1829002795e+02
1.1828561719e+02
1.1828068717e+02
1.1827583948e+02
1.1827100921e+02
1.1826618892e+02
1.1826097253e+02
1.1825560097e+02
1.1825016590e+02
1.1824472324e+02
1.1823929220e+02
1.1823348201e+02
1.1822734299e+02
1.1822129474e+02
1.1821527136e+02
1.1820908398e+02
1.1820253692e+02
1.1819599443e+02
1.1818910916e+02
1.1818223931e+02
1.1817538501e+02
1.1816800683e+02
1.1816048278e+02
1.1815287102e+02
1.1814527223e+02
1.1813769144e+02
1.1812952892e+02
1.1812083821e+02
1.1811238803e+02
1.1810399107e+02
1.1809541285e+02
1.1808612319e+02
1.1807685059e+02
1.1806737495e+02
1.1805792317e+02
1.1804792491e+02
1.1803777715e+02
1.1802729843e+02
1.1801673445e+02
1.1800619782e+02
1.1799502444e+02
1.1798327722e+02
1.1797152997e+02
1.1795972446e+02
1.1794795074e+02
1.1793517732e+02
1.1792218950e+02
1.1790900986e+02
1.1789570076e+02
1.1788242868e+02
1.1786787552e+02
1.1785298106e+02
1.1783812923e+02
1.1782313591e+02
1.1780815411e+02
1.1779188143e+02
1.1777565708e+02
1.1775854473e+02
1.1774091887e+02
1.1772334454e+02
1.1770556376e+02
1.1768768926e+02
1.1766790614e+02
1.1764668023e+02
1.1762551505e+02
1.1760530195e+02
1.1758597459e+02
1.1756457791e+02
1.1754159028e+02
1.1751868018e+02
1.1749584324e+02
1.1747307948e+02
1.1744747394e+02
1.1742003232e+02
1.1739267394e+02
1.1736539936e+02
1.1733993764e+02
1.1731214200e+02
1.1728192611e+02
1.1725205471e+02
1.1722228214e+02
1.1719260901e+02
1.1715925053e+02
1.1712346934e+02
1.1708780154e+02
1.1705359065e+02
1.1701801536e+02
1.1697863801e+02
1.1693939649e+02
1.1690029161e+02
1.1686132011e+02
1.1681780742e+02
1.1677368366e+02
1.1672971762e+02
1.1668696219e+02
1.1663716770e+02
1.1658723609e+02
1.1653772594e+02
1.1648839721e+02
1.1643819079e+02
1.1638481078e+02
1.1632516560e+02
1.1626573558e+02
1.1620652188e+02
1.1614920560e+02
1.1608406766e+02
1.1601589489e+02
1.1594992533e+02
1.1588420399e+02
1.1581574960e+02
1.1573847414e+02
1.1566058128e+02
1.1558297780e+02
1.1550566519e+02
1.1542858762e+02
1.1534407969e+02
1.1525025252e+02
1.1516207203e+02
1.1507419347e+02
1.1498661835e+02
1.1488632411e+02
1.1477687465e+02
1.1466778781e+02
1.1455906536e+02
1.1445290914e+02
1.1434722326e+02
1.1422168577e+02
1.1409391071e+02
1.1397053296e+02
1.1384803612e+02
1.1372594988e+02
1.1358739233e+02
1.1344179285e+02
1.1329665073e+02
1.1315196810e+02
1.1300058865e+02
1.1284450971e+02
1.1266978710e+02
1.1249558257e+02
1.1232189849e+02
1.1214873720e+02
1.1197471974e+02
1.1177657219e+02
1.1157492945e+02
1.1137385026e+02
1.1117333713e+02
1.1096998286e+02
1.1074917283e+02
1.1051728984e+02
1.1028606014e+02
1.1005548658e+02
1.0982557197e+02
1.0955741289e+02
1.0928437781e+02
1.0901215955e+02
1.0874127650e+02
1.0847718956e+02
1.0817006125e+02
1.0785280738e+02
1.0754042536e+02
1.0723408947e+02
1.0692856353e+02
1.0661530811e+02
1.0625284287e+02
1.0589121619e+02
1.0553043150e+02
1.0516253938e+02
1.0476790686e+02
1.0437429174e+02
1.0397778851e+02
1.0357128031e+02
1.0316574785e+02
1.0269585317e+02
1.0221477208e+02
1.0173490118e+02
1.0126673929e+02
1.0082227511e+02
1.0035380747e+02
9.9833828511e+01
9.9303308747e+01
9.8773745098e+01
9.8245141217e+01
9.7717500756e+01
9.7143428969e+01
9.6524455766e+01
9.5906602102e+01
9.5289872175e+01
9.4674270182e+01
9.4065025277e+01
9.3391131985e+01
9.2724321946e+01
9.2058489177e+01
9.1393637260e+01
9.0729769779e+01
9.0046808827e+01
8.9275860406e+01
8.8505919103e+01
8.7736988074e+01
8.6971193761e+01
8.6206404995e+01
8.5442625360e+01
8.4616325034e+01
8.3782775932e+01
8.2950016426e+01
8.2107835688e+01
8.1248099873e+01
8.0389286181e+01
7.9480355254e+01
7.8555402627e+01
7.7631152593e+01
7.6707607567e+01
7.5810892094e+01
7.4919932135e+01
7.4001386583e+01
7.3017386375e+01
7.2033765928e+01
7.1050526522e+01
7.0067669436e+01
6.9092210600e+01
6.8104691578e+01
6.7070232146e+01
6.6065683127e+01
6.5061235530e+01
6.4056889690e+01
6.3052645940e+01
6.2038416243e+01
6.1009929385e+01
5.9981542852e+01
5.8953256969e+01
5.7925072062e+01
5.6896988454e+01
5.5885935264e+01
5.4864773483e+01
5.3839924664e+01
5.2814843478e+01
5.1789529187e+01
5.0763981056e+01
4.9738703045e+01
4.8765990700e+01
4.7792995713e+01
4.6819717204e+01
4.5837264832e+01
4.4826628983e+01
4.3825327194e+01
4.2869585897e+01
4.1931473999e+01
4.1016304914e+01
4.0100141993e+01
3.9182982213e+01
3.8264822550e+01
3.7347959029e+01
3.6439681774e+01
3.5530470389e+01
3.4686063971e+01
3.3882886648e+01
3.3078559152e+01
3.2273078065e+01
3.1460428430e+01
3.0621242349e+01
2.9780582435e+01
2.9027273812e+01
2.8288358511e+01
2.7548906229e+01
2.6833092802e+01
2.6115764572e+01
2.5396917155e+01
2.4725378871e+01
2.4076606593e+01
2.3426680081e+01
2.2775596037e+01
2.2123351160e+01
2.1469942149e+01
2.0872424844e+01
2.0290668784e+01
1.9782578545e+01
1.9276436374e+01
1.8769242530e+01
1.8260994073e+01
1.7751008906e+01
1.7200353159e+01
1.6647406530e+01
1.6100002468e+01
1.5630143185e+01
1.5218660610e+01
1.4789683786e+01
1.4356377901e+01
1.3921343259e+01
1.3484575158e+01
1.3091437493e+01
1.2713756466e+01
1.2334671391e+01
1.1963607183e+01
1.1626736454e+01
1.1290847445e+01
1.0955119111e+01
1.0617920017e+01
1.0279246258e+01
9.9797501104e+00
9.7112806181e+00
9.4415153930e+00
9.1704510318e+00
8.8980841314e+00
8.6244112885e+00
8.3853678663e+00
8.1495245252e+00
7.9121532243e+00
7.6732500128e+00
7.4328109398e+00
7.2127595529e+00
7.0059822210e+00
6.8184637988e+00
6.6296727664e+00
6.4396058834e+00
6.2489171630e+00
6.0903399208e+00
5.9330681300e+00
5.7746378382e+00
5.6150461326e+00
5.4542901006e+00
5.2949915864e+00
5.1527451128e+00
5.0325849717e+00
4.9055558125e+00
4.7758732671e+00
4.6452930937e+00
4.5138130799e+00
4.4073101173e+00
4.3059462602e+00
4.2035855567e+00
4.0998942258e+00
4.0003772907e+00
3.9066409585e+00
3.8121544426e+00
3.7278344340e+00
3.6491390757e+00
3.5698242910e+00
3.4864604290e+00
3.4035406411e+00
3.3390664000e+00
3.2732895363e+00
3.2039944352e+00
3.1341389697e+00
3.0644685572e+00
3.0099184693e+00
2.9549078418e+00
2.8999465765e+00
2.8445430530e+00
2.7914504074e+00
2.7444424553e+00
2.6970431576e+00
2.6489583138e+00
2.6019221746e+00
2.5641791473e+00
2.5261072440e+00
2.4877057079e+00
2.4489737827e+00
2.4089660005e+00
2.3763070128e+00
2.3434136816e+00
2.3102481897e+00
2.2768099196e+00
2.2430982539e+00
2.2145284226e+00
2.1889501529e+00
2.1631518993e+00
2.1371331681e+00
2.1108934660e+00
2.0857194034e+00
2.0642318456e+00
2.0425601082e+00
2.0207037825e+00
1.9986624599e+00
1.9785747574e+00
1.9601146686e+00
1.9414947491e+00
1.9227146483e+00
1.9039786106e+00
1.8883720592e+00
1.8732416057e+00
1.8579761156e+00
1.8425752959e+00
1.8270397926e+00
1.8142304611e+00
1.8015601096e+00
1.7886968191e+00
1.7755632186e+00
1.7629711355e+00
1.7523386042e+00
1.7416005146e+00
1.7307566418e+00
1.7198067612e+00
1.7097092945e+00
1.7008249762e+00
1.6918318871e+00
1.6827494903e+00
1.6735775979e+00
1.6657453486e+00
1.6584692162e+00
1.6511072789e+00
1.6436704292e+00
1.6361585112e+00
1.6299195466e+00
1.6240202462e+00
1.6180580386e+00
1.6120327941e+00
1.6059443828e+00
1.6011663730e+00
1.5967821159e+00
1.5924221775e+00
1.5880116129e+00
1.5832951850e+00
1.5791967742e+00
1.5758262990e+00
1.5722995601e+00
1.5687291486e+00
1.5658882818e+00
1.5638084264e+00
1.5616059665e+00
1.5593552303e+00
1.5570704702e+00
1.5556615669e+00
1.5546095341e+00
1.5536691766e+00
1.5527032786e+00
1.5517117896e+00
1.5515520839e+00
1.5518920448e+00
1.5523519642e+00
1.5528210570e+00
1.5532738906e+00
1.5547990956e+00
1.5566907961e+00
1.5587528149e+00
1.5610561605e+00
1.5633541745e+00
1.5663523434e+00
1.5698395038e+00
1.5732456006e+00
1.5766540085e+00
1.5810947601e+00
1.5870964953e+00
1.5928992209e+00
1.5975948166e+00
1.6023038348e+00
