8.8631693632e-07 -2.5332293119e-09
2.9128764653e-01 -7.2319266724e-04
5.7605669111e-01 -2.8567703678e-03
8.5424895291e-01 -6.3341058763e-03
1.1257961877e+00 -1.1106238101e-02
1.3906915733e+00 -1.7105887162e-02
1.6488602012e+00 -2.4279259995e-02
1.9003045608e+00 -3.2563210514e-02
2.1449774851e+00 -4.1908993481e-02
2.3828681169e+00 -5.2256696588e-02
2.6139581932e+00 -6.3560332073e-02
2.8381956461e+00 -7.5750827249e-02
3.0556203301e+00 -8.8767956325e-02
3.2662215218e+00 -1.0255753747e-01
3.4700540365e+00 -1.1707623258e-01
3.6670500654e+00 -1.3228883983e-01
3.8572075176e+00 -1.4812038444e-01
4.0405268440e+00 -1.6453730523e-01
4.2170522344e+00 -1.8148451544e-01
4.3867810073e+00 -1.9890835387e-01
4.5497376558e+00 -2.1676849768e-01
4.7059281772e+00 -2.3501147589e-01
4.8553847024e+00 -2.5359682113e-01
4.9981085663e+00 -2.7248227921e-01
5.1341320361e+00 -2.9162231411e-01
5.2634786034e+00 -3.1097258780e-01
5.3861511678e+00 -3.3048829960e-01
5.5021914476e+00 -3.5013443675e-01
5.6116023571e+00 -3.6985573848e-01
5.7144478978e+00 -3.8962270109e-01
5.8107176414e+00 -4.0939537241e-01
5.9004607286e+00 -4.2913382440e-01
5.9837051561e+00 -4.4879783379e-01
6.0604595048e+00 -4.6835422540e-01
6.1307610634e+00 -4.8775864277e-01
6.1946335646e+00 -5.0697598255e-01
6.2521242724e+00 -5.2597366034e-01
6.3032371423e+00 -5.4471211994e-01
6.3480217574e+00 -5.6315467621e-01
6.3865014112e+00 -5.8127073168e-01
6.4187095113e+00 -5.9902274738e-01
6.4446689727e+00 -6.1637306818e-01
6.4644352368e+00 -6.3329129342e-01
6.4780152367e+00 -6.4973851658e-01
6.4854666896e+00 -6.6568189570e-01
6.4868112363e+00 -6.8108874765e-01
6.4820820598e+00 -6.9592345675e-01
6.4713388787e+00 -7.1015415844e-01
6.4545839545e+00 -7.2374831600e-01
6.4318875009e+00 -7.3666843116e-01
6.4032703191e+00 -7.4888486979e-01
6.3687787424e+00 -7.6036111188e-01
6.3284481252e+00 -7.7106622151e-01
6.2823532005e+00 -7.8096388848e-01
6.2305295091e+00 -7.9002048564e-01
6.1730043776e+00 -7.9820252878e-01
6.1098443928e+00 -8.0547872562e-01
6.0411069501e+00 -8.1181354487e-01
5.9668383521e+00 -8.1717301011e-01
5.8871061239e+00 -8.2152581372e-01
5.8019641028e+00 -8.2483812399e-01
5.7114713020e+00 -8.2707679072e-01
5.6157030719e+00 -8.2821579301e-01
5.5147423323e+00 -8.2821737294e-01
5.4086677868e+00 -8.2704171744e-01
5.2975527375e+00 -8.2466135122e-01
5.1814902743e+00 -8.2105222472e-01
5.0605626256e+00 -8.1616820032e-01
4.9348633219e+00 -8.0999676788e-01
4.8045291882e+00 -8.0249703707e-01
4.6696409184e+00 -7.9364059387e-01
4.5303364276e+00 -7.8340946310e-01
4.3867373144e+00 -7.7177195478e-01
4.2389846807e+00 -7.5869725759e-01
4.0872458803e+00 -7.4416860125e-01
3.9316357279e+00 -7.2816814443e-01
3.7723788450e+00 -7.1067925730e-01
3.6096404810e+00 -6.9168383929e-01
3.4436033528e+00 -6.7116646844e-01
3.2745183347e+00 -6.4912640496e-01
3.1026187235e+00 -6.2555506546e-01
2.9281630062e+00 -6.0046568461e-01
2.7514212528e+00 -5.7386315591e-01
2.5727193648e+00 -5.4576440870e-01
2.3924287221e+00 -5.1620383896e-01
2.2108908151e+00 -4.8520401009e-01
2.0285297134e+00 -4.5282286160e-01
1.8458409426e+00 -4.1912619283e-01
1.6633583279e+00 -3.8418990808e-01
1.4816724801e+00 -3.4814225054e-01
1.3014851559e+00 -3.1111231532e-01
1.1236086775e+00 -2.7326227527e-01
9.4902618354e-01 -2.3482691193e-01
7.7893528496e-01 -1.9612895921e-01
6.1467928875e-01 -1.5751048917e-01
4.5814953760e-01 -1.1952334869e-01
3.1215948513e-01 -8.2841367443e-02
1.8009563164e-01 -4.8625480696e-02
6.9251933378e-02 -1.8274130546e-02
-1.5561980091e-06 -1.1010663552e-07
