1.1846509357e-01 -6.8895602554e-02
1.2745951846e-01 -7.8125032436e-02
1.3652664569e-01 -8.7631531099e-02
1.4547690543e-01 -9.6939872547e-02
1.5442641387e-01 -1.0617912519e-01
1.6337739779e-01 -1.1535945476e-01
1.7237798043e-01 -1.2457097978e-01
1.8146145284e-01 -1.3382432205e-01
1.9047627578e-01 -1.4287788514e-01
1.9947233114e-01 -1.5183557666e-01
2.0846086654e-01 -1.6071972031e-01
2.1751766568e-01 -1.6960270914e-01
2.2663312996e-01 -1.7841360056e-01
2.3566555045e-01 -1.8703879568e-01
2.4468935164e-01 -1.9560380065e-01
2.5371250552e-01 -2.0411750899e-01
2.6277320016e-01 -2.1261490485e-01
2.7190769679e-01 -2.2105898264e-01
2.8102333427e-01 -2.2935105527e-01
2.9011750365e-01 -2.3754656387e-01
2.9924985844e-01 -2.4571472047e-01
3.0842267082e-01 -2.5385140117e-01
3.1774766365e-01 -2.6193369153e-01
3.2694229611e-01 -2.6998173015e-01
3.3619473329e-01 -2.7795906269e-01
3.4544907190e-01 -2.8583547419e-01
3.5469325994e-01 -2.9363746521e-01
3.6397602370e-01 -3.0138188933e-01
3.7334602473e-01 -3.0907152188e-01
3.8279401153e-01 -3.1670312233e-01
3.9226822840e-01 -3.2435686922e-01
4.0172240767e-01 -3.3193166981e-01
4.1122083360e-01 -3.3942936783e-01
4.2075524603e-01 -3.4684417461e-01
4.3039494339e-01 -3.5428342018e-01
4.4001171356e-01 -3.6163940748e-01
4.4968348658e-01 -3.6894095552e-01
4.5945544734e-01 -3.7622833781e-01
4.6927767265e-01 -3.8344912068e-01
4.7910964368e-01 -3.9060477610e-01
4.8899470612e-01 -3.9781279681e-01
4.9897185861e-01 -4.0497643615e-01
5.0897445726e-01 -4.1206559617e-01
5.1900043943e-01 -4.1907420067e-01
5.2913997225e-01 -4.2604103643e-01
5.3936462530e-01 -4.3302193036e-01
5.4964037842e-01 -4.3994712310e-01
5.5994596624e-01 -4.4678576193e-01
5.7025004599e-01 -4.5363267094e-01
5.8067380013e-01 -4.6047607013e-01
5.9121521430e-01 -4.6730472941e-01
6.0182154796e-01 -4.7411440128e-01
6.1247552052e-01 -4.8085522040e-01
6.2326061233e-01 -4.8753517858e-01
6.3412026467e-01 -4.9423031027e-01
6.4502211804e-01 -5.0086062648e-01
6.5595681146e-01 -5.0742111637e-01
6.6694343650e-01 -5.1400598953e-01
6.7806437253e-01 -5.2057559526e-01
6.8931239262e-01 -5.2711177952e-01
7.0064307678e-01 -5.3363187600e-01
7.1203262789e-01 -5.4012752096e-01
7.2347940708e-01 -5.4654997538e-01
7.3506505814e-01 -5.5294441380e-01
7.4677859903e-01 -5.5930583119e-01
7.5862128118e-01 -5.6567421363e-01
7.7046432498e-01 -5.7206703597e-01
7.8241537556e-01 -5.7840024802e-01
7.9446328253e-01 -5.8466906959e-01
8.0660129832e-01 -5.9087097327e-01
8.1895520003e-01 -5.9711944026e-01
8.3131380179e-01 -6.0332718710e-01
8.4377582030e-01 -6.0948164988e-01
8.5637886399e-01 -6.1559975106e-01
8.6912226583e-01 -6.2168732776e-01
8.8199281521e-01 -6.2780227769e-01
8.9493053607e-01 -6.3388517672e-01
9.0796602407e-01 -6.3990797372e-01
9.2108680856e-01 -6.4588921321e-01
9.3435421593e-01 -6.5185893838e-01
9.4778158370e-01 -6.5780031333e-01
9.6135543620e-01 -6.6374735154e-01
9.7502075836e-01 -6.6968418977e-01
9.8879666693e-01 -6.7556828534e-01
1.0026721150e+00 -6.8139686994e-01
1.0166915891e+00 -6.8714329953e-01
1.0308864929e+00 -6.9289462821e-01
1.0452363680e+00 -6.9864668693e-01
1.0596863771e+00 -7.0433736373e-01
1.0742519464e+00 -7.1007491036e-01
1.0889947627e+00 -7.1574710993e-01
1.1038465361e+00 -7.2136963850e-01
1.1187887207e+00 -7.2695332678e-01
1.1338171573e+00 -7.3247755972e-01
1.1490263331e+00 -7.3795601502e-01
1.1644280479e+00 -7.4340673663e-01
1.1800076513e+00 -7.4882591389e-01
1.1957788757e+00 -7.5427935506e-01
1.2116104180e+00 -7.5964365271e-01
1.2276271486e+00 -7.6495859879e-01
1.2437963784e+00 -7.7022067078e-01
1.2600850468e+00 -7.7540309860e-01
1.2764598951e+00 -7.8062126405e-01
1.2930444279e+00 -7.8580525941e-01
1.3097905817e+00 -7.9092470996e-01
1.3266604267e+00 -7.9595757944e-01
1.3438443008e+00 -8.0101786961e-01
1.3609726500e+00 -8.0593177225e-01
1.3783241116e+00 -8.1081376525e-01
1.3958781487e+00 -8.1565769837e-01
1.4135677610e+00 -8.2043097378e-01
1.4313726855e+00 -8.2513698576e-01
1.4494569018e+00 -8.2991906130e-01
1.4676380714e+00 -8.3454025782e-01
1.4859407371e+00 -8.3909432455e-01
1.5043483514e+00 -8.4357848167e-01
1.5228462173e+00 -8.4798594941e-01
1.5415658141e+00 -8.5234166354e-01
1.5605129319e+00 -8.5664898690e-01
1.5796699737e+00 -8.6090568242e-01
1.5990192920e+00 -8.6510942019e-01
1.6184543183e+00 -8.6921045049e-01
1.6380510640e+00 -8.7322899662e-01
1.6578044925e+00 -8.7716984590e-01
1.6776976386e+00 -8.8103142184e-01
1.6977134669e+00 -8.8481204961e-01
1.7179460543e+00 -8.8857645251e-01
1.7383782637e+00 -8.9223856678e-01
1.7588867961e+00 -8.9575477034e-01
1.7795410863e+00 -8.9919217292e-01
1.8003228567e+00 -9.0254933393e-01
1.8212617880e+00 -9.0584867151e-01
1.8424136979e+00 -9.0905561000e-01
1.8637321015e+00 -9.1213267867e-01
1.8851797541e+00 -9.1510667904e-01
1.9067623476e+00 -9.1801254612e-01
1.9283747059e+00 -9.2076993617e-01
1.9502097040e+00 -9.2342816505e-01
1.9722503222e+00 -9.2598830751e-01
1.9943990111e+00 -9.2839837171e-01
2.0167376595e+00 -9.3076196663e-01
2.0391761634e+00 -9.3298624567e-01
2.0616830564e+00 -9.3506793881e-01
2.0843354219e+00 -9.3706319212e-01
2.1071140039e+00 -9.3897213307e-01
2.1300798462e+00 -9.4078320009e-01
2.1532126184e+00 -9.4239711767e-01
2.1764115899e+00 -9.4385772247e-01
2.1996731564e+00 -9.4522556958e-01
2.2229693281e+00 -9.4644817128e-01
2.2464016349e+00 -9.4750670950e-01
2.2699824821e+00 -9.4842544323e-01
2.2936914426e+00 -9.4920553273e-01
2.3176291741e+00 -9.4996192628e-01
2.3415364553e+00 -9.5042563418e-01
2.3656013326e+00 -9.5072936674e-01
2.3897191786e+00 -9.5089205174e-01
2.4138369831e+00 -9.5089066912e-01
2.4380100784e+00 -9.5076513272e-01
2.4625086625e+00 -9.5058543840e-01
2.4868534913e+00 -9.5012861522e-01
2.5112388396e+00 -9.4951053206e-01
2.5357214789e+00 -9.4875770051e-01
2.5602808713e+00 -9.4787246572e-01
2.5849890790e+00 -9.4684345783e-01
2.6097482714e+00 -9.4558578886e-01
2.6344675076e+00 -9.4409617144e-01
2.6592178761e+00 -9.4247422077e-01
2.6839858219e+00 -9.4072774331e-01
2.7087672767e+00 -9.3881462466e-01
2.7335688577e+00 -9.3666577192e-01
2.7583707646e+00 -9.3428567898e-01
2.7832052209e+00 -9.3168558527e-01
2.8081669187e+00 -9.2897247039e-01
2.8330204496e+00 -9.2609742920e-01
2.8578184613e+00 -9.2299611436e-01
2.8825965991e+00 -9.1968390668e-01
2.9073349029e+00 -9.1616526207e-01
2.9322451730e+00 -9.1254509396e-01
2.9568843087e+00 -9.0863438107e-01
2.9815722632e+00 -9.0450863094e-01
3.0062232487e+00 -9.0018807203e-01
3.0307558271e+00 -8.9566354595e-01
3.0552194280e+00 -8.9094783054e-01
3.0798395711e+00 -8.8603495743e-01
3.1041155847e+00 -8.8090619031e-01
3.1283348214e+00 -8.7558799206e-01
3.1524786093e+00 -8.7008593163e-01
3.1765661243e+00 -8.6440512921e-01
3.2007047497e+00 -8.5848292047e-01
3.2245411637e+00 -8.5228881381e-01
3.2481957476e+00 -8.4590756698e-01
3.2717791631e+00 -8.3936046381e-01
3.2952870073e+00 -8.3265089425e-01
3.3187129641e+00 -8.2569737610e-01
3.3418927234e+00 -8.1847018258e-01
3.3648269525e+00 -8.1100742786e-01
3.3876654181e+00 -8.0338631482e-01
3.4104038745e+00 -7.9561642412e-01
3.4329531884e+00 -7.8763243699e-01
3.4552313949e+00 -7.7938216184e-01
3.4772272952e+00 -7.7087157853e-01
3.4990879012e+00 -7.6215081163e-01
3.5208550496e+00 -7.5328445176e-01
3.5423915017e+00 -7.4426435713e-01
3.5636101634e+00 -7.3499814183e-01
3.5845112351e+00 -7.2548414958e-01
3.6051564010e+00 -7.1572014667e-01
3.6257118701e+00 -7.0578023756e-01
3.6460526553e+00 -6.9572158130e-01
3.6660217761e+00 -6.8545896675e-01
3.6856376156e+00 -6.7495954812e-01
3.7048858208e+00 -6.6423171485e-01
3.7239755762e+00 -6.5325846986e-01
3.7429258508e+00 -6.4215635914e-01
3.7614650105e+00 -6.3094132878e-01
3.7796170761e+00 -6.1949913818e-01
3.7973690208e+00 -6.0783876626e-01
3.8147800513e+00 -5.9594149278e-01
3.8320715964e+00 -5.8385230557e-01
3.8490141345e+00 -5.7170146170e-01
3.8655038403e+00 -5.5936748365e-01
3.8815618306e+00 -5.4682703609e-01
3.8971759033e+00 -5.3408951642e-01
3.9126188582e+00 -5.2109601114e-01
3.9277693277e+00 -5.0804619317e-01
3.9424180890e+00 -4.9486940820e-01
3.9565896964e+00 -4.8151138853e-01
3.9702869497e+00 -4.6797075233e-01
3.9837964267e+00 -4.5418943852e-01
3.9969608568e+00 -4.4041702124e-01
4.0095925647e+00 -4.2651099848e-01
4.0216936996e+00 -4.1243004575e-01
4.0332547480e+00 -3.9818397832e-01
4.0445404892e+00 -3.8370534511e-01
4.0556134973e+00 -3.6916339689e-01
4.0659333208e+00 -3.5461241744e-01
4.0758883270e+00 -3.3982947437e-01
4.0854463573e+00 -3.2484114779e-01
4.0944483154e+00 -3.0979096854e-01
4.1030496298e+00 -2.9479936945e-01
4.1111907330e+00 -2.7965538562e-01
4.1188656243e+00 -2.6436913472e-01
4.1260735628e+00 -2.4898780111e-01
4.1327932481e+00 -2.3347106578e-01
4.1390944447e+00 -2.1790715832e-01
4.1448817261e+00 -2.0230628810e-01
4.1501385391e+00 -1.8663828668e-01
4.1548599540e+00 -1.7091457004e-01
4.1590327408e+00 -1.5511169092e-01
4.1627928747e+00 -1.3907950535e-01
4.1661661523e+00 -1.2317587514e-01
4.1689554018e+00 -1.0723757100e-01
4.1711567349e+00 -9.1270541348e-02
4.1727541036e+00 -7.5268169992e-02
4.1738673266e+00 -5.9130874086e-02
4.1746879418e+00 -4.2939988013e-02
4.1750429381e+00 -2.6781630007e-02
4.1747287871e+00 -1.0657029492e-02
4.1737668188e+00 5.4196133477e-03
4.1724413376e+00 2.1480345886e-02
4.1706200469e+00 3.7611393219e-02
4.1682975469e+00 5.3803534616e-02
4.1653562429e+00 6.9997185820e-02
4.1619328810e+00 8.6087759923e-02
4.1580305715e+00 1.0214992926e-01
4.1536524167e+00 1.1822480618e-01
4.1486836366e+00 1.3430652391e-01
4.1433069043e+00 1.5019352023e-01
4.1374094067e+00 1.6607900932e-01
4.1309939871e+00 1.8195230458e-01
4.1240628984e+00 1.9780266601e-01
4.1167286180e+00 2.1356457321e-01
4.1086971911e+00 2.2936677987e-01
4.1003027904e+00 2.4502140980e-01
4.0913985140e+00 2.6056313773e-01
4.0819896131e+00 2.7598013814e-01
4.0720807424e+00 2.9126048680e-01
4.0615714740e+00 3.0649238105e-01
4.0506669537e+00 3.2168512264e-01
4.0393785239e+00 3.3678809623e-01
4.0275401172e+00 3.5173710270e-01
4.0151436649e+00 3.6651944878e-01
4.0024157763e+00 3.8115003692e-01
3.9892327268e+00 3.9571748540e-01
3.9756022681e+00 4.1021079399e-01
3.9614619723e+00 4.2462268445e-01
3.9469207200e+00 4.3886169882e-01
3.9319007270e+00 4.5294596419e-01
3.9165022210e+00 4.6683262755e-01
3.9006564593e+00 4.8052971777e-01
3.8842220754e+00 4.9417094540e-01
3.8676140054e+00 5.0762940414e-01
3.8505592725e+00 5.2087632292e-01
3.8330290013e+00 5.3391394730e-01
3.8150415654e+00 5.4678391237e-01
3.7967253729e+00 5.5953266997e-01
3.7780828174e+00 5.7213637786e-01
3.7589921985e+00 5.8451260178e-01
3.7395293224e+00 5.9664431486e-01
3.7197986740e+00 6.0860361172e-01
3.6996934961e+00 6.2040347215e-01
3.6792267822e+00 6.3203364714e-01
3.6583841164e+00 6.4347977821e-01
3.6371970578e+00 6.5477724240e-01
3.6156648319e+00 6.6585445015e-01
3.5938677084e+00 6.7668289840e-01
3.5718219238e+00 6.8725184954e-01
3.5495304774e+00 6.9754702140e-01
3.5268273968e+00 7.0760534898e-01
3.5038354313e+00 7.1752538365e-01
3.4805668624e+00 7.2729208297e-01
3.4569611459e+00 7.3677919615e-01
3.4331055970e+00 7.4598374764e-01
3.4091804083e+00 7.5504036482e-01
3.3848722602e+00 7.6391527199e-01
3.3603304802e+00 7.7256737145e-01
3.3357102070e+00 7.8101311644e-01
3.3108883584e+00 7.8904265629e-01
3.2857752782e+00 7.9688128908e-01
3.2604020510e+00 8.0451541097e-01
3.2348390528e+00 8.1187012383e-01
3.2090342220e+00 8.1918192545e-01
3.1829959054e+00 8.2616565736e-01
3.1569303335e+00 8.3287574508e-01
3.1308484725e+00 8.3935670902e-01
3.1047083230e+00 8.4560449112e-01
3.0783269148e+00 8.5162377682e-01
3.0517172147e+00 8.5740712723e-01
3.0248990626e+00 8.6294720451e-01
2.9980071995e+00 8.6831939704e-01
2.9710022215e+00 8.7336543088e-01
2.9439333146e+00 8.7821431095e-01
2.9168203024e+00 8.8280298798e-01
2.8896869144e+00 8.8712753864e-01
2.8625093309e+00 8.9128075383e-01
2.8351820003e+00 8.9519593970e-01
2.8077264547e+00 8.9886688957e-01
2.7803105030e+00 9.0235465800e-01
2.7526978105e+00 9.0556165386e-01
2.7251567642e+00 9.0860990439e-01
2.6976309707e+00 9.1139174668e-01
2.6701442528e+00 9.1390119045e-01
2.6426654215e+00 9.1613672128e-01
2.6151642832e+00 9.1820029104e-01
2.5876953371e+00 9.2011609695e-01
2.5602446647e+00 9.2185424717e-01
2.5327051959e+00 9.2328230059e-01
2.5052338019e+00 9.2446929422e-01
2.4778431164e+00 9.2551396218e-01
2.4504026518e+00 9.2634456288e-01
2.4229476639e+00 9.2697237976e-01
2.3956426094e+00 9.2744414474e-01
2.3683870325e+00 9.2760512002e-01
2.3411900931e+00 9.2761828321e-01
2.3141141068e+00 9.2741780908e-01
2.2871841322e+00 9.2700015630e-01
2.2603808212e+00 9.2649310163e-01
2.2335551151e+00 9.2576756014e-01
2.2067298797e+00 9.2481882062e-01
2.1800140483e+00 9.2373833915e-01
2.1535260653e+00 9.2241796364e-01
2.1271072530e+00 9.2088159330e-01
2.1007818756e+00 9.1920419360e-01
2.0746369373e+00 9.1735004919e-01
2.0486759435e+00 9.1532838049e-01
2.0227013198e+00 9.1321411783e-01
1.9968861645e+00 9.1091581165e-01
1.9713252978e+00 9.0849922025e-01
1.9459409369e+00 9.0588197110e-01
1.9206274178e+00 9.0309760320e-01
1.8954152058e+00 9.0013924689e-01
1.8702767814e+00 8.9702822472e-01
1.8453940650e+00 8.9379916890e-01
1.8206853354e+00 8.9043317337e-01
1.7961737325e+00 8.8693079469e-01
1.7718846539e+00 8.8329226073e-01
1.7477025066e+00 8.7958270948e-01
1.7235907010e+00 8.7570120137e-01
1.6996791331e+00 8.7168994749e-01
1.6760293582e+00 8.6758495008e-01
1.6526537729e+00 8.6334369195e-01
1.6294085457e+00 8.5896832353e-01
1.6063037315e+00 8.5446760385e-01
1.5833695187e+00 8.4984172337e-01
1.5606207663e+00 8.4512526934e-01
1.5380382500e+00 8.4032429756e-01
1.5156891092e+00 8.3542495733e-01
1.4935983702e+00 8.3042966802e-01
1.4717699275e+00 8.2537317558e-01
1.4500770240e+00 8.2026290913e-01
1.4285212487e+00 8.1501941735e-01
1.4071256726e+00 8.0964539604e-01
1.3859702128e+00 8.0420381086e-01
1.3649781053e+00 7.9863642002e-01
1.3443027828e+00 7.9307630874e-01
1.3237751485e+00 7.8741533674e-01
1.3034417517e+00 7.8166760811e-01
1.2833615229e+00 7.7584978613e-01
1.2634567141e+00 7.6997599539e-01
1.2436821583e+00 7.6401011014e-01
1.2241646744e+00 7.5800311870e-01
1.2048947139e+00 7.5197095676e-01
1.1858968159e+00 7.4592380615e-01
1.1670973164e+00 7.3984239693e-01
1.1484355534e+00 7.3366378666e-01
1.1299328793e+00 7.2739253795e-01
1.1116107042e+00 7.2103312515e-01
1.0934508941e+00 7.1463275160e-01
1.0755942300e+00 7.0823235282e-01
1.0579386073e+00 7.0182029106e-01
1.0404733942e+00 6.9535517293e-01
1.0232202667e+00 6.8884279969e-01
1.0061824281e+00 6.8226154073e-01
9.8928683417e-01 6.7562717395e-01
9.7260912291e-01 6.6900489334e-01
9.5616949588e-01 6.6236700454e-01
9.3995663327e-01 6.5573982933e-01
9.2388605233e-01 6.4907841141e-01
9.0797979021e-01 6.4234110366e-01
8.9224063816e-01 6.3554586439e-01
8.7667967155e-01 6.2877701974e-01
8.6137039377e-01 6.2204722832e-01
8.4626374325e-01 6.1527610327e-01
8.3131997132e-01 6.0844918653e-01
8.1655786565e-01 6.0157280209e-01
8.0189892968e-01 5.9463824205e-01
7.8752670133e-01 5.8776994145e-01
7.7330315448e-01 5.8087543549e-01
7.5922361464e-01 5.7395165484e-01
7.4534381998e-01 5.6702430617e-01
7.3162611562e-01 5.6008821596e-01
7.1803763492e-01 5.5309887868e-01
7.0466094781e-01 5.4612468093e-01
6.9145068981e-01 5.3916946097e-01
6.7842407455e-01 5.3224065771e-01
6.6554210538e-01 5.2531673369e-01
6.5279347830e-01 5.1833047155e-01
6.4021842699e-01 5.1128647541e-01
6.2782949590e-01 5.0424145369e-01
6.1555301782e-01 4.9722777971e-01
6.0341313197e-01 4.9025252943e-01
5.9144004246e-01 4.8325905828e-01
5.7962432542e-01 4.7622038620e-01
5.6797104634e-01 4.6914206660e-01
5.5642304367e-01 4.6206220243e-01
5.4501179550e-01 4.5502212905e-01
5.3376283380e-01 4.4798649094e-01
5.2264295101e-01 4.4091493361e-01
5.1165549301e-01 4.3380970540e-01
5.0076588967e-01 4.2670572059e-01
4.9006996381e-01 4.1962588215e-01
4.7945465941e-01 4.1251438126e-01
4.6897880108e-01 4.0539702968e-01
4.5862116980e-01 3.9827938212e-01
4.4830592208e-01 3.9108530560e-01
4.3817519451e-01 3.8391904240e-01
4.2817873018e-01 3.7678130293e-01
4.1828713176e-01 3.6966338429e-01
4.0846514302e-01 3.6248583680e-01
3.9877492421e-01 3.5526436272e-01
3.8918970682e-01 3.4804559018e-01
3.7968994000e-01 3.4082473729e-01
3.7026588625e-01 3.3356528960e-01
3.6097571494e-01 3.2626544820e-01
3.5179624936e-01 3.1897531379e-01
3.4268538406e-01 3.1167828241e-01
3.3364010264e-01 3.0436534363e-01
3.2466736378e-01 2.9697749709e-01
3.1583011995e-01 2.8957038255e-01
3.0707139765e-01 2.8216519855e-01
2.9837272192e-01 2.7474823613e-01
2.8972026815e-01 2.6728841132e-01
2.8113767940e-01 2.5973647113e-01
2.7268952394e-01 2.5220255109e-01
2.6429034518e-01 2.4464254981e-01
2.5594808489e-01 2.3706188038e-01
2.4764875025e-01 2.2939765159e-01
2.3943473177e-01 2.2170204946e-01
2.3125873488e-01 2.1398259785e-01
2.2310310902e-01 2.0619510917e-01
2.1501312351e-01 1.9840228419e-01
2.0699660846e-01 1.9048566233e-01
1.9905770405e-01 1.8260289575e-01
1.9116908568e-01 1.7466787417e-01
1.8332205080e-01 1.6667510870e-01
1.7545773988e-01 1.5859779328e-01
1.6768526631e-01 1.5047742323e-01
1.5996288369e-01 1.4230899713e-01
1.5227980214e-01 1.3412649439e-01
1.4461018267e-01 1.2590312281e-01
1.3695467087e-01 1.1759905566e-01
1.2937455786e-01 1.0928278681e-01
1.2183059643e-01 1.0097118932e-01
1.1430971719e-01 9.2635234074e-02
1.0680804515e-01 8.4281156115e-02
9.9354530051e-02 7.5958655382e-02
9.1941498609e-02 6.7684627816e-02
8.4567091267e-02 5.9513003011e-02
7.7193031865e-02 5.1437315293e-02
