2.6841113187e+02
2.6925741450e+02
2.6756443775e+02
2.7008211897e+02
2.6672016998e+02
2.7090674996e+02
2.6587654779e+02
2.7173255799e+02
2.6503267029e+02
2.7256075696e+02
2.6422050194e+02
2.7338905338e+02
2.6341028717e+02
2.7424531002e+02
2.6259504882e+02
2.7510190973e+02
2.6177192323e+02
2.7594690276e+02
2.6094857672e+02
2.7678170071e+02
2.6012963324e+02
2.7761671039e+02
2.5931108482e+02
2.7847280037e+02
2.5849259112e+02
2.7933026359e+02
2.5767265320e+02
2.8016451701e+02
2.5685241824e+02
2.8096795820e+02
2.5604404880e+02
2.8177158383e+02
2.5523749924e+02
2.8265024477e+02
2.5442919279e+02
2.8353720483e+02
2.5361538972e+02
2.8439427203e+02
2.5280119005e+02
2.8520624961e+02
2.5200978214e+02
2.8601852501e+02
2.5122332172e+02
2.8688143229e+02
2.5042520371e+02
2.8775269150e+02
2.4959614721e+02
2.8861849001e+02
2.4876657440e+02
2.8947779509e+02
2.4799371795e+02
2.9033756382e+02
2.4723687995e+02
2.9116860525e+02
2.4646479295e+02
2.9199342415e+02
2.4564563991e+02
2.9282618396e+02
2.4482589010e+02
2.9368118783e+02
2.4405313781e+02
2.9453677777e+02
2.4329688809e+02
2.9537828649e+02
2.4253828778e+02
2.9621590095e+02
2.4177060824e+02
2.9704949720e+02
2.4100238903e+02
2.9787355607e+02
2.4023327124e+02
2.9869807035e+02
2.3946356291e+02
2.9954379685e+02
2.3869502392e+02
3.0039722811e+02
2.3792908524e+02
3.0124724167e+02
2.3716249501e+02
3.0208864687e+02
2.3641026975e+02
3.0293063514e+02
2.3566537098e+02
3.0376992046e+02
2.3492239827e+02
3.0460820876e+02
2.3419061974e+02
3.0544133147e+02
2.3345818331e+02
3.0625295553e+02
2.3271847363e+02
3.0706520134e+02
2.3197416950e+02
3.0789606090e+02
2.3123145034e+02
3.0873669194e+02
2.3049743260e+02
3.0957559403e+02
2.2976269190e+02
3.1041159454e+02
2.2903988479e+02
3.1124830637e+02
2.2832581056e+02
3.1207255629e+02
2.2761177845e+02
3.1288914558e+02
2.2688840391e+02
3.1370563721e+02
2.2616414141e+02
3.1452301623e+02
2.2545181694e+02
3.1534108128e+02
2.2474993325e+02
3.1616130680e+02
2.2404834417e+02
3.1698320400e+02
2.2336695714e+02
3.1780414191e+02
2.2268475015e+02
3.1861116911e+02
2.2199368971e+02
3.1941894995e+02
2.2129373710e+02
3.2022882016e+02
2.2059313165e+02
3.2104046510e+02
2.1992445763e+02
3.2185166045e+02
2.1925503799e+02
3.2265731683e+02
2.1858382778e+02
3.2346383332e+02
2.1791077265e+02
3.2426706828e+02
2.1723702051e+02
3.2506676729e+02
2.1657728596e+02
3.2586709869e+02
2.1591693846e+02
3.2665254341e+02
2.1526182300e+02
3.2743903219e+02
2.1461461212e+02
3.2823231818e+02
2.1396666073e+02
3.2903350137e+02
2.1332361653e+02
3.2983537753e+02
2.1267962650e+02
3.3060672649e+02
2.1204236524e+02
3.3137736925e+02
2.1141712801e+02
3.3215413849e+02
2.1079112459e+02
3.3293904912e+02
2.1016154483e+02
3.3372460362e+02
2.0952977422e+02
3.3451067157e+02
2.0890731657e+02
3.3529868290e+02
3.3607448799e+02
2.0830456277e+02
3.3682910041e+02
2.0770100138e+02
3.3758449245e+02
2.0709600702e+02
3.3836163461e+02
2.0648923286e+02
3.3914443246e+02
2.0588598813e+02
3.3991182348e+02
2.0529274138e+02
3.4064717868e+02
2.0469865694e+02
3.4138333477e+02
2.0411595131e+02
3.4214218891e+02
2.0353500181e+02
3.4290774332e+02
2.0295379242e+02
3.4366457274e+02
2.0237394050e+02
3.4439885484e+02
2.0179319577e+02
3.4513396080e+02
2.0124446802e+02
3.4587178070e+02
2.0070650528e+02
3.4661172954e+02
2.0016147038e+02
3.4735177495e+02
1.9959289161e+02
3.4809011489e+02
1.9902352091e+02
3.4882929317e+02
1.9846805845e+02
3.4954950572e+02
1.9791666871e+02
3.5026407360e+02
1.9737014096e+02
3.5098258412e+02
1.9685141651e+02
3.5171297989e+02
1.9633182556e+02
3.5244420773e+02
1.9580198139e+02
3.5316927567e+02
1.9526525205e+02
3.5389337096e+02
1.9473250729e+02
3.5461327624e+02
1.9423204124e+02
3.5530876925e+02
1.9373064927e+02
3.5600515813e+02
1.9322507908e+02
3.5670597996e+02
1.9271579902e+02
3.5741036896e+02
1.9220803142e+02
3.5811425014e+02
1.9172488686e+02
3.5880890760e+02
1.9124085480e+02
3.5950447126e+02
1.9074915335e+02
3.6019429661e+02
1.9025002694e+02
3.6088172047e+02
1.8975183930e+02
3.6156970538e+02
1.8929123625e+02
3.6225369622e+02
1.8882970283e+02
3.6293860536e+02
1.8836690408e+02
3.6360512872e+02
1.8790201652e+02
3.6425858794e+02
1.8743627005e+02
3.6491458283e+02
1.8698914057e+02
3.6560030345e+02
1.8654111720e+02
3.6628682403e+02
1.8609167400e+02
3.6696404891e+02
1.8563962758e+02
3.6763514650e+02
3.6830704534e+02
1.8518652567e+02
3.6895096494e+02
1.8475785465e+02
3.6959586336e+02
1.8432905683e+02
3.7024311769e+02
1.8390472596e+02
3.7089343657e+02
1.8348522347e+02
3.7154482348e+02
1.8306468985e+02
3.7218589385e+02
1.8264478628e+02
3.7282757826e+02
1.8222411523e+02
3.7346116324e+02
1.8181051900e+02
3.7408543223e+02
1.8140628069e+02
3.7471077393e+02
1.8100100430e+02
3.7534191653e+02
1.8060633141e+02
3.7597434945e+02
1.8021219588e+02
3.7660610321e+02
1.7982115883e+02
3.7723829045e+02
1.7943516361e+02
3.7787161766e+02
1.7904815862e+02
3.7847544380e+02
1.7867016224e+02
3.7907643140e+02
1.7829304282e+02
3.7967957836e+02
1.7791797745e+02
3.8028675852e+02
1.7754691210e+02
3.8089503188e+02
1.7717483071e+02
3.8149400477e+02
1.7681384667e+02
3.8209211049e+02
1.7645481373e+02
3.8268784242e+02
1.7610392363e+02
3.8327894481e+02
1.7577437808e+02
3.8387114764e+02
1.7544390266e+02
3.8445542417e+02
1.7509264768e+02
3.8503855293e+02
1.7473456464e+02
3.8561949556e+02
1.7438207403e+02
3.8619474745e+02
1.7404564012e+02
3.8677108336e+02
1.7370820591e+02
3.8734238821e+02
1.7338358553e+02
3.8791285906e+02
1.7306323117e+02
3.8848047756e+02
3.8903839810e+02
1.7274600327e+02
3.8959740199e+02
1.7244258105e+02
3.9015336923e+02
1.7213821237e+02
3.9070880739e+02
1.7182410786e+02
3.9126184339e+02
1.7150516269e+02
3.9180414915e+02
1.7119186996e+02
3.9234754135e+02
1.7090792630e+02
3.9288617124e+02
1.7062305869e+02
3.9342314971e+02
1.7032982927e+02
3.9396037557e+02
1.7003169294e+02
3.9449686778e+02
1.6973446736e+02
3.9503446412e+02
1.6944477415e+02
3.9555449899e+02
1.6915411765e+02
3.9606535747e+02
1.6887971481e+02
3.9657804373e+02
1.6861563296e+02
3.9710047129e+02
1.6835080123e+02
3.9762403412e+02
1.6808343982e+02
3.9812800361e+02
1.6781515784e+02
3.9861953604e+02
1.6755351227e+02
3.9911263153e+02
1.6729681809e+02
3.9961737181e+02
1.6703996020e+02
4.0012325008e+02
1.6679122401e+02
4.0061173269e+02
1.6654158255e+02
4.0108703115e+02
1.6629646599e+02
4.0156307326e+02
1.6605541692e+02
4.0203826869e+02
1.6581375223e+02
4.0251454100e+02
4.0298506826e+02
1.6557792667e+02
4.0345046071e+02
1.6534105877e+02
4.0391666370e+02
1.6511054502e+02
4.0436997404e+02
1.6488690784e+02
4.0482442264e+02
1.6466244665e+02
4.0527421372e+02
1.6444484411e+02
4.0571894141e+02
1.6422645818e+02
4.0616468184e+02
1.6401197992e+02
4.0659598078e+02
1.6380264597e+02
4.0702796780e+02
1.6359248549e+02
4.0745628971e+02
1.6339040605e+02
4.0787972432e+02
1.6318802237e+02
4.0830417335e+02
1.6298957507e+02
4.0871223798e+02
1.6279738965e+02
4.0912011764e+02
1.6260438712e+02
4.0952456352e+02
1.6242033150e+02
4.0992340218e+02
1.6223655246e+02
4.1032325374e+02
1.6205428163e+02
4.1070555181e+02
1.6187532530e+02
4.1108664714e+02
1.6169555389e+02
4.1146436683e+02
1.6153481900e+02
4.1183534590e+02
1.6137688195e+02
4.1220733178e+02
1.6121646874e+02
4.1256549588e+02
4.1292216985e+02
1.6105180853e+02
4.1327270348e+02
1.6088636004e+02
4.1360919098e+02
1.6073405951e+02
4.1394669348e+02
1.6058402529e+02
4.1427087495e+02
1.6043819272e+02
4.1459272172e+02
1.6030436611e+02
4.1491003323e+02
1.6016971483e+02
4.1521421065e+02
1.6004167315e+02
4.1551939889e+02
1.5991485950e+02
4.1580735116e+02
1.5979190038e+02
4.1609080290e+02
1.5968288011e+02
4.1636979964e+02
1.5957303011e+02
4.1663263680e+02
1.5947374443e+02
4.1689648333e+02
1.5937782705e+02
4.1714083440e+02
1.5928446644e+02
4.1737845289e+02
1.5920376900e+02
4.1761193638e+02
1.5912222391e+02
4.1782601475e+02
1.5905861621e+02
4.1804110233e+02
1.5900277894e+02
4.1823175753e+02
1.5894957098e+02
4.1841165701e+02
1.5891368272e+02
4.1858775211e+02
4.1873979691e+02
1.5887694440e+02
4.1889285073e+02
1.5885986196e+02
4.1901229409e+02
1.5885315743e+02
4.1911343008e+02
1.5885048100e+02
4.1921103666e+02
1.5888258776e+02
4.1927670114e+02
1.5891381442e+02
4.1934335751e+02
1.5897620454e+02
4.1936558914e+02
1.5905887664e+02
4.1935881094e+02
1.5914623805e+02
4.1934699060e+02
1.5929627682e+02
4.1926726474e+02
1.5944543368e+02
4.1918852335e+02
1.5967017963e+02
4.1902260305e+02
1.5995466557e+02
4.1878826903e+02
1.6023922742e+02
4.1855411745e+02
1.6054307532e+02
4.1830319280e+02
1.6084580534e+02
4.1805362805e+02
1.6183395382e+02
4.1696849039e+02
1.6347101806e+02
4.1509377924e+02
4.1321765958e+02
1.6510941478e+02
