1.6254819714e+01
1.6294143028e+01
1.6333466342e+01
1.6372789657e+01
1.6412112971e+01
1.6444032397e+01
1.6475361635e+01
1.6506644641e+01
1.6536800518e+01
1.6561254767e+01
1.6585709016e+01
1.6612917095e+01
1.6633977892e+01
1.6655023849e+01
1.6676279465e+01
1.6697535082e+01
1.6710954461e+01
1.6723318093e+01
1.6737275074e+01
1.6751465702e+01
1.6758290421e+01
1.6764169506e+01
1.6770048591e+01
1.6777241744e+01
1.6779508418e+01
1.6780758862e+01
1.6782009306e+01
1.6783259750e+01
1.6778900993e+01
1.6773357812e+01
1.6767814631e+01
1.6761640753e+01
1.6750134971e+01
1.6737774685e+01
1.6728168836e+01
1.6718612572e+01
1.6704051155e+01
1.6688506957e+01
1.6672344640e+01
1.6654076815e+01
1.6633030090e+01
1.6612614629e+01
1.6594249952e+01
1.6572288456e+01
1.6548607817e+01
1.6524532084e+01
1.6498367973e+01
1.6472203861e+01
1.6446039749e+01
1.6417901400e+01
1.6387921945e+01
1.6358147548e+01
1.6328373150e+01
1.6298598752e+01
1.6269849094e+01
1.6241348445e+01
1.6207588308e+01
1.6172474191e+01
1.6139970215e+01
1.6108647501e+01
1.6077324788e+01
1.6041306893e+01
1.6006731477e+01
1.5973063423e+01
1.5940504376e+01
1.5909164162e+01
1.5878967924e+01
1.5844172885e+01
1.5809377847e+01
1.5779448642e+01
1.5750099182e+01
1.5720441966e+01
1.5687361085e+01
1.5658430260e+01
1.5630172020e+01
1.5602376173e+01
1.5582360714e+01
1.5557397507e+01
1.5529654410e+01
1.5508528388e+01
1.5490423925e+01
1.5472319462e+01
1.5457637420e+01
1.5446606532e+01
1.5435242050e+01
1.5423877567e+01
1.5415764587e+01
1.5408486212e+01
1.5416755776e+01
1.5425739876e+01
1.5432608606e+01
1.5439187971e+01
1.5464987690e+01
1.5495580359e+01
1.5523123204e+01
1.5550130454e+01
1.5612421920e+01
1.5686348902e+01
1.5760275884e+01
1.5834202866e+01
