3.7348305722e+02
3.7342751852e+02
3.7337396992e+02
3.7332399971e+02
3.7327530961e+02
3.7322818335e+02
3.7318489011e+02
3.7314302331e+02
3.7310310063e+02
3.7306631953e+02
3.7303018724e+02
3.7299839893e+02
3.7296813276e+02
3.7293943940e+02
3.7291525797e+02
3.7289197423e+02
3.7287189130e+02
3.7285433500e+02
3.7283752685e+02
3.7282603394e+02
3.7281589537e+02
3.7280838445e+02
3.7280321574e+02
3.7280183149e+02
3.7280298030e+02
3.7280613900e+02
3.7281448948e+02
3.7282384763e+02
3.7283523199e+02
3.7285143170e+02
3.7286976202e+02
3.7289083300e+02
3.7291470765e+02
3.7294196402e+02
3.7297291843e+02
3.7300574963e+02
3.7304219030e+02
3.7308218542e+02
3.7312430826e+02
3.7316985025e+02
3.7321891513e+02
3.7327008064e+02
3.7332552339e+02
3.7338329233e+02
3.7344363941e+02
3.7350905153e+02
3.7357619820e+02
3.7364339660e+02
3.7371765320e+02
3.7379502237e+02
3.7387471434e+02
3.7395610425e+02
3.7403992845e+02
3.7412666609e+02
3.7422048345e+02
3.7431316716e+02
3.7440674209e+02
3.7450572751e+02
3.7460742330e+02
3.7471123684e+02
3.7481811231e+02
3.7492818787e+02
3.7503845585e+02
3.7515179003e+02
3.7526889273e+02
3.7538748004e+02
3.7550815976e+02
3.7563245689e+02
3.7575818282e+02
3.7588391421e+02
3.7601385517e+02
3.7614562996e+02
3.7627736107e+02
3.7641322475e+02
3.7654984391e+02
3.7668793320e+02
3.7682738750e+02
3.7697173005e+02
3.7711278204e+02
3.7725678633e+02
3.7740624545e+02
3.7755016621e+02
3.7770013572e+02
3.7785054542e+02
3.7800431022e+02
3.7815379530e+02
3.7831365004e+02
3.7846857570e+02
3.7862443326e+02
3.7878540064e+02
3.7894213213e+02
3.7911058735e+02
3.7926322517e+02
3.7944809541e+02
3.7959059057e+02
3.7977689321e+02
3.7992231843e+02
3.8014976848e+02
3.8006978467e+02
3.7941490078e+02
