-1.9866831391e-06 -2.3697199503e-07
2.8607642312e-01 1.0802790691e-03
5.6666268710e-01 4.2801333203e-03
8.4162363192e-01 9.5189436759e-03
1.1109069543e+00 1.6724896701e-02
1.3743915332e+00 2.5826665436e-02
1.6319951249e+00 3.6744411159e-02
1.8836385924e+00 4.9417202147e-02
2.1291954475e+00 6.3762074552e-02
2.3686107632e+00 7.9707226282e-02
2.6017601799e+00 9.7182081167e-02
2.8285646623e+00 1.1610211466e-01
3.0489362942e+00 1.3640661226e-01
3.2627774426e+00 1.5800911285e-01
3.4700206634e+00 1.8083940826e-01
3.6705470798e+00 2.0482226943e-01
3.8643040982e+00 2.2987169505e-01
4.0512133288e+00 2.5592845208e-01
4.2311701519e+00 2.8289693256e-01
4.4041279308e+00 3.1070890952e-01
4.5700117727e+00 3.3928834142e-01
4.7287474595e+00 3.6854503081e-01
4.8802758781e+00 3.9841708346e-01
5.0245651129e+00 4.2881288973e-01
5.1615119204e+00 4.5965255251e-01
5.2911211358e+00 4.9085282309e-01
5.4133167740e+00 5.2235264817e-01
5.5280717659e+00 5.5405236046e-01
5.6353342871e+00 5.8587870631e-01
5.7351097463e+00 6.1775383054e-01
5.8273546888e+00 6.4959693645e-01
5.9120646430e+00 6.8132195280e-01
5.9892443486e+00 7.1285914434e-01
6.0588548849e+00 7.4412044736e-01
6.1209251222e+00 7.7502609501e-01
6.1754755617e+00 8.0550394630e-01
6.2224899912e+00 8.3548052693e-01
6.2620259510e+00 8.6486171771e-01
6.2941024807e+00 8.9358433596e-01
6.3187621150e+00 9.2156696291e-01
6.3360241694e+00 9.4872943640e-01
6.3459836200e+00 9.7500847126e-01
6.3486740929e+00 1.0003293564e+00
6.3441661836e+00 1.0246128239e+00
6.3325384168e+00 1.0477947653e+00
6.3138745405e+00 1.0698101680e+00
6.2882415348e+00 1.0905805952e+00
6.2557720400e+00 1.1100444925e+00
6.2165567724e+00 1.1281463895e+00
6.1706805920e+00 1.1448116081e+00
6.1183068087e+00 1.1599874778e+00
6.0595257605e+00 1.1736152522e+00
5.9944892790e+00 1.1856435312e+00
5.9233319116e+00 1.1960156912e+00
5.8461980639e+00 1.2046858006e+00
5.7632470406e+00 1.2116105535e+00
5.6746365773e+00 1.2167338889e+00
5.5805417414e+00 1.2200181986e+00
5.4811222608e+00 1.2214328681e+00
5.3765607314e+00 1.2209364390e+00
5.2670582073e+00 1.2185034129e+00
5.1527963390e+00 1.2141106287e+00
5.0339565864e+00 1.2077291418e+00
4.9107810331e+00 1.1993413837e+00
4.7834389757e+00 1.1889336309e+00
4.6521623734e+00 1.1765057450e+00
4.5171836929e+00 1.1620394212e+00
4.3787339303e+00 1.1455426120e+00
4.2370249087e+00 1.1270219396e+00
4.0923173313e+00 1.1064892356e+00
3.9448393057e+00 1.0839550871e+00
3.7948367143e+00 1.0594468136e+00
3.6425756468e+00 1.0330002674e+00
3.4883082361e+00 1.0046441660e+00
3.3323215483e+00 9.7442745539e-01
3.1748746729e+00 9.4240552004e-01
3.0162375738e+00 9.0862246478e-01
2.8567123127e+00 8.7315396830e-01
2.6966011309e+00 8.3607583753e-01
2.5361860454e+00 7.9747397286e-01
2.3758101135e+00 7.5744061097e-01
2.2158013345e+00 7.1609031723e-01
2.0565146253e+00 6.7353672819e-01
1.8982634687e+00 6.2990132621e-01
1.7414580764e+00 5.8534319995e-01
1.5865222561e+00 5.4002310800e-01
1.4338195115e+00 4.9411193904e-01
1.2838578119e+00 4.4780944675e-01
1.1371657189e+00 4.0134982054e-01
9.9422275277e-01 3.5497140438e-01
8.5568088600e-01 3.0896490548e-01
7.2227359214e-01 2.6368458389e-01
5.9478012930e-01 2.1948524614e-01
4.7409696299e-01 1.7677993696e-01
3.6140117951e-01 1.3612993335e-01
2.5823245545e-01 9.8218842124e-02
1.6643556609e-01 6.3881279111e-02
8.8655018804e-02 3.4339115728e-02
2.9700239483e-02 1.1644426357e-02
-2.2937606581e-06 -3.4880478354e-06
