3.4009546217e-01 -1.2627779815e-01
3.5329672198e-01 -1.3790406063e-01
3.6644635142e-01 -1.4930667536e-01
3.7954223008e-01 -1.6048424095e-01
3.9258219153e-01 -1.7143531506e-01
4.0545925922e-01 -1.8216255911e-01
4.1811893437e-01 -1.9277047587e-01
4.3064575258e-01 -2.0308292049e-01
4.4301325307e-01 -2.1307978194e-01
4.5521919695e-01 -2.2275937874e-01
4.6762037968e-01 -2.3238608420e-01
4.7965222272e-01 -2.4168574873e-01
4.9153688667e-01 -2.5072040325e-01
5.0338326871e-01 -2.5955254177e-01
5.1518572539e-01 -2.6817838870e-01
5.2680214061e-01 -2.7667526532e-01
5.3830178599e-01 -2.8507363626e-01
5.4969431015e-01 -2.9327582986e-01
5.6097297310e-01 -3.0127893887e-01
5.7214842424e-01 -3.0908709061e-01
5.8345060812e-01 -3.1685916029e-01
5.9442756196e-01 -3.2438490700e-01
6.0537683448e-01 -3.3179858789e-01
6.1629543068e-01 -3.3909834297e-01
6.2714518589e-01 -3.4626220324e-01
6.3789256387e-01 -3.5327494077e-01
6.4865072523e-01 -3.6032036096e-01
6.5930724849e-01 -3.6718609320e-01
6.6989739359e-01 -3.7393888340e-01
6.8041810760e-01 -3.8057687918e-01
6.9086645912e-01 -3.8712560818e-01
7.0130461795e-01 -3.9359809803e-01
7.1173481043e-01 -3.9999057930e-01
7.2214889565e-01 -4.0626766171e-01
7.3247876441e-01 -4.1250699979e-01
7.4279676353e-01 -4.1866652251e-01
7.5306814190e-01 -4.2473965757e-01
7.6328274516e-01 -4.3073165055e-01
7.7345101555e-01 -4.3663175761e-01
7.8362730199e-01 -4.4246197442e-01
7.9381432927e-01 -4.4823327558e-01
8.0400585463e-01 -4.5394067479e-01
8.1413954790e-01 -4.5956218115e-01
8.2426456927e-01 -4.6515165165e-01
8.3438952015e-01 -4.7068597958e-01
8.4448970850e-01 -4.7616091200e-01
8.5456142943e-01 -4.8157450903e-01
8.6460653553e-01 -4.8691619686e-01
8.7467806117e-01 -4.9218295917e-01
8.8477833610e-01 -4.9741565725e-01
8.9486509221e-01 -5.0259361457e-01
9.0492325019e-01 -5.0769443067e-01
9.1497548853e-01 -5.1276005364e-01
9.2505394540e-01 -5.1779486468e-01
9.3515099792e-01 -5.2278575887e-01
9.4524233157e-01 -5.2774140038e-01
9.5532797451e-01 -5.3264712709e-01
9.6542129852e-01 -5.3749095810e-01
9.7551773477e-01 -5.4227228655e-01
9.8563683512e-01 -5.4698338110e-01
9.9579916578e-01 -5.5167486796e-01
1.0059884398e+00 -5.5633289369e-01
1.0161658892e+00 -5.6094371568e-01
1.0263624251e+00 -5.6554696500e-01
1.0366025515e+00 -5.7010031590e-01
1.0468540447e+00 -5.7460405361e-01
1.0571045763e+00 -5.7906768764e-01
1.0673513604e+00 -5.8347803034e-01
1.0776399365e+00 -5.8784007040e-01
1.0879820161e+00 -5.9216852073e-01
1.0983728310e+00 -5.9646150714e-01
1.1087913903e+00 -6.0069578792e-01
1.1192239992e+00 -6.0494306844e-01
1.1296908438e+00 -6.0914055964e-01
1.1401847120e+00 -6.1328948623e-01
1.1507007563e+00 -6.1738801275e-01
1.1612327573e+00 -6.2143653160e-01
1.1717980336e+00 -6.2545978805e-01
1.1824210924e+00 -6.2945413903e-01
1.1930967959e+00 -6.3341776326e-01
1.2038406697e+00 -6.3733926184e-01
1.2146053286e+00 -6.4122137191e-01
1.2254026140e+00 -6.4511342694e-01
1.2362444756e+00 -6.4894313906e-01
1.2471182551e+00 -6.5272642766e-01
1.2580224420e+00 -6.5646813636e-01
1.2689520804e+00 -6.6016618266e-01
1.2799437826e+00 -6.6383305696e-01
1.2910064673e+00 -6.6747241288e-01
1.3021363306e+00 -6.7107998255e-01
1.3133135325e+00 -6.7462768553e-01
1.3245242595e+00 -6.7818063098e-01
1.3358032742e+00 -6.8170871650e-01
1.3471150450e+00 -6.8517112711e-01
1.3584701570e+00 -6.8859591654e-01
1.3698626782e+00 -6.9198132919e-01
1.3812914937e+00 -6.9532632952e-01
1.3928006431e+00 -6.9864082348e-01
1.4043890845e+00 -7.0192443742e-01
1.4160509317e+00 -7.0516452971e-01
1.4277527934e+00 -7.0834659220e-01
1.4395348615e+00 -7.1156902764e-01
1.4513546450e+00 -7.1470560908e-01
1.4632220476e+00 -7.1779648614e-01
1.4751399088e+00 -7.2084996133e-01
1.4871001338e+00 -7.2386503743e-01
1.4991134853e+00 -7.2685003449e-01
1.5112209002e+00 -7.2979850677e-01
1.5234155697e+00 -7.3270893481e-01
1.5356898458e+00 -7.3557761485e-01
1.5480241609e+00 -7.3841159574e-01
1.5604125185e+00 -7.4119941540e-01
1.5728477467e+00 -7.4394209307e-01
1.5853228545e+00 -7.4663813579e-01
1.5978330457e+00 -7.4928597498e-01
1.6104248373e+00 -7.5189321448e-01
1.6231123006e+00 -7.5446321679e-01
1.6358880577e+00 -7.5699459738e-01
1.6487446760e+00 -7.5948594654e-01
1.6616765902e+00 -7.6194460755e-01
1.6746669038e+00 -7.6434779228e-01
1.6877032901e+00 -7.6669273111e-01
1.7007782780e+00 -7.6897813965e-01
1.7139033443e+00 -7.7123287081e-01
1.7271278778e+00 -7.7345735022e-01
1.7404461554e+00 -7.7562790175e-01
1.7538369713e+00 -7.7775448997e-01
1.7672735815e+00 -7.7982293971e-01
1.7807844850e+00 -7.8181627012e-01
1.7943971348e+00 -7.8377942476e-01
1.8080709004e+00 -7.8569141617e-01
1.8217840385e+00 -7.8753531262e-01
1.8355324347e+00 -7.8932828413e-01
1.8493662021e+00 -7.9110126248e-01
1.8632964147e+00 -7.9281106647e-01
1.8773078526e+00 -7.9446017163e-01
1.8913745618e+00 -7.9605746300e-01
1.9054782110e+00 -7.9758415498e-01
1.9196544883e+00 -7.9903120010e-01
1.9339389240e+00 -8.0043238159e-01
1.9483098193e+00 -8.0177673843e-01
1.9627143273e+00 -8.0304292799e-01
1.9771615259e+00 -8.0426991970e-01
1.9917087250e+00 -8.0547253137e-01
2.0063248884e+00 -8.0658007555e-01
2.0209825567e+00 -8.0761014919e-01
2.0356932580e+00 -8.0858652968e-01
2.0504445993e+00 -8.0950597881e-01
2.0652561464e+00 -8.1034638340e-01
2.0801618780e+00 -8.1111178947e-01
2.0951521969e+00 -8.1180183043e-01
2.1102174253e+00 -8.1241610563e-01
2.1253415944e+00 -8.1296466544e-01
2.1405163217e+00 -8.1344465399e-01
2.1557320930e+00 -8.1384790950e-01
2.1709792464e+00 -8.1417420106e-01
2.1862480326e+00 -8.1442326225e-01
2.2015786976e+00 -8.1462131950e-01
2.2169920524e+00 -8.1472717810e-01
2.2324779350e+00 -8.1474024036e-01
2.2480355149e+00 -8.1468111727e-01
2.2636293065e+00 -8.1455658097e-01
2.2792214142e+00 -8.1430675593e-01
2.2949098088e+00 -8.1398703360e-01
2.3106303058e+00 -8.1358058722e-01
2.3263519924e+00 -8.1307998290e-01
2.3421547155e+00 -8.1254435292e-01
2.3580303924e+00 -8.1191039273e-01
2.3739310730e+00 -8.1116250831e-01
2.3898436878e+00 -8.1034202566e-01
2.4057435882e+00 -8.0942428545e-01
2.4216755897e+00 -8.0838194648e-01
2.4376791887e+00 -8.0725118700e-01
2.4537432701e+00 -8.0603274880e-01
2.4698173852e+00 -8.0469906324e-01
2.4859770642e+00 -8.0330499376e-01
2.5021165601e+00 -8.0178301722e-01
2.5182545282e+00 -8.0016367077e-01
2.5343801194e+00 -7.9844790538e-01
2.5504850791e+00 -7.9663841995e-01
2.5666552759e+00 -7.9475598681e-01
2.5828543689e+00 -7.9274457601e-01
2.5990728051e+00 -7.9061157451e-01
2.6153076249e+00 -7.8839351070e-01
2.6314767913e+00 -7.8604068112e-01
2.6476768541e+00 -7.8356023856e-01
2.6639280780e+00 -7.8097554659e-01
2.6801337042e+00 -7.7827752298e-01
2.6962948333e+00 -7.7548410130e-01
2.7125319873e+00 -7.7264474757e-01
2.7287486699e+00 -7.6964559382e-01
2.7448980751e+00 -7.6650361919e-01
2.7610417085e+00 -7.6327490017e-01
2.7771555844e+00 -7.5995431297e-01
2.7932234978e+00 -7.5649463383e-01
2.8092828171e+00 -7.5289832073e-01
2.8253220631e+00 -7.4916771637e-01
2.8413532095e+00 -7.4531109910e-01
2.8573287178e+00 -7.4132780220e-01
2.8732594464e+00 -7.3722250280e-01
2.8891438606e+00 -7.3301050752e-01
2.9049531587e+00 -7.2868745801e-01
2.9207037079e+00 -7.2426024653e-01
2.9364503360e+00 -7.1970428449e-01
2.9521351586e+00 -7.1499477433e-01
2.9677682865e+00 -7.1015098922e-01
2.9833429406e+00 -7.0521745660e-01
2.9987750717e+00 -7.0013560137e-01
3.0141520283e+00 -6.9490304643e-01
3.0294919209e+00 -6.8954466321e-01
3.0447059569e+00 -6.8406200830e-01
3.0598067690e+00 -6.7846684059e-01
3.0749590409e+00 -6.7275502446e-01
3.0899614799e+00 -6.6687485380e-01
3.1048516424e+00 -6.6088564478e-01
3.1196403454e+00 -6.5480094840e-01
3.1343008192e+00 -6.4859021920e-01
3.1488520654e+00 -6.4221858175e-01
3.1632842178e+00 -6.3569007559e-01
3.1776216277e+00 -6.2901206860e-01
3.1919311595e+00 -6.2223655375e-01
3.2059889479e+00 -6.1533013606e-01
3.2199494437e+00 -6.0828094484e-01
3.2338015013e+00 -6.0109365113e-01
3.2474788320e+00 -5.9377826470e-01
3.2610953156e+00 -5.8632352134e-01
3.2744936047e+00 -5.7870475599e-01
3.2877381348e+00 -5.7098976738e-01
3.3008185681e+00 -5.6318325399e-01
3.3137324451e+00 -5.5529000144e-01
3.3265725242e+00 -5.4726324473e-01
3.3392007371e+00 -5.3905914186e-01
3.3516081433e+00 -5.3068104534e-01
3.3638783118e+00 -5.2218504691e-01
3.3760481864e+00 -5.1360841473e-01
3.3880032296e+00 -5.0494648496e-01
3.3997260274e+00 -4.9613445421e-01
3.4112307728e+00 -4.8717031880e-01
3.4225078197e+00 -4.7805963822e-01
3.4337162882e+00 -4.6879379852e-01
3.4447064345e+00 -4.5947740971e-01
3.4554268114e+00 -4.5004694397e-01
3.4659338000e+00 -4.4047866428e-01
3.4762180709e+00 -4.3077884582e-01
3.4862700383e+00 -4.2095373109e-01
3.4960973192e+00 -4.1100394516e-01
3.5057040683e+00 -4.0094277844e-01
3.5150912491e+00 -3.9078212735e-01
3.5242479520e+00 -3.8052903131e-01
3.5331659276e+00 -3.7018963313e-01
3.5418723984e+00 -3.5974024169e-01
3.5503294466e+00 -3.4911433748e-01
3.5584357136e+00 -3.3837866138e-01
3.5663345953e+00 -3.2758546007e-01
3.5740204569e+00 -3.1674192594e-01
3.5814684720e+00 -3.0584532918e-01
3.5886094869e+00 -2.9482275699e-01
3.5954447968e+00 -2.8366481128e-01
3.6019674771e+00 -2.7237840737e-01
3.6082315214e+00 -2.6095572327e-01
3.6143401357e+00 -2.4947033708e-01
3.6201313077e+00 -2.3799327992e-01
3.6255834022e+00 -2.2642200085e-01
3.6307139099e+00 -2.1474468548e-01
3.6355165506e+00 -2.0296892584e-01
3.6400575793e+00 -1.9105433379e-01
3.6444055592e+00 -1.7910236721e-01
3.6483861760e+00 -1.6715321507e-01
3.6520400308e+00 -1.5511867476e-01
3.6553618419e+00 -1.4300690274e-01
3.6583460179e+00 -1.3082606171e-01
3.6610809025e+00 -1.1849579482e-01
3.6635257782e+00 -1.0622752482e-01
3.6656352769e+00 -9.3892163153e-02
3.6674055303e+00 -8.1498285496e-02
3.6688323533e+00 -6.9054486281e-02
3.6699112411e+00 -5.6569378533e-02
3.6707075938e+00 -4.3970554775e-02
3.6711963979e+00 -3.1404960981e-02
3.6713420369e+00 -1.8800724020e-02
3.6711418184e+00 -6.1668210330e-03
3.6705927259e+00 6.4877377675e-03
3.6696954437e+00 1.9207044604e-02
3.6685432703e+00 3.1922086926e-02
3.6670314403e+00 4.4659403559e-02
3.6651584797e+00 5.7409890473e-02
3.6629225871e+00 7.0164398457e-02
3.6603216312e+00 8.2913733015e-02
3.6574000001e+00 9.5757026014e-02
3.6541914222e+00 1.0851448710e-01
3.6506211030e+00 1.2127491364e-01
3.6466888246e+00 1.3402897451e-01
3.6423940400e+00 1.4676727935e-01
3.6377142943e+00 1.5953303686e-01
3.6327654639e+00 1.7233084276e-01
3.6275059854e+00 1.8503566693e-01
3.6218683481e+00 1.9771018829e-01
3.6158534526e+00 2.1034500212e-01
3.6094618717e+00 2.2293062947e-01
3.6026673742e+00 2.3562246782e-01
3.5957155465e+00 2.4819365875e-01
3.5883998663e+00 2.6070025870e-01
3.5807020287e+00 2.7314980579e-01
3.5726242539e+00 2.8553281511e-01
3.5641638646e+00 2.9790599976e-01
3.5554808951e+00 3.1023780989e-01
3.5464949202e+00 3.2247391195e-01
3.5371141330e+00 3.3465589529e-01
3.5273419503e+00 3.4677450532e-01
3.5171868084e+00 3.5882618888e-01
3.5067496399e+00 3.7085211868e-01
3.4959877934e+00 3.8276425305e-01
3.4849958561e+00 3.9459924059e-01
3.4736454946e+00 4.0632330706e-01
3.4619416724e+00 4.1792713539e-01
3.4498598757e+00 4.2942240506e-01
3.4374979248e+00 4.4086488254e-01
3.4249123368e+00 4.5224746388e-01
3.4120070967e+00 4.6354043016e-01
3.3987027545e+00 4.7469175216e-01
3.3850691153e+00 4.8568998919e-01
3.3712000129e+00 4.9658485494e-01
3.3570589292e+00 5.0739084521e-01
3.3426532508e+00 5.1809871664e-01
3.3278364797e+00 5.2872091764e-01
3.3127644006e+00 5.3916153136e-01
3.2974807196e+00 5.4947095437e-01
3.2818976041e+00 5.5967045199e-01
3.2660233444e+00 5.6975137864e-01
3.2498860974e+00 5.7969703358e-01
3.2334511954e+00 5.8952044702e-01
3.2167785786e+00 5.9919130030e-01
3.1998418362e+00 6.0870826177e-01
3.1826521091e+00 6.1806208135e-01
3.1652202871e+00 6.2724334319e-01
3.1474182467e+00 6.3629476091e-01
3.1295384339e+00 6.4521130574e-01
3.1114151207e+00 6.5395855811e-01
3.0930123936e+00 6.6253595252e-01
3.0743417468e+00 6.7093481234e-01
3.0553995041e+00 6.7923559114e-01
3.0362875586e+00 6.8731078027e-01
3.0169487928e+00 6.9519046869e-01
2.9974586465e+00 7.0295865817e-01
2.9777544771e+00 7.1051538433e-01
2.9578756784e+00 7.1786505424e-01
2.9378415893e+00 7.2507683687e-01
2.9175826918e+00 7.3214453852e-01
2.8971126419e+00 7.3906055100e-01
2.8764448946e+00 7.4581709555e-01
2.8556370576e+00 7.5235368300e-01
2.8346630635e+00 7.5870277137e-01
2.8135371089e+00 7.6486023497e-01
2.7922752131e+00 7.7081824097e-01
2.7707815449e+00 7.7657936373e-01
2.7491470090e+00 7.8221178991e-01
2.7274977054e+00 7.8765147191e-01
2.7056851142e+00 7.9287658501e-01
2.6837257094e+00 7.9788005089e-01
2.6615910418e+00 8.0267854920e-01
2.6393444904e+00 8.0735146621e-01
2.6170858851e+00 8.1185827182e-01
2.5947165954e+00 8.1612788898e-01
2.5722021910e+00 8.2017764083e-01
2.5495601616e+00 8.2400114485e-01
2.5267865444e+00 8.2771506890e-01
2.5039988318e+00 8.3126010564e-01
2.4811529647e+00 8.3457300633e-01
2.4582679923e+00 8.3764764646e-01
2.4352745577e+00 8.4051042788e-01
2.4122449557e+00 8.4324116653e-01
2.3892066191e+00 8.4583542802e-01
2.3660882225e+00 8.4821951120e-01
2.3428715351e+00 8.5035609432e-01
2.3196138412e+00 8.5225723492e-01
2.2963708722e+00 8.5400748061e-01
2.2731438828e+00 8.5561534647e-01
2.2499211430e+00 8.5707260600e-01
2.2266122240e+00 8.5831303260e-01
2.2032281313e+00 8.5931946984e-01
2.1798520734e+00 8.6014758103e-01
2.1565588960e+00 8.6081615545e-01
2.1333401500e+00 8.6129301003e-01
2.1100889392e+00 8.6158264867e-01
2.0868127457e+00 8.6169825430e-01
2.0635105090e+00 8.6160380684e-01
2.0402603376e+00 8.6130631141e-01
2.0170743931e+00 8.6091553774e-01
1.9938524865e+00 8.6031600486e-01
1.9707108754e+00 8.5955855732e-01
1.9476864741e+00 8.5865924550e-01
1.9247037854e+00 8.5753193690e-01
1.9017189387e+00 8.5624428551e-01
1.8787626665e+00 8.5479130052e-01
1.8558894252e+00 8.5312766153e-01
1.8331405158e+00 8.5132440485e-01
1.8104298997e+00 8.4937099629e-01
1.7877759582e+00 8.4726372359e-01
1.7652009575e+00 8.4500147280e-01
1.7426921954e+00 8.4257556434e-01
1.7202248316e+00 8.3999178244e-01
1.6978715310e+00 8.3725300352e-01
1.6756561277e+00 8.3435924427e-01
1.6536025214e+00 8.3131038042e-01
1.6316967751e+00 8.2814323323e-01
1.6098067998e+00 8.2486682262e-01
1.5879594470e+00 8.2141231008e-01
1.5661933798e+00 8.1780911949e-01
1.5446070891e+00 8.1406966978e-01
1.5230788818e+00 8.1011230682e-01
1.5016855839e+00 8.0610879327e-01
1.4804455274e+00 8.0196881273e-01
1.4593826745e+00 7.9769399163e-01
1.4384796020e+00 7.9331293698e-01
1.4176337514e+00 7.8879716979e-01
1.3968592352e+00 7.8413378121e-01
1.3761825864e+00 7.7934647232e-01
1.3557003227e+00 7.7449238672e-01
1.3353589129e+00 7.6944388434e-01
1.3151234042e+00 7.6428960454e-01
1.2950593753e+00 7.5902835384e-01
1.2751860737e+00 7.5368045303e-01
1.2554132749e+00 7.4825465289e-01
1.2357413928e+00 7.4269356988e-01
1.2162050157e+00 7.3701059138e-01
1.1968924730e+00 7.3124848762e-01
1.1776213956e+00 7.2534715662e-01
1.1585577486e+00 7.1936548328e-01
1.1396105004e+00 7.1327609898e-01
1.1208594646e+00 7.0708191303e-01
1.1023186694e+00 7.0080033188e-01
1.0838671930e+00 6.9448884458e-01
1.0655186998e+00 6.8805080663e-01
1.0473101383e+00 6.8150422795e-01
1.0293273045e+00 6.7489551665e-01
1.0114296253e+00 6.6815873304e-01
9.9372865873e-01 6.6134972503e-01
9.7612704535e-01 6.5446032147e-01
9.5871319048e-01 6.4749690085e-01
9.4150953156e-01 6.4046562494e-01
9.2441658976e-01 6.3338447574e-01
9.0738356782e-01 6.2617617204e-01
8.9052044472e-01 6.1887048285e-01
8.7387737697e-01 6.1154836700e-01
8.5743383029e-01 6.0418516552e-01
8.4109985561e-01 5.9670667708e-01
8.2489262197e-01 5.8911728734e-01
8.0875932277e-01 5.8145301205e-01
7.9280809376e-01 5.7377913044e-01
7.7704100140e-01 5.6602171706e-01
7.6144171472e-01 5.5816674954e-01
7.4587694247e-01 5.5020237095e-01
7.3050507629e-01 5.4224659294e-01
7.1530044242e-01 5.3420706355e-01
7.0027348505e-01 5.2608123242e-01
6.8531982789e-01 5.1784469842e-01
6.7047638768e-01 5.0959870003e-01
6.5580839187e-01 5.0132467026e-01
6.4127798215e-01 4.9293724668e-01
6.2689873274e-01 4.8444149725e-01
6.1260631367e-01 4.7587233090e-01
5.9840979849e-01 4.6728615343e-01
5.8435609639e-01 4.5865981643e-01
5.7044451746e-01 4.4992024433e-01
5.5668541588e-01 4.4107408148e-01
5.4301115321e-01 4.3216468875e-01
5.2942290365e-01 4.2323044449e-01
5.1593281985e-01 4.1423980260e-01
5.0257514363e-01 4.0512465378e-01
4.8937892246e-01 3.9590804456e-01
4.7628422318e-01 3.8664104604e-01
4.6326103464e-01 3.7732564878e-01
4.5032046614e-01 3.6794965598e-01
4.3747844437e-01 3.5840463527e-01
4.2479039805e-01 3.4882098485e-01
4.1215382919e-01 3.3918023030e-01
3.9954314744e-01 3.2940215385e-01
3.8700204295e-01 3.1955656683e-01
3.7463512673e-01 3.0966969152e-01
3.6238068449e-01 2.9962339172e-01
3.5013579915e-01 2.8944051794e-01
3.3798430136e-01 2.7916723463e-01
3.2596816619e-01 2.6883703604e-01
3.1382478396e-01 2.5838916124e-01
3.0180707560e-01 2.4779653130e-01
2.8995619865e-01 2.3716158162e-01
2.7816407585e-01 2.2646471182e-01
2.6644781315e-01 2.1571979660e-01
2.5470966478e-01 2.0481161852e-01
2.4299033270e-01 1.9370398636e-01
2.3136277440e-01 1.8250255209e-01
2.1980312724e-01 1.7126093191e-01
2.0831320599e-01 1.5997734059e-01
1.9685737409e-01 1.4858960607e-01
1.8543644572e-01 1.3708951995e-01
1.7397711438e-01 1.2545608155e-01
1.6266249868e-01 1.1386938433e-01
1.5143607680e-01 1.0232832238e-01
1.4020625132e-01 9.0778921056e-02
1.2899101887e-01 7.9239695526e-02
