5.7775441000e+02
5.1836691123e+02
5.7770810106e+02
5.7766179212e+02
5.2166074646e+02
5.7761548318e+02
5.7756378693e+02
5.2495458227e+02
5.7751290491e+02
5.7747228535e+02
5.2824841807e+02
5.7743043318e+02
5.7737994114e+02
5.3038779790e+02
5.7732944910e+02
5.7728585973e+02
5.3101399492e+02
5.7723572231e+02
5.7718337045e+02
5.3164019194e+02
5.7712897851e+02
5.3339021167e+02
5.7707458658e+02
5.7700948904e+02
5.3622188619e+02
5.7694288267e+02
5.3736670469e+02
5.7687758700e+02
5.7681229132e+02
5.3850081963e+02
5.7672961992e+02
5.3958511046e+02
5.7664377639e+02
5.7655793287e+02
5.4043907620e+02
5.7647212982e+02
5.4171136706e+02
5.7636984231e+02
5.4329434239e+02
5.7626296302e+02
5.7615608373e+02
5.4470626946e+02
5.7604920443e+02
5.4555446374e+02
5.7591857925e+02
5.4655365010e+02
5.7578189550e+02
5.7564384849e+02
5.4781954437e+02
5.7549691502e+02
5.4908543864e+02
5.7532469125e+02
5.5005456772e+02
5.7514439459e+02
5.5093524093e+02
5.7497052296e+02
5.5185085488e+02
5.7480210169e+02
5.7460964551e+02
5.5276646884e+02
5.7439527350e+02
5.5373649331e+02
5.7417263184e+02
5.5482223989e+02
5.7394999018e+02
5.5572845155e+02
5.7369864739e+02
5.5660514054e+02
5.7343463101e+02
5.5748182952e+02
5.7317061463e+02
5.5831489276e+02
5.7290405371e+02
5.5907952451e+02
5.7258008678e+02
5.5984415625e+02
5.7226878187e+02
5.7195747696e+02
5.6060878800e+02
5.7164617204e+02
5.6127042699e+02
5.7130225391e+02
5.6194953097e+02
5.7094440574e+02
5.6265825162e+02
5.7056263834e+02
5.6336697227e+02
5.7016887188e+02
5.6404945343e+02
5.6973051738e+02
5.6468686420e+02
5.6927511077e+02
5.6525916664e+02
5.6881970417e+02
5.6583146909e+02
5.6839388456e+02
5.6638980617e+02
5.6793837710e+02
5.6690599648e+02
5.6742218679e+02
