1.3775999866e-04 2.2545507724e-05
1.3775999925e-04 2.2545508028e-05
1.1842675879e-03 7.2967328028e-04
7.2033520204e-01 -2.8717633672e-04
1.4216908447e+00 -1.1512751002e-03
1.5193329725e+00 -1.1824935188e-02
2.1042046880e+00 -2.5697507829e-03
2.7678767320e+00 -4.5426033846e-03
2.9008680954e+00 -4.1768983060e-02
3.4129992871e+00 -7.0731923816e-03
4.0406426221e+00 -1.0239399246e-02
4.1457896220e+00 -8.9102477583e-02
4.6509009930e+00 -1.4054247856e-02
5.2438483861e+00 -1.8409225142e-02
5.2576579708e+00 -1.5342558073e-01
5.8195622845e+00 -2.3352601910e-02
6.2979997575e+00 -2.2050594986e-01
6.3789896632e+00 -2.8934014389e-02
6.9222777017e+00 -3.5128147700e-02
7.2647149504e+00 -2.8465425705e-01
7.4493607401e+00 -4.1972613669e-02
7.9605266661e+00 -4.9439815924e-02
8.1553861391e+00 -3.5184591022e-01
8.4566238843e+00 -5.7606232573e-02
8.9377719222e+00 -6.6461944037e-02
8.9849772488e+00 -4.2559105055e-01
9.4039299470e+00 -7.5901926507e-02
9.7532316508e+00 -4.9776674315e-01
9.8552519177e+00 -8.5953787654e-02
1.0292618696e+01 -9.6691274966e-02
1.0463792219e+01 -5.6366777091e-01
1.0716159530e+01 -1.0810454173e-01
1.1125162938e+01 -6.2579193001e-01
1.1125874420e+01 -1.2019358795e-01
1.1521777712e+01 -1.3296042810e-01
1.1743693260e+01 -6.8550723120e-01
1.1904589203e+01 -1.4637871276e-01
1.2274663697e+01 -1.6042910726e-01
1.2319383187e+01 -7.4281367448e-01
1.2632001193e+01 -1.7511161158e-01
1.2854778714e+01 -7.9609843906e-01
1.2976601691e+01 -1.9042622573e-01
1.3308898985e+01 -2.0636472773e-01
1.3351443109e+01 -8.4365427478e-01
1.3629305693e+01 -2.2299576348e-01
1.3816565605e+01 -8.8704613171e-01
1.3937749656e+01 -2.4021065895e-01
1.4234496184e+01 -2.5796663744e-01
1.4249943096e+01 -9.2629415010e-01
1.4519588014e+01 -2.7627503223e-01
1.4650940007e+01 -9.6131326109e-01
1.4793564977e+01 -2.9520945666e-01
1.5023078089e+01 -9.9267284829e-01
1.5056589541e+01 -3.1477711269e-01
1.5308796681e+01 -3.3492075482e-01
1.5369153349e+01 -1.0194570084e+00
1.5550186498e+01 -3.5551162634e-01
1.5691205058e+01 -1.0423474482e+00
1.5780788259e+01 -3.7656016593e-01
1.5989233215e+01 -1.0613441677e+00
1.6001097406e+01 -3.9810827955e-01
1.6211254036e+01 -4.2015625708e-01
1.6263552738e+01 -1.0765440473e+00
1.6411258148e+01 -4.4270409851e-01
1.6517269780e+01 -1.0886642233e+00
1.6601159296e+01 -4.6566625341e-01
1.6750716241e+01 -1.0974884528e+00
1.6780920004e+01 -4.8896136926e-01
1.6950982024e+01 -5.1258151743e-01
1.6965203925e+01 -1.1030252134e+00
1.7111374532e+01 -5.3653153754e-01
1.7161403234e+01 -1.1056979379e+00
1.7262080449e+01 -5.6081673616e-01
1.7339934644e+01 -1.1053855541e+00
1.7403120929e+01 -5.8540282427e-01
1.7502368908e+01 -1.1025961908e+00
1.7534693725e+01 -6.1022466497e-01
1.7648782305e+01 -1.0974271403e+00
1.7656701547e+01 -6.3514649771e-01
1.7769174166e+01 -6.6012672656e-01
1.7779427110e+01 -1.0899664591e+00
1.7872111584e+01 -6.8516535151e-01
1.7895505707e+01 -1.0805319364e+00
1.7965532627e+01 -7.1024335208e-01
1.7997770883e+01 -1.0689505052e+00
1.8049626513e+01 -7.3535419823e-01
1.8087154375e+01 -1.0558441735e+00
1.8124058110e+01 -7.6045726225e-01
1.8163677317e+01 -1.0411622824e+00
1.8188697619e+01 -7.8526891867e-01
1.8227179751e+01 -1.0248196035e+00
1.8243545039e+01 -8.0978916748e-01
1.8278133933e+01 -1.0073342746e+00
1.8288684699e+01 -8.3396544047e-01
1.8317364688e+01 -9.8842596981e-01
1.8324068222e+01 -8.5785826949e-01
1.8345552041e+01 -9.6862249161e-01
1.8349509671e+01 -8.8149212599e-01
1.8362732379e+01 -9.4800905756e-01
1.8364485435e+01 -9.0443346760e-01
1.8368922042e+01 -9.2659274998e-01
