1.2697809194e-03 -2.0693649676e-06
8.4179521967e-04 -7.5197766477e-06
1.3025466821e-03 1.3639824680e-05
1.3186695941e-04 3.4051078582e-06
9.3993863010e-04 1.9230476751e-05
9.0687406117e-04 4.2005854746e-06
1.7042171164e-04 8.2691364114e-06
1.2878995260e-03 -5.1397228880e-06
8.2016706234e-04 7.9312572152e-06
1.2754656569e-03 -1.6121406825e-05
1.2659982753e-03 1.7904501175e-05
8.6372923664e-04 -1.5080881456e-05
1.3075989676e-03 3.1040624281e-05
9.2006625578e-05 5.1130744454e-07
9.5595043240e-04 3.1653862228e-05
8.8433109342e-04 -1.0320060631e-05
2.0905557819e-04 1.3274332428e-05
1.2784085088e-03 -2.3625029558e-05
7.9119682579e-04 1.8631780222e-05
1.2780170039e-03 -3.5055987637e-05
1.2529892658e-03 3.4588062002e-05
8.8358940647e-04 -3.0637844481e-05
1.3164370296e-03 5.1234701975e-05
9.2335170712e-05 -3.6051346062e-06
9.8435751002e-04 4.9655802983e-05
8.6208420925e-04 -2.1049625183e-05
2.4546088340e-04 2.0035773899e-05
1.2660866562e-03 -3.9719719742e-05
7.6159427587e-04 2.9341180878e-05
1.2762122499e-03 -5.4102736992e-05
1.2397667803e-03 5.1834695783e-05
9.0265144512e-04 -4.6639924607e-05
1.3205265989e-03 6.9754838379e-05
1.3577210395e-04 -8.9274333659e-06
1.0084221795e-03 6.4048783370e-05
8.2184722560e-04 -3.0286244021e-05
2.8140064318e-04 2.7638398684e-05
1.2415115092e-03 -5.5113541359e-05
7.2754818254e-04 4.2538322714e-05
1.2795856013e-03 -7.4374231553e-05
1.2233780067e-03 7.0857941442e-05
9.2635266064e-04 -6.5126776035e-05
1.3206616933e-03 9.3309504125e-05
1.7260630384e-04 -1.5758043412e-05
1.0241800420e-03 9.5355125314e-05
7.9477317884e-04 -4.1307829296e-05
3.1895867218e-04 4.1925739610e-05
1.2256704140e-03 -7.0682747471e-05
6.9780156176e-04 4.5850508569e-05
1.2681744325e-03 -8.6491038361e-05
1.2068546437e-03 8.1043037659e-05
9.2825989453e-04 -7.1399344397e-05
1.3212124328e-03 1.0782466334e-04
2.0984228830e-04 -2.0742535184e-05
1.0386879819e-03 9.8201922877e-05
7.6852998684e-04 -4.4563751198e-05
3.4945157961e-04 4.5214462670e-05
1.2081077735e-03 -8.0732417042e-05
6.6838860365e-04 6.1428140625e-05
1.2661333819e-03 -1.0379666573e-04
1.1931650696e-03 1.0367387373e-04
9.4812478587e-04 -8.6615610076e-05
1.3132882290e-03 1.2245545052e-04
2.4123198839e-04 -2.8485348663e-05
7.3218344236e-04 -6.2629165201e-05
1.0431057472e-03 1.0730993365e-04
1.1802121899e-03 -1.0311617873e-04
3.7892250122e-04 5.1611954398e-05
1.2433293121e-03 -1.1967072244e-04
6.4052673340e-04 6.2961897564e-05
9.4714226288e-04 -1.0144537220e-04
1.1808152882e-03 1.1221179794e-04
2.8222132795e-04 -3.8193742696e-05
1.3114735452e-03 1.4273214678e-04
7.0220541004e-04 -7.0654468902e-05
1.0533924957e-03 1.3087484719e-04
1.1588314735e-03 -1.1727927256e-04
4.0594419585e-04 6.5148688172e-05
1.2426097104e-03 -1.3750230769e-04
6.0148578119e-04 7.4529227306e-05
9.6233261584e-04 -1.1810124378e-04
1.1558061006e-03 1.3264655949e-04
3.0543977591e-04 -4.6959416533e-05
1.3022214332e-03 1.6032254937e-04
6.6223930344e-04 -7.6665934791e-05
1.0663453882e-03 1.4462066258e-04
1.1346072305e-03 -1.2960263427e-04
4.3950415222e-04 7.4634638597e-05
1.2292961712e-03 -1.5195291460e-04
5.5750772426e-04 8.0067839957e-05
9.5883135555e-04 -1.3170083462e-04
1.1201287294e-03 1.4613996812e-04
3.3225940123e-04 -5.5868915449e-05
1.2932346627e-03 1.7820952599e-04
6.3160742880e-04 -7.5313128649e-05
1.0739940334e-03 1.6271548978e-04
1.1116369101e-03 -1.3422884160e-04
4.6466684019e-04 8.6423815272e-05
1.2187261790e-03 -1.6682185647e-04
5.2615708202e-04 8.6019624116e-05
9.7195324341e-04 -1.4523821924e-04
1.1041836364e-03 1.6072136926e-04
3.6440575239e-04 -6.5199544565e-05
1.2774854197e-03 1.9263070979e-04
5.8925909550e-04 -8.3144323025e-05
1.0689746050e-03 1.7467049160e-04
1.0748584145e-03 -1.4860913373e-04
4.8504135946e-04 9.5115199031e-05
1.2010026241e-03 -1.8358029017e-04
4.9055418419e-04 7.6873028644e-05
9.7718081187e-04 -1.7357409349e-04
1.0802346190e-03 1.5489993536e-04
3.9243435288e-04 -8.4138624403e-05
1.2651730405e-03 2.1054549804e-04
5.5174396171e-04 -9.3401920798e-05
1.0781193976e-03 1.9971179001e-04
1.0438105358e-03 -1.6559044091e-04
5.1123029013e-04 1.1356709546e-04
1.1849700122e-03 -1.9413325196e-04
4.4418642851e-04 9.2950310126e-05
9.7222919927e-04 -1.7100687829e-04
1.0414089578e-03 1.8644915254e-04
4.1258634016e-04 -8.5187175788e-05
1.2480615769e-03 2.2753389615e-04
5.1932000562e-04 -9.3230754225e-05
1.0771538826e-03 2.0926327406e-04
1.0176782962e-03 -1.7100952647e-04
5.3218255418e-04 1.2087895254e-04
1.1638872073e-03 -2.0478111259e-04
4.0711203973e-04 9.2289897197e-05
9.7576707271e-04 -1.8525931787e-04
1.0150515659e-03 1.9356113915e-04
4.3767738613e-04 -9.6491776521e-05
4.8385002393e-04 -9.4358765751e-05
1.2303307911e-03 2.4096219751e-04
9.8866287154e-04 -1.7843306394e-04
1.0726900872e-03 2.2329170967e-04
1.1454168619e-03 -2.1631075425e-04
5.4903614583e-04 1.3202652474e-04
9.6903299466e-04 -1.9841372651e-04
3.6636183822e-04 9.1759493551e-05
4.5447641212e-04 -1.0747810949e-04
9.8366872014e-04 2.0226544220e-04
4.4781052878e-04 -9.5354486188e-05
1.2124656369e-03 2.5502760246e-04
9.5773178057e-04 -1.8557053432e-04
1.0719707456e-03 2.4117144080e-04
1.1228135000e-03 -2.2734619416e-04
5.6905347300e-04 1.4710562692e-04
9.6132535245e-04 -2.0970436535e-04
3.2484049196e-04 9.1197827209e-05
4.7103523203e-04 -1.1763706035e-04
9.4700956937e-04 2.1082738886e-04
4.1185377477e-04 -9.6501936688e-05
1.1889515247e-03 2.6885641979e-04
9.2529447667e-04 -1.9353075069e-04
1.0675323085e-03 2.5741984998e-04
1.1002121385e-03 -2.3713236572e-04
5.8621710901e-04 1.6085356130e-04
9.5471989462e-04 -2.1843691036e-04
2.8326167408e-04 8.9769833529e-05
4.8706139345e-04 -1.2571592813e-04
9.1001829983e-04 2.1929819641e-04
3.7588504723e-04 -9.5267055087e-05
1.1629161821e-03 2.7952661215e-04
8.9230795439e-04 -1.9898339764e-04
1.0561575266e-03 2.6477875500e-04
1.0763025597e-03 -2.4589710269e-04
5.9911397793e-04 1.6800330103e-04
9.4860337039e-04 -2.3048143127e-04
2.4689695770e-04 8.2196707441e-05
5.0329346880e-04 -1.3721413904e-04
8.7754873008e-04 2.1353766664e-04
3.3912573701e-04 -9.3345499299e-05
1.1392504152e-03 2.8727513988e-04
8.5623638856e-04 -2.0275359913e-04
1.0517933040e-03 2.8480283697e-04
1.0510563123e-03 -2.5393120557e-04
9.4274439141e-04 -2.4140013500e-04
6.1364629710e-04 1.8651957419e-04
5.1887702766e-04 -1.4803858056e-04
2.0000368715e-04 8.1127886861e-05
3.0026965127e-04 -9.0577958841e-05
8.3120872147e-04 2.2842722196e-04
8.1525797612e-04 -2.0553537630e-04
1.1081604295e-03 3.0211821234e-04
1.0242510006e-03 -2.6070283499e-04
1.0439552532e-03 3.0342250863e-04
9.3674050500e-04 -2.5027909882e-04
6.2896757412e-04 2.0543977991e-04
5.3413861259e-04 -1.5753618754e-04
1.5991226857e-04 7.6122838549e-05
2.6684130904e-04 -8.7706149228e-05
7.9353386672e-04 2.3153904938e-04
7.8362369001e-04 -2.0904552022e-04
1.0800614444e-03 3.1075383115e-04
9.9996004300e-04 -2.6742792812e-04
1.0205440917e-03 3.0746713557e-04
9.2301004890e-04 -2.5837879712e-04
6.2511703400e-04 2.0831475039e-04
5.4081281639e-04 -1.6649229462e-04
1.2266845777e-04 6.8606872496e-05
2.3370985378e-04 -8.4228986517e-05
7.5983840753e-04 2.3135218931e-04
7.5237449302e-04 -2.1167254144e-04
1.0519328632e-03 3.1709140314e-04
9.7256336346e-04 -2.7264721908e-04
1.0107178008e-03 3.2007654583e-04
9.0013062423e-04 -2.6542131987e-04
6.3729079945e-04 2.2216998358e-04
5.3997754136e-04 -1.7526774392e-04
8.3630904220e-05 6.1666648611e-05
2.0334983210e-04 -7.9169317244e-05
7.2309443045e-04 -2.1030782585e-04
7.2783293231e-04 2.3696111798e-04
9.4651005466e-04 -2.7617082395e-04
1.0256810160e-03 3.2656313166e-04
8.8481393601e-04 -2.7176796224e-04
9.8910042368e-04 3.3373457803e-04
5.4458417879e-04 -1.8309666824e-04
6.3595603661e-04 2.3888460544e-04
1.7097911335e-04 -7.4441070174e-05
4.8642655257e-05 5.4208646602e-05
6.8992694425e-04 -2.1284986764e-04
6.8247467861e-04 2.3455539101e-04
9.1793898649e-04 -2.8076199040e-04
9.8791252458e-04 3.2960792300e-04
8.6844799010e-04 -2.7584921922e-04
9.7202507133e-04 3.3325807103e-04
5.4889074776e-04 -1.8900093413e-04
6.3939829118e-04 2.3638631446e-04
1.4077695592e-04 -6.9294064662e-05
1.0109285348e-05 4.3252457832e-05
6.5894873463e-04 -2.1445277213e-04
6.4741483897e-04 2.3397506772e-04
8.9121338200e-04 -2.8453944593e-04
9.5806668772e-04 3.3415226299e-04
8.4693200455e-04 -2.7987964090e-04
9.5280902968e-04 3.4317663122e-04
5.4532147006e-04 -1.9521982472e-04
6.4136014956e-04 2.5056681559e-04
1.1207239682e-04 -6.2666082448e-05
6.2992539262e-04 -2.0917763893e-04
2.3030956082e-05 4.9366014422e-05
8.6462306667e-04 -2.8470917254e-04
6.0494742343e-04 2.3048225637e-04
8.3494195640e-04 -2.8803784094e-04
9.2114356277e-04 3.3570067092e-04
5.5256912578e-04 -2.0650324825e-04
9.3222979729e-04 3.4762648557e-04
7.9503846519e-05 -5.5907731145e-05
6.4200643846e-04 2.5678160751e-04
5.8683475070e-04 -2.0761814197e-04
4.9564105015e-05 5.8688786552e-05
8.3041583306e-04 -2.8673978092e-04
5.7467505912e-04 2.1575873336e-04
8.2059803178e-04 -2.9216139986e-04
8.9376485056e-04 3.3020124633e-04
5.5787116075e-04 -2.1279814946e-04
9.0974527024e-04 3.5808954766e-04
5.1555897684e-05 -4.8370215588e-05
6.3502120424e-04 2.7107767017e-04
5.5223490313e-04 -2.0543352617e-04
7.0951587661e-05 6.9432787187e-05
8.0010455455e-04 -2.8701180749e-04
5.3571193401e-04 2.2540966021e-04
7.9822878517e-04 -2.9108845235e-04
8.5914388318e-04 3.4256679319e-04
5.5079939701e-04 -2.1352281869e-04
6.1800169585e-05 -5.3238464400e-05
8.8373940956e-04 3.6607239144e-04
5.2948803914e-04 -2.0030575860e-04
6.2839489411e-04 2.8537446016e-04
7.7655260056e-04 -2.8606865247e-04
9.6371614237e-05 8.3362968502e-05
7.8006239474e-04 -2.9893051202e-04
4.8850367784e-04 2.1784825994e-04
5.5151904884e-04 -2.2694241006e-04
8.1231952129e-04 3.3828044435e-04
8.3770604039e-05 -6.3277211517e-05
8.6143678199e-04 3.6346543006e-04
4.9055392894e-04 -1.9721102829e-04
6.3151208915e-04 2.8192624179e-04
7.4274697621e-04 -2.8641185744e-04
1.1769049039e-04 8.8762585832e-05
7.6264483745e-04 -3.0069862046e-04
4.5617660216e-04 2.1220929495e-04
5.5038512335e-04 -2.3024790647e-04
7.8307979376e-04 3.3859307792e-04
1.0366606618e-04 -7.1472097276e-05
8.3451018673e-04 3.6674616759e-04
4.6353978730e-04 -1.9588605803e-04
6.1595030795e-04 2.8831242556e-04
7.1555370731e-04 -2.8690975649e-04
7.3501392285e-04 -2.9979305666e-04
1.3305209410e-04 9.8348805359e-05
5.3549348595e-04 -2.3262514590e-04
4.2099421531e-04 2.0497978560e-04
1.1986928926e-04 -8.0126662534e-05
7.4862620156e-04 3.3619396937e-04
4.3699770435e-04 -1.8705417811e-04
8.0796061340e-04 3.6927879475e-04
6.8956479314e-04 -2.8170865915e-04
6.0600720435e-04 2.9451251268e-04
7.1601724357e-04 -3.0198712938e-04
1.4839121578e-04 1.0742998165e-04
5.3212020624e-04 -2.3819110862e-04
3.8810098469e-04 2.0027972696e-04
1.3570332132e-04 -8.8565477299e-05
7.1525761340e-04 3.3549765528e-04
4.0460314377e-04 -1.8428755842e-04
7.7928014065e-04 3.6810972506e-04
6.5761003518e-04 -2.8127989824e-04
5.9823112073e-04 2.9820731984e-04
6.9432150240e-04 -3.0331754411e-04
5.2804981489e-04 -2.4523631338e-04
1.6585208087e-04 1.1692136279e-04
1.5062195878e-04 -9.7853525233e-05
3.5011023938e-04 1.9047061648e-04
3.6751649772e-04 -1.7799685998e-04
6.7505833048e-04 3.2904972014e-04
6.2082371751e-04 -2.7682393241e-04
7.5050487894e-04 3.6780633506e-04
6.7062799765e-04 -2.9937015896e-04
5.8298670058e-04 3.0250884567e-04
5.1582723651e-04 -2.4129396043e-04
1.7626153740e-04 1.2515188627e-04
1.6092936324e-04 -1.0242322713e-04
3.1888626055e-04 1.8024567463e-04
3.4662947993e-04 -1.7237928003e-04
6.4275144584e-04 3.2240609428e-04
5.9930184986e-04 -2.7374434937e-04
7.2288989261e-04 3.6656508661e-04
6.4806231903e-04 -2.9975881007e-04
5.7346354762e-04 3.1060224886e-04
5.0953523979e-04 -2.4848515777e-04
1.7242821124e-04 -1.1168169610e-04
1.8735639837e-04 1.3593632861e-04
3.1464440737e-04 -1.6449480958e-04
2.8309919824e-04 1.7228291473e-04
5.6628387496e-04 -2.6813077762e-04
6.0514962545e-04 3.1852010819e-04
6.2291631967e-04 -3.0043453721e-04
6.9183126281e-04 3.6374263731e-04
4.9326046538e-04 -2.5657260024e-04
5.4904445520e-04 3.0396107532e-04
1.7972607005e-04 -1.2257434654e-04
1.9141805517e-04 1.3888284323e-04
2.8828858593e-04 -1.6077553697e-04
2.5189342051e-04 1.6255557489e-04
5.3685516545e-04 -2.6574083821e-04
5.6888858594e-04 3.1063728613e-04
5.9765327512e-04 -2.9742239162e-04
6.6000791602e-04 3.5907222628e-04
4.7941581731e-04 -2.5241988452e-04
5.3551753542e-04 3.0686588274e-04
1.8514125145e-04 -1.2582053601e-04
2.6329660453e-04 -1.5426920342e-04
2.0000227249e-04 1.4710946287e-04
5.1023493188e-04 -2.6063393777e-04
2.1887986798e-04 1.5208707349e-04
5.7236943303e-04 -2.9324381023e-04
5.2997776414e-04 3.0169208115e-04
4.6570120852e-04 -2.5155353257e-04
6.2794288318e-04 3.5272769813e-04
1.9031230335e-04 -1.3110810582e-04
5.2194750700e-04 3.0457920798e-04
2.3759881845e-04 -1.4853426908e-04
2.0836862864e-04 1.5201703518e-04
4.8111502258e-04 -2.5601113706e-04
1.9205802275e-04 1.4106694706e-04
5.4571931249e-04 -2.8876619871e-04
4.9787492244e-04 2.9212437346e-04
4.4800860595e-04 -2.5015200721e-04
1.9193333683e-04 -1.3582539878e-04
5.9601908167e-04 3.4701074825e-04
2.1192455905e-04 -1.4076030930e-04
4.9813829493e-04 3.0222505936e-04
4.5154857912e-04 -2.4855622813e-04
2.0749313215e-04 1.5626205290e-04
5.1949578592e-04 -2.8475002673e-04
1.6207368432e-04 1.3072053877e-04
4.3535948232e-04 -2.5134003260e-04
4.6059881723e-04 2.8332398100e-04
1.9489225400e-04 -1.4149581791e-04
5.6194150653e-04 3.3990397000e-04
1.8616412979e-04 -1.3443810272e-04
4.7757278078e-04 3.0212084286e-04
4.2190707694e-04 -2.4325900468e-04
2.0807955924e-04 1.6261656081e-04
4.9209526587e-04 -2.7958417553e-04
1.3187787441e-04 1.1940791028e-04
4.1340003417e-04 -2.4753885271e-04
1.9196664049e-04 -1.4442340457e-04
4.2136006452e-04 2.7156285971e-04
1.6167629273e-04 -1.2664420672e-04
5.2624585034e-04 3.3073913542e-04
3.9097633979e-04 -2.3425734064e-04
4.5559284793e-04 2.9922654416e-04
4.6378288597e-04 -2.7348118093e-04
2.0699810642e-04 1.6779828777e-04
3.9893173062e-04 -2.4678043769e-04
1.0510921947e-04 1.0996070161e-04
1.9218219041e-04 -1.4827183261e-04
3.8595343069e-04 2.6123526339e-04
1.3503807620e-04 -1.1860546316e-04
4.8938065471e-04 3.2153838649e-04
3.5806656406e-04 -2.2643846916e-04
4.2714399123e-04 2.9509025878e-04
4.3474102437e-04 -2.6655920174e-04
3.7303104508e-04 -2.4128166899e-04
2.0029195842e-04 1.7152784222e-04
1.8369973868e-04 -1.4980767736e-04
7.9290298278e-05 9.9820261237e-05
1.1250472079e-04 -1.1181620515e-04
3.4927928675e-04 2.4855914922e-04
3.2848102063e-04 -2.1729540962e-04
4.5221827884e-04 3.0902146187e-04
4.0427249224e-04 -2.5896123711e-04
3.9696918204e-04 2.8139896336e-04
3.5491823429e-04 -2.3778308430e-04
1.9068609828e-04 1.6646950606e-04
1.8103543177e-04 -1.5222804089e-04
5.6415486409e-05 8.9908626346e-05
8.9814287711e-05 -1.0597735629e-04
2.9688770294e-04 -2.1025823952e-04
3.1557495712e-04 2.3799190997e-04
3.7148464747e-04 -2.5043880405e-04
4.1230121467e-04 2.9632995892e-04
3.2699550715e-04 -2.3276301550e-04
3.6491237648e-04 2.7459377845e-04
1.6900221120e-04 -1.5423518739e-04
1.7962014605e-04 1.6918634152e-04
6.6440921306e-05 -9.9976183202e-05
3.0363146482e-05 8.0104748297e-05
2.6447026071e-04 -2.0058125073e-04
2.7148569498e-04 2.2114387417e-04
3.3746801236e-04 -2.4080403654e-04
3.6732453594e-04 2.8044133712e-04
2.9877665168e-04 -2.2469699182e-04
3.2890071016e-04 2.6284153177e-04
1.5619746219e-04 -1.5248702982e-04
4.4245592346e-05 -9.2679723022e-05
1.6373891992e-04 1.6670119219e-04
2.3112930543e-04 -1.8826602716e-04
6.6980330392e-06 7.1432984844e-05
3.0066494017e-04 -2.2942740784e-04
2.3027940839e-04 2.0566206209e-04
2.7069805977e-04 -2.1799264585e-04
3.1912751290e-04 2.6231989703e-04
1.4333709964e-04 -1.5213259406e-04
2.8689906863e-04 2.4804412924e-04
2.0133542524e-05 -8.6886435761e-05
1.4196732157e-04 1.6208374590e-04
1.9217763063e-04 -1.7927996621e-04
-1.7977928345e-05 6.3227776110e-05
2.5859995570e-04 -2.1821989228e-04
2.3485137848e-04 -2.0986782469e-04
1.8461170007e-04 1.8807596274e-04
1.2215648828e-04 -1.5130374591e-04
2.6448648448e-04 2.4047174487e-04
-5.2907768313e-06 -8.2496483639e-05
2.3743341502e-04 2.2834601262e-04
1.5356302809e-04 -1.6895424117e-04
1.1333062418e-04 1.5341280756e-04
2.1332643945e-04 -2.0464585945e-04
-4.2358708263e-05 5.6123685861e-05
1.9405986370e-04 -1.9858242244e-04
1.3534719780e-04 1.6812601101e-04
9.6453376481e-05 -1.4758463295e-04
2.0055410269e-04 2.1294693306e-04
-3.2976270643e-05 -7.7313019035e-05
1.0570934900e-04 -1.5469581067e-04
1.7551019987e-04 2.0292510003e-04
1.5665575754e-04 -1.8742403283e-04
7.2636338299e-05 1.4106828164e-04
1.4209763681e-04 -1.8499680378e-04
-7.2908032637e-05 5.0530961890e-05
5.9829100975e-05 -1.4277372422e-04
7.0734734190e-05 1.4310563334e-04
-6.6235658038e-05 -7.5868071866e-05
1.1392854988e-04 1.7325723171e-04
5.3975785052e-05 -1.4551494420e-04
9.0137720809e-05 1.5579233868e-04
8.3537619963e-05 -1.6631972182e-04
6.3175063050e-05 -1.5123400573e-04
1.3088960268e-05 1.1349429581e-04
1.3000547926e-07 -1.2238705546e-04
-1.1077478466e-04 6.6337690188e-05
-1.0965202863e-04 -9.4257708349e-05
-9.3137599832e-06 1.9155939747e-04
1.9621975926e-06 -1.9630250967e-04
-1.0301841778e-05 1.5148866918e-04
-1.2788227988e-05 -1.4855559947e-04
-1.9840143294e-04 -1.6515463329e-06
-2.7477368079e-04 2.7245047556e-05
-3.0217221229e-04 -7.5128191927e-05
-4.0416480122e-04 1.1293715004e-04
-1.4601065279e-04 -5.0542254413e-05
-1.6667895762e-04 5.7119094485e-05
