1.0754050111e-06 1.6875273606e-08
3.1898969532e-01 -1.9997054809e-05
6.3115914144e-01 -8.6290607733e-05
9.3653680786e-01 -2.0054523062e-04
1.2351881694e+00 -3.6557827234e-04
1.5271161484e+00 -5.8686636170e-04
1.8123722997e+00 -8.6662755449e-04
2.0909900280e+00 -1.2108516375e-03
2.3629869117e+00 -1.6207952872e-03
2.6283928598e+00 -2.1000124034e-03
2.8872467735e+00 -2.6518536656e-03
3.1395588232e+00 -3.2763479767e-03
3.3853773998e+00 -3.9790224629e-03
3.6247112518e+00 -4.7620014690e-03
3.8576046214e+00 -5.6226682286e-03
4.0840565875e+00 -6.5676603387e-03
4.3041104533e+00 -7.5929017649e-03
4.5177724904e+00 -8.7044559074e-03
4.7250796589e+00 -9.8977057751e-03
4.9260382175e+00 -1.1175887509e-02
5.1206777606e+00 -1.2539935933e-02
5.3090087180e+00 -1.3985702511e-02
5.4910410477e+00 -1.5514068411e-02
5.6668080664e+00 -1.7121732961e-02
5.8363151773e+00 -1.8813417878e-02
5.9995899452e+00 -2.0579218847e-02
6.1566340790e+00 -2.2417949913e-02
6.3074516136e+00 -2.4332116445e-02
6.4520724141e+00 -2.6315553686e-02
6.5904967461e+00 -2.8362832862e-02
6.7227350896e+00 -3.0469488887e-02
6.8487911437e+00 -3.2634973114e-02
6.9686869390e+00 -3.4857338901e-02
7.0824063301e+00 -3.7128309705e-02
7.1899699076e+00 -3.9438632870e-02
7.2913656415e+00 -4.1785987250e-02
7.3866130716e+00 -4.4178398033e-02
7.4756987928e+00 -4.6598808760e-02
7.5586436556e+00 -4.9037112412e-02
7.6354196982e+00 -5.1491772521e-02
7.7060509127e+00 -5.3953501595e-02
7.7705258304e+00 -5.6418765901e-02
7.8288022423e+00 -5.8884828441e-02
7.8808898469e+00 -6.1338983110e-02
7.9268272812e+00 -6.3780167853e-02
7.9665323550e+00 -6.6196128749e-02
8.0000560676e+00 -6.8579642632e-02
8.0273581846e+00 -7.0930951463e-02
8.0484214603e+00 -7.3228669251e-02
8.0632230148e+00 -7.5476797132e-02
8.0717663523e+00 -7.7675368458e-02
8.0740136898e+00 -7.9800068544e-02
8.0699559157e+00 -8.1852158113e-02
8.0596093331e+00 -8.3828836086e-02
8.0428281355e+00 -8.5711414562e-02
8.0197774966e+00 -8.7493814681e-02
7.9902935569e+00 -8.9191215767e-02
7.9542406581e+00 -9.0774986728e-02
7.9117971461e+00 -9.2236934380e-02
7.8629119847e+00 -9.3564179963e-02
7.8074809942e+00 -9.4775713593e-02
7.7454405655e+00 -9.5852194419e-02
7.6768238884e+00 -9.6791569831e-02
7.6015669458e+00 -9.7570374556e-02
7.5196554232e+00 -9.8177739524e-02
7.4310065230e+00 -9.8672382141e-02
7.3355903238e+00 -9.8999682207e-02
7.2333838291e+00 -9.9131707785e-02
7.1243540412e+00 -9.9092104057e-02
7.0083954193e+00 -9.8863810360e-02
6.8855071605e+00 -9.8458375135e-02
6.7555998308e+00 -9.7871341264e-02
6.6186204515e+00 -9.7088279692e-02
6.4745827161e+00 -9.6114218355e-02
6.3233620636e+00 -9.4936213838e-02
6.1649207517e+00 -9.3565029872e-02
5.9992133743e+00 -9.1990772166e-02
5.8261637276e+00 -9.0208003463e-02
5.6457116470e+00 -8.8223257454e-02
5.4578119899e+00 -8.6035368434e-02
5.2623744643e+00 -8.3635425280e-02
5.0593389097e+00 -8.1029112141e-02
4.8486357372e+00 -7.8217569430e-02
4.6302047012e+00 -7.5197887054e-02
4.4039556692e+00 -7.1972211358e-02
4.1698155380e+00 -6.8541893787e-02
3.9277224127e+00 -6.4907646322e-02
3.6775905835e+00 -6.1074079268e-02
3.4193286380e+00 -5.7039266312e-02
3.1528612878e+00 -5.2807845260e-02
2.8780939315e+00 -4.8383291387e-02
2.5949492093e+00 -4.3767117716e-02
2.3033378294e+00 -3.8960245162e-02
2.0031595069e+00 -3.3969154680e-02
1.6943163464e+00 -2.8795945143e-02
1.3767070240e+00 -2.3440663227e-02
1.0502385759e+00 -1.7905076871e-02
7.1480446591e-01 -1.2207552964e-02
3.7028032491e-01 -6.3302043097e-03
1.6913357683e-02 -2.8957802418e-04
