4.6336898896e+02
4.6165394766e+02
7.0226284189e+02
4.5961197975e+02
7.0407937712e+02
4.5751211882e+02
4.5535647927e+02
7.0630693942e+02
4.5349653908e+02
7.0862877089e+02
4.5255424092e+02
7.1104253364e+02
4.5148595504e+02
7.1264444166e+02
4.4979179744e+02
7.1260378474e+02
4.4801581767e+02
4.4629040864e+02
7.1264142029e+02
4.4586484121e+02
7.1268802390e+02
4.4534150851e+02
7.1284983666e+02
4.4472093747e+02
7.1285433117e+02
4.4396886607e+02
7.1094066258e+02
4.4307939218e+02
7.0917523190e+02
4.4303066749e+02
7.0755981677e+02
4.4318475653e+02
4.4322335597e+02
7.0525681918e+02
4.4314642694e+02
7.0252808013e+02
4.4297592639e+02
6.9900904532e+02
4.4348342537e+02
6.9506480514e+02
4.4461757543e+02
6.9126716531e+02
4.4563487985e+02
6.8761994972e+02
4.4653431429e+02
6.8412683082e+02
4.4731497309e+02
4.4797607020e+02
6.7963976102e+02
4.4869533546e+02
6.7413631763e+02
4.5078556767e+02
6.6870276670e+02
4.5287545947e+02
6.6338625479e+02
4.5464382146e+02
6.5819213519e+02
4.5634466300e+02
6.5326180198e+02
4.5797627150e+02
6.4812894072e+02
4.5953700407e+02
6.4202469125e+02
4.6148365511e+02
6.3594659027e+02
4.6420847933e+02
6.2990075791e+02
4.6720580367e+02
6.2389328181e+02
4.7014499004e+02
4.7302307894e+02
6.1793021100e+02
4.7583717237e+02
6.1229991493e+02
4.7865529664e+02
6.0683787459e+02
4.8193024250e+02
6.0038111318e+02
4.8612365772e+02
5.9392513388e+02
4.9027370561e+02
5.8747643729e+02
4.9437620742e+02
5.8104151672e+02
4.9842703228e+02
5.7530047273e+02
5.0238224212e+02
5.7027873382e+02
5.0586863343e+02
5.6484239674e+02
5.1039569477e+02
5.5863362517e+02
5.1560052829e+02
5.5241109985e+02
5.2082581471e+02
5.4618108632e+02
5.2603058525e+02
5.4047414281e+02
5.3120959915e+02
5.3594478591e+02
