2.0913349684e+02
2.0931800518e+02
2.0949917069e+02
2.0967276400e+02
2.0983908965e+02
2.1000194587e+02
2.1015445765e+02
2.1030527561e+02
2.1044550027e+02
2.1058489587e+02
2.1071221196e+02
2.1083702236e+02
2.1095662869e+02
2.1106837714e+02
2.1117785149e+02
2.1127646935e+02
2.1137269646e+02
2.1146428607e+02
2.1154861560e+02
2.1162909903e+02
2.1170226402e+02
2.1177341336e+02
2.1183668806e+02
2.1189475906e+02
2.1194982212e+02
2.1199822573e+02
2.1204335505e+02
2.1208280848e+02
2.1211491453e+02
2.1214706558e+02
2.1217210261e+02
2.1219207715e+02
2.1220847528e+02
2.1221958761e+02
2.1222592005e+02
2.1222733984e+02
2.1222723861e+02
2.1222005681e+02
2.1220615801e+02
2.1219188350e+02
2.1217262160e+02
2.1214743186e+02
2.1211855347e+02
2.1208442303e+02
2.1204739991e+02
2.1200294936e+02
2.1195470219e+02
2.1190624982e+02
2.1185291389e+02
2.1178837497e+02
2.1172653318e+02
2.1165870957e+02
2.1158158001e+02
2.1150387442e+02
2.1142195772e+02
2.1133393352e+02
2.1124328813e+02
2.1114366271e+02
2.1104389011e+02
2.1093616871e+02
2.1082325053e+02
2.1071140130e+02
2.1058732807e+02
2.1046221925e+02
2.1033132948e+02
2.1019445439e+02
2.1005383028e+02
2.0990684992e+02
2.0975942806e+02
2.0959794779e+02
2.0943976665e+02
2.0927625157e+02
2.0909790476e+02
2.0892880961e+02
2.0875000220e+02
2.0855897402e+02
2.0837460664e+02
2.0817638759e+02
2.0798313193e+02
2.0777544523e+02
2.0757262385e+02
2.0737131331e+02
2.0714960635e+02
2.0694990040e+02
2.0672742018e+02
2.0651270785e+02
2.0630441230e+02
2.0608163393e+02
2.0588977219e+02
2.0566863537e+02
2.0546759769e+02
2.0529534482e+02
2.0507554106e+02
2.0494470420e+02
2.0480421825e+02
2.0466081435e+02
2.0461970272e+02
2.0467121029e+02
2.0486164528e+02
2.0616942383e+02
