2.1468890851e+01
2.1515521968e+01
2.1562153086e+01
2.1608784204e+01
2.1655415322e+01
2.1693730185e+01
2.1729427437e+01
2.1765124690e+01
2.1800821942e+01
2.1832271215e+01
2.1862786295e+01
2.1893301375e+01
2.1923816454e+01
2.1944649645e+01
2.1964794982e+01
2.1986852953e+01
2.2008835599e+01
2.2021744976e+01
2.2034654354e+01
2.2047563732e+01
2.2058021932e+01
2.2063712951e+01
2.2070896679e+01
2.2078080407e+01
2.2082775432e+01
2.2080915610e+01
2.2079122311e+01
2.2077687143e+01
2.2069681499e+01
2.2061943441e+01
2.2056136856e+01
2.2046095631e+01
2.2034186454e+01
2.2022277276e+01
2.2006387009e+01
2.1988817716e+01
2.1970954169e+01
2.1950931638e+01
2.1926376894e+01
2.1901138834e+01
2.1876168932e+01
2.1854053587e+01
2.1827726891e+01
2.1797912423e+01
2.1768097955e+01
2.1738283487e+01
2.1706322218e+01
2.1674187063e+01
2.1639684888e+01
2.1602248993e+01
2.1563959951e+01
2.1525670909e+01
2.1489470287e+01
2.1454177683e+01
2.1414731134e+01
2.1373502168e+01
2.1332273202e+01
2.1292339522e+01
2.1252918047e+01
2.1213098233e+01
2.1166769334e+01
2.1122898807e+01
2.1080811496e+01
2.1040145563e+01
2.1001643129e+01
2.0961156209e+01
2.0916532658e+01
2.0873409782e+01
2.0834634886e+01
2.0795859990e+01
2.0757085093e+01
2.0716754611e+01
2.0679063366e+01
2.0641372121e+01
2.0606431978e+01
2.0578260381e+01
2.0544745465e+01
2.0506854305e+01
2.0478652847e+01
2.0451068640e+01
2.0425452614e+01
2.0403359504e+01
2.0393669537e+01
2.0372692570e+01
2.0351553960e+01
2.0334443330e+01
2.0336028024e+01
2.0337612717e+01
2.0334629059e+01
2.0339506285e+01
2.0348691747e+01
2.0357722710e+01
2.0378256531e+01
2.0426163827e+01
2.0463196180e+01
2.0492555105e+01
2.0553108589e+01
2.0643578245e+01
2.0734047900e+01
2.0824517556e+01
