1.4245088135e+01
1.4251390370e+01
1.4257692605e+01
1.4263994839e+01
1.4270297074e+01
1.4275542527e+01
1.4280492500e+01
1.4285442473e+01
1.4290392446e+01
1.4295116102e+01
1.4299413101e+01
1.4303710100e+01
1.4308007099e+01
1.4311739812e+01
1.4314847207e+01
1.4317954602e+01
1.4321061997e+01
1.4323821885e+01
1.4326393930e+01
1.4328965975e+01
1.4331538020e+01
1.4333129588e+01
1.4334584344e+01
1.4336039100e+01
1.4337501624e+01
1.4338619131e+01
1.4339278104e+01
1.4339971946e+01
1.4340665788e+01
1.4341359630e+01
1.4340994863e+01
1.4340529592e+01
1.4340133739e+01
1.4339825773e+01
1.4338703760e+01
1.4337735482e+01
1.4336801626e+01
1.4335146455e+01
1.4333146425e+01
1.4331537193e+01
1.4329854706e+01
1.4327379314e+01
1.4324910601e+01
1.4322450393e+01
1.4319303691e+01
1.4315778514e+01
1.4312442088e+01
1.4309434125e+01
1.4306161679e+01
1.4302015941e+01
1.4297870202e+01
1.4293669938e+01
1.4289257621e+01
1.4284597007e+01
1.4279867274e+01
1.4274319878e+01
1.4268929325e+01
1.4263951048e+01
1.4258581182e+01
1.4252851267e+01
1.4246775866e+01
1.4240681480e+01
1.4233912614e+01
1.4227143748e+01
1.4220508827e+01
1.4214424857e+01
1.4207633075e+01
1.4200442312e+01
1.4193251548e+01
1.4185710709e+01
1.4177950016e+01
1.4170189324e+01
1.4163429060e+01
1.4156109227e+01
1.4148186491e+01
1.4140263756e+01
1.4132345877e+01
1.4124430916e+01
1.4116515954e+01
1.4110196048e+01
1.4105139453e+01
1.4097636498e+01
1.4090133544e+01
1.4083139440e+01
1.4076773391e+01
1.4072283413e+01
1.4069753234e+01
1.4066543324e+01
1.4063299176e+01
1.4068202309e+01
1.4070594833e+01
1.4071472089e+01
1.4084285911e+01
1.4095908056e+01
1.4119007957e+01
1.4146050258e+01
1.4168035863e+01
1.4226939324e+01
1.4300896878e+01
1.4374854432e+01
