4.6987003013e+01
4.7073758011e+01
4.7072459456e+01
4.6988163116e+01
4.7071160901e+01
4.6989323219e+01
4.7069862345e+01
4.6990483322e+01
4.7068503726e+01
4.6991664888e+01
4.7067177754e+01
4.6992863334e+01
4.7065851937e+01
4.6994061781e+01
4.7064534633e+01
4.6995260227e+01
4.7063217329e+01
4.6996467987e+01
4.7061733796e+01
4.6997615688e+01
4.7060299715e+01
4.6998763389e+01
4.7058916504e+01
4.6999911090e+01
4.7057536469e+01
4.7001056314e+01
4.7056304412e+01
4.7002166664e+01
4.7054977545e+01
4.7003207710e+01
4.7053538765e+01
4.7004239845e+01
4.7052221531e+01
4.7005212062e+01
4.7050984264e+01
4.7006184278e+01
4.7049746996e+01
4.7007156494e+01
4.7048556559e+01
4.7008083779e+01
4.7047379586e+01
4.7008990354e+01
4.7046185034e+01
4.7009896929e+01
4.7044990482e+01
4.7010777622e+01
4.7043936269e+01
4.7011577888e+01
4.7042934949e+01
4.7012376842e+01
4.7041896499e+01
4.7013154808e+01
4.7040822065e+01
4.7013858194e+01
4.7039899983e+01
4.7014542075e+01
4.7038964436e+01
4.7015269997e+01
4.7038024731e+01
4.7015965883e+01
4.7037238451e+01
4.7016586009e+01
4.7036440380e+01
4.7017217260e+01
4.7035609967e+01
4.7017848512e+01
4.7034825019e+01
4.7018366003e+01
4.7034122076e+01
4.7018870435e+01
4.7033419132e+01
4.7019374866e+01
4.7032708065e+01
4.7019891303e+01
4.7032091618e+01
4.7020406419e+01
4.7031487844e+01
4.7020924746e+01
4.7030884071e+01
4.7021434954e+01
4.7030321538e+01
4.7021838161e+01
4.7029806063e+01
4.7022258543e+01
4.7029290172e+01
4.7022702963e+01
4.7028772514e+01
4.7023120172e+01
4.7028316175e+01
4.7023523897e+01
4.7027849083e+01
4.7023927622e+01
4.7027360834e+01
4.7024325392e+01
4.7026884196e+01
4.7024754684e+01
4.7026443203e+01
4.7025183976e+01
4.7026029493e+01
4.7025613267e+01
