-1.7607624930e-05 -2.8624575557e-05
2.4577847904e-01 8.6317632991e-04
4.8599445715e-01 3.3761859044e-03
7.2058874778e-01 7.4829863176e-03
9.4954659640e-01 1.3148971404e-02
1.1728135004e+00 2.0281836746e-02
1.3903850598e+00 2.8841124959e-02
1.6022304780e+00 3.8756084578e-02
1.8083051203e+00 4.9966319511e-02
2.0085998561e+00 6.2422708817e-02
2.2030752208e+00 7.6049368540e-02
2.3917092967e+00 9.0808203902e-02
2.5744749603e+00 1.0662515334e-01
2.7513553855e+00 1.2344489406e-01
2.9223132367e+00 1.4121819639e-01
3.0873393290e+00 1.5987054218e-01
3.2464171036e+00 1.7935787689e-01
3.3995056451e+00 1.9961636779e-01
3.5466148739e+00 2.2058173186e-01
3.6877171615e+00 2.4221426489e-01
3.8227892220e+00 2.6442910489e-01
3.9518251998e+00 2.8718935595e-01
4.0748265369e+00 3.1043352253e-01
4.1917702196e+00 3.3408985665e-01
4.3026672933e+00 3.5811388345e-01
4.4075037311e+00 3.8244199875e-01
4.5062740572e+00 4.0701198317e-01
4.5989942439e+00 4.3177073873e-01
4.6856480808e+00 4.5666100820e-01
4.7662600959e+00 4.8161828734e-01
4.8408297715e+00 5.0658496330e-01
4.9093749972e+00 5.3150928992e-01
4.9719048329e+00 5.5632290073e-01
5.0284413733e+00 5.8097556963e-01
5.0790221004e+00 6.0540602888e-01
5.1236343456e+00 6.2955868474e-01
5.1623415654e+00 6.5337382923e-01
5.1951410268e+00 6.7678794353e-01
5.2220928991e+00 6.9975730981e-01
5.2432234453e+00 7.2221630897e-01
5.2585764090e+00 7.4410570312e-01
5.2681989595e+00 7.6537693485e-01
5.2721264036e+00 7.8597083453e-01
5.2704251502e+00 8.0583146866e-01
5.2631455325e+00 8.2491206086e-01
5.2503613692e+00 8.4314904941e-01
5.2320906295e+00 8.6048483473e-01
5.2084408547e+00 8.7688896244e-01
5.1794799102e+00 8.9229169373e-01
5.1452626095e+00 9.0664296026e-01
5.1058836739e+00 9.1990591071e-01
5.0614161365e+00 9.3202041528e-01
5.0119631631e+00 9.4294820391e-01
4.9575959601e+00 9.5264067157e-01
4.8984288106e+00 9.6105259032e-01
4.8345547363e+00 9.6814554344e-01
4.7660566447e+00 9.7387551641e-01
4.6930716565e+00 9.7819665345e-01
4.6157078928e+00 9.8109273591e-01
4.5340585800e+00 9.8252095183e-01
4.4482857897e+00 9.8241242805e-01
4.3584801630e+00 9.8080376826e-01
4.2647806553e+00 9.7763842287e-01
4.1673498374e+00 9.7284455379e-01
4.0662789177e+00 9.6647624620e-01
3.9617459787e+00 9.5847481195e-01
3.8539104247e+00 9.4882589055e-01
3.7428874527e+00 9.3752288176e-01
3.6288787864e+00 9.2456174088e-01
3.5120272762e+00 9.0993007495e-01
3.3925159031e+00 8.9364121490e-01
3.2705004621e+00 8.7568247599e-01
3.1461940627e+00 8.5607049009e-01
3.0197654426e+00 8.3482165662e-01
2.8914140655e+00 8.1195706228e-01
2.7613584043e+00 7.8750250836e-01
2.6298133111e+00 7.6149236949e-01
2.4969553701e+00 7.3395805664e-01
2.3630687441e+00 7.0494237736e-01
2.2283478940e+00 6.7449584024e-01
2.0931288586e+00 6.4274218087e-01
1.9575926025e+00 6.0968023843e-01
1.8220639758e+00 5.7542608559e-01
1.6868141340e+00 5.4005865407e-01
1.5521681045e+00 5.0369270863e-01
1.4184945051e+00 4.6644210974e-01
1.2861631095e+00 4.2846733723e-01
1.1555474638e+00 3.8992200278e-01
1.0270930986e+00 3.5096184992e-01
9.0132165944e-01 3.1181172438e-01
7.7878221067e-01 2.7265322336e-01
6.6007596381e-01 2.3389016951e-01
5.4602674202e-01 1.9572041521e-01
4.3739563909e-01 1.5854376537e-01
3.3530550976e-01 1.2287616907e-01
2.4108366504e-01 8.9300285785e-02
1.5659959516e-01 5.8658599643e-02
8.4349288956e-02 3.1837065443e-02
2.8790537174e-02 1.0884909980e-02
-2.3399084509e-04 -6.7488164330e-05
