-4.7283673122e-06 5.6731543229e-08
2.8211246991e-01 -7.9437411481e-04
5.5786775226e-01 -3.1442478288e-03
8.2715684903e-01 -6.9749291603e-03
1.0899809304e+00 -1.2224779671e-02
1.3462386233e+00 -1.8823671602e-02
1.5959116968e+00 -2.6719195161e-02
1.8389732828e+00 -3.5830393555e-02
2.0753739007e+00 -4.6108488306e-02
2.3051097167e+00 -5.7483907745e-02
2.5281372862e+00 -6.9891910197e-02
2.7444597546e+00 -8.3279545488e-02
2.9540664400e+00 -9.7573848064e-02
3.1569436263e+00 -1.1272847907e-01
3.3530993701e+00 -1.2867617617e-01
3.5425162614e+00 -1.4536225019e-01
3.7252195234e+00 -1.6273220640e-01
3.9012044706e+00 -1.8072462143e-01
4.0704803546e+00 -1.9929114734e-01
4.2330756799e+00 -2.1837313318e-01
4.3889746992e+00 -2.3791787596e-01
4.5382357305e+00 -2.5787700734e-01
4.6808402758e+00 -2.7819687995e-01
4.8168272817e+00 -2.9882836487e-01
4.9462112284e+00 -3.1972049936e-01
5.0690288429e+00 -3.4082481701e-01
5.1852838243e+00 -3.6209903429e-01
5.2950245144e+00 -3.8348737410e-01
5.3982555881e+00 -4.0495337357e-01
5.4950183887e+00 -4.2644091141e-01
5.5853455315e+00 -4.4791368340e-01
5.6692432385e+00 -4.6932902121e-01
5.7467763292e+00 -4.9063921824e-01
5.8179454428e+00 -5.1180254124e-01
5.8827886157e+00 -5.3277888358e-01
5.9413577238e+00 -5.5352838122e-01
5.9936545874e+00 -5.7400390764e-01
6.0397404040e+00 -5.9416902238e-01
6.0796331597e+00 -6.1398829348e-01
6.1133615254e+00 -6.3341285981e-01
6.1409821096e+00 -6.5240944556e-01
6.1625216838e+00 -6.7094075799e-01
6.1780269874e+00 -6.8896082581e-01
6.1875253185e+00 -7.0643741854e-01
6.1910514241e+00 -7.2333489856e-01
6.1886467342e+00 -7.3960813970e-01
6.1803570752e+00 -7.5522456045e-01
6.1662230412e+00 -7.7014692925e-01
6.1463042759e+00 -7.8433869303e-01
6.1206266248e+00 -7.9776049414e-01
6.0892268689e+00 -8.1037611798e-01
6.0521789828e+00 -8.2215461645e-01
6.0095308509e+00 -8.3305276016e-01
5.9613125566e+00 -8.4303638939e-01
5.9075848768e+00 -8.5207347578e-01
5.8484139231e+00 -8.6011961582e-01
5.7838790821e+00 -8.6715114837e-01
5.7139936971e+00 -8.7312951736e-01
5.6388489116e+00 -8.7801502781e-01
5.5585225142e+00 -8.8177361999e-01
5.4730635729e+00 -8.8437193417e-01
5.3825499888e+00 -8.8577635102e-01
5.2870789540e+00 -8.8595665061e-01
5.1867179196e+00 -8.8487917369e-01
5.0815593389e+00 -8.8251266954e-01
4.9716947467e+00 -8.7881785749e-01
4.8572278805e+00 -8.7377058982e-01
4.7382563741e+00 -8.6734881352e-01
4.6148833784e+00 -8.5951283731e-01
4.4872502577e+00 -8.5023907118e-01
4.3554731144e+00 -8.3950349616e-01
4.2196868230e+00 -8.2728914553e-01
4.0800326013e+00 -8.1356414752e-01
3.9366508739e+00 -7.9832219397e-01
3.7897324754e+00 -7.8153065995e-01
3.6394359056e+00 -7.6318495750e-01
3.4859565307e+00 -7.4328182606e-01
3.3294937610e+00 -7.2181355555e-01
3.1702624425e+00 -6.9877077030e-01
3.0085121094e+00 -6.7417452152e-01
2.8444923430e+00 -6.4801896346e-01
2.6784641950e+00 -6.2031933421e-01
2.5107425097e+00 -5.9111984572e-01
2.3416627348e+00 -5.6043671545e-01
2.1715791165e+00 -5.2833146922e-01
2.0008796148e+00 -4.9486214919e-01
1.8300020869e+00 -4.6009481119e-01
1.6594378639e+00 -4.2411297017e-01
1.4897494697e+00 -3.8703648830e-01
1.3215063960e+00 -3.4901712432e-01
1.1554328100e+00 -3.1021366314e-01
9.9232937606e-01 -2.7083871603e-01
8.3315187776e-01 -2.3118647716e-01
6.7907042553e-01 -1.9157691098e-01
5.3147860763e-01 -1.5242210684e-01
3.9209091256e-01 -1.1427751660e-01
2.6342002541e-01 -7.7987227877e-02
1.4901914814e-01 -4.4740483294e-02
5.5227856363e-02 -1.6129317310e-02
-2.9738845823e-06 -1.8423030383e-07
