2.7977168775e+01
7.2650321122e+01
2.6905400762e+01
4.6951740324e+01
2.6965747133e+01
2.7010117742e+01
2.7122402081e+01
4.6208858236e+01
2.7274242652e+01
2.7448157005e+01
4.5473593256e+01
2.7642784366e+01
4.4767016736e+01
2.7854607923e+01
2.8078782243e+01
4.4059653867e+01
2.8317833677e+01
2.8569190624e+01
4.3380844472e+01
2.8832732944e+01
4.2711410129e+01
2.9107533210e+01
2.9391240934e+01
4.2058221817e+01
2.9685518100e+01
4.1419090270e+01
2.9988926127e+01
4.0797519633e+01
3.0305478057e+01
3.0630264907e+01
4.0190163714e+01
3.0965625984e+01
3.9599159208e+01
3.1312928053e+01
3.9022749041e+01
3.1668714887e+01
3.8461673022e+01
3.2035627733e+01
3.2414127279e+01
3.7915362400e+01
3.2806067129e+01
3.7382281695e+01
3.3206035044e+01
3.6866541784e+01
3.3619466186e+01
3.6360222110e+01
3.4043539373e+01
3.5871542084e+01
3.4480459091e+01
3.5394085460e+01
3.4933456118e+01
