4.9824881408e-06 9.6676546140e-06
2.4214029260e-01 -2.9461658686e-04
4.7827797318e-01 -1.1544197046e-03
7.0843760203e-01 -2.5552859684e-03
9.3264303599e-01 -4.4848954850e-03
1.1509390824e+00 -6.9091624832e-03
1.3633322142e+00 -9.8091498690e-03
1.5698804823e+00 -1.3164276678e-02
1.7705977646e+00 -1.6949653153e-02
1.9655317043e+00 -2.1147783718e-02
2.1547202931e+00 -2.5731556710e-02
2.3381898424e+00 -3.0686134091e-02
2.5159883187e+00 -3.5988247923e-02
2.6881552070e+00 -4.1616369543e-02
2.8547202145e+00 -4.7556907490e-02
3.0157295297e+00 -5.3784863109e-02
3.1712386856e+00 -6.0282403988e-02
3.3212657095e+00 -6.7034449076e-02
3.4658703574e+00 -7.4017988745e-02
3.6050767605e+00 -8.1218071748e-02
3.7389311434e+00 -8.8618853453e-02
3.8674808158e+00 -9.6198713630e-02
3.9907494975e+00 -1.0394448756e-01
4.1088083234e+00 -1.1183793338e-01
4.2216610133e+00 -1.1986306377e-01
4.3293641100e+00 -1.2800461146e-01
4.4319550246e+00 -1.3624660907e-01
4.5294687194e+00 -1.4457376822e-01
4.6219324598e+00 -1.5297073985e-01
4.7093877035e+00 -1.6142162193e-01
4.7918805234e+00 -1.6990997091e-01
4.8694297420e+00 -1.7842725154e-01
4.9420749065e+00 -1.8695324528e-01
5.0098595665e+00 -1.9547491629e-01
5.0727882430e+00 -2.0398029971e-01
5.1308982645e+00 -2.1245159419e-01
5.1842308699e+00 -2.2087870047e-01
5.2327853982e+00 -2.2924254381e-01
5.2766368593e+00 -2.3753435484e-01
5.3157693600e+00 -2.4573908597e-01
5.3502212160e+00 -2.5384069100e-01
5.3800128856e+00 -2.6182903975e-01
5.4051568590e+00 -2.6968822965e-01
5.4256877855e+00 -2.7740221248e-01
5.4416255798e+00 -2.8496015245e-01
5.4529606052e+00 -2.9234639416e-01
5.4597425004e+00 -2.9954651088e-01
5.4619816891e+00 -3.0654977542e-01
5.4596807646e+00 -3.1333918213e-01
5.4528664315e+00 -3.1989879206e-01
5.4415502096e+00 -3.2622240520e-01
5.4257344000e+00 -3.3228257860e-01
5.4054251313e+00 -3.3807326296e-01
5.3806574258e+00 -3.4357964120e-01
5.3514370774e+00 -3.4878128584e-01
5.3177387663e+00 -3.5366880278e-01
5.2796154002e+00 -3.5821577065e-01
5.2370477956e+00 -3.6242500842e-01
5.1900721437e+00 -3.6626024037e-01
5.1386580747e+00 -3.6971532709e-01
5.0828478943e+00 -3.7277435506e-01
5.0226259839e+00 -3.7541332453e-01
4.9580222656e+00 -3.7762444285e-01
4.8890154134e+00 -3.7938061946e-01
4.8156516976e+00 -3.8066993117e-01
4.7379165610e+00 -3.8147102420e-01
4.6558253783e+00 -3.8176727964e-01
4.5693986939e+00 -3.8153775831e-01
4.4786420879e+00 -3.8076348545e-01
4.3835761098e+00 -3.7942468184e-01
4.2842194314e+00 -3.7750005109e-01
4.1805841192e+00 -3.7497557248e-01
4.0727102830e+00 -3.7182334906e-01
3.9605942174e+00 -3.6801762590e-01
3.8443200573e+00 -3.6355361683e-01
3.7238866141e+00 -3.5839719450e-01
3.5993354265e+00 -3.5253114332e-01
3.4707187174e+00 -3.4593234510e-01
3.3381123714e+00 -3.3857950304e-01
3.2015457474e+00 -3.3045484652e-01
3.0611149673e+00 -3.2153153087e-01
2.9169003230e+00 -3.1179613690e-01
2.7689899958e+00 -3.0121826071e-01
2.6174972842e+00 -2.8978752787e-01
2.4625648532e+00 -2.7749052287e-01
2.3043199127e+00 -2.6428748530e-01
2.1429445142e+00 -2.5019721082e-01
1.9786546803e+00 -2.3517846379e-01
1.8117027994e+00 -2.1925355405e-01
1.6423395299e+00 -2.0239962782e-01
1.4709304880e+00 -1.8462108825e-01
1.2979199211e+00 -1.6596491812e-01
1.1238247496e+00 -1.4639850394e-01
9.4929433060e-01 -1.2604932869e-01
7.7518415046e-01 -1.0493419841e-01
6.0276272621e-01 -8.3176319935e-02
4.3380461991e-01 -6.1121677966e-02
2.7097620100e-01 -3.8907621304e-02
1.1985719084e-01 -1.7275084999e-02
-3.5264183652e-04 3.8623405471e-05
