2.8438416856e+02
2.8438732476e+02
2.8439048096e+02
2.8439239315e+02
2.8439191912e+02
2.8439144508e+02
2.8438786702e+02
2.8438435956e+02
2.8438075772e+02
2.8437396235e+02
2.8436710000e+02
2.8435403336e+02
2.8434115298e+02
2.8433051004e+02
2.8431440106e+02
2.8429689548e+02
2.8427567967e+02
2.8425328816e+02
2.8423091009e+02
2.8420206065e+02
2.8417239304e+02
2.8413720592e+02
2.8410204499e+02
2.8406538974e+02
2.8402348869e+02
2.8398175099e+02
2.8393169902e+02
2.8388254607e+02
2.8382802327e+02
2.8377139613e+02
2.8371197215e+02
2.8365308181e+02
2.8358465980e+02
2.8351192252e+02
2.8343162134e+02
2.8335132017e+02
2.8327054981e+02
2.8319072897e+02
2.8310151788e+02
2.8301207611e+02
2.8292464685e+02
2.8282557066e+02
2.8272475914e+02
2.8262458065e+02
2.8251404832e+02
2.8240015171e+02
2.8228602131e+02
2.8217373164e+02
2.8205927279e+02
2.8194619549e+02
2.8182093003e+02
2.8169629980e+02
2.8157331616e+02
2.8144988800e+02
2.8132071244e+02
2.8119116421e+02
2.8106263953e+02
2.8093396580e+02
2.8079812509e+02
2.8065881101e+02
2.8053459367e+02
2.8040384170e+02
2.8026795517e+02
2.8013575420e+02
2.8000312850e+02
2.7987207244e+02
2.7974666464e+02
2.7962314143e+02
2.7949759305e+02
2.7937567286e+02
2.7925560629e+02
2.7913939352e+02
2.7902481592e+02
2.7891515402e+02
2.7881045087e+02
2.7870717875e+02
2.7861161569e+02
2.7851501415e+02
2.7842779604e+02
2.7833897689e+02
2.7826270569e+02
2.7819011501e+02
2.7811513246e+02
2.7805463083e+02
2.7799468896e+02
2.7794311700e+02
2.7789376482e+02
2.7785077739e+02
2.7781725749e+02
2.7778361931e+02
2.7775869809e+02
2.7773314236e+02
2.7771618920e+02
2.7770455678e+02
2.7769378194e+02
2.7768373956e+02
2.7767895764e+02
2.7766207068e+02
2.7767516659e+02
2.7766954348e+02
