4.8141566028e+02
4.8120708570e+02
4.8099851111e+02
4.8078856633e+02
4.8059532123e+02
4.8040207415e+02
4.8023665310e+02
4.8007228215e+02
4.7992151781e+02
4.7977421987e+02
4.7962962301e+02
4.7950748720e+02
4.7938971872e+02
4.7928769911e+02
4.7919401127e+02
4.7910679275e+02
4.7904255129e+02
4.7897272148e+02
4.7891752340e+02
4.7887461961e+02
4.7883366633e+02
4.7881895633e+02
4.7880437574e+02
4.7880541547e+02
4.7881944632e+02
4.7883397909e+02
4.7887130667e+02
4.7890602143e+02
4.7895628467e+02
4.7901861600e+02
4.7908082985e+02
4.7917260511e+02
4.7926213806e+02
4.7936477807e+02
4.7948113011e+02
4.7959829884e+02
4.7973283597e+02
4.7986737309e+02
4.8002053335e+02
4.8017929057e+02
4.8034031379e+02
4.8052675479e+02
4.8070869267e+02
4.8090527147e+02
4.8110701705e+02
4.8131992326e+02
4.8153053624e+02
4.8175550201e+02
4.8199549074e+02
4.8223049438e+02
4.8248079177e+02
4.8272800331e+02
4.8299240545e+02
4.8325030071e+02
4.8352232086e+02
4.8380588183e+02
4.8407283664e+02
4.8436545237e+02
4.8465806811e+02
4.8494780210e+02
4.8524289835e+02
4.8554263969e+02
4.8585119368e+02
4.8614599861e+02
4.8646211339e+02
4.8676936156e+02
4.8707636963e+02
4.8739553476e+02
4.8769837440e+02
4.8802153853e+02
4.8832762847e+02
4.8863609767e+02
4.8894878035e+02
4.8927086419e+02
4.8956766273e+02
4.8987646897e+02
4.9019318360e+02
4.9047373149e+02
4.9077890797e+02
4.9107100903e+02
4.9135169144e+02
4.9163757997e+02
4.9192491272e+02
4.9218665593e+02
4.9246946238e+02
4.9272488388e+02
4.9295747148e+02
4.9322442620e+02
4.9342940955e+02
4.9364251190e+02
4.9388353971e+02
4.9407495125e+02
4.9420708802e+02
4.9429454858e+02
4.9452227225e+02
4.9457022551e+02
4.9453934953e+02
4.9469278472e+02
4.9406429579e+02
4.9343580686e+02
