2.0099385972e+02
2.0110973180e+02
2.0122386884e+02
2.0133135530e+02
2.0143603830e+02
2.0153758385e+02
2.0163312500e+02
2.0172640355e+02
2.0181420741e+02
2.0190055947e+02
2.0197992909e+02
2.0205776065e+02
2.0213164888e+02
2.0220264456e+02
2.0227022260e+02
2.0233375712e+02
2.0239464880e+02
2.0245134658e+02
2.0250585039e+02
2.0255551307e+02
2.0260325280e+02
2.0264740071e+02
2.0268872395e+02
2.0272616130e+02
2.0276380093e+02
2.0279573341e+02
2.0282640088e+02
2.0285264865e+02
2.0287682492e+02
2.0289825217e+02
2.0291724640e+02
2.0293314445e+02
2.0294662897e+02
2.0295703518e+02
2.0296552493e+02
2.0297010828e+02
2.0297260133e+02
2.0297398456e+02
2.0297016585e+02
2.0296572826e+02
2.0295779125e+02
2.0294858109e+02
2.0293508997e+02
2.0292024937e+02
2.0290179456e+02
2.0288143963e+02
2.0285728637e+02
2.0283127784e+02
2.0280341768e+02
2.0277122782e+02
2.0273501890e+02
2.0269955516e+02
2.0265900958e+02
2.0261835785e+02
2.0257172596e+02
2.0252367974e+02
2.0246939759e+02
2.0241609859e+02
2.0235601491e+02
2.0229667998e+02
2.0223035739e+02
2.0216365588e+02
2.0209082402e+02
2.0201888480e+02
2.0193715325e+02
2.0185942876e+02
2.0176907215e+02
2.0168331583e+02
2.0158619212e+02
2.0148971380e+02
2.0138566198e+02
2.0128383714e+02
2.0117326697e+02
2.0105566112e+02
2.0094080301e+02
2.0081543104e+02
2.0069283141e+02
2.0055899786e+02
2.0042304913e+02
2.0028253930e+02
2.0014159878e+02
1.9999081392e+02
1.9984148443e+02
1.9967673303e+02
1.9952803411e+02
1.9935929560e+02
1.9919585963e+02
1.9902281235e+02
1.9886312696e+02
1.9868342708e+02
1.9850959693e+02
1.9833028155e+02
1.9816737392e+02
1.9798727421e+02
1.9785511266e+02
1.9768517181e+02
1.9757916507e+02
1.9729688084e+02
1.9769038065e+02
1.9892794627e+02
