1.7471041815e+02
1.7499675965e+02
1.7528310115e+02
1.7555735183e+02
1.7582578683e+02
1.7609181096e+02
1.7632870366e+02
1.7656576943e+02
1.7678276197e+02
1.7698992126e+02
1.7720373034e+02
1.7738878731e+02
1.7757693557e+02
1.7774301594e+02
1.7789850009e+02
1.7805844009e+02
1.7819147360e+02
1.7833022204e+02
1.7844501357e+02
1.7855175958e+02
1.7866397776e+02
1.7874393720e+02
1.7882513529e+02
1.7890161227e+02
1.7895712968e+02
1.7901733020e+02
1.7905080596e+02
1.7908955929e+02
1.7911295948e+02
1.7912910869e+02
1.7913137323e+02
1.7912548494e+02
1.7912607940e+02
1.7909713457e+02
1.7906820770e+02
1.7902598792e+02
1.7897861724e+02
1.7893384526e+02
1.7886625744e+02
1.7879549568e+02
1.7871237780e+02
1.7862003456e+02
1.7853424324e+02
1.7842734645e+02
1.7831560580e+02
1.7819517269e+02
1.7807037192e+02
1.7794427250e+02
1.7778902226e+02
1.7764927915e+02
1.7749787884e+02
1.7733545030e+02
1.7716238838e+02
1.7698798532e+02
1.7681358225e+02
1.7662019464e+02
1.7642490408e+02
1.7623436442e+02
1.7602650561e+02
1.7581384331e+02
1.7558488323e+02
1.7537777609e+02
1.7515882784e+02
1.7491998670e+02
1.7466546289e+02
1.7443530905e+02
1.7419829949e+02
1.7395582925e+02
1.7369019905e+02
1.7343224053e+02
1.7318029399e+02
1.7291528697e+02
1.7264992325e+02
1.7238641574e+02
1.7212914576e+02
1.7187711153e+02
1.7159592188e+02
1.7131862202e+02
1.7106002802e+02
1.7082171273e+02
1.7057076295e+02
1.7029374764e+02
1.7003206211e+02
1.6980294209e+02
1.6960477089e+02
1.6940055552e+02
1.6913389189e+02
1.6893954006e+02
1.6875987776e+02
1.6861014920e+02
1.6847768715e+02
1.6832394865e+02
1.6830505297e+02
1.6820289439e+02
1.6810749341e+02
1.6839690444e+02
1.6833456038e+02
1.6846650692e+02
1.6916186287e+02
1.6985721883e+02
