3.1048183180e+02
3.1047711375e+02
3.1047231603e+02
3.1046655339e+02
3.1046170119e+02
3.1045618174e+02
3.1044980263e+02
3.1044314750e+02
3.1043739241e+02
3.1043196006e+02
3.1042432659e+02
3.1041648199e+02
3.1040800645e+02
3.1039902125e+02
3.1039022566e+02
3.1038149245e+02
3.1036960344e+02
3.1035736486e+02
3.1034550063e+02
3.1033348436e+02
3.1032029351e+02
3.1030576863e+02
3.1029036373e+02
3.1027386255e+02
3.1025651537e+02
3.1024008373e+02
3.1022363234e+02
3.1020234141e+02
3.1018339686e+02
3.1016199769e+02
3.1013647992e+02
3.1011009337e+02
3.1007934868e+02
3.1005767364e+02
3.1002877337e+02
3.0999604365e+02
3.0997437364e+02
3.0994226303e+02
3.0990870922e+02
3.0987580208e+02
3.0984142860e+02
3.0980639220e+02
3.0976858231e+02
3.0973500917e+02
3.0969838786e+02
3.0965592364e+02
3.0961467125e+02
3.0957732079e+02
3.0953571612e+02
3.0949356778e+02
3.0945118124e+02
3.0940866534e+02
3.0936512338e+02
3.0932111734e+02
3.0927707121e+02
3.0923413773e+02
3.0919046328e+02
3.0914482708e+02
3.0910115813e+02
3.0905693093e+02
3.0901314110e+02
3.0896858640e+02
3.0892533816e+02
3.0888415158e+02
3.0884153703e+02
3.0880107271e+02
3.0876091020e+02
3.0872044014e+02
3.0868205566e+02
3.0864554487e+02
3.0860960750e+02
3.0857585789e+02
3.0854222523e+02
3.0851075321e+02
3.0848127722e+02
3.0845383431e+02
3.0842811081e+02
3.0840407910e+02
3.0838197490e+02
3.0836187861e+02
3.0834387128e+02
3.0832898588e+02
3.0831582900e+02
3.0830491240e+02
3.0829768951e+02
3.0829153577e+02
3.0828867062e+02
3.0828760181e+02
3.0828896687e+02
3.0829229997e+02
3.0829838364e+02
3.0830586751e+02
3.0831625861e+02
3.0832845011e+02
3.0834144985e+02
3.0835717717e+02
3.0837282662e+02
3.0839069875e+02
3.0840731524e+02
3.0842561265e+02
