3.0155242903e-04 -2.2515093455e-07
4.8357385473e-04 3.6653274105e-07
3.9680412725e-05 9.5854184963e-08
5.0292321253e-04 1.2687231892e-06
3.4696115269e-04 -4.1837228406e-07
3.5955456260e-04 1.5221502673e-06
4.9730942635e-04 -1.4239564490e-06
5.5512581907e-05 4.7044151158e-07
4.8614467177e-04 -2.0778653813e-06
2.9684895542e-04 1.7702475582e-06
3.1077231146e-04 -1.6850558951e-06
4.8535914057e-04 3.1900019196e-06
2.2881060303e-05 -2.6242403072e-08
5.0734611591e-04 3.7114108652e-06
3.3828485480e-04 -2.3090150762e-06
3.7115887547e-04 3.1851765848e-06
4.9224093387e-04 -4.0710917638e-06
7.3373809289e-05 6.9584852163e-07
4.8670109069e-04 -4.7137393128e-06
2.8189599935e-04 1.7290622822e-06
3.1994793554e-04 -3.5196007353e-06
4.7848798917e-04 4.3955797780e-06
6.3488310951e-06 4.5902715754e-09
5.1469528984e-04 6.6508225438e-06
3.2313479346e-04 -3.7944687958e-06
3.8552699163e-04 5.8785052432e-06
4.8393287057e-04 -6.4751373603e-06
8.9809716259e-05 1.6162784771e-06
4.8470250702e-04 -7.3631284244e-06
2.7029313993e-04 4.0070466459e-06
3.2431458614e-04 -5.4573748786e-06
4.7498788772e-04 7.7548922916e-06
6.7281812664e-06 -6.7928048461e-08
5.1874951623e-04 9.5099224706e-06
3.1548516779e-04 -5.3191826423e-06
3.9269586504e-04 7.9766498299e-06
4.8004161413e-04 -8.9005018393e-06
1.0234094774e-04 2.2364019755e-06
4.8432134920e-04 -9.8052144887e-06
2.6491991646e-04 4.6124180805e-06
3.3134018725e-04 -7.1777596789e-06
4.7861208399e-04 9.7096489293e-06
2.2721787576e-05 -4.7270121559e-07
3.0368263393e-04 -6.9001025377e-06
5.2258517848e-04 1.2515000182e-05
4.7328780767e-04 -1.1402237693e-05
3.9966025920e-04 1.0434843292e-05
4.8557539935e-04 -1.2368321030e-05
1.1630320364e-04 3.3630961823e-06
3.4116989488e-04 -9.1495095295e-06
2.5506750609e-04 6.9099920780e-06
3.7793394559e-05 -1.0241804546e-06
4.7611044260e-04 1.3396713693e-05
2.9066977505e-04 -7.9195431402e-06
5.2399982696e-04 1.5592986013e-05
4.6664590708e-04 -1.3514235885e-05
4.0557312220e-04 1.2960452885e-05
4.7888660623e-04 -1.4752952386e-05
1.3036456452e-04 4.5692219505e-06
3.4230195598e-04 -1.1117620139e-05
2.4115350294e-04 7.8568255462e-06
7.7731077071e-05 -2.6402444737e-06
4.6858678482e-04 1.5745485105e-05
2.3918580958e-04 -8.1188099435e-06
5.2666346372e-04 1.8644834845e-05
4.0611883711e-04 -1.4204540165e-05
4.1798058450e-04 1.5688915326e-05
4.8033174037e-04 -1.7161503386e-05
1.4709653364e-04 5.9318750386e-06
3.7659602599e-04 -1.3861138546e-05
2.2895427211e-04 8.7894858274e-06
7.6570957290e-05 -2.9408962041e-06
4.6388886562e-04 1.8238116797e-05
2.6394859969e-04 -9.9424052108e-06
5.3027776198e-04 2.1733546381e-05
4.4765790725e-04 -1.7505106435e-05
4.2998253791e-04 1.8426246527e-05
4.7995519704e-04 -1.9729419922e-05
1.6288665334e-04 7.4209080610e-06
3.5823947520e-04 -1.5507425349e-05
2.1597776795e-04 9.8197366815e-06
8.2358729554e-05 -3.7426682228e-06
4.5846765540e-04 2.0874297859e-05
2.5232431379e-04 -1.0735725950e-05
5.3152253314e-04 2.4443169272e-05
4.4123554115e-04 -1.9484011330e-05
4.4126787391e-04 2.0782523734e-05
4.7879426999e-04 -2.2125543092e-05
1.7940447000e-04 8.7058380885e-06
3.6393385720e-04 -1.7486529894e-05
2.0389793063e-04 9.1007490534e-06
9.4897288759e-05 -4.7781199913e-06
4.5560037627e-04 2.1627861336e-05
2.3935838703e-04 -1.1569287755e-05
5.3769808933e-04 2.7972656650e-05
4.3268089777e-04 -2.1467937154e-05
4.3878291955e-04 2.4370102283e-05
4.7490926055e-04 -2.4554854961e-05
1.8527278727e-04 1.0979461275e-05
3.6911275436e-04 -2.0147113321e-05
1.9837717695e-04 1.1320759867e-05
1.0867105869e-04 -6.3435510144e-06
4.6089662208e-04 2.6211191901e-05
2.2544713560e-04 -1.1995813150e-05
5.3462911897e-04 3.0940265029e-05
4.2297182510e-04 -2.3037896393e-05
4.7265918278e-04 -2.7114628891e-05
4.5514768105e-04 2.6795214001e-05
3.7518100836e-04 -2.3196344952e-05
2.0583337244e-04 1.2420825661e-05
1.2043984649e-04 -7.9856748552e-06
1.7789947360e-04 1.0300053871e-05
2.1399703969e-04 -1.2563901423e-05
4.4545692216e-04 2.6637295347e-05
4.1817726936e-04 -2.4892555406e-05
5.3703065820e-04 3.3915448117e-05
4.7003281959e-04 -2.8659604087e-05
4.5818604437e-04 2.9966756712e-05
3.7291632317e-04 -2.3067805044e-05
2.1677331749e-04 1.4735117160e-05
1.3108753177e-04 -8.2615047929e-06
1.6326681998e-04 1.1085454705e-05
2.0195772108e-04 -1.2833837837e-05
4.3570464960e-04 2.9623038175e-05
4.0743778870e-04 -2.6337378738e-05
5.3594793175e-04 3.7333320493e-05
4.6277904513e-04 -3.0678580429e-05
4.6989150605e-04 3.3896348589e-05
3.7729382900e-04 -2.6387742324e-05
2.3400183703e-04 1.7588876524e-05
1.4280485920e-04 -1.0518526448e-05
1.4888758779e-04 1.1112347502e-05
1.8763822216e-04 -1.2947109403e-05
4.2910136625e-04 3.1705470818e-05
3.9873987831e-04 -2.7709706211e-05
5.3538202411e-04 4.0459613113e-05
4.6138115795e-04 -3.2721123729e-05
4.7150481312e-04 3.6603472412e-05
3.7976873991e-04 -2.7475043568e-05
2.4312195535e-04 1.9488712972e-05
1.5340485043e-04 -1.1332830930e-05
1.3305623887e-04 1.0782924991e-05
1.7554182413e-04 -1.2883964817e-05
3.8975522285e-04 -2.8934065613e-05
4.1870830552e-04 3.3534471937e-05
4.5443001552e-04 -3.4257909853e-05
5.3228326944e-04 4.3188140565e-05
3.8156576437e-04 -2.9283929207e-05
4.8312412173e-04 3.9626348373e-05
1.6447340996e-04 -1.2875991433e-05
2.6163067951e-04 2.1862289305e-05
1.6053885643e-04 -1.2554357485e-05
1.1655075087e-04 1.0083467858e-05
3.7737523282e-04 -2.9797516985e-05
4.0729585361e-04 3.4971485804e-05
4.5126475618e-04 -3.6280796707e-05
5.3088128541e-04 4.6164902531e-05
3.8265691404e-04 -3.1450403870e-05
4.8161181581e-04 4.2811338260e-05
1.7270942701e-04 -1.4571623726e-05
2.6650981552e-04 2.4418560216e-05
1.4572236026e-04 -1.2165012875e-05
1.0251871265e-04 9.6368242622e-06
3.6611588317e-04 -3.0683886535e-05
4.0406635387e-04 3.6980757592e-05
4.4549246160e-04 -3.8005438135e-05
5.3126020823e-04 4.9456916987e-05
3.8368169386e-04 -3.3409565939e-05
4.8769313409e-04 4.6675763600e-05
1.8239881747e-04 -1.6268812999e-05
2.7974624196e-04 2.7626543934e-05
1.3451559806e-04 -1.1866308506e-05
3.5833922861e-04 -3.1698489144e-05
8.6687636430e-05 8.8244239817e-06
4.3941814763e-04 -3.9602606794e-05
3.9129018689e-04 3.8293093826e-05
3.8496800484e-04 -3.5512372354e-05
5.2663210142e-04 5.2167970098e-05
1.9165788866e-04 -1.8120633934e-05
4.9255280282e-04 4.9523130134e-05
1.1923955594e-04 -1.1180127160e-05
2.9114777713e-04 2.9872997402e-05
3.4505811723e-04 -3.2272895884e-05
6.9486144242e-05 7.5140461435e-06
4.3444102887e-04 -4.1194162428e-05
3.8387988097e-04 3.9868149719e-05
3.8457673207e-04 -3.6957585729e-05
5.2633410777e-04 5.5243245818e-05
1.9799108302e-04 -1.9357839124e-05
4.9313488630e-04 5.2585009091e-05
1.0561708022e-04 -1.0432190966e-05
2.9778531795e-04 3.2463336317e-05
3.3572192716e-04 -3.3048786492e-05
5.4416981194e-05 6.3740856727e-06
4.2756167316e-04 -4.2555570599e-05
3.7034825503e-04 4.0769334605e-05
3.8390436035e-04 -3.8751635297e-05
2.0623220159e-04 -2.1207784486e-05
5.1914970504e-04 5.7678352610e-05
9.3733256996e-05 -9.7320029590e-06
5.0359099356e-04 5.6726583126e-05
3.2569606690e-04 -3.3509483062e-05
3.1804869948e-04 3.6510191676e-05
4.2097075946e-04 -4.3883893816e-05
3.7019975745e-05 4.7405269254e-06
3.8428198776e-04 -4.0871432197e-05
3.5686836473e-04 4.1518166048e-05
2.1437308925e-04 -2.3319704104e-05
5.1301246366e-04 6.0050775351e-05
8.0265203526e-05 -8.8013622820e-06
5.0708634428e-04 5.9828583426e-05
3.1424427274e-04 -3.3787265296e-05
3.2960876648e-04 3.9416835126e-05
4.1405265803e-04 -4.5053522719e-05
2.0542915232e-05 2.9002603457e-06
3.8294583429e-04 -4.2338672298e-05
3.4750451706e-04 4.2413704532e-05
2.2121709304e-04 -2.4883334142e-05
5.1027687488e-04 6.2760286198e-05
6.8713482615e-05 -7.8425895881e-06
3.0415667170e-04 -3.4168540477e-05
5.0349256726e-04 6.2761935050e-05
4.0631233737e-04 -4.6084008950e-05
3.2963948227e-04 4.1912714626e-05
3.8358871673e-04 -4.3966397931e-05
3.4171893974e-06 1.0689040941e-06
2.2862850834e-04 -2.6560241100e-05
3.3946004765e-04 4.3563146822e-05
5.2608566584e-05 -6.3348365019e-06
5.0664712573e-04 6.5491501024e-05
2.9471200147e-04 -3.4486418234e-05
5.0675959298e-04 6.6434264993e-05
4.0146016350e-04 -4.7374158389e-05
3.4185096304e-04 4.5679454821e-05
3.8041660164e-04 -4.5542237216e-05
1.1986143627e-05 2.3124932389e-06
2.3243205203e-04 -2.8339661929e-05
3.2568814428e-04 4.4084185249e-05
4.0416864391e-05 -5.2176236345e-06
2.8233696092e-04 -3.4339599596e-05
4.9963926653e-04 6.7773136336e-05
3.9206820392e-04 -4.8088570652e-05
5.1074338342e-04 6.9684020550e-05
3.7909773064e-04 -4.7228145118e-05
3.5477425025e-04 4.9000655295e-05
2.3925177424e-04 -3.0343868261e-05
2.8672773786e-05 4.5546961655e-06
2.6027476727e-05 -3.6203337000e-06
3.1678598713e-04 4.4187386968e-05
2.7196365083e-04 -3.4355620205e-05
4.9562049960e-04 6.9894545106e-05
3.8798838642e-04 -4.9295476749e-05
5.0816290827e-04 7.3033684657e-05
3.7534516869e-04 -4.8133470506e-05
3.5720281597e-04 5.2358216955e-05
2.4009066673e-04 -3.1174043672e-05
4.2518274248e-05 6.9572876897e-06
1.5429157439e-05 -2.3046478866e-06
2.5945598209e-04 -3.3917597228e-05
3.0343608218e-04 4.4738784673e-05
3.7744363444e-04 -4.9645110171e-05
4.8866406468e-04 7.2265540886e-05
3.7208207126e-04 -4.9500933453e-05
5.0646695414e-04 7.5536155026e-05
2.4545427498e-04 -3.3145091719e-05
3.6205669492e-04 5.4708437314e-05
3.1277969902e-06 -8.0872937211e-07
5.8812571349e-05 9.4702908190e-06
2.5005870604e-04 -3.3825081395e-05
2.9276789780e-04 4.4971823479e-05
3.7034208387e-04 -5.0381108032e-05
4.8291738447e-04 7.4445671457e-05
3.6960061482e-04 -5.0871845681e-05
5.0604779360e-04 7.8801092797e-05
2.5042697119e-04 -3.5024264528e-05
8.9459280229e-06 -1.8383293586e-06
3.6921608494e-04 5.8441999716e-05
2.3827558881e-04 -3.3393635850e-05
7.4723482608e-05 1.2550017657e-05
3.6220372901e-04 -5.1123854753e-05
2.7787863061e-04 4.4511451718e-05
3.6541072719e-04 -5.3541711769e-05
4.7354365713e-04 7.6061902422e-05
2.5207789303e-04 -3.8769756645e-05
5.0550136322e-04 8.2039234451e-05
2.0686344971e-05 -4.1410268603e-06
3.7500449702e-04 6.1864270191e-05
2.2455775737e-04 -3.3011856071e-05
8.7371147079e-05 1.5240793147e-05
3.5189466343e-04 -5.1362038265e-05
2.6679023831e-04 4.4625095109e-05
3.6224075721e-04 -5.2799002970e-05
2.5576875648e-04 -3.7399864221e-05
4.6845197220e-04 7.8338536084e-05
3.2047187907e-05 -4.9210664248e-06
5.0196900634e-04 8.4690602347e-05
2.1420255248e-04 -3.1799571271e-05
3.7463525509e-04 6.4238016411e-05
3.4428128717e-04 -5.1299858401e-05
9.9464532819e-05 1.7767427916e-05
3.5791717484e-04 -5.3801204487e-05
2.5525402738e-04 4.3974835649e-05
2.5667734433e-04 -3.9121234582e-05
4.6098985324e-04 7.9662886789e-05
4.1185257057e-05 -6.6873308061e-06
5.0066818410e-04 8.7583390554e-05
2.0369050626e-04 -3.1181317839e-05
3.3618015566e-04 -5.1578418505e-05
3.8808894031e-04 6.9127910762e-05
3.5258571702e-04 -5.4589947820e-05
1.1717305223e-04 2.1827001649e-05
2.5813409728e-04 -4.0547174584e-05
2.3371894905e-04 4.2622625760e-05
5.2506218455e-05 -8.8754870494e-06
4.4337457577e-04 8.0269384201e-05
1.9290388221e-04 -3.0677441480e-05
4.9854017502e-04 9.0263668172e-05
3.2686817511e-04 -5.1970075995e-05
3.9298694259e-04 7.1758908580e-05
3.4780605020e-04 -5.6530688568e-05
1.2902704580e-04 2.4458806718e-05
2.6006826862e-04 -4.4070496106e-05
6.1092099994e-05 -1.1555132854e-05
2.2514789854e-04 4.2253008211e-05
1.8154670876e-04 -2.9610371554e-05
4.4133467175e-04 8.2522182162e-05
3.1841185114e-04 -5.1876605582e-05
4.9441517255e-04 9.3546952761e-05
3.4304800683e-04 -5.7840418459e-05
3.8945054652e-04 7.5635777804e-05
2.6093673763e-04 -4.6388758009e-05
1.3759864792e-04 2.7888635622e-05
7.0900123622e-05 -1.3899746261e-05
2.1195892489e-04 4.1280986708e-05
1.6826912587e-04 -2.9069145388e-05
3.0613194340e-04 -5.1769700733e-05
4.3210910236e-04 8.3450652349e-05
3.3756443344e-04 -5.6604356914e-05
4.8976980941e-04 9.4808186674e-05
2.6178837713e-04 -4.3899332357e-05
3.9837076351e-04 7.7476978537e-05
7.8150143098e-05 -1.3421655998e-05
1.5391287062e-04 3.0401146607e-05
1.5787582548e-04 -2.7031791472e-05
1.9493829868e-04 3.8992597420e-05
2.9864446551e-04 -5.0980397424e-05
4.1615358259e-04 8.3060956393e-05
3.3242880328e-04 -5.7022120915e-05
2.6158062698e-04 -4.5488639967e-05
4.8234812283e-04 9.6577265489e-05
8.6677310386e-05 -1.5639425209e-05
4.0380657165e-04 8.1751395045e-05
1.4847039667e-04 -2.6177183924e-05
1.6686792350e-04 3.4576020936e-05
2.8965743965e-04 -5.0722683574e-05
1.7942544187e-04 3.7228566433e-05
3.2530231303e-04 -5.7276120432e-05
4.0455271450e-04 8.3396020959e-05
2.6184856852e-04 -4.6686546792e-05
4.7650495247e-04 9.8833345311e-05
9.4606834461e-05 -1.7457411353e-05
1.3594678318e-04 -2.4691728324e-05
3.9879819084e-04 8.4022979902e-05
2.7789258122e-04 -4.9956200136e-05
1.7278593278e-04 3.7362526290e-05
3.1913235518e-04 -5.7582202212e-05
1.6694693543e-04 3.5919601407e-05
2.6050366445e-04 -4.7580780829e-05
3.9661301584e-04 8.4443789544e-05
1.0050874555e-04 -1.9003829777e-05
4.7015210979e-04 1.0067280709e-04
1.2502857298e-04 -2.3390270500e-05
3.9421563164e-04 8.5279346323e-05
2.6825313692e-04 -4.9451935301e-05
3.1229864188e-04 -5.7752571111e-05
1.7857128809e-04 3.9348283603e-05
2.5885029188e-04 -4.8566106415e-05
1.5421015681e-04 3.3839747405e-05
1.0631053920e-04 -2.0689711583e-05
3.8758054117e-04 8.4642548240e-05
1.1487427455e-04 -2.2118750667e-05
4.6178080946e-04 1.0186426086e-04
2.5889142417e-04 -4.8849085224e-05
3.9789450035e-04 8.9263706127e-05
3.0456748510e-04 -5.7647255693e-05
2.5547064138e-04 -4.9179141402e-05
1.9048298493e-04 4.3860997572e-05
1.1043946034e-04 -2.1957978350e-05
1.3269046427e-04 3.1147627201e-05
1.0377050461e-04 -2.0278424194e-05
3.6376390950e-04 8.3329770943e-05
2.4887784632e-04 -4.7715617890e-05
4.5269924179e-04 1.0316105474e-04
2.9815925706e-04 -5.7481739963e-05
3.9884957718e-04 9.0986193918e-05
2.5243050829e-04 -4.9269968304e-05
2.0033983413e-04 4.6251676129e-05
1.1517336325e-04 -2.3138045840e-05
9.5116911404e-05 -1.9167977837e-05
1.1982124446e-04 2.8420644574e-05
2.3982442801e-04 -4.7169069150e-05
3.5257698685e-04 8.2375060704e-05
2.8871464429e-04 -5.6944635125e-05
4.4283952564e-04 1.0365186563e-04
2.5029800867e-04 -4.9958729962e-05
3.9286968217e-04 9.2737479397e-05
1.2102280718e-04 -2.4858371011e-05
2.0449495576e-04 4.9174775679e-05
8.3103604693e-05 -1.7381774939e-05
2.2502510377e-04 -4.5430815972e-05
1.0469022903e-04 2.5897511692e-05
2.8043145350e-04 -5.6510968499e-05
3.3739326420e-04 8.1280986881e-05
2.4634155096e-04 -5.0106896554e-05
4.3072145703e-04 1.0401090760e-04
1.2329771707e-04 -2.5772127195e-05
3.8696519038e-04 9.4600805219e-05
7.4355490951e-05 -1.5985146550e-05
2.0869890597e-04 5.2109142619e-05
2.1852655117e-04 -4.4988191575e-05
2.7256500787e-04 -5.6019187096e-05
8.9131372206e-05 2.2917433588e-05
2.4076390035e-04 -5.0106921622e-05
3.2049356965e-04 7.9439807980e-05
1.2534550182e-04 -2.6815999378e-05
4.1824474719e-04 1.0398127336e-04
6.4627199421e-05 -1.4196686310e-05
3.8119416816e-04 9.5658426867e-05
2.0615030036e-04 -4.3125914243e-05
2.1270693669e-04 5.4426711303e-05
2.6154743037e-04 -5.4802095670e-05
2.3760231634e-04 -5.0300861193e-05
7.4906533317e-05 2.0415381216e-05
1.2905257669e-04 -2.8088271387e-05
3.0361282270e-04 7.8210968441e-05
5.4632367058e-05 -1.2714369936e-05
4.0198127256e-04 1.0319187751e-04
1.9631333667e-04 -4.2386795058e-05
3.7261004044e-04 9.6342533048e-05
2.5229227333e-04 -5.4434079351e-05
2.3067916166e-04 -5.0616064269e-05
2.1538666488e-04 5.6690259845e-05
1.2925088934e-04 -2.9505659258e-05
5.8543083582e-05 1.6539524070e-05
4.4875277698e-05 -1.1614092750e-05
2.7887565026e-04 7.3501804542e-05
1.8371543024e-04 -4.1341973426e-05
3.8315362557e-04 1.0076339473e-04
2.4148936280e-04 -5.3438640310e-05
3.6739533529e-04 9.6736410299e-05
2.1946016016e-04 -4.8932565810e-05
1.2569234672e-04 -2.9058477170e-05
2.2050809257e-04 5.9008590651e-05
3.7827713396e-05 -9.8930030046e-06
4.7829162363e-05 1.5799154474e-05
1.7137589393e-04 -3.8263619684e-05
2.7457324203e-04 7.8543219525e-05
2.2773097420e-04 -5.1523476222e-05
3.6758260153e-04 1.0224370848e-04
2.1461054110e-04 -5.3410746473e-05
3.3722135851e-04 9.4233879621e-05
1.2835739704e-04 -3.5310161137e-05
2.5186314620e-05 -8.8251403762e-06
2.0160752808e-04 5.8184988664e-05
1.5165666924e-04 -3.7230986646e-05
3.2748497090e-05 1.1199624928e-05
2.1257614966e-04 -4.9628267624e-05
2.4412737875e-04 6.7995605931e-05
2.0388771991e-04 -4.6086819061e-05
3.3815051437e-04 9.3654444498e-05
1.2439631014e-04 -2.8390574493e-05
2.0156370339e-05 -6.8789150954e-06
3.2304645438e-04 8.9585671261e-05
1.4806822994e-04 -3.6952069359e-05
2.0194805777e-04 5.6504294905e-05
2.0166095846e-04 -4.9016311204e-05
2.0294614991e-05 8.1397024891e-06
1.8952166939e-04 -4.8643470099e-05
2.1963958967e-04 6.5387654357e-05
1.1801263516e-04 -3.3405048960e-05
1.2089708272e-05 -6.8539428987e-06
3.0512554693e-04 8.7339101915e-05
1.2638850758e-04 -3.3885392338e-05
2.8013546939e-04 7.4323438086e-05
1.7773466978e-04 -4.3433206951e-05
1.7072913987e-04 4.4716894913e-05
1.6479991752e-04 -3.1348922609e-05
1.1317113148e-05 1.4514089023e-05
1.0214873667e-04 -1.7313983239e-05
1.2789059561e-05 -1.5711697755e-05
2.1989320392e-04 8.8222428684e-05
1.5987852200e-04 -7.1116228102e-05
2.7142958952e-04 9.3917846055e-05
1.8316188016e-04 -6.5150495463e-05
1.6880370879e-04 4.9329068541e-05
7.5162329832e-05 -3.1099814373e-05
6.1829574796e-05 1.4551432260e-05
-4.9885422370e-06 -1.5958858585e-05
-7.2239058572e-06 -1.0350511148e-06
-5.3073846120e-06 -2.6691944325e-06
