2.6793344750e+02
2.6787809619e+02
2.7100118891e+02
2.7095496177e+02
2.7090873462e+02
2.7086250748e+02
2.7081628034e+02
2.7077139190e+02
2.7072894121e+02
2.7068649051e+02
2.7064403982e+02
2.7060450379e+02
2.7056547165e+02
2.7052435690e+02
2.7048324215e+02
2.7044212740e+02
2.7040026445e+02
2.7035824131e+02
2.7031811045e+02
2.7028096737e+02
2.7024274612e+02
2.7020270089e+02
2.7016265566e+02
2.7012261042e+02
2.7007978931e+02
2.7003584606e+02
2.6999286698e+02
2.6994988790e+02
2.6990690882e+02
2.6986164845e+02
2.6981560330e+02
2.6976955815e+02
2.6972351301e+02
2.6967637921e+02
2.6962613364e+02
2.6957558820e+02
2.6952504275e+02
2.6947449731e+02
2.6942141248e+02
2.6936825233e+02
2.6931221916e+02
2.6925601720e+02
2.6919837216e+02
2.6913962438e+02
2.6908087661e+02
2.6902212884e+02
2.6896289173e+02
2.6890027183e+02
2.6883765194e+02
2.6877503204e+02
2.6871237947e+02
2.6864915915e+02
2.6858593884e+02
2.6852271852e+02
2.6845845883e+02
2.6839064910e+02
2.6832434138e+02
2.6825803366e+02
2.6819172594e+02
2.6812607161e+02
2.6806157994e+02
2.6799708826e+02
2.6782179460e+02
2.6776272927e+02
2.6770366393e+02
2.6764835914e+02
2.6759922674e+02
2.6755009434e+02
2.6750096195e+02
2.6744751225e+02
2.6740495608e+02
2.6736410355e+02
2.6732325102e+02
2.6729500359e+02
2.6727626381e+02
2.6725121499e+02
2.6721854635e+02
2.6719521864e+02
2.6717940728e+02
2.6717620988e+02
2.6717465631e+02
2.6717733518e+02
2.6719312138e+02
2.6720890757e+02
2.6722469377e+02
2.6724841904e+02
2.6728596619e+02
2.6732351333e+02
2.6736106047e+02
2.6743215706e+02
2.6750398915e+02
2.6756650408e+02
2.6763151249e+02
2.6772030722e+02
2.6781290137e+02
2.6790849961e+02
2.6803565432e+02
2.6816488389e+02
2.6828239636e+02
2.6840786390e+02
