4.4019602602e+02
4.4002203549e+02
4.3985008484e+02
4.3969209494e+02
4.3953998717e+02
4.3939267564e+02
4.3925584925e+02
4.3912085117e+02
4.3899861913e+02
4.3888143425e+02
4.3877655351e+02
4.3867402458e+02
4.3858207429e+02
4.3850099324e+02
4.3842240536e+02
4.3835577954e+02
4.3829618621e+02
4.3824547282e+02
4.3820411823e+02
4.3816686768e+02
4.3814224599e+02
4.3812707523e+02
4.3811589983e+02
4.3811780747e+02
4.3812630243e+02
4.3814383197e+02
4.3817186702e+02
4.3820496208e+02
4.3824779037e+02
4.3830387277e+02
4.3836700967e+02
4.3843489515e+02
4.3851529250e+02
4.3860574680e+02
4.3870311178e+02
4.3880873740e+02
4.3892566004e+02
4.3904786306e+02
4.3918168026e+02
4.3932462639e+02
4.3947329537e+02
4.3963448949e+02
4.3980130814e+02
4.3997640653e+02
4.4015846500e+02
4.4035276429e+02
4.4055333250e+02
4.4076014730e+02
4.4097868684e+02
4.4120289028e+02
4.4143487730e+02
4.4167237938e+02
4.4192035689e+02
4.4217460969e+02
4.4243190094e+02
4.4270170041e+02
4.4297696753e+02
4.4325236307e+02
4.4354251749e+02
4.4383193180e+02
4.4412753717e+02
4.4443352534e+02
4.4473887526e+02
4.4505175967e+02
4.4537405670e+02
4.4569142877e+02
4.4602151919e+02
4.4634836451e+02
4.4668515229e+02
4.4701578066e+02
4.4735999917e+02
4.4769792212e+02
4.4804404301e+02
4.4838958522e+02
4.4873622946e+02
4.4908737850e+02
4.4943155278e+02
4.4978673882e+02
4.5013483584e+02
4.5048407830e+02
4.5083471032e+02
4.5118113884e+02
4.5153357178e+02
4.5187157730e+02
4.5221158914e+02
4.5256027058e+02
4.5287976836e+02
4.5322513107e+02
4.5353504873e+02
4.5385961823e+02
4.5416622623e+02
4.5445026546e+02
4.5474657522e+02
4.5502236459e+02
4.5523953886e+02
4.5544893588e+02
4.5558406802e+02
4.5570617297e+02
4.5594776470e+02
4.5390750956e+02
