2.8400130971e+02
2.8400476330e+02
2.8400821688e+02
2.8401033536e+02
2.8400989286e+02
2.8400945036e+02
2.8400582662e+02
2.8400226860e+02
2.8399861087e+02
2.8399157910e+02
2.8398447890e+02
2.8397101229e+02
2.8395769010e+02
2.8394666375e+02
2.8392993228e+02
2.8391178781e+02
2.8388979587e+02
2.8386656736e+02
2.8384332214e+02
2.8381337197e+02
2.8378257808e+02
2.8374597549e+02
2.8370937822e+02
2.8367125901e+02
2.8362775089e+02
2.8358440521e+02
2.8353241549e+02
2.8348129442e+02
2.8342457465e+02
2.8336565934e+02
2.8330384351e+02
2.8324258180e+02
2.8317145991e+02
2.8309578391e+02
2.8301222852e+02
2.8292867314e+02
2.8284463356e+02
2.8276158013e+02
2.8266877732e+02
2.8257577883e+02
2.8248484317e+02
2.8238146219e+02
2.8227650173e+02
2.8217263391e+02
2.8205756795e+02
2.8193872459e+02
2.8181988391e+02
2.8170318143e+02
2.8158391281e+02
2.8146594995e+02
2.8133586274e+02
2.8120626403e+02
2.8107819116e+02
2.8094979726e+02
2.8081520390e+02
2.8068036209e+02
2.8054682798e+02
2.8041305365e+02
2.8027143281e+02
2.8012625656e+02
2.7999748514e+02
2.7986133545e+02
2.7971940759e+02
2.7958166555e+02
2.7944372737e+02
2.7930737295e+02
2.7917678660e+02
2.7904812893e+02
2.7891745788e+02
2.7879047567e+02
2.7866547734e+02
2.7854450965e+02
2.7842535425e+02
2.7831113926e+02
2.7820185566e+02
2.7809444204e+02
2.7799515069e+02
2.7789435684e+02
2.7780347682e+02
2.7771072254e+02
2.7763161509e+02
2.7755563883e+02
2.7747690325e+02
2.7741397129e+02
2.7735147094e+02
2.7729735071e+02
2.7724547396e+02
2.7720041638e+02
2.7716506619e+02
2.7712966292e+02
2.7710308305e+02
2.7707609835e+02
2.7705802791e+02
2.7704527080e+02
2.7703320860e+02
2.7702186230e+02
2.7701562728e+02
2.7699495076e+02
2.7701284216e+02
2.7700112536e+02
