9.1794117445e-07 5.2473161720e-06
1.8069036837e-01 -2.0807643501e-04
3.5560830512e-01 -8.1688897435e-04
5.2485975376e-01 -1.8048253723e-03
6.8851131845e-01 -3.1631724957e-03
8.4668325026e-01 -4.8671461427e-03
9.9944294410e-01 -6.9035967839e-03
1.1469019440e+00 -9.2544088578e-03
1.2891505496e+00 -1.1904475843e-02
1.4262751212e+00 -1.4839779284e-02
1.5583909089e+00 -1.8041578596e-02
1.6855650834e+00 -2.1499987758e-02
1.8079089349e+00 -2.5197572491e-02
1.9255185011e+00 -2.9121324536e-02
2.0384692483e+00 -3.3260374640e-02
2.1468725895e+00 -3.7598402380e-02
2.2508153136e+00 -4.2123845343e-02
2.3503775713e+00 -4.6826439708e-02
2.4456627773e+00 -5.1690759677e-02
2.5367431620e+00 -5.6708404655e-02
2.6237077389e+00 -6.1866326918e-02
2.7066594140e+00 -6.7153488182e-02
2.7856546685e+00 -7.2560414443e-02
2.8607910081e+00 -7.8073947806e-02
2.9321451608e+00 -8.3686432904e-02
2.9997830449e+00 -8.9387477966e-02
3.0637905300e+00 -9.5165274393e-02
3.1242366546e+00 -1.0101064820e-01
3.1811896377e+00 -1.0691440503e-01
3.2347140870e+00 -1.1286702740e-01
3.2848869281e+00 -1.1885872425e-01
3.3317527043e+00 -1.2488179985e-01
3.3753839752e+00 -1.3092435812e-01
3.4158422498e+00 -1.3697900594e-01
3.4531612116e+00 -1.4303627201e-01
3.4874114819e+00 -1.4908572706e-01
3.5186340253e+00 -1.5512136402e-01
3.5468756029e+00 -1.6113197233e-01
3.5721852841e+00 -1.6710781906e-01
3.5945928225e+00 -1.7304163794e-01
3.6141333177e+00 -1.7892090972e-01
3.6308662628e+00 -1.8473965100e-01
3.6447926567e+00 -1.9048783021e-01
3.6559594743e+00 -1.9615360094e-01
3.6643782003e+00 -2.0172991544e-01
3.6700819315e+00 -2.0720633887e-01
3.6730866493e+00 -2.1257107311e-01
3.6734076253e+00 -2.1781518009e-01
3.6710614380e+00 -2.2292918245e-01
3.6660601811e+00 -2.2790106306e-01
3.6584042176e+00 -2.3272044405e-01
3.6481031245e+00 -2.3737612365e-01
3.6351621970e+00 -2.4185731387e-01
3.6195759349e+00 -2.4615255332e-01
3.6013473752e+00 -2.5024822812e-01
3.5804681587e+00 -2.5413272812e-01
3.5569345067e+00 -2.5779554158e-01
3.5307298296e+00 -2.6122264836e-01
3.5018522776e+00 -2.6440033416e-01
3.4702802926e+00 -2.6731361539e-01
3.4359981373e+00 -2.6995319286e-01
3.3989913287e+00 -2.7230184164e-01
3.3592420763e+00 -2.7434384468e-01
3.3167342672e+00 -2.7606841670e-01
3.2714280398e+00 -2.7745587481e-01
3.2233229053e+00 -2.7849249476e-01
3.1723833290e+00 -2.7916557009e-01
3.1185821290e+00 -2.7945346165e-01
3.0618996679e+00 -2.7934065426e-01
3.0023143044e+00 -2.7881378685e-01
2.9398005370e+00 -2.7785159737e-01
2.8743294325e+00 -2.7643795356e-01
2.8058827786e+00 -2.7455570966e-01
2.7344365588e+00 -2.7218281255e-01
2.6599766298e+00 -2.6930798335e-01
2.5824835491e+00 -2.6590701089e-01
2.5019347845e+00 -2.6196048062e-01
2.4183325874e+00 -2.5745525202e-01
2.3316646010e+00 -2.5236548770e-01
2.2419395067e+00 -2.4667882971e-01
2.1491518734e+00 -2.4037151747e-01
2.0533247084e+00 -2.3343127530e-01
1.9544775177e+00 -2.2583083222e-01
1.8526467799e+00 -2.1756279296e-01
1.7478739329e+00 -2.0861237959e-01
1.6402268301e+00 -1.9894982545e-01
1.5297894974e+00 -1.8858328756e-01
1.4166648574e+00 -1.7748769516e-01
1.3009891142e+00 -1.6566048062e-01
1.1829226596e+00 -1.5310034691e-01
1.0626803923e+00 -1.3980459232e-01
9.4054873818e-01 -1.2580263484e-01
8.1688158680e-01 -1.1108148796e-01
6.9213029728e-01 -9.5712158379e-02
5.6688206595e-01 -7.9755783496e-02
4.4208187242e-01 -6.3282352174e-02
3.1900060241e-01 -4.6428677382e-02
1.9969342918e-01 -2.9623620349e-02
8.7883671963e-02 -1.2987246386e-02
-1.5355944174e-04 1.9612978840e-05
