-4.5398110435e-06 6.5848570996e-08
2.8381292824e-01 -1.1300529617e-03
5.6100989471e-01 -4.4020660198e-03
8.3153268339e-01 -9.8169323071e-03
1.0952225188e+00 -1.7193438942e-02
1.3521047809e+00 -2.6478287178e-02
1.6020546462e+00 -3.7574490166e-02
1.8449675555e+00 -5.0349446215e-02
2.0808364635e+00 -6.4778261368e-02
2.3096073591e+00 -8.0689017330e-02
2.5312710187e+00 -9.8048786015e-02
2.7457756889e+00 -1.1674439051e-01
2.9530854412e+00 -1.3665670237e-01
3.1532095906e+00 -1.5775622541e-01
3.3461487090e+00 -1.7987866065e-01
3.5318972076e+00 -2.0299748340e-01
3.7104454476e+00 -2.2700442693e-01
3.8818026247e+00 -2.5178734726e-01
4.0459830629e+00 -2.7731757594e-01
4.2030331156e+00 -3.0344650720e-01
4.3529542317e+00 -3.3015125176e-01
4.4957617782e+00 -3.5732273522e-01
4.6314900781e+00 -3.8487107440e-01
4.7601766038e+00 -4.1276046962e-01
4.8818811662e+00 -4.4086024042e-01
4.9965965933e+00 -4.6915696596e-01
5.1043753170e+00 -4.9753322118e-01
5.2053022935e+00 -5.2590228314e-01
5.2993424163e+00 -5.5426737069e-01
5.3866064237e+00 -5.8250140746e-01
5.4671250470e+00 -6.1054294046e-01
5.5409148797e+00 -6.3836571018e-01
5.6080956894e+00 -6.6584834218e-01
5.6686504338e+00 -6.9297416405e-01
5.7226773513e+00 -7.1965954306e-01
5.7702109308e+00 -7.4583927411e-01
5.8112934503e+00 -7.7149089657e-01
5.8460462654e+00 -7.9651491012e-01
5.8744366005e+00 -8.2088772061e-01
5.8965858510e+00 -8.4451906925e-01
5.9125694336e+00 -8.6738357631e-01
5.9223911377e+00 -8.8943326872e-01
5.9261929854e+00 -9.1059651094e-01
5.9239457531e+00 -9.3084285291e-01
5.9157838465e+00 -9.5008601317e-01
5.9017701934e+00 -9.6832324248e-01
5.8819451598e+00 -9.8549273860e-01
5.8564332689e+00 -1.0015460171e+00
5.8252360725e+00 -1.0164458157e+00
5.7884986229e+00 -1.0301191295e+00
5.7462587223e+00 -1.0425718225e+00
5.6986278587e+00 -1.0537456568e+00
5.6456608009e+00 -1.0635895126e+00
5.5874212711e+00 -1.0720749967e+00
5.5240624608e+00 -1.0791497733e+00
5.4556082959e+00 -1.0848178988e+00
5.3822371189e+00 -1.0890314588e+00
5.3039463456e+00 -1.0917357861e+00
5.2208776679e+00 -1.0929105142e+00
5.1331525704e+00 -1.0925444778e+00
5.0408701715e+00 -1.0906026490e+00
4.9441238496e+00 -1.0870622902e+00
4.8430355951e+00 -1.0819181291e+00
4.7377601411e+00 -1.0751194534e+00
4.6283326650e+00 -1.0666595631e+00
4.5149922392e+00 -1.0565249555e+00
4.3977980023e+00 -1.0447199113e+00
4.2769487250e+00 -1.0312428659e+00
4.1525332300e+00 -1.0160491035e+00
4.0246974491e+00 -9.9914678904e-01
3.8936950773e+00 -9.8055018731e-01
3.7595886723e+00 -9.6028417291e-01
3.6226563399e+00 -9.3835584729e-01
3.4829404579e+00 -9.1471989687e-01
3.3407951488e+00 -8.8943545266e-01
3.1963066244e+00 -8.6252473514e-01
3.0497708830e+00 -8.3407254494e-01
2.9013848117e+00 -8.0405535126e-01
2.7513256691e+00 -7.7247621614e-01
2.5999892518e+00 -7.3944026609e-01
2.4474669699e+00 -7.0500646096e-01
2.2942507471e+00 -6.6931656881e-01
2.1404233360e+00 -6.3229120361e-01
1.9865552334e+00 -5.9408720556e-01
1.8327750433e+00 -5.5478318497e-01
1.6796495487e+00 -5.1460236656e-01
1.5275166401e+00 -4.7367106064e-01
1.3768253511e+00 -4.3197049556e-01
1.2280829545e+00 -3.8979319446e-01
1.0818074311e+00 -3.4728984450e-01
9.3882857509e-01 -3.0472236875e-01
7.9963391440e-01 -2.6249805829e-01
6.6510350738e-01 -2.2073536415e-01
5.3647052838e-01 -1.7984818153e-01
4.1453904875e-01 -1.4035756910e-01
3.0132528223e-01 -1.0313778812e-01
1.9884070923e-01 -6.8517863149e-02
1.0884094002e-01 -3.7211467897e-02
4.0283134785e-02 -1.3398719706e-02
-6.0401801287e-07 9.5609242177e-08
