1.9658429391e+02
1.9669567853e+02
1.9680706314e+02
1.9691190203e+02
1.9701490005e+02
1.9711104098e+02
1.9720647633e+02
1.9729459971e+02
1.9738156137e+02
1.9746301931e+02
1.9754189495e+02
1.9761640639e+02
1.9768751558e+02
1.9775698570e+02
1.9782167911e+02
1.9788505372e+02
1.9794218867e+02
1.9799767547e+02
1.9804904820e+02
1.9809787907e+02
1.9814348797e+02
1.9818549418e+02
1.9822618689e+02
1.9826016365e+02
1.9829382542e+02
1.9832434909e+02
1.9835312245e+02
1.9837876748e+02
1.9840130059e+02
1.9841986646e+02
1.9843695106e+02
1.9845083175e+02
1.9846172279e+02
1.9847107154e+02
1.9847748154e+02
1.9848137448e+02
1.9848135276e+02
1.9847967625e+02
1.9847456091e+02
1.9846904263e+02
1.9845982968e+02
1.9844828390e+02
1.9843194351e+02
1.9841570438e+02
1.9839405214e+02
1.9837209465e+02
1.9834678636e+02
1.9832032837e+02
1.9828780983e+02
1.9825644481e+02
1.9821771622e+02
1.9818007952e+02
1.9813650171e+02
1.9809350260e+02
1.9804425774e+02
1.9799561092e+02
1.9794024317e+02
1.9788385525e+02
1.9782146986e+02
1.9776114522e+02
1.9769224969e+02
1.9762432772e+02
1.9754933796e+02
1.9747518705e+02
1.9739294753e+02
1.9731174884e+02
1.9722327502e+02
1.9713290710e+02
1.9703776041e+02
1.9693915229e+02
1.9683623729e+02
1.9672876739e+02
1.9661861652e+02
1.9650285466e+02
1.9638686647e+02
1.9626142523e+02
1.9613927298e+02
1.9600424874e+02
1.9587307895e+02
1.9572585481e+02
1.9558915196e+02
1.9543849492e+02
1.9529427042e+02
1.9513092858e+02
1.9497386982e+02
1.9481033203e+02
1.9464677066e+02
1.9447866099e+02
1.9431319586e+02
1.9414165376e+02
1.9396610361e+02
1.9380258020e+02
1.9362907343e+02
1.9347972093e+02
1.9330878044e+02
1.9314682338e+02
1.9300454997e+02
1.9292106551e+02
1.9295765436e+02
1.9452985853e+02
