-2.5041975500e-06 4.8853241366e-06
2.5513054000e-01 -3.9334549856e-04
5.0443667618e-01 -1.5465033976e-03
7.4789844353e-01 -3.4326285338e-03
9.8552397479e-01 -6.0199962895e-03
1.2172926483e+00 -9.2761950712e-03
1.4432134772e+00 -1.3171880151e-02
1.6632852279e+00 -1.7675085127e-02
1.8774996182e+00 -2.2759242966e-02
2.0858556309e+00 -2.8399244446e-02
2.2883728362e+00 -3.4565431732e-02
2.4850993930e+00 -4.1223627365e-02
2.6760204044e+00 -4.8346943330e-02
2.8611380984e+00 -5.5905490085e-02
3.0404702854e+00 -6.3878849656e-02
3.2140293632e+00 -7.2234225337e-02
3.3818307963e+00 -8.0953959517e-02
3.5439049647e+00 -9.0005139566e-02
3.7002635012e+00 -9.9368984414e-02
3.8509198839e+00 -1.0901468339e-01
3.9958973079e+00 -1.1892032546e-01
4.1352253885e+00 -1.2906508759e-01
4.2689146910e+00 -1.3941924190e-01
4.3969893756e+00 -1.4996555489e-01
4.5194778046e+00 -1.6067678092e-01
4.6364007990e+00 -1.7153573097e-01
4.7477747942e+00 -1.8251861510e-01
4.8536158108e+00 -1.9360079354e-01
4.9539574502e+00 -2.0476466191e-01
5.0488269233e+00 -2.1598737609e-01
5.1382175280e+00 -2.2724796039e-01
5.2221870659e+00 -2.3852951907e-01
5.3007324552e+00 -2.4980576628e-01
5.3738884842e+00 -2.6106066935e-01
5.4416696030e+00 -2.7227954659e-01
5.5040936447e+00 -2.8343142236e-01
5.5611927066e+00 -2.9450471805e-01
5.6129927095e+00 -3.0547734957e-01
5.6594891813e+00 -3.1633245550e-01
5.7007114729e+00 -3.2704902013e-01
5.7366943126e+00 -3.3760706390e-01
5.7674418239e+00 -3.4799371339e-01
5.7929634773e+00 -3.5818122564e-01
5.8133184254e+00 -3.6815672076e-01
5.8284913657e+00 -3.7789917676e-01
5.8385122675e+00 -3.8739116121e-01
5.8433891590e+00 -3.9661259102e-01
5.8431690873e+00 -4.0554773283e-01
5.8378273025e+00 -4.1417059615e-01
5.8274311594e+00 -4.2246844650e-01
5.8119623471e+00 -4.3042316087e-01
5.7914637858e+00 -4.3801045191e-01
5.7659373504e+00 -4.4521218561e-01
5.7354038428e+00 -4.5201131238e-01
5.6999029262e+00 -4.5838427081e-01
5.6594308298e+00 -4.6430760942e-01
5.6140394386e+00 -4.6977679034e-01
5.5637040234e+00 -4.7475485746e-01
5.5084781275e+00 -4.7922564278e-01
5.4483958057e+00 -4.8317808723e-01
5.3834595732e+00 -4.8656441756e-01
5.3137131688e+00 -4.8939435945e-01
5.2391694831e+00 -4.9163474745e-01
5.1598640765e+00 -4.9325856762e-01
5.0758303124e+00 -4.9424776202e-01
4.9870947311e+00 -4.9457721722e-01
4.8937110868e+00 -4.9422632040e-01
4.7956942581e+00 -4.9316955552e-01
4.6931003693e+00 -4.9138806935e-01
4.5859733411e+00 -4.8885362747e-01
4.4743704747e+00 -4.8554820005e-01
4.3583279477e+00 -4.8144462170e-01
4.2379171258e+00 -4.7651986325e-01
4.1132081112e+00 -4.7074919755e-01
3.9842523502e+00 -4.6410977483e-01
3.8511339852e+00 -4.5658216647e-01
3.7139432474e+00 -4.4812637689e-01
3.5727590901e+00 -4.3874163061e-01
3.4277107701e+00 -4.2841082257e-01
3.2788792432e+00 -4.1707885390e-01
3.1264059105e+00 -4.0474778382e-01
2.9704359276e+00 -3.9140395749e-01
2.8111226890e+00 -3.7701484619e-01
2.6486458896e+00 -3.6157970775e-01
2.4831885857e+00 -3.4507919199e-01
2.3149872643e+00 -3.2750323956e-01
2.1443109761e+00 -3.0885374696e-01
1.9714150851e+00 -2.8912621089e-01
1.7966553167e+00 -2.6832877356e-01
1.6204404768e+00 -2.4648061743e-01
1.4432204401e+00 -2.2361375922e-01
1.2655310226e+00 -1.9977321996e-01
1.0880680397e+00 -1.7502662441e-01
9.1166933374e-01 -1.4947561775e-01
7.3743145607e-01 -1.2326111008e-01
5.6677727335e-01 -9.6607825530e-02
4.0174066945e-01 -6.9835654364e-02
2.4577329408e-01 -4.3731460965e-02
1.0486023056e-01 -1.8385304753e-02
-1.5081471217e-04 2.3571910700e-05
