6.3000111858e-01 2.3600335559e-04
6.3003137452e-01 9.7496704175e-05
6.3048037677e-01 2.3553478756e-04
6.3051048784e-01 9.7088705212e-05
6.3095913512e-01 2.3500182888e-04
6.3098907139e-01 9.6755746733e-05
6.3143691149e-01 2.3440498028e-04
6.3146664360e-01 9.6498155656e-05
6.3191322488e-01 2.3374479230e-04
6.3194272406e-01 9.6316168246e-05
6.3238759581e-01 2.3302186491e-04
6.3241683391e-01 9.6209929972e-05
6.3285954689e-01 2.3223684718e-04
6.3288849638e-01 9.6179495515e-05
6.3332860323e-01 2.3139043695e-04
6.3335723727e-01 9.6224828923e-05
6.3379429298e-01 2.3048338049e-04
6.3382258539e-01 9.6345803911e-05
6.3425614776e-01 2.2951647215e-04
6.3428407305e-01 9.6542204318e-05
6.3471370315e-01 2.2849055411e-04
6.3474123654e-01 9.6813724703e-05
6.3516649913e-01 2.2740651599e-04
6.3519361655e-01 9.7159971085e-05
6.3561408057e-01 2.2626529457e-04
6.3564075870e-01 9.7580461826e-05
6.3605599769e-01 2.2506787345e-04
6.3608221391e-01 9.8074628652e-05
6.3649180647e-01 2.2381528275e-04
6.3651753891e-01 9.8641817809e-05
6.3692106911e-01 2.2250859874e-04
6.3694629667e-01 9.9281291346e-05
6.3734335451e-01 2.2114894355e-04
6.3736805680e-01 9.9992228537e-05
6.3775823862e-01 2.1973748479e-04
6.3778239602e-01 1.0077372741e-04
6.3816530492e-01 2.1827543519e-04
6.3818889855e-01 1.0162480642e-04
6.3856414484e-01 2.1676405222e-04
6.3858715655e-01 1.0254440621e-04
6.3895435811e-01 2.1520463769e-04
6.3897677050e-01 1.0353139147e-04
6.3933555321e-01 2.1359853730e-04
6.3935734960e-01 1.0458455299e-04
6.3970734775e-01 2.1194714026e-04
6.3972851220e-01 1.0570260966e-04
6.4006936883e-01 2.1025187872e-04
6.4008988610e-01 1.0688421071e-04
6.4042125342e-01 2.0851422731e-04
6.4044110899e-01 1.0812793797e-04
6.4076264872e-01 2.0673570258e-04
6.4078182876e-01 1.0943230817e-04
6.4109321251e-01 2.0491786242e-04
6.4111170388e-01 1.1079577543e-04
6.4141261349e-01 2.0306230541e-04
6.4143040372e-01 1.1221673370e-04
6.4172053160e-01 2.0117067015e-04
6.4173760889e-01 1.1369351936e-04
6.4201665834e-01 1.9924463455e-04
6.4203301154e-01 1.1522441377e-04
6.4230069709e-01 1.9728591503e-04
6.4231631568e-01 1.1680764600e-04
6.4257236337e-01 1.9529626571e-04
6.4258723745e-01 1.1844139552e-04
6.4283138514e-01 1.9327747752e-04
6.4284550543e-01 1.2012379490e-04
6.4307750307e-01 1.9123137724e-04
6.4309086088e-01 1.2185293265e-04
6.4331047079e-01 1.8915982650e-04
6.4332305802e-01 1.2362685597e-04
6.4353005513e-01 1.8706472068e-04
6.4354186425e-01 1.2544357359e-04
6.4373603637e-01 1.8494798783e-04
6.4374706039e-01 1.2730105863e-04
6.4392820840e-01 1.8281158739e-04
6.4393844089e-01 1.2919725136e-04
6.4410637900e-01 1.8065750895e-04
6.4411581406e-01 1.3113006211e-04
6.4427036997e-01 1.7848777089e-04
6.4427900220e-01 1.3309737408e-04
6.4442001732e-01 1.7630441893e-04
6.4442784186e-01 1.3509704612e-04
6.4455517144e-01 1.7410952469e-04
6.4456218390e-01 1.3712691560e-04
6.4467569724e-01 1.7190518403e-04
6.4468189374e-01 1.3918480113e-04
6.4478147428e-01 1.6969351549e-04
6.4478685140e-01 1.4126850533e-04
6.4487239689e-01 1.6747665847e-04
6.4487695169e-01 1.4337581755e-04
6.4494837427e-01 1.6525677152e-04
6.4495210428e-01 1.4550451656e-04
6.4500933059e-01 1.6303603040e-04
6.4501223379e-01 1.4765237315e-04
6.4505520504e-01 1.6081662615e-04
6.4505727987e-01 1.4981715277e-04
6.4508595192e-01 1.5860076306e-04
6.4508719726e-01 1.5199661803e-04
6.4510154065e-01 1.5639065659e-04
6.4510195584e-01 1.5418853118e-04
