4.1406973725e-05 1.7546007835e-06
3.0467235734e-04 4.3120602840e-06
2.6149689516e-04 8.1819284256e-07
4.3218458973e-04 2.3604364785e-06
4.1682695281e-04 1.7212264969e-06
4.2317258476e-04 -1.1957464214e-06
4.3902551266e-04 3.1703946303e-06
2.7443751849e-04 -1.6361399670e-06
3.2060437558e-04 3.3393751532e-06
2.7965171340e-05 1.0452039147e-06
5.5972539215e-05 1.6735622696e-06
2.9558973350e-04 1.6487483742e-06
2.5777977281e-04 2.0670598442e-06
4.2653107344e-04 -7.6432588189e-07
4.1928311351e-04 3.8192088441e-06
4.2221554629e-04 -3.7893476244e-06
4.3824442837e-04 6.4116283420e-06
2.8110231269e-04 -3.3644940585e-06
3.1934119205e-04 7.0920902982e-06
1.6060035728e-05 4.3616124255e-07
6.8932144580e-05 2.9721550445e-06
2.8848677978e-04 -2.2591182888e-06
2.4835909334e-04 3.5478988204e-06
4.2298264682e-04 -4.4589600825e-06
4.1517935667e-04 6.2047149524e-06
4.2324037458e-04 -5.6420806600e-06
4.4380007903e-04 8.4889649750e-06
2.8856542142e-04 -4.3450035292e-06
3.3216289918e-04 7.8239775262e-06
1.5328577574e-05 3.8909982544e-07
8.0943927455e-05 3.2022670274e-06
2.7122387974e-04 -7.4748229426e-07
2.3947296748e-04 4.8544378656e-06
4.1326353437e-04 -4.5491537555e-06
4.1365608490e-04 8.5262847619e-06
4.2424366423e-04 -8.5724362068e-06
4.4764493166e-04 1.0828882341e-05
2.9574690023e-04 -7.2523812216e-06
3.4257531842e-04 9.5472625850e-06
2.9720738721e-05 -3.9885206049e-07
9.5349152150e-05 4.0361251461e-06
2.6457653793e-04 -3.2338583442e-06
2.3139379916e-04 6.4160659116e-06
4.1687393613e-04 -7.8938649006e-06
4.1195678115e-04 1.1157958277e-05
4.1863249365e-04 -1.1000991839e-05
4.4962314265e-04 1.3708496115e-05
2.7628194441e-04 -8.3227644975e-06
3.4670983804e-04 1.2320023897e-05
3.5674381264e-05 -9.5519465695e-07
1.0666799194e-04 5.4334348181e-06
2.5659403435e-04 -6.6042122109e-06
2.2261388727e-04 7.4123992612e-06
4.0714553792e-04 -1.1498772177e-05
4.0970909465e-04 1.3356237918e-05
4.2203940317e-04 -1.3036516118e-05
4.5262064574e-04 1.7381128765e-05
3.0350028050e-04 -9.9968088918e-06
3.5564492349e-04 1.7152448184e-05
5.4740413741e-05 -1.8411718159e-06
1.2111670387e-04 7.9160563489e-06
2.4625668733e-04 -7.5342133051e-06
2.1057949055e-04 8.6561105078e-06
3.9817411070e-04 -1.3194291478e-05
4.0245178349e-04 1.5813787240e-05
4.1835776808e-04 -1.5602214795e-05
4.5484015702e-04 1.9750227739e-05
3.0909312019e-04 -1.2840676245e-05
3.6348417001e-04 1.7347059014e-05
6.7276784297e-05 -3.0285322292e-06
1.3161130979e-04 8.0212501674e-06
2.3605582405e-04 -7.4877116251e-06
2.0428973607e-04 1.0333926660e-05
3.9266632777e-04 -1.4246909548e-05
4.0486867756e-04 1.8983659751e-05
4.1828858497e-04 -1.7916148206e-05
4.5504109613e-04 2.2165500765e-05
3.1471160728e-04 -1.4618684308e-05
3.6836110680e-04 1.9420092283e-05
7.9260388497e-05 -3.9694260762e-06
1.4372628322e-04 9.3334060777e-06
2.2476073080e-04 -9.2532523087e-06
1.8893956955e-04 1.0675862902e-05
3.8538973916e-04 -1.6953133939e-05
3.9445177144e-04 2.0618933697e-05
4.1625500380e-04 -2.0344155890e-05
4.5904655764e-04 2.5164397161e-05
3.1906018890e-04 -1.7074711521e-05
3.7745244119e-04 2.2670044630e-05
9.0649499803e-05 -5.4433690818e-06
1.5560200292e-04 1.1368727146e-05
2.1415388687e-04 -1.0406099051e-05
1.7981767228e-04 1.1272602509e-05
3.7837742026e-04 -1.8991235439e-05
3.9326345832e-04 2.2691868714e-05
4.1350839390e-04 -2.2349129769e-05
4.5899357764e-04 2.8408065139e-05
3.2368564654e-04 -1.8749228047e-05
1.0213482831e-04 -6.5752281989e-06
3.8399638531e-04 2.7623851781e-05
2.0312054325e-04 -1.0978029216e-05
1.6792979762e-04 1.4752499554e-05
3.7141183804e-04 -2.0616965826e-05
1.6751020055e-04 1.2122051855e-05
4.1115663899e-04 -2.4648750071e-05
3.8598122324e-04 2.5004634130e-05
3.2588462786e-04 -2.1135672018e-05
4.5815936594e-04 3.1492168896e-05
1.1244715249e-04 -8.1129839659e-06
3.8903471567e-04 3.0735318261e-05
1.9106181639e-04 -1.1440627438e-05
1.7972306386e-04 1.6960538388e-05
3.6241737690e-04 -2.2051218329e-05
1.5167362531e-04 1.2393396461e-05
4.0828702254e-04 -2.6596702323e-05
3.7269815054e-04 2.6670294914e-05
3.3040036946e-04 -2.2941522829e-05
4.5844892592e-04 3.3970389000e-05
1.2268165427e-04 -9.4004249430e-06
4.0105064173e-04 3.0911038349e-05
1.7952790337e-04 -1.2120457589e-05
1.9424000271e-04 1.6899918217e-05
3.5543805168e-04 -2.3890050093e-05
1.4259163582e-04 1.2852175051e-05
4.0592473165e-04 -2.8543818712e-05
3.7439329637e-04 2.9399667681e-05
3.3011464827e-04 -2.4618111286e-05
4.6024440220e-04 3.6758971395e-05
1.3053862761e-04 -1.0739438714e-05
3.9991083219e-04 3.3915020235e-05
1.7048501183e-04 -1.2548773667e-05
2.0022919624e-04 1.9318230001e-05
3.4967557752e-04 -2.5366209769e-05
1.3053324840e-04 1.2952925334e-05
4.0038538041e-04 -3.0404805323e-05
3.6785532266e-04 3.1043869343e-05
3.3360245339e-04 -2.7052611050e-05
4.5956473797e-04 3.9871515883e-05
1.4133495769e-04 -1.2590166825e-05
4.0329528944e-04 3.8436006412e-05
1.5708340926e-04 -1.2512121936e-05
3.3847466985e-04 -2.6360006815e-05
2.0961147310e-04 2.2914287586e-05
3.9730088168e-04 -3.2349665305e-05
1.1914510625e-04 1.3195908142e-05
3.3588541288e-04 -2.9015873036e-05
3.6296243650e-04 3.3173642377e-05
1.5005017263e-04 -1.4127182765e-05
4.5766099328e-04 4.2791011219e-05
1.4602957642e-04 -1.2755257496e-05
4.0790736748e-04 4.1542946035e-05
3.3116578200e-04 -2.7843232266e-05
2.2108703625e-04 2.5529612032e-05
3.9406806461e-04 -3.4130666946e-05
1.0469830893e-04 1.2979809956e-05
3.3556573736e-04 -3.0111437428e-05
3.4951550482e-04 3.4451041411e-05
1.5700292025e-04 -1.5166434448e-05
4.5349315162e-04 4.5229494189e-05
1.3512638265e-04 -1.2680276663e-05
4.1460880892e-04 4.3352899550e-05
3.2296174910e-04 -2.8873373209e-05
2.3258762368e-04 2.6784379750e-05
3.8833519004e-04 -3.5613556628e-05
9.0175683809e-05 1.2294683748e-05
3.3739629242e-04 -3.2764119912e-05
3.4307823384e-04 3.5962899751e-05
1.6586933362e-04 -1.7495520389e-05
4.5160274390e-04 4.7784580863e-05
1.2351904055e-04 -1.2040206791e-05
4.1854002797e-04 4.6689756759e-05
3.1396303256e-04 -2.8941167635e-05
3.8397809356e-04 -3.7197286600e-05
2.4259651258e-04 2.9775323230e-05
3.3833408602e-04 -3.4395188166e-05
7.6285281342e-05 1.1770218225e-05
1.7352558611e-04 -1.8943247519e-05
3.3504044896e-04 3.7449943752e-05
1.1240991944e-04 -1.2012830353e-05
4.4922270437e-04 5.0456576958e-05
3.0568509980e-04 -3.0366883328e-05
4.2028451415e-04 4.9622238220e-05
3.8011132032e-04 -3.8947934539e-05
2.5016305964e-04 3.2295681797e-05
3.3896990460e-04 -3.6663077175e-05
6.2638049574e-05 1.1001198881e-05
1.8025662843e-04 -2.1051494522e-05
3.2767960168e-04 3.8866306382e-05
1.0078032607e-04 -1.1890773761e-05
4.4657841578e-04 5.3055945475e-05
2.9689810546e-04 -3.1539026840e-05
4.2546021206e-04 5.2712056836e-05
3.7461652424e-04 -4.0466337792e-05
2.6243708111e-04 3.5102780629e-05
3.3945270583e-04 -3.8069089380e-05
4.8685685716e-05 1.0001766224e-05
1.8744871312e-04 -2.2450083484e-05
3.1437831170e-04 3.9934827619e-05
8.9513952402e-05 -1.1347935975e-05
2.8831009460e-04 -3.2213065545e-05
4.4055404468e-04 5.5524111180e-05
3.6934092224e-04 -4.1856960141e-05
4.2732921082e-04 5.5623227111e-05
3.3881891272e-04 -4.0140757543e-05
2.7064333404e-04 3.7758478570e-05
1.9357403229e-04 -2.4547726135e-05
3.4625854050e-05 8.9227518272e-06
7.7582272320e-05 -1.0607634183e-05
3.0510204382e-04 4.1094204713e-05
2.7752737529e-04 -3.2406241264e-05
4.3649544042e-04 5.7939039165e-05
3.6482389256e-04 -4.3264108613e-05
4.2831150134e-04 5.8475124531e-05
3.3516442001e-04 -4.1418414444e-05
2.7756051801e-04 4.0472271163e-05
1.9556741657e-04 -2.5778471934e-05
2.0235365058e-05 7.6340653579e-06
6.7093972098e-05 -1.0153242378e-05
2.9632125817e-04 4.1977975872e-05
2.6776025116e-04 -3.3307400360e-05
4.3267704006e-04 6.0255277668e-05
3.5612888155e-04 -4.4268619543e-05
4.2804906020e-04 6.1480338883e-05
3.3813590315e-04 -4.3548674227e-05
2.0664616413e-04 -2.8329405020e-05
2.8219796519e-04 4.3343178228e-05
5.4529318775e-05 -8.9156250171e-06
4.0299803222e-06 5.9815458872e-06
2.5554400934e-04 -3.2193778821e-05
2.8772713734e-04 4.2913700725e-05
3.5156348510e-04 -4.5081796353e-05
4.2848742033e-04 6.2600345632e-05
3.3540579150e-04 -4.4912911774e-05
4.2815526758e-04 6.4443414900e-05
2.0735315634e-04 -2.9465702905e-05
2.8931706368e-04 4.6397683397e-05
4.4060232958e-05 -8.1798325066e-06
1.1953365432e-05 7.3892178509e-06
2.5169308450e-04 -3.3674487056e-05
2.7459604989e-04 4.3146119154e-05
3.4591220852e-04 -4.6493199039e-05
4.2121196196e-04 6.4507623874e-05
3.3390804439e-04 -4.6788349484e-05
4.3054848101e-04 6.7727802149e-05
2.1400774559e-04 -3.1893425553e-05
3.2774259033e-05 -7.2634207609e-06
2.9848812186e-04 4.9821719410e-05
2.4255035926e-04 -3.4038591721e-05
2.4788881180e-05 9.6030663808e-06
3.4001147890e-04 -4.7645499315e-05
2.6614385109e-04 4.3955571205e-05
3.3039541290e-04 -4.7962713908e-05
4.1734715694e-04 6.6834069735e-05
2.1655069549e-04 -3.3270261077e-05
4.2926902788e-04 7.0274354092e-05
2.3486892839e-05 -6.4469708189e-06
3.0262258633e-04 5.2264251332e-05
2.3188775799e-04 -3.4292011567e-05
3.8218060355e-05 1.1919936549e-05
3.3256084976e-04 -4.8562370772e-05
2.5868624888e-04 4.4779558129e-05
3.2854500679e-04 -4.9588658145e-05
4.1430158238e-04 6.9217578315e-05
2.2064807277e-04 -3.5385558070e-05
1.2463649918e-05 -5.2962063504e-06
4.2807396218e-04 7.2769655280e-05
2.2116835324e-04 -3.3074136767e-05
3.0592983354e-04 5.4597108467e-05
3.2555489425e-04 -4.8621599583e-05
5.0750762661e-05 1.4273066588e-05
3.2721268354e-04 -5.0761099516e-05
2.4725781110e-04 4.5066200937e-05
2.2441852447e-04 -3.6643157313e-05
4.0633175560e-04 7.0864644906e-05
1.6115593072e-05 -6.1213403160e-06
4.2768662393e-04 7.5105519071e-05
2.1302760434e-04 -3.4042369866e-05
3.1604768537e-04 5.7731908639e-05
3.1931530967e-04 -5.0032633644e-05
6.4066560439e-05 1.6907766919e-05
3.2335265881e-04 -5.2143541445e-05
2.3184515591e-04 4.3388978364e-05
2.2715607306e-04 -3.8737323604e-05
2.6992129777e-05 -8.2311827250e-06
3.9616700270e-04 7.1278309634e-05
2.0184963936e-04 -3.3683230993e-05
4.2637608478e-04 7.8969333030e-05
3.1126132200e-04 -5.0534213426e-05
3.2081489376e-04 6.2837820881e-05
3.2065046649e-04 -5.3160102125e-05
7.6314529828e-05 2.0526613671e-05
2.2961209849e-04 -3.9965352872e-05
2.2078014254e-04 4.4027780730e-05
3.6506822546e-05 -1.0030089659e-05
3.8916278894e-04 7.3517535542e-05
1.9417419120e-04 -3.3622981343e-05
4.2434574396e-04 8.1407202161e-05
3.0497393164e-04 -5.1206166575e-05
3.2538859274e-04 6.5358442073e-05
3.1617000357e-04 -5.4417150711e-05
2.3126747510e-04 -4.1964952684e-05
8.7914355834e-05 2.3103880990e-05
4.5691107235e-05 -1.2083880119e-05
2.0894486239e-04 4.3618964865e-05
1.8265934404e-04 -3.3075108149e-05
3.8157572668e-04 7.4902189778e-05
2.9575305698e-04 -5.1418456964e-05
4.2179112293e-04 8.3786130326e-05
3.1170496994e-04 -5.5098105805e-05
3.2817239211e-04 6.8044391270e-05
2.3195259051e-04 -4.2948025047e-05
9.7512779695e-05 2.5588899189e-05
5.3884266516e-05 -1.3835340070e-05
2.0294928258e-04 4.4168870406e-05
1.7486862301e-04 -3.2894837378e-05
2.9017832758e-04 -5.2118009336e-05
3.8014807065e-04 7.7397178796e-05
3.0809562747e-04 -5.6427064294e-05
4.1637768563e-04 8.5577800503e-05
2.3312290352e-04 -4.4967672842e-05
3.2872497559e-04 7.0152148580e-05
6.1413092037e-05 -1.5885538305e-05
1.0743204666e-04 2.8275156888e-05
1.6432062152e-04 -3.2343273555e-05
1.9036176193e-04 4.3383909752e-05
2.8202836583e-04 -5.2398561750e-05
3.7114965463e-04 7.8575157203e-05
3.0415522238e-04 -5.7229362138e-05
4.1171379020e-04 8.8892005569e-05
2.3430171961e-04 -4.6109338481e-05
3.2948357529e-04 7.6908032401e-05
6.9677065519e-05 -1.7769273174e-05
1.5574137041e-04 -3.1864298438e-05
1.1731327585e-04 3.3886051745e-05
2.7512969866e-04 -5.2750872858e-05
1.7187548480e-04 4.1659843194e-05
2.9961889522e-04 -5.8338626484e-05
3.5381508794e-04 7.7962282346e-05
2.3351598971e-04 -4.7880323492e-05
4.0741096533e-04 9.1024274125e-05
7.6357221307e-05 -1.9916675256e-05
3.3678802971e-04 7.9623073992e-05
1.4626907533e-04 -3.1422482458e-05
1.3021760908e-04 3.6830801850e-05
2.6626493364e-04 -5.2839366828e-05
1.5714057269e-04 4.0335732488e-05
2.9332099890e-04 -5.8620976833e-05
2.3532676472e-04 -4.9003340327e-05
3.4117127625e-04 7.8291678125e-05
8.4312973826e-05 -2.1820345620e-05
4.0306018897e-04 9.2342617468e-05
1.3431215078e-04 -3.0339216767e-05
3.3716520054e-04 7.9709033401e-05
2.5578277989e-04 -5.2578771682e-05
1.3762072625e-04 3.7820220079e-05
2.8954568465e-04 -5.9783659376e-05
1.4672294936e-04 3.9116803494e-05
2.3351184601e-04 -5.0650744492e-05
3.3588265333e-04 7.9476935792e-05
8.8275753023e-05 -2.3716164707e-05
1.2612661745e-04 -2.9924878281e-05
3.9903566990e-04 9.3924612241e-05
2.4947747750e-04 -5.2946097968e-05
3.3011977324e-04 8.0141132495e-05
2.8261254298e-04 -6.0070575755e-05
1.4044005024e-04 3.9419760422e-05
2.3336445330e-04 -5.1723798448e-05
1.3601677984e-04 3.8085554046e-05
9.4972566630e-05 -2.5647725944e-05
3.2800422435e-04 8.0364447884e-05
1.1675551261e-04 -2.9187994829e-05
3.9064404426e-04 9.5520275410e-05
2.4052034582e-04 -5.2841735671e-05
2.7624460449e-04 -6.0665583598e-05
3.3382901368e-04 8.4904938889e-05
2.3079240582e-04 -5.3140831691e-05
1.5076579382e-04 4.4289011065e-05
9.9254959578e-05 -2.7683223724e-05
1.2232191643e-04 3.6738842223e-05
1.0602279346e-04 -2.8181672794e-05
3.1627864311e-04 8.0602372651e-05
2.3015006746e-04 -5.2346952557e-05
3.8252011194e-04 9.7435584826e-05
2.7038107369e-04 -6.1050431430e-05
3.3173762553e-04 8.9269418035e-05
2.2728687124e-04 -5.3455498882e-05
1.0279064067e-04 -2.8952935003e-05
1.5787210809e-04 4.8981983920e-05
9.7253081976e-05 -2.7345357894e-05
1.0559322196e-04 3.4293773529e-05
2.2144058031e-04 -5.2165862352e-05
2.9637018117e-04 7.8596305729e-05
2.6337220918e-04 -6.1473888688e-05
3.7317290986e-04 9.8170465160e-05
2.2619499207e-04 -5.5833243882e-05
3.2995316925e-04 9.0477805726e-05
1.0674531508e-04 -3.1737260196e-05
1.6348848349e-04 5.0967682834e-05
8.8473922332e-05 -2.7007908314e-05
2.1426131879e-04 -5.2569430925e-05
9.3635462573e-05 3.2625492421e-05
2.5519105636e-04 -6.1558376880e-05
2.8736041234e-04 7.9102447750e-05
2.2116347112e-04 -5.5328308582e-05
3.6510811514e-04 9.8834057720e-05
1.0984395204e-04 -3.2773998387e-05
3.2539846028e-04 9.0365678232e-05
8.0056509549e-05 -2.6316007181e-05
1.6749203887e-04 5.2261720605e-05
2.0438576058e-04 -5.2014275880e-05
8.3152800251e-05 3.1326580366e-05
2.4863226884e-04 -6.2177916570e-05
2.1857319564e-04 -5.7070126181e-05
2.7847492465e-04 7.9697959166e-05
1.1246062482e-04 -3.5005324681e-05
3.5525918240e-04 9.9589328877e-05
6.8909612107e-05 -2.5299755293e-05
3.1718060539e-04 9.1198001817e-05
1.9246118897e-04 -5.1383692068e-05
1.6802995926e-04 5.4439824102e-05
2.4244389081e-04 -6.2500842743e-05
7.0245739677e-05 2.9817387701e-05
2.1271103619e-04 -5.6881306151e-05
1.1150438423e-04 -3.5630699396e-05
2.6541072564e-04 7.9504516570e-05
6.1323561112e-05 -2.4951242694e-05
3.4382254618e-04 1.0061216332e-04
1.8575850796e-04 -5.2030201660e-05
3.1606508251e-04 9.5594685893e-05
2.3018641388e-04 -6.2239682495e-05
1.7553983435e-04 6.0079746606e-05
2.1124521078e-04 -5.9457765004e-05
5.5966251393e-05 2.8347290160e-05
1.1856798289e-04 -3.9725064916e-05
2.4685326809e-04 7.8132479945e-05
5.0274471906e-05 -2.4495873460e-05
1.6830947834e-04 -5.0641926921e-05
3.2941639358e-04 1.0074460439e-04
2.2152619756e-04 -6.2671014128e-05
3.0713006467e-04 9.6449991085e-05
2.0271375667e-04 -5.8966307472e-05
1.7520546184e-04 6.2286674531e-05
1.1370911365e-04 -3.9648707442e-05
4.3298928001e-05 2.7091770296e-05
4.2464807152e-05 -2.4105720035e-05
2.3270141660e-04 7.8044026723e-05
1.6426862805e-04 -5.1651339167e-05
2.1174085420e-04 -6.2999096100e-05
3.1413179432e-04 1.0107587543e-04
1.9585802953e-04 -6.0893455768e-05
2.9604669149e-04 9.8195854910e-05
1.1468086461e-04 -4.3295612597e-05
1.7375411632e-04 6.5977388779e-05
3.3035573141e-05 -2.4747430798e-05
2.9114316069e-05 2.6366677152e-05
1.4876910046e-04 -5.1559735929e-05
2.1114432076e-04 7.6685106731e-05
1.9949023094e-04 -6.3467623719e-05
1.8631674553e-04 -6.0789023783e-05
2.9339836829e-04 1.0045014427e-04
1.1016067297e-04 -4.3925496458e-05
2.8031219751e-04 9.8644699262e-05
2.4239571297e-05 -2.4933665006e-05
1.6716924535e-04 6.8242581731e-05
1.3964392682e-04 -5.2033620862e-05
1.3692603700e-05 2.5689806836e-05
1.8595098441e-04 -6.4023559072e-05
1.8863945117e-04 7.5408607294e-05
1.7719083541e-04 -6.4148102565e-05
1.0927972227e-04 -4.9538780889e-05
2.6732590698e-04 9.9115273964e-05
1.3972165427e-05 -2.7408045670e-05
2.5720451764e-04 9.7771995914e-05
1.2252454312e-04 -5.3770573213e-05
1.5514030202e-04 7.0223835562e-05
1.6928804273e-04 -6.6629091808e-05
-1.0042956335e-06 2.8475196268e-05
1.6207536257e-04 -6.7148833853e-05
9.9049135945e-05 -5.3613756629e-05
1.7055517959e-04 8.0259144185e-05
1.6572093917e-06 -3.1636481113e-05
2.3572093215e-04 1.0028003703e-04
1.0632393121e-04 -5.8226184619e-05
2.1513362407e-04 9.0112057936e-05
1.4364044128e-04 -6.7735769847e-05
1.2364628019e-04 6.8270144214e-05
1.3009998206e-04 -5.9414977170e-05
-2.1175786395e-05 4.9468230655e-05
7.4915915753e-05 -4.9709682621e-05
-1.2388552185e-05 -4.9201925139e-05
1.8581846629e-04 1.2459332022e-04
1.4354147770e-04 -9.7481423269e-05
2.0052469384e-04 1.1043435856e-04
1.3523380386e-04 -8.2145965296e-05
2.3174831931e-06 1.8415362395e-05
-4.5282958984e-05 -1.7453443827e-05
-1.2348169922e-04 -3.1890334155e-05
-1.4095691296e-04 1.7294374861e-05
-7.1658695642e-05 -1.0303382605e-05
-6.6191104380e-05 7.1307882858e-06
