2.9744621203e+02
2.9744621203e+02
2.9743958043e+02
2.9743303348e+02
2.9742847579e+02
2.9742302093e+02
2.9741410643e+02
2.9740554151e+02
2.9739921172e+02
2.9739126949e+02
2.9738204542e+02
2.9737100431e+02
2.9735952071e+02
2.9734968891e+02
2.9734396538e+02
2.9733222029e+02
2.9731938420e+02
2.9730603351e+02
2.9729220047e+02
2.9727721449e+02
2.9726012423e+02
2.9724104162e+02
2.9722837407e+02
2.9721622834e+02
2.9719396307e+02
2.9716123137e+02
2.9713894779e+02
2.9711576623e+02
2.9709083743e+02
2.9706691101e+02
2.9704218236e+02
2.9700979153e+02
2.9697731145e+02
2.9694538579e+02
2.9690539716e+02
2.9686200275e+02
2.9683015149e+02
2.9679545725e+02
2.9675678219e+02
2.9671115848e+02
2.9666146977e+02
2.9662634847e+02
2.9658232441e+02
2.9653870096e+02
2.9649315947e+02
2.9644447515e+02
2.9639467622e+02
2.9634275561e+02
2.9629033399e+02
2.9623869761e+02
2.9618339139e+02
2.9612809362e+02
2.9607410471e+02
2.9601912126e+02
2.9596214872e+02
2.9590332213e+02
2.9584779206e+02
2.9579016620e+02
2.9573282984e+02
2.9567596870e+02
2.9561715737e+02
2.9555793541e+02
2.9550215067e+02
2.9544426394e+02
2.9538351199e+02
2.9534156023e+02
2.9528569690e+02
2.9524193369e+02
2.9519174519e+02
2.9513845980e+02
2.9508218274e+02
2.9503629224e+02
2.9499301589e+02
2.9494554896e+02
2.9490382614e+02
2.9486375774e+02
2.9482613322e+02
2.9478969630e+02
2.9475849011e+02
2.9472850584e+02
2.9469943131e+02
2.9467490081e+02
2.9465095420e+02
2.9463256477e+02
2.9461491516e+02
2.9459997863e+02
2.9458778480e+02
2.9457767675e+02
2.9457179344e+02
2.9456739857e+02
2.9456652030e+02
2.9456637572e+02
2.9456983163e+02
2.9457673312e+02
2.9458248975e+02
2.9459104473e+02
2.9460170478e+02
2.9461129803e+02
2.9462415916e+02
2.9463767332e+02
2.9464968207e+02
