2.1073821670e+02
2.1084154502e+02
2.1094369852e+02
2.1104293456e+02
2.1113672283e+02
2.1122699317e+02
2.1131323471e+02
2.1139261767e+02
2.1146896061e+02
2.1154349196e+02
2.1160834792e+02
2.1167249074e+02
2.1173044347e+02
2.1178466448e+02
2.1183745378e+02
2.1188094608e+02
2.1192256741e+02
2.1196145084e+02
2.1199393930e+02
2.1202474197e+02
2.1204766308e+02
2.1206993642e+02
2.1208786024e+02
2.1210006171e+02
2.1210932246e+02
2.1211372658e+02
2.1211550277e+02
2.1211235018e+02
2.1210377952e+02
2.1209525780e+02
2.1208031566e+02
2.1206034980e+02
2.1203862078e+02
2.1201288925e+02
2.1198099932e+02
2.1194690423e+02
2.1191004089e+02
2.1186693740e+02
2.1181981065e+02
2.1177197368e+02
2.1171866933e+02
2.1166069238e+02
2.1159851985e+02
2.1153379970e+02
2.1146591841e+02
2.1139371538e+02
2.1131529056e+02
2.1123710813e+02
2.1115148753e+02
2.1106190442e+02
2.1097189188e+02
2.1087714477e+02
2.1077547894e+02
2.1067306241e+02
2.1056637940e+02
2.1045456043e+02
2.1034011571e+02
2.1022196511e+02
2.1010008412e+02
2.0997404624e+02
2.0984306685e+02
2.0970997328e+02
2.0957359421e+02
2.0943125892e+02
2.0928759434e+02
2.0913863804e+02
2.0898853718e+02
2.0882961861e+02
2.0867177310e+02
2.0850984639e+02
2.0834144199e+02
2.0817283132e+02
2.0799876135e+02
2.0782547339e+02
2.0764063869e+02
2.0746036073e+02
2.0727485291e+02
2.0708423470e+02
2.0689494133e+02
2.0669952172e+02
2.0650309406e+02
2.0630404270e+02
2.0610961824e+02
2.0589980703e+02
2.0570399717e+02
2.0549675864e+02
2.0529131996e+02
2.0509569915e+02
2.0489236117e+02
2.0469372716e+02
2.0449728654e+02
2.0432757291e+02
2.0411864701e+02
2.0396366781e+02
2.0381647106e+02
2.0364745140e+02
2.0362936083e+02
2.0347094430e+02
2.0372315134e+02
2.0459244356e+02
