4.6077207680e+02
4.6057158868e+02
4.6037110055e+02
4.6017080149e+02
4.5998517594e+02
4.5979955038e+02
4.5964308293e+02
4.5948846508e+02
4.5933488578e+02
4.5919573540e+02
4.5905712692e+02
4.5894803833e+02
4.5882823481e+02
4.5873035581e+02
4.5864150857e+02
4.5855499095e+02
4.5848820622e+02
4.5841691463e+02
4.5836989846e+02
4.5833175510e+02
4.5829602785e+02
4.5827606281e+02
4.5825513950e+02
4.5825817606e+02
4.5826973445e+02
4.5828579071e+02
4.5831505405e+02
4.5834431739e+02
4.5839815418e+02
4.5845862353e+02
4.5852757750e+02
4.5860155413e+02
4.5868344094e+02
4.5878721519e+02
4.5888974760e+02
4.5900891994e+02
4.5912833629e+02
4.5926697662e+02
4.5941540849e+02
4.5956240497e+02
4.5972241426e+02
4.5988757792e+02
4.6007341671e+02
4.6025905665e+02
4.6045312837e+02
4.6065131838e+02
4.6086005670e+02
4.6108197394e+02
4.6130525420e+02
4.6153957881e+02
4.6177127946e+02
4.6201583914e+02
4.6226769570e+02
4.6252755501e+02
4.6279193305e+02
4.6305108002e+02
4.6332300238e+02
4.6359975609e+02
4.6388834744e+02
4.6417527944e+02
4.6445459037e+02
4.6474666029e+02
4.6504434656e+02
4.6535416953e+02
4.6564565502e+02
4.6594226170e+02
4.6624585030e+02
4.6656020721e+02
4.6687062182e+02
4.6716749800e+02
4.6746607941e+02
4.6778093880e+02
4.6809675610e+02
4.6840118074e+02
4.6869040966e+02
4.6899386478e+02
4.6930247233e+02
4.6960803817e+02
4.6989380090e+02
4.7017216134e+02
4.7046908870e+02
4.7075742254e+02
4.7104314059e+02
4.7128846165e+02
4.7156207809e+02
4.7183024904e+02
4.7208419989e+02
4.7232005819e+02
4.7254203222e+02
4.7277973065e+02
4.7298322164e+02
4.7317976960e+02
4.7334292585e+02
4.7351984218e+02
4.7365409437e+02
4.7368807822e+02
4.7372206206e+02
4.7375657941e+02
4.7317090326e+02
4.7258522711e+02
