-2.6891947146e-06 -4.3249267700e-06
3.0113919848e-01 1.1072194023e-03
5.9621053813e-01 4.3382895945e-03
8.8513954692e-01 9.6827943479e-03
1.1678536072e+00 1.6992478071e-02
1.4443232273e+00 2.6221250858e-02
1.7143633492e+00 3.7294555799e-02
1.9779933771e+00 5.0133653036e-02
2.2350688279e+00 6.4627443253e-02
2.4855654090e+00 8.0758225080e-02
2.7293338532e+00 9.8417744192e-02
2.9663502614e+00 1.1751382285e-01
3.1965717089e+00 1.3800959214e-01
3.4197755624e+00 1.5980393966e-01
3.6360194318e+00 1.8282584195e-01
3.8452193462e+00 2.0700258826e-01
4.0472133907e+00 2.3225153492e-01
4.2420189977e+00 2.5853608803e-01
4.4295182331e+00 2.8570992513e-01
4.6096661301e+00 3.1374862533e-01
4.7823996737e+00 3.4257333318e-01
4.9476300042e+00 3.7207797780e-01
5.1053987394e+00 4.0222287604e-01
5.2555358773e+00 4.3289922882e-01
5.3980459560e+00 4.6405318583e-01
5.5329195098e+00 4.9560012515e-01
5.6600515536e+00 5.2744480067e-01
5.7794502439e+00 5.5956347901e-01
5.8910830848e+00 5.9180591620e-01
5.9949268883e+00 6.2414386010e-01
6.0909457017e+00 6.5649284063e-01
6.1791137612e+00 6.8875943956e-01
6.2594775376e+00 7.2089772452e-01
6.3319728473e+00 7.5278432528e-01
6.3966237833e+00 7.8439513570e-01
6.4534488427e+00 8.1562924552e-01
6.5024966702e+00 8.4638469741e-01
6.5437446927e+00 8.7663839468e-01
6.5771888978e+00 9.0626140228e-01
6.6029454924e+00 9.3521377333e-01
6.6210144956e+00 9.6340590493e-01
6.6314453625e+00 9.9076232611e-01
6.6342897314e+00 1.0172406891e+00
6.6296592387e+00 1.0427065115e+00
6.6175603077e+00 1.0671442057e+00
6.5980828717e+00 1.0904514644e+00
6.5713458584e+00 1.1125581037e+00
6.5374214471e+00 1.1334189271e+00
6.4963873676e+00 1.1529287081e+00
6.4483881923e+00 1.1710696063e+00
6.3935540716e+00 1.1877314857e+00
6.3319571665e+00 1.2028782076e+00
6.2637353526e+00 1.2164524983e+00
6.1890956782e+00 1.2283578006e+00
6.1081070707e+00 1.2385831028e+00
6.0209616920e+00 1.2470247377e+00
5.9278238893e+00 1.2536699285e+00
5.8288472257e+00 1.2584484812e+00
5.7241977917e+00 1.2613174737e+00
5.6140558936e+00 1.2622546440e+00
5.4986943909e+00 1.2611839042e+00
5.3781765627e+00 1.2581000417e+00
5.2528540088e+00 1.2529395750e+00
5.1228488082e+00 1.2456821934e+00
4.9884117986e+00 1.2363202435e+00
4.8497781122e+00 1.2247963397e+00
4.7071348911e+00 1.2111333615e+00
4.5608057521e+00 1.1953033241e+00
4.4109911205e+00 1.1773192910e+00
4.2579673030e+00 1.1571300453e+00
4.1019922194e+00 1.1347980577e+00
3.9433327083e+00 1.1103268791e+00
3.7823133057e+00 1.0837204875e+00
3.6191318053e+00 1.0550191593e+00
3.4542390921e+00 1.0242811780e+00
3.2877338145e+00 9.9151087838e-01
3.1201436181e+00 9.5677699796e-01
2.9516055410e+00 9.2014071514e-01
2.7825836190e+00 8.8168367907e-01
2.6134223005e+00 8.4148966932e-01
2.4443094286e+00 7.9964745977e-01
2.2759145297e+00 7.5630207621e-01
2.1083315859e+00 7.1153934709e-01
1.9421908074e+00 6.6556329665e-01
1.7778146181e+00 6.1850383346e-01
1.6156113495e+00 5.7049484166e-01
1.4562396040e+00 5.2181545543e-01
1.2998788577e+00 4.7256960713e-01
1.1475763015e+00 4.2311998963e-01
9.9940126096e-01 3.7365811152e-01
8.5652907015e-01 3.2460655727e-01
7.1931392176e-01 2.7641344270e-01
5.8891969649e-01 2.2928573513e-01
4.6640145517e-01 1.8383881360e-01
3.5250767505e-01 1.4087103437e-01
2.4902162183e-01 1.0093568052e-01
1.5848193007e-01 6.4557230174e-02
8.2167088760e-02 3.3053023893e-02
2.8791707373e-02 1.1252316786e-02
-2.4920531358e-05 -7.4086272249e-06
