1.8946717421e+02
1.8963614829e+02
1.8980776226e+02
1.8998303057e+02
1.9013995043e+02
1.9029668983e+02
1.9044400174e+02
1.9058220949e+02
1.9072002373e+02
1.9084394697e+02
1.9096956845e+02
1.9109080999e+02
1.9119919422e+02
1.9130621479e+02
1.9140409984e+02
1.9149550870e+02
1.9158591584e+02
1.9166442633e+02
1.9174429621e+02
1.9181635807e+02
1.9188247175e+02
1.9194777726e+02
1.9199862784e+02
1.9205061008e+02
1.9209456575e+02
1.9213218142e+02
1.9216863884e+02
1.9219712214e+02
1.9222560544e+02
1.9224242034e+02
1.9225744119e+02
1.9227067530e+02
1.9227131219e+02
1.9227359405e+02
1.9226790323e+02
1.9225955437e+02
1.9224693515e+02
1.9222480595e+02
1.9220690573e+02
1.9217767675e+02
1.9214084114e+02
1.9210964655e+02
1.9206458988e+02
1.9201976573e+02
1.9196561334e+02
1.9191307270e+02
1.9185414499e+02
1.9178244479e+02
1.9172363834e+02
1.9164563403e+02
1.9156530601e+02
1.9148495227e+02
1.9139792180e+02
1.9130709944e+02
1.9120435257e+02
1.9111070239e+02
1.9099788155e+02
1.9088455444e+02
1.9077593006e+02
1.9065303731e+02
1.9052975502e+02
1.9039694656e+02
1.9026535464e+02
1.9011719819e+02
1.8997582622e+02
1.8983377717e+02
1.8966703847e+02
1.8951545723e+02
1.8934892018e+02
1.8917324342e+02
1.8900646201e+02
1.8882439985e+02
1.8864737225e+02
1.8845785971e+02
1.8826222290e+02
1.8805822540e+02
1.8786631246e+02
1.8763843305e+02
1.8745378018e+02
1.8722215843e+02
1.8701507922e+02
1.8679342610e+02
1.8657020522e+02
1.8636109463e+02
1.8614213723e+02
1.8590579831e+02
1.8569220431e+02
1.8547764131e+02
1.8520782619e+02
1.8504503548e+02
1.8482467777e+02
1.8459258543e+02
1.8447730375e+02
1.8430910700e+02
1.8414209610e+02
1.8410410817e+02
1.8406612023e+02
1.8426323521e+02
1.8484503340e+02
1.8542683158e+02
