2.7583505865e+02
2.7538729859e+02
2.7628051499e+02
2.7493951025e+02
2.7672450258e+02
2.7449380693e+02
2.7716911000e+02
2.7404834273e+02
2.7762324735e+02
2.7360118067e+02
2.7807735209e+02
2.7315080683e+02
2.7852930122e+02
2.7270038932e+02
2.7897980072e+02
2.7226015422e+02
2.7943026154e+02
2.7182159082e+02
2.7987760415e+02
2.7138002110e+02
2.8032494379e+02
2.7093222370e+02
2.8077470315e+02
2.7048438020e+02
2.8122717926e+02
2.7004242744e+02
2.8167969416e+02
2.6960177290e+02
2.8213204790e+02
2.6916123496e+02
2.8258440182e+02
2.6872061542e+02
2.8303319371e+02
2.6827994346e+02
2.8347798800e+02
2.6783933887e+02
2.8392281125e+02
2.6739874364e+02
2.8437919402e+02
2.6695739970e+02
2.8483632899e+02
2.6651338296e+02
2.8529142910e+02
2.6606930184e+02
2.8574404145e+02
2.6563438383e+02
2.8619670176e+02
2.6520270685e+02
2.8664810332e+02
2.6476946494e+02
2.8709937900e+02
2.6433008141e+02
2.8755072328e+02
2.6389061491e+02
2.8800242223e+02
2.6345423209e+02
2.8845416866e+02
2.6301917596e+02
2.8890829933e+02
2.6258522988e+02
2.8936284402e+02
2.6215601817e+02
2.8981645233e+02
2.6172672981e+02
2.9026853068e+02
2.6129389361e+02
2.9072066923e+02
2.6085918785e+02
2.9117468220e+02
2.6042503274e+02
2.9162913711e+02
2.5999357362e+02
2.9208314649e+02
2.5956202097e+02
2.9253640145e+02
2.5913263471e+02
2.9298972337e+02
2.5870458432e+02
2.9344258532e+02
2.5827698990e+02
2.9389534629e+02
2.5785317912e+02
2.9434649166e+02
2.5742926929e+02
2.9479319969e+02
2.5700250777e+02
2.9523997874e+02
2.5657364296e+02
2.9569656020e+02
2.5614557063e+02
2.9615664848e+02
2.5573010089e+02
2.9661505624e+02
2.5531452814e+02
2.9706812900e+02
2.5489248647e+02
2.9752129148e+02
2.5446485665e+02
2.9797122234e+02
2.5403751736e+02
2.9841977296e+02
2.5361767431e+02
2.9886989481e+02
2.5319771032e+02
2.9932799929e+02
2.9978621021e+02
2.5277955580e+02
3.0023664523e+02
2.5236327140e+02
3.0068303452e+02
2.5194689435e+02
3.0113024282e+02
2.5153242630e+02
3.0158285402e+02
2.5111776497e+02
3.0203556119e+02
2.5070331331e+02
3.0248734562e+02
2.5028916156e+02
3.0293857246e+02
2.4987491189e+02
3.0338966277e+02
2.4946536791e+02
3.0383985171e+02
2.4905590215e+02
3.0429014239e+02
2.4864735269e+02
3.0474036828e+02
2.4824017732e+02
3.0519055772e+02
2.4783289754e+02
3.0564063844e+02
2.4742070039e+02
3.0608905362e+02
2.4700757946e+02
3.0653757644e+02
2.4659887650e+02
3.0698714320e+02
2.4619770479e+02
3.0743761187e+02
2.4579640232e+02
3.0788801456e+02
2.4539775724e+02
3.0833478508e+02
2.4499934174e+02
3.0878166745e+02
2.4460036515e+02
3.0922960880e+02
2.4420044790e+02
3.0967861270e+02
3.1012770720e+02
2.4380041151e+02
3.1057461272e+02
2.4340234978e+02
3.1102168213e+02
2.4300440413e+02
3.1146825219e+02
2.4260775505e+02
3.1191417986e+02
2.4221450034e+02
3.1236020292e+02
2.4182111122e+02
3.1280744465e+02
2.4143168610e+02
3.1325500754e+02
2.4104313350e+02
3.1370134016e+02
2.4065376319e+02
3.1414586326e+02
2.4026234447e+02
3.1459049264e+02
2.3987079895e+02
3.1503205643e+02
2.3948383743e+02
3.1547345623e+02
2.3909817104e+02
3.1591661373e+02
2.3871217966e+02
3.1636261454e+02
2.3832549984e+02
3.1680872363e+02
2.3793866281e+02
3.1725342526e+02
3.1769812507e+02
2.3755975392e+02
3.1814063090e+02
2.3718411259e+02
3.1857859543e+02
2.3680758676e+02
3.1901668028e+02
2.3642753637e+02
3.1945924372e+02
2.3604732291e+02
3.1990306519e+02
2.3567124451e+02
3.2034459515e+02
2.3529707833e+02
3.2078036746e+02
2.3492286597e+02
3.2121626183e+02
2.3454950515e+02
3.2165902982e+02
2.3417597371e+02
3.2210408925e+02
2.3381028092e+02
3.2254631435e+02
2.3344933463e+02
3.2297982407e+02
2.3308731696e+02
3.2341346756e+02
2.3271642833e+02
3.2384838913e+02
3.2428394770e+02
2.3234539993e+02
3.2471966312e+02
2.3197569269e+02
3.2515554277e+02
2.3160641699e+02
3.2559155188e+02
2.3123769755e+02
3.2602756479e+02
2.3088342346e+02
3.2646381469e+02
2.3052894890e+02
3.2689965288e+02
2.3017236616e+02
3.2733288489e+02
2.2981371331e+02
3.2776625535e+02
2.2945491604e+02
3.2819848410e+02
2.2910406886e+02
3.2863028968e+02
2.2875302721e+02
3.2906239642e+02
2.2840440917e+02
3.2949559226e+02
3.2992893487e+02
2.2805809783e+02
3.3035829548e+02
2.2771156033e+02
3.3078528775e+02
2.2735960709e+02
3.3121278271e+02
2.2700731339e+02
3.3164380949e+02
2.2665901337e+02
3.3207498203e+02
2.2631515365e+02
3.3250251558e+02
2.2597105282e+02
3.3292750120e+02
2.2563079995e+02
3.3335280599e+02
2.2529064484e+02
3.3378108525e+02
2.2495127951e+02
3.3420951168e+02
2.2461283222e+02
3.3463663475e+02
3.3506281494e+02
2.2427413449e+02
3.3548912333e+02
2.2394017616e+02
3.3591096827e+02
2.2360661763e+02
3.3633297316e+02
2.2327458594e+02
3.3675471843e+02
2.2294500584e+02
3.3717633941e+02
2.2261516816e+02
3.3759814088e+02
2.2228782093e+02
3.3802161908e+02
2.2196073959e+02
3.3844530296e+02
2.2163422350e+02
3.3886602312e+02
2.2130863249e+02
3.3928325306e+02
3.3970066345e+02
2.2098277378e+02
3.4011950938e+02
2.2066162300e+02
3.4053861850e+02
2.2034141230e+02
3.4095670654e+02
2.2002276181e+02
3.4137341753e+02
2.1970794896e+02
3.4179031544e+02
2.1939286450e+02
3.4220556700e+02
2.1907595837e+02
3.4262076118e+02
2.1875833359e+02
3.4303563600e+02
2.1844376616e+02
3.4345003505e+02
2.1813859389e+02
3.4386462504e+02
3.4427697434e+02
2.1783314410e+02
3.4468907178e+02
2.1752479892e+02
3.4510005956e+02
2.1721521855e+02
3.4550872449e+02
2.1690717810e+02
3.4591758370e+02
2.1660514664e+02
3.4632642611e+02
2.1630282741e+02
3.4673540235e+02
2.1600308941e+02
3.4714360420e+02
2.1570439630e+02
3.4754982153e+02
3.4795623817e+02
2.1540601380e+02
3.4836108332e+02
2.1510950636e+02
3.4876557851e+02
2.1481270340e+02
3.4916984926e+02
2.1451752511e+02
3.4957333862e+02
2.1422312180e+02
3.4997703198e+02
2.1392955652e+02
3.5037916058e+02
2.1364255998e+02
3.5078081891e+02
2.1335525939e+02
3.5118181436e+02
3.5158001155e+02
2.1306905799e+02
3.5197841684e+02
2.1278348484e+02
3.5237637260e+02
2.1249827577e+02
3.5277422901e+02
2.1221845970e+02
3.5317136418e+02
2.1193833250e+02
3.5356438138e+02
2.1165840601e+02
3.5395761121e+02
2.1137858453e+02
3.5435056234e+02
2.1109890614e+02
3.5474344665e+02
3.5513592436e+02
2.1082504171e+02
3.5552487815e+02
2.1055085453e+02
3.5591404891e+02
2.1027838674e+02
3.5630230901e+02
2.1000746135e+02
3.5669004079e+02
2.0973637293e+02
3.5707790672e+02
2.0946980759e+02
3.5746613643e+02
2.0920290934e+02
3.5785459021e+02
3.5823908340e+02
2.0893729132e+02
3.5862058302e+02
2.0867307167e+02
3.5900210988e+02
2.0840854194e+02
3.5938075950e+02
2.0815045378e+02
3.5975963952e+02
2.0789215996e+02
3.6013473183e+02
2.0763379355e+02
3.6050640955e+02
2.0737543569e+02
3.6087826462e+02
3.6125614800e+02
2.0711675168e+02
3.6163426364e+02
2.0686649097e+02
3.6200648437e+02
2.0661648003e+02
3.6237241971e+02
2.0636779954e+02
3.6273857664e+02
2.0612126832e+02
3.6310961153e+02
2.0587440111e+02
3.6348111093e+02
2.0563053198e+02
3.6384918672e+02
3.6421292444e+02
2.0538660515e+02
3.6457690084e+02
2.0514406266e+02
3.6493495226e+02
2.0490423752e+02
3.6529279567e+02
2.0466406314e+02
3.6564923605e+02
2.0442784952e+02
3.6600348257e+02
2.0419188249e+02
3.6635797279e+02
2.0395755487e+02
3.6670823491e+02
3.6705822459e+02
2.0372709956e+02
3.6740572647e+02
2.0349626440e+02
3.6774867211e+02
2.0327160651e+02
3.6809186353e+02
2.0304802076e+02
3.6843232478e+02
2.0282504634e+02
3.6877256172e+02
2.0260426468e+02
3.6911144097e+02
3.6944718504e+02
2.0238308305e+02
3.6978318302e+02
2.0216883323e+02
3.7011418859e+02
2.0195627653e+02
3.7044428399e+02
2.0174445679e+02
3.7077211108e+02
2.0153587782e+02
3.7109375596e+02
2.0132687028e+02
3.7141567396e+02
3.7173236270e+02
2.0112310910e+02
3.7204772313e+02
2.0092084104e+02
3.7236161004e+02
2.0072064695e+02
3.7267027049e+02
2.0053005601e+02
3.7297923011e+02
2.0033898090e+02
3.7327824141e+02
2.0015449572e+02
3.7357370305e+02
3.7386745717e+02
1.9997258757e+02
3.7415353645e+02
1.9979223570e+02
3.7443993268e+02
1.9962216539e+02
3.7471915530e+02
1.9945155426e+02
3.7499534493e+02
1.9929012737e+02
3.7526925046e+02
3.7552988115e+02
1.9913316682e+02
3.7579086538e+02
1.9898029708e+02
3.7604205498e+02
1.9886093494e+02
3.7628812869e+02
1.9874094761e+02
3.7653224754e+02
1.9862961532e+02
3.7675979186e+02
1.9852363625e+02
3.7698775832e+02
3.7719339084e+02
1.9841996656e+02
3.7738466324e+02
1.9834931179e+02
3.7757283712e+02
1.9827787544e+02
3.7772087572e+02
1.9825878970e+02
3.7786943428e+02
1.9827969908e+02
3.7796845170e+02
3.7802922571e+02
1.9829783605e+02
3.7809317272e+02
1.9827073346e+02
3.7821918157e+02
1.9824216677e+02
3.7834607601e+02
1.9940693727e+02
3.7727636937e+02
2.0168676942e+02
3.7509521818e+02
3.7291380753e+02
2.0396725234e+02
