-4.5580364830e-06 -4.4107733251e-06
2.9601814058e-01 9.3395860625e-04
5.8618412835e-01 3.6930458006e-03
8.7040042062e-01 8.2035341496e-03
1.1486172037e+00 1.4418395492e-02
1.4207644588e+00 2.2260494562e-02
1.6867653414e+00 3.1670124492e-02
1.9465595570e+00 4.2591523067e-02
2.2000582071e+00 5.4948854444e-02
2.4472192576e+00 6.8694699137e-02
2.6879490348e+00 8.3754978541e-02
2.9221835842e+00 1.0007272603e-01
3.1498654172e+00 1.1758851546e-01
3.3709105051e+00 1.3622804039e-01
3.5852573468e+00 1.5594621246e-01
3.7928412769e+00 1.7666440001e-01
3.9936026033e+00 1.9832683712e-01
4.1874759029e+00 2.2087441957e-01
4.3743782325e+00 2.4423136982e-01
4.5542973415e+00 2.6835215219e-01
4.7271440622e+00 2.9315208698e-01
4.8928797548e+00 3.1858741599e-01
5.0514431221e+00 3.4458106724e-01
5.2027987445e+00 3.7106961039e-01
5.3468876953e+00 3.9799715488e-01
5.4836947656e+00 4.2528455680e-01
5.6131636693e+00 4.5288305447e-01
5.7352573512e+00 4.8071802342e-01
5.8499676184e+00 5.0872382055e-01
5.9572542948e+00 5.3684044581e-01
6.0570920966e+00 5.6499401305e-01
6.1494866617e+00 5.9313766117e-01
6.2343959048e+00 6.2117637993e-01
6.3118674031e+00 6.4907095243e-01
6.3818576418e+00 6.7675034425e-01
6.4443495496e+00 7.0413331921e-01
6.4993928162e+00 7.3117810411e-01
6.5470062032e+00 7.5780367376e-01
6.5871715644e+00 7.8395157955e-01
6.6199356755e+00 8.0956374217e-01
6.6453403906e+00 8.3456184293e-01
6.6633996977e+00 8.5889236311e-01
6.6741680572e+00 8.8249391897e-01
6.6776967926e+00 9.0529257782e-01
6.6740213019e+00 9.2724039600e-01
6.6632376607e+00 9.4827130783e-01
6.6453752722e+00 9.6831986774e-01
6.6205227285e+00 9.8733469406e-01
6.5887729019e+00 1.0052520679e+00
6.5501826477e+00 1.0220164098e+00
6.5048556868e+00 1.0375718443e+00
6.4529088842e+00 1.0518611760e+00
6.3944138596e+00 1.0648330761e+00
6.3294990440e+00 1.0764361091e+00
6.2582985016e+00 1.0866151717e+00
6.1808876594e+00 1.0953239712e+00
6.0974385499e+00 1.1025165522e+00
6.0080877267e+00 1.1081422175e+00
5.9129393379e+00 1.1121659067e+00
5.8121791934e+00 1.1145427651e+00
5.7059638336e+00 1.1152278023e+00
5.5944223974e+00 1.1141990074e+00
5.4777488734e+00 1.1114134695e+00
5.3561176227e+00 1.1068354480e+00
5.2297041859e+00 1.1004552828e+00
5.0986853352e+00 1.0922326968e+00
4.9632715613e+00 1.0821540935e+00
4.8236716218e+00 1.0702074335e+00
4.6800593236e+00 1.0563668292e+00
4.5326707185e+00 1.0406390818e+00
4.3817368753e+00 1.0230144590e+00
4.2274663169e+00 1.0034898802e+00
4.0701027661e+00 9.8207958033e-01
3.9098844801e+00 9.5878854434e-01
3.7470615984e+00 9.3364157491e-01
3.5819049078e+00 9.0665595414e-01
3.4146843023e+00 8.7786330173e-01
3.2456709062e+00 8.4731935629e-01
3.0751410805e+00 8.1503918362e-01
2.9034215536e+00 7.8110485285e-01
2.7308148609e+00 7.4556309896e-01
2.5576691754e+00 7.0850335558e-01
2.3843208928e+00 6.7000681017e-01
2.2111240063e+00 6.3015586760e-01
2.0384872528e+00 5.8908913446e-01
1.8668368474e+00 5.4690669749e-01
1.6966238126e+00 5.0379227811e-01
1.5283238621e+00 4.5986427887e-01
1.3624674320e+00 4.1533908257e-01
1.1996678516e+00 3.7044143889e-01
1.0406216382e+00 3.2538275629e-01
8.8608301634e-01 2.8055125203e-01
7.3692531140e-01 2.3616730028e-01
5.9420223418e-01 1.9272481917e-01
4.5924201264e-01 1.5072494899e-01
3.3376685618e-01 1.1075164278e-01
2.2007018452e-01 7.3978110277e-02
1.2117076179e-01 4.1153038336e-02
4.3073925393e-02 1.4820475913e-02
-4.6326372065e-05 -2.1741843892e-05
