-1.7054021040e-05 -4.2589211790e-07
-7.8735561205e-06 -1.6407560597e-07
6.5599349086e-01 5.1775810153e-04
6.6518684565e-01 3.4729696706e-04
1.2976028950e+00 2.0324434328e-03
1.3176721852e+00 1.3551393566e-03
1.9248111583e+00 4.5436301016e-03
1.9574481451e+00 3.0233630930e-03
2.5376812961e+00 8.0538761055e-03
2.5844919668e+00 5.3534922993e-03
3.1364215150e+00 1.2501538665e-02
3.1986234116e+00 8.3157192982e-03
3.7210472271e+00 1.7883704131e-02
3.7998081347e+00 1.1900523883e-02
4.2917209953e+00 2.4159616695e-02
4.3880461362e+00 1.6107906054e-02
4.8486040790e+00 3.1253138099e-02
4.9633076494e+00 2.0946502549e-02
5.3917206434e+00 3.9204412244e-02
5.5254147682e+00 2.6367765506e-02
5.9212468199e+00 4.7916153755e-02
6.0743325483e+00 3.2349780466e-02
6.4373457074e+00 5.7346329302e-02
6.6100609898e+00 3.8892547427e-02
6.9399611474e+00 6.7489345122e-02
7.1325401487e+00 4.5976339734e-02
7.4293396150e+00 7.8261265553e-02
7.6415463440e+00 5.3576382827e-02
7.9055272553e+00 8.9554416721e-02
8.1370943538e+00 6.1668202678e-02
8.3686578831e+00 1.0139580781e-01
8.6192134035e+00 7.0233753400e-02
8.8187648744e+00 1.1375274649e-01
9.0877239818e+00 7.9244960277e-02
9.2560403021e+00 1.2645104238e-01
9.5425271797e+00 8.8652397242e-02
9.6805339517e+00 1.3946750415e-01
9.9836229972e+00 9.8456064295e-02
1.0092210174e+01 1.5279931229e-01
1.0410949909e+01 1.0863890543e-01
1.0491260061e+01 1.6632425296e-01
1.0824371043e+01 1.1912152937e-01
1.0877768339e+01 1.7996047890e-01
1.1223882860e+01 1.2989524428e-01
1.1251754850e+01 1.9370335800e-01
1.1609471898e+01 1.4095687345e-01
1.1613229382e+01 2.0748442742e-01
1.1962240460e+01 2.2116055560e-01
1.1980947608e+01 1.5222872505e-01
1.2298810733e+01 2.3472204321e-01
1.2338256526e+01 1.6367723445e-01
1.2623065182e+01 2.4813677714e-01
1.2681493750e+01 1.7528872827e-01
1.2934926719e+01 2.6128523186e-01
1.3010504071e+01 1.8704008045e-01
1.3234426223e+01 2.7408620272e-01
1.3325217995e+01 1.9883159320e-01
1.3521541942e+01 2.8657174370e-01
1.3625646529e+01 2.1066056137e-01
1.3796295020e+01 2.9863731332e-01
1.3911766970e+01 2.2252243697e-01
1.4058566935e+01 3.1022169238e-01
1.4183461090e+01 2.3431243619e-01
1.4308432335e+01 3.2127625469e-01
1.4440714834e+01 2.4600709835e-01
1.4545894870e+01 3.3178394708e-01
1.4683564647e+01 2.5760083890e-01
1.4770805853e+01 3.4166387420e-01
1.4911990034e+01 2.6904178355e-01
1.4983101975e+01 3.5088054561e-01
1.5125926155e+01 2.8023477301e-01
1.5182775008e+01 3.5944201251e-01
1.5325370857e+01 2.9117810412e-01
1.5369779738e+01 3.6728541987e-01
1.5510326590e+01 3.0186019532e-01
1.5543984951e+01 3.7436455439e-01
1.5680841498e+01 3.1218051446e-01
1.5705379716e+01 3.8066874609e-01
1.5836915853e+01 3.2211992750e-01
1.5853913761e+01 3.8618255592e-01
1.5978542294e+01 3.3167866692e-01
1.5989342893e+01 3.9089002410e-01
1.6105729772e+01 3.4077297328e-01
1.6111639244e+01 3.9480198493e-01
1.6218526825e+01 3.4933850834e-01
1.6220824082e+01 3.9785990694e-01
1.6316736946e+01 4.0009218950e-01
1.6317022961e+01 3.5739614454e-01
1.6399213314e+01 4.0147966148e-01
1.6401144259e+01 3.6491505196e-01
1.6468300783e+01 4.0203772802e-01
1.6471025377e+01 3.7180085990e-01
1.6523905015e+01 4.0176211813e-01
1.6526715917e+01 3.7804839353e-01
1.6565824617e+01 4.0070478608e-01
1.6568216840e+01 3.8365177990e-01
1.6594022321e+01 3.9883843690e-01
1.6595640113e+01 3.8854233299e-01
1.6608480825e+01 3.9615060412e-01
1.6609061441e+01 3.9270860772e-01
