-2.1013669920e-06 -6.1666116534e-07
2.8203158482e-01 9.2478921027e-04
5.5857405780e-01 3.6607733941e-03
8.2953747442e-01 8.1351604834e-03
1.0948594654e+00 1.4297876007e-02
1.3544426318e+00 2.2069272061e-02
1.6082465148e+00 3.1406537213e-02
1.8561750469e+00 4.2225347084e-02
2.0981652507e+00 5.4481728134e-02
2.3341247708e+00 6.8106147864e-02
2.5639928308e+00 8.3030131587e-02
2.7876868136e+00 9.9206922778e-02
3.0051380008e+00 1.1655495767e-01
3.2162681515e+00 1.3503035517e-01
3.4210140164e+00 1.5455924172e-01
3.6193015357e+00 1.7507790442e-01
3.8110702831e+00 1.9653466498e-01
3.9962448220e+00 2.1884840455e-01
4.1747710163e+00 2.4197341856e-01
4.3465874683e+00 2.6583743512e-01
4.5116335585e+00 2.9037445748e-01
4.6698477339e+00 3.1552802849e-01
4.8211759651e+00 3.4122231524e-01
4.9655824512e+00 3.6740878436e-01
5.1030194239e+00 3.9400416316e-01
5.2334371437e+00 4.2096150962e-01
5.3568120420e+00 4.4820503214e-01
5.4730773788e+00 4.7566283978e-01
5.5822326447e+00 5.0328837264e-01
5.6842513317e+00 5.3100100415e-01
5.7791169298e+00 5.5874293829e-01
5.8667980320e+00 5.8644889753e-01
5.9472734529e+00 6.1404306483e-01
6.0205738027e+00 6.4147551985e-01
6.0866493156e+00 6.6867102252e-01
6.1455347375e+00 6.9556671221e-01
6.1972434230e+00 7.2209700703e-01
6.2417725758e+00 7.4820319038e-01
6.2791537693e+00 7.7381806310e-01
6.3094142083e+00 7.9887110650e-01
6.3325575395e+00 8.2330630446e-01
6.3486501445e+00 8.4706012486e-01
6.3577290800e+00 8.7006449254e-01
6.3598374460e+00 8.9227123715e-01
6.3550284891e+00 9.1360604042e-01
6.3433676554e+00 9.3400986325e-01
6.3249262963e+00 9.5343405833e-01
6.2997885044e+00 9.7181232983e-01
6.2679869049e+00 9.8908179449e-01
6.2296695368e+00 1.0052013517e+00
6.1849028782e+00 1.0201043494e+00
6.1337623345e+00 1.0337385895e+00
6.0763862938e+00 1.0460582916e+00
6.0128810729e+00 1.0570104707e+00
5.9433348095e+00 1.0665396752e+00
5.8679141441e+00 1.0746115781e+00
5.7867116119e+00 1.0811704533e+00
5.6999056234e+00 1.0861785601e+00
5.6076061460e+00 1.0895988887e+00
5.5099688446e+00 1.0913861805e+00
5.4071361875e+00 1.0915054130e+00
5.2993013988e+00 1.0899234596e+00
5.1865983158e+00 1.0866132993e+00
5.0692337139e+00 1.0815507074e+00
4.9473714180e+00 1.0746986734e+00
4.8211854014e+00 1.0660527375e+00
4.6908819248e+00 1.0555854841e+00
4.5566655257e+00 1.0432853387e+00
4.4187406284e+00 1.0291518409e+00
4.2772942207e+00 1.0131651655e+00
4.1325684609e+00 9.9533940637e-01
3.9847978363e+00 9.7567383712e-01
3.8341741605e+00 9.5417436204e-01
3.6809749282e+00 9.3086639152e-01
3.5254233118e+00 9.0576308433e-01
3.3677900784e+00 8.7890046219e-01
3.2083306142e+00 8.5029787642e-01
3.0473154030e+00 8.2002523890e-01
2.8850315211e+00 7.8809921830e-01
2.7217548172e+00 7.5459797245e-01
2.5578346305e+00 7.1958937082e-01
2.3935600630e+00 6.8313691347e-01
2.2292835744e+00 6.4536002317e-01
2.0653490926e+00 6.0631816300e-01
1.9021272591e+00 5.6614926840e-01
1.7400366450e+00 5.2498515392e-01
1.5795132761e+00 4.8295124127e-01
1.4210336816e+00 4.4025715538e-01
1.2650970315e+00 3.9703058867e-01
1.1122690573e+00 3.5354446595e-01
9.6319159024e-01 3.0999827656e-01
8.1862492551e-01 2.6671317548e-01
6.7939981131e-01 2.2405228819e-01
5.4652007152e-01 1.8236067160e-01
4.2118402226e-01 1.4220414813e-01
3.0499252225e-01 1.0413075274e-01
2.0010842798e-01 6.9109821817e-02
1.0943558510e-01 3.8274731398e-02
3.8191998641e-02 1.3064706181e-02
-9.3777014583e-06 -3.0156256398e-06
