5.6306760198e+02
5.6325485562e+02
5.6344220200e+02
5.6362964245e+02
5.6381196460e+02
5.6396608092e+02
5.6404327059e+02
5.6408177139e+02
5.6412045693e+02
5.6415932968e+02
5.6419001067e+02
5.6417239057e+02
5.6415495268e+02
5.6413769930e+02
5.6412063274e+02
5.6404633708e+02
5.6395832490e+02
5.6387200738e+02
5.6379489518e+02
5.6369527367e+02
5.6356182075e+02
5.6342597138e+02
5.6329041554e+02
5.6315764936e+02
5.6301299782e+02
5.6284463148e+02
5.6267658138e+02
5.6250884026e+02
5.6231013613e+02
5.6210066564e+02
5.6189153881e+02
5.6168535908e+02
5.6147887561e+02
5.6124372512e+02
5.6101161819e+02
5.6077987269e+02
5.6054849216e+02
5.6028695562e+02
5.6001701043e+02
5.5974746981e+02
5.5947833760e+02
5.5919368120e+02
5.5890811617e+02
5.5862296114e+02
5.5833821983e+02
5.5803683499e+02
5.5772287115e+02
5.5741281633e+02
5.5710360429e+02
5.5676656880e+02
5.5643183115e+02
5.5610466282e+02
5.5577796587e+02
5.5542557032e+02
5.5506555281e+02
5.5471124301e+02
5.5435871358e+02
5.5400246042e+02
5.5361608162e+02
5.5323026455e+02
5.5284501368e+02
5.5246388461e+02
5.5207567727e+02
5.5167227156e+02
5.5126982062e+02
5.5086795318e+02
5.5046667369e+02
5.5004311224e+02
5.4961158212e+02
5.4918068454e+02
5.4875305458e+02
5.4832119512e+02
5.4786574497e+02
5.4741098224e+02
5.4695691184e+02
5.4650353869e+02
5.4604004468e+02
5.4556305326e+02
5.4508675531e+02
5.4461115560e+02
5.4413625892e+02
5.4364267417e+02
5.4314000970e+02
5.4263808308e+02
5.4213689922e+02
5.4163646307e+02
5.4112333308e+02
5.4059447330e+02
5.4006640810e+02
5.3953914261e+02
5.3901268197e+02
5.3847167265e+02
5.3791785724e+02
5.3736391126e+02
5.3681083121e+02
5.3625709598e+02
5.3567310425e+02
5.3509003751e+02
5.3450790142e+02
5.3392670161e+02
5.3333296511e+02
5.3272776603e+02
5.3212351436e+02
5.3152021572e+02
5.3091787571e+02
5.3030357325e+02
5.2967005728e+02
5.2903344552e+02
5.2839786437e+02
5.2776278896e+02
5.2709873340e+02
5.2643577878e+02
5.2577393129e+02
5.2511267330e+02
5.2442950468e+02
5.2374745365e+02
5.2306652638e+02
5.2238672900e+02
5.2168577634e+02
5.2096900329e+02
5.2025445934e+02
5.1954197542e+02
5.1881138163e+02
5.1806373116e+02
5.1731735056e+02
5.1657224648e+02
5.1583966162e+02
5.1506392407e+02
5.1429028476e+02
5.1351794418e+02
5.1274690897e+02
5.1197718577e+02
5.1117876739e+02
5.1036737174e+02
5.0955531521e+02
5.0874268771e+02
5.0793087811e+02
5.0707967078e+02
5.0622997228e+02
5.0538178997e+02
5.0453513122e+02
5.0366425096e+02
5.0278571086e+02
5.0191405340e+02
5.0104389201e+02
5.0017523380e+02
4.9926273595e+02
4.9834157945e+02
4.9741474667e+02
4.9648951808e+02
4.9556590111e+02
4.9464501230e+02
4.9369041072e+02
4.9272039753e+02
4.9175240566e+02
4.9078611368e+02
4.8982152925e+02
4.8881634679e+02
4.8781093359e+02
4.8680733396e+02
4.8580043954e+02
4.8477565883e+02
4.8371304129e+02
4.8266796054e+02
4.8163432483e+02
4.8060245547e+02
4.7954307755e+02
4.7846319596e+02
4.7736753374e+02
4.7627180190e+02
4.7517794809e+02
4.7408014757e+02
4.7295542729e+02
4.7183269004e+02
4.7069164692e+02
4.6954203565e+02
4.6839074047e+02
4.6721682446e+02
4.6604497526e+02
4.6487520133e+02
4.6368329058e+02
4.6248250567e+02
4.6125593882e+02
4.6003152460e+02
4.5880927164e+02
4.5758918855e+02
4.5633958641e+02
4.5506278454e+02
4.5378854685e+02
4.5252815566e+02
4.5126977119e+02
4.5000170126e+02
4.4869259260e+02
4.4737763105e+02
4.4606473911e+02
4.4475392474e+02
4.4342825199e+02
4.4209080601e+02
4.4074644448e+02
4.3937081188e+02
4.3799731446e+02
4.3662293095e+02
4.3523763755e+02
4.3385454932e+02
4.3246475899e+02
4.3103633779e+02
4.2960792722e+02
4.2817262135e+02
4.2673954032e+02
4.2530869223e+02
4.2385579962e+02
4.2238114955e+02
4.2090116224e+02
4.1942339022e+02
4.1794784140e+02
4.1647452371e+02
4.1496390372e+02
4.1343829243e+02
4.1191427707e+02
4.1039245274e+02
4.0887282710e+02
4.0734990212e+02
4.0578204307e+02
4.0421625562e+02
4.0265438231e+02
4.0110008550e+02
3.9954765209e+02
3.9797785271e+02
3.9637279120e+02
3.9476950327e+02
3.9316799491e+02
3.9156827211e+02
3.8997044986e+02
3.8838170794e+02
3.8673898875e+02
3.8509792597e+02
3.8345852509e+02
3.8182079161e+02
3.8019585731e+02
3.7853684451e+02
3.7686900432e+02
3.7520269314e+02
3.7353791592e+02
3.7187875215e+02
3.7021418089e+02
3.6852246235e+02
3.6683208560e+02
3.6514305493e+02
3.6345537464e+02
3.6177930838e+02
3.6006817672e+02
3.5835818266e+02
3.5664932980e+02
3.5494162169e+02
3.5324475885e+02
3.5152635646e+02
3.4981055413e+02
3.4809878391e+02
3.4638812769e+02
3.4465882038e+02
3.4291857396e+02
3.4120913313e+02
3.3950049393e+02
3.3779265879e+02
3.3603176449e+02
3.3425906519e+02
3.3254476727e+02
3.3084126527e+02
3.2913824301e+02
3.2739149473e+02
3.2563354512e+02
3.2387603519e+02
3.2215348747e+02
3.2045852211e+02
3.1872436484e+02
3.1698665064e+02
3.1524903935e+02
3.1351153129e+02
3.1180024200e+02
3.1009003223e+02
3.0837015025e+02
3.0665005580e+02
3.0492922044e+02
3.0320630977e+02
3.0148413497e+02
2.9978624694e+02
2.9808774077e+02
2.9638861471e+02
2.9468886701e+02
2.9296232671e+02
2.9125840759e+02
2.8959378292e+02
2.8792819240e+02
2.8626163334e+02
2.8457640301e+02
2.8288591982e+02
2.8119441792e+02
2.7954949451e+02
2.7792327610e+02
2.7628210601e+02
2.7463649518e+02
2.7298953555e+02
2.7134122346e+02
2.6970158429e+02
2.6811105218e+02
2.6650887693e+02
2.6490479992e+02
2.6329881606e+02
2.6169092023e+02
2.6009018493e+02
2.5848886753e+02
2.5691843866e+02
2.5537138596e+02
2.5382212014e+02
2.5228463247e+02
2.5074855694e+02
2.4921028801e+02
2.4766981994e+02
2.4614817541e+02
2.4467340976e+02
2.4318109641e+02
2.4168603009e+02
2.4018820368e+02
2.3869283590e+02
2.3722355682e+02
2.3575709843e+02
2.3432405212e+02
2.3288805010e+02
2.3147024819e+02
2.3006825913e+02
2.2866336801e+02
2.2724592923e+02
2.2587937228e+02
2.2450963362e+02
2.2313670528e+02
2.2176057931e+02
2.2042510548e+02
2.1910152917e+02
2.1777445798e+02
2.1644388327e+02
2.1510979640e+02
2.1382655044e+02
2.1256228576e+02
2.1129457373e+02
2.1001104478e+02
2.0878172867e+02
2.0754866313e+02
2.0631183909e+02
2.0508198688e+02
2.0386925166e+02
2.0268556196e+02
2.0149801336e+02
2.0031464630e+02
1.9916656116e+02
1.9801471634e+02
1.9687028041e+02
1.9573042583e+02
1.9462687182e+02
1.9355797959e+02
1.9247850138e+02
1.9137127216e+02
1.9026003564e+02
1.8923183930e+02
1.8819980742e+02
1.8716374715e+02
1.8612204610e+02
1.8513977240e+02
1.8414803699e+02
1.8314370680e+02
1.8213526814e+02
1.8117615122e+02
1.8024010902e+02
1.7930016327e+02
1.7836007144e+02
1.7741865904e+02
1.7654238999e+02
1.7567573882e+02
1.7477802245e+02
1.7387622656e+02
1.7299134748e+02
1.7216702987e+02
1.7133886583e+02
1.7050684678e+02
1.6967079823e+02
1.6886602963e+02
1.6810201731e+02
1.6731698667e+02
1.6652806921e+02
1.6573525637e+02
1.6499137464e+02
1.6427706741e+02
1.6355905578e+02
1.6283733167e+02
1.6211188699e+02
1.6143234880e+02
1.6076048854e+02
1.6008506513e+02
1.5940607088e+02
1.5872349807e+02
1.5806356910e+02
1.5744478064e+02
1.5682566138e+02
1.5620349556e+02
1.5557781465e+02
1.5500206835e+02
1.5443581584e+02
1.5386612022e+02
1.5329297419e+02
1.5272905757e+02
1.5220067032e+02
1.5166908646e+02
1.5113429928e+02
1.5059630209e+02
1.5008190918e+02
1.4958675838e+02
1.4908751403e+02
1.4858505889e+02
1.4813154374e+02
1.4768356358e+02
1.4723250607e+02
1.4677871213e+02
1.4634205260e+02
1.4592859027e+02
1.4550427172e+02
1.4507242560e+02
1.4467412757e+02
1.4429281779e+02
1.4389865771e+02
1.4350160289e+02
1.4311913767e+02
1.4276130460e+02
1.4242232970e+02
1.4208067224e+02
1.4173632685e+02
1.4138928815e+02
1.4105575594e+02
1.4074862006e+02
1.4044858602e+02
1.4014603962e+02
1.3984097590e+02
1.3954929408e+02
1.3926833638e+02
1.3898500701e+02
1.3869930130e+02
1.3845267339e+02
1.3820553366e+02
1.3796283821e+02
1.3772115674e+02
1.3747727647e+02
1.3725158327e+02
1.3703436177e+02
1.3682122911e+02
1.3661640577e+02
1.3640954967e+02
1.3622625381e+02
1.3604288688e+02
1.3586511490e+02
1.3568795122e+02
1.3551467308e+02
1.3537022604e+02
1.3522404580e+02
1.3507380795e+02
1.3491587580e+02
1.3479304888e+02
1.3467694823e+02
1.3456061387e+02
1.3444270114e+02
1.3432320708e+02
1.3423345875e+02
1.3414703827e+02
1.3407308662e+02
1.3399771812e+02
1.3392093014e+02
1.3387272608e+02
1.3382317605e+02
1.3378805652e+02
1.3375522576e+02
1.3372874198e+02
1.3371937296e+02
1.3370878503e+02
1.3373187546e+02
1.3376207953e+02
1.3379126841e+02
1.3383381347e+02
1.3389878320e+02
1.3396291899e+02
1.3402944752e+02
1.3413558487e+02
1.3426057843e+02
1.3438497788e+02
1.3451462430e+02
1.3468463451e+02
1.3485757976e+02
1.3507759622e+02
1.3529946873e+02
1.3553501856e+02
1.3582723453e+02
1.3612589336e+02
1.3644076798e+02
1.3681167624e+02
