3.3105448747e+02
3.3100737606e+02
3.3096026465e+02
3.3091315324e+02
3.3086604183e+02
3.3082157486e+02
3.3077742272e+02
3.3073327058e+02
3.3069048968e+02
3.3064764560e+02
3.3060480152e+02
3.3056201634e+02
3.3052098312e+02
3.3047994990e+02
3.3043891668e+02
3.3039951808e+02
3.3035832455e+02
3.3031713101e+02
3.3027593748e+02
3.3023442124e+02
3.3019250426e+02
3.3015058728e+02
3.3010922235e+02
3.3006790251e+02
3.2908241375e+02
3.2901765345e+02
3.2895272361e+02
3.2888772430e+02
3.2882272499e+02
3.2875788381e+02
3.2869272648e+02
3.2862680840e+02
3.2856089032e+02
3.2849502557e+02
3.2842938362e+02
3.2836374167e+02
3.2829509065e+02
3.2822584791e+02
3.2815912587e+02
3.2809447793e+02
3.2803004521e+02
3.2796817732e+02
3.2790369391e+02
3.2783597771e+02
3.2777407668e+02
3.2771654433e+02
3.2765901198e+02
3.2760579939e+02
3.2755654975e+02
3.2750333227e+02
3.2745011479e+02
3.2740849727e+02
3.2737327988e+02
3.2733806248e+02
3.2729936000e+02
3.2726694449e+02
3.2723479807e+02
3.2720265164e+02
3.2719577189e+02
3.2719036721e+02
3.2717148914e+02
3.2717013498e+02
3.2717361350e+02
3.2717737918e+02
3.2720084666e+02
3.2722083544e+02
3.2724082422e+02
3.2728230732e+02
3.2732796641e+02
3.2737112188e+02
3.2742813884e+02
3.2749763681e+02
3.2756713477e+02
3.2765494746e+02
3.2775665207e+02
3.2784504584e+02
3.2794676407e+02
3.2807015886e+02
3.2819376944e+02
3.2833091584e+02
3.2848058157e+02
3.2862645969e+02
3.3002390403e+02
3.2997817508e+02
3.2993244613e+02
3.2988645256e+02
3.2983886913e+02
3.2979128569e+02
3.2974316291e+02
3.2969492996e+02
3.2964297650e+02
3.2959031687e+02
3.2953761871e+02
3.2948487853e+02
3.2943004890e+02
3.2937349112e+02
3.2931641366e+02
3.2925933619e+02
3.2920069213e+02
3.2914156126e+02
