7.9081853413e+02
7.9116507382e+02
7.9081971597e+02
7.9116608119e+02
7.9082107108e+02
7.9116691308e+02
7.9082259811e+02
7.9116756865e+02
7.9082429552e+02
7.9116804724e+02
7.9082616159e+02
7.9116834836e+02
7.9082819445e+02
7.9116847172e+02
7.9083039205e+02
7.9116841719e+02
7.9083275218e+02
7.9116818483e+02
7.9083527246e+02
7.9116777486e+02
7.9083795035e+02
7.9116718771e+02
7.9084078316e+02
7.9116642396e+02
7.9084376804e+02
7.9116548438e+02
7.9084690198e+02
7.9116436992e+02
7.9085018182e+02
7.9116308171e+02
7.9085360426e+02
7.9116162103e+02
7.9085716586e+02
7.9115998936e+02
7.9086086303e+02
7.9115818834e+02
7.9086469204e+02
7.9115621978e+02
7.9086864904e+02
7.9115408568e+02
7.9087273005e+02
7.9115178816e+02
7.9087693096e+02
7.9114932956e+02
7.9088124754e+02
7.9114671235e+02
7.9088567543e+02
7.9114393915e+02
7.9089021019e+02
7.9114101277e+02
7.9089484725e+02
7.9113793614e+02
7.9089958193e+02
7.9113471238e+02
7.9090440947e+02
7.9113134471e+02
7.9090932501e+02
7.9112783654e+02
7.9091432361e+02
7.9112419140e+02
7.9091940021e+02
7.9112041296e+02
7.9092454972e+02
7.9111650501e+02
7.9092976695e+02
7.9111247151e+02
7.9093504665e+02
7.9110831650e+02
7.9094038350e+02
7.9110404417e+02
7.9094577212e+02
7.9109965883e+02
7.9095120709e+02
7.9109516488e+02
7.9095668294e+02
7.9109056686e+02
7.9096219416e+02
7.9108586940e+02
7.9096773518e+02
7.9108107722e+02
7.9097330045e+02
7.9107619514e+02
7.9097888434e+02
7.9107122810e+02
7.9098448125e+02
7.9106618108e+02
7.9099008553e+02
7.9106105917e+02
7.9099569153e+02
7.9105586752e+02
7.9100129363e+02
7.9105061137e+02
7.9100688617e+02
7.9104529600e+02
7.9101246352e+02
7.9103992677e+02
7.9101802007e+02
7.9103450909e+02
7.9102355022e+02
7.9102904840e+02
