7.5596845069e-04 1.0201616309e-07
1.1735954223e-03 2.4166917017e-06
5.4888008915e-05 3.3343433852e-07
1.1973575657e-03 4.8300667990e-06
8.1842968452e-04 -3.1770829871e-06
8.4167953377e-04 5.4204251326e-06
1.1921263397e-03 -7.6328230943e-06
9.8590786818e-05 1.3030426278e-06
1.1720149091e-03 -1.0092687573e-05
7.3039537389e-04 7.7156018786e-06
7.6619558048e-04 -8.3337835988e-06
1.1645099276e-03 1.4590726328e-05
1.9622617021e-05 -5.5627606493e-08
1.2057828200e-03 1.7567143535e-05
7.9200596450e-04 -1.1811141063e-05
8.6210492840e-04 1.4624391429e-05
1.1753421517e-03 -2.0212609511e-05
1.3384673113e-04 3.0951934684e-06
1.1777687929e-03 -2.4102019846e-05
7.0996062978e-04 1.5119586286e-05
7.9776065343e-04 -1.9121328989e-05
1.1610927267e-03 2.6905066701e-05
2.4268110422e-05 -6.1852634573e-07
1.2136729973e-03 3.1183332506e-05
7.6502782912e-04 -1.9445119234e-05
8.8590717587e-04 2.5607688397e-05
1.1620124825e-03 -3.2084382118e-05
1.7412499500e-04 6.1252620224e-06
1.1830263164e-03 -3.4852190060e-05
6.7775243206e-04 2.2020935798e-05
8.1948267698e-04 -2.5748270460e-05
1.1453423902e-03 3.9026909692e-05
6.1240305835e-05 -1.8762175765e-06
1.2226632613e-03 4.3693395677e-05
7.3420883624e-04 -2.6175786685e-05
9.1109845338e-04 3.4665865803e-05
1.1454727793e-03 -4.3370957986e-05
2.1062941348e-04 8.9934779497e-06
1.1800377037e-03 -4.7498023696e-05
6.5359283273e-04 2.7922733054e-05
8.3335015731e-04 -3.5797246762e-05
1.1360920178e-03 5.0466772400e-05
9.9827686029e-05 -4.5200458421e-06
1.2233447512e-03 5.6765142457e-05
7.0866440695e-04 -3.2691486585e-05
9.2679719237e-04 4.5343199067e-05
1.1310527032e-03 -5.4507146042e-05
2.4521789616e-04 1.3191817567e-05
1.1752459964e-03 -5.8773274787e-05
6.2290601853e-04 3.3686146911e-05
8.4286078773e-04 -4.3990898057e-05
1.1209248451e-03 6.2033922514e-05
1.3305185854e-04 -7.1865690925e-06
1.2251679262e-03 6.9534038443e-05
6.8136879081e-04 -3.8320327059e-05
9.4250571733e-04 5.5672718733e-05
1.1156924257e-03 -6.5057152939e-05
2.7865308509e-04 1.7543490179e-05
1.1714022440e-03 -7.0629394511e-05
5.9482191370e-04 3.6077806734e-05
8.5725899950e-04 -5.3673808508e-05
1.1064398877e-03 7.0405747443e-05
1.6911449096e-04 -1.0975764971e-05
1.2256832186e-03 8.3352639710e-05
6.5197714836e-04 -4.3252897851e-05
9.6670150643e-04 6.8726710303e-05
1.0969086632e-03 -7.5126808701e-05
3.1713234257e-04 2.4051332610e-05
1.1663724733e-03 -8.2377207174e-05
5.6574621851e-04 4.2769395727e-05
8.7048119980e-04 -6.3508494621e-05
1.0911709738e-03 8.3946231758e-05
2.0238018505e-04 -1.5297072773e-05
1.2245643390e-03 9.6837235625e-05
6.1835278524e-04 -4.7587522612e-05
9.8635438478e-04 8.0759801723e-05
1.0745664821e-03 -8.4774548824e-05
3.5028886847e-04 3.0167803314e-05
1.1588073312e-03 -9.3510979908e-05
5.3225747186e-04 4.5996275434e-05
8.7931755070e-04 -7.2847415077e-05
1.0743094982e-03 9.4018605394e-05
2.3398879813e-04 -1.9989941900e-05
5.8422002825e-04 -5.0904607472e-05
1.2215610925e-03 1.0948948488e-04
1.0512143262e-03 -9.3581680814e-05
9.8386182293e-04 9.1053119603e-05
1.1543872920e-03 -1.0487141603e-04
3.7253694176e-04 3.6143390502e-05
8.9573665098e-04 -8.3358321097e-05
5.0136471155e-04 4.9000425989e-05
2.6583863900e-04 -2.5471483273e-05
1.0563516270e-03 1.0418180637e-04
5.5070515170e-04 -5.3556697542e-05
1.2138304093e-03 1.2219902779e-04
1.0285934812e-03 -1.0189999475e-04
9.9330418037e-04 1.0332176266e-04
1.1460747436e-03 -1.1569440947e-04
4.0368364771e-04 4.3867851899e-05
9.0624936355e-04 -9.3528106365e-05
4.6287531317e-04 5.0656424504e-05
2.9624134330e-04 -3.1469621038e-05
1.0258091428e-03 1.1268998622e-04
5.1571000712e-04 -5.5479219734e-05
1.2083617328e-03 1.3441838938e-04
1.0024391730e-03 -1.0951577527e-04
1.0149695840e-03 1.1533923760e-04
1.1335573432e-03 -1.2652869273e-04
4.3789252184e-04 5.1379171901e-05
9.0991789573e-04 -1.0505004402e-04
4.2881176259e-04 5.0941474169e-05
3.2504183288e-04 -3.8879662765e-05
1.0058484036e-03 1.2037679153e-04
4.8676636078e-04 -5.7457403982e-05
1.2003680988e-03 1.4708442277e-04
9.8099543936e-04 -1.1709051570e-04
1.0145182660e-03 1.2674415092e-04
1.1213264409e-03 -1.3577195651e-04
4.5978489122e-04 5.9233786190e-05
9.0934052439e-04 -1.1213117100e-04
3.9578366839e-04 5.2089935199e-05
3.4699744972e-04 -4.3778651553e-05
9.8156211727e-04 1.2925601553e-04
4.5543235214e-04 -5.8127888410e-05
1.1851078676e-03 1.5861388414e-04
9.5910020413e-04 -1.2382722061e-04
1.0328409047e-03 1.4060012896e-04
1.1072731615e-03 -1.4506504703e-04
4.9619548729e-04 6.9466791938e-05
9.1234828287e-04 -1.2174877909e-04
3.5638088089e-04 5.1146112516e-05
3.7197464550e-04 -5.0747341858e-05
9.4960513311e-04 1.3573346321e-04
4.2173177733e-04 -5.8180910823e-05
1.1759343066e-03 1.7048373235e-04
9.3231228591e-04 -1.2973711510e-04
1.0281483633e-03 1.5151908577e-04
1.0934051945e-03 -1.5390992704e-04
5.1130158041e-04 7.7401669478e-05
9.1462160510e-04 -1.3072862276e-04
3.2680361887e-04 5.0726555782e-05
3.9408143735e-04 -5.7408932875e-05
9.3639829317e-04 1.4423357097e-04
3.9069309676e-04 -5.7494849086e-05
1.1643690131e-03 1.8178679918e-04
9.1094380137e-04 -1.3532407594e-04
1.0781207855e-03 -1.6291572224e-04
1.0303412490e-03 1.6321380995e-04
9.2136863367e-04 -1.4239165898e-04
5.3411656529e-04 8.6620809871e-05
4.2158006674e-04 -6.6820518293e-05
2.8803440287e-04 4.8153028862e-05
3.5268973711e-04 -5.5883572364e-05
9.0177273806e-04 1.4909755768e-04
8.7508685166e-04 -1.3918368344e-04
1.1496994926e-03 1.9228616281e-04
1.0635359819e-03 -1.7129378639e-04
1.0346384782e-03 1.7520646269e-04
9.1810330916e-04 -1.4938539775e-04
5.5738160214e-04 9.6409954794e-05
4.3876045088e-04 -7.2575150008e-05
2.5175616725e-04 4.5182803224e-05
3.2088400844e-04 -5.3998872542e-05
8.7069954744e-04 1.5385974442e-04
8.5017172637e-04 -1.4354201735e-04
1.1302589152e-03 2.0168562448e-04
1.0457778318e-03 -1.7858445504e-04
1.0340448493e-03 1.8637496328e-04
9.2465963384e-04 -1.5959550632e-04
5.7688317911e-04 1.0597341476e-04
4.6460824767e-04 -8.1504987283e-05
2.2148384194e-04 4.2280930441e-05
2.7918832289e-04 -4.9909109635e-05
8.6084479053e-04 1.6114501784e-04
8.0509051558e-04 -1.4389147616e-04
1.1198323723e-03 2.1212974071e-04
1.0237589315e-03 -1.8493064110e-04
1.0239747914e-03 1.9680916306e-04
9.1031426433e-04 -1.6726706510e-04
5.8719128687e-04 1.1516042295e-04
4.7318387270e-04 -8.8731239596e-05
1.8197598945e-04 3.7374442457e-05
2.5548992734e-04 -4.8395689505e-05
8.1553542340e-04 1.6248698944e-04
7.9253622743e-04 -1.4943283640e-04
1.0937578973e-03 2.1996717391e-04
1.0056112666e-03 -1.9140003630e-04
1.0346028668e-03 2.1103608332e-04
9.0239961808e-04 -1.7330036089e-04
4.8644624975e-04 -9.4771124704e-05
6.2016342131e-04 1.2901646284e-04
2.2387720489e-04 -4.4574013852e-05
1.4464249091e-04 3.1919160744e-05
7.6549410616e-04 -1.5164598816e-04
7.7751130787e-04 1.6409470848e-04
9.8550098778e-04 -1.9699588838e-04
1.0697047316e-03 2.2742099838e-04
8.9645147363e-04 -1.8090943859e-04
1.0217069706e-03 2.1895888976e-04
5.0032142891e-04 -1.0240776488e-04
6.2549318974e-04 1.3604930635e-04
1.9107086603e-04 -4.0084658187e-05
1.0999235140e-04 2.5850179697e-05
7.3590688302e-04 -1.5288990197e-04
7.5065882720e-04 1.6691108320e-04
9.6488026776e-04 -2.0215405899e-04
1.0486887312e-03 2.3465247127e-04
8.8842722326e-04 -1.8783951790e-04
1.0134198927e-03 2.2854688038e-04
5.1159003581e-04 -1.0963689612e-04
6.3819530375e-04 1.4599159373e-04
1.5982715434e-04 -3.5286735172e-05
7.4725224034e-05 1.9074833991e-05
7.0817855337e-04 -1.5399163634e-04
7.1682806164e-04 1.6767576315e-04
9.4381524699e-04 -2.0682483143e-04
1.0256217699e-03 2.4134390231e-04
8.8010185351e-04 -1.9455115263e-04
1.0000725013e-03 2.3762759829e-04
5.2204031287e-04 -1.1693654366e-04
6.4105020166e-04 1.5475709949e-04
1.2632457320e-04 -2.9455152751e-05
3.7769204334e-05 1.1313117358e-05
6.7442100872e-04 -1.5311231246e-04
9.1980479261e-04 -2.1045312576e-04
6.9189275400e-04 1.6979957694e-04
8.7494377079e-04 -2.0310136896e-04
1.0067348739e-03 2.4832802564e-04
5.3773031313e-04 -1.2701443317e-04
9.8767368291e-04 2.4568233952e-04
9.7340705882e-05 -2.4135978837e-05
6.4707180870e-04 1.6323084468e-04
6.4239863125e-04 -1.5227825161e-04
6.1587818189e-06 3.7409354600e-06
8.9635673533e-04 -2.1370369561e-04
6.5716600235e-04 1.6894206872e-04
8.6754183960e-04 -2.0826845996e-04
9.7875295533e-04 2.5284941226e-04
5.4784163671e-04 -1.3299491275e-04
9.7627982645e-04 2.5439372302e-04
6.5057351030e-05 -1.7065199319e-05
6.5585979184e-04 1.7331518345e-04
6.0817884744e-04 -1.4987297758e-04
2.0199202434e-05 7.6574773405e-06
8.7095032807e-04 -2.1576944859e-04
6.2897773747e-04 1.6912095131e-04
8.5678128307e-04 -2.1380677061e-04
9.5621636108e-04 2.5813069769e-04
5.5527055138e-04 -1.4013686888e-04
9.6174386229e-04 2.6156630291e-04
3.6242850409e-05 -1.0520680138e-05
6.6006610502e-04 1.8174073338e-04
5.8199551782e-04 -1.4903266477e-04
8.4822581413e-04 -2.1813494752e-04
5.3997862887e-05 1.7021166749e-05
8.3844834870e-04 -2.1695021836e-04
5.8785102176e-04 1.6505694890e-04
5.5330492357e-04 -1.4470767564e-04
9.2096444282e-04 2.5940503677e-04
7.8473757070e-06 -3.4876870466e-06
9.4976956143e-04 2.6904057467e-04
5.5585439847e-04 -1.4710365416e-04
6.7095544040e-04 1.9213829706e-04
8.2622155267e-04 -2.1988263073e-04
8.2846984201e-05 2.5968460976e-05
8.2606053330e-04 -2.2169718096e-04
5.5750257985e-04 1.6328460460e-04
5.5836919434e-04 -1.5146332369e-04
8.9488963552e-04 2.6270905498e-04
2.2711855088e-05 -7.6719834313e-06
9.3086145756e-04 2.7637138335e-04
5.2872207560e-04 -1.4544905431e-04
6.7031671641e-04 2.0267258876e-04
8.0212005036e-04 -2.2134536846e-04
1.0989587061e-04 3.5816091352e-05
8.0755472195e-04 -2.2416595173e-04
5.2584003465e-04 1.6029458853e-04
5.5528777191e-04 -1.5572965603e-04
8.6761443648e-04 2.6478147742e-04
4.8068997862e-05 -1.5023705241e-05
4.9896537088e-04 -1.4159032541e-04
9.1333780837e-04 2.8025528538e-04
7.7691191885e-04 -2.2130235302e-04
6.6766074827e-04 2.0694350057e-04
7.9577821603e-04 -2.2840702866e-04
1.3228762255e-04 4.3249686040e-05
5.6076181601e-04 -1.6258413905e-04
4.9560919337e-04 1.5694968846e-04
7.1938444192e-05 -2.2471516557e-05
8.4055249013e-04 2.6646825994e-04
4.6499037174e-04 -1.3682498421e-04
8.9494140511e-04 2.8653627662e-04
7.4630803111e-04 -2.1996442318e-04
6.7300603357e-04 2.1920190588e-04
7.7959679773e-04 -2.3102490933e-04
1.6007223032e-04 5.4769898674e-05
5.6346869478e-04 -1.6855559040e-04
4.5892263399e-04 1.5102542345e-04
9.4413312391e-05 -2.9889661594e-05
8.0527057267e-04 2.6487235133e-04
4.3674799169e-04 -1.3266508513e-04
8.7200260160e-04 2.8834038517e-04
7.2079569552e-04 -2.1914295273e-04
6.6287515610e-04 2.2131353111e-04
7.6340026668e-04 -2.3319138874e-04
5.6345038302e-04 -1.7357662970e-04
1.7878437505e-04 6.1912871975e-05
1.1556274511e-04 -3.7261366388e-05
4.2705356853e-04 1.4577599383e-04
4.0759521185e-04 -1.2773637151e-04
7.7465208039e-04 2.6406433019e-04
6.9324585567e-04 -2.1721945027e-04
8.5081354526e-04 2.9142030471e-04
7.4127739687e-04 -2.3342004444e-04
6.6039371546e-04 2.2836183286e-04
5.5229622726e-04 -1.7560958481e-04
1.9787771887e-04 7.0640375705e-05
1.3117509304e-04 -4.3566340261e-05
3.9590375449e-04 1.3988204915e-04
3.8334760390e-04 -1.2384783316e-04
7.4562902912e-04 2.6293615751e-04
6.7088931681e-04 -2.1645747122e-04
8.2824481212e-04 2.9343353848e-04
7.2321346570e-04 -2.3465511536e-04
6.5078305581e-04 2.3265053725e-04
5.4756100104e-04 -1.7947341954e-04
1.4910497360e-04 -5.0792411870e-05
2.1371300101e-04 7.8586423124e-05
3.5553742059e-04 -1.1832552993e-04
3.6420671831e-04 1.3327059575e-04
6.4286860128e-04 -2.1336066041e-04
7.1362593820e-04 2.6030001434e-04
7.0465406096e-04 -2.3496537782e-04
8.0378778057e-04 2.9446790871e-04
5.4512895146e-04 -1.8337670901e-04
6.3906381570e-04 2.3630543557e-04
1.6424086753e-04 -5.7113810745e-05
2.2662171261e-04 8.6016233561e-05
3.3189135903e-04 -1.1360001665e-04
3.3468827319e-04 1.2665307166e-04
6.2042734117e-04 -2.1158413673e-04
6.8363843609e-04 2.5757065359e-04
6.8172297340e-04 -2.3356417650e-04
7.7868858596e-04 2.9461625097e-04
5.3021717777e-04 -1.8343319949e-04
6.3204061499e-04 2.4120291526e-04
1.7463482985e-04 -6.2383946359e-05
2.4276351426e-04 9.4816211841e-05
3.0664549071e-04 -1.0822897269e-04
5.9465408168e-04 -2.0858599725e-04
3.0278850945e-04 1.1851300554e-04
6.6339209779e-04 -2.3340960487e-04
6.4742161825e-04 2.5192704410e-04
5.3156489422e-04 -1.8911847785e-04
7.5144572138e-04 2.9352129648e-04
1.9227839043e-04 -7.0512529582e-05
6.1739226199e-04 2.4326972571e-04
2.7746483055e-04 -1.0055233040e-04
2.5150246829e-04 1.0126738548e-04
5.6255432936e-04 -2.0236008850e-04
2.7407030990e-04 1.1075890533e-04
6.4063073826e-04 -2.3165825990e-04
6.1724349431e-04 2.4758276458e-04
5.1898121616e-04 -1.9030527277e-04
7.2539645483e-04 2.9208009319e-04
2.0066319168e-04 -7.5917205830e-05
6.0820358892e-04 2.4679452518e-04
2.4951911981e-04 -9.3294174932e-05
5.3134050139e-04 -1.9637480799e-04
2.6219948829e-04 1.0860909002e-04
6.1786693465e-04 -2.2878788860e-04
2.4582927181e-04 1.0284330641e-04
5.1385132036e-04 -1.9155188516e-04
5.8636707182e-04 2.4263686684e-04
2.1299592513e-04 -8.1338598765e-05
6.9629862506e-04 2.8914099183e-04
2.2475463013e-04 -8.6253796955e-05
5.8730086496e-04 2.4567147430e-04
5.0338028495e-04 -1.9061801518e-04
2.6641516175e-04 1.1351408040e-04
5.9532399585e-04 -2.2582011253e-04
2.1715212320e-04 9.3529565502e-05
5.0082196658e-04 -1.9144151186e-04
5.5044910386e-04 2.3434695195e-04
2.1846243971e-04 -8.5543107580e-05
6.6826950095e-04 2.8551602528e-04
2.0378298690e-04 -8.0322492147e-05
4.8075485628e-04 -1.8633621662e-04
5.6908412775e-04 2.4487164160e-04
5.7048358838e-04 -2.2164406035e-04
2.6889057281e-04 1.1783755160e-04
4.8753592954e-04 -1.9052153777e-04
1.9078403877e-04 8.4913062182e-05
2.2372385575e-04 -8.9408770023e-05
5.1924447323e-04 2.2758087272e-04
1.7706956325e-04 -7.1867551330e-05
6.3557454953e-04 2.7958520572e-04
4.4701068109e-04 -1.7756592995e-04
5.5124550769e-04 2.4418833818e-04
5.4297617459e-04 -2.1599554433e-04
2.7274000413e-04 1.2293682917e-04
4.6792062583e-04 -1.8754118508e-04
1.6337477863e-04 7.5251015998e-05
2.2437456221e-04 -9.2066483631e-05
1.5609239262e-04 -6.5269372511e-05
4.8318909881e-04 2.1803800825e-04
4.2035404101e-04 -1.7095368533e-04
6.0353945597e-04 2.7296894057e-04
5.1615466051e-04 -2.1014267848e-04
5.3084129927e-04 2.4141642252e-04
4.5245201867e-04 -1.8529135474e-04
2.7354877509e-04 1.2637484098e-04
2.2594911459e-04 -9.4618206947e-05
1.3797195536e-04 6.5689678956e-05
1.3235451829e-04 -5.7217377550e-05
4.4577067362e-04 2.0689906481e-04
3.9017767621e-04 -1.6253684703e-04
5.6666986337e-04 2.6350828369e-04
4.8930908466e-04 -2.0377495424e-04
5.0848550192e-04 2.3775719207e-04
4.3632888868e-04 -1.8272371640e-04
2.2762163348e-04 -9.7435603407e-05
2.7260593686e-04 1.2948407515e-04
1.1271240217e-04 -5.0507660672e-05
1.1349297668e-04 5.6176952561e-05
3.6115432033e-04 -1.5415433355e-04
4.1004194240e-04 1.9576591508e-04
4.5952486033e-04 -1.9574244433e-04
5.2916100577e-04 2.5296549251e-04
4.1499307495e-04 -1.7753981973e-04
4.8135607408e-04 2.3139344603e-04
2.2397391013e-04 -9.7907107518e-05
2.6727301406e-04 1.3051247028e-04
9.2331017941e-05 -4.3103614495e-05
9.1130780550e-05 4.7041531779e-05
3.3121272911e-04 -1.4479962581e-04
3.7323006381e-04 1.8323211782e-04
4.2863642509e-04 -1.8684826814e-04
3.9286487958e-04 -1.7236659459e-04
4.8910542991e-04 2.4029622163e-04
2.1958889768e-04 -9.8682009172e-05
4.4654845680e-04 2.2094049537e-04
7.3469465260e-05 -3.6164137469e-05
2.5361821171e-04 1.2764998477e-04
3.0030899932e-04 -1.3451015681e-04
6.9515529869e-05 3.7744870788e-05
3.9633139152e-04 -1.7670922135e-04
3.3570787103e-04 1.6946579386e-04
3.6762736003e-04 -1.6487354744e-04
4.4674215775e-04 2.2530883943e-04
2.1154891054e-04 -9.7197078307e-05
4.1204620491e-04 2.0891144907e-04
5.6428146128e-05 -2.9598700891e-05
2.4053579731e-04 1.2397213499e-04
2.7025580416e-04 -1.2408460667e-04
3.6140177440e-04 -1.6490356425e-04
5.0233990977e-05 2.9397008968e-05
3.3718316826e-04 -1.5483211295e-04
2.9606334678e-04 1.5445891932e-04
1.9860015964e-04 -9.3597996238e-05
3.9763867396e-04 2.0664330974e-04
4.0108995406e-05 -2.3206053083e-05
3.6952133377e-04 1.9321539259e-04
2.3770925416e-04 -1.1214680900e-04
2.2086011929e-04 1.1771867601e-04
3.2231636540e-04 -1.5073035642e-04
3.1150051765e-05 2.0512464972e-05
3.0095671145e-04 -1.4181107785e-04
2.4999962285e-04 1.3373937337e-04
1.8032819423e-04 -8.7491171581e-05
2.6287992484e-05 -1.7744870923e-05
3.4106505321e-04 1.8165839325e-04
2.0557789966e-04 -9.9801524646e-05
3.1563214828e-04 1.6989913766e-04
2.7976513953e-04 -1.3440677564e-04
1.9018732000e-04 1.0463727940e-04
2.6082515908e-04 -1.2660180508e-04
1.5094199537e-05 1.3215886111e-05
1.5871587165e-04 -7.9856897455e-05
1.9620422334e-04 1.0979832797e-04
1.2316655936e-05 -1.3207555008e-05
2.6964037235e-04 1.4863266720e-04
1.6467209000e-04 -8.5301016160e-05
2.4488081504e-04 1.3536243939e-04
2.2551640153e-04 -1.1320978171e-04
2.0518374558e-04 -1.0210956932e-04
1.4502183735e-04 8.2198406715e-05
1.2209706153e-04 -6.3452157836e-05
7.4156175497e-07 8.0658343322e-06
-4.8064118669e-07 -1.0393503769e-05
1.3234231924e-04 8.0759825404e-05
1.1902299901e-04 -6.7921809230e-05
1.7027273893e-04 9.9104069437e-05
1.5216095312e-04 -8.0256849589e-05
1.1660515665e-04 6.3123487328e-05
9.8816183702e-05 -4.8153864660e-05
4.9132495038e-05 2.3275915790e-05
3.7510464190e-05 -1.4982624827e-05
-9.8494678124e-06 -3.1530334789e-06
-1.0427740586e-05 3.2901864654e-06
