7.3925116370e-04 1.3175756465e-06
7.1949781158e-04 -5.0987342970e-07
5.2062648160e-04 2.4680235691e-06
4.6011997376e-04 -1.0377063948e-06
6.2089789843e-05 8.6749824898e-07
3.3860728784e-05 2.3948293655e-07
4.4951353587e-04 2.7285582562e-06
5.0624856574e-04 -2.3285273436e-06
7.1623997879e-04 5.1700503103e-06
7.3551885158e-04 -4.9173930524e-06
7.4540175341e-04 6.3047867711e-06
7.2252975836e-04 -6.0240049215e-06
5.3754591217e-04 5.4435471503e-06
4.7281567126e-04 -4.5947664533e-06
8.4127207907e-05 1.2475526021e-06
1.0884497882e-05 1.5708675846e-07
4.3264090531e-04 5.2148541253e-06
4.4769182047e-04 -5.6631443561e-06
7.1095048379e-04 9.9314053991e-06
7.1160022091e-04 -1.0269711645e-05
7.5077405953e-04 1.2218106803e-05
7.3441477368e-04 -1.1483736960e-05
5.5202018572e-04 1.0109638870e-05
4.8372520982e-04 -8.2763566405e-06
1.0741292222e-04 2.5048838626e-06
1.6982400181e-05 -6.7629987411e-08
4.1760884932e-04 8.7969131716e-06
4.6707283148e-04 -9.1843573277e-06
7.0698051333e-04 1.5785350864e-05
7.1073147539e-04 -1.5370510577e-05
7.5527217794e-04 1.8126700023e-05
7.2769405800e-04 -1.7041629879e-05
5.6406400433e-04 1.4743085488e-05
5.0578619600e-04 -1.2685383356e-05
1.3035657187e-04 4.0551903893e-06
3.7026063458e-05 -8.3547089813e-07
4.0384055849e-04 1.1686424650e-05
4.4877957488e-04 -1.2321117924e-05
7.0234084859e-04 2.1146432698e-05
7.0235720960e-04 -2.0547946489e-05
7.5811563120e-04 2.4177927873e-05
7.2451107060e-04 -2.2370135615e-05
5.7842578973e-04 1.9716517254e-05
5.1019046731e-04 -1.6601483807e-05
1.5409118368e-04 5.9612425075e-06
5.9929274318e-05 -1.9530970539e-06
3.8608619174e-04 1.4296387530e-05
4.3560121159e-04 -1.5307788535e-05
6.9498193098e-04 2.6428326047e-05
6.9461885435e-04 -2.5531933501e-05
7.6276573263e-04 3.0228335602e-05
7.2157839721e-04 -2.7539854865e-05
5.9222390553e-04 2.4718709721e-05
5.1916357965e-04 -2.0625040218e-05
1.7438423975e-04 8.0334802684e-06
8.2837716326e-05 -3.2574872805e-06
3.6799314327e-04 1.6541894025e-05
4.1978012543e-04 -1.7108181154e-05
6.8898978025e-04 3.1568421832e-05
6.8685232280e-04 -2.9657430922e-05
7.6579631136e-04 3.6298368317e-05
7.2096637490e-04 -3.2862665578e-05
6.0209560197e-04 2.9792072370e-05
5.2685766048e-04 -2.4931157649e-05
1.9629454822e-04 1.0503257107e-05
1.0355430287e-04 -5.0115091611e-06
3.5096400518e-04 1.8599152347e-05
4.0159680199e-04 -2.0075765358e-05
6.7555711120e-04 -3.4835379717e-05
6.7985248265e-04 3.6536508037e-05
7.1580190637e-04 -3.7974624446e-05
7.6464728813e-04 4.2297685334e-05
5.3081289424e-04 -2.9090894077e-05
6.1310618162e-04 3.5213412060e-05
1.2162185538e-04 -6.8741409133e-06
2.1861380277e-04 1.3407898298e-05
3.8105370362e-04 -2.1831187845e-05
3.3409975001e-04 2.0455747467e-05
6.6346045632e-04 -3.9007770984e-05
6.7197707906e-04 4.1496283765e-05
7.1472107414e-04 -4.3052689354e-05
7.6466430679e-04 4.8320419293e-05
5.4112967615e-04 -3.3519209767e-05
6.2413723054e-04 4.0714306417e-05
1.4352346819e-04 -9.1108430534e-06
2.3811157172e-04 1.6432100483e-05
3.6275753015e-04 -2.2870644395e-05
3.1208010080e-04 2.1752252535e-05
6.5143603660e-04 -4.2486917416e-05
6.6107162630e-04 4.6140745343e-05
7.1132001531e-04 -4.8227794888e-05
7.6667382053e-04 5.4329868230e-05
5.4836893540e-04 -3.8321318582e-05
6.3368001810e-04 4.6118231032e-05
1.6295917644e-04 -1.1761090587e-05
2.5800546172e-04 1.9653451411e-05
3.4098712733e-04 -2.4624550633e-05
2.9357598355e-04 2.2020047513e-05
6.3589081067e-04 -4.6808188793e-05
6.5148623199e-04 4.9520558928e-05
7.0690847490e-04 -5.3179565114e-05
7.6489115650e-04 6.0485287703e-05
5.5620354431e-04 -4.3031845271e-05
6.4089389506e-04 5.2348611463e-05
1.8263681474e-04 -1.4569213337e-05
2.7709033733e-04 2.3725795675e-05
3.2425249580e-04 -2.5817734244e-05
2.7448425743e-04 2.3625680105e-05
6.2536612114e-04 -5.0573376588e-05
6.4075820685e-04 5.4981503466e-05
7.0322981832e-04 -5.7782732405e-05
7.6217043133e-04 6.6850190025e-05
5.6789730694e-04 -4.7507660420e-05
6.5138142836e-04 5.9350609958e-05
2.0173179587e-04 -1.7278684043e-05
2.9653616329e-04 2.8397302936e-05
2.9646195337e-04 -2.5809075644e-05
2.5238845141e-04 2.4027060586e-05
6.0346085489e-04 -5.3156566371e-05
6.2876655758e-04 5.9159236945e-05
6.9490811476e-04 -6.2084252773e-05
7.5968836928e-04 7.2677287537e-05
5.6272314315e-04 -5.1571714697e-05
6.5628559218e-04 6.3882423086e-05
2.1414174486e-04 -2.0140519221e-05
3.1383715698e-04 3.1624786809e-05
2.8012575721e-04 -2.5705655779e-05
2.3224149326e-04 2.3986308468e-05
5.9352746656e-04 -5.5591799133e-05
6.9044419309e-04 -6.6596627875e-05
6.1612751370e-04 6.2891476961e-05
5.6568361987e-04 -5.5561587541e-05
7.5741081124e-04 7.8498248428e-05
2.2945059753e-04 -2.3026226997e-05
6.6554740794e-04 7.0394252062e-05
2.6350594521e-04 -2.6704285819e-05
3.3189950990e-04 3.6260172972e-05
5.8307876282e-04 -5.9662598199e-05
2.0986440596e-04 2.3543204988e-05
6.8235909808e-04 -7.0756859741e-05
6.0405338365e-04 6.6645105139e-05
5.6627325693e-04 -5.9897191455e-05
7.5295895306e-04 8.4080857650e-05
2.4373657116e-04 -2.6397566998e-05
6.6978086178e-04 7.6075876980e-05
2.4740402284e-04 -2.6878786547e-05
3.4806335748e-04 4.0701481352e-05
5.7315179728e-04 -6.2657632635e-05
1.8737775570e-04 2.2647039348e-05
6.7384534332e-04 -7.4830564469e-05
5.8805095079e-04 6.9621923259e-05
5.6906281114e-04 -6.4060414656e-05
7.4815764633e-04 8.9703513562e-05
2.5876642443e-04 -2.9729374211e-05
6.7623354352e-04 8.2376725345e-05
2.2493651232e-04 -2.6091570328e-05
3.6520405654e-04 4.5686631373e-05
5.5428590449e-04 -6.4567549136e-05
1.6503003764e-04 2.1517160496e-05
6.6618400871e-04 -7.8685687652e-05
5.7308614502e-04 7.2698641863e-05
5.7275416247e-04 -6.8655421230e-05
7.4180145297e-04 9.5069211264e-05
2.7304080873e-04 -3.3414827193e-05
6.7746790992e-04 8.8098038692e-05
2.0353131210e-04 -2.5086820724e-05
3.7884903199e-04 5.0514239499e-05
5.3845383022e-04 -6.6447915426e-05
1.4368733781e-04 2.0100554829e-05
6.5849696492e-04 -8.2395585019e-05
5.7882668250e-04 -7.3468707247e-05
5.5719099051e-04 7.5274542417e-05
2.8938635838e-04 -3.7454611569e-05
7.3471001113e-04 1.0023730284e-04
1.7886230263e-04 -2.3426081922e-05
6.8202128650e-04 9.4331504840e-05
5.1526277379e-04 -6.7293466156e-05
3.9331592465e-04 5.5665134563e-05
6.4833663555e-04 -8.5669260216e-05
1.1905493236e-04 1.7920774911e-05
5.7710579594e-04 -7.7267322921e-05
5.4325154546e-04 7.7961408189e-05
3.0031524822e-04 -4.0956519042e-05
7.2885291613e-04 1.0542244238e-04
1.6088894850e-04 -2.2268302830e-05
6.8250694777e-04 9.9780562657e-05
5.0137320018e-04 -6.8984630793e-05
4.0497747418e-04 6.0406867340e-05
6.3803080349e-04 -8.8751271193e-05
9.6640932811e-05 1.5604241703e-05
5.7594049062e-04 -8.1099893962e-05
5.2539430102e-04 7.9831635665e-05
3.1084716504e-04 -4.4533786551e-05
7.1887597630e-04 1.0995925952e-04
1.4084608096e-04 -2.0584480614e-05
6.8381371051e-04 1.0589682093e-04
4.8734563836e-04 -7.0475376518e-05
4.1863794101e-04 6.6241223420e-05
6.2928936847e-04 -9.1891942799e-05
7.3985103356e-05 1.3031915147e-05
5.7104605043e-04 -8.4439206314e-05
5.0958743778e-04 8.1687817923e-05
3.1796399372e-04 -4.7847734704e-05
1.2295038602e-04 -1.8942308991e-05
7.1061623323e-04 1.1470301456e-04
4.7357128224e-04 -7.1769751015e-05
6.8415368596e-04 1.1212994500e-04
6.1942081467e-04 -9.4711895836e-05
4.2967293571e-04 7.1958755785e-05
5.7076582665e-04 -8.8250928794e-05
5.0170414580e-05 9.7283141392e-06
3.2896126493e-04 -5.1684934745e-05
4.9229599458e-04 8.3337007060e-05
1.0054113498e-04 -1.6337167344e-05
7.0007089574e-04 1.1894926706e-04
4.5082002137e-04 -7.1468281965e-05
6.8288891715e-04 1.1724469864e-04
6.0659219158e-04 -9.6936353492e-05
4.4119257634e-04 7.7221378829e-05
5.6934244188e-04 -9.1960585164e-05
2.7430108232e-05 6.3115006856e-06
3.3899432810e-04 -5.5610697358e-05
4.7285431198e-04 8.3918451467e-05
8.1783144722e-05 -1.4053878317e-05
6.8924331544e-04 1.2289099020e-04
4.3241834778e-04 -7.1597119355e-05
6.8185762447e-04 1.2289758938e-04
5.9320964236e-04 -9.8874515554e-05
4.5090704906e-04 8.2705647426e-05
5.6826511034e-04 -9.5680128951e-05
5.5164434727e-06 2.5971947752e-06
3.5004209059e-04 -5.9825827452e-05
6.1707112199e-05 -1.1258488957e-05
4.5464332880e-04 8.4658172333e-05
4.1427600930e-04 -7.1365466831e-05
6.7726573351e-04 1.2655544995e-04
5.8196188059e-04 -1.0090307364e-04
6.7950975196e-04 1.2806163241e-04
5.6363182904e-04 -9.8670733804e-05
4.5994422642e-04 8.8012248771e-05
3.5513410604e-04 -6.3053539417e-05
1.4290823714e-05 4.3541835792e-06
4.3280042274e-05 -8.4867973961e-06
4.3568068580e-04 8.5018519179e-05
4.0011750884e-04 -7.1727017497e-05
6.6599788882e-04 1.3014636736e-04
5.7035448131e-04 -1.0278499408e-04
6.7519083452e-04 1.3278780133e-04
5.6044980558e-04 -1.0212087482e-04
4.6599301960e-04 9.2924252816e-05
3.6470519583e-04 -6.7510891028e-05
3.7417707320e-05 8.9974691371e-06
2.4949320331e-05 -5.5537355256e-06
4.1844071278e-04 8.4291437012e-05
3.7951802626e-04 -7.0617942235e-05
6.5350603904e-04 1.3255923111e-04
5.5647460687e-04 -1.0409681408e-04
5.5194764356e-04 -1.0491580574e-04
6.7068272639e-04 1.3799084832e-04
3.6435383519e-04 -7.0714728286e-05
4.7336041790e-04 9.8854395340e-05
7.0620646881e-06 -2.4453845489e-06
5.8197833868e-05 1.3766078739e-05
3.6602616365e-04 -7.0757653876e-05
3.9930865116e-04 8.4750149234e-05
5.4529290466e-04 -1.0570307827e-04
6.3946276450e-04 1.3589577805e-04
5.4886658201e-04 -1.0705593252e-04
6.6418233299e-04 1.4231243325e-04
3.7310881130e-04 -7.3568330906e-05
4.7964326794e-04 1.0417623450e-04
1.4817384848e-05 -3.9321843856e-06
7.8994931128e-05 1.8757005297e-05
3.4644915587e-04 -6.9291490879e-05
3.7867474772e-04 8.3778445492e-05
5.3035213982e-04 -1.0630255523e-04
6.2514354562e-04 1.3832819024e-04
5.4068996349e-04 -1.0920730161e-04
6.5859926018e-04 1.4706443762e-04
3.7476974248e-04 -7.6683583723e-05
3.2518728552e-05 -7.7548936991e-06
4.8337805792e-04 1.0970009429e-04
3.3197949039e-04 -6.8662930722e-05
9.7194795274e-05 2.3775804467e-05
5.1820317491e-04 -1.0729858711e-04
3.5996317119e-04 8.2934999099e-05
5.3412675179e-04 -1.1130074819e-04
6.1033322997e-04 1.4047097383e-04
3.7915623634e-04 -7.9883755192e-05
6.5007331959e-04 1.5067299017e-04
4.8059437332e-05 -1.1226697689e-05
4.8798160699e-04 1.1453070711e-04
3.1136915442e-04 -6.6566530757e-05
1.1576118701e-04 2.8837519349e-05
5.0259194987e-04 -1.0744860617e-04
3.3606744895e-04 8.0625806247e-05
5.2775275115e-04 -1.1358249865e-04
5.9230704563e-04 1.4159186137e-04
3.8227622025e-04 -8.3279565316e-05
6.4417552066e-04 1.5468695687e-04
6.4163665757e-05 -1.5156752932e-05
2.9406396591e-04 -6.4932167988e-05
4.8933327232e-04 1.1878416536e-04
4.8762608271e-04 -1.0749148581e-04
1.3105225958e-04 3.3413056588e-05
5.2022118892e-04 -1.1522006043e-04
3.1913410864e-04 7.9269592529e-05
3.8620572028e-04 -8.6352399925e-05
5.7895943272e-04 1.4331184580e-04
7.9535767048e-05 -1.8919909910e-05
6.3433673167e-04 1.5789935211e-04
2.7739631101e-04 -6.3177333295e-05
4.9341677489e-04 1.2410153318e-04
4.7327384819e-04 -1.0747488725e-04
1.4709621328e-04 3.8590141743e-05
5.0939748731e-04 -1.1624747759e-04
2.9641717833e-04 7.6398175937e-05
3.8310394205e-04 -8.8439190139e-05
5.6098550741e-04 1.4385276979e-04
9.2316472477e-05 -2.2618233787e-05
2.6030191453e-04 -6.1153667986e-05
6.2496757013e-04 1.6111787318e-04
4.5766465500e-04 -1.0707369415e-04
4.9228444563e-04 1.2843421482e-04
4.9798106884e-04 -1.1764812973e-04
1.6157972824e-04 4.3847565837e-05
3.8009069964e-04 -9.1591901359e-05
2.7726952719e-04 7.4093819425e-05
1.0478652239e-04 -2.6737638003e-05
5.4406560933e-04 1.4441084794e-04
2.4751682757e-04 -5.9953393918e-05
6.1288138713e-04 1.6354451301e-04
4.4701213214e-04 -1.0752891984e-04
4.9090294633e-04 1.3242274191e-04
4.9033815905e-04 -1.1838658684e-04
1.7489180769e-04 4.8803596387e-05
3.8085544286e-04 -9.2788267259e-05
2.5699375975e-04 7.1104025493e-05
1.1542867999e-04 -2.9385331412e-05
2.2512568599e-04 -5.6137727615e-05
5.2651928902e-04 1.4447740692e-04
4.2592706913e-04 -1.0531421440e-04
6.0149580637e-04 1.6571899183e-04
4.7892768789e-04 -1.1883171560e-04
4.8947394370e-04 1.3621614137e-04
3.8080337815e-04 -9.5505031963e-05
1.8777976485e-04 5.3884229523e-05
1.2785447613e-04 -3.3449392531e-05
2.3729668536e-04 6.7991740230e-05
2.0972319955e-04 -5.3848382894e-05
5.0818948676e-04 1.4410867962e-04
4.1166275647e-04 -1.0450727007e-04
5.8801201195e-04 1.6737949073e-04
4.7013230481e-04 -1.1972363242e-04
4.8764618157e-04 1.4020069194e-04
3.8158500266e-04 -9.8144681860e-05
1.3827400570e-04 -3.6974552990e-05
1.9968946573e-04 5.9089477031e-05
1.9335198585e-04 -5.1089014774e-05
2.1649427115e-04 6.4209385225e-05
3.9663853155e-04 -1.0331279866e-04
4.8862337922e-04 1.4301482163e-04
4.5800919362e-04 -1.1960247557e-04
5.7457436682e-04 1.6879456373e-04
3.7438889218e-04 -9.8736968399e-05
4.8237263953e-04 1.4318405748e-04
1.4538856494e-04 -3.9790306205e-05
2.0930666416e-04 6.3810143218e-05
1.7855208186e-04 -4.8545101494e-05
1.9663608750e-04 6.0309489916e-05
3.8147132707e-04 -1.0192043667e-04
4.6870412982e-04 1.4148776002e-04
4.4473724081e-04 -1.1913023679e-04
3.7086136350e-04 -1.0035611776e-04
5.6020462450e-04 1.6977430868e-04
1.5365824664e-04 -4.3105082405e-05
4.7736091533e-04 1.4575021281e-04
1.6228968447e-04 -4.5496315708e-05
2.1712317086e-04 6.7920501587e-05
3.6506816547e-04 -1.0003294845e-04
1.7586314373e-04 5.5800133431e-05
4.3253065947e-04 -1.1867762139e-04
4.4884199548e-04 1.3966546241e-04
3.6737761781e-04 -1.0171884356e-04
5.4432677543e-04 1.6999992381e-04
1.6100371296e-04 -4.6094754040e-05
4.6991606967e-04 1.4797156600e-04
1.4706968835e-04 -4.2411023606e-05
2.2396879575e-04 7.2207982527e-05
3.4972302106e-04 -9.8134101755e-05
4.1903431186e-04 -1.1781945646e-04
1.5612709065e-04 5.1353536269e-05
3.5742868483e-04 -1.0146418789e-04
4.2791333683e-04 1.3725024879e-04
1.6377588496e-04 -4.8119175730e-05
5.2738410761e-04 1.6950087579e-04
1.3100244978e-04 -3.9079035820e-05
4.6160332127e-04 1.4927450218e-04
3.3213014900e-04 -9.5590834303e-05
2.2997408557e-04 7.5985187374e-05
4.0477329045e-04 -1.1656955030e-04
1.3759546307e-04 4.6944381031e-05
3.5131684730e-04 -1.0208336664e-04
4.0698399103e-04 1.3458719936e-04
1.6938497541e-04 -5.0855745478e-05
1.1615835393e-04 -3.5838069874e-05
5.0805076488e-04 1.6817044683e-04
3.1429866491e-04 -9.2697591656e-05
4.5137528092e-04 1.5036312727e-04
3.8910608322e-04 -1.1455019247e-04
2.3391879566e-04 7.9634244803e-05
3.4444360045e-04 -1.0200272127e-04
1.1792079709e-04 4.1956881859e-05
1.7362980743e-04 -5.2998039077e-05
3.8444775433e-04 1.3103717353e-04
1.0004485984e-04 -3.2036345348e-05
4.8789549348e-04 1.6620943965e-04
2.9472438588e-04 -8.9134709254e-05
4.3784991984e-04 1.5014733552e-04
3.7271845466e-04 -1.1240236066e-04
3.3313598913e-04 -1.0181895867e-04
2.3527589956e-04 8.2407918005e-05
1.7479492313e-04 -5.5396717991e-05
9.9665293476e-05 3.6807338353e-05
8.6089768901e-05 -2.8736397784e-05
3.6020588240e-04 1.2610655576e-04
2.7550942726e-04 -8.5239984698e-05
4.6587171501e-04 1.6313979748e-04
3.5694536539e-04 -1.1026011198e-04
4.2334196067e-04 1.4952337964e-04
3.2210339139e-04 -1.0135155130e-04
2.3526474433e-04 8.4949971224e-05
1.7408975827e-04 -5.7061432072e-05
7.3967171001e-05 -2.6149795299e-05
8.2124687342e-05 3.1724004142e-05
2.6156471704e-04 -8.3360978111e-05
3.3605547702e-04 1.2099858860e-04
3.3940913861e-04 -1.0725078296e-04
4.4102707692e-04 1.5870721738e-04
3.1211502420e-04 -9.8939597829e-05
4.0593553048e-04 1.4710865171e-04
1.7501251471e-04 -5.7111701472e-05
2.3259265435e-04 8.6038492440e-05
5.9116318073e-05 -2.1862800188e-05
6.3853484370e-05 2.6091597277e-05
2.4169303486e-04 -7.8647243926e-05
3.0929102359e-04 1.1463067867e-04
3.1979784258e-04 -1.0322280277e-04
2.9577662858e-04 -9.6301687273e-05
4.1360467038e-04 1.5305271602e-04
1.7029891087e-04 -5.7489458823e-05
3.8491511163e-04 1.4377136629e-04
4.6577348213e-05 -1.8987664111e-05
2.2634140210e-04 8.6591881199e-05
2.2089659269e-04 -7.4379766835e-05
4.5970863758e-05 2.0836274888e-05
2.9711772705e-04 -9.8972096877e-05
2.7948476013e-04 1.0732785311e-04
2.7959905663e-04 -9.4987341122e-05
3.8114954389e-04 1.4543470023e-04
1.6659786497e-04 -5.9415764721e-05
3.5274893349e-05 -1.6428525456e-05
3.5856254655e-04 1.3774045032e-04
2.0111571237e-04 -6.9841351219e-05
2.1605141016e-04 8.5093628993e-05
2.7507852001e-04 -9.3800377589e-05
3.0585354829e-05 1.6376906808e-05
2.6216235263e-04 -8.9527674428e-05
2.4835602147e-04 9.9435701564e-05
1.5992661418e-04 -5.6682623223e-05
3.4243939528e-04 1.3565402341e-04
2.2715627823e-05 -1.3215774115e-05
3.2090574890e-04 1.2948531520e-04
1.7824023262e-04 -6.4753249622e-05
2.4743244199e-04 -8.7692002330e-05
1.9557490465e-04 8.2357752752e-05
2.3475673147e-04 -8.5682521938e-05
1.6450077925e-05 1.2550984267e-05
1.4426481425e-04 -5.6756084259e-05
2.0808281595e-04 8.6638925499e-05
1.1904694865e-05 -1.1676783950e-05
2.8879234813e-04 1.1803760989e-04
1.5490777299e-04 -6.1435240037e-05
2.6810278219e-04 1.0936370342e-04
2.1347914510e-04 -7.9890955857e-05
1.6353134926e-04 6.8734250611e-05
1.9580022633e-04 -7.1311459757e-05
1.1841343891e-04 -4.5963568916e-05
2.5625047069e-06 1.0917842249e-05
2.1271255693e-06 -1.2509524960e-05
1.6310202277e-04 7.8100467870e-05
1.2970732420e-04 -5.7450081814e-05
2.1252280802e-04 9.4604186045e-05
1.6526396697e-04 -6.6359961597e-05
1.5059371006e-04 6.2745500569e-05
1.0337170074e-04 -4.1026110821e-05
6.8028854700e-05 2.4891664867e-05
3.4474501937e-05 -1.5179974670e-05
-1.3346965025e-05 1.6286685882e-06
-1.0199841461e-05 -3.1278859671e-06
