4.3853666182e+02
4.3836556882e+02
4.3819447583e+02
4.3802282650e+02
4.3786512886e+02
4.3770743641e+02
4.3756954540e+02
4.3743440758e+02
4.3730455522e+02
4.3718938329e+02
4.3707398871e+02
4.3696655537e+02
4.3687479076e+02
4.3678475981e+02
4.3670470723e+02
4.3663669786e+02
4.3657088098e+02
4.3651771538e+02
4.3647420710e+02
4.3643248901e+02
4.3640649857e+02
4.3638868592e+02
4.3637571078e+02
4.3637397219e+02
4.3638246883e+02
4.3639778278e+02
4.3642110557e+02
4.3645564381e+02
4.3649929109e+02
4.3654937846e+02
4.3660871353e+02
4.3668099870e+02
4.3675590486e+02
4.3684691579e+02
4.3694524907e+02
4.3704358235e+02
4.3715869207e+02
4.3728367978e+02
4.3740756883e+02
4.3754502137e+02
4.3769291876e+02
4.3784081615e+02
4.3800522450e+02
4.3817491353e+02
4.3834528497e+02
4.3853468114e+02
4.3872531760e+02
4.3891961818e+02
4.3912972526e+02
4.3933980965e+02
4.3955701113e+02
4.3978526243e+02
4.4001226035e+02
4.4025109670e+02
4.4049649801e+02
4.4073734507e+02
4.4099726647e+02
4.4125509844e+02
4.4151433512e+02
4.4178932779e+02
4.4205404184e+02
4.4233370381e+02
4.4261410740e+02
4.4288758697e+02
4.4318606306e+02
4.4346792282e+02
4.4375618832e+02
4.4405790544e+02
4.4434563479e+02
4.4464688820e+02
4.4494793676e+02
4.4524496243e+02
4.4553582018e+02
4.4583752671e+02
4.4613923325e+02
4.4643290409e+02
4.4673244904e+02
4.4702128700e+02
4.4732004381e+02
4.4761291187e+02
4.4789647169e+02
4.4819320501e+02
4.4846080737e+02
4.4875234395e+02
4.4901922950e+02
4.4929175565e+02
4.4957653730e+02
4.4980200527e+02
4.5007875045e+02
4.5031637495e+02
4.5053921328e+02
4.5080898048e+02
4.5093369247e+02
4.5118375630e+02
4.5143382013e+02
4.5148097989e+02
4.5166420468e+02
4.5156820957e+02
4.5108856712e+02
4.5060892467e+02
