3.3598095075e+02
3.3574548174e+02
3.3600433320e+02
3.3572364040e+02
3.3602695534e+02
3.3570179906e+02
3.3604839290e+02
3.3567995772e+02
3.3607097058e+02
3.3566046762e+02
3.3609354825e+02
3.3564177759e+02
3.3611305081e+02
3.3562274052e+02
3.3613216833e+02
3.3560264798e+02
3.3615164089e+02
3.3558636708e+02
3.3617111346e+02
3.3557008618e+02
3.3618907342e+02
3.3555368646e+02
3.3620436464e+02
3.3553948171e+02
3.3622061597e+02
3.3552584414e+02
3.3623705873e+02
3.3551220657e+02
3.3625220895e+02
3.3549929051e+02
3.3626396338e+02
3.3549040250e+02
3.3627518002e+02
3.3548077696e+02
3.3628639666e+02
3.3547106888e+02
3.3629433933e+02
3.3546415094e+02
3.3630179117e+02
3.3545936357e+02
3.3630777579e+02
3.3545461728e+02
3.3631207327e+02
3.3545000603e+02
3.3631335068e+02
3.3545006645e+02
3.3631462809e+02
3.3631552708e+02
3.3545020612e+02
3.3631203721e+02
3.3545034579e+02
3.3630745244e+02
3.3545284093e+02
3.3630321815e+02
3.3545763851e+02
3.3629802281e+02
3.3546225608e+02
3.3628835237e+02
3.3546687365e+02
3.3627881803e+02
3.3547444796e+02
3.3626928369e+02
3.3548455818e+02
3.3625573969e+02
3.3549485775e+02
3.3624022551e+02
3.3550576848e+02
3.3622601786e+02
3.3551887535e+02
3.3621141977e+02
3.3553272841e+02
3.3619126841e+02
3.3554876505e+02
3.3617111704e+02
3.3556603973e+02
3.3615236335e+02
3.3558403319e+02
3.3613214727e+02
3.3560202666e+02
3.3610916751e+02
3.3562207764e+02
3.3608618775e+02
3.3564434666e+02
3.3606320798e+02
3.3566641366e+02
3.3603934782e+02
3.3568786238e+02
3.3601463750e+02
3.3570919847e+02
3.3598992718e+02
3.3573422002e+02
3.3596419403e+02
3.3575945732e+02
3.3593679509e+02
3.3578469462e+02
3.3591202047e+02
3.3580850772e+02
3.3588724584e+02
3.3583327708e+02
3.3586070272e+02
