2.8750715167e+02
2.8750713335e+02
2.8750711504e+02
2.8750715345e+02
2.8750724735e+02
2.8750725989e+02
2.8750715237e+02
2.8750710782e+02
2.8750720237e+02
2.8750729413e+02
2.8750720315e+02
2.8750711075e+02
2.8750704887e+02
2.8750702971e+02
2.8750701056e+02
2.8750715801e+02
2.8750732599e+02
2.8750739328e+02
2.8750721941e+02
2.8750704554e+02
2.8750707934e+02
2.8750715766e+02
2.8750722133e+02
2.8750716360e+02
2.8750710587e+02
2.8750699626e+02
2.8750695410e+02
2.8750691193e+02
2.8750656252e+02
2.8750620549e+02
2.8750609423e+02
2.8750644975e+02
2.8750680527e+02
2.8750707509e+02
2.8750731106e+02
2.8750728172e+02
2.8750723339e+02
2.8750720095e+02
2.8750772697e+02
2.8750860699e+02
2.8750907396e+02
2.8750778747e+02
2.8750643357e+02
2.8750619314e+02
2.8750686990e+02
2.8750717275e+02
2.8750646582e+02
2.8750565179e+02
2.8750601782e+02
2.8750698769e+02
2.8750754166e+02
2.8750711380e+02
2.8750646253e+02
2.8750630715e+02
2.8750655425e+02
2.8750675710e+02
2.8750678402e+02
2.8750686385e+02
2.8750689460e+02
2.8750684465e+02
2.8750681391e+02
2.8750685694e+02
2.8750693037e+02
2.8750691961e+02
2.8750666953e+02
2.8750641945e+02
2.8750639983e+02
2.8750650150e+02
2.8750659263e+02
2.8750660631e+02
2.8750674947e+02
2.8750681951e+02
2.8750661630e+02
2.8750653884e+02
2.8750666106e+02
2.8750673881e+02
2.8750684898e+02
2.8750701392e+02
2.8750704542e+02
2.8750685629e+02
2.8750666024e+02
2.8750665666e+02
2.8750701105e+02
2.8750728634e+02
2.8750706452e+02
2.8750664464e+02
2.8750631256e+02
2.8750644080e+02
2.8750676445e+02
2.8750683294e+02
2.8750671503e+02
2.8750668446e+02
2.8750670002e+02
2.8750676723e+02
2.8750681757e+02
2.8750678486e+02
2.8750675214e+02
2.8750676408e+02
2.8750680568e+02
2.8750684728e+02
