-1.7022147175e-06 -1.7424448782e-08
2.3309392079e-01 -2.7491563011e-07
4.6053245299e-01 -3.3067026315e-07
6.8233194263e-01 2.6044810037e-08
8.9857665576e-01 -6.0432940043e-09
1.1092820765e+00 -2.7505401372e-07
1.3145199605e+00 -4.3078204037e-07
1.5143230762e+00 -2.5287282143e-07
1.7087347528e+00 2.5889713329e-08
1.8978134761e+00 -1.1828171353e-07
2.0815850455e+00 -4.7809838872e-07
2.2601275248e+00 -6.4473987631e-07
2.4334443426e+00 -5.3256050323e-07
2.6016105089e+00 -3.2315903888e-07
2.7646647398e+00 6.5860888411e-08
2.9226260290e+00 5.6610077253e-07
3.0755749428e+00 3.7908032100e-07
3.2235189989e+00 -6.0169294237e-07
3.3665193424e+00 -1.5692931256e-06
3.5046174192e+00 -1.5948125183e-06
3.6378263400e+00 -8.4723260973e-07
3.7662273776e+00 -3.6776787930e-07
3.8898234109e+00 -4.7446458064e-07
4.0086577951e+00 -8.5488959499e-07
4.1227800764e+00 -3.9408589055e-07
4.2321979129e+00 7.4900056527e-07
4.3369702040e+00 2.1379077051e-06
4.4371271661e+00 3.0856499945e-06
4.5326847059e+00 3.5739970842e-06
4.6236995760e+00 3.2490782630e-06
4.7101643856e+00 1.8536712382e-06
4.7921423275e+00 1.8676453309e-06
4.8696465179e+00 1.6314436736e-06
4.9426852552e+00 1.0848177405e-06
5.0113096285e+00 3.8572032526e-07
5.0755413378e+00 -1.2941877091e-07
5.1353693142e+00 -4.9099651044e-07
5.1908509931e+00 -1.1669312318e-06
5.2419953443e+00 -2.2865075392e-06
5.2888132108e+00 -2.9693044387e-06
5.3313245622e+00 -2.4601931360e-06
5.3695360397e+00 -1.6247163021e-06
5.4034759640e+00 -1.9437419355e-06
5.4331398855e+00 -3.7998703974e-06
5.4585556901e+00 -4.4415672755e-06
5.4797077227e+00 -3.7139217369e-06
5.4966172755e+00 -2.6955235841e-06
5.5093058759e+00 -2.6684726546e-06
5.5177697106e+00 -3.5812558541e-06
5.5219965341e+00 -4.3784773223e-06
5.5219949626e+00 -4.2581503479e-06
5.5177759168e+00 -3.8380152242e-06
5.5093197224e+00 -3.9305125583e-06
5.4966344853e+00 -3.5148460124e-06
5.4797208150e+00 -3.5134188576e-06
5.4585547580e+00 -3.1728876298e-06
5.4331515547e+00 -2.5948699140e-06
5.4034829573e+00 -2.8169713001e-06
5.3695390735e+00 -3.2315645713e-06
5.3313256365e+00 -3.4126855597e-06
5.2888211410e+00 -3.3002061657e-06
5.2420178563e+00 -2.6774871907e-06
5.1908769629e+00 -2.5603198945e-06
5.1353874264e+00 -3.0761621042e-06
5.0755548310e+00 -3.2634433040e-06
5.0113277415e+00 -2.9205344873e-06
4.9427045679e+00 -2.0091530032e-06
4.8696510579e+00 -1.5325059399e-06
4.7921489622e+00 -1.6905321243e-06
4.7101894309e+00 -2.2089961199e-06
4.6237065490e+00 -2.0756310588e-06
4.5327024232e+00 -1.1059418274e-06
4.4371473009e+00 -5.5719964325e-07
4.3369830554e+00 -3.6867596524e-07
4.2322063442e+00 -5.5480598645e-07
4.1227723028e+00 -7.5976638267e-07
4.0086702603e+00 -6.2211350563e-07
3.8898252664e+00 -7.9087931455e-07
3.7662257771e+00 -9.6572696441e-07
3.6378434468e+00 -8.3913252494e-07
3.5046116996e+00 -4.8890749866e-07
3.3665325592e+00 2.1696866869e-07
3.2235337577e+00 7.5090131142e-07
3.0755729274e+00 5.9738554364e-07
2.9226432222e+00 -1.4383638221e-07
2.7646633798e+00 -4.0376939816e-07
2.6016087783e+00 -4.8053943801e-08
2.4334523071e+00 2.2989892378e-07
2.2601168335e+00 3.0826043079e-07
2.0815953362e+00 7.1093705583e-08
1.8978091340e+00 -1.3819390284e-07
1.7087319319e+00 -3.1935464283e-07
1.5143256972e+00 -3.2724700380e-07
1.3145138443e+00 -2.1560866745e-07
1.1092919522e+00 2.6255463446e-08
8.9857608035e-01 2.5549046564e-07
6.8232792790e-01 1.7920566532e-07
4.6053150439e-01 -1.7000731190e-07
2.3309268070e-01 -2.8006506992e-07
-1.9207095886e-06 -1.1823546888e-09
