-7.8510722472e-06 2.1675641101e-05
2.2615766702e-01 -1.3610977898e-03
4.4641890676e-01 -5.2622930989e-03
6.6071124706e-01 -1.1726236339e-02
8.6886983331e-01 -2.0529361316e-02
1.0708971186e+00 -3.1551452320e-02
1.2667773406e+00 -4.4737672642e-02
1.4562706246e+00 -5.9898638303e-02
1.6393960829e+00 -7.6962570839e-02
1.8161889080e+00 -9.5784671491e-02
1.9865575726e+00 -1.1620712224e-01
2.1505032081e+00 -1.3820722831e-01
2.3079436490e+00 -1.6159720283e-01
2.4590126961e+00 -1.8626698485e-01
2.6036531466e+00 -2.1212543746e-01
2.7417743624e+00 -2.3903925624e-01
2.8735642327e+00 -2.6692926331e-01
2.9989636343e+00 -2.9563751257e-01
3.1180066341e+00 -3.2506293607e-01
3.2306857076e+00 -3.5518450906e-01
3.3371092011e+00 -3.8578769171e-01
3.4373256762e+00 -4.1682728127e-01
3.5313541303e+00 -4.4820781932e-01
3.6191976265e+00 -4.7979562864e-01
3.7010189590e+00 -5.1154875156e-01
3.7768181352e+00 -5.4331819422e-01
3.8466342188e+00 -5.7504203198e-01
3.9105536984e+00 -6.0665197964e-01
3.9686988436e+00 -6.3799896556e-01
4.0210695630e+00 -6.6907099031e-01
4.0677375069e+00 -6.9972480952e-01
4.1088124388e+00 -7.2989559600e-01
4.1443671902e+00 -7.5955089163e-01
4.1744624086e+00 -7.8853935995e-01
4.1991722527e+00 -8.1683517616e-01
4.2185858578e+00 -8.4436873252e-01
4.2328356991e+00 -8.7103128648e-01
4.2419318535e+00 -8.9681058384e-01
4.2459840169e+00 -9.2157798788e-01
4.2451067035e+00 -9.4531111230e-01
4.2393579776e+00 -9.6795088289e-01
4.2288327765e+00 -9.8938700220e-01
4.2136458022e+00 -1.0096361741e+00
4.1938903941e+00 -1.0285892584e+00
4.1696707854e+00 -1.0462102748e+00
4.1410182796e+00 -1.0624711390e+00
4.1081235497e+00 -1.0772713327e+00
4.0710266109e+00 -1.0906098365e+00
4.0298422803e+00 -1.1024392784e+00
3.9847019484e+00 -1.1126802888e+00
3.9356862929e+00 -1.1213627968e+00
3.8829313080e+00 -1.1283952980e+00
3.8265247425e+00 -1.1337764218e+00
3.7665942421e+00 -1.1374648233e+00
3.7032593895e+00 -1.1394403597e+00
3.6366113460e+00 -1.1396880682e+00
3.5668323393e+00 -1.1381709330e+00
3.4939713936e+00 -1.1348898444e+00
3.4182227890e+00 -1.1298181392e+00
3.3396489229e+00 -1.1229681383e+00
3.2584505369e+00 -1.1142988753e+00
3.1747281641e+00 -1.1038503096e+00
3.0885977259e+00 -1.0916064293e+00
3.0002789807e+00 -1.0775789229e+00
2.9098304683e+00 -1.0618007993e+00
2.8174995349e+00 -1.0442859529e+00
2.7233279517e+00 -1.0250250111e+00
2.6275493654e+00 -1.0040549920e+00
2.5303156584e+00 -9.8140981862e-01
2.4317081563e+00 -9.5712673223e-01
2.3320572015e+00 -9.3125504919e-01
2.2313793242e+00 -9.0385116314e-01
2.1299411147e+00 -8.7497025118e-01
2.0279360861e+00 -8.4468714080e-01
1.9254658807e+00 -8.1304396702e-01
1.8228481244e+00 -7.8014729026e-01
1.7201152671e+00 -7.4601094935e-01
1.6176571121e+00 -7.1078846597e-01
1.5156026845e+00 -6.7455429738e-01
1.4140643286e+00 -6.3738475578e-01
1.3135430194e+00 -5.9948081782e-01
1.2140140082e+00 -5.6089200639e-01
1.1158490463e+00 -5.2179414331e-01
1.0193455061e+00 -4.8238284941e-01
9.2461214079e-01 -4.4270095251e-01
8.3216148134e-01 -4.0303689154e-01
7.4204792164e-01 -3.6344613429e-01
6.5469704035e-01 -3.2420304993e-01
5.7063227249e-01 -2.8557268945e-01
4.8976654612e-01 -2.4762240127e-01
4.1308360877e-01 -2.1094193185e-01
3.4069452951e-01 -1.7562865544e-01
2.7289738725e-01 -1.4208933389e-01
2.1054415336e-01 -1.1069014849e-01
1.5438751920e-01 -8.1764864618e-02
1.0491986079e-01 -5.6159645701e-02
6.2861486816e-02 -3.4227862441e-02
3.0321616555e-02 -1.6384334014e-02
9.1213671478e-03 -4.7539297400e-03
-6.1388656359e-05 2.2643816952e-05
