-1.2782559457e-06 1.7750381903e-07
2.8295099008e-01 -8.3192096565e-04
5.5949967176e-01 -3.2808951969e-03
8.2962302344e-01 -7.2756251759e-03
1.0932272583e+00 -1.2766479903e-02
1.3502631245e+00 -1.9656453863e-02
1.6006861160e+00 -2.7895938872e-02
1.8444544535e+00 -3.7422157823e-02
2.0815029059e+00 -4.8144850995e-02
2.3118538607e+00 -6.0039481732e-02
2.5354600977e+00 -7.2978495895e-02
2.7522850018e+00 -8.6955209272e-02
2.9623454844e+00 -1.0188285451e-01
3.1655877774e+00 -1.1767881262e-01
3.3620516057e+00 -1.3432156670e-01
3.5517397017e+00 -1.5169431043e-01
3.7346206774e+00 -1.6978310554e-01
3.9107233037e+00 -1.8851572758e-01
4.0800346686e+00 -2.0780733011e-01
4.2425854604e+00 -2.2764179370e-01
4.3984160318e+00 -2.4791580925e-01
4.5475014326e+00 -2.6860941372e-01
4.6898648042e+00 -2.8966092665e-01
4.8255593304e+00 -3.1098915141e-01
4.9545708703e+00 -3.3258286309e-01
5.0769446162e+00 -3.5434690536e-01
5.1927164128e+00 -3.7626158490e-01
5.3018780198e+00 -3.9826909935e-01
5.4045131679e+00 -4.2029865691e-01
5.5006009898e+00 -4.4233892595e-01
5.5901973891e+00 -4.6429866566e-01
5.6733495312e+00 -4.8616768142e-01
5.7500455152e+00 -5.0788415189e-01
5.8203996069e+00 -5.2939470381e-01
5.8843625558e+00 -5.5068289041e-01
5.9420042669e+00 -5.7166088104e-01
5.9933795828e+00 -5.9231941741e-01
6.0384807041e+00 -6.1261466252e-01
6.0774182537e+00 -6.3248319734e-01
6.1101542828e+00 -6.5191196036e-01
6.1367842480e+00 -6.7083073424e-01
6.1573344358e+00 -6.8921780305e-01
6.1718388760e+00 -7.0703757335e-01
6.1803576854e+00 -7.2423012668e-01
6.1829000738e+00 -7.4078541348e-01
6.1795620841e+00 -7.5663947326e-01
6.1703532653e+00 -7.7177573828e-01
6.1553343910e+00 -7.8613950539e-01
6.1345708066e+00 -7.9969867043e-01
6.1080747568e+00 -8.1243690729e-01
6.0759598757e+00 -8.2429932521e-01
6.0382056521e+00 -8.3526044041e-01
5.9949221610e+00 -8.4526470760e-01
5.9461497764e+00 -8.5429845010e-01
5.8919337710e+00 -8.6233857192e-01
5.8323907329e+00 -8.6933832043e-01
5.7675076776e+00 -8.7526565379e-01
5.6974103643e+00 -8.8007436290e-01
5.6221329607e+00 -8.8376306859e-01
5.5417881980e+00 -8.8629720156e-01
5.4564162761e+00 -8.8763681795e-01
5.3661035315e+00 -8.8774789996e-01
5.2709488851e+00 -8.8660339899e-01
5.1710072530e+00 -8.8420274136e-01
5.0664223161e+00 -8.8050773005e-01
4.9572221248e+00 -8.7548720222e-01
4.8435747483e+00 -8.6910066355e-01
4.7255077642e+00 -8.6135613554e-01
4.6032345320e+00 -8.5223929005e-01
4.4767788492e+00 -8.4172217997e-01
4.3463249759e+00 -8.2976568137e-01
4.2119878058e+00 -8.1636893436e-01
4.0738642502e+00 -8.0154039850e-01
3.9322086819e+00 -7.8528277316e-01
3.7870510349e+00 -7.6754263716e-01
3.6386751932e+00 -7.4831952954e-01
3.4871359356e+00 -7.2763960372e-01
3.3327585966e+00 -7.0553516900e-01
3.1756506516e+00 -6.8198615798e-01
3.0160722624e+00 -6.5696190075e-01
2.8542433609e+00 -6.3051986554e-01
2.6904116144e+00 -6.0272353784e-01
2.5249325950e+00 -5.7361373928e-01
2.3579357538e+00 -5.4312334080e-01
2.1899732722e+00 -5.1136989176e-01
2.0211545740e+00 -4.7842627895e-01
1.8521383388e+00 -4.4445604379e-01
1.6830814485e+00 -4.0936759633e-01
1.5147861166e+00 -3.7334516733e-01
1.3474777106e+00 -3.3649982360e-01
1.1820954572e+00 -2.9918426267e-01
1.0191524081e+00 -2.6139622725e-01
8.5960895266e-01 -2.2329500704e-01
7.0449655924e-01 -1.8522768670e-01
5.5504849608e-01 -1.4793578698e-01
4.1310752278e-01 -1.1169404384e-01
2.8086504227e-01 -7.6524220172e-02
1.6109819442e-01 -4.3366726621e-02
6.5368580970e-02 -1.7170807426e-02
-4.6227165607e-07 5.9858962260e-08
