3.0622265653e+02
3.0688415413e+02
3.0555711049e+02
3.0754327421e+02
3.0489149679e+02
3.0820289318e+02
3.0423819865e+02
3.0886988320e+02
3.0358627922e+02
3.0953682585e+02
3.0292895676e+02
3.1020289143e+02
3.0226178455e+02
3.1086887252e+02
3.0159449277e+02
3.1153488152e+02
3.0094683898e+02
3.1219968694e+02
3.0030239338e+02
3.1286448836e+02
2.9965162353e+02
3.1353000136e+02
2.9898752275e+02
3.1419677056e+02
2.9832328142e+02
3.1486361234e+02
2.9767708691e+02
3.1553371163e+02
2.9703484513e+02
3.1620389477e+02
2.9639099794e+02
3.1687178573e+02
2.9574280336e+02
3.1753760850e+02
2.9509446467e+02
3.1820353123e+02
2.9444961461e+02
3.1887580595e+02
2.9380570747e+02
3.1954852316e+02
2.9316443702e+02
3.2022153339e+02
2.9253007215e+02
3.2089572080e+02
2.9189555158e+02
3.2157004001e+02
2.9124735240e+02
3.2223669700e+02
2.9059428503e+02
3.2290256787e+02
2.8994845279e+02
3.2356954057e+02
2.8932642113e+02
3.2423882028e+02
2.8870419722e+02
3.2490824828e+02
2.8806839781e+02
3.2557970430e+02
3.2625155772e+02
2.8742665026e+02
3.2692285268e+02
2.8678717888e+02
3.2759384720e+02
2.8615656843e+02
3.2826501117e+02
2.8552572236e+02
3.2893575579e+02
2.8490002214e+02
3.2960649385e+02
2.8427695787e+02
3.3027566711e+02
2.8365416926e+02
3.3094176917e+02
2.8303199434e+02
3.3160805931e+02
2.8240956666e+02
3.3227937215e+02
2.8179144859e+02
3.3295219679e+02
2.8117598556e+02
3.3362448962e+02
2.8056011891e+02
3.3429638622e+02
2.7993811063e+02
3.3496851116e+02
2.7931581765e+02
3.3563496051e+02
2.7870496956e+02
3.3629947345e+02
2.7810251984e+02
3.3696437477e+02
2.7750007647e+02
3.3763153567e+02
2.7689787134e+02
3.3829893621e+02
2.7629536908e+02
3.3896582180e+02
2.7568979009e+02
3.3963256284e+02
2.7508160317e+02
3.4029988857e+02
2.7447400944e+02
3.4097108129e+02
2.7388238846e+02
3.4164254265e+02
2.7329044426e+02
3.4230371035e+02
2.7269669913e+02
3.4295957801e+02
2.7210117810e+02
3.4361756709e+02
2.7150540724e+02
3.4428974588e+02
2.7091729214e+02
3.4496221941e+02
2.7032867621e+02
3.4562387029e+02
2.6974320162e+02
3.4627884859e+02
2.6916161790e+02
3.4693426212e+02
2.6857974442e+02
3.4759336078e+02
2.6799973773e+02
3.4825275010e+02
3.4891188574e+02
2.6741919533e+02
3.4957087567e+02
2.6684342915e+02
3.5022969126e+02
2.6627461891e+02
3.5088538533e+02
2.6570548499e+02
3.5154138966e+02
2.6513651063e+02
3.5219700346e+02
2.6456690822e+02
3.5285228370e+02
2.6400092205e+02
3.5350756721e+02
2.6344131674e+02
3.5416034533e+02
2.6288137564e+02
3.5481345364e+02
2.6232390949e+02
3.5546410268e+02
2.6176618823e+02
3.5611219697e+02
2.6121039244e+02
3.5676056932e+02
2.6065892248e+02
3.5741367090e+02
2.6010710683e+02
3.5806751829e+02
2.5956489995e+02
3.5871718309e+02
2.5902420583e+02
3.5936171707e+02
2.5848259505e+02
3.6000655650e+02
2.5793944348e+02
3.6064968244e+02
2.5739594194e+02
3.6129321334e+02
2.5685928005e+02
3.6193634171e+02
2.5632381985e+02
3.6257871622e+02
3.6322140051e+02
2.5578982374e+02
3.6385848709e+02
2.5526111145e+02
3.6449545674e+02
2.5473200145e+02
3.6513422653e+02
2.5420376293e+02
3.6577573135e+02
2.5367511920e+02
3.6641755969e+02
2.5314968228e+02
3.6704427858e+02
2.5263750654e+02
3.6766890751e+02
2.5212487731e+02
3.6829922768e+02
2.5162007706e+02
3.6894049647e+02
2.5111833138e+02
3.6958204694e+02
2.5061444185e+02
3.7021099651e+02
2.5010212833e+02
3.7083781062e+02
2.4958941594e+02
3.7146534674e+02
2.4908699424e+02
3.7209403963e+02
2.4858922780e+02
3.7272308041e+02
2.4809314406e+02
3.7334662189e+02
3.7396908625e+02
2.4761113323e+02
3.7459135818e+02
2.4712867922e+02
3.7521223428e+02
2.4663594636e+02
3.7583346677e+02
2.4613584407e+02
3.7645716824e+02
2.4563769632e+02
3.7708235618e+02
2.4516412932e+02
3.7770475017e+02
2.4469007126e+02
3.7831559722e+02
2.4421891491e+02
3.7892683754e+02
2.4374949972e+02
3.7953713249e+02
2.4327972927e+02
3.8014741329e+02
2.4281297837e+02
3.8075787981e+02
2.4234575745e+02
3.8136758181e+02
2.4188209422e+02
3.8197766155e+02
2.4142094086e+02
3.8258497235e+02
3.8319131814e+02
2.4095932602e+02
3.8379769126e+02
2.4050666940e+02
3.8440177007e+02
2.4005351157e+02
3.8500623979e+02
2.3960342795e+02
3.8560656054e+02
2.3915606133e+02
3.8620470087e+02
2.3870812232e+02
3.8680318214e+02
2.3826773701e+02
3.8740106666e+02
2.3782709082e+02
3.8799935128e+02
2.3739217497e+02
3.8859395720e+02
2.3696393876e+02
3.8918622970e+02
2.3653512900e+02
3.8977887589e+02
2.3610669476e+02
3.9037048872e+02
3.9096251027e+02
2.3567783547e+02
3.9155047626e+02
2.3524977183e+02
3.9213523835e+02
2.3482220831e+02
3.9272048299e+02
2.3439404631e+02
3.9330858578e+02
2.3398601185e+02
3.9389711323e+02
2.3358002573e+02
3.9447952207e+02
2.3317347717e+02
3.9505586229e+02
2.3276586894e+02
3.9563267000e+02
2.3235766845e+02
3.9620878287e+02
2.3195462741e+02
3.9678529042e+02
2.3155208031e+02
3.9735976681e+02
3.9793199525e+02
2.3115126632e+02
3.9850469585e+02
2.3075368830e+02
3.9907417240e+02
2.3035549701e+02
3.9964380380e+02
2.2997269127e+02
4.0021193278e+02
2.2959312656e+02
4.0077809627e+02
2.2921318843e+02
4.0134473998e+02
2.2883257013e+02
4.0190651281e+02
2.2845134847e+02
4.0246806425e+02
2.2807114711e+02
4.0302809393e+02
2.2769088381e+02
4.0358558845e+02
4.0414356871e+02
2.2731544659e+02
4.0469812084e+02
2.2695486095e+02
4.0525242943e+02
2.2659365720e+02
4.0580572617e+02
2.2623111949e+02
4.0635691255e+02
2.2586775255e+02
4.0690859214e+02
2.2550491504e+02
4.0745089851e+02
2.2514433370e+02
4.0799132398e+02
2.2478311545e+02
4.0853363283e+02
2.2443316363e+02
4.0908035941e+02
2.2408802311e+02
4.0962758070e+02
4.1016696819e+02
2.2374415047e+02
4.1070431180e+02
2.2340863188e+02
4.1124029758e+02
2.2307247842e+02
4.1177159319e+02
2.2273956102e+02
4.1230339143e+02
2.2240818148e+02
4.1283278688e+02
2.2207659738e+02
4.1336157042e+02
2.2174516181e+02
4.1388944055e+02
2.2141308769e+02
4.1441304283e+02
2.2108825101e+02
4.1493715270e+02
4.1545919185e+02
2.2076793406e+02
4.1598054443e+02
2.2044778663e+02
4.1649963981e+02
2.2013293260e+02
4.1700596490e+02
2.1981742783e+02
4.1751279666e+02
2.1950674769e+02
4.1802441594e+02
2.1919965772e+02
4.1853884403e+02
2.1889250659e+02
4.1905174072e+02
2.1859299438e+02
4.1955282931e+02
4.2005443395e+02
2.1829283135e+02
4.2055769948e+02
2.1799508091e+02
4.2106220404e+02
2.1769948692e+02
4.2156564823e+02
2.1740349303e+02
4.2205458377e+02
2.1711638365e+02
4.2254404692e+02
2.1682857797e+02
4.2303155063e+02
2.1654288730e+02
4.2351764552e+02
2.1625951076e+02
4.2400387929e+02
4.2448570824e+02
2.1597550644e+02
4.2496806450e+02
2.1570469206e+02
4.2544635548e+02
2.1543359585e+02
4.2592100548e+02
2.1516160241e+02
4.2639602267e+02
2.1488868048e+02
4.2686266233e+02
2.1461512808e+02
4.2732983305e+02
2.1436058530e+02
4.2779505697e+02
4.2825816429e+02
2.1410682590e+02
4.2872178149e+02
2.1385120942e+02
4.2917562534e+02
2.1359321678e+02
4.2962974405e+02
2.1333460683e+02
4.3007995738e+02
2.1309308953e+02
4.3052513960e+02
2.1285298989e+02
4.3097084345e+02
2.1261364246e+02
4.3141171326e+02
2.1237619185e+02
4.3185278448e+02
4.3229016859e+02
2.1213815756e+02
4.3272185178e+02
2.1189463655e+02
4.3315407779e+02
2.1164903869e+02
4.3357244943e+02
2.1141076364e+02
4.3398954004e+02
2.1118859301e+02
4.3440509390e+02
2.1096570693e+02
4.3481753154e+02
2.1076017054e+02
4.3523051064e+02
4.3563284159e+02
2.1055835002e+02
4.3603376251e+02
2.1035366935e+02
4.3643178991e+02
2.1014286992e+02
4.3682313347e+02
2.0993140442e+02
4.3721503418e+02
2.0973847714e+02
4.3759503513e+02
2.0955047828e+02
4.3797265637e+02
4.3834701435e+02
2.0936390413e+02
4.3871220365e+02
2.0918342186e+02
4.3907796651e+02
2.0900229203e+02
4.3943435366e+02
2.0881814690e+02
4.3978833255e+02
2.0863174698e+02
4.4013829399e+02
2.0845110226e+02
4.4047444266e+02
2.0829547401e+02
4.4081119322e+02
4.4113170099e+02
2.0813902678e+02
4.4144641991e+02
2.0800429666e+02
4.4175842690e+02
2.0787924381e+02
4.4205790146e+02
2.0775537995e+02
4.4235799002e+02
2.0764115591e+02
4.4264159139e+02
2.0752614035e+02
4.4291799578e+02
4.4318791427e+02
2.0741865411e+02
4.4342147781e+02
2.0731445713e+02
4.4365565246e+02
2.0721651430e+02
4.4388049809e+02
2.0716946396e+02
4.4410030948e+02
2.0712147266e+02
4.4431746818e+02
2.0710191671e+02
4.4451172647e+02
4.4470665371e+02
2.0710087791e+02
4.4486918182e+02
2.0710334264e+02
4.4501091219e+02
2.0715547309e+02
4.4514528460e+02
2.0720656850e+02
4.4518824212e+02
2.0732663488e+02
4.4523199165e+02
2.0750000189e+02
4.4521629373e+02
4.4515416639e+02
2.0767776437e+02
4.4508827737e+02
2.0798529880e+02
4.4491523648e+02
2.0829150617e+02
4.4474321000e+02
2.0947837350e+02
4.4353844030e+02
2.1149683239e+02
4.4137127407e+02
4.3920367252e+02
2.1351679561e+02
