-2.5654635837e-05 2.5161828171e-07
-1.3224817941e-05 1.4180653014e-08
8.0026346008e-01 -5.8439810319e-04
8.6982454598e-01 -5.6118434446e-04
1.5851888561e+00 -2.3071031989e-03
1.7209260775e+00 -2.1718141573e-03
2.3546284314e+00 -5.0858646920e-03
2.5532913697e+00 -4.8318752580e-03
3.1087469656e+00 -8.8939275799e-03
3.3668441058e+00 -8.4844841423e-03
3.8476368531e+00 -1.3700381783e-02
4.1615635945e+00 -1.2987198925e-02
4.5712799126e+00 -1.9424009609e-02
4.9374551660e+00 -1.8334329109e-02
5.2795868572e+00 -2.5970664152e-02
5.6943949425e+00 -2.4548825069e-02
5.9727003555e+00 -3.3280183479e-02
6.4325279720e+00 -3.1467122181e-02
6.6506302356e+00 -4.1330754111e-02
7.1518120281e+00 -3.9031976987e-02
7.3133470091e+00 -5.0079126557e-02
7.8522609803e+00 -4.7244373045e-02
7.9608030563e+00 -5.9430379765e-02
8.5338805964e+00 -5.6048139370e-02
8.5929982734e+00 -6.9272572047e-02
9.1967311336e+00 -6.5318794563e-02
9.2099394339e+00 -7.9627745224e-02
9.8115789922e+00 -9.0439397016e-02
9.8407977551e+00 -7.5048831483e-02
1.0397942349e+01 -1.0159485888e-01
1.0466072442e+01 -8.5231917157e-02
1.0968907996e+01 -1.1303672583e-01
1.1072648045e+01 -9.5734922417e-02
1.1524459925e+01 -1.2475576532e-01
1.1660671858e+01 -1.0651713933e-01
1.2064552068e+01 -1.3667142854e-01
1.2230025362e+01 -1.1756797042e-01
1.2589244373e+01 -1.4870558471e-01
1.2780715349e+01 -1.2885831334e-01
1.3098377256e+01 -1.6082144924e-01
1.3312926269e+01 -1.4026903766e-01
1.3591912315e+01 -1.7300996284e-01
1.3826693864e+01 -1.5178015746e-01
1.4069848796e+01 -1.8516408590e-01
1.4321945661e+01 -1.6336093835e-01
1.4532119757e+01 -1.9723858151e-01
1.4798760756e+01 -1.7499414916e-01
1.4978648806e+01 -2.0921132967e-01
1.5257303236e+01 -1.8657751331e-01
1.5409397991e+01 -2.2105774344e-01
1.5697573639e+01 -1.9811043974e-01
1.5824293547e+01 -2.3267793664e-01
1.6119555104e+01 -2.0957305401e-01
1.6223314274e+01 -2.4406346255e-01
1.6523353658e+01 -2.2087626399e-01
1.6606458942e+01 -2.5521769025e-01
1.6909003877e+01 -2.3199749199e-01
1.6973582244e+01 -2.6603576256e-01
1.7276505902e+01 -2.4293882130e-01
1.7324642044e+01 -2.7650094414e-01
1.7625941198e+01 -2.5364635447e-01
1.7659629684e+01 -2.8661321299e-01
1.7957454387e+01 -2.6408045989e-01
1.7978442009e+01 -2.9635052873e-01
1.8270975230e+01 -2.7420783250e-01
1.8281026188e+01 -3.0561386750e-01
1.8566510604e+01 -2.8402355096e-01
1.8567372115e+01 -3.1441055816e-01
1.8837423757e+01 -3.2276236948e-01
1.8844223763e+01 -2.9348211178e-01
1.9091075627e+01 -3.3061101694e-01
1.9104150448e+01 -3.0256538989e-01
1.9328296653e+01 -3.3790416381e-01
1.9346227223e+01 -3.1122492953e-01
1.9549049742e+01 -3.4464488374e-01
1.9570577020e+01 -3.1947203273e-01
1.9753291512e+01 -3.5086308397e-01
1.9777307470e+01 -3.2726766428e-01
1.9940933100e+01 -3.5649658057e-01
1.9966397726e+01 -3.3459670946e-01
2.0111911375e+01 -3.6153278611e-01
2.0137817327e+01 -3.4142026186e-01
2.0266226337e+01 -3.6597170060e-01
2.0291771493e+01 -3.4775554538e-01
2.0403879135e+01 -3.6981417470e-01
2.0428220310e+01 -3.5354421291e-01
2.0524688949e+01 -3.7304611278e-01
2.0547156412e+01 -3.5879865363e-01
2.0628661656e+01 -3.7565941837e-01
2.0648650319e+01 -3.6350202547e-01
2.0715800438e+01 -3.7766436351e-01
2.0732864263e+01 -3.6764665141e-01
2.0786014358e+01 -3.7903344432e-01
2.0799724566e+01 -3.7119433553e-01
2.0839223326e+01 -3.7975314497e-01
2.0849228978e+01 -3.7414358475e-01
2.0875456068e+01 -3.7986402404e-01
2.0881480033e+01 -3.7648958454e-01
2.0894620487e+01 -3.7937474985e-01
2.0896607868e+01 -3.7824941559e-01
