2.9779604270e+02
2.9787181177e+02
2.9794758083e+02
2.9802501193e+02
2.9814475444e+02
2.9826449696e+02
2.9838423947e+02
2.9850045863e+02
2.9865075002e+02
2.9880475486e+02
2.9895875969e+02
2.9914694791e+02
3.0215436451e+02
3.0209284102e+02
3.0203131753e+02
3.0196979405e+02
3.0190827056e+02
3.0184773842e+02
3.0179372417e+02
3.0173970993e+02
3.0168569568e+02
3.0163168143e+02
3.0157276812e+02
3.0152001806e+02
3.0146726801e+02
3.0141451795e+02
3.0136176790e+02
3.0131079769e+02
3.0125996231e+02
3.0120912694e+02
3.0115829156e+02
3.0110732917e+02
3.0105432022e+02
3.0100131127e+02
3.0094830231e+02
3.0089529336e+02
3.0084041720e+02
3.0078521470e+02
3.0073001220e+02
3.0067582626e+02
3.0062078920e+02
3.0056222408e+02
3.0050357969e+02
3.0044369866e+02
3.0038381764e+02
3.0032216731e+02
3.0025958507e+02
3.0019490231e+02
3.0013008219e+02
3.0006492905e+02
2.9999647776e+02
2.9992802646e+02
2.9985957516e+02
2.9979112387e+02
2.9972121521e+02
2.9964720386e+02
2.9957319250e+02
2.9949918115e+02
2.9942514422e+02
2.9935082323e+02
2.9927650225e+02
2.9920218127e+02
2.9912201527e+02
2.9904197225e+02
2.9896335263e+02
2.9888660560e+02
2.9880985857e+02
2.9873583712e+02
2.9866423038e+02
2.9858892125e+02
2.9850801094e+02
2.9842980651e+02
2.9835655149e+02
2.9828329647e+02
2.9821303550e+02
2.9814705407e+02
2.9809063113e+02
2.9802406520e+02
2.9795749927e+02
2.9789093334e+02
2.9783935985e+02
2.9778910494e+02
2.9773885002e+02
2.9768919544e+02
2.9765547502e+02
2.9762523041e+02
2.9759161625e+02
2.9755800208e+02
2.9752776374e+02
2.9751701714e+02
2.9750627055e+02
2.9749552396e+02
2.9750223214e+02
2.9752173154e+02
2.9753531740e+02
2.9754890325e+02
2.9757909916e+02
2.9762738640e+02
2.9767567365e+02
2.9772396089e+02
