3.0490504205e+02
3.0443408963e+02
3.0537596455e+02
3.0396312769e+02
3.0584698842e+02
3.0349304063e+02
3.0631802841e+02
3.0302305151e+02
3.0678916033e+02
3.0255323026e+02
3.0726029364e+02
3.0208352366e+02
3.0773160423e+02
3.0161379826e+02
3.0820318803e+02
3.0114417407e+02
3.0867479512e+02
3.0067455974e+02
3.0914659077e+02
3.0020530278e+02
3.0961839730e+02
2.9973654767e+02
3.1009017284e+02
2.9926776279e+02
3.1056205322e+02
2.9879967010e+02
3.1103396352e+02
2.9833171478e+02
3.1150474649e+02
2.9786424131e+02
3.1197552806e+02
2.9739774095e+02
3.1244725470e+02
2.9693120108e+02
3.1292023013e+02
2.9646387250e+02
3.1339324639e+02
2.9599629939e+02
3.1386340802e+02
2.9552967390e+02
3.1433341385e+02
2.9506557742e+02
3.1480474163e+02
2.9460143159e+02
3.1527806429e+02
2.9413536829e+02
3.1575143865e+02
2.9366860762e+02
3.1622194490e+02
2.9320290116e+02
3.1669216641e+02
2.9274058912e+02
3.1716239793e+02
2.9227821590e+02
3.1763274768e+02
2.9181572725e+02
3.1810315441e+02
2.9135316380e+02
3.1857374673e+02
2.9089072119e+02
3.1904440847e+02
2.9042859593e+02
3.1951531426e+02
2.8996639807e+02
3.1998685441e+02
2.8950572562e+02
3.2045846211e+02
3.2092721165e+02
2.8904582538e+02
3.2139537388e+02
2.8858607072e+02
3.2186361951e+02
2.8812709199e+02
3.2233211039e+02
2.8766803125e+02
3.2280067521e+02
2.8720977769e+02
3.2326934321e+02
2.8675200462e+02
3.2373808421e+02
2.8629435808e+02
3.2420664134e+02
2.8583779243e+02
3.2467479754e+02
2.8538113390e+02
3.2514303618e+02
2.8492520008e+02
3.2561007107e+02
2.8446978300e+02
3.2607672019e+02
2.8401451730e+02
3.2654342486e+02
2.8356200304e+02
3.2701046268e+02
2.8310938452e+02
3.2747759188e+02
2.8265688273e+02
3.2794282791e+02
2.8220447746e+02
3.2840728565e+02
2.8175210124e+02
3.2887193895e+02
2.8130362815e+02
3.2933748306e+02
2.8085504352e+02
3.2980312556e+02
2.8040507759e+02
3.3026639536e+02
2.7995371476e+02
3.3072846361e+02
2.7950225401e+02
3.3119092682e+02
2.7905562053e+02
3.3165581983e+02
2.7860889009e+02
3.3212081899e+02
2.7816345630e+02
3.3258364761e+02
2.7771961258e+02
3.3304515975e+02
2.7727565243e+02
3.3350647311e+02
2.7683252209e+02
3.3396548983e+02
2.7638926166e+02
3.3442461948e+02
2.7594689048e+02
3.3488470088e+02
3.3534550199e+02
2.7550584032e+02
3.3580611301e+02
2.7506466493e+02
3.3626309922e+02
2.7462414022e+02
3.3672020409e+02
2.7418348808e+02
3.3717841582e+02
2.7374511278e+02
3.3763759005e+02
2.7331065840e+02
3.3809671011e+02
2.7287606710e+02
3.3855159296e+02
2.7243988393e+02
3.3900660319e+02
2.7200325567e+02
3.3946152731e+02
2.7156762486e+02
3.3991635461e+02
2.7113414632e+02
3.4037130057e+02
2.7070052909e+02
3.4082468062e+02
2.7026822548e+02
3.4127819643e+02
2.6983598066e+02
3.4173073615e+02
2.6940510993e+02
3.4218207073e+02
2.6897779391e+02
3.4263352780e+02
2.6855031235e+02
3.4308479923e+02
2.6812287908e+02
3.4353624208e+02
2.6769528584e+02
3.4398690398e+02
3.4443639955e+02
2.6726887404e+02
3.4488602731e+02
2.6684631041e+02
3.4533310459e+02
2.6642357462e+02
3.4578006178e+02
2.6600252997e+02
3.4622690273e+02
2.6558194955e+02
3.4667344482e+02
2.6516111710e+02
3.4712012584e+02
2.6473985164e+02
3.4756452377e+02
2.6431842351e+02
3.4800869754e+02
2.6390131102e+02
3.4845260171e+02
2.6348585577e+02
3.4889581107e+02
2.6307057896e+02
3.4933916144e+02
2.6265691869e+02
3.4978068547e+02
2.6224307981e+02
3.5022196231e+02
2.6182941347e+02
3.5066290575e+02
2.6141565150e+02
3.5110282116e+02
3.5154288155e+02
2.6100241664e+02
3.5198144099e+02
2.6059377683e+02
3.5241973679e+02
2.6018493784e+02
3.5285763931e+02
2.5977794420e+02
3.5329406055e+02
2.5937198372e+02
3.5373063438e+02
2.5896605716e+02
3.5416546700e+02
2.5856237766e+02
3.5459982054e+02
2.5815850092e+02
3.5503407039e+02
2.5775648661e+02
3.5546748702e+02
2.5735571268e+02
3.5590106134e+02
2.5695484767e+02
3.5633255624e+02
2.5655611320e+02
3.5676327028e+02
2.5615718067e+02
3.5719391850e+02
2.5576007508e+02
3.5762360367e+02
3.5805344954e+02
2.5536438507e+02
3.5848149639e+02
2.5496849915e+02
3.5890871697e+02
2.5457527009e+02
3.5933585938e+02
2.5418182798e+02
3.5976152018e+02
2.5379026211e+02
3.6018734345e+02
2.5340049660e+02
3.6061211611e+02
2.5301049502e+02
3.6103635203e+02
2.5262328277e+02
3.6146049438e+02
2.5223594081e+02
3.6188213126e+02
2.5184990501e+02
3.6230393599e+02
2.5146537957e+02
3.6272455415e+02
3.6314439264e+02
2.5108061150e+02
3.6356436939e+02
2.5069944775e+02
3.6398376632e+02
2.5031834229e+02
3.6440333902e+02
2.4993842291e+02
3.6482049953e+02
2.4956018426e+02
3.6523561797e+02
2.4918169472e+02
3.6565090425e+02
2.4880466355e+02
3.6606457547e+02
2.4842760186e+02
3.6647842225e+02
2.4805323560e+02
3.6689158758e+02
2.4768347029e+02
3.6730410821e+02
2.4731344027e+02
3.6771681377e+02
3.6812764451e+02
2.4694254335e+02
3.6853859220e+02
2.4657129953e+02
3.6894802854e+02
2.4620198051e+02
3.6935567901e+02
2.4583651831e+02
3.6976352369e+02
2.4547078626e+02
3.7016930553e+02
2.4510788111e+02
3.7057510270e+02
2.4474545583e+02
3.7098000700e+02
2.4438266823e+02
3.7138359928e+02
2.4401921431e+02
3.7178738485e+02
2.4365549318e+02
3.7218902589e+02
3.7259056208e+02
2.4330033981e+02
3.7299161396e+02
2.4294759624e+02
3.7339178631e+02
2.4259427571e+02
3.7379215393e+02
2.4223952448e+02
3.7418918477e+02
2.4188449307e+02
3.7458577459e+02
2.4153336910e+02
3.7498218741e+02
2.4118354440e+02
3.7537812303e+02
2.4083418481e+02
3.7577425522e+02
2.4048714402e+02
3.7616689834e+02
3.7655885680e+02
2.4013981865e+02
3.7695034917e+02
2.3979506758e+02
3.7734046832e+02
2.3945134685e+02
3.7773078192e+02
2.3910792787e+02
3.7812042164e+02
2.3876673472e+02
3.7850998055e+02
2.3842525124e+02
3.7889845994e+02
2.3808697808e+02
3.7928355666e+02
2.3775033447e+02
3.7966885291e+02
2.3741385042e+02
3.8005365439e+02
3.8043838198e+02
2.3707975378e+02
3.8082218385e+02
2.3674535714e+02
3.8120220616e+02
2.3641282027e+02
3.8158243011e+02
2.3608139264e+02
3.8196232580e+02
2.3575041221e+02
3.8234216595e+02
2.3542647349e+02
3.8272128036e+02
2.3510222592e+02
3.8309639636e+02
2.3477697122e+02
3.8347171317e+02
3.8384616081e+02
2.3445090907e+02
3.8422020804e+02
2.3412517643e+02
3.8459393239e+02
2.3380787860e+02
3.8496485426e+02
2.3349026638e+02
3.8533597623e+02
2.3317285422e+02
3.8570616216e+02
2.3285561944e+02
3.8607580908e+02
2.3253825900e+02
3.8644513339e+02
3.8680945143e+02
2.3222862486e+02
3.8717397727e+02
2.3191867513e+02
3.8753799376e+02
2.3160528728e+02
3.8790166289e+02
2.3128827604e+02
3.8826526443e+02
2.3097096200e+02
3.8862395929e+02
2.3067077975e+02
3.8898286305e+02
2.3037084055e+02
3.8934061313e+02
2.3007153384e+02
3.8969733398e+02
3.9005420033e+02
2.2977310072e+02
3.9040741109e+02
2.2947434439e+02
3.9076083210e+02
2.2917556065e+02
3.9111308599e+02
2.2887650188e+02
3.9146408330e+02
2.2857986232e+02
3.9181528590e+02
2.2828692880e+02
3.9216144830e+02
2.2799365735e+02
3.9250767287e+02
3.9285277576e+02
2.2770639930e+02
3.9319641738e+02
2.2741959993e+02
3.9354026777e+02
2.2713418496e+02
3.9387950720e+02
2.2685145968e+02
3.9421860954e+02
2.2656839698e+02
3.9455627236e+02
2.2628858627e+02
3.9489170356e+02
3.9522734786e+02
2.2600902945e+02
3.9556068027e+02
2.2573178962e+02
3.9589396011e+02
2.2545978678e+02
3.9622469858e+02
2.2518742705e+02
3.9655082498e+02
2.2491892162e+02
3.9687718627e+02
2.2465102260e+02
3.9719949906e+02
2.2438513699e+02
3.9752126829e+02
3.9784154990e+02
2.2412493407e+02
3.9815845742e+02
2.2386436820e+02
3.9847560314e+02
2.2360906944e+02
3.9878753084e+02
2.2335509552e+02
3.9909838822e+02
2.2310247347e+02
3.9940754594e+02
2.2285487708e+02
3.9971202257e+02
4.0001674675e+02
2.2260690516e+02
4.0031655472e+02
2.2236611408e+02
4.0061503260e+02
2.2212769682e+02
4.0091123102e+02
2.2189116542e+02
4.0119977185e+02
2.2166328056e+02
4.0148856888e+02
2.2143498748e+02
4.0177002278e+02
4.0204879127e+02
2.2121523606e+02
4.0232610759e+02
2.2099914991e+02
4.0259694154e+02
2.2078483772e+02
4.0286802082e+02
2.2058151201e+02
4.0313161260e+02
2.2037774468e+02
4.0339192506e+02
2.2018796896e+02
4.0365005539e+02
4.0389578311e+02
2.2000568107e+02
4.0414177818e+02
2.1982577666e+02
4.0437655614e+02
2.1966606536e+02
4.0460525829e+02
2.1950587829e+02
4.0483160627e+02
2.1936662652e+02
4.0503914471e+02
2.1924097897e+02
4.0524697401e+02
4.0543691081e+02
2.1911904702e+02
4.0561521745e+02
2.1904456346e+02
4.0579023793e+02
2.1896959369e+02
4.0592462524e+02
2.1893700815e+02
4.0605934325e+02
2.1893801168e+02
4.0614876190e+02
4.0620292620e+02
2.1894869956e+02
4.0624762390e+02
2.1919880375e+02
4.0605933107e+02
2.1944849695e+02
4.0587133023e+02
2.2011953448e+02
4.0524404301e+02
2.2118567252e+02
4.0420768457e+02
4.0317104608e+02
