-2.6808000738e-06 3.3127372350e-09
2.9152395911e-01 -2.1402316019e-05
5.7688816324e-01 -8.7046418981e-05
8.5612824828e-01 -1.9794753218e-04
1.1292670922e+00 -3.5445633152e-04
1.3963219300e+00 -5.6440488832e-04
1.6573230733e+00 -8.2586715481e-04
1.9122882124e+00 -1.1355093125e-03
2.1612451755e+00 -1.5046735200e-03
2.4042062901e+00 -1.9267382890e-03
2.6412011896e+00 -2.4111902468e-03
2.8722362773e+00 -2.9567875095e-03
3.0973367280e+00 -3.5621618160e-03
3.3165100850e+00 -4.2281384767e-03
3.5297844179e+00 -4.9564355011e-03
3.7371612370e+00 -5.7431557750e-03
3.9386695964e+00 -6.5911542494e-03
4.1343354656e+00 -7.4986828755e-03
4.3241618601e+00 -8.4676957991e-03
4.5081735612e+00 -9.4982358755e-03
4.6863825946e+00 -1.0589132067e-02
4.8587876263e+00 -1.1742496534e-02
5.0254186140e+00 -1.2953499796e-02
5.1862577931e+00 -1.4222399485e-02
5.3413416076e+00 -1.5546355511e-02
5.4906674887e+00 -1.6923403535e-02
5.6342408900e+00 -1.8351719891e-02
5.7720731683e+00 -1.9830576421e-02
5.9041791188e+00 -2.1358937070e-02
6.0305580622e+00 -2.2927846780e-02
6.1512181307e+00 -2.4542339987e-02
6.2661540905e+00 -2.6192543245e-02
6.3753888716e+00 -2.7869146158e-02
6.4789103149e+00 -2.9573067374e-02
6.5767293748e+00 -3.1304395033e-02
6.6688464989e+00 -3.3061858370e-02
6.7552859515e+00 -3.4836863011e-02
6.8360201664e+00 -3.6630017709e-02
6.9110523390e+00 -3.8438735640e-02
6.9803563088e+00 -4.0250316441e-02
7.0439846380e+00 -4.2062566465e-02
7.1018843853e+00 -4.3877367917e-02
7.1540583756e+00 -4.5679499916e-02
7.2005167288e+00 -4.7465541203e-02
7.2412587250e+00 -4.9241137972e-02
7.2762572521e+00 -5.0992905298e-02
7.3055217776e+00 -5.2716387815e-02
7.3290097249e+00 -5.4413084603e-02
7.3467229494e+00 -5.6066723468e-02
7.3587223423e+00 -5.7667850982e-02
7.3648457980e+00 -5.9224176572e-02
7.3651718686e+00 -6.0740294680e-02
7.3596872877e+00 -6.2211328310e-02
7.3484201910e+00 -6.3586481041e-02
7.3312977194e+00 -6.4876968293e-02
7.3083033016e+00 -6.6144841585e-02
7.2793637920e+00 -6.7318103635e-02
7.2444966976e+00 -6.8395226572e-02
7.2036577477e+00 -6.9365480120e-02
7.1570742723e+00 -7.0296490568e-02
7.1042161485e+00 -7.1112174299e-02
7.0454189244e+00 -7.1797909438e-02
6.9807054520e+00 -7.2397441184e-02
6.9099259394e+00 -7.2892257920e-02
6.8330494347e+00 -7.3280035243e-02
6.7500742349e+00 -7.3525493591e-02
6.6609039926e+00 -7.3660509581e-02
6.5655896068e+00 -7.3676183088e-02
6.4641034056e+00 -7.3565624356e-02
6.3563135148e+00 -7.3313952575e-02
6.2422249429e+00 -7.2932188847e-02
6.1218706329e+00 -7.2421451635e-02
5.9951561631e+00 -7.1777666980e-02
5.8619472741e+00 -7.0981412558e-02
5.7223864638e+00 -7.0052864204e-02
5.5763194314e+00 -6.8965441422e-02
5.4240095124e+00 -6.7710225552e-02
5.2650067411e+00 -6.6369734276e-02
5.0994118558e+00 -6.4857081816e-02
4.9271940624e+00 -6.3183436630e-02
4.7482389031e+00 -6.1369695176e-02
4.5625647876e+00 -5.9409065880e-02
4.3701890082e+00 -5.7312099843e-02
4.1709684722e+00 -5.5059194952e-02
3.9648857735e+00 -5.2660189014e-02
3.7518819870e+00 -5.0117412289e-02
3.5319192353e+00 -4.7430386066e-02
3.3049442928e+00 -4.4600257628e-02
3.0709006488e+00 -4.1629653631e-02
2.8297338017e+00 -3.8522343284e-02
2.5813810976e+00 -3.5273980284e-02
2.3257900627e+00 -3.1890424697e-02
2.0629072706e+00 -2.8374537211e-02
1.7926771442e+00 -2.4726712375e-02
1.5150220407e+00 -2.0948415671e-02
1.2298883195e+00 -1.7043331241e-02
9.3722048196e-01 -1.3014100651e-02
6.3693804777e-01 -8.8600894756e-03
3.2896703725e-01 -4.5821702794e-03
1.3441808943e-02 -1.8756850447e-04
