-3.4517974843e-07 -6.1532855341e-12
4.7415756338e-02 3.6939729690e-08
9.3910413592e-02 2.9504019487e-08
1.3948444983e-01 -1.7448550289e-08
1.8413857785e-01 -4.3615114552e-08
2.2787170775e-01 -3.1123782520e-08
2.3695925586e-01 1.3949095553e-07
2.7068492813e-01 -1.4049293682e-08
2.7957765766e-01 1.3123976849e-07
3.1257749589e-01 -3.2960039701e-08
3.2127611918e-01 9.2734252899e-08
3.5355018701e-01 -5.8567064300e-08
3.6205475429e-01 3.3385683513e-08
3.9360267413e-01 -4.4951561385e-08
4.0191322264e-01 -4.5043096763e-08
4.3273525941e-01 -1.2142538558e-08
4.4085183794e-01 -1.5129255616e-07
4.7094801881e-01 3.2360429058e-09
4.7887043168e-01 -2.1675764289e-07
5.0824070444e-01 -2.1584260211e-09
5.1596822284e-01 -1.9971641750e-07
5.4461377824e-01 -5.4992048660e-09
5.5214720799e-01 -2.7646303161e-07
5.8006725826e-01 7.1624631777e-09
5.8740700047e-01 -3.8030800280e-07
6.1460101426e-01 3.0765205129e-08
6.2174676220e-01 -4.7309936108e-07
6.4821513355e-01 2.3583826015e-08
6.5516753702e-01 -4.8640127393e-07
6.8091016350e-01 -1.0501167350e-08
6.8766917090e-01 -4.9808390019e-07
7.1268589411e-01 -6.8003961342e-08
7.1925137333e-01 -5.4565387656e-07
7.4354216273e-01 -8.9808192023e-08
7.4991411808e-01 -6.6400695532e-07
7.7347923313e-01 -5.6987350948e-08
7.7965739092e-01 -7.7820392735e-07
8.0249746878e-01 5.8028204437e-09
8.0848181495e-01 -8.0922075434e-07
8.3059692201e-01 1.9377174981e-09
8.3638747055e-01 -7.8826415185e-07
8.5777725612e-01 -5.0257412939e-08
8.6337436856e-01 -7.6674334549e-07
8.8403886526e-01 -8.1253993292e-08
8.8944210302e-01 -8.1700593641e-07
9.0938152193e-01 -8.0075974268e-08
9.1459094779e-01 -8.8866133973e-07
9.3380550706e-01 -4.6690382562e-08
9.3882124940e-01 -9.1741679335e-07
9.5731159310e-01 -7.4764789917e-08
9.6213289922e-01 -8.8247887325e-07
9.7989831075e-01 -1.3379024232e-07
9.8452580681e-01 -8.3421891854e-07
1.0015662991e+00 -1.8838927056e-07
1.0060004685e+00 -8.8716412168e-07
1.0223163051e+00 -2.1498339803e-07
1.0265567212e+00 -1.0013105877e-06
1.0421480636e+00 -2.3337033721e-07
1.0461947896e+00 -1.0528653762e-06
1.0610613764e+00 -2.8565119555e-07
1.0649154682e+00 -9.8948758909e-07
1.0790559025e+00 -3.5522605408e-07
1.0827172661e+00 -8.8739329983e-07
1.0961316778e+00 -4.3844198801e-07
1.0996003967e+00 -8.8193204880e-07
1.1122907003e+00 -5.0338038773e-07
1.1155657421e+00 -9.5675253778e-07
1.1275312992e+00 -4.7424589699e-07
1.1306127920e+00 -9.6852948513e-07
1.1418542946e+00 -3.9681835302e-07
1.1447420203e+00 -9.8886037108e-07
1.1552595210e+00 -3.3851468368e-07
1.1579536102e+00 -1.0287627799e-06
1.1677458771e+00 -3.7034551453e-07
1.1702468965e+00 -9.6025940953e-07
1.1793142086e+00 -4.5589102353e-07
1.1816227917e+00 -9.4085526273e-07
1.1899644901e+00 -5.2615752186e-07
1.1920806309e+00 -9.8168961290e-07
1.1996964276e+00 -5.7271703700e-07
1.2016198585e+00 -1.0039147674e-06
1.2085111155e+00 -6.0956194251e-07
1.2102427804e+00 -9.9087863254e-07
1.2164078932e+00 -6.9855930046e-07
1.2179465217e+00 -9.5259495918e-07
1.2233871390e+00 -8.3096628383e-07
1.2247324033e+00 -9.5867137529e-07
1.2294485013e+00 -9.1393714702e-07
1.2306020364e+00 -1.0510624833e-06
1.2345911884e+00 -8.9678767801e-07
1.2355533746e+00 -1.1789308882e-06
1.2388170110e+00 -8.2338787896e-07
1.2395867614e+00 -1.1643509621e-06
1.2421250862e+00 -8.2050164554e-07
1.2427022916e+00 -1.0540632404e-06
1.2445149025e+00 -8.4041760840e-07
1.2449003729e+00 -9.2496141344e-07
1.2459887069e+00 -8.5828085623e-07
1.2461809894e+00 -8.5018518959e-07
1.2465441405e+00 -8.6314246933e-07
