1.3924438148e-03 1.0450555615e-06
8.9324606783e-04 -1.6359915687e-06
1.4304075347e-03 6.4515639347e-06
6.8029869029e-05 -1.4865197853e-07
1.0086453899e-03 9.1656202199e-06
9.7874477593e-04 -6.0979250451e-06
1.1452007040e-04 2.3263605722e-06
1.4181016871e-03 -1.1878063526e-05
8.6437120561e-04 8.4364477868e-06
1.3957639508e-03 -1.4108242841e-05
1.3822424605e-03 1.6899800714e-05
9.1765752847e-04 -1.1192957991e-05
1.4389022576e-03 2.3299311586e-05
2.4269402680e-05 -1.9282239953e-07
1.0367942593e-03 2.1591464768e-05
9.4633767904e-04 -1.5341611407e-05
1.6050592708e-04 4.7134848337e-06
1.4001521928e-03 -2.6361799844e-05
8.3588872156e-04 1.8000956261e-05
1.4010271242e-03 -2.9779112861e-05
1.3740239050e-03 3.2406393277e-05
9.4714782195e-04 -2.2400838974e-05
1.4467971861e-03 3.7421916019e-05
2.3749436656e-05 -5.6245480909e-07
1.0584836112e-03 2.9962617145e-05
9.1087287046e-04 -2.5496837353e-05
2.0436588649e-04 6.3514467903e-06
1.3843464352e-03 -4.1835701712e-05
8.0661509879e-04 2.4864754223e-05
1.4014542336e-03 -4.5001103912e-05
1.3629500609e-03 4.5857699350e-05
9.6344483161e-04 -3.3021380632e-05
1.4542997073e-03 5.3696074079e-05
6.7106452317e-05 -2.3989439895e-06
1.0888355581e-03 4.3650919094e-05
8.8279370702e-04 -3.4078931450e-05
2.4892439813e-04 1.1012727915e-05
1.3709861777e-03 -5.6242125502e-05
7.7094359943e-04 3.3910746525e-05
1.4005275169e-03 -6.1029269090e-05
1.3474542304e-03 6.1954072253e-05
9.8377608079e-04 -4.5611858793e-05
1.4601411688e-03 7.0022437594e-05
1.1367109404e-04 -5.5039487705e-06
1.1114968604e-03 5.6016410378e-05
8.4337967372e-04 -4.1592783166e-05
2.9123728197e-04 1.5712565249e-05
1.3438220279e-03 -6.9521126406e-05
7.3956054869e-04 4.0846994022e-05
1.3984088595e-03 -7.5247141698e-05
1.3331664537e-03 7.6273920796e-05
1.0099172534e-03 -5.6437880406e-05
1.4576568872e-03 8.6539543426e-05
1.5880355647e-04 -9.2058973005e-06
1.1266721930e-03 7.0030970441e-05
8.0818535449e-04 -4.9334115419e-05
3.3335573375e-04 2.1940117205e-05
1.3241519315e-03 -8.3338666455e-05
7.0714893782e-04 4.6661013231e-05
1.3913835822e-03 -9.0530991124e-05
1.3160984869e-03 8.9817012332e-05
1.0208231792e-03 -6.9615523185e-05
1.4573378635e-03 1.0362791645e-04
2.0062571313e-04 -1.3992472874e-05
1.1493994722e-03 8.7198811296e-05
7.6872863335e-04 -5.1365995612e-05
1.2978367465e-03 -9.2228650994e-05
3.7484084951e-04 3.0613313656e-05
1.3900369081e-03 -1.0471648517e-04
6.6923096068e-04 5.2480622611e-05
1.0428587833e-03 -8.0884340900e-05
1.2955898862e-03 1.0375505527e-04
2.3773119549e-04 -1.8793756814e-05
1.4547837682e-03 1.2047448337e-04
7.2098860175e-04 -5.9379736159e-05
1.1615189838e-03 1.0058377567e-04
1.2675700697e-03 -1.0718211228e-04
4.1083115230e-04 3.7125308087e-05
1.3821145670e-03 -1.1958161056e-04
6.2823814665e-04 5.5346507691e-05
1.0515230090e-03 -9.3733930349e-05
1.2690159468e-03 1.1492352346e-04
2.7574479087e-04 -2.5411584205e-05
1.4493327736e-03 1.3591750390e-04
6.8872599347e-04 -6.4014909729e-05
1.1823238201e-03 1.1454998023e-04
1.2451490595e-03 -1.1827939729e-04
4.5034725173e-04 4.5178827664e-05
1.3721209351e-03 -1.3303427421e-04
5.8440743253e-04 5.9288370028e-05
1.0696519540e-03 -1.0598585741e-04
1.2423833561e-03 1.2810248122e-04
3.1506566767e-04 -3.1959017675e-05
1.4485179325e-03 1.5199134250e-04
6.5014498155e-04 -6.7393548341e-05
1.1981019293e-03 1.2911319599e-04
1.2184420449e-03 -1.2883326145e-04
4.8503474309e-04 5.3946863420e-05
1.3568733494e-03 -1.4619176118e-04
5.4897323616e-04 6.2009966140e-05
1.0681527548e-03 -1.1775968922e-04
1.2227770447e-03 1.3989792992e-04
3.4501807898e-04 -3.9077990878e-05
1.4337360855e-03 1.6686787072e-04
6.1227930341e-04 -6.9868639264e-05
1.2016605943e-03 1.4303906504e-04
1.1909340183e-03 -1.3835861654e-04
5.1700691358e-04 6.3026421215e-05
1.3413863353e-03 -1.5914600834e-04
5.1112092520e-04 6.2487371448e-05
1.0742242939e-03 -1.3071045531e-04
1.1971543602e-03 1.4933581243e-04
3.7835086283e-04 -4.7222445468e-05
1.4216853533e-03 1.8273621948e-04
5.7035583700e-04 -7.1119181420e-05
1.2083767954e-03 1.5868830267e-04
1.1578678312e-03 -1.4660048293e-04
5.4849973720e-04 7.3950897458e-05
1.3256864149e-03 -1.7067215491e-04
4.6863469799e-04 6.4081273791e-05
1.0754423343e-03 -1.4081104119e-04
1.1652245481e-03 1.6073965513e-04
4.0788022996e-04 -5.4373743064e-05
1.4081713227e-03 1.9780418524e-04
5.3425806354e-04 -7.2430670779e-05
1.2178137080e-03 1.7430081199e-04
1.1310059037e-03 -1.5543349258e-04
5.8017334237e-04 8.5139761607e-05
1.3080878045e-03 -1.8228777831e-04
4.2475904613e-04 6.3281353599e-05
1.0763851634e-03 -1.5307492621e-04
1.1334471549e-03 1.6967675673e-04
4.3546884654e-04 -6.3355987777e-05
1.3924168605e-03 2.1199102930e-04
4.9565589639e-04 -7.2658104956e-05
1.1012019464e-03 -1.6296508479e-04
1.2185957177e-03 1.8895277362e-04
1.2895705290e-03 -1.9332073075e-04
6.0748466082e-04 9.6497252562e-05
1.0729396493e-03 -1.6418585025e-04
3.8623099936e-04 6.2397063167e-05
4.5823496693e-04 -7.2027812423e-05
1.1041125164e-03 1.7851366581e-04
4.5161407715e-04 -7.0577456967e-05
1.3730882503e-03 2.2544542616e-04
1.0637479095e-03 -1.6781197062e-04
1.2201730014e-03 2.0507779711e-04
1.2686293439e-03 -2.0550595596e-04
6.3320482836e-04 1.0898075940e-04
1.0745627006e-03 -1.8554016519e-04
3.4170860133e-04 5.9491507360e-05
4.8750631844e-04 -8.8519433482e-05
1.0704550414e-03 1.8642612311e-04
4.1217678598e-04 -7.0542726454e-05
1.3552664598e-03 2.3803215419e-04
1.0268853184e-03 -1.7494754407e-04
1.2193754568e-03 2.1609440704e-04
1.2485401242e-03 -2.1442133444e-04
6.5635626880e-04 1.1809234035e-04
1.0815170014e-03 -1.8640494980e-04
2.9885988192e-04 5.5381748315e-05
5.1506426216e-04 -8.9653057119e-05
1.0358647522e-03 1.9217237237e-04
3.6829858321e-04 -6.5510822997e-05
1.3339383145e-03 2.5033709080e-04
9.8794892579e-04 -1.7718678492e-04
1.2171992072e-03 2.3188690233e-04
1.2226885391e-03 -2.2180690739e-04
6.7928650212e-04 1.3200622889e-04
1.0759249296e-03 -1.9788879170e-04
2.5501658542e-04 5.0828543702e-05
5.3680887323e-04 -1.0055440575e-04
9.9678128906e-04 1.9672644777e-04
3.3051005755e-04 -6.2604583678e-05
1.3093482191e-03 2.6163874445e-04
9.5436594290e-04 -1.8091860866e-04
1.2091324806e-03 2.4548621032e-04
1.1994703141e-03 -2.3027073923e-04
1.0649455783e-03 -2.0819244893e-04
6.9684891346e-04 1.4419203975e-04
5.5103882251e-04 -1.1005463910e-04
2.1520971747e-04 4.5676601323e-05
2.9291765856e-04 -5.8742526133e-05
9.6258777365e-04 2.0161261953e-04
9.2423762700e-04 -1.8449024954e-04
1.2855575802e-03 2.7232957041e-04
1.1786852598e-03 -2.3801491408e-04
1.2059254620e-03 2.5846145698e-04
1.0574130073e-03 -2.1604284569e-04
7.1663293332e-04 1.5586174719e-04
5.6716105164e-04 -1.1749612787e-04
1.6774344460e-04 3.7745498340e-05
2.5806618327e-04 -5.4140840115e-05
9.1980226985e-04 2.0407170591e-04
8.9436657038e-04 -1.8773867405e-04
1.2596812579e-03 2.8171388457e-04
1.1519939053e-03 -2.4426341376e-04
1.1939330649e-03 2.6884035602e-04
1.0477938652e-03 -2.2425073975e-04
7.2762564538e-04 1.6568215060e-04
5.8285870564e-04 -1.2619725215e-04
1.2982709513e-04 3.0727500680e-05
2.1998494545e-04 -4.8336316893e-05
8.8614686075e-04 2.0703298509e-04
8.5952506188e-04 -1.8902122438e-04
1.2323756586e-03 2.9049618185e-04
1.1262761453e-03 -2.4997785579e-04
1.1846043164e-03 2.8248958769e-04
1.0380898129e-03 -2.3233623645e-04
7.4364622723e-04 1.8034664717e-04
5.9681673678e-04 -1.3519805932e-04
8.6035022424e-05 2.2711827171e-05
1.8076995488e-04 -4.2069844927e-05
8.1815656638e-04 -1.8854252224e-04
8.4596462506e-04 2.0813838692e-04
1.0970890383e-03 -2.5522875813e-04
1.2035977565e-03 2.9901300880e-04
1.0305748289e-03 -2.4574009954e-04
1.1722841928e-03 2.9745433759e-04
6.1418821954e-04 -1.5046459885e-04
7.5456853775e-04 1.9614403076e-04
1.4329683394e-04 -3.5720194442e-05
4.5168574448e-05 1.3353707282e-05
7.7258770076e-04 -1.8536884974e-04
8.0272579395e-04 2.0730125167e-04
1.0668915343e-03 -2.5910674797e-04
1.1691243875e-03 3.0418789746e-04
1.0161094031e-03 -2.5296204550e-04
1.1558007905e-03 3.0324695903e-04
6.1999081211e-04 -1.5832712773e-04
7.6387981010e-04 2.0265176798e-04
1.0932888453e-04 -2.9026358582e-05
9.5330967468e-06 3.7458176463e-06
7.4370545827e-04 -1.8707946670e-04
7.6595996422e-04 2.0726355681e-04
1.0410693627e-03 -2.6337518743e-04
1.1384429560e-03 3.1024049356e-04
1.0071331580e-03 -2.5639956885e-04
1.1379405525e-03 3.1305278903e-04
6.3361803899e-04 -1.6278594379e-04
7.6862550690e-04 2.1418262826e-04
7.3330100322e-05 -1.9946421717e-05
7.0819605711e-04 -1.8434070235e-04
2.8480887293e-05 9.2994476820e-06
1.0132293983e-03 -2.6575929495e-04
7.2941902512e-04 2.0613550281e-04
9.8842318613e-04 -2.6518846633e-04
1.1068614834e-03 3.1494109493e-04
6.3530487725e-04 -1.7480485998e-04
1.1190060924e-03 3.2081760570e-04
4.0746594925e-05 -1.2264267891e-05
7.7359334139e-04 2.2403824138e-04
6.8117079087e-04 -1.8485685525e-04
6.3913766046e-05 1.9740817397e-05
9.8693190519e-04 -2.6878466261e-04
6.8599758992e-04 2.0256083798e-04
9.7046372103e-04 -2.6593356443e-04
1.0703369837e-03 3.1797693798e-04
6.4002335964e-04 -1.7703180899e-04
1.0972073600e-03 3.2840888788e-04
8.8833773397e-06 -3.2165043554e-06
7.7277712504e-04 2.3387706042e-04
6.3889800570e-04 -1.7902839459e-04
9.6382450425e-05 3.0672035541e-05
9.5161734098e-04 -2.6816918008e-04
6.4823863218e-04 1.9952753365e-04
9.5590870789e-04 -2.7099115475e-04
1.0374140799e-03 3.2111371443e-04
6.4798345348e-04 -1.8518651063e-04
2.3258150973e-05 -7.4247173543e-06
1.0772179969e-03 3.3601995643e-04
6.0895954749e-04 -1.7661430963e-04
7.7489333887e-04 2.4437701920e-04
9.2602003792e-04 -2.7000042092e-04
1.2540823217e-04 4.1192242419e-05
9.3640788498e-04 -2.7478156531e-04
6.0828017477e-04 1.9523603429e-04
6.4668952357e-04 -1.9145237321e-04
1.0027288220e-03 3.2305992151e-04
5.4405616850e-05 -1.7029178819e-05
1.0533703659e-03 3.4122635025e-04
5.7362076600e-04 -1.7199655148e-04
7.6957604519e-04 2.5148562070e-04
8.9407576452e-04 -2.6940375984e-04
1.5239460564e-04 5.1209204572e-05
9.1685932009e-04 -2.7809431038e-04
5.6824925611e-04 1.8910358836e-04
6.4719537059e-04 -1.9806816388e-04
9.6561803498e-04 3.2272793670e-04
8.2022573097e-05 -2.6100246136e-05
1.0280495707e-03 3.4547302576e-04
5.3307460186e-04 -1.6519767040e-04
7.6625741290e-04 2.5965416571e-04
8.5823786862e-04 -2.6702784583e-04
8.9929246924e-04 -2.8136948602e-04
1.8115072794e-04 6.2873504127e-05
6.4998080053e-04 -2.0502957480e-04
5.3128459139e-04 1.8394138509e-04
1.0705640204e-04 -3.4784510472e-05
9.2842636456e-04 3.2240577007e-04
4.9911167290e-04 -1.5955567693e-04
1.0007496494e-03 3.4937660719e-04
8.2690232381e-04 -2.6528026291e-04
7.5940952941e-04 2.6760677107e-04
8.7755554877e-04 -2.8306160668e-04
2.0404206636e-04 7.3388827511e-05
6.4670096738e-04 -2.1030141043e-04
4.9135598128e-04 1.7584656080e-04
1.3069999319e-04 -4.3614640131e-05
8.9046100754e-04 3.1983240499e-04
4.6819414462e-04 -1.5429463551e-04
9.7545016954e-04 3.5240437008e-04
7.9693043020e-04 -2.6342968013e-04
7.5473430927e-04 2.7495898377e-04
8.5249470844e-04 -2.8339151665e-04
6.3709329838e-04 -2.1367421261e-04
2.2562653415e-04 8.3454920618e-05
1.5122958828e-04 -5.2049267401e-05
4.5366194363e-04 1.6781224231e-04
4.4194164694e-04 -1.5015665922e-04
8.5335161151e-04 3.1707035345e-04
7.7055324836e-04 -2.6228099036e-04
9.4634234290e-04 3.5407118688e-04
8.2662472032e-04 -2.8286714169e-04
7.4499210933e-04 2.8174029396e-04
6.2605534821e-04 -2.1612424928e-04
2.4639349997e-04 9.4944125974e-05
1.6923606675e-04 -5.9782867077e-05
4.1692659703e-04 1.6118607999e-04
4.0793063324e-04 -1.4257369884e-04
8.1336487024e-04 3.1430070486e-04
7.3637973692e-04 -2.5765985891e-04
9.1485932329e-04 3.5465332910e-04
8.0421520945e-04 -2.8278973879e-04
7.3261941759e-04 2.8992816277e-04
6.2439881967e-04 -2.2135162607e-04
1.8875423435e-04 -6.8281886093e-05
2.6229267299e-04 1.0646770436e-04
3.7101256113e-04 -1.3341316086e-04
3.8016000529e-04 1.5150391837e-04
6.9893459681e-04 -2.5138253459e-04
7.7414610064e-04 3.0838263955e-04
7.8017331140e-04 -2.8189753738e-04
8.8210253272e-04 3.5314959812e-04
6.1515289615e-04 -2.2422174389e-04
7.1810629414e-04 2.8964601471e-04
2.0380151865e-04 -7.5757299612e-05
2.7695041434e-04 1.1311062426e-04
3.4083454120e-04 -1.2602470296e-04
3.4337472240e-04 1.4061923065e-04
6.6727489969e-04 -2.4638820053e-04
7.3302419203e-04 3.0065634981e-04
7.5372912485e-04 -2.7927131288e-04
8.5150248926e-04 3.5072298104e-04
6.0029703361e-04 -2.2414090980e-04
7.0289207950e-04 2.9107242209e-04
2.1517173164e-04 -8.1623802383e-05
3.1400748749e-04 -1.1878514369e-04
2.8793310791e-04 1.2045849056e-04
6.3801078883e-04 -2.4125433760e-04
3.1239952261e-04 1.3211643375e-04
7.2594197646e-04 -2.7576455726e-04
6.9868044926e-04 2.9585066606e-04
5.8764151558e-04 -2.2506762709e-04
8.1546586291e-04 3.4689443490e-04
2.2632564436e-04 -8.8189016448e-05
6.8075205153e-04 2.9223300175e-04
2.8812711740e-04 -1.1273553283e-04
2.9471365244e-04 1.2825475870e-04
6.0913928755e-04 -2.3716352224e-04
2.7863977087e-04 1.2183633506e-04
6.9651721102e-04 -2.7127520147e-04
6.5897672827e-04 2.8768177679e-04
5.7165816846e-04 -2.2379608172e-04
2.3453209147e-04 -9.3055603017e-05
7.8184683088e-04 3.4312162351e-04
2.6107718158e-04 -1.0423603379e-04
6.6273104740e-04 2.9271497830e-04
5.7858462852e-04 -2.3007042554e-04
3.0224970723e-04 1.3503426650e-04
6.6853785049e-04 -2.6633967683e-04
2.4462333064e-04 1.1030744731e-04
5.5075834268e-04 -2.2089198330e-04
6.1679586983e-04 2.7742128824e-04
2.3709021439e-04 -9.6263579521e-05
7.4655943131e-04 3.3702832284e-04
2.3280685737e-04 -9.4704031192e-05
6.4342121058e-04 2.9119161329e-04
5.4618271775e-04 -2.2155277756e-04
3.0795503752e-04 1.4056320798e-04
6.4032930662e-04 -2.6090194913e-04
2.1384248103e-04 1.0012415707e-04
5.3419073207e-04 -2.1898260333e-04
2.4181732234e-04 -1.0025103750e-04
5.7681213202e-04 2.6849362182e-04
2.0657964136e-04 -8.6065008199e-05
7.0763564542e-04 3.2909926290e-04
5.1408599972e-04 -2.1338145159e-04
6.1714448041e-04 2.8769086693e-04
6.0949226152e-04 -2.5391309420e-04
3.0743172836e-04 1.4462099778e-04
5.1970345974e-04 -2.1758725370e-04
1.8262407413e-04 8.7951853728e-05
2.4895049155e-04 -1.0521246567e-04
5.3521714578e-04 2.5565002098e-04
1.7654191832e-04 -7.5216962226e-05
6.6908167541e-04 3.1976692688e-04
4.7080421677e-04 -1.9972799078e-04
5.9117179592e-04 2.8310146812e-04
5.7627046119e-04 -2.4528203278e-04
5.0576256906e-04 -2.1644286044e-04
3.0623448320e-04 1.4787116072e-04
2.5312990942e-04 -1.0930822054e-04
1.5527528294e-04 7.7146814434e-05
1.5348083255e-04 -6.6521250597e-05
4.9608499537e-04 2.4381362065e-04
4.4537453679e-04 -1.9227266705e-04
6.2795849970e-04 3.0838534704e-04
5.4624691691e-04 -2.3738245961e-04
5.6061241365e-04 2.7611503487e-04
4.7655347792e-04 -2.0893049822e-04
3.0047226053e-04 1.4920088272e-04
2.4581541721e-04 -1.0926438458e-04
1.2804663462e-04 6.4814716143e-05
1.2846981024e-04 -5.8274278418e-05
4.0728267827e-04 -1.8153276232e-04
4.5470763456e-04 2.2811426023e-04
5.1069137482e-04 -2.2778162641e-04
5.8444688599e-04 2.9429290323e-04
4.5474335939e-04 -2.0395478779e-04
5.2881979739e-04 2.6794881343e-04
2.4387755868e-04 -1.1085302817e-04
2.9319018779e-04 1.5004743775e-04
1.0503161594e-04 -4.9108310047e-05
1.0207270688e-04 5.3612282521e-05
3.7200746400e-04 -1.6912731577e-04
4.1179569284e-04 2.1259211601e-04
4.7515246844e-04 -2.1619545084e-04
5.3736298570e-04 2.7796285364e-04
4.2759370316e-04 -1.9573046177e-04
4.9076243446e-04 2.5521392378e-04
2.3686875329e-04 -1.0985724243e-04
8.4438941568e-05 -4.0642652088e-05
2.8020755079e-04 1.4688226910e-04
3.3709243560e-04 -1.5649102944e-04
7.8567847171e-05 4.1908700910e-05
4.3734522731e-04 -2.0317152105e-04
3.6698838267e-04 1.9322878095e-04
3.9788994000e-04 -1.8603877573e-04
4.8676659335e-04 2.5758062177e-04
2.2718114361e-04 -1.0768607496e-04
4.5014627274e-04 2.4033422809e-04
6.4869753718e-05 -3.2635209966e-05
2.6474849936e-04 1.4278984263e-04
3.0067707196e-04 -1.4317308446e-04
5.6735307965e-05 3.1921113970e-05
3.9687052871e-04 -1.8858204669e-04
3.6485539948e-04 -1.7350413236e-04
3.1892191915e-04 1.7361128718e-04
2.1361031819e-04 -1.0302430886e-04
4.2921445982e-04 2.3386610224e-04
4.5529816273e-05 -2.6366559132e-05
3.9876401241e-04 2.1853161423e-04
2.6022607223e-04 -1.3204043859e-04
2.3897877554e-04 1.3208696066e-04
3.5104440129e-04 -1.7394969056e-04
3.7026570252e-05 2.1797998890e-05
3.2380411026e-04 -1.6042739085e-04
2.6840164476e-04 1.4947201692e-04
1.9233487529e-04 -9.7662156959e-05
3.6422498939e-04 2.0406072858e-04
2.9391823981e-05 -1.8353435014e-05
2.1995195113e-04 -1.1069533157e-04
3.4189370913e-04 1.9442878828e-04
3.0211773827e-04 -1.4923865021e-04
2.1021442446e-04 1.2201769645e-04
2.8223330832e-04 -1.3854878073e-04
1.8413500977e-05 1.6623990265e-05
1.7164700766e-04 -8.4921169215e-05
2.0305631178e-04 1.2958914097e-04
1.6960433541e-05 -1.0966404930e-05
2.8095832788e-04 1.6801770051e-04
1.8416531099e-04 -9.3536090678e-05
2.5445865590e-04 1.4344180956e-04
2.4710657896e-04 -1.2225511271e-04
2.1236592929e-04 -1.0134992240e-04
1.4934050077e-04 8.3533693971e-05
1.2141591413e-04 -5.6274180357e-05
6.5796913447e-06 9.9834859262e-06
7.9731629918e-06 -7.0545624065e-06
1.5282768398e-04 1.0027744622e-04
1.5240058790e-04 -7.3259165838e-05
1.8548914563e-04 1.1569099276e-04
1.8136667799e-04 -8.7025285967e-05
1.1628148287e-04 7.1754626840e-05
1.1030505598e-04 -5.3270448872e-05
4.4571899823e-05 2.9018509212e-05
4.5589264658e-05 -2.0550232978e-05
-3.1140662757e-06 5.1964183110e-07
-2.8545802658e-06 -4.4414908392e-08
