2.6328108424e+02
2.6372516902e+02
2.6283558428e+02
2.6416867132e+02
2.6239002719e+02
2.6461186397e+02
2.6195177307e+02
2.6505001378e+02
2.6151434021e+02
2.6548814673e+02
2.6107930818e+02
2.6593436862e+02
2.6064795777e+02
2.6638782006e+02
2.6021657595e+02
2.6684095400e+02
2.5977119401e+02
2.6727695420e+02
2.5932352403e+02
2.6771295641e+02
2.5888133527e+02
2.6815153272e+02
2.5844918626e+02
2.6859283773e+02
2.5801698742e+02
2.6903416649e+02
2.5757904072e+02
2.6948330603e+02
2.5713981074e+02
2.6993259808e+02
2.5670217879e+02
2.7037984854e+02
2.5626777912e+02
2.7082508791e+02
2.5583331681e+02
2.7127036962e+02
2.5539928988e+02
2.7171655966e+02
2.5496537695e+02
2.7216281577e+02
2.5453157555e+02
2.7260764847e+02
2.5409743093e+02
2.7305084024e+02
2.5366320738e+02
2.7349408153e+02
2.5323290523e+02
2.7394337156e+02
2.5280398453e+02
2.7439334534e+02
2.5237491932e+02
2.7484129594e+02
2.5194469812e+02
2.7528644083e+02
2.5151439063e+02
2.7573165018e+02
2.5108571065e+02
2.7617897052e+02
2.5065772565e+02
2.7662665359e+02
2.5023017171e+02
2.7707409052e+02
2.4980386315e+02
2.7752151906e+02
2.4937746098e+02
2.7796901935e+02
2.4895186215e+02
2.7841594139e+02
2.4852666931e+02
2.7886275531e+02
2.4810168377e+02
2.7930886412e+02
2.4767715753e+02
2.7975371575e+02
2.4725252566e+02
2.8019863968e+02
2.4683040054e+02
2.8064728883e+02
2.4640982388e+02
2.8109702677e+02
2.4598948844e+02
2.8154423412e+02
2.4557064254e+02
2.8198447141e+02
2.8242478129e+02
2.4515168231e+02
2.8287427547e+02
2.4473284006e+02
2.8332705112e+02
2.4431408269e+02
2.8377888708e+02
2.4389601750e+02
2.8422824525e+02
2.4348910473e+02
2.8467769890e+02
2.4308208043e+02
2.8512301668e+02
2.4266665416e+02
2.8556656673e+02
2.4224397188e+02
2.8601038201e+02
2.4182168014e+02
2.8645575584e+02
2.4140677760e+02
2.8690122796e+02
2.4099173021e+02
2.8734636996e+02
2.4058170616e+02
2.8779135590e+02
2.4017684051e+02
2.8823678507e+02
2.3977186943e+02
2.8868580772e+02
2.3935676805e+02
2.8913493861e+02
2.3894101305e+02
2.8957968111e+02
2.3853362687e+02
2.9002170489e+02
2.3813635987e+02
2.9046362516e+02
2.3773897660e+02
2.9090521892e+02
2.3733368554e+02
2.9134692705e+02
2.3692754951e+02
2.9179237542e+02
2.3652423068e+02
2.9224056182e+02
2.3612498893e+02
2.9268812964e+02
2.3572562607e+02
2.9312781101e+02
2.3532668408e+02
2.9356760583e+02
2.3492747521e+02
2.9401129165e+02
2.3453061256e+02
2.9445835131e+02
2.9490527846e+02
2.3413782781e+02
2.9534591605e+02
2.3374492254e+02
2.9578668123e+02
2.3334919181e+02
2.9622840845e+02
2.3295262706e+02
2.9667109115e+02
2.3255872578e+02
2.9711386970e+02
2.3217035022e+02
2.9755319199e+02
2.3178183647e+02
2.9799266808e+02
2.3138834608e+02
2.9843294277e+02
2.3099335798e+02
2.9887412884e+02
2.3060282356e+02
2.9931541718e+02
2.3022332826e+02
2.9975552161e+02
2.2984367402e+02
3.0019580966e+02
2.2945985784e+02
3.0063541452e+02
2.2907451839e+02
3.0107397402e+02
2.2869071140e+02
3.0151264593e+02
2.2831184946e+02
3.0194766616e+02
2.2793282781e+02
3.0238248628e+02
2.2755536658e+02
3.0281999118e+02
2.2717814048e+02
3.0326188252e+02
3.0370389151e+02
2.2680137750e+02
3.0413570997e+02
2.2642691550e+02
3.0456600867e+02
2.2605228811e+02
3.0499941370e+02
2.2567985209e+02
3.0543886968e+02
2.2530808213e+02
3.0587844690e+02
2.2493695375e+02
3.0631221292e+02
2.2456972482e+02
3.0674491833e+02
2.2420231947e+02
3.0717792781e+02
2.2383423259e+02
3.0761142676e+02
2.2346542211e+02
3.0804505270e+02
2.2309764133e+02
3.0847704860e+02
2.2273796534e+02
3.0890882818e+02
2.2237811064e+02
3.0934101243e+02
2.2201430722e+02
3.0977406393e+02
2.2164757401e+02
3.1020725360e+02
3.1063614787e+02
2.2128246050e+02
3.1106372714e+02
2.2093570739e+02
3.1149205634e+02
2.2058875752e+02
3.1192269069e+02
2.2023426117e+02
3.1235346306e+02
2.1987375380e+02
3.1278322252e+02
2.1951377607e+02
3.1321281961e+02
2.1916809277e+02
3.1364150451e+02
2.1882221270e+02
3.1406509904e+02
2.1847322812e+02
3.1448884385e+02
2.1812109252e+02
3.1491475822e+02
2.1776882146e+02
3.1534211720e+02
2.1742787709e+02
3.1576921514e+02
2.1708671740e+02
3.1619351465e+02
3.1661796703e+02
2.1674620755e+02
3.1703994713e+02
2.1640610421e+02
3.1746055205e+02
2.1606574633e+02
3.1788149706e+02
2.1572573962e+02
3.1830424821e+02
2.1538552960e+02
3.1872715718e+02
2.1505362622e+02
3.1914980919e+02
2.1473175149e+02
3.1957255221e+02
2.1440962945e+02
3.1999533074e+02
2.1407025310e+02
3.2041527522e+02
2.1372941214e+02
3.2083538700e+02
2.1339458821e+02
3.2125159053e+02
2.1306766470e+02
3.2166447420e+02
3.2207761471e+02
2.1274047063e+02
3.2249798784e+02
2.1241664219e+02
3.2291853354e+02
2.1209303143e+02
3.2333579440e+02
2.1176813156e+02
3.2374980748e+02
2.1144072039e+02
3.2416401737e+02
2.1111302300e+02
3.2457873183e+02
2.1080111415e+02
3.2499363209e+02
2.1049181956e+02
3.2540580619e+02
2.1017908850e+02
3.2581476290e+02
2.0985911705e+02
3.2622391549e+02
3.2663832000e+02
2.0953884522e+02
3.2705329405e+02
2.0922916094e+02
3.2746456714e+02
2.0892179537e+02
3.2787058327e+02
2.0861606590e+02
3.2827680336e+02
2.0831442961e+02
3.2868533327e+02
2.0801249958e+02
3.2909431281e+02
2.0770615324e+02
3.2950195031e+02
2.0739830781e+02
3.2990740538e+02
2.0709429079e+02
3.3031307177e+02
2.0680180738e+02
3.3071770824e+02
3.3112231554e+02
2.0650903201e+02
3.3152600889e+02
2.0620798899e+02
3.3192788058e+02
2.0590369773e+02
3.3232996649e+02
2.0560326785e+02
3.3273183393e+02
2.0531755004e+02
3.3313379753e+02
2.0503153022e+02
3.3353433393e+02
2.0473964979e+02
3.3393132020e+02
2.0444496020e+02
3.3432852624e+02
2.0415220882e+02
3.3472642097e+02
3.3512465960e+02
2.0386936180e+02
3.3552199011e+02
2.0358619972e+02
3.3591650299e+02
2.0330383139e+02
3.3631124086e+02
2.0302178182e+02
3.3670528077e+02
2.0273949908e+02
3.3709918630e+02
2.0245598553e+02
3.3749215235e+02
2.0217213939e+02
3.3788127135e+02
2.0189703131e+02
3.3827062068e+02
2.0162750941e+02
3.3865988567e+02
3.3904922081e+02
2.0135760555e+02
3.3943852214e+02
2.0108544041e+02
3.3982733833e+02
2.0081294011e+02
3.4021639092e+02
2.0054428975e+02
3.4060083664e+02
2.0027854150e+02
3.4098286022e+02
2.0001271554e+02
3.4136497891e+02
1.9974857064e+02
3.4174687203e+02
1.9948408026e+02
3.4212900588e+02
3.4250875941e+02
1.9922253723e+02
3.4288703721e+02
1.9896365109e+02
3.4326528099e+02
1.9870461412e+02
3.4364186769e+02
1.9844599222e+02
3.4401870145e+02
1.9818701703e+02
3.4439372483e+02
1.9793187904e+02
3.4476740322e+02
1.9768086116e+02
3.4514109986e+02
1.9742951114e+02
3.4551217008e+02
3.4588349367e+02
1.9718225798e+02
3.4625340030e+02
1.9693469375e+02
3.4662204353e+02
1.9668778270e+02
3.4699084423e+02
1.9644179733e+02
3.4735263809e+02
1.9619547038e+02
3.4771469045e+02
1.9595616376e+02
3.4807712060e+02
1.9571695233e+02
3.4843992900e+02
3.4880298595e+02
1.9547787453e+02
3.4915886030e+02
1.9523919114e+02
3.4951479454e+02
1.9500015111e+02
3.4987018638e+02
1.9477239191e+02
3.5022482437e+02
1.9454567419e+02
3.5057971692e+02
1.9431644864e+02
3.5092892616e+02
1.9408314400e+02
3.5127799680e+02
3.5162542660e+02
1.9384948183e+02
3.5197029908e+02
1.9363044194e+02
3.5231543716e+02
1.9341360684e+02
3.5265598471e+02
1.9319457458e+02
3.5299625309e+02
1.9297141851e+02
3.5333588647e+02
1.9274790811e+02
3.5367418951e+02
1.9253048705e+02
3.5401277022e+02
3.5433815844e+02
1.9231389690e+02
3.5466139442e+02
1.9209984493e+02
3.5498655769e+02
1.9189291150e+02
3.5531542738e+02
1.9168555989e+02
3.5564457394e+02
1.9147956199e+02
3.5596570469e+02
1.9127344285e+02
3.5628524466e+02
1.9107018733e+02
3.5660238005e+02
3.5691294023e+02
1.9087688383e+02
3.5722380792e+02
1.9068311911e+02
3.5752820446e+02
1.9048962805e+02
3.5783090102e+02
1.9029571290e+02
3.5813260933e+02
1.9010483083e+02
3.5843053369e+02
1.8992742639e+02
3.5872878233e+02
3.5901733193e+02
1.8974950515e+02
3.5930248424e+02
1.8957919718e+02
3.5958630064e+02
1.8941195260e+02
3.5986381806e+02
1.8924578792e+02
3.6014169387e+02
1.8908755165e+02
3.6040670182e+02
1.8892874888e+02
3.6066601094e+02
3.6092375325e+02
1.8877703922e+02
3.6117179002e+02
1.8862856017e+02
3.6142021352e+02
1.8848447736e+02
3.6165808507e+02
1.8837633382e+02
3.6189041300e+02
1.8826752427e+02
3.6212078364e+02
1.8816629861e+02
3.6233437630e+02
3.6254842308e+02
1.8806951535e+02
3.6273534435e+02
1.8797573149e+02
3.6290470313e+02
1.8792356596e+02
3.6307156288e+02
1.8787057188e+02
3.6320481716e+02
1.8787999755e+02
3.6333859640e+02
1.8793766836e+02
3.6342364291e+02
3.6347110036e+02
1.8798752703e+02
3.6352471464e+02
1.8787212198e+02
3.6371113417e+02
1.8775507372e+02
3.6389856970e+02
1.8892142706e+02
3.6280798914e+02
1.9128721458e+02
3.6052888523e+02
3.5824936149e+02
1.9365366550e+02
