3.1549865610e+02
3.1549215606e+02
3.1548550451e+02
3.1547648920e+02
3.1547077830e+02
3.1546258281e+02
3.1545412566e+02
3.1544525533e+02
3.1543629226e+02
3.1542624648e+02
3.1541638175e+02
3.1540467757e+02
3.1539257618e+02
3.1537998739e+02
3.1536544317e+02
3.1535100569e+02
3.1533555782e+02
3.1531929639e+02
3.1530073174e+02
3.1528194749e+02
3.1526151476e+02
3.1523930990e+02
3.1521562948e+02
3.1519103683e+02
3.1516446125e+02
3.1513751987e+02
3.1510729600e+02
3.1507648910e+02
3.1504246826e+02
3.1500838439e+02
3.1497389954e+02
3.1493614595e+02
3.1489734634e+02
3.1485518646e+02
3.1481144200e+02
3.1476497990e+02
3.1471842457e+02
3.1467160171e+02
3.1462273635e+02
3.1456882797e+02
3.1451453946e+02
3.1446015049e+02
3.1440329183e+02
3.1434564755e+02
3.1428567953e+02
3.1422571023e+02
3.1416382286e+02
3.1410028359e+02
3.1403602552e+02
3.1396949063e+02
3.1390141642e+02
3.1383385206e+02
3.1376814107e+02
3.1369783042e+02
3.1362715092e+02
3.1355524664e+02
3.1348787163e+02
3.1341362929e+02
3.1333462483e+02
3.1326494659e+02
3.1320822817e+02
3.1313805840e+02
3.1306042066e+02
3.1299700193e+02
3.1292851959e+02
3.1286293476e+02
3.1279916024e+02
3.1273452237e+02
3.1267308667e+02
3.1261157718e+02
3.1255534269e+02
3.1249715936e+02
3.1244331446e+02
3.1239050297e+02
3.1234042536e+02
3.1229459224e+02
3.1224952996e+02
3.1220806690e+02
3.1216950445e+02
3.1213403295e+02
3.1210379603e+02
3.1207551795e+02
3.1204888548e+02
3.1202522914e+02
3.1200608175e+02
3.1199037786e+02
3.1198003468e+02
3.1197237324e+02
3.1195978712e+02
3.1195553463e+02
3.1196100324e+02
3.1196377256e+02
3.1196822288e+02
3.1197653632e+02
3.1198621577e+02
3.1199873267e+02
3.1200934951e+02
3.1202651816e+02
3.1203908858e+02
3.1205488210e+02
