3.0259523533e+02
3.0191187647e+02
3.0327866587e+02
3.0122777159e+02
3.0396192523e+02
3.0054360026e+02
3.0464200715e+02
2.9986822328e+02
3.0532206536e+02
2.9919383000e+02
3.0600636032e+02
3.0669487659e+02
2.9851751934e+02
3.0738339897e+02
2.9783733172e+02
3.0806887495e+02
2.9715705363e+02
3.0875436121e+02
2.9648247720e+02
3.0943881618e+02
2.9580881261e+02
3.1012277537e+02
2.9513437454e+02
3.1080682014e+02
2.9445758206e+02
3.1149445776e+02
2.9378066346e+02
3.1218219823e+02
2.9311209230e+02
3.1286990219e+02
2.9244531248e+02
3.1355822976e+02
2.9177820274e+02
3.1424667506e+02
2.9110969215e+02
3.1493448946e+02
2.9044102727e+02
3.1562231614e+02
2.8977657130e+02
3.1630989022e+02
2.8911325921e+02
3.1699780570e+02
2.8844946355e+02
3.1768586586e+02
2.8778328019e+02
3.1837534541e+02
2.8711690947e+02
3.1906506376e+02
2.8645765400e+02
3.1975246821e+02
2.8580085844e+02
3.2043666452e+02
2.8514463135e+02
3.2112102466e+02
2.8448961143e+02
3.2181189510e+02
2.8383437881e+02
3.2250393601e+02
2.8318080127e+02
3.2319252500e+02
2.8252787023e+02
3.2387497981e+02
2.8187557898e+02
3.2455762921e+02
2.8122517251e+02
3.2524674063e+02
2.8057451831e+02
3.2593739396e+02
2.7992770811e+02
3.2662570901e+02
2.7928283262e+02
3.2730919653e+02
2.7863876261e+02
3.2799290574e+02
2.7799909387e+02
3.2867638736e+02
2.7735915423e+02
3.2935991310e+02
2.7672116722e+02
3.3004337316e+02
2.7608436532e+02
3.3072740183e+02
2.7544794475e+02
3.3141167889e+02
2.7481245995e+02
3.3209402964e+02
2.7417666639e+02
3.3277581167e+02
2.7354534200e+02
3.3345790223e+02
2.7291727300e+02
3.3414178898e+02
2.7228944242e+02
3.3482595342e+02
2.7166515625e+02
3.3550341263e+02
2.7104053657e+02
3.3617807926e+02
2.7041887286e+02
3.3685429444e+02
2.6979977012e+02
3.3753805858e+02
2.6918072321e+02
3.3822212417e+02
2.6856690934e+02
3.3889951939e+02
2.6795273396e+02
3.3957354981e+02
2.6733908133e+02
3.4024693348e+02
2.6672600703e+02
3.4091563496e+02
2.6611262094e+02
3.4158465105e+02
2.6550923227e+02
3.4225761304e+02
3.4293312797e+02
2.6490546377e+02
3.4360778322e+02
2.6430275955e+02
3.4427371113e+02
2.6370143595e+02
3.4493997586e+02
2.6309975525e+02
3.4560737233e+02
2.6250635884e+02
3.4627566025e+02
2.6191294650e+02
3.4694375412e+02
2.6132113225e+02
3.4760727697e+02
2.6073178326e+02
3.4827115643e+02
2.6014205879e+02
3.4893428906e+02
2.5956003432e+02
3.4959678882e+02
2.5897831144e+02
3.5025935580e+02
2.5839759683e+02
3.5091942263e+02
2.5781890456e+02
3.5157986668e+02
2.5723982612e+02
3.5223777232e+02
2.5666735503e+02
3.5289305011e+02
2.5609535147e+02
3.5354866446e+02
2.5552416081e+02
3.5420240382e+02
2.5495508879e+02
3.5485665769e+02
2.5438560166e+02
3.5550944931e+02
2.5383054172e+02
3.5616038080e+02
2.5327818785e+02
3.5681166566e+02
2.5272302614e+02
3.5746130997e+02
2.5216182773e+02
3.5811142571e+02
3.5875840235e+02
2.5160025709e+02
3.5940074197e+02
2.5104818885e+02
3.6004345653e+02
2.5049797006e+02
3.6068283685e+02
2.4995020283e+02
3.6132235458e+02
2.4941071791e+02
3.6196132993e+02
2.4887076504e+02
3.6259906673e+02
2.4833652794e+02
3.6323715436e+02
2.4780384370e+02
3.6387753316e+02
2.4727047854e+02
3.6451901555e+02
2.4673602921e+02
3.6515598351e+02
2.4620114198e+02
3.6578345891e+02
2.4567665777e+02
3.6641133880e+02
2.4515600277e+02
3.6704164779e+02
2.4463586016e+02
3.6767306485e+02
2.4412030477e+02
3.6830201552e+02
2.4360428095e+02
3.6892434789e+02
2.4308968610e+02
3.6954709478e+02
3.7016637785e+02
2.4257516191e+02
3.7078514614e+02
2.4206204845e+02
3.7140433710e+02
2.4156140284e+02
3.7202385166e+02
2.4106025630e+02
3.7264376677e+02
2.4056038116e+02
3.7325751597e+02
2.4006070109e+02
3.7386960153e+02
2.3956163855e+02
3.7448205795e+02
2.3907394870e+02
3.7509460555e+02
2.3858573990e+02
3.7570757227e+02
2.3809675413e+02
3.7631534482e+02
2.3760667052e+02
3.7692136471e+02
2.3711708228e+02
3.7752717917e+02
2.3664718557e+02
3.7813015489e+02
2.3617678392e+02
3.7873357506e+02
2.3570572167e+02
3.7933505477e+02
3.7993599170e+02
2.3523341300e+02
3.8053630020e+02
2.3476060717e+02
3.8112966425e+02
2.3429688118e+02
3.8172349607e+02
2.3383261652e+02
3.8231183783e+02
2.3337159324e+02
3.8289699617e+02
2.3291346247e+02
3.8348290948e+02
2.3245472184e+02
3.8407192797e+02
2.3200550973e+02
3.8466136886e+02
2.3155605264e+02
3.8524663565e+02
2.3110992030e+02
3.8582932698e+02
2.3066756400e+02
3.8641237327e+02
2.3022459108e+02
3.8699329135e+02
2.2978402062e+02
3.8757466908e+02
3.8815255875e+02
2.2934311239e+02
3.8872777321e+02
2.2890748843e+02
3.8930346594e+02
2.2847910848e+02
3.8987637502e+02
2.2805008578e+02
3.9044977685e+02
2.2763013750e+02
3.9101628794e+02
2.2721082697e+02
3.9157579905e+02
2.2679140156e+02
3.9213582842e+02
2.2637157672e+02
3.9269973695e+02
2.2595111171e+02
3.9326421498e+02
2.2554154702e+02
3.9382502165e+02
2.2513343922e+02
3.9438163277e+02
2.2472704341e+02
3.9493875805e+02
3.9549349388e+02
2.2432430105e+02
3.9604849379e+02
2.2392090994e+02
3.9660327880e+02
2.2352209209e+02
3.9715798049e+02
2.2312389926e+02
3.9771321676e+02
2.2273062669e+02
3.9825438114e+02
2.2234998053e+02
3.9879423775e+02
2.2196868292e+02
3.9933188611e+02
2.2158298664e+02
3.9986537521e+02
2.2119557799e+02
4.0039937871e+02
2.2081189564e+02
4.0093722221e+02
2.2043951700e+02
4.0147611642e+02
4.0201271279e+02
2.2006647977e+02
4.0254489239e+02
2.1969750837e+02
4.0307759589e+02
2.1932970618e+02
4.0361043692e+02
2.1896158193e+02
4.0414370737e+02
2.1859273339e+02
4.0467161794e+02
2.1822321621e+02
4.0518554396e+02
2.1786633094e+02
4.0569999271e+02
2.1751485775e+02
4.0621397269e+02
2.1716485590e+02
4.0672815129e+02
2.1682480324e+02
4.0724291458e+02
4.0775885250e+02
2.1648410062e+02
4.0827531453e+02
2.1613642730e+02
4.0878494648e+02
2.1578468373e+02
4.0929234085e+02
2.1543570752e+02
4.0979841207e+02
2.1510842660e+02
4.1029824747e+02
2.1478049767e+02
4.1079861953e+02
2.1445045374e+02
4.1129616732e+02
2.1411882927e+02
4.1179269543e+02
2.1378779110e+02
4.1228829336e+02
4.1277782120e+02
2.1346675954e+02
4.1326788638e+02
2.1314504471e+02
4.1375607796e+02
2.1282900453e+02
4.1424346687e+02
2.1251720548e+02
4.1473017813e+02
2.1220516683e+02
4.1521008731e+02
2.1189800134e+02
4.1569054120e+02
2.1159016675e+02
4.1616718464e+02
2.1128536730e+02
4.1664151921e+02
2.1098327951e+02
4.1711568504e+02
4.1758427347e+02
2.1068073667e+02
4.1805340820e+02
2.1038640446e+02
4.1851936186e+02
2.1009134958e+02
4.1898298855e+02
2.0979984472e+02
4.1944664832e+02
2.0951217885e+02
4.1990239843e+02
2.0922386410e+02
4.2035870718e+02
2.0894495180e+02
4.2081053293e+02
2.0866562069e+02
4.2125834303e+02
4.2170659149e+02
2.0838706514e+02
4.2214818681e+02
2.0810966684e+02
4.2259033632e+02
2.0783160941e+02
4.2302890597e+02
2.0756680967e+02
4.2346362272e+02
2.0730231613e+02
4.2389887148e+02
2.0704051133e+02
4.2432921877e+02
2.0678303325e+02
4.2476001405e+02
2.0652489463e+02
4.2518587177e+02
4.2560541404e+02
2.0627275701e+02
4.2602550756e+02
2.0602066305e+02
4.2643556933e+02
2.0577170250e+02
4.2684533744e+02
2.0552877046e+02
4.2725251540e+02
2.0528516823e+02
4.2765560026e+02
2.0505074838e+02
4.2805922659e+02
2.0481734789e+02
4.2845453358e+02
2.0458568752e+02
4.2884932654e+02
4.2924053529e+02
2.0435845778e+02
4.2962503931e+02
2.0413055705e+02
4.3001009301e+02
2.0391290171e+02
4.3038452222e+02
2.0369709083e+02
4.3075750273e+02
2.0348151403e+02
4.3112873555e+02
2.0326762102e+02
4.3149568892e+02
2.0305303181e+02
4.3186320152e+02
4.3220939951e+02
2.0285832115e+02
4.3255086990e+02
2.0266908285e+02
4.3289087053e+02
2.0247987002e+02
4.3322621158e+02
2.0229236102e+02
4.3356204545e+02
2.0210417585e+02
4.3389766894e+02
2.0192577800e+02
4.3423396147e+02
2.0175017630e+02
4.3456333644e+02
4.3486989977e+02
2.0157945557e+02
4.3517705792e+02
2.0143034053e+02
4.3546206751e+02
2.0128047086e+02
4.3573873125e+02
2.0114117028e+02
4.3601612877e+02
2.0100624502e+02
4.3629476409e+02
2.0087567919e+02
4.3657392307e+02
2.0077103832e+02
4.3683468954e+02
4.3708764928e+02
2.0066565782e+02
4.3733352348e+02
2.0056723426e+02
4.3754005020e+02
2.0047223747e+02
4.3774714167e+02
2.0037958981e+02
4.3794735501e+02
2.0030867591e+02
4.3814374399e+02
2.0023685867e+02
4.3833558418e+02
4.3849122807e+02
2.0021670058e+02
4.3864749220e+02
2.0023037447e+02
4.3877040368e+02
2.0024772521e+02
4.3887133355e+02
2.0031660000e+02
4.3896846083e+02
2.0038461055e+02
4.3901605298e+02
2.0051864765e+02
4.3906434941e+02
4.3903842519e+02
2.0070370559e+02
4.3895492509e+02
2.0089683924e+02
4.3886280167e+02
2.0130353584e+02
4.3854826350e+02
2.0170955799e+02
4.3823435293e+02
2.0269098635e+02
4.3719021489e+02
2.0421403674e+02
4.3546321195e+02
4.3373546715e+02
2.0573800949e+02
