2.0169943301e+02
2.0190816880e+02
2.0211179675e+02
2.0230476780e+02
2.0249276050e+02
2.0267507189e+02
2.0284621485e+02
2.0301311350e+02
2.0317653840e+02
2.0332524288e+02
2.0347477091e+02
2.0361294836e+02
2.0374575126e+02
2.0387589609e+02
2.0399293578e+02
2.0410658152e+02
2.0421560086e+02
2.0431730892e+02
2.0441380233e+02
2.0450178575e+02
2.0458590446e+02
2.0466436644e+02
2.0473450416e+02
2.0480335038e+02
2.0486306853e+02
2.0491774903e+02
2.0496755781e+02
2.0501194604e+02
2.0504835334e+02
2.0508302384e+02
2.0511079309e+02
2.0513049880e+02
2.0514888579e+02
2.0516173919e+02
2.0516917463e+02
2.0516952114e+02
2.0516627810e+02
2.0515955149e+02
2.0514483161e+02
2.0512473489e+02
2.0510383936e+02
2.0507494462e+02
2.0503903361e+02
2.0500105597e+02
2.0496102572e+02
2.0491144340e+02
2.0485537829e+02
2.0480077629e+02
2.0473675336e+02
2.0466737517e+02
2.0459465892e+02
2.0451700513e+02
2.0443419442e+02
2.0434295559e+02
2.0425212219e+02
2.0415686284e+02
2.0404949460e+02
2.0394318662e+02
2.0383015464e+02
2.0371047327e+02
2.0358513046e+02
2.0345792757e+02
2.0332509517e+02
2.0318248251e+02
2.0304090071e+02
2.0289255040e+02
2.0273273160e+02
2.0257656533e+02
2.0241432018e+02
2.0223876865e+02
2.0206713603e+02
2.0188853752e+02
2.0170072967e+02
2.0151464413e+02
2.0131723894e+02
2.0112228990e+02
2.0091979016e+02
2.0071413470e+02
2.0050444606e+02
2.0029526398e+02
2.0007939521e+02
1.9985588555e+02
1.9964966557e+02
1.9941927872e+02
1.9920587229e+02
1.9899076579e+02
1.9876232584e+02
1.9856135418e+02
1.9834255329e+02
1.9814401918e+02
1.9796337429e+02
1.9776306753e+02
1.9761192586e+02
1.9743215063e+02
1.9732336158e+02
1.9726211428e+02
1.9718838652e+02
1.9720686344e+02
1.9774194207e+02
1.9889254903e+02
