9.8146249248e-06 2.1461507226e-07
2.7958057891e-01 -3.5238739165e-05
5.5368915251e-01 -1.4258586761e-04
8.2233553541e-01 -3.2182677026e-04
1.0855197276e+00 -5.7296144711e-04
1.3432417292e+00 -8.9598989817e-04
1.5955650881e+00 -1.2939005208e-03
1.8426197688e+00 -1.7826763329e-03
2.0844041388e+00 -2.3644588770e-03
2.3209111117e+00 -3.0294994194e-03
2.5521555585e+00 -3.7361213140e-03
2.7781456625e+00 -4.5199366246e-03
2.9989535902e+00 -5.4090633535e-03
3.2145882942e+00 -6.3997066071e-03
3.4250721500e+00 -7.4888218572e-03
3.6304575125e+00 -8.6415197148e-03
3.8307449355e+00 -9.8549273315e-03
4.0259603357e+00 -1.1165467204e-02
4.2161237714e+00 -1.2585297971e-02
4.4012373346e+00 -1.4106304352e-02
4.5813528162e+00 -1.5700835016e-02
4.7564832868e+00 -1.7366971509e-02
4.9266304116e+00 -1.9105403271e-02
5.0918370870e+00 -2.0942919060e-02
5.2520943442e+00 -2.2883754157e-02
5.4074217461e+00 -2.4901684810e-02
5.5578526245e+00 -2.6992473436e-02
5.7033869795e+00 -2.9156120035e-02
5.8440248110e+00 -3.1392624608e-02
5.9798045654e+00 -3.3717393787e-02
6.1107282179e+00 -3.6118494003e-02
6.2368094701e+00 -3.8584422050e-02
6.3580488662e+00 -4.1115907583e-02
6.4744464064e+00 -4.3712950601e-02
6.5860108025e+00 -4.6376642662e-02
6.6927787176e+00 -4.9104559398e-02
6.7947430994e+00 -5.1880677790e-02
6.8919029293e+00 -5.4704872574e-02
6.9842582075e+00 -5.7577143750e-02
7.0718089338e+00 -6.0497491318e-02
7.1545695940e+00 -6.3463441713e-02
7.2325395898e+00 -6.6458025312e-02
7.3057138981e+00 -6.9478803995e-02
7.3740915356e+00 -7.2526136886e-02
7.4376720834e+00 -7.5600062935e-02
7.4964531605e+00 -7.8695619526e-02
7.5504333565e+00 -8.1800711930e-02
7.5995987162e+00 -8.4903541231e-02
7.6439492398e+00 -8.8004107430e-02
7.6834849271e+00 -9.1102410528e-02
7.7181866832e+00 -9.4193813084e-02
7.7480306297e+00 -9.7273824923e-02
7.7730232648e+00 -1.0032304999e-01
7.7931521180e+00 -1.0333573673e-01
7.8084171892e+00 -1.0631188517e-01
7.8188000470e+00 -1.0924650733e-01
7.8242472382e+00 -1.1214473421e-01
7.8247588463e+00 -1.1499100402e-01
7.8203319732e+00 -1.1776134841e-01
7.8109666189e+00 -1.2045576737e-01
7.7966227218e+00 -1.2307106651e-01
7.7772339217e+00 -1.2562291731e-01
7.7528079546e+00 -1.2809395934e-01
7.7233400173e+00 -1.3044848460e-01
7.6888226811e+00 -1.3268485485e-01
7.6491689918e+00 -1.3481827032e-01
7.6043568004e+00 -1.3685946321e-01
7.5543708193e+00 -1.3876358684e-01
7.4992028637e+00 -1.4051784173e-01
7.4388061246e+00 -1.4212785520e-01
7.3731158683e+00 -1.4362366044e-01
7.3021068718e+00 -1.4495106644e-01
7.2257626501e+00 -1.4609700988e-01
7.1440723085e+00 -1.4705936568e-01
7.0568873553e+00 -1.4785333001e-01
6.9642282875e+00 -1.4850125850e-01
6.8660462708e+00 -1.4893525132e-01
6.7623216990e+00 -1.4914580283e-01
6.6529851524e+00 -1.4913428234e-01
6.5379363278e+00 -1.4894693191e-01
6.4171711198e+00 -1.4856555735e-01
6.2906369505e+00 -1.4791251376e-01
6.1583218243e+00 -1.4698293165e-01
6.0200822945e+00 -1.4582266618e-01
5.8758620410e+00 -1.4446003389e-01
5.7256250327e+00 -1.4284966194e-01
5.5693387461e+00 -1.4090676239e-01
5.4069458678e+00 -1.3866453812e-01
5.2382693722e+00 -1.3618001596e-01
5.0633011766e+00 -1.3345395888e-01
4.8819550273e+00 -1.3040367264e-01
4.6942471897e+00 -1.2697660343e-01
4.4999836665e+00 -1.2325741808e-01
4.2990753104e+00 -1.1925029695e-01
4.0915221213e+00 -1.1495524005e-01
3.8771483066e+00 -1.1024410661e-01
3.6560047165e+00 -1.0518260518e-01
3.4277945592e+00 -9.9769343998e-02
3.1925178346e+00 -9.4004323046e-02
2.9501745428e+00 -8.7887542329e-02
