2.1152071272e+02
2.1155017806e+02
2.1157916250e+02
2.1160698169e+02
2.1163403665e+02
2.1165934879e+02
2.1168400589e+02
2.1170681082e+02
2.1172844209e+02
2.1174880315e+02
2.1176774252e+02
2.1178620230e+02
2.1180227333e+02
2.1181772318e+02
2.1183250714e+02
2.1184524202e+02
2.1185713701e+02
2.1186837132e+02
2.1187822142e+02
2.1188711496e+02
2.1189349214e+02
2.1189989329e+02
2.1190544373e+02
2.1190951578e+02
2.1191275748e+02
2.1191419931e+02
2.1191536874e+02
2.1191484954e+02
2.1191367911e+02
2.1191147868e+02
2.1190803772e+02
2.1190365417e+02
2.1189765128e+02
2.1189091955e+02
2.1188401647e+02
2.1187508437e+02
2.1186478142e+02
2.1185432653e+02
2.1184213396e+02
2.1182888124e+02
2.1181536526e+02
2.1180011919e+02
2.1178356544e+02
2.1176629751e+02
2.1174807769e+02
2.1172840962e+02
2.1170731392e+02
2.1168516699e+02
2.1166240866e+02
2.1163855979e+02
2.1161280767e+02
2.1158650124e+02
2.1155875397e+02
2.1152892575e+02
2.1149972553e+02
2.1146743954e+02
2.1143450268e+02
2.1140154016e+02
2.1136623132e+02
2.1132971660e+02
2.1129119167e+02
2.1125221016e+02
2.1121196247e+02
2.1116933360e+02
2.1112554808e+02
2.1107950111e+02
2.1103371819e+02
2.1098621277e+02
2.1093557216e+02
2.1088441305e+02
2.1083085578e+02
2.1077588890e+02
2.1071986148e+02
2.1065963120e+02
2.1060050133e+02
2.1053817038e+02
2.1047220347e+02
2.1040865978e+02
2.1033861084e+02
2.1026673577e+02
2.1019595985e+02
2.1011993814e+02
2.1004248388e+02
2.0996282584e+02
2.0988105066e+02
2.0979530485e+02
2.0970913728e+02
2.0961723761e+02
2.0952692280e+02
2.0943193450e+02
2.0933119166e+02
2.0923387870e+02
2.0912738888e+02
2.0902649174e+02
2.0892262093e+02
2.0878446142e+02
2.0869813327e+02
2.0859030572e+02
2.0846799072e+02
2.0906870085e+02
