7.3617065151e-04 3.4455280606e-07
5.1893309907e-04 1.2337320613e-06
7.1972774361e-04 -7.9464779119e-07
6.1720858551e-05 5.7110256151e-07
4.6425158244e-04 -1.1439499838e-06
4.4966912251e-04 2.2552973791e-06
3.7239694507e-05 2.0580601492e-07
7.1686975623e-04 4.5643819191e-06
5.0252179706e-04 -2.4326875124e-06
7.4480018908e-04 5.9170235996e-06
7.3025364235e-04 -5.0393560884e-06
5.3539102875e-04 5.2858679282e-06
7.2139208466e-04 -6.3365863936e-06
8.3239678406e-05 1.3280065065e-06
4.7420712224e-04 -4.9533895995e-06
4.3348181541e-04 5.5031240577e-06
1.1750311326e-05 8.8864197136e-08
7.1232005136e-04 9.9433889280e-06
4.8931714582e-04 -6.1762295901e-06
7.5132240431e-04 1.1735636988e-05
7.2426674710e-04 -1.0492040443e-05
5.5224145807e-04 9.7777964957e-06
7.2150744219e-04 -1.2111579080e-05
1.0769077991e-04 2.4918720802e-06
4.8602649097e-04 -9.2817130084e-06
4.1798309875e-04 8.5171234672e-06
1.4021720586e-05 -1.5506813870e-07
7.0704442807e-04 1.5239040865e-05
4.6868680476e-04 -9.2394125646e-06
7.1303485407e-04 -1.5476611647e-05
7.5520385460e-04 1.7425905521e-05
7.2671064831e-04 -1.6975204139e-05
5.6449847576e-04 1.4097711742e-05
5.0277850623e-04 -1.2445885056e-05
1.3128467295e-04 3.8775133527e-06
3.5712230725e-05 -7.2504438592e-07
4.0333123714e-04 1.1239314887e-05
4.5195825085e-04 -1.2397014136e-05
7.0226092203e-04 2.0403694785e-05
7.0376785104e-04 -2.0559950299e-05
7.5989023003e-04 2.3398990601e-05
7.2230830744e-04 -2.2279690930e-05
5.7909610412e-04 1.9095457253e-05
5.0930775501e-04 -1.6565656112e-05
1.5295979708e-04 5.7654086825e-06
6.0796004986e-05 -1.9643404364e-06
3.8605414673e-04 1.3853279479e-05
4.3434830615e-04 -1.5039998091e-05
6.9584407833e-04 2.5640764560e-05
6.9472324723e-04 -2.5324403026e-05
7.6321425213e-04 2.9327773992e-05
7.2264771158e-04 -2.7644427569e-05
5.9246041288e-04 2.3959327401e-05
5.1734763037e-04 -2.0720079425e-05
1.7493218545e-04 7.8199376491e-06
8.1387333249e-05 -3.3058183808e-06
3.6915320651e-04 1.6139843719e-05
4.1906023772e-04 -1.7585663331e-05
6.8990531280e-04 3.0743926457e-05
6.8581608644e-04 -2.9968745203e-05
7.6615973189e-04 3.5339584921e-05
7.2014120420e-04 -3.2589514463e-05
6.0358274690e-04 2.9093517055e-05
5.2802994314e-04 -2.4709638069e-05
1.9650611694e-04 1.0265561699e-05
1.0540391712e-04 -5.0196339126e-06
3.4949835136e-04 1.8025797932e-05
3.9618300745e-04 -1.9242350497e-05
6.7912402563e-04 3.5532114417e-05
6.6937464498e-04 -3.3898111753e-05
7.6642442077e-04 4.1363043178e-05
7.1734152264e-04 -3.8048108632e-05
6.1508920353e-04 3.4552331362e-05
5.3692457447e-04 -2.9728540893e-05
2.1864874946e-04 1.3164652600e-05
1.2446154462e-04 -7.1544181146e-06
3.3235595243e-04 1.9946831259e-05
3.7859439775e-04 -2.1695179692e-05
6.7251057500e-04 4.0584553355e-05
6.6092086275e-04 -3.8778514296e-05
7.6959693251e-04 4.7400820603e-05
7.1540816426e-04 -4.2796218521e-05
6.2543345641e-04 3.9968562600e-05
5.4186680358e-04 -3.3215735083e-05
2.3879687826e-04 1.6193517390e-05
1.4336722520e-04 -9.0162259680e-06
3.1527733458e-04 2.1080491384e-05
3.6058740715e-04 -2.3135617285e-05
6.6457512024e-04 4.4817453296e-05
6.4923364937e-04 -4.2584778462e-05
7.6746544533e-04 5.3295031947e-05
7.1073536680e-04 -4.7662898221e-05
6.3551753190e-04 4.5405516350e-05
5.4882946651e-04 -3.7850891980e-05
2.5865261146e-04 1.9389819538e-05
1.6430377442e-04 -1.1663955946e-05
2.9347254314e-04 2.2228831298e-05
3.4163429566e-04 -2.4264730992e-05
6.5276720529e-04 4.9519476247e-05
6.3512903917e-04 -4.6082479504e-05
7.6758510974e-04 5.9389430678e-05
7.0542923561e-04 -5.2401337541e-05
6.4422318472e-04 5.1424347550e-05
5.5623158092e-04 -4.2354876443e-05
2.7716041446e-04 2.3210533560e-05
1.8360336973e-04 -1.4363994371e-05
2.7311895220e-04 2.3060495324e-05
3.2224627633e-04 -2.5368246402e-05
6.4199839799e-04 5.3894667373e-05
6.2181354281e-04 -4.9722850746e-05
7.6481777813e-04 6.5466463917e-05
6.9992789902e-04 -5.6912373798e-05
5.6181361792e-04 -4.6711144058e-05
6.5040444883e-04 5.6924176978e-05
2.0161102392e-04 -1.7200912281e-05
2.9586507252e-04 2.6950712118e-05
3.0214263835e-04 -2.5853314387e-05
2.5444803427e-04 2.3566305100e-05
6.0722464399e-04 -5.2712760367e-05
6.3144841684e-04 5.8046794127e-05
6.9342108566e-04 -6.1283305066e-05
7.6183799999e-04 7.1248265397e-05
5.6441010198e-04 -5.0946303779e-05
6.5896300416e-04 6.2685740108e-05
2.1792485219e-04 -2.0160191862e-05
3.1518705455e-04 3.1004225191e-05
2.8265302319e-04 -2.6283205581e-05
2.3291566272e-04 2.3505974366e-05
5.9261721950e-04 -5.5725822670e-05
6.1841910905e-04 6.1749584650e-05
6.8658487806e-04 -6.5505156802e-05
7.6034828551e-04 7.7084678822e-05
5.7432664601e-04 -5.5790774211e-05
6.6557487681e-04 6.8752666871e-05
2.3692753330e-04 -2.3526681467e-05
3.3150472898e-04 3.5390879765e-05
2.6054289393e-04 -2.6058033983e-05
2.1075598372e-04 2.3135115875e-05
5.7721314290e-04 -5.8260860061e-05
6.0543785251e-04 6.5369288127e-05
6.8240707231e-04 -6.9849764628e-05
7.5534493623e-04 8.2720884114e-05
5.7063123949e-04 -5.9488590713e-05
6.7332373043e-04 7.5047001198e-05
2.4557413270e-04 -2.6175280877e-05
3.5066383828e-04 4.0271458281e-05
2.4294714088e-04 -2.6060498178e-05
1.8811479947e-04 2.2367555336e-05
5.6844236822e-04 -6.1369258612e-05
5.8926074658e-04 6.8483980921e-05
6.7511015405e-04 -7.3997628442e-05
7.5016690011e-04 8.8207413531e-05
5.7292219749e-04 -6.3715104474e-05
6.7770475757e-04 8.0869654150e-05
2.6075767627e-04 -2.9601288729e-05
3.6538245472e-04 4.4786322326e-05
2.2154472985e-04 -2.5356801656e-05
5.5005872453e-04 -6.3210847182e-05
1.6394223036e-04 2.1012222549e-05
6.6752912439e-04 -7.7760506011e-05
5.7349621593e-04 7.1341408693e-05
5.7379436142e-04 -6.7717799875e-05
7.4618268595e-04 9.3777633048e-05
2.7330518247e-04 -3.2881784922e-05
6.8113944977e-04 8.6795067456e-05
2.0219653251e-04 -2.4635026375e-05
3.7919689547e-04 4.9551668395e-05
5.3626046248e-04 -6.5399557437e-05
1.4382068128e-04 1.9726047518e-05
6.5836430872e-04 -8.1238191494e-05
5.6324768722e-04 7.4421378678e-05
5.7648176536e-04 -7.2017428003e-05
7.3977120258e-04 9.8949263559e-05
2.8858198780e-04 -3.6713050675e-05
6.8398865956e-04 9.2950635429e-05
1.8152071496e-04 -2.3416939788e-05
3.9465346879e-04 5.4970878815e-05
5.1683745049e-04 -6.6548610105e-05
1.2161318741e-04 1.8020756377e-05
6.4685415748e-04 -8.4196764819e-05
5.4627778851e-04 7.6905043875e-05
5.7488969232e-04 -7.5636470130e-05
7.3199819179e-04 1.0403354274e-04
3.0056271114e-04 -4.0210929344e-05
6.8680860184e-04 9.9845869655e-05
1.6277837884e-04 -2.2192724742e-05
4.0840257596e-04 6.1171015180e-05
5.0014524030e-04 -6.7846697077e-05
9.6572034934e-05 1.5553188942e-05
6.3618276875e-04 -8.7152760207e-05
5.2734355047e-04 7.8813991081e-05
5.7442191568e-04 -7.9580455897e-05
3.1154005578e-04 -4.3901256315e-05
7.2362008436e-04 1.0887472783e-04
1.4206154386e-04 -2.0464028724e-05
6.8741697520e-04 1.0450626357e-04
4.8435341675e-04 -6.9009747830e-05
4.1950076329e-04 6.5020369350e-05
6.2836876203e-04 -9.0370021489e-05
7.3998923359e-05 1.2748504623e-05
5.7228340607e-04 -8.3497011972e-05
5.1194216321e-04 8.0611741112e-05
3.1908319599e-04 -4.7440180807e-05
7.1516718779e-04 1.1333629600e-04
1.2122978071e-04 -1.8190051222e-05
6.8775186036e-04 1.1019795089e-04
4.6865759199e-04 -6.9333430164e-05
4.3129378962e-04 7.0408641479e-05
6.1708651764e-04 -9.2667191445e-05
5.1711474736e-05 9.7984936282e-06
5.6988264525e-04 -8.7148904938e-05
4.9758476880e-04 8.2500419555e-05
3.2944344324e-04 -5.1400643365e-05
7.0511509978e-04 1.1761229313e-04
1.0286686403e-04 -1.6468382238e-05
6.8615059868e-04 1.1591897711e-04
4.5017264557e-04 -7.0325782069e-05
4.4343898897e-04 7.6404878858e-05
6.0323061258e-04 -9.4986750853e-05
5.7052989643e-04 -9.0605384218e-05
2.8763107697e-05 6.4193925434e-06
3.4275675410e-04 -5.5153237305e-05
4.7556640226e-04 8.2983247230e-05
8.3294130248e-05 -1.4027164864e-05
6.9294847476e-04 1.2143233289e-04
4.3451128085e-04 -7.0801646114e-05
6.8470283458e-04 1.2113749436e-04
5.9381617816e-04 -9.7388510138e-05
4.5240856620e-04 8.1442745809e-05
5.6461064694e-04 -9.3367279894e-05
6.5682497142e-06 2.7993442992e-06
3.4666821527e-04 -5.8107410821e-05
4.5931176781e-04 8.3980346712e-05
6.4072887604e-05 -1.1444256485e-05
6.8237252036e-04 1.2527032640e-04
4.1577161115e-04 -7.0541272150e-05
6.8279124101e-04 1.2670970564e-04
5.8077406123e-04 -9.9104904192e-05
4.6231570583e-04 8.7283339152e-05
5.6092832690e-04 -9.6650398217e-05
1.6861699530e-05 4.8596163529e-06
3.5361639826e-04 -6.1828628579e-05
4.3895492154e-04 8.4109623473e-05
4.3958279059e-05 -8.4683317979e-06
6.6995596319e-04 1.2867693906e-04
4.0137824047e-04 -7.0739087323e-05
5.7088283952e-04 -1.0117865586e-04
6.8076590180e-04 1.3180376638e-04
5.5518737937e-04 -9.9356479455e-05
4.7055501210e-04 9.2438474833e-05
3.5786857086e-04 -6.4962975227e-05
3.5927180446e-05 8.7126202965e-06
2.6112424419e-05 -5.6322374672e-06
4.2035377342e-04 8.4141947448e-05
3.8351984473e-04 -7.0257847608e-05
6.5843459883e-04 1.3202534377e-04
5.5653677177e-04 -1.0237990311e-04
6.7575258139e-04 1.3664954027e-04
5.5109706330e-04 -1.0240740214e-04
4.7663348433e-04 9.7814436552e-05
3.6553865256e-04 -6.8963424328e-05
5.9302334178e-05 1.3822482259e-05
5.0055977300e-06 -1.9766412976e-06
4.0161071569e-04 8.3936790020e-05
3.6637647856e-04 -6.9609160946e-05
6.4472948330e-04 1.3478117517e-04
5.4511516626e-04 -1.0390599468e-04
6.7153396618e-04 1.4126731234e-04
5.4529425012e-04 -1.0472227908e-04
3.6894044757e-04 -7.1715104789e-05
4.8397094241e-04 1.0309389835e-04
1.5019086947e-05 -3.9383143372e-06
7.8218971612e-05 1.8264929764e-05
3.5079051710e-04 -6.8971880165e-05
3.8138495878e-04 8.2924715421e-05
5.3341350960e-04 -1.0509814387e-04
6.3053168554e-04 1.3709454995e-04
5.3938356629e-04 -1.0694839828e-04
6.6557706258e-04 1.4574853450e-04
3.7278957552e-04 -7.4759575904e-05
4.8921726103e-04 1.0846246372e-04
3.3603925576e-05 -7.7867974588e-06
9.6780049221e-05 2.3071030170e-05
3.3124764211e-04 -6.7362689749e-05
3.6098135315e-04 8.1730591886e-05
5.1785857358e-04 -1.0542178437e-04
6.1535606546e-04 1.3915389014e-04
5.3263841931e-04 -1.0919330534e-04
6.5712096048e-04 1.4964908982e-04
3.7514473088e-04 -7.7905090435e-05
4.7062686405e-05 -1.0994132352e-05
4.9147727333e-04 1.1340761326e-04
3.1679547384e-04 -6.6506046492e-05
1.1502192508e-04 2.8217201637e-05
5.0627614110e-04 -1.0637689253e-04
3.3988616896e-04 8.0076728961e-05
5.2389845509e-04 -1.1148501723e-04
5.9919206006e-04 1.4075704104e-04
3.7703221626e-04 -8.1807247659e-05
6.5058493949e-04 1.5371316744e-04
6.3173263267e-05 -1.5072996209e-05
4.9544992435e-04 1.1841816811e-04
2.9879793355e-04 -6.5007218595e-05
1.3240751950e-04 3.3284475058e-05
4.9160321545e-04 -1.0666040127e-04
3.2080943685e-04 7.8441948539e-05
5.1744943298e-04 -1.1272315114e-04
5.8356679290e-04 1.4214038256e-04
3.8033328971e-04 -8.3607999859e-05
7.8151424285e-05 -1.8300088497e-05
6.4016791290e-04 1.5684566481e-04
2.8082228642e-04 -6.2830292911e-05
4.9721741635e-04 1.2325006826e-04
4.7643949254e-04 -1.0632755559e-04
1.4957416774e-04 3.8717033510e-05
5.0851307004e-04 -1.1412105002e-04
3.0121750605e-04 7.6364831668e-05
3.8048298334e-04 -8.6411920689e-05
5.6758021050e-04 1.4320845735e-04
9.1641997392e-05 -2.2086014630e-05
6.3083831696e-04 1.6024372607e-04
2.6289817398e-04 -6.0637475886e-05
4.9673256112e-04 1.2801710867e-04
4.6048083956e-04 -1.0575835497e-04
1.6364763084e-04 4.3931912018e-05
4.9861845368e-04 -1.1520085188e-04
2.8247905609e-04 7.4287380951e-05
3.7965543542e-04 -8.8761734542e-05
1.0422659847e-04 -2.5672115656e-05
5.5106475178e-04 1.4395702285e-04
2.4628096038e-04 -5.8582248207e-05
6.1682307287e-04 1.6194151735e-04
4.4545801561e-04 -1.0525512156e-04
4.9561176672e-04 1.3145840553e-04
4.8949384967e-04 -1.1608464566e-04
1.7880017542e-04 4.9058938549e-05
3.8118844753e-04 -9.1225632596e-05
2.5896653512e-04 7.0628419254e-05
1.1622541841e-04 -2.9072129172e-05
5.2973621647e-04 1.4320403001e-04
2.2932105994e-04 -5.6120019298e-05
6.0928760576e-04 1.6534597238e-04
4.3098840744e-04 -1.0460970678e-04
4.9482841044e-04 1.3578200476e-04
4.7993245453e-04 -1.1692994844e-04
3.7793936900e-04 -9.3077702409e-05
1.8982349546e-04 5.3795115811e-05
1.2600536287e-04 -3.2410176031e-05
2.4018634853e-04 6.7798678986e-05
2.1249295787e-04 -5.3550759452e-05
5.1426174240e-04 1.4356202947e-04
4.1468177322e-04 -1.0336213637e-04
5.9569123128e-04 1.6685903297e-04
4.6794542352e-04 -1.1710893770e-04
4.9282412950e-04 1.3923399354e-04
3.7589252888e-04 -9.5133540074e-05
2.0163905643e-04 5.8557492614e-05
1.3558705564e-04 -3.5760656623e-05
2.1927121909e-04 6.3987729884e-05
1.9657758385e-04 -5.1034264648e-05
4.9486173278e-04 1.4256221958e-04
4.0042765757e-04 -1.0244024264e-04
4.5712336471e-04 -1.1723674071e-04
5.8228942193e-04 1.6829871819e-04
3.7010281415e-04 -9.5826071169e-05
4.8978203676e-04 1.4292173505e-04
1.4290329517e-04 -3.8419799422e-05
2.1206350279e-04 6.3544306688e-05
1.8102260004e-04 -4.8335043275e-05
1.9751428995e-04 5.9679248011e-05
3.8469794403e-04 -1.0092957707e-04
4.7400668834e-04 1.4087279447e-04
4.4404913229e-04 -1.1675585277e-04
5.6972765752e-04 1.6990780520e-04
3.6925498461e-04 -9.8043631458e-05
4.8569058201e-04 1.4600255683e-04
1.5287596510e-04 -4.2083145088e-05
2.2062543906e-04 6.7993677733e-05
1.6433348660e-04 -4.5202006009e-05
3.6768564723e-04 -9.8902094163e-05
1.7804533066e-04 5.5665048511e-05
4.3186721509e-04 -1.1638403085e-04
4.5531140406e-04 1.3948747835e-04
3.6302236907e-04 -9.8880364445e-05
5.5193924509e-04 1.6965201089e-04
1.5814188092e-04 -4.4647523636e-05
4.7686281114e-04 1.4772762705e-04
1.4929390728e-04 -4.2343032017e-05
2.2754651999e-04 7.2160759251e-05
3.5310366772e-04 -9.7337674152e-05
1.6008489787e-04 5.1724911281e-05
4.1868008401e-04 -1.1556078439e-04
4.3642114947e-04 1.3767524987e-04
3.5645397935e-04 -9.9129375149e-05
1.6399091956e-04 -4.7136947964e-05
5.3372840806e-04 1.6902724557e-04
1.3348500123e-04 -3.9119233177e-05
4.6702634175e-04 1.4962188091e-04
3.3492233655e-04 -9.4721351085e-05
2.3341809895e-04 7.6643547426e-05
4.0549048759e-04 -1.1453243054e-04
1.3891410488e-04 4.6609713239e-05
3.4938657835e-04 -9.9447920221e-05
4.1106958887e-04 1.3366748004e-04
1.6791423641e-04 -4.9358889601e-05
5.1806173641e-04 1.6874998630e-04
1.1871656550e-04 -3.5819974066e-05
4.6031640317e-04 1.5100784503e-04
3.1909074184e-04 -9.2223267791e-05
3.9144836088e-04 -1.1309747888e-04
2.3815744758e-04 7.9834093449e-05
3.4218737562e-04 -9.9843020768e-05
1.1985210334e-04 4.1784991891e-05
1.7196018725e-04 -5.1912595236e-05
3.9107638687e-04 1.3097424580e-04
1.0398255104e-04 -3.2676187876e-05
4.9605113863e-04 1.6633033104e-04
3.0116904194e-04 -8.9380884496e-05
4.4652441926e-04 1.5081367651e-04
3.7538845976e-04 -1.1120392628e-04
2.4033960899e-04 8.2934862926e-05
3.3262053341e-04 -9.9629126783e-05
1.7334996199e-04 -5.3839608563e-05
1.0153119697e-04 3.6913809547e-05
8.8979127133e-05 -2.9260578645e-05
3.6793020563e-04 1.2682864778e-04
2.8333754637e-04 -8.6185356566e-05
4.7417282519e-04 1.6356174556e-04
3.5825824975e-04 -1.0861830271e-04
4.3207494830e-04 1.5023511457e-04
3.2207121795e-04 -9.8488722818e-05
2.4081871858e-04 8.5552220197e-05
1.7422685463e-04 -5.5132136880e-05
8.3343502221e-05 3.1748005043e-05
7.4717991423e-05 -2.5748279417e-05
3.4216366061e-04 1.2140269233e-04
2.6478328615e-04 -8.2505891253e-05
3.4134872738e-04 -1.0580343904e-04
4.4937465756e-04 1.5933760587e-04
3.0989329892e-04 -9.6936349533e-05
4.1307023213e-04 1.4761110208e-04
1.7302331614e-04 -5.6015902889e-05
2.3652187646e-04 8.6348313563e-05
6.1032822547e-05 -2.2210620695e-05
6.5415946456e-05 2.6358399014e-05
2.4420577767e-04 -7.7972868796e-05
3.1539219735e-04 1.1520723672e-04
3.2143440506e-04 -1.0190690641e-04
4.2105703535e-04 1.5357357893e-04
2.9705806475e-04 -9.4927945486e-05
1.7147497465e-04 -5.6731896046e-05
3.9261864166e-04 1.4450845175e-04
4.8348654535e-05 -1.9088023557e-05
2.3187501507e-04 8.7386110551e-05
2.2547648036e-04 -7.4076818717e-05
4.7821462667e-05 2.1316651947e-05
3.0143725117e-04 -9.8012989452e-05
2.8511835136e-04 1.0800257826e-04
2.8001651701e-04 -9.1979904720e-05
3.8871684637e-04 1.4632448586e-04
1.6523926826e-04 -5.6479371818e-05
3.6467973880e-04 1.3837948100e-04
3.6018755529e-05 -1.6084671091e-05
2.0500110215e-04 -6.9432320459e-05
2.1925016572e-04 8.5430290893e-05
2.7760872956e-04 -9.2714235554e-05
3.1960412302e-05 1.6630333433e-05
2.6065556663e-04 -8.7908586869e-05
2.5514246192e-04 9.9972210716e-05
1.5814098079e-04 -5.5564531118e-05
3.5009806436e-04 1.3637024288e-04
2.4136048913e-05 -1.3013785812e-05
3.2850935869e-04 1.3089589016e-04
1.7920239454e-04 -6.2888529789e-05
2.4850496047e-04 -8.5448253197e-05
2.0098490350e-04 8.3743095064e-05
2.3837715655e-04 -8.2779329061e-05
1.6217810174e-05 1.2868789299e-05
1.4822238732e-04 -5.3946978712e-05
2.1389469617e-04 8.8494505349e-05
1.1767652535e-05 -1.0654042234e-05
2.9736252184e-04 1.2012362174e-04
1.5432928123e-04 -5.8117585260e-05
2.7592546570e-04 1.1083083891e-04
2.1391735313e-04 -7.7677545372e-05
1.6811874913e-04 6.9633568987e-05
2.0087008644e-04 -7.2227471046e-05
1.2433349642e-04 -4.8041312789e-05
2.0897323024e-06 1.0058427565e-05
1.4434020982e-06 -1.4730352835e-05
1.6873427000e-04 7.5297975916e-05
1.2758440674e-04 -6.6203879203e-05
2.2035173403e-04 9.2851424418e-05
1.6414748380e-04 -7.2351135779e-05
1.5655883481e-04 5.9975800547e-05
1.0297041430e-04 -3.9224125762e-05
7.2505814235e-05 2.2188428003e-05
3.2710710528e-05 -1.1880052280e-05
-1.1846436440e-05 -3.5606640767e-06
-1.4328266183e-05 1.6300975954e-06
