-2.1813467839e-06 -7.0601177900e-11
2.9352714676e-01 -4.1562585742e-07
5.8105941544e-01 -4.4615719020e-07
8.6259744483e-01 8.9026661008e-08
1.1381407125e+00 6.5299844850e-08
1.4076907364e+00 -3.1008629331e-07
1.6712488649e+00 -5.1976297693e-07
1.9288133118e+00 -2.9402848398e-07
2.1803861205e+00 5.0178186740e-08
2.4259596267e+00 -1.1328919489e-07
2.6655465577e+00 -5.2383407208e-07
2.8991434438e+00 -7.4135136710e-07
3.1267390611e+00 -6.4919432059e-07
3.3483501120e+00 -3.4291817971e-07
3.5639653622e+00 1.8517420088e-07
3.7735895395e+00 8.4196521838e-07
3.9772224483e+00 6.0733377583e-07
4.1748586737e+00 -6.5857135822e-07
4.3665141691e+00 -1.9376661871e-06
4.5521709334e+00 -1.9527132013e-06
4.7318367711e+00 -9.2706027725e-07
4.9055230123e+00 -2.7369968241e-07
5.0732086366e+00 -4.2641041764e-07
5.2349104860e+00 -9.3741915838e-07
5.3906151791e+00 -3.3025501214e-07
5.5403271307e+00 1.1794154562e-06
5.6840465319e+00 3.0046973475e-06
5.8217816314e+00 4.2552123644e-06
5.9535298522e+00 4.9294602089e-06
6.0792904198e+00 4.4848341820e-06
6.1990478406e+00 2.6053522113e-06
6.3128351310e+00 2.6127607431e-06
6.4206244741e+00 2.3185298158e-06
6.5224201403e+00 1.6130773844e-06
6.6182283477e+00 6.9012575721e-07
6.7080633061e+00 1.2179770758e-08
6.7918861186e+00 -4.6186364507e-07
6.8697282886e+00 -1.3576076208e-06
6.9415978423e+00 -2.8249175520e-06
7.0074685053e+00 -3.6790284311e-06
7.0673540959e+00 -3.0170385561e-06
7.1212453948e+00 -1.9395803871e-06
7.1691538037e+00 -2.3654387158e-06
7.2110698241e+00 -4.8138787077e-06
7.2470049341e+00 -5.6675613589e-06
7.2769335828e+00 -4.7001805535e-06
7.3008734489e+00 -3.3254682264e-06
7.3188417942e+00 -3.2810470511e-06
7.3308321894e+00 -4.5186852972e-06
7.3368209111e+00 -5.6027472326e-06
7.3368188330e+00 -5.4440174445e-06
7.3308399120e+00 -4.8642741020e-06
7.3188617277e+00 -4.9964943215e-06
7.3008953262e+00 -4.4624575225e-06
7.2769518774e+00 -4.4831188673e-06
7.2470061164e+00 -4.0300041086e-06
7.2110828443e+00 -3.2328535511e-06
7.1691671156e+00 -3.5308812082e-06
7.1212486110e+00 -4.1039719825e-06
7.0673565551e+00 -4.3680178205e-06
7.0074831529e+00 -4.2225769953e-06
6.9416239336e+00 -3.3754217884e-06
6.8697684040e+00 -3.2256571099e-06
6.7919097676e+00 -3.9319393598e-06
6.7080829277e+00 -4.2213239143e-06
6.6182583744e+00 -3.7827039884e-06
6.5224394348e+00 -2.5463240828e-06
6.4206379590e+00 -1.9057599220e-06
6.3128456261e+00 -2.1465989151e-06
6.1990781864e+00 -2.8284800034e-06
6.0793094718e+00 -2.6346172045e-06
5.9535462083e+00 -1.3565451984e-06
5.8218142199e+00 -6.4583729198e-07
5.6840689003e+00 -4.0560471737e-07
5.5403305768e+00 -6.8575539589e-07
5.3906167596e+00 -9.6845388019e-07
5.2349200573e+00 -7.8202924593e-07
5.0732152316e+00 -9.9994601223e-07
4.9055296001e+00 -1.2323477719e-06
4.7318481021e+00 -1.0720858282e-06
4.5521763269e+00 -6.0299946359e-07
4.3665272230e+00 3.1831111569e-07
4.1748765555e+00 9.8634955231e-07
3.9772319473e+00 7.8310623515e-07
3.7735986938e+00 -1.6771542089e-07
3.5639746757e+00 -5.1806020278e-07
3.3483486258e+00 -7.6641169417e-08
3.1267428996e+00 3.0463990151e-07
2.8991422197e+00 4.2492863223e-07
2.6655468817e+00 1.1911429456e-07
2.4259617600e+00 -1.5050668061e-07
2.1803844251e+00 -3.9147550083e-07
1.9288132183e+00 -4.6339243792e-07
1.6712492099e+00 -3.1469298891e-07
1.4076930859e+00 1.0843024234e-07
1.1381422948e+00 4.0500825411e-07
8.6259601761e-01 2.3996792546e-07
5.8105839810e-01 -1.2063943005e-07
2.9352603116e-01 -2.3403672303e-07
-2.4033968948e-06 -3.7418388107e-12
