2.2940683598e+02
2.2949518144e+02
2.2958126438e+02
2.2966230745e+02
2.2974095432e+02
2.2981532518e+02
2.2988979269e+02
2.2995913571e+02
2.3002602817e+02
2.3009005352e+02
2.3015194574e+02
2.3021201944e+02
2.3026725770e+02
2.3032047587e+02
2.3037278634e+02
2.3042128843e+02
2.3046845879e+02
2.3051205270e+02
2.3055356845e+02
2.3059469416e+02
2.3063110843e+02
2.3066656562e+02
2.3070035945e+02
2.3073065462e+02
2.3076012633e+02
2.3078761612e+02
2.3081208127e+02
2.3083610701e+02
2.3085727841e+02
2.3087724501e+02
2.3089624247e+02
2.3091141677e+02
2.3092543658e+02
2.3093814550e+02
2.3094690260e+02
2.3095704830e+02
2.3096551074e+02
2.3096958052e+02
2.3097428251e+02
2.3097627906e+02
2.3097586560e+02
2.3097570875e+02
2.3097193510e+02
2.3096757509e+02
2.3096226757e+02
2.3095212242e+02
2.3094293623e+02
2.3093104108e+02
2.3091905944e+02
2.3090221631e+02
2.3088572399e+02
2.3086626284e+02
2.3084451563e+02
2.3082174017e+02
2.3079467543e+02
2.3076959227e+02
2.3073829175e+02
2.3070620875e+02
2.3067360517e+02
2.3063560681e+02
2.3059835883e+02
2.3055551385e+02
2.3050951446e+02
2.3046544878e+02
2.3041526358e+02
2.3036307274e+02
2.3030756012e+02
2.3024980376e+02
2.3018909461e+02
2.3012110458e+02
2.3005521438e+02
2.2998383729e+02
2.2990691407e+02
2.2982770829e+02
2.2974704842e+02
2.2965857403e+02
2.2956678915e+02
2.2947062014e+02
2.2937512999e+02
2.2927059707e+02
2.2915706812e+02
2.2904988829e+02
2.2892677499e+02
2.2881548975e+02
2.2868016249e+02
2.2855797226e+02
2.2841449379e+02
2.2827874348e+02
2.2813037502e+02
2.2798656391e+02
2.2782792704e+02
2.2768321198e+02
2.2751366065e+02
2.2736456732e+02
2.2721760838e+02
2.2700122569e+02
2.2692359627e+02
2.2672085380e+02
2.2666921799e+02
2.2803706513e+02
