2.8218982057e+02
2.8283761382e+02
2.8153722420e+02
2.8348558197e+02
2.8087671798e+02
2.8413582665e+02
2.8021608927e+02
2.8478604009e+02
2.7958102999e+02
2.8543530317e+02
2.7894883011e+02
2.8608424950e+02
2.7830814945e+02
2.8673340172e+02
2.7765226599e+02
2.8739044332e+02
2.7699621583e+02
2.8804745929e+02
2.7635892522e+02
2.8870258487e+02
2.7572468686e+02
2.8935655358e+02
2.7508965769e+02
2.9001059988e+02
2.7445220187e+02
2.9066657232e+02
2.7381459549e+02
2.9132260363e+02
2.7318110345e+02
2.9197765999e+02
2.7254851148e+02
2.9263219661e+02
2.7191401475e+02
2.9328683575e+02
2.7127346059e+02
2.9394483056e+02
2.7063272544e+02
2.9460307502e+02
2.7000139227e+02
2.9526072434e+02
2.6937268940e+02
2.9591847595e+02
2.6874479044e+02
2.9657637876e+02
2.6811805749e+02
2.9723370122e+02
2.6749112245e+02
2.9789100565e+02
2.6686355361e+02
2.9854808869e+02
2.6623569906e+02
2.9920560385e+02
2.6561115640e+02
2.9986327011e+02
2.6499726559e+02
3.0051865083e+02
2.6438314778e+02
3.0117372891e+02
2.6376082967e+02
3.0182922345e+02
2.6313489907e+02
3.0248648094e+02
2.6251110657e+02
3.0314393613e+02
2.6189476597e+02
3.0380486162e+02
3.0446658778e+02
2.6127813254e+02
3.0512546966e+02
2.6066646015e+02
3.0577920685e+02
2.6005733238e+02
3.0643314963e+02
2.5944962628e+02
3.0709087975e+02
2.5884937349e+02
3.0774979052e+02
2.5824882860e+02
3.0840765613e+02
2.5764564238e+02
3.0906342788e+02
2.5704080009e+02
3.0971944319e+02
2.5643586329e+02
3.1037505854e+02
2.5582590479e+02
3.1103062654e+02
2.5521561148e+02
3.1168442834e+02
2.5462050012e+02
3.1233259555e+02
2.5403653504e+02
3.1298101225e+02
2.5345235205e+02
3.1363783898e+02
2.5286514375e+02
3.1429842790e+02
2.5227759593e+02
3.1495612466e+02
2.5168838883e+02
3.1560107071e+02
2.5109777345e+02
3.1624630352e+02
2.5050763464e+02
3.1689774655e+02
2.4993976719e+02
3.1755251724e+02
2.4937154472e+02
3.1820598065e+02
2.4879318443e+02
3.1885237095e+02
2.4820458032e+02
3.1949907688e+02
2.4761574606e+02
3.2014531633e+02
2.4705060560e+02
3.2079131776e+02
2.4648513629e+02
3.2143736800e+02
2.4591833409e+02
3.2208494047e+02
2.4535007884e+02
3.2273283549e+02
2.4478151455e+02
3.2337692948e+02
2.4422033939e+02
3.2401826043e+02
2.4365886122e+02
3.2465969649e+02
2.4310086247e+02
3.2530391245e+02
2.4254802974e+02
3.2594848012e+02
2.4199485589e+02
3.2658936136e+02
3.2722703496e+02
2.4144207135e+02
3.2786466832e+02
2.4088848985e+02
3.2850115254e+02
2.4033948700e+02
3.2913800868e+02
2.3979852878e+02
3.2977155655e+02
2.3925719475e+02
3.3040162906e+02
2.3871643118e+02
3.3103194998e+02
2.3817499143e+02
3.3167984791e+02
2.3763765942e+02
3.3232927195e+02
2.3710907927e+02
3.3296754533e+02
2.3658011268e+02
3.3359227895e+02
2.3605285401e+02
3.3421735823e+02
2.3552522580e+02
3.3484105398e+02
2.3499900914e+02
3.3546519453e+02
2.3447692566e+02
3.3609124043e+02
2.3395442285e+02
3.3671977820e+02
2.3343931642e+02
3.3734865508e+02
2.3292560196e+02
3.3797043473e+02
2.3241279295e+02
3.3859203473e+02
2.3190374059e+02
3.3921284024e+02
2.3139426812e+02
3.3983197442e+02
2.3088805804e+02
3.4045144447e+02
3.4106964982e+02
2.3038212786e+02
3.4168839323e+02
2.2987827996e+02
3.4230587595e+02
2.2938369917e+02
3.4292033059e+02
2.2888865985e+02
3.4353511877e+02
2.2839769631e+02
3.4415047595e+02
2.2790777631e+02
3.4476677698e+02
2.2741813760e+02
3.4538121630e+02
2.2693202481e+02
3.4599049349e+02
2.2644543917e+02
3.4660016475e+02
2.2596584328e+02
3.4720299829e+02
2.2548925377e+02
3.4780438598e+02
2.2501328634e+02
3.4840771027e+02
2.2454464106e+02
3.4901585111e+02
2.2407550327e+02
3.4962438970e+02
2.2360747838e+02
3.5022500726e+02
2.2313940243e+02
3.5082333505e+02
2.2267249255e+02
3.5142033649e+02
3.5201110721e+02
2.2222261924e+02
3.5260227047e+02
2.2177226993e+02
3.5320202326e+02
2.2131328361e+02
3.5380640702e+02
2.2084673638e+02
3.5440731918e+02
2.2038106413e+02
3.5498952885e+02
2.1994302992e+02
3.5557215832e+02
2.1950444840e+02
3.5615843039e+02
2.1906688550e+02
3.5674731500e+02
2.1862974317e+02
3.5733617621e+02
2.1819206201e+02
3.5792202449e+02
2.1776085209e+02
3.5850829249e+02
2.1732911204e+02
3.5909243440e+02
2.1689942379e+02
3.5967587384e+02
2.1647118764e+02
3.6025866134e+02
3.6083039258e+02
2.1604232230e+02
3.6140258085e+02
2.1562554067e+02
3.6197847847e+02
2.1520859628e+02
3.6255769119e+02
2.1479463767e+02
3.6313643219e+02
2.1438390779e+02
3.6369699385e+02
2.1397254648e+02
3.6425798763e+02
2.1356701662e+02
3.6482499862e+02
2.1316141794e+02
3.6539793240e+02
2.1275879215e+02
3.6597125451e+02
2.1235999317e+02
3.6653301484e+02
2.1196055033e+02
3.6709524450e+02
2.1156860471e+02
3.6765508821e+02
2.1117710382e+02
3.6821279771e+02
3.6877102626e+02
2.1078892781e+02
3.6932832146e+02
2.1040612653e+02
3.6988605024e+02
2.1002267726e+02
3.7043934509e+02
2.0964197721e+02
3.7098748142e+02
2.0926130860e+02
3.7153614332e+02
2.0888443698e+02
3.7208528811e+02
2.0851507763e+02
3.7263491290e+02
2.0814506514e+02
3.7318170230e+02
2.0777457570e+02
3.7372463807e+02
2.0740352333e+02
3.7426810790e+02
2.0704095328e+02
3.7480836606e+02
2.0669982915e+02
3.7534864954e+02
3.7588688452e+02
2.0635806788e+02
3.7642172833e+02
2.0600034819e+02
3.7695711190e+02
2.0563746431e+02
3.7748953628e+02
2.0527940136e+02
3.7802183778e+02
2.0493504376e+02
3.7855219920e+02
2.0459002295e+02
3.7907857145e+02
2.0424947354e+02
3.7960548951e+02
2.0391023531e+02
3.8012915437e+02
2.0357182250e+02
3.8065242542e+02
2.0323717701e+02
3.8117404913e+02
3.8169140275e+02
2.0290185372e+02
3.8220930617e+02
2.0257567733e+02
3.8272467901e+02
2.0225334172e+02
3.8323963073e+02
2.0193281475e+02
3.8375312778e+02
2.0162332785e+02
3.8426184872e+02
2.0131318172e+02
3.8477112449e+02
2.0099745477e+02
3.8527698562e+02
2.0067843382e+02
3.8578187600e+02
2.0036121788e+02
3.8628608933e+02
2.0005782934e+02
3.8678709211e+02
3.8728865716e+02
1.9975376485e+02
3.8778392797e+02
1.9945499155e+02
3.8827659740e+02
1.9915948127e+02
3.8876917325e+02
1.9886351018e+02
3.8926018932e+02
1.9856509163e+02
3.8975177063e+02
1.9826598155e+02
3.9023786572e+02
1.9797552811e+02
3.9072118180e+02
1.9769159897e+02
3.9120477130e+02
1.9740757596e+02
3.9168859166e+02
1.9713142891e+02
3.9217298873e+02
3.9264838215e+02
1.9685459378e+02
3.9311809502e+02
1.9658000097e+02
3.9358769512e+02
1.9630740692e+02
3.9405210233e+02
1.9603435812e+02
3.9451707899e+02
1.9576929958e+02
3.9498211160e+02
1.9550352566e+02
3.9544728125e+02
1.9524186161e+02
3.9591221326e+02
1.9498464918e+02
3.9636599799e+02
3.9682036180e+02
1.9472680072e+02
3.9727397654e+02
1.9447354734e+02
3.9772694355e+02
1.9421958731e+02
3.9818024155e+02
1.9396767124e+02
3.9862192853e+02
1.9371851464e+02
3.9906420513e+02
1.9346870036e+02
3.9950375104e+02
1.9323935585e+02
3.9994034352e+02
1.9301093416e+02
4.0037750400e+02
1.9277782937e+02
4.0080476412e+02
4.0123233951e+02
1.9253819487e+02
4.0165662655e+02
1.9229793585e+02
4.0207663987e+02
1.9207747862e+02
4.0249723046e+02
1.9185870671e+02
4.0290999043e+02
1.9163731683e+02
4.0332277125e+02
1.9141191109e+02
4.0373196104e+02
1.9118584682e+02
4.0413555592e+02
1.9098204306e+02
4.0453974143e+02
4.0493639791e+02
1.9078154164e+02
4.0533270245e+02
1.9057847765e+02
4.0572425521e+02
1.9037087592e+02
4.0610702430e+02
1.9016260790e+02
4.0649040097e+02
1.8996601130e+02
4.0686181120e+02
1.8977134059e+02
4.0723155178e+02
1.8958022859e+02
4.0759947389e+02
4.0796289875e+02
1.8939932140e+02
4.0832692026e+02
1.8921768531e+02
4.0867915489e+02
1.8904243117e+02
4.0902911446e+02
1.8886840763e+02
4.0937599649e+02
1.8869775877e+02
4.0971409869e+02
1.8853933305e+02
4.1005281388e+02
1.8838015582e+02
4.1037900749e+02
1.8822254377e+02
4.1070189316e+02
4.1102138372e+02
1.8806469908e+02
4.1132888805e+02
1.8791187090e+02
4.1163702446e+02
1.8778128793e+02
4.1192977181e+02
1.8764988030e+02
4.1221714085e+02
1.8753156921e+02
4.1250244513e+02
1.8741876263e+02
4.1277764716e+02
1.8730823691e+02
4.1305350380e+02
4.1330215894e+02
1.8721313148e+02
4.1353860367e+02
1.8711716977e+02
4.1377281617e+02
1.8703765007e+02
4.1399258687e+02
1.8696656094e+02
4.1421298809e+02
1.8689892893e+02
4.1441750124e+02
1.8686212729e+02
4.1461386363e+02
1.8682437889e+02
4.1480559519e+02
4.1495934518e+02
1.8682797079e+02
4.1511382126e+02
1.8685856416e+02
4.1524240327e+02
1.8689195028e+02
4.1535446341e+02
1.8696719708e+02
4.1545969196e+02
1.8704154444e+02
4.1547900709e+02
1.8717401462e+02
4.1549916693e+02
4.1545514774e+02
1.8735069953e+02
4.1536110969e+02
1.8753007024e+02
4.1526816408e+02
1.8779758516e+02
4.1518180510e+02
1.8806363703e+02
4.1509659758e+02
1.8922418188e+02
4.1383794707e+02
1.9122760740e+02
4.1148305515e+02
1.9323218822e+02
4.0912727072e+02
