3.0121136308e+02
3.0210452443e+02
3.0030818916e+02
3.0299742052e+02
2.9938858836e+02
3.0387013954e+02
2.9846853306e+02
3.0474276744e+02
2.9762549329e+02
3.0562531068e+02
3.0651921886e+02
2.9678734155e+02
3.0741324003e+02
2.9593548403e+02
3.0830179189e+02
2.9506361905e+02
3.0919016766e+02
2.9419152717e+02
3.1008258472e+02
2.9331621850e+02
3.1098169011e+02
2.9244051418e+02
3.1188098471e+02
2.9156798542e+02
3.1277395994e+02
2.9069794794e+02
3.1366652709e+02
2.8982755644e+02
3.1455934318e+02
2.8897236575e+02
3.1545445583e+02
2.8811957082e+02
3.1634981047e+02
2.8726738969e+02
3.1724666087e+02
2.8641437871e+02
3.1814369221e+02
2.8556099918e+02
3.1904778512e+02
2.8470731529e+02
3.1996598893e+02
2.8385344502e+02
3.2088450278e+02
2.8300093102e+02
3.2177294155e+02
2.8214791802e+02
3.2265657188e+02
2.8129437200e+02
3.2353826013e+02
2.8046667788e+02
3.2441692540e+02
2.7964624652e+02
3.2529587276e+02
2.7882294608e+02
3.2621376587e+02
2.7798872859e+02
3.2714030322e+02
2.7715402735e+02
3.2805843482e+02
2.7632535469e+02
3.2896150889e+02
2.7549868432e+02
3.2986503531e+02
2.7466992800e+02
3.3075975812e+02
2.7382965723e+02
3.3165213418e+02
2.7298878172e+02
3.3255096598e+02
2.7218401853e+02
3.3347228583e+02
2.7139475652e+02
3.3439422355e+02
2.7060451253e+02
3.3527527555e+02
2.6980864599e+02
3.3614192546e+02
2.6901219865e+02
3.3701740651e+02
2.6820928379e+02
3.3792645787e+02
2.6740293445e+02
3.3883602561e+02
2.6659798257e+02
3.3972986837e+02
2.6579450820e+02
3.4061704343e+02
2.6499034666e+02
3.4150444548e+02
2.6420800576e+02
3.4239546324e+02
2.6343911028e+02
3.4328706348e+02
2.6266907009e+02
3.4417829144e+02
2.6188711372e+02
3.4506944109e+02
2.6110443597e+02
3.4596023980e+02
2.6033789391e+02
3.4685264279e+02
2.5958316859e+02
3.4774567982e+02
2.5882876459e+02
3.4863299544e+02
2.5807923835e+02
3.4951687652e+02
2.5732896945e+02
3.5039948115e+02
2.5657518253e+02
3.5127097930e+02
2.5581845644e+02
3.5214312739e+02
2.5506279462e+02
3.5302750306e+02
2.5434040130e+02
3.5392096308e+02
2.5361722806e+02
3.5481217774e+02
2.5288378758e+02
3.5566567664e+02
2.5214014322e+02
3.5651985631e+02
2.5139606234e+02
3.5739536280e+02
2.5067530805e+02
3.5828937453e+02
2.4995314708e+02
3.5918262120e+02
2.4923512510e+02
3.6002884627e+02
2.4852232153e+02
3.6087581039e+02
2.4780883018e+02
3.6173924431e+02
2.4710422108e+02
3.6261934586e+02
2.4639874058e+02
3.6350002118e+02
2.4570151551e+02
3.6437138802e+02
2.4501646661e+02
3.6524422507e+02
2.4433071816e+02
3.6610005018e+02
2.4363279873e+02
3.6693517314e+02
2.4293172961e+02
3.6777097687e+02
2.4224648977e+02
3.6864214786e+02
2.4158851995e+02
3.6951748725e+02
2.4092976547e+02
3.7037222398e+02
2.4027776020e+02
3.7119729459e+02
2.3962559608e+02
3.7202308855e+02
2.3897055437e+02
3.7286671061e+02
2.3831090970e+02
3.7371371754e+02
2.3765067071e+02
3.7455742467e+02
2.3700072421e+02
3.7539492425e+02
2.3635100592e+02
3.7623314832e+02
2.3570521035e+02
3.7706261037e+02
2.3507029046e+02
3.7789206268e+02
2.3443453802e+02
3.7872124765e+02
2.3382277976e+02
3.7954885326e+02
3.8037718144e+02
2.3321688279e+02
3.8120289829e+02
2.3260437401e+02
3.8202970189e+02
2.3197428123e+02
3.8285283966e+02
2.3134341653e+02
3.8366567009e+02
2.3075322530e+02
3.8447929240e+02
2.3017644769e+02
3.8528577426e+02
2.2959096065e+02
3.8609138461e+02
2.2897586413e+02
3.8689823801e+02
2.2836003996e+02
3.8770688365e+02
2.2777655372e+02
3.8851633568e+02
2.2720535775e+02
3.8932243254e+02
2.2663133182e+02
3.9012876724e+02
2.2604774222e+02
3.9093172148e+02
2.2546328421e+02
3.9171935857e+02
2.2490475961e+02
3.9250785519e+02
2.2435877929e+02
3.9329570077e+02
2.2381034909e+02
3.9408445970e+02
2.2325158506e+02
3.9487269931e+02
2.2269193408e+02
3.9565457098e+02
2.2214626321e+02
3.9643731611e+02
2.2160815780e+02
3.9721506393e+02
2.2107006446e+02
3.9799138444e+02
2.2054167031e+02
3.9876774747e+02
2.2001235696e+02
3.9953859601e+02
2.1949110784e+02
4.0031034037e+02
2.1897463700e+02
4.0107311799e+02
2.1845823606e+02
4.0183133257e+02
2.1796263127e+02
4.0259109903e+02
2.1746618711e+02
4.0335704396e+02
2.1695754152e+02
4.0412390557e+02
2.1643621862e+02
4.0486783450e+02
2.1591436013e+02
4.0559522734e+02
2.1544711050e+02
4.0632559179e+02
2.1497893982e+02
4.0709410321e+02
2.1450144574e+02
4.0786349948e+02
2.1401329555e+02
4.0860726989e+02
4.0932942948e+02
2.1352408681e+02
4.1005285091e+02
2.1305801163e+02
4.1080002273e+02
2.1259173255e+02
4.1154815224e+02
2.1214343507e+02
4.1227934929e+02
2.1171726639e+02
4.1299363841e+02
2.1129012430e+02
4.1370898949e+02
2.1082237123e+02
4.1443414973e+02
2.1035083501e+02
4.1516054986e+02
2.0989528698e+02
4.1587739530e+02
2.0946052403e+02
4.1658322058e+02
2.0902468785e+02
4.1729012508e+02
2.0859372653e+02
4.1799964101e+02
2.0816256699e+02
4.1871025791e+02
2.0773968749e+02
4.1941033597e+02
2.0733084098e+02
4.2009532469e+02
2.0692097226e+02
4.2078136036e+02
2.0651316857e+02
4.2148332141e+02
2.0610498374e+02
4.2218813538e+02
2.0569886106e+02
4.2288322490e+02
2.0529685217e+02
4.2356205050e+02
2.0489381330e+02
4.2424198232e+02
2.0450871777e+02
4.2492041773e+02
2.0412718383e+02
4.2559938999e+02
2.0374637047e+02
4.2627347510e+02
2.0336764273e+02
4.2693742045e+02
2.0298788625e+02
4.2760244450e+02
2.0262561608e+02
4.2827059683e+02
4.2894026348e+02
2.0226806537e+02
4.2960345213e+02
2.0190680616e+02
4.3025003436e+02
2.0153386560e+02
4.3089771654e+02
2.0115989805e+02
4.3154727701e+02
2.0081376669e+02
4.3219808953e+02
2.0047755610e+02
4.3284660657e+02
2.0013800176e+02
4.3348760184e+02
1.9978605276e+02
4.3412971353e+02
1.9943308819e+02
4.3476163810e+02
1.9910421205e+02
4.3539036473e+02
1.9878587995e+02
4.3601844143e+02
1.9846483935e+02
4.3664255340e+02
1.9813147620e+02
4.3726778294e+02
1.9779711594e+02
4.3788404603e+02
1.9748287382e+02
4.3849676092e+02
1.9717927266e+02
4.3910956963e+02
1.9687487394e+02
4.3972046706e+02
1.9656822687e+02
4.4033248904e+02
1.9626061470e+02
4.4093023152e+02
1.9596118518e+02
4.4152061058e+02
1.9566680739e+02
4.4211258623e+02
1.9537269367e+02
4.4271290245e+02
1.9508684295e+02
4.4331439976e+02
4.4389444053e+02
1.9480003395e+02
4.4446084445e+02
1.9451875710e+02
4.4502888389e+02
1.9424157806e+02
4.4560870603e+02
1.9396417082e+02
4.4618969917e+02
1.9369336201e+02
4.4675282910e+02
1.9342160195e+02
4.4730242913e+02
1.9315694094e+02
4.4785300842e+02
1.9289867168e+02
4.4841002673e+02
1.9263971654e+02
4.4896820631e+02
1.9238512608e+02
4.4951388857e+02
1.9212953029e+02
4.5004832276e+02
1.9188122366e+02
4.5058361564e+02
1.9164077144e+02
4.5110756053e+02
1.9139945299e+02
4.5163265183e+02
1.9116206747e+02
4.5215130357e+02
1.9092377451e+02
4.5266297827e+02
1.9069062464e+02
4.5317569485e+02
1.9046416702e+02
4.5368442710e+02
1.9023683831e+02
4.5419433757e+02
1.9002145956e+02
4.5469587389e+02
1.8980608824e+02
4.5518663316e+02
4.5567846575e+02
1.8959069677e+02
4.5615897662e+02
1.8937574294e+02
4.5663977845e+02
1.8915992709e+02
4.5711406211e+02
1.8896896277e+02
4.5757816484e+02
1.8878037241e+02
4.5804334686e+02
1.8858605708e+02
4.5849329786e+02
1.8838243170e+02
4.5894240606e+02
1.8817796706e+02
4.5938686327e+02
1.8799642736e+02
4.5982229743e+02
1.8781797820e+02
4.6025880162e+02
1.8764156235e+02
4.6068036117e+02
1.8747049724e+02
4.6110030637e+02
1.8729858332e+02
4.6151390102e+02
1.8713403034e+02
4.6191292872e+02
1.8697028039e+02
4.6231303493e+02
1.8681060024e+02
4.6270168732e+02
1.8666268802e+02
4.6308860593e+02
1.8651389640e+02
4.6346732279e+02
4.6382347550e+02
1.8637414313e+02
4.6418071278e+02
1.8623638757e+02
4.6453149822e+02
1.8610156479e+02
4.6488138521e+02
1.8597787806e+02
4.6522164309e+02
1.8585328897e+02
4.6552931404e+02
1.8574263869e+02
4.6583807371e+02
1.8563660938e+02
4.6613799806e+02
1.8553307535e+02
4.6643550532e+02
1.8544217955e+02
4.6672543944e+02
1.8535036788e+02
4.6698204841e+02
1.8527474383e+02
4.6723975603e+02
1.8520590838e+02
4.6747849680e+02
1.8514075849e+02
4.6770917807e+02
1.8509878844e+02
4.6793398303e+02
1.8505586984e+02
4.6812354012e+02
1.8503338913e+02
4.6831421013e+02
1.8502168566e+02
4.6847638846e+02
4.6862331804e+02
1.8501413716e+02
4.6876453175e+02
1.8504289710e+02
4.6885714669e+02
1.8507066939e+02
4.6895089411e+02
1.8513169730e+02
4.6900268264e+02
1.8521425073e+02
4.6902722353e+02
1.8530211382e+02
4.6904494154e+02
1.8546100687e+02
4.6897292082e+02
1.8561887652e+02
4.6890205627e+02
1.8586044318e+02
4.6874052127e+02
1.8616792281e+02
4.6850784418e+02
1.8647606176e+02
4.6827372652e+02
1.8682109829e+02
4.6798044122e+02
1.8716484546e+02
4.6768858186e+02
1.8831923331e+02
4.6644126840e+02
1.9024312762e+02
4.6429347217e+02
4.6214428327e+02
1.9216892720e+02
