7.9999572382e+02
7.9999638971e+02
7.9999556289e+02
7.9999636325e+02
7.9999540196e+02
7.9999629535e+02
7.9999524103e+02
7.9999622746e+02
7.9999516766e+02
7.9999617521e+02
7.9999513201e+02
7.9999613424e+02
7.9999509636e+02
7.9999609327e+02
7.9999509863e+02
7.9999605653e+02
7.9999602153e+02
7.9999511878e+02
7.9999513893e+02
7.9999598654e+02
7.9999521934e+02
7.9999595154e+02
7.9999592827e+02
7.9999540727e+02
7.9999591052e+02
7.9999555208e+02
7.9999563387e+02
7.9999589277e+02
7.9999555168e+02
7.9999589394e+02
7.9999545279e+02
7.9999580494e+02
7.9999532854e+02
7.9999575356e+02
7.9999536576e+02
7.9999570218e+02
7.9999544972e+02
7.9999561394e+02
7.9999549705e+02
7.9999541032e+02
7.9999556311e+02
7.9999520670e+02
7.9999566527e+02
7.9999518344e+02
7.9999566559e+02
7.9999512403e+02
7.9999555081e+02
7.9999544763e+02
7.9999555480e+02
7.9999577124e+02
7.9999597259e+02
7.9999544295e+02
7.9999516284e+02
7.9999593544e+02
7.9999514424e+02
7.9999589830e+02
7.9999537961e+02
7.9999607180e+02
7.9999596058e+02
7.9999545607e+02
7.9999585707e+02
7.9999540016e+02
7.9999552384e+02
7.9999575356e+02
7.9999547472e+02
7.9999585908e+02
7.9999535016e+02
7.9999618806e+02
7.9999523349e+02
7.9999651704e+02
7.9999512099e+02
7.9999655994e+02
7.9999497605e+02
7.9999617660e+02
7.9999484748e+02
7.9999560447e+02
7.9999486987e+02
7.9999503233e+02
7.9999500942e+02
7.9999493840e+02
7.9999515416e+02
7.9999513865e+02
7.9999509562e+02
7.9999534845e+02
7.9999498546e+02
7.9999554035e+02
7.9999488981e+02
7.9999533376e+02
7.9999485247e+02
7.9999518714e+02
7.9999487935e+02
7.9999504052e+02
7.9999485696e+02
7.9999508804e+02
7.9999483932e+02
7.9999519859e+02
7.9999501760e+02
7.9999529803e+02
7.9999531850e+02
7.9999519588e+02
