2.8380572444e+02
2.8380111547e+02
2.8379650650e+02
2.8379070574e+02
2.8378410933e+02
2.8377972740e+02
2.8377229868e+02
2.8376596314e+02
2.8375801354e+02
2.8374898506e+02
2.8374155127e+02
2.8373063678e+02
2.8372037377e+02
2.8370957866e+02
2.8369669970e+02
2.8368487326e+02
2.8366947404e+02
2.8365430111e+02
2.8363851435e+02
2.8361987941e+02
2.8360089682e+02
2.8358128694e+02
2.8355664326e+02
2.8353198706e+02
2.8350920214e+02
2.8348704651e+02
2.8346061411e+02
2.8343107847e+02
2.8340047198e+02
2.8336641811e+02
2.8333235630e+02
2.8329313660e+02
2.8325315452e+02
2.8321328545e+02
2.8317292943e+02
2.8313336912e+02
2.8309444370e+02
2.8305142438e+02
2.8300648402e+02
2.8295792977e+02
2.8290584910e+02
2.8285154218e+02
2.8279161816e+02
2.8273357451e+02
2.8267407404e+02
2.8261348227e+02
2.8256561075e+02
2.8251256682e+02
2.8244567491e+02
2.8238080626e+02
2.8231609916e+02
2.8224978061e+02
2.8218406704e+02
2.8211767353e+02
2.8205151594e+02
2.8198455516e+02
2.8191651864e+02
2.8184892047e+02
2.8178161616e+02
2.8171423977e+02
2.8164615556e+02
2.8157920720e+02
2.8151196980e+02
2.8144518050e+02
2.8138118288e+02
2.8131538663e+02
2.8125316454e+02
2.8119059833e+02
2.8113086602e+02
2.8107119700e+02
2.8101478844e+02
2.8095954542e+02
2.8090587697e+02
2.8085699195e+02
2.8080825912e+02
2.8076042285e+02
2.8071698823e+02
2.8067565989e+02
2.8063920487e+02
2.8060453823e+02
2.8057426821e+02
2.8054638972e+02
2.8051971159e+02
2.8050021459e+02
2.8048189526e+02
2.8046822721e+02
2.8045891106e+02
2.8045124852e+02
2.8045016647e+02
2.8044952967e+02
2.8045249235e+02
2.8045809902e+02
2.8046627764e+02
2.8048012097e+02
2.8049250355e+02
2.8051083030e+02
2.8053250211e+02
2.8054694376e+02
2.8057560656e+02
2.8059200576e+02
