7.0295313041e-04 -2.1727618933e-06
7.1884787437e-04 5.5999947871e-06
4.6546666287e-04 -4.3719566688e-06
5.1686714245e-04 8.7268687815e-06
7.0742657883e-05 1.4307345436e-06
9.3508547116e-05 3.8602866141e-06
5.0258910033e-04 2.5864658822e-06
4.5243477695e-04 1.2450413422e-06
7.1155979482e-04 -1.8355486300e-06
6.9808029409e-04 5.6136766478e-06
7.0417884725e-04 -1.3017928797e-05
7.2466820007e-04 1.3760969069e-05
4.7894023477e-04 -1.5016671053e-05
5.3434513607e-04 1.5186113807e-05
5.1311412403e-05 9.2193704045e-08
1.1477974976e-04 6.6027856984e-06
4.8717091792e-04 -3.7161962722e-07
4.3551690742e-04 7.5777754651e-06
7.0386307616e-04 -7.6368283302e-06
6.9244542223e-04 1.4025498144e-05
7.0335378264e-04 -1.6973245936e-05
7.3007032524e-04 2.3345470230e-05
4.8594723620e-04 -1.5571328228e-05
5.4819236921e-04 2.5316873896e-05
5.1113834938e-05 -1.3834987107e-06
1.3675264663e-04 1.0607233752e-05
4.7358882082e-04 -7.7691998305e-06
4.2054024828e-04 1.2597367926e-05
6.9633883209e-04 -1.5697116082e-05
6.8579209068e-04 2.1058053339e-05
7.0470194379e-04 -2.1700857957e-05
7.2989131802e-04 2.8563973680e-05
4.9934021586e-04 -1.8264837854e-05
5.5538370388e-04 2.7179097173e-05
7.2742192342e-05 -3.4200536881e-06
1.5669356012e-04 1.1948761996e-05
4.5769765379e-04 -1.0664308372e-05
4.0716349139e-04 1.1895587417e-05
6.8983388127e-04 -2.1367882563e-05
6.8176727048e-04 2.2868040368e-05
7.0491776096e-04 -3.4726225679e-05
7.3282236247e-04 3.5109398123e-05
5.1043314214e-04 -3.4528392265e-05
5.6401405818e-04 3.3204598856e-05
1.0568111200e-04 -8.7319794933e-06
1.7362243218e-04 1.4853767518e-05
4.3356767608e-04 -1.7971718972e-05
3.9320573942e-04 1.2412807909e-05
6.7446226274e-04 -3.0429988145e-05
6.7840083097e-04 2.6226091550e-05
7.1182249496e-04 -3.7991270944e-05
7.3644325693e-04 4.3270532832e-05
5.2049516063e-04 -3.1949705497e-05
5.7805602017e-04 4.1226944802e-05
1.1317075320e-04 -9.5856568961e-06
1.9404361385e-04 1.9678153700e-05
4.1983563794e-04 -2.2998154121e-05
3.7332037086e-04 2.1936061272e-05
6.6754810150e-04 -3.7222919775e-05
6.6826914265e-04 3.8872641807e-05
7.0224985364e-04 -4.3289062369e-05
7.3870906234e-04 5.3158596054e-05
5.2309654577e-04 -3.6365022984e-05
5.9176265768e-04 5.3410494910e-05
1.3424561164e-04 -1.2261476962e-05
2.1424538678e-04 2.6636548429e-05
4.0777120379e-04 -2.3530776472e-05
3.5352270721e-04 2.8823586743e-05
6.5967899345e-04 -4.0490832591e-05
6.5721923746e-04 4.9121349376e-05
6.9886571661e-04 -5.0854475116e-05
7.3671454463e-04 6.0169376990e-05
5.3135823193e-04 -4.4638647103e-05
5.9560142113e-04 5.6275908176e-05
1.5429004430e-04 -1.6750419617e-05
2.3090343935e-04 2.9160215466e-05
3.8835340877e-04 -2.7166925660e-05
3.3743917034e-04 2.9993199082e-05
6.4575634795e-04 -4.6462572990e-05
6.9477297635e-04 -5.7721408984e-05
6.4953169809e-04 5.2881329985e-05
5.3851202341e-04 -5.1275619063e-05
7.3576920792e-04 6.7336644081e-05
1.7275437152e-04 -2.1020674245e-05
6.0656858844e-04 6.3745225095e-05
3.6983960285e-04 -3.0907600323e-05
2.5059038069e-04 3.4078196350e-05
6.3282892144e-04 -5.2497015892e-05
3.1770173228e-04 3.3772487940e-05
6.8915400619e-04 -6.3447168675e-05
6.3786128836e-04 6.0354554780e-05
5.4238697018e-04 -5.5738938021e-05
7.3394871898e-04 7.4384442029e-05
1.8913753809e-04 -2.4207654576e-05
6.1183066239e-04 6.9285320378e-05
3.5311327803e-04 -3.2979895886e-05
2.6511075885e-04 3.7834920938e-05
6.2208861023e-04 -5.7164404737e-05
2.9865300728e-04 3.5034088774e-05
6.8364803168e-04 -6.9484283758e-05
6.2898532073e-04 6.5058147480e-05
5.4577095245e-04 -6.1743177797e-05
7.3155414384e-04 8.1617984290e-05
2.0506228801e-04 -2.8509771976e-05
6.1549220704e-04 7.6329378490e-05
3.3435229230e-04 -3.5896525657e-05
2.8026421296e-04 4.3007146308e-05
6.0825778657e-04 -6.2707052646e-05
2.7953039456e-04 3.6569519772e-05
6.7680196670e-04 -7.5488789731e-05
6.1755103515e-04 6.9915991336e-05
5.4964790870e-04 -6.8189457371e-05
7.2829640955e-04 8.9195138526e-05
2.1996409492e-04 -3.2835587092e-05
6.2366930799e-04 8.4511834928e-05
3.1579009047e-04 -3.7228894729e-05
2.9690980045e-04 4.9171176312e-05
5.9620879376e-04 -6.6927455405e-05
2.5809863395e-04 3.9733309623e-05
6.7174019311e-04 -8.1143469133e-05
6.0407761934e-04 7.7678731778e-05
5.5499671153e-04 -7.3863890857e-05
7.2201241797e-04 9.6564755935e-05
2.3633273425e-04 -3.7373360224e-05
6.2443709507e-04 9.1455577534e-05
2.9523246872e-04 -3.9184771510e-05
3.1018074498e-04 5.4526276728e-05
5.7980929931e-04 -7.1628799980e-05
2.3785999273e-04 4.0094695971e-05
6.6503083200e-04 -8.6253550171e-05
5.9026210024e-04 8.1588268394e-05
5.5316153721e-04 -7.7056837364e-05
7.1637560416e-04 1.0373482941e-04
2.4743912275e-04 -4.0437458009e-05
6.3260307232e-04 1.0097795391e-04
2.7637431567e-04 -3.9446779687e-05
3.2710028652e-04 6.2223893961e-05
5.6544312686e-04 -7.4403503426e-05
6.5621234781e-04 -9.1804704519e-05
2.1290738552e-04 4.1460776483e-05
5.5966906258e-04 -8.6882991362e-05
5.7168100493e-04 8.7425794369e-05
2.6360127681e-04 -4.8139136467e-05
7.1029708953e-04 1.1118578333e-04
2.5402058534e-04 -4.1709842360e-05
6.3552933072e-04 1.1101912469e-04
5.4634685595e-04 -7.9683423031e-05
3.4088546513e-04 7.0602417281e-05
6.4795405036e-04 -9.6875794505e-05
1.9200134298e-04 4.2031236126e-05
5.5572290827e-04 -8.9645317608e-05
5.5643712239e-04 9.2455813574e-05
2.7299788287e-04 -5.0959171509e-05
7.0121722843e-04 1.1744991235e-04
2.3921361905e-04 -3.9355777690e-05
6.3418994489e-04 1.1347980454e-04
5.3660421873e-04 -7.8640744981e-05
3.5130373002e-04 7.2501094562e-05
6.3721028446e-04 -1.0119501651e-04
1.7056633454e-04 4.0508189326e-05
5.5660416522e-04 -9.6299449248e-05
5.4188980784e-04 9.4218828237e-05
2.8553308634e-04 -5.6752181249e-05
6.9435663725e-04 1.2266357780e-04
2.1811081992e-04 -4.1901533261e-05
6.3454938829e-04 1.2168337030e-04
5.1810445076e-04 -8.5698448717e-05
3.6191340851e-04 7.9979205851e-05
6.2908549571e-04 -1.0627043305e-04
1.4874664641e-04 3.9175680372e-05
5.5517130784e-04 -1.0185882849e-04
5.2696015893e-04 9.6417563004e-05
2.9463569265e-04 -6.2003258038e-05
6.8558743761e-04 1.2835162215e-04
1.9827501081e-04 -4.1277034317e-05
6.3635367514e-04 1.2939307499e-04
5.0244084012e-04 -8.7359752310e-05
3.7457165282e-04 8.7066681971e-05
6.2013649294e-04 -1.1025344045e-04
5.5155453950e-04 -1.0502363453e-04
1.2508908667e-04 3.8880735164e-05
3.0267258565e-04 -6.5184288451e-05
5.0712888619e-04 1.0185690311e-04
1.8100175714e-04 -4.0311593914e-05
6.7523313792e-04 1.3495639620e-04
4.8715905636e-04 -8.8915761278e-05
6.3569891475e-04 1.3465651682e-04
6.0623802222e-04 -1.1330922266e-04
3.8364146686e-04 9.1627962091e-05
5.4975440441e-04 -1.0976295563e-04
1.0087150102e-04 3.6705166586e-05
3.1437516841e-04 -7.0340392509e-05
4.9055485388e-04 1.0432586347e-04
1.6307329945e-04 -4.0080588892e-05
6.6577443240e-04 1.4019380162e-04
4.6898375354e-04 -9.1707123768e-05
6.3239430206e-04 1.4151167093e-04
5.9505983006e-04 -1.1721879981e-04
3.9096398280e-04 9.8427219638e-05
5.4702667781e-04 -1.1434172601e-04
7.8979853257e-05 3.4569944760e-05
3.2135135859e-04 -7.4962704992e-05
4.7346065826e-04 1.0629154565e-04
1.4261230868e-04 -3.8768385675e-05
6.5437229163e-04 1.4502839674e-04
4.5237072838e-04 -9.3424382049e-05
6.2897955386e-04 1.4815665430e-04
5.8437339936e-04 -1.2049965281e-04
3.9859060620e-04 1.0507139484e-04
5.4128899359e-04 -1.1714580238e-04
5.6075506069e-05 3.1780872719e-05
3.2578692358e-04 -7.7969810935e-05
1.2429489068e-04 -3.6948568512e-05
4.5496069505e-04 1.0808436188e-04
4.3728853519e-04 -9.4529582668e-05
6.4220308258e-04 1.4967332593e-04
5.7356212491e-04 -1.2359331926e-04
6.2489622867e-04 1.5350262087e-04
5.3778107391e-04 -1.2294259702e-04
4.0570120306e-04 1.1030267562e-04
3.3291519922e-04 -8.4473844423e-05
3.4679746350e-05 2.8876745724e-05
1.0654470151e-04 -3.5282286947e-05
4.3786960762e-04 1.1144935219e-04
4.2025589791e-04 -9.4416564297e-05
6.2942318610e-04 1.5454142403e-04
5.6067242972e-04 -1.2586216960e-04
6.1566025594e-04 1.5700912713e-04
5.3278240736e-04 -1.2682334891e-04
4.0661816938e-04 1.1386278077e-04
3.3828593870e-04 -8.8784771092e-05
1.2512920291e-05 2.4809821467e-05
8.7560467506e-05 -3.3180006719e-05
4.2068933629e-04 1.0468029907e-04
4.0189301971e-04 -9.5891764207e-05
6.1800044711e-04 1.5366242677e-04
5.4782554333e-04 -1.2897204523e-04
6.1515053283e-04 1.6462185315e-04
5.2772453749e-04 -1.3018215093e-04
3.4339604422e-04 -9.2742946528e-05
4.1713929042e-04 1.2261288174e-04
7.0692353367e-05 -3.1492935864e-05
1.8693806245e-05 2.7861420430e-05
3.8418813784e-04 -9.7167403683e-05
3.9742459995e-04 1.1194949619e-04
5.3291065106e-04 -1.3094446649e-04
6.0117910936e-04 1.6176243560e-04
5.2280298391e-04 -1.3349546209e-04
6.0666036077e-04 1.6966080639e-04
3.5082342307e-04 -9.7721341003e-05
4.1972348056e-04 1.2839814849e-04
5.4601698227e-05 -2.9022809815e-05
3.6516044133e-05 3.3573437868e-05
3.7016587230e-04 -9.4682553351e-05
3.7697537698e-04 1.1079427559e-04
5.2218659150e-04 -1.3158970391e-04
5.8626753470e-04 1.6409064247e-04
5.1426121430e-04 -1.3758898719e-04
5.9982984837e-04 1.7566775500e-04
3.4954543148e-04 -1.0268833563e-04
4.2289569441e-04 1.3578883441e-04
3.6054747634e-05 -2.6346479017e-05
5.3106544361e-05 3.9474699870e-05
3.5228745627e-04 -9.6579097735e-05
3.5685888524e-04 1.1075376544e-04
5.0761674299e-04 -1.3462513824e-04
5.0707285216e-04 -1.4003027810e-04
5.7075903041e-04 1.6697965245e-04
3.5286537482e-04 -1.0586176912e-04
5.9160798716e-04 1.7938455067e-04
4.2839727660e-05 -2.9118382441e-05
4.2526513498e-04 1.3972334175e-04
3.3651917415e-04 -9.6003722815e-05
6.9455781223e-05 4.4835196017e-05
4.9463984441e-04 -1.3563244447e-04
3.3728816090e-04 1.1135252740e-04
4.9745908097e-04 -1.4243269675e-04
5.5454820184e-04 1.7033868543e-04
3.5157342501e-04 -1.0957693841e-04
5.8164436427e-04 1.8358989354e-04
5.7063814732e-05 -3.3411735515e-05
4.2630132572e-04 1.4524475103e-04
3.2016612934e-04 -9.5676866591e-05
8.3902814484e-05 5.0401121370e-05
4.8068853529e-04 -1.3696529199e-04
3.1647940276e-04 1.0994711232e-04
4.9078172329e-04 -1.4465433173e-04
5.3789760375e-04 1.7211703658e-04
3.5554816312e-04 -1.1355373633e-04
7.0277466200e-05 -3.8768670881e-05
5.7156880179e-04 1.8732954924e-04
3.0189507878e-04 -9.4162357660e-05
4.2557411565e-04 1.5003630501e-04
4.6563899026e-04 -1.3745317985e-04
9.7776688454e-05 5.5922627516e-05
4.8206930012e-04 -1.4722843835e-04
2.9667221973e-04 1.0853157890e-04
3.5501636460e-04 -1.1718215123e-04
5.2111481869e-04 1.7366451556e-04
8.2449439393e-05 -4.3735511805e-05
5.6142594879e-04 1.9036507237e-04
2.8559598036e-04 -9.3754739851e-05
4.2653762488e-04 1.5424954782e-04
4.5067119240e-04 -1.3833935588e-04
1.1090655446e-04 6.1369322514e-05
4.7111333223e-04 -1.4832835532e-04
2.7432660775e-04 1.0607504308e-04
3.5314575167e-04 -1.1925999494e-04
5.0238309812e-04 1.7430463506e-04
9.3546776856e-05 -4.7799699974e-05
2.6995591509e-04 -9.2330134840e-05
5.5130364368e-04 1.9415250668e-04
4.3741373438e-04 -1.3890487620e-04
4.2580225484e-04 1.6085120016e-04
4.6253917225e-04 -1.5070024778e-04
1.2197407916e-04 6.7754969167e-05
3.5250526013e-04 -1.2339433251e-04
2.5410445957e-04 1.0370936250e-04
1.0466267373e-04 -5.3225300187e-05
4.8471799639e-04 1.7482846129e-04
2.5035321460e-04 -9.1413201743e-05
5.3736584837e-04 1.9635113031e-04
4.1843056079e-04 -1.3889957561e-04
4.2071886861e-04 1.6430519705e-04
4.5196469480e-04 -1.5150796936e-04
1.3204414344e-04 7.3118434655e-05
3.5359977611e-04 -1.2667496591e-04
2.3365500855e-04 1.0068521510e-04
1.1559292309e-04 -5.7958453325e-05
2.3715748449e-04 -8.5876895985e-05
4.6616195967e-04 1.7453720109e-04
4.0687819090e-04 -1.3508690706e-04
5.2502266817e-04 1.9887761955e-04
4.4138412883e-04 -1.5361674745e-04
4.1756073022e-04 1.6934427629e-04
3.4760814139e-04 -1.3007028635e-04
1.4166302438e-04 7.9100923595e-05
1.2200514428e-04 -6.2524174379e-05
2.1301704253e-04 9.7953113026e-05
2.1864001302e-04 -8.8279129540e-05
4.4685877881e-04 1.7438288697e-04
3.8913272967e-04 -1.3913259629e-04
5.1069482222e-04 1.9956407923e-04
4.2923544763e-04 -1.5400615949e-04
4.1091848060e-04 1.6977691228e-04
3.4382309566e-04 -1.3156169092e-04
1.4983869521e-04 8.2810324629e-05
1.2961677161e-04 -6.6666856860e-05
2.0352543250e-04 -8.5678970908e-05
1.9563973897e-04 9.3865241984e-05
3.7488805438e-04 -1.3772511767e-04
4.3021587895e-04 1.7243336263e-04
4.1795645153e-04 -1.5511334151e-04
4.9574535606e-04 2.0059190618e-04
3.3786651907e-04 -1.3444948144e-04
4.0567114775e-04 1.7417783346e-04
1.3431764882e-04 -7.1153446575e-05
1.5675793906e-04 8.8483234419e-05
1.8809293294e-04 -8.4280760541e-05
1.7445586644e-04 9.0198340162e-05
3.6022663694e-04 -1.3767246005e-04
4.0968421602e-04 1.7147663052e-04
4.0480281071e-04 -1.5534056313e-04
4.7978821376e-04 2.0153447060e-04
3.3187218635e-04 -1.3553116897e-04
3.9842121523e-04 1.7639378774e-04
1.4040526894e-04 -7.4961449036e-05
1.7297531965e-04 -8.2503129041e-05
1.6329302449e-04 9.3229630129e-05
3.4401617651e-04 -1.3685986287e-04
1.5492697061e-04 8.7544465005e-05
3.9167559833e-04 -1.5567833136e-04
3.8912274189e-04 1.7155683906e-04
3.2455780438e-04 -1.3805894528e-04
4.6353298925e-04 2.0277610298e-04
1.4380935987e-04 -7.9228497637e-05
3.9100953753e-04 1.8226054030e-04
1.5708729970e-04 -7.9470872181e-05
1.6838086085e-04 1.0079833326e-04
3.2733865056e-04 -1.3446840858e-04
1.3402125724e-04 8.4073385014e-05
3.7728076946e-04 -1.5542602570e-04
3.6627649756e-04 1.6974139742e-04
3.1992812429e-04 -1.3935378936e-04
1.4824567893e-04 -8.2938253867e-05
4.4438348049e-04 2.0268208003e-04
1.4043011225e-04 -7.8411593929e-05
3.7995668330e-04 1.8259320916e-04
3.1012782853e-04 -1.3485422550e-04
1.7134705669e-04 1.0430841930e-04
3.6365907230e-04 -1.5573547284e-04
1.1580343430e-04 8.0469758929e-05
3.1163049254e-04 -1.4205774628e-04
3.4611468444e-04 1.6794556829e-04
1.4999073029e-04 -8.7642559932e-05
4.2554289678e-04 2.0189077749e-04
1.2428030231e-04 -7.6205500562e-05
3.6740177749e-04 1.8391865574e-04
2.9211732440e-04 -1.3309660068e-04
3.4841542891e-04 -1.5545093226e-04
1.7206084195e-04 1.0874534591e-04
3.0183239822e-04 -1.4293739639e-04
9.6752129905e-05 7.6488191831e-05
1.5033517122e-04 -9.1205121459e-05
3.2419545622e-04 1.6515141166e-04
1.0906650165e-04 -7.4822409168e-05
4.0533971596e-04 2.0053022542e-04
2.7503695720e-04 -1.3204864116e-04
3.5449857267e-04 1.8486131173e-04
3.3225729522e-04 -1.5429420472e-04
1.7211736038e-04 1.1306568673e-04
2.8944273586e-04 -1.4290156314e-04
7.7340972609e-05 7.2719368435e-05
1.4829063873e-04 -9.4011096202e-05
3.0029344076e-04 1.6214355559e-04
9.4257206578e-05 -7.1550106294e-05
2.5786419162e-04 -1.2772529329e-04
3.8310878800e-04 1.9860357729e-04
3.1471916587e-04 -1.5275591700e-04
3.3874617394e-04 1.8483166604e-04
2.8116502889e-04 -1.4508906484e-04
1.6951815232e-04 1.1646881834e-04
1.4968138026e-04 -9.8505826109e-05
5.8111368184e-05 6.8406726184e-05
7.7263000112e-05 -7.0555535096e-05
2.7500845988e-04 1.5783408592e-04
2.3563780603e-04 -1.2787214285e-04
3.5876337383e-04 1.9514883491e-04
2.9649487284e-04 -1.5218824711e-04
3.2279697622e-04 1.8310040664e-04
2.6604967495e-04 -1.4449694356e-04
1.4363275900e-04 -1.0078712194e-04
1.6647425043e-04 1.1887208791e-04
6.1615918702e-05 -6.9610085823e-05
3.8958582121e-05 6.5100803393e-05
2.1692574002e-04 -1.2722467438e-04
2.4902367545e-04 1.5483222378e-04
2.7555152769e-04 -1.5124754902e-04
3.3186710601e-04 1.9240938918e-04
2.5052110082e-04 -1.4535851621e-04
3.0238749863e-04 1.8449124480e-04
1.3818114894e-04 -1.0468883210e-04
1.5899374599e-04 1.2473505128e-04
4.5049323645e-05 -6.8798334267e-05
1.8071325983e-05 6.2429962929e-05
1.9555017270e-04 -1.2529624733e-04
2.5348033107e-04 -1.4943340521e-04
2.1896750940e-04 1.5006730790e-04
2.3298510815e-04 -1.4513982688e-04
3.0019603624e-04 1.8815160222e-04
1.3076791113e-04 -1.0779610559e-04
2.7629595263e-04 1.8227182533e-04
2.8345028359e-05 -6.8413801059e-05
1.4656912957e-04 1.2716652362e-04
1.6996997011e-04 -1.2324589298e-04
-2.6016725551e-06 6.0582576440e-05
2.2755237332e-04 -1.4761019628e-04
1.8662317471e-04 1.4623902447e-04
2.1131423932e-04 -1.4464950495e-04
1.1769643165e-04 -1.1035301044e-04
2.6324048976e-04 1.8432833399e-04
9.5525322459e-06 -6.8517634361e-05
2.4228253192e-04 1.8343841155e-04
1.4838179421e-04 -1.2207656693e-04
1.2634486283e-04 1.3450684007e-04
2.0044047680e-04 -1.4538908737e-04
-2.5284749790e-05 6.1943885829e-05
1.8611791224e-04 -1.4515338246e-04
1.4895755435e-04 1.4133313317e-04
1.0267431096e-04 -1.1580175228e-04
2.1593180489e-04 1.7666755408e-04
-1.1060726402e-05 -7.2613473453e-05
1.1888608305e-04 -1.2642634081e-04
1.9726367555e-04 1.7562144127e-04
1.6307361945e-04 -1.4816092100e-04
9.6345261443e-05 1.3277525058e-04
1.4741348094e-04 -1.4930642091e-04
-5.4862045962e-05 6.3268342541e-05
7.4033957104e-05 -1.2503260181e-04
1.0057013527e-04 1.3575899226e-04
-3.9632317032e-05 -8.0836551019e-05
1.5003180608e-04 1.6401803113e-04
7.1001198593e-05 -1.2587913126e-04
1.2685210640e-04 1.5291576878e-04
9.7621204133e-05 -1.4352290258e-04
3.9688790545e-05 1.2075861470e-04
9.5375298954e-05 -1.3650671341e-04
4.0373715748e-05 -1.2008250085e-04
-1.0207350550e-04 8.6237424261e-05
-8.7271018741e-05 -1.1151764925e-04
1.0032458001e-04 1.8189340191e-04
9.9261848055e-05 -2.4080891021e-04
8.4755234103e-05 1.4916355642e-04
5.2366445951e-05 -1.7673221421e-04
-2.2548941993e-04 1.8536046862e-07
-2.9215445600e-04 3.6562675052e-05
-3.7795408722e-04 -8.4642728556e-05
-4.4154063484e-04 1.2916426731e-04
-1.7837239336e-04 4.8807950478e-05
-1.6032089646e-04 -5.3882301819e-05
