2.3789397473e+02
2.3795878053e+02
2.3802367753e+02
2.3808879372e+02
2.3815092270e+02
2.3821035311e+02
2.3826755992e+02
2.3832163832e+02
2.3837393499e+02
2.3842291108e+02
2.3847027472e+02
2.3851595101e+02
2.3855778328e+02
2.3859772401e+02
2.3863589160e+02
2.3867283755e+02
2.3870583000e+02
2.3873806586e+02
2.3876787800e+02
2.3879608814e+02
2.3882304491e+02
2.3884601077e+02
2.3886807780e+02
2.3888867767e+02
2.3890621338e+02
2.3892253150e+02
2.3893730417e+02
2.3895002617e+02
2.3896144340e+02
2.3897141994e+02
2.3897964846e+02
2.3898480600e+02
2.3898876270e+02
2.3899143399e+02
2.3899164814e+02
2.3899160468e+02
2.3898962473e+02
2.3898512485e+02
2.3897898891e+02
2.3897076156e+02
2.3896205976e+02
2.3895198470e+02
2.3893934774e+02
2.3892431174e+02
2.3890823332e+02
2.3889016984e+02
2.3887109346e+02
2.3885060695e+02
2.3882796816e+02
2.3880271569e+02
2.3877516816e+02
2.3874682999e+02
2.3871721057e+02
2.3868430879e+02
2.3865055884e+02
2.3861435869e+02
2.3857403603e+02
2.3853523188e+02
2.3849250878e+02
2.3844698254e+02
2.3840198506e+02
2.3835322995e+02
2.3829817965e+02
2.3824526178e+02
2.3819002431e+02
2.3812941517e+02
2.3806744846e+02
2.3800390520e+02
2.3793651756e+02
2.3786386824e+02
2.3779342400e+02
2.3771586640e+02
2.3763538481e+02
2.3755581823e+02
2.3746684815e+02
2.3737948701e+02
2.3728794473e+02
2.3718593793e+02
2.3708949140e+02
2.3698745829e+02
2.3687549045e+02
2.3676604151e+02
2.3665164105e+02
2.3653029527e+02
2.3640562852e+02
2.3628291962e+02
2.3614938678e+02
2.3600483564e+02
2.3588012360e+02
2.3572717132e+02
2.3557807664e+02
2.3544478254e+02
2.3525856230e+02
2.3513029693e+02
2.3497547689e+02
2.3484892770e+02
2.3462134597e+02
2.3452544287e+02
2.3437816537e+02
2.3528894786e+02
