-3.1405815455e-06 4.9499377424e-08
3.1448919094e-01 -5.6876267217e-04
6.2208074824e-01 -2.2489826563e-03
9.2271127982e-01 -4.9879537613e-03
1.2163512491e+00 -8.7498505668e-03
1.5029784954e+00 -1.3476008584e-02
1.7825635222e+00 -1.9133041468e-02
2.0550726678e+00 -2.5670501325e-02
2.3204982331e+00 -3.3042387738e-02
2.5788185298e+00 -4.1215687394e-02
2.8300265300e+00 -5.0134105421e-02
3.0741182616e+00 -5.9765542971e-02
3.3110925099e+00 -7.0064291632e-02
3.5409284849e+00 -8.0986890507e-02
3.7636480110e+00 -9.2500299340e-02
3.9792486358e+00 -1.0455422089e-01
4.1877398126e+00 -1.1712210114e-01
4.3891186481e+00 -1.3015401780e-01
4.5834002657e+00 -1.4361907972e-01
4.7705942316e+00 -1.5748165061e-01
4.9507199678e+00 -1.7170005665e-01
5.1237793813e+00 -1.8624363213e-01
5.2897967857e+00 -2.0107535950e-01
5.4487951224e+00 -2.1616086711e-01
5.6007849629e+00 -2.3146340742e-01
5.7457733315e+00 -2.4695528596e-01
5.8837684450e+00 -2.6260405024e-01
6.0148195720e+00 -2.7837840543e-01
6.1389451283e+00 -2.9424411892e-01
6.2561407777e+00 -3.1017457165e-01
6.3664503301e+00 -3.2613632485e-01
6.4698952045e+00 -3.4209457785e-01
6.5664901311e+00 -3.5803120344e-01
6.6562493007e+00 -3.7390696170e-01
6.7391786887e+00 -3.8969460100e-01
6.8153551148e+00 -4.0537883246e-01
6.8847720176e+00 -4.2092246999e-01
6.9474033811e+00 -4.3629458169e-01
7.0033312016e+00 -4.5147013991e-01
7.0525736113e+00 -4.6642548996e-01
7.0951537861e+00 -4.8112979073e-01
7.1310875651e+00 -4.9555644868e-01
7.1603969744e+00 -5.0967958569e-01
7.1831131014e+00 -5.2347721557e-01
7.1992688712e+00 -5.3691902584e-01
7.2088691642e+00 -5.4997364607e-01
7.2119487617e+00 -5.6262210832e-01
7.2085414891e+00 -5.7483519824e-01
7.1986763837e+00 -5.8658715634e-01
7.1823622763e+00 -5.9785287336e-01
7.1596512790e+00 -6.0860204668e-01
7.1305645671e+00 -6.1881035366e-01
7.0951434556e+00 -6.2845914184e-01
7.0533940069e+00 -6.3751116785e-01
7.0053768888e+00 -6.4594544014e-01
6.9511196290e+00 -6.5373007228e-01
6.8906586320e+00 -6.6083943617e-01
6.8240265876e+00 -6.6724089754e-01
6.7512691148e+00 -6.7291397041e-01
6.6724319584e+00 -6.7782573687e-01
6.5875442495e+00 -6.8194652354e-01
6.4966586209e+00 -6.8525323473e-01
6.3998442745e+00 -6.8771447625e-01
6.2971191025e+00 -6.8929633142e-01
6.1885733946e+00 -6.8998096020e-01
6.0742513408e+00 -6.8972654547e-01
5.9542207164e+00 -6.8850533476e-01
5.8285515456e+00 -6.8628705940e-01
5.6973093155e+00 -6.8304443897e-01
5.5605715026e+00 -6.7874050860e-01
5.4184326844e+00 -6.7335083664e-01
5.2709856237e+00 -6.6684465557e-01
5.1183126269e+00 -6.5918648718e-01
4.9605444033e+00 -6.5034675223e-01
4.7977794068e+00 -6.4029950420e-01
4.6301421239e+00 -6.2901575428e-01
4.4577753977e+00 -6.1646307218e-01
4.2808103439e+00 -6.0262014799e-01
4.0994333133e+00 -5.8745441601e-01
3.9138060723e+00 -5.7094238960e-01
3.7241474978e+00 -5.5306549112e-01
3.5306570351e+00 -5.3380402313e-01
3.3335701790e+00 -5.1313505680e-01
3.1331433825e+00 -4.9104502481e-01
2.9296955090e+00 -4.6753291930e-01
2.7235407791e+00 -4.4260639929e-01
2.5150514766e+00 -4.1625479842e-01
2.3046441499e+00 -3.8849730285e-01
2.0928084892e+00 -3.5936340935e-01
1.8801005201e+00 -3.2890578247e-01
1.6671866618e+00 -2.9719857761e-01
1.4548018979e+00 -2.6429208223e-01
1.2438695707e+00 -2.3032357664e-01
1.0355411308e+00 -1.9548077662e-01
8.3125119858e-01 -1.6000921998e-01
6.3294032988e-01 -1.2432224456e-01
4.4330407775e-01 -8.8863091030e-02
2.6651014937e-01 -5.4517223393e-02
1.1051350633e-01 -2.2223230717e-02
-2.3368201935e-06 -1.3292314503e-08
