3.1679753560e-06 1.6059391855e-08
2.3972491302e-01 -1.2221890981e-03
4.7378287078e-01 -4.8251638660e-03
7.0206192552e-01 -1.0722767026e-02
9.2447328336e-01 -1.8781602578e-02
1.1409416189e+00 -2.8918227448e-02
1.3512833996e+00 -4.1001871337e-02
1.5554959986e+00 -5.4979583023e-02
1.7534947398e+00 -7.0654114803e-02
1.9452592436e+00 -8.8004708253e-02
2.1306903660e+00 -1.0688266546e-01
2.3097263507e+00 -1.2718836157e-01
2.4824565900e+00 -1.4884270656e-01
2.6487432193e+00 -1.7168202562e-01
2.8085821605e+00 -1.9566518677e-01
2.9620179321e+00 -2.2067548454e-01
3.1090370306e+00 -2.4656527922e-01
3.2496399904e+00 -2.7331503315e-01
3.3837767489e+00 -3.0076186758e-01
3.5115602988e+00 -3.2883867448e-01
3.6329668307e+00 -3.5745771858e-01
3.7479915714e+00 -3.8649123466e-01
3.8566881118e+00 -4.1590786144e-01
3.9591215581e+00 -4.4554704258e-01
4.0553007797e+00 -4.7537257684e-01
4.1452590435e+00 -5.0529382528e-01
4.2290215352e+00 -5.3519525841e-01
4.3066902921e+00 -5.6504909209e-01
4.3782789536e+00 -5.9471577477e-01
4.4438367698e+00 -6.2414446643e-01
4.5034149037e+00 -6.5328708099e-01
4.5571133760e+00 -6.8201069386e-01
4.6049427057e+00 -7.1030228637e-01
4.6469785800e+00 -7.3804325702e-01
4.6833021352e+00 -7.6518419975e-01
4.7139594249e+00 -7.9168349077e-01
4.7390346863e+00 -8.1742221375e-01
4.7585613312e+00 -8.4238990926e-01
4.7726665144e+00 -8.6649216839e-01
4.7813920774e+00 -8.8968509718e-01
4.7848031402e+00 -9.1189894618e-01
4.7830065227e+00 -9.3309410721e-01
4.7760486618e+00 -9.5320893838e-01
4.7640106644e+00 -9.7219587466e-01
4.7470397970e+00 -9.8999307754e-01
4.7251477425e+00 -1.0065749026e+00
4.6984374112e+00 -1.0218739539e+00
4.6670246653e+00 -1.0358457064e+00
4.6309554084e+00 -1.0484862044e+00
4.5903753714e+00 -1.0597083091e+00
4.5453337021e+00 -1.0695098429e+00
4.4959748811e+00 -1.0778448747e+00
4.4423654385e+00 -1.0846791151e+00
4.3846030144e+00 -1.0899897344e+00
4.3228196531e+00 -1.0937222084e+00
4.2570763451e+00 -1.0958976603e+00
4.1875329328e+00 -1.0964422477e+00
4.1142709738e+00 -1.0953806865e+00
4.0374380753e+00 -1.0926847266e+00
3.9571414010e+00 -1.0883370411e+00
3.8734696679e+00 -1.0823286998e+00
3.7866102522e+00 -1.0746433121e+00
3.6966040913e+00 -1.0652862298e+00
3.6036822901e+00 -1.0542351695e+00
3.5078994102e+00 -1.0415221240e+00
3.4094503478e+00 -1.0271423887e+00
3.3084615667e+00 -1.0111105574e+00
3.2050862791e+00 -9.9344718937e-01
3.0994832857e+00 -9.7415511239e-01
2.9917463858e+00 -9.5324804111e-01
2.8821619446e+00 -9.3075990240e-01
2.7707399219e+00 -9.0672940176e-01
2.6578078448e+00 -8.8118172228e-01
2.5435004882e+00 -8.5415875433e-01
2.4279069470e+00 -8.2574759592e-01
2.3113920497e+00 -7.9602914948e-01
2.1939873395e+00 -7.6494265759e-01
2.0760317156e+00 -7.3260237500e-01
1.9577291776e+00 -6.9909806991e-01
1.8391316819e+00 -6.6446475604e-01
1.7207641286e+00 -6.2888609520e-01
1.6026532224e+00 -5.9239423221e-01
1.4851544159e+00 -5.5513441056e-01
1.3685903328e+00 -5.1724174403e-01
1.2530823440e+00 -4.7871309394e-01
1.1391937457e+00 -4.3978232615e-01
1.0270595001e+00 -4.0058713116e-01
9.1711877807e-01 -3.6140637568e-01
8.0979211130e-01 -3.2226061603e-01
7.0556784815e-01 -2.8349277434e-01
6.0467485747e-01 -2.4527905742e-01
5.0802348137e-01 -2.0798528925e-01
4.1596473676e-01 -1.7171802236e-01
3.2938647931e-01 -1.3713773518e-01
2.4900723841e-01 -1.0466285989e-01
1.7584433877e-01 -7.4470378580e-02
1.1192264411e-01 -4.7370073544e-02
5.7930918961e-02 -2.4106476361e-02
2.0270483287e-02 -8.1335334262e-03
-7.4585618171e-07 2.0068014207e-07
