1.8717182723e-06 1.5757039317e-08
3.4801105380e-01 -2.0821822718e-05
6.8843368526e-01 -8.7260624772e-05
1.0213076497e+00 -2.0384536781e-04
1.3467224586e+00 -3.7130954475e-04
1.6646819702e+00 -6.0638898581e-04
1.9752661943e+00 -9.1109857462e-04
2.2784932006e+00 -1.2857539540e-03
2.5744430946e+00 -1.7336733738e-03
2.8631107841e+00 -2.2661894457e-03
3.1445794323e+00 -2.8853890763e-03
3.4188658710e+00 -3.5932736802e-03
3.6860034362e+00 -4.3938265791e-03
3.9460454624e+00 -5.2939689173e-03
4.1990115576e+00 -6.2983042591e-03
4.4449636763e+00 -7.4087034791e-03
4.6839112398e+00 -8.6202470377e-03
4.9159059643e+00 -9.9352536046e-03
5.1409480934e+00 -1.1357658872e-02
5.3591034616e+00 -1.2889254714e-02
5.5703728260e+00 -1.4528776399e-02
5.7747967857e+00 -1.6277571827e-02
5.9723947448e+00 -1.8132003384e-02
6.1631758818e+00 -2.0093179963e-02
6.3471959776e+00 -2.2162770294e-02
6.5244558501e+00 -2.4335972475e-02
6.6949646129e+00 -2.6604123286e-02
6.8587892665e+00 -2.8973180833e-02
7.0159161896e+00 -3.1436302132e-02
7.1663422117e+00 -3.3994683483e-02
7.3100938174e+00 -3.6636931467e-02
7.4472062964e+00 -3.9367706329e-02
7.5776753688e+00 -4.2169031512e-02
7.7015100039e+00 -4.5036985940e-02
7.8187218514e+00 -4.7975218896e-02
7.9293135584e+00 -5.0976017341e-02
8.0333022270e+00 -5.4030372946e-02
8.1306829779e+00 -5.7131164837e-02
8.2214405896e+00 -6.0271221693e-02
8.3056018575e+00 -6.3446402561e-02
8.3831572413e+00 -6.6646347990e-02
8.4541015466e+00 -6.9863042206e-02
8.5184207813e+00 -7.3087466812e-02
8.5761422597e+00 -7.6312581732e-02
8.6272076517e+00 -7.9530678285e-02
8.6716415363e+00 -8.2731635585e-02
8.7094062025e+00 -8.5908548386e-02
8.7405011210e+00 -8.9048497480e-02
8.7649205323e+00 -9.2145109506e-02
8.7826171378e+00 -9.5187150287e-02
8.7936209770e+00 -9.8168231660e-02
8.7978380769e+00 -1.0107452975e-01
8.7952866480e+00 -1.0389998547e-01
8.7859181509e+00 -1.0663512473e-01
8.7697164762e+00 -1.0926835440e-01
8.7466873668e+00 -1.1179297044e-01
8.7167190522e+00 -1.1419706812e-01
8.6798418501e+00 -1.1646948408e-01
8.6359770233e+00 -1.1859855568e-01
8.5850910131e+00 -1.2058332167e-01
8.5271519927e+00 -1.2241173610e-01
8.4621094396e+00 -1.2407212737e-01
8.3899129292e+00 -1.2555439505e-01
8.3105123076e+00 -1.2685138030e-01
8.2238737024e+00 -1.2795326509e-01
8.1299126713e+00 -1.2885586743e-01
8.0285919513e+00 -1.2954461276e-01
7.9198482052e+00 -1.3001663499e-01
7.8036135209e+00 -1.3026492871e-01
7.6798364534e+00 -1.3027844509e-01
7.5484311156e+00 -1.3004966512e-01
7.4093426121e+00 -1.2957737338e-01
7.2624974629e+00 -1.2884965632e-01
7.1078050836e+00 -1.2785997563e-01
6.9452117777e+00 -1.2660857004e-01
6.7746352724e+00 -1.2508335270e-01
6.5959699336e+00 -1.2328834644e-01
6.4091423699e+00 -1.2122206454e-01
6.2140976290e+00 -1.1886501585e-01
6.0106163301e+00 -1.1620071025e-01
5.7990154540e+00 -1.1325731828e-01
5.5785989601e+00 -1.1002441363e-01
5.3495865835e+00 -1.0649703300e-01
5.1118791497e+00 -1.0267572940e-01
4.8653554917e+00 -9.8551223815e-02
4.6098769026e+00 -9.4122834784e-02
4.3453521515e+00 -8.9400509025e-02
4.0716592946e+00 -8.4370917682e-02
3.7886705231e+00 -7.9040202509e-02
3.4962618947e+00 -7.3406984007e-02
3.1943155310e+00 -6.7474777129e-02
2.8827052136e+00 -6.1236064907e-02
2.5612844254e+00 -5.4699797803e-02
2.2299096180e+00 -4.7859437272e-02
1.8884399919e+00 -4.0722783437e-02
1.5367411622e+00 -3.3282491784e-02
1.1746338555e+00 -2.5548329487e-02
8.0195055775e-01 -1.7516794637e-02
4.1854088211e-01 -9.1597659696e-03
2.4788574377e-02 -5.4402716810e-04
