1.3155485326e+02
1.3155471153e+02
1.3155482841e+02
1.3155471017e+02
1.3155480356e+02
1.3155470200e+02
1.3155477872e+02
1.3155469382e+02
1.3155476853e+02
1.3155468818e+02
1.3155476467e+02
1.3155468436e+02
1.3155476080e+02
1.3155468054e+02
1.3155476168e+02
1.3155467726e+02
1.3155476543e+02
1.3155467353e+02
1.3155476917e+02
1.3155466980e+02
1.3155478289e+02
1.3155466607e+02
1.3155466710e+02
1.3155481440e+02
1.3155483833e+02
1.3155467037e+02
1.3155485090e+02
1.3155467364e+02
1.3155483293e+02
1.3155467916e+02
1.3155481370e+02
1.3155466029e+02
1.3155479252e+02
1.3155464853e+02
1.3155479884e+02
1.3155463678e+02
1.3155481365e+02
1.3155462120e+02
1.3155482515e+02
1.3155459366e+02
1.3155483757e+02
1.3155456611e+02
1.3155485173e+02
1.3155456988e+02
1.3155484834e+02
1.3155456175e+02
1.3155482509e+02
1.3155461545e+02
1.3155481991e+02
1.3155466914e+02
1.3155479839e+02
1.3155470414e+02
1.3155475298e+02
1.3155470266e+02
1.3155474899e+02
1.3155470117e+02
1.3155478521e+02
1.3155473597e+02
1.3155479584e+02
1.3155472301e+02
1.3155478559e+02
1.3155470886e+02
1.3155480942e+02
1.3155469470e+02
1.3155480335e+02
1.3155471960e+02
1.3155478422e+02
1.3155478626e+02
1.3155475886e+02
1.3155485291e+02
1.3155473021e+02
1.3155486644e+02
1.3155469892e+02
1.3155480486e+02
1.3155467417e+02
1.3155470972e+02
1.3155467952e+02
1.3155461457e+02
1.3155470626e+02
1.3155460343e+02
1.3155473396e+02
1.3155464397e+02
1.3155472173e+02
1.3155468596e+02
1.3155469936e+02
1.3155472403e+02
1.3155467948e+02
1.3155469561e+02
1.3155466782e+02
1.3155467481e+02
1.3155466450e+02
1.3155465402e+02
1.3155465392e+02
1.3155466627e+02
1.3155464423e+02
1.3155468927e+02
1.3155467104e+02
1.3155471055e+02
1.3155471735e+02
1.3155469786e+02
