3.0393196277e+02
3.0392601958e+02
3.0392007638e+02
3.0391372562e+02
3.0390687774e+02
3.0390160253e+02
3.0389642656e+02
3.0388952278e+02
3.0388169530e+02
3.0387272738e+02
3.0386582704e+02
3.0385806410e+02
3.0384975240e+02
3.0383969484e+02
3.0382943754e+02
3.0382012664e+02
3.0380881146e+02
3.0379709323e+02
3.0378375259e+02
3.0377129468e+02
3.0375836940e+02
3.0374415750e+02
3.0372925375e+02
3.0371222648e+02
3.0369524499e+02
3.0367666047e+02
3.0365778500e+02
3.0363768366e+02
3.0361678974e+02
3.0359465987e+02
3.0357160905e+02
3.0354740110e+02
3.0352264811e+02
3.0349628028e+02
3.0347031405e+02
3.0344161061e+02
3.0341232060e+02
3.0338131756e+02
3.0335016577e+02
3.0331775142e+02
3.0328464682e+02
3.0325004352e+02
3.0321415934e+02
3.0317854012e+02
3.0314165566e+02
3.0310465276e+02
3.0306633306e+02
3.0302854575e+02
3.0298622826e+02
3.0294519389e+02
3.0290505195e+02
3.0286448021e+02
3.0282254659e+02
3.0277982197e+02
3.0274016529e+02
3.0269964778e+02
3.0265241419e+02
3.0260969903e+02
3.0256896232e+02
3.0252572818e+02
3.0248270360e+02
3.0244017450e+02
3.0239482080e+02
3.0235310627e+02
3.0231399920e+02
3.0227289416e+02
3.0223584945e+02
3.0219796859e+02
3.0215792067e+02
3.0212159987e+02
3.0208904331e+02
3.0205669443e+02
3.0202730572e+02
3.0199737429e+02
3.0197038409e+02
3.0194422674e+02
3.0192311036e+02
3.0189874731e+02
3.0187950989e+02
3.0186512483e+02
3.0185706805e+02
3.0184611371e+02
3.0183519063e+02
3.0183244715e+02
3.0182879942e+02
3.0183057867e+02
3.0183238206e+02
3.0184046553e+02
3.0184895086e+02
3.0186282435e+02
3.0187950962e+02
3.0189717515e+02
3.0191910968e+02
3.0194553426e+02
3.0197080860e+02
3.0199946885e+02
3.0203116334e+02
3.0206099979e+02
3.0210001862e+02
3.0213780086e+02
