4.3264962784e+02
4.3250396803e+02
4.3236098106e+02
4.3222065810e+02
4.3208769190e+02
4.3196073149e+02
4.3184224259e+02
4.3172848913e+02
4.3162545684e+02
4.3152322656e+02
4.3143011422e+02
4.3134542163e+02
4.3126517281e+02
4.3119519808e+02
4.3112798477e+02
4.3106899934e+02
4.3101968571e+02
4.3097529726e+02
4.3093904302e+02
4.3090877310e+02
4.3088443571e+02
4.3087252208e+02
4.3086522516e+02
4.3086242750e+02
4.3087196108e+02
4.3088724722e+02
4.3090806300e+02
4.3093913020e+02
4.3097810412e+02
4.3102279741e+02
4.3107786740e+02
4.3113918159e+02
4.3120319847e+02
4.3128401634e+02
4.3136897557e+02
4.3145749417e+02
4.3155770135e+02
4.3166491714e+02
4.3177809959e+02
4.3190246409e+02
4.3203181485e+02
4.3216608567e+02
4.3231313065e+02
4.3246559819e+02
4.3262396696e+02
4.3279211124e+02
4.3296611166e+02
4.3314527314e+02
4.3333325632e+02
4.3353031289e+02
4.3373206337e+02
4.3393963801e+02
4.3415258252e+02
4.3437675953e+02
4.3460315488e+02
4.3483692531e+02
4.3507645567e+02
4.3532260688e+02
4.3557166160e+02
4.3582854489e+02
4.3609145980e+02
4.3635841391e+02
4.3662878108e+02
4.3690437690e+02
4.3718803736e+02
4.3747171800e+02
4.3776163518e+02
4.3805261931e+02
4.3835278753e+02
4.3865063640e+02
4.3895311556e+02
4.3926120859e+02
4.3956652656e+02
4.3987750596e+02
4.4019442724e+02
4.4050546476e+02
4.4082569995e+02
4.4113838804e+02
4.4145628085e+02
4.4177899845e+02
4.4209413108e+02
4.4242102114e+02
4.4272823512e+02
4.4306039515e+02
4.4336266784e+02
4.4368678530e+02
4.4398923763e+02
4.4430318424e+02
4.4461299822e+02
4.4490063149e+02
4.4520544272e+02
4.4547585810e+02
4.4576107102e+02
4.4604733867e+02
4.4626459273e+02
4.4647450792e+02
4.4661892745e+02
4.4690077883e+02
4.4665305014e+02
4.4525139646e+02
