3.7963132421e+02
3.7955676507e+02
3.7948360087e+02
3.7941389894e+02
3.7934537614e+02
3.7928147126e+02
3.7922113113e+02
3.7916332802e+02
3.7910992944e+02
3.7905756328e+02
3.7900975605e+02
3.7896540841e+02
3.7892371855e+02
3.7888735173e+02
3.7885156196e+02
3.7882038519e+02
3.7879230811e+02
3.7876803755e+02
3.7874781673e+02
3.7873054265e+02
3.7871919316e+02
3.7870961514e+02
3.7870199011e+02
3.7870076091e+02
3.7870238076e+02
3.7870825335e+02
3.7871615399e+02
3.7872992882e+02
3.7874702252e+02
3.7876735388e+02
3.7879392497e+02
3.7882311528e+02
3.7885497543e+02
3.7889213831e+02
3.7893408489e+02
3.7897914745e+02
3.7902798080e+02
3.7908077650e+02
3.7913714043e+02
3.7919810806e+02
3.7926408806e+02
3.7933362642e+02
3.7940711872e+02
3.7948590149e+02
3.7956539005e+02
3.7965162866e+02
3.7974112960e+02
3.7983443811e+02
3.7993130293e+02
3.8003062935e+02
3.8013580921e+02
3.8024510328e+02
3.8035814782e+02
3.8047299558e+02
3.8059507383e+02
3.8071943995e+02
3.8084552648e+02
3.8097727145e+02
3.8111190003e+02
3.8124895143e+02
3.8139089726e+02
3.8153532971e+02
3.8168377211e+02
3.8183166031e+02
3.8198605718e+02
3.8214395986e+02
3.8230542581e+02
3.8246651327e+02
3.8263135417e+02
3.8279849054e+02
3.8297025663e+02
3.8314359074e+02
3.8331753896e+02
3.8349633509e+02
3.8367608972e+02
3.8386029656e+02
3.8404239204e+02
3.8422728576e+02
3.8441873973e+02
3.8460651245e+02
3.8480065225e+02
3.8499019638e+02
3.8518816945e+02
3.8538434579e+02
3.8557923781e+02
3.8577709011e+02
3.8598359009e+02
3.8618287344e+02
3.8638001399e+02
3.8658618336e+02
3.8679040936e+02
3.8700277037e+02
3.8719521904e+02
3.8740009997e+02
3.8759164672e+02
3.8779355164e+02
3.8801795913e+02
3.8815528562e+02
3.8837138377e+02
3.8720205791e+02
