2.8268204338e+02
2.8267721252e+02
2.8267238166e+02
2.8266603603e+02
2.8265865457e+02
2.8265368355e+02
2.8264517385e+02
2.8263782685e+02
2.8262846685e+02
2.8261785570e+02
2.8260887786e+02
2.8259576280e+02
2.8258332293e+02
2.8257008866e+02
2.8255438230e+02
2.8253968879e+02
2.8252073255e+02
2.8250188963e+02
2.8248216760e+02
2.8245898193e+02
2.8243519340e+02
2.8241056694e+02
2.8237982283e+02
2.8234906237e+02
2.8231997125e+02
2.8229156043e+02
2.8225794148e+02
2.8222053182e+02
2.8218176531e+02
2.8213862766e+02
2.8209544813e+02
2.8204587949e+02
2.8199538981e+02
2.8194460758e+02
2.8189314675e+02
2.8184220548e+02
2.8179183712e+02
2.8173641101e+02
2.8167859824e+02
2.8161642223e+02
2.8154995827e+02
2.8148076327e+02
2.8140475262e+02
2.8133083045e+02
2.8125480397e+02
2.8117750472e+02
2.8111444980e+02
2.8104540772e+02
2.8096015154e+02
2.8087716332e+02
2.8079411569e+02
2.8070907180e+02
2.8062460905e+02
2.8053920524e+02
2.8045399723e+02
2.8036779074e+02
2.8028022278e+02
2.8019311887e+02
2.8010629990e+02
2.8001929750e+02
2.7993156381e+02
2.7984508517e+02
2.7975829863e+02
2.7967207577e+02
2.7958903635e+02
2.7950410531e+02
2.7942323946e+02
2.7934222788e+02
2.7926440046e+02
2.7918690178e+02
2.7911300798e+02
2.7904108546e+02
2.7897101862e+02
2.7890662373e+02
2.7884243779e+02
2.7877922558e+02
2.7872137539e+02
2.7866640358e+02
2.7861716535e+02
2.7857021490e+02
2.7852860273e+02
2.7848973505e+02
2.7845276949e+02
2.7842404411e+02
2.7839693711e+02
2.7837542474e+02
2.7835886758e+02
2.7834472242e+02
2.7833810234e+02
2.7833208171e+02
2.7833046684e+02
2.7833195181e+02
2.7833628211e+02
2.7834737701e+02
2.7835676581e+02
2.7837271259e+02
2.7839288214e+02
2.7840299888e+02
2.7843219792e+02
2.7844307052e+02
