7.3157276937e-02 -6.1849255969e-03
7.3741655368e-02 -6.5622102973e-03
7.4323352834e-02 -6.9345272153e-03
7.4902664407e-02 -7.3011553630e-03
7.5476278991e-02 -7.6500335279e-03
7.6038898405e-02 -7.9787654735e-03
7.6590498692e-02 -8.2873431332e-03
7.7134775773e-02 -8.5809431531e-03
7.7673632821e-02 -8.8618094741e-03
7.8205250136e-02 -9.1276206989e-03
7.8722337260e-02 -9.3744238114e-03
7.9224773724e-02 -9.6045705741e-03
7.9712728965e-02 -9.8185647019e-03
8.0190257847e-02 -1.0020854465e-02
8.0658738444e-02 -1.0210805738e-02
8.1118140139e-02 -1.0388406703e-02
8.1566188850e-02 -1.0554635089e-02
8.2002465760e-02 -1.0711999498e-02
8.2425029901e-02 -1.0859307102e-02
8.2838254368e-02 -1.0997731765e-02
8.3242821231e-02 -1.1127552640e-02
8.3638695052e-02 -1.1248757766e-02
8.4027804821e-02 -1.1363009794e-02
8.4406126688e-02 -1.1471511185e-02
8.4774522383e-02 -1.1573774658e-02
8.5136095289e-02 -1.1670569806e-02
8.5490807384e-02 -1.1761885990e-02
8.5838050632e-02 -1.1847452086e-02
8.6178875051e-02 -1.1928295257e-02
8.6512279607e-02 -1.2004293846e-02
8.6839212337e-02 -1.2076713798e-02
8.7159636614e-02 -1.2145546072e-02
8.7473515601e-02 -1.2210781547e-02
8.7780812250e-02 -1.2272411023e-02
8.8084865690e-02 -1.2331801616e-02
8.8383931800e-02 -1.2387305709e-02
8.8677573408e-02 -1.2438842582e-02
8.8965899444e-02 -1.2487566104e-02
8.9250114504e-02 -1.2534294055e-02
8.9530131121e-02 -1.2579001614e-02
8.9805226708e-02 -1.2620997543e-02
9.0076454622e-02 -1.2660263350e-02
9.0343777957e-02 -1.2696792168e-02
9.0607742268e-02 -1.2730816220e-02
9.0869039769e-02 -1.2763391064e-02
9.1125329589e-02 -1.2794164805e-02
9.1377884079e-02 -1.2822905072e-02
9.1627520362e-02 -1.2849714098e-02
9.1874200693e-02 -1.2874586138e-02
9.2117887124e-02 -1.2897515402e-02
9.2358683980e-02 -1.2918644922e-02
9.2596666809e-02 -1.2938375206e-02
9.2831753306e-02 -1.2956726949e-02
9.3063906759e-02 -1.2973695030e-02
9.3293090264e-02 -1.2989274293e-02
9.3520582945e-02 -1.3003663557e-02
9.3746403771e-02 -1.3016466513e-02
9.3968736013e-02 -1.3027574209e-02
9.4188790369e-02 -1.3037643307e-02
9.4406680144e-02 -1.3046700003e-02
9.4622394647e-02 -1.3054744321e-02
9.4836080479e-02 -1.3061516854e-02
9.5047713064e-02 -1.3066857673e-02
9.5257255441e-02 -1.3070762972e-02
9.5465561847e-02 -1.3073683779e-02
9.5672174894e-02 -1.3075899391e-02
9.5876076817e-02 -1.3077046848e-02
9.6078366349e-02 -1.3077054320e-02
9.6279006025e-02 -1.3075918808e-02
9.6477958197e-02 -1.3073637293e-02
9.6675781304e-02 -1.3070245472e-02
9.6871500718e-02 -1.3066137161e-02
9.7065829263e-02 -1.3061158000e-02
9.7258763945e-02 -1.3055290838e-02
9.7450073471e-02 -1.3048516739e-02
9.7639728664e-02 -1.3040871200e-02
9.7828052736e-02 -1.3032712672e-02
9.8015154186e-02 -1.3023570072e-02
9.8200995803e-02 -1.3013441448e-02
9.8385540198e-02 -1.3002324835e-02
9.8568983432e-02 -1.2990389350e-02
9.8751108569e-02 -1.2977568484e-02
9.8932125571e-02 -1.2964111384e-02
9.9111683968e-02 -1.2949971917e-02
9.9289746424e-02 -1.2935148431e-02
9.9467418856e-02 -1.2919648377e-02
9.9644071128e-02 -1.2903162896e-02
9.9818973803e-02 -1.2885860663e-02
9.9992853688e-02 -1.2868012221e-02
1.0016567295e-01 -1.2849616701e-02
1.0033775056e-01 -1.2830608000e-02
1.0050883789e-01 -1.2810735344e-02
1.0067884542e-01 -1.2789985704e-02
1.0084792479e-01 -1.2768443930e-02
1.0101631413e-01 -1.2746436831e-02
1.0118335039e-01 -1.2723855448e-02
1.0134943655e-01 -1.2700541180e-02
1.0151464678e-01 -1.2676497430e-02
1.0167894309e-01 -1.2651724267e-02
1.0184264466e-01 -1.2626258523e-02
1.0200524401e-01 -1.2600175808e-02
1.0216704193e-01 -1.2573469918e-02
1.0232807552e-01 -1.2546175714e-02
1.0248812294e-01 -1.2518296273e-02
1.0264723144e-01 -1.2489840841e-02
1.0280635344e-01 -1.2460771889e-02
1.0296409735e-01 -1.2430870195e-02
1.0312098823e-01 -1.2400506810e-02
1.0327698807e-01 -1.2369682750e-02
1.0343205863e-01 -1.2338399031e-02
1.0358670723e-01 -1.2306598211e-02
1.0374060532e-01 -1.2274040137e-02
1.0389369515e-01 -1.2240722229e-02
1.0404607668e-01 -1.2206693510e-02
1.0419798304e-01 -1.2172250774e-02
1.0434913934e-01 -1.2137416514e-02
1.0449927186e-01 -1.2101972880e-02
1.0464876071e-01 -1.2065863912e-02
1.0479756766e-01 -1.2029091726e-02
1.0494565425e-01 -1.1991658443e-02
1.0509359496e-01 -1.1953692437e-02
1.0524017427e-01 -1.1915182275e-02
1.0538633723e-01 -1.1876134508e-02
1.0553189997e-01 -1.1836582488e-02
1.0567663737e-01 -1.1796531513e-02
1.0582051132e-01 -1.1755984030e-02
1.0596457614e-01 -1.1714863334e-02
1.0610744895e-01 -1.1673071351e-02
1.0624958531e-01 -1.1630827598e-02
1.0639106288e-01 -1.1588143376e-02
1.0653184305e-01 -1.1545021865e-02
1.0667213961e-01 -1.1501387779e-02
1.0681178869e-01 -1.1457067598e-02
1.0695074876e-01 -1.1412062613e-02
1.0708915561e-01 -1.1366546441e-02
1.0722705046e-01 -1.1320667115e-02
1.0736409959e-01 -1.1274374397e-02
1.0750047617e-01 -1.1227467132e-02
1.0763625563e-01 -1.1179932222e-02
1.0777139943e-01 -1.1131773944e-02
1.0790614995e-01 -1.1083009347e-02
1.0804014613e-01 -1.1033876050e-02
1.0817329713e-01 -1.0984227347e-02
1.0830599033e-01 -1.0934020549e-02
1.0843810218e-01 -1.0883301275e-02
1.0856947376e-01 -1.0832096467e-02
1.0870059509e-01 -1.0780392849e-02
1.0883091171e-01 -1.0728043425e-02
1.0896039758e-01 -1.0675265382e-02
1.0908918893e-01 -1.0622092004e-02
1.0921724709e-01 -1.0568528651e-02
1.0934488530e-01 -1.0514547070e-02
1.0947228624e-01 -1.0459931836e-02
1.0959891057e-01 -1.0404651321e-02
1.0972460725e-01 -1.0348811060e-02
1.0984971231e-01 -1.0292600486e-02
1.0997425441e-01 -1.0236038367e-02
1.1009818611e-01 -1.0178937422e-02
1.1022143180e-01 -1.0121221457e-02
1.1034395292e-01 -1.0062896962e-02
1.1046578662e-01 -1.0003971792e-02
1.1058754574e-01 -9.9446439862e-03
1.1070805829e-01 -9.8849589136e-03
1.1082805361e-01 -9.8247272369e-03
1.1094749300e-01 -9.7639562775e-03
1.1106628999e-01 -9.7026772614e-03
1.1118428169e-01 -9.6409283389e-03
1.1130203413e-01 -9.5786056494e-03
1.1141876499e-01 -9.5157986410e-03
1.1153476939e-01 -9.4525937867e-03
1.1165000910e-01 -9.3889987395e-03
1.1176444566e-01 -9.3250211741e-03
1.1187881761e-01 -9.2605512528e-03
1.1199258946e-01 -9.1954246867e-03
1.1210534386e-01 -9.1296848401e-03
1.1221727558e-01 -9.0635495172e-03
1.1232852659e-01 -8.9970655590e-03
1.1243918527e-01 -8.9302120256e-03
1.1254916364e-01 -8.8627864611e-03
1.1265838290e-01 -8.7947732966e-03
1.1276680489e-01 -8.7261814020e-03
1.1287488292e-01 -8.6570430959e-03
1.1298221818e-01 -8.5875742510e-03
1.1308855607e-01 -8.5176126109e-03
1.1319429359e-01 -8.4471170955e-03
1.1329926093e-01 -8.3761142162e-03
1.1340322201e-01 -8.3046783251e-03
1.1350680082e-01 -8.2327401817e-03
1.1360976848e-01 -8.1601723886e-03
1.1371166527e-01 -8.0872440333e-03
1.1381278782e-01 -8.0139664218e-03
1.1391309845e-01 -7.9403497385e-03
1.1401285098e-01 -7.8663641173e-03
1.1411205853e-01 -7.7917742965e-03
1.1421023728e-01 -7.7165527168e-03
1.1430754353e-01 -7.6408429360e-03
1.1440422505e-01 -7.5647917551e-03
1.1450025814e-01 -7.4884271275e-03
1.1459552573e-01 -7.4116289964e-03
1.1468989035e-01 -7.3342446368e-03
1.1478331506e-01 -7.2562854446e-03
1.1487588434e-01 -7.1777395688e-03
1.1496820012e-01 -7.0987248567e-03
1.1505926576e-01 -7.0195050228e-03
1.1514953866e-01 -6.9397631641e-03
1.1523901747e-01 -6.8595008885e-03
1.1532761491e-01 -6.7787350154e-03
1.1541499021e-01 -6.6975470376e-03
1.1550211896e-01 -6.6157193233e-03
1.1558805673e-01 -6.5335039656e-03
1.1567320092e-01 -6.4509628401e-03
1.1575751539e-01 -6.3681086646e-03
1.1584096379e-01 -6.2849541936e-03
1.1592393262e-01 -6.2012739128e-03
1.1600581720e-01 -6.1169565283e-03
1.1608654350e-01 -6.0320922966e-03
1.1616650457e-01 -5.9468833420e-03
1.1624577758e-01 -5.8613366271e-03
1.1632415934e-01 -5.7754879751e-03
1.1640148120e-01 -5.6891335586e-03
1.1647779107e-01 -5.6022104563e-03
1.1655305373e-01 -5.5147326913e-03
1.1662791605e-01 -5.4266993379e-03
1.1670187813e-01 -5.3384936137e-03
1.1677456357e-01 -5.2499223868e-03
1.1684633573e-01 -5.1608361410e-03
1.1691715955e-01 -5.0712500599e-03
1.1698699970e-01 -4.9811793712e-03
1.1705577424e-01 -4.8906701142e-03
1.1712356854e-01 -4.7997214869e-03
1.1719044309e-01 -4.7084487624e-03
1.1725636439e-01 -4.6168673390e-03
1.1732129871e-01 -4.5249926612e-03
1.1738539507e-01 -4.4327586038e-03
1.1744878792e-01 -4.3398151521e-03
1.1751081890e-01 -4.2463244335e-03
1.1757188333e-01 -4.1525489271e-03
1.1763212360e-01 -4.0585340839e-03
1.1769140228e-01 -3.9642907022e-03
1.1774946485e-01 -3.8695930522e-03
1.1780637333e-01 -3.7743612889e-03
1.1786209491e-01 -3.6786121887e-03
1.1791688200e-01 -3.5823733002e-03
1.1797128948e-01 -3.4857194310e-03
1.1802403206e-01 -3.3884268613e-03
1.1807602055e-01 -3.2910712055e-03
1.1812678418e-01 -3.1934726566e-03
1.1817629133e-01 -3.0956486282e-03
1.1822469652e-01 -2.9974720562e-03
1.1827212292e-01 -2.8987392048e-03
1.1831848857e-01 -2.7994859676e-03
1.1836376207e-01 -2.6997307826e-03
1.1840800563e-01 -2.5995613242e-03
1.1845119152e-01 -2.4990712859e-03
1.1849323244e-01 -2.3982971025e-03
1.1853409196e-01 -2.2972589999e-03
1.1857374013e-01 -2.1959754969e-03
1.1861272907e-01 -2.0942390682e-03
1.1865065995e-01 -1.9918764377e-03
1.1868678927e-01 -1.8891570951e-03
1.1872190550e-01 -1.7862691978e-03
1.1875597954e-01 -1.6832326629e-03
1.1878903454e-01 -1.5800401665e-03
1.1882090357e-01 -1.4763986893e-03
1.1885134748e-01 -1.3722405102e-03
1.1888033799e-01 -1.2675854891e-03
1.1890840061e-01 -1.1623855628e-03
1.1893603325e-01 -1.0569245521e-03
1.1896199862e-01 -9.5152290003e-04
1.1898669657e-01 -8.4572353177e-04
1.1901019863e-01 -7.3950564508e-04
1.1903247743e-01 -6.3289043488e-04
1.1905350528e-01 -5.2589916468e-04
1.1907310162e-01 -4.1851501712e-04
1.1909158232e-01 -3.1083071000e-04
1.1910890210e-01 -2.0293058528e-04
1.1912502781e-01 -9.4902104871e-05
1.1913993395e-01 1.3232693548e-05
1.1915352911e-01 1.2174649283e-04
1.1916592100e-01 2.3083451083e-04
1.1917704649e-01 3.4025159900e-04
1.1918672478e-01 4.4982619732e-04
1.1919554812e-01 5.5980014329e-04
1.1920273697e-01 6.7018029826e-04
1.1920858259e-01 7.8063776382e-04
1.1921325526e-01 8.9117319862e-04
1.1921680661e-01 1.0017805679e-03
1.1921936013e-01 1.1127757695e-03
1.1922019955e-01 1.2242124272e-03
1.1921931315e-01 1.3360801067e-03
1.1921735144e-01 1.4483656677e-03
1.1921461826e-01 1.5607472989e-03
1.1921052165e-01 1.6729904095e-03
1.1920480785e-01 1.7855295457e-03
1.1919748254e-01 1.8983808878e-03
1.1918852470e-01 2.0115204150e-03
1.1917853809e-01 2.1253143650e-03
1.1916750084e-01 2.2389263259e-03
1.1915499341e-01 2.3527254776e-03
1.1914103407e-01 2.4668063119e-03
1.1912556383e-01 2.5811205245e-03
1.1910841613e-01 2.6954930072e-03
1.1909037134e-01 2.8103794406e-03
1.1907070074e-01 2.9252402314e-03
1.1904968339e-01 3.0402419061e-03
1.1902730212e-01 3.1553596326e-03
1.1900353942e-01 3.2705684842e-03
1.1897866450e-01 3.3866562928e-03
1.1895176561e-01 3.5024321502e-03
1.1892362465e-01 3.6182390999e-03
1.1889422572e-01 3.7340514005e-03
1.1886370256e-01 3.8500924668e-03
1.1883150154e-01 3.9666640724e-03
1.1879745250e-01 4.0833905677e-03
1.1876230304e-01 4.2001322408e-03
1.1872608385e-01 4.3168833961e-03
1.1868818895e-01 4.4335862771e-03
1.1864851493e-01 4.5505255901e-03
1.1860704871e-01 4.6676751322e-03
1.1856409905e-01 4.7852403543e-03
1.1852041460e-01 4.9030053825e-03
1.1847498735e-01 5.0202736361e-03
1.1842786989e-01 5.1377124810e-03
1.1837905112e-01 5.2552946483e-03
1.1832851959e-01 5.3729927567e-03
1.1827665223e-01 5.4911102516e-03
1.1822352934e-01 5.6090232024e-03
1.1816875710e-01 5.7269481142e-03
1.1811231002e-01 5.8450382198e-03
1.1805419519e-01 5.9630436580e-03
1.1799440326e-01 6.0809373885e-03
1.1793366193e-01 6.1995788838e-03
1.1787074807e-01 6.3179250373e-03
1.1780638495e-01 6.4360806302e-03
1.1774066538e-01 6.5541264837e-03
1.1767358258e-01 6.6720341520e-03
1.1760495351e-01 6.7904656123e-03
1.1753414193e-01 6.9089876667e-03
1.1746176431e-01 7.0271677348e-03
1.1738801134e-01 7.1453143530e-03
1.1731285481e-01 7.2634338989e-03
1.1723562310e-01 7.3818059653e-03
1.1715664354e-01 7.4999672694e-03
1.1707642214e-01 7.6180143589e-03
1.1699490272e-01 7.7359235927e-03
1.1691149730e-01 7.8537640064e-03
1.1682600632e-01 7.9715910370e-03
1.1673842815e-01 8.0893761791e-03
1.1664950372e-01 8.2074543939e-03
1.1655943752e-01 8.3251479935e-03
1.1646746701e-01 8.4425045920e-03
1.1637356372e-01 8.5598179182e-03
1.1627772879e-01 8.6770584912e-03
1.1617996300e-01 8.7941966879e-03
1.1608065499e-01 8.9114562975e-03
1.1597945785e-01 9.0284768592e-03
1.1587665258e-01 9.1453165456e-03
1.1577215948e-01 9.2618304270e-03
1.1566598220e-01 9.3779896600e-03
1.1555827380e-01 9.4942939858e-03
1.1544822221e-01 9.6109426507e-03
1.1533600190e-01 9.7268382497e-03
1.1522225884e-01 9.8423882906e-03
1.1510698550e-01 9.9576523346e-03
1.1499018901e-01 1.0072600376e-02
1.1487181457e-01 1.0187682881e-02
1.1475087804e-01 1.0302569598e-02
1.1462747803e-01 1.0417146777e-02
1.1450262846e-01 1.0531387035e-02
1.1437651937e-01 1.0645320293e-02
1.1424862153e-01 1.0758701070e-02
1.1411829448e-01 1.0871795631e-02
1.1398557257e-01 1.0984651537e-02
1.1385065532e-01 1.1097477203e-02
1.1371450199e-01 1.1210223293e-02
1.1357668402e-01 1.1322089073e-02
1.1343650107e-01 1.1433530766e-02
1.1329396826e-01 1.1544519244e-02
1.1314898192e-01 1.1655361556e-02
1.1300238936e-01 1.1766309472e-02
1.1285456356e-01 1.1876129297e-02
1.1270424580e-01 1.1985539789e-02
1.1255145464e-01 1.2094511776e-02
1.1239620815e-01 1.2203016113e-02
1.1223881237e-01 1.2311586606e-02
1.1208002732e-01 1.2419295828e-02
1.1191892714e-01 1.2526342688e-02
1.1175545005e-01 1.2633016883e-02
1.1158958947e-01 1.2739244956e-02
1.1142134635e-01 1.2844762282e-02
1.1125084491e-01 1.2950260713e-02
1.1107801772e-01 1.3054679596e-02
1.1090308568e-01 1.3158470580e-02
1.1072607457e-01 1.3261606390e-02
1.1054700982e-01 1.3364059562e-02
1.1036575765e-01 1.3466236282e-02
1.1018122192e-01 1.3568100524e-02
1.0999394666e-01 1.3668631950e-02
1.0980482461e-01 1.3768423370e-02
1.0961387943e-01 1.3867534992e-02
1.0942108443e-01 1.3966034023e-02
1.0922528318e-01 1.4063844530e-02
1.0902609102e-01 1.4160748770e-02
1.0882369651e-01 1.4256807581e-02
1.0861935348e-01 1.4352293545e-02
1.0841332788e-01 1.4447126693e-02
1.0820495844e-01 1.4540736720e-02
1.0799321943e-01 1.4633337002e-02
1.0777813917e-01 1.4724929117e-02
1.0755978463e-01 1.4815659637e-02
1.0733925446e-01 1.4906181908e-02
1.0711697305e-01 1.4995305716e-02
1.0689157075e-01 1.5082949471e-02
1.0666279213e-01 1.5169588352e-02
1.0643067994e-01 1.5255198595e-02
1.0619527658e-01 1.5339756223e-02
1.0595686944e-01 1.5424147320e-02
1.0571649412e-01 1.5506561465e-02
1.0547274228e-01 1.5587615762e-02
1.0522560317e-01 1.5667446859e-02
1.0497512635e-01 1.5746032316e-02
1.0472136112e-01 1.5823349470e-02
1.0446433047e-01 1.5899634438e-02
1.0420416601e-01 1.5974384048e-02
1.0394040210e-01 1.6047726576e-02
1.0367320370e-01 1.6119525123e-02
1.0340262341e-01 1.6189761731e-02
1.0312865024e-01 1.6258616265e-02
1.0285033895e-01 1.6326581567e-02
1.0256864580e-01 1.6392007769e-02
1.0228344613e-01 1.6455768205e-02
1.0199480013e-01 1.6517846833e-02
1.0170276773e-01 1.6578227388e-02
1.0140585785e-01 1.6638015704e-02
1.0110374847e-01 1.6695185140e-02
1.0079841814e-01 1.6749678570e-02
1.0048944869e-01 1.6802498883e-02
1.0017690838e-01 1.6853632917e-02
9.9860330508e-02 1.6903239625e-02
9.9537894436e-02 1.6950527340e-02
9.9209720113e-02 1.6994906311e-02
9.8877310591e-02 1.7036920353e-02
9.8541348192e-02 1.7077065251e-02
9.8201932701e-02 1.7115310563e-02
9.7857362799e-02 1.7150765150e-02
9.7506605688e-02 1.7182988494e-02
9.7149738080e-02 1.7211975992e-02
9.6786897555e-02 1.7238631036e-02
9.6419723598e-02 1.7263412506e-02
9.6048939872e-02 1.7285440849e-02
9.5671794873e-02 1.7303675432e-02
9.5287793734e-02 1.7318175150e-02
9.4897022681e-02 1.7328940504e-02
9.4499020034e-02 1.7336960346e-02
9.4096146889e-02 1.7342726752e-02
9.3689256334e-02 1.7344233985e-02
9.3274702595e-02 1.7341351493e-02
9.2852584016e-02 1.7334086991e-02
9.2422998851e-02 1.7322447966e-02
9.1985439008e-02 1.7306834870e-02
9.1540762948e-02 1.7288304781e-02
9.1090382267e-02 1.7263732139e-02
9.0631163187e-02 1.7234030096e-02
9.0163217225e-02 1.7199215159e-02
8.9686655862e-02 1.7159303611e-02
8.9201538678e-02 1.7114197693e-02
8.8708550768e-02 1.7062970144e-02
8.8205841716e-02 1.7005307305e-02
8.7693521008e-02 1.6941237138e-02
8.7171698167e-02 1.6870787435e-02
8.6640482748e-02 1.6793985824e-02
8.6094863508e-02 1.6709919824e-02
8.5540972794e-02 1.6615568173e-02
8.4976471106e-02 1.6513304736e-02
8.4401482730e-02 1.6403167683e-02
8.3816132085e-02 1.6285195033e-02
8.3215007422e-02 1.6159458346e-02
8.2599344729e-02 1.6020720273e-02
8.1971500743e-02 1.5868782994e-02
8.1331321431e-02 1.5705933266e-02
8.0677765407e-02 1.5532814029e-02
8.0010596157e-02 1.5349333209e-02
7.9324809665e-02 1.5150038076e-02
7.8623214974e-02 1.4933122817e-02
7.7905635619e-02 1.4698574207e-02
7.7170759679e-02 1.4447624671e-02
7.6419620740e-02 1.4181609678e-02
7.5652153777e-02 1.3899776476e-02
7.4867752984e-02 1.3595101274e-02
7.4067012822e-02 1.3267008565e-02
7.3250035494e-02 1.2915564560e-02
7.2411646542e-02 1.2539540296e-02
7.1546811724e-02 1.2138317033e-02
7.0666043149e-02 1.1712051002e-02
6.9778750428e-02 1.1258563254e-02
6.8880964716e-02 1.0780800369e-02
6.7972759773e-02 1.0278807301e-02
6.7054209773e-02 9.7526289705e-03
6.6111172906e-02 9.1974538820e-03
6.5170944192e-02 8.6219443356e-03
