-2.1993973368e-06 -1.8460737910e-06
3.0960212638e-01 1.0532599076e-03
6.1321178049e-01 4.1681683609e-03
9.1071303377e-01 9.2641240265e-03
1.2020406901e+00 1.6281509041e-02
1.4871134684e+00 2.5144017841e-02
1.7658368434e+00 3.5769906574e-02
2.0381263472e+00 4.8111032165e-02
2.3038924679e+00 6.2076620044e-02
2.5630492271e+00 7.7603493597e-02
2.8155252333e+00 9.4627909983e-02
3.0611865658e+00 1.1306237869e-01
3.3000072348e+00 1.3285507566e-01
3.5318637624e+00 1.5391472920e-01
3.7566870049e+00 1.7618840722e-01
3.9743947897e+00 1.9959401952e-01
4.1848928038e+00 2.2405566107e-01
4.3881281916e+00 2.4951384807e-01
4.5840089203e+00 2.7588191272e-01
4.7724632709e+00 3.0309812829e-01
4.9534301917e+00 3.3108160374e-01
5.1268242893e+00 3.5975401170e-01
5.2925993310e+00 3.8905714622e-01
5.4507009147e+00 4.1890112811e-01
5.6010722239e+00 4.4921846209e-01
5.7436577988e+00 4.7993207641e-01
5.8784133051e+00 5.1096915283e-01
6.0052955039e+00 5.4225208197e-01
6.1242680641e+00 5.7369851509e-01
6.2353113363e+00 6.0525071092e-01
6.3384005426e+00 6.3681345967e-01
6.4334832790e+00 6.6832339021e-01
6.5205699960e+00 6.9969101054e-01
6.5996644086e+00 7.3086595112e-01
6.6707396518e+00 7.6175004996e-01
6.7338092390e+00 7.9226994637e-01
6.7888787685e+00 8.2236641667e-01
6.8359921270e+00 8.5194987116e-01
6.8751420091e+00 8.8094781587e-01
6.9063706352e+00 9.0929819122e-01
6.9297218229e+00 9.3691247016e-01
6.9452315821e+00 9.6372928001e-01
6.9529415421e+00 9.8967519971e-01
6.9529301134e+00 1.0146666579e+00
6.9452496592e+00 1.0386576590e+00
6.9300000563e+00 1.0615610598e+00
6.9072148267e+00 1.0833093851e+00
6.8770102226e+00 1.1038489585e+00
6.8395063739e+00 1.1231036004e+00
6.7947585293e+00 1.1410099706e+00
6.7429057129e+00 1.1575166028e+00
6.6840617569e+00 1.1725455987e+00
6.6183451149e+00 1.1860505948e+00
6.5458971342e+00 1.1979790357e+00
6.4668512918e+00 1.2082585268e+00
6.3813572070e+00 1.2168556684e+00
6.2895696352e+00 1.2237134345e+00
6.1916516409e+00 1.2287776737e+00
6.0877741653e+00 1.2320189145e+00
5.9780989241e+00 1.2333832312e+00
5.8628378308e+00 1.2328404393e+00
5.7421664009e+00 1.2303449720e+00
5.6162598718e+00 1.2258743917e+00
5.4853406846e+00 1.2194009099e+00
5.3496458944e+00 1.2108954859e+00
5.2093594463e+00 1.2003446123e+00
5.0647073600e+00 1.1877307632e+00
4.9159371977e+00 1.1730353322e+00
4.7632729064e+00 1.1562643217e+00
4.6069596756e+00 1.1374097705e+00
4.4472567748e+00 1.1164760945e+00
4.2844277544e+00 1.0934831376e+00
4.1187254343e+00 1.0684382740e+00
3.9504127349e+00 1.0413667426e+00
3.7797884345e+00 1.0123072673e+00
3.6071521770e+00 9.8128721851e-01
3.4327756073e+00 9.4835814213e-01
3.2569778725e+00 9.1357576098e-01
3.0800702017e+00 8.7699345310e-01
2.9023998521e+00 8.3869659661e-01
2.7243057356e+00 7.9877411172e-01
2.5461186573e+00 7.5729418614e-01
2.3682292255e+00 7.1439230914e-01
2.1910293900e+00 6.7017535749e-01
2.0149463589e+00 6.2477478277e-01
1.8404194414e+00 5.7838249451e-01
1.6678935466e+00 5.3111313209e-01
1.4978923034e+00 4.8318779699e-01
1.3309993547e+00 4.3485670601e-01
1.1678253815e+00 3.8631717816e-01
1.0090323205e+00 3.3790789231e-01
8.5543405602e-01 2.8991686629e-01
7.0789904640e-01 2.4272648731e-01
5.6752547840e-01 1.9687169775e-01
4.3571777315e-01 1.5282182152e-01
3.1403100165e-01 1.1136278642e-01
2.0471202376e-01 7.3399822932e-02
1.1093588596e-01 4.0126837530e-02
3.8064939860e-02 1.3388381780e-02
-1.9379864221e-05 -1.9786434533e-06
