4.1559096447e+02
4.1546772978e+02
4.1534833058e+02
4.1523599845e+02
4.1512717178e+02
4.1502071925e+02
4.1492349460e+02
4.1482969502e+02
4.1474127069e+02
4.1465912220e+02
4.1458120764e+02
4.1451156119e+02
4.1444412070e+02
4.1438461783e+02
4.1432862064e+02
4.1427973699e+02
4.1423650338e+02
4.1419843877e+02
4.1416837789e+02
4.1414060828e+02
4.1412362107e+02
4.1410887530e+02
4.1410429567e+02
4.1410295956e+02
4.1410613660e+02
4.1411717873e+02
4.1413357984e+02
4.1415844626e+02
4.1418867873e+02
4.1422634329e+02
4.1427133352e+02
4.1431978588e+02
4.1437841432e+02
4.1443913300e+02
4.1450787988e+02
4.1458353655e+02
4.1466680813e+02
4.1475439277e+02
4.1485069066e+02
4.1495382652e+02
4.1506165500e+02
4.1517716561e+02
4.1529976384e+02
4.1542518054e+02
4.1555987941e+02
4.1569861608e+02
4.1584495112e+02
4.1599746862e+02
4.1615553740e+02
4.1632139364e+02
4.1649273255e+02
4.1666749359e+02
4.1685037899e+02
4.1703713223e+02
4.1723224285e+02
4.1743086476e+02
4.1763593555e+02
4.1784412456e+02
4.1805811727e+02
4.1827868541e+02
4.1850188769e+02
4.1873304555e+02
4.1896564847e+02
4.1920367363e+02
4.1944413437e+02
4.1969070934e+02
4.1994113129e+02
4.2019344313e+02
4.2045408584e+02
4.2071407491e+02
4.2097739020e+02
4.2123945425e+02
4.2151192955e+02
4.2178130255e+02
4.2205777352e+02
4.2233555621e+02
4.2261391293e+02
4.2289151061e+02
4.2317094768e+02
4.2345767409e+02
4.2374024433e+02
4.2402863990e+02
4.2430796538e+02
4.2459924689e+02
4.2487877111e+02
4.2516656198e+02
4.2545716403e+02
4.2574283682e+02
4.2602339570e+02
4.2630161174e+02
4.2656984828e+02
4.2685774640e+02
4.2711816994e+02
4.2738183023e+02
4.2766102229e+02
4.2785252384e+02
4.2803972508e+02
4.2836531399e+02
4.2817796218e+02
4.2667006877e+02
