2.5883639055e+02
2.5945220214e+02
2.5822203549e+02
2.6008974571e+02
2.5759760183e+02
2.6072721395e+02
2.5695777421e+02
2.6135780255e+02
2.5631782998e+02
2.6198340233e+02
2.5569919045e+02
2.6260931030e+02
2.5508295973e+02
2.6324744648e+02
2.5445788187e+02
2.6388553016e+02
2.5381624318e+02
2.6451749279e+02
2.5317438694e+02
2.6514430866e+02
2.5256558503e+02
2.6577120918e+02
2.5196218125e+02
2.6641736681e+02
2.5135376801e+02
2.6706391833e+02
2.5073475018e+02
2.6769568783e+02
2.5011557309e+02
2.6831100366e+02
2.4950237259e+02
2.6892643840e+02
2.4889046579e+02
2.6957624102e+02
2.4827512282e+02
2.7022824309e+02
2.4764998028e+02
2.7087337017e+02
2.4702461851e+02
2.7151075214e+02
2.4642102005e+02
2.7214833394e+02
2.4582358398e+02
2.7277754207e+02
2.4521974824e+02
2.7340583967e+02
2.4459521653e+02
2.7403640890e+02
2.4397038965e+02
2.7467180388e+02
2.4337114591e+02
2.7530736800e+02
2.4278093347e+02
2.7594783462e+02
2.4218827267e+02
2.7658917338e+02
2.4158547910e+02
2.7722649967e+02
2.4098240115e+02
2.7785712132e+02
2.4038597415e+02
2.7848795103e+02
2.3979238073e+02
2.7912942781e+02
2.3919868076e+02
2.7977335670e+02
2.3860224945e+02
2.8041124453e+02
2.3800550142e+02
2.8103603284e+02
2.3741634055e+02
2.8166106061e+02
2.3683110192e+02
2.8229974068e+02
2.3624526384e+02
2.8294240976e+02
2.3565305782e+02
2.8358080482e+02
2.3506051033e+02
2.8420823341e+02
2.3448197257e+02
2.8483593358e+02
2.3391214108e+02
2.8546945781e+02
2.3334114612e+02
2.8610514434e+02
2.8673918578e+02
2.3275539563e+02
2.8736880153e+02
2.3216927123e+02
2.8799871634e+02
2.3159167793e+02
2.8862859956e+02
2.3102035717e+02
2.8925855290e+02
2.3044961678e+02
2.8988810107e+02
2.2988544581e+02
2.9051739371e+02
2.2932087674e+02
2.9114701142e+02
2.2875372324e+02
2.9177343767e+02
2.2818435979e+02
2.9239825158e+02
2.2761548941e+02
2.9302427710e+02
2.2706437095e+02
2.9366257572e+02
2.2651280968e+02
2.9430131927e+02
2.2595915613e+02
2.9492307671e+02
2.2540349503e+02
2.9553426974e+02
2.2484754903e+02
2.9614745776e+02
2.2428882207e+02
2.9678432014e+02
2.2372895498e+02
2.9742164971e+02
2.2318236327e+02
2.9803922237e+02
2.2265186376e+02
2.9864221901e+02
2.2212098480e+02
2.9924658715e+02
2.2157502850e+02
2.9988183888e+02
2.2102719207e+02
3.0051758838e+02
2.2048848397e+02
3.0113569205e+02
2.1996295981e+02
3.0173841199e+02
2.1943704501e+02
3.0234117655e+02
2.1891018203e+02
3.0294394100e+02
2.1838232957e+02
3.0354711164e+02
2.1785616399e+02
3.0415838390e+02
2.1733324873e+02
3.0477781727e+02
2.1680993855e+02
3.0539752582e+02
2.1629308398e+02
3.0600469970e+02
3.0661256667e+02
2.1577634183e+02
3.0722010772e+02
2.1526152647e+02
3.0782708435e+02
2.1475117443e+02
3.0843439745e+02
2.1424038770e+02
3.0903402864e+02
2.1373870682e+02
3.0963392761e+02
2.1323823584e+02
3.1023513918e+02
2.1273681596e+02
3.1083795663e+02
2.1223394956e+02
3.1144113109e+02
2.1173063713e+02
3.1203760162e+02
2.1124001681e+02
3.1263408512e+02
2.1075221285e+02
3.1322951730e+02
2.1026358466e+02
3.1382280984e+02
2.0977368924e+02
3.1441647599e+02
2.0928332224e+02
3.1501171461e+02
2.0880068088e+02
3.1560806908e+02
2.0831987431e+02
3.1619944501e+02
2.0784053986e+02
3.1678030902e+02
2.0736838286e+02
3.1736156078e+02
2.0689573044e+02
3.1795427300e+02
2.0642823000e+02
3.1855048501e+02
2.0596217384e+02
3.1913966202e+02
2.0549623239e+02
3.1971108492e+02
3.2028292002e+02
2.0503319845e+02
3.2086499847e+02
2.0456964988e+02
3.2145085471e+02
2.0410890079e+02
3.2203381980e+02
2.0364865343e+02
3.2260718892e+02
2.0319049524e+02
3.2318098998e+02
2.0274986113e+02
3.2375641011e+02
2.0230868777e+02
3.2433329151e+02
2.0185997586e+02
3.2490846955e+02
2.0140510220e+02
3.2547579514e+02
2.0095231097e+02
3.2604359016e+02
2.0052705187e+02
3.2660983220e+02
2.0010122424e+02
3.2717613800e+02
1.9967648142e+02
3.2774100455e+02
1.9925195043e+02
3.2829672230e+02
1.9882680417e+02
3.2885288275e+02
1.9840157802e+02
3.2941337437e+02
1.9797579775e+02
3.2997696033e+02
3.3053983175e+02
1.9755474097e+02
3.3109489691e+02
1.9713697874e+02
3.3165043875e+02
1.9671864155e+02
3.3219469258e+02
1.9630973612e+02
3.3273225602e+02
1.9590024327e+02
3.3327247538e+02
1.9550235493e+02
3.3383445064e+02
1.9511627283e+02
3.3439687215e+02
1.9472956037e+02
3.3495252271e+02
1.9431605606e+02
3.3550435476e+02
1.9390118657e+02
3.3605552851e+02
1.9350650202e+02
3.3658307499e+02
1.9313584562e+02
3.3711111945e+02
1.9276453694e+02
3.3764461843e+02
1.9236911688e+02
3.3818345812e+02
1.9197137205e+02
3.3872277409e+02
3.3925405881e+02
1.9158513381e+02
3.3978584506e+02
1.9121459689e+02
3.4031617111e+02
1.9084338629e+02
3.4084542338e+02
1.9047093618e+02
3.4137524049e+02
1.9009780774e+02
3.4190416771e+02
1.8972775455e+02
3.4243357291e+02
1.8936248549e+02
3.4295465729e+02
1.8899651329e+02
3.4346587499e+02
1.8864143553e+02
3.4397767075e+02
1.8828779822e+02
3.4449716441e+02
1.8793644260e+02
3.4501769100e+02
1.8758973421e+02
3.4553662909e+02
1.8724233452e+02
3.4605398413e+02
1.8689697833e+02
3.4657193542e+02
3.4707676083e+02
1.8655164719e+02
3.4758040156e+02
1.8620936260e+02
3.4808699365e+02
1.8587457767e+02
3.4859885449e+02
1.8553909288e+02
3.4911130402e+02
1.8520675216e+02
3.4960818655e+02
1.8487493589e+02
3.5010273599e+02
1.8454605755e+02
3.5059804981e+02
1.8422646667e+02
3.5109495356e+02
1.8390617410e+02
3.5159246264e+02
1.8358838593e+02
3.5208413716e+02
1.8327116404e+02
3.5257483018e+02
1.8295412736e+02
3.5306528025e+02
3.5355504814e+02
1.8263808026e+02
3.5404541775e+02
1.8232131254e+02
3.5452647273e+02
1.8201802034e+02
3.5500508824e+02
1.8172054247e+02
3.5548577888e+02
1.8142205172e+02
3.5597300027e+02
1.8111912310e+02
3.5646087696e+02
1.8081544753e+02
3.5692906572e+02
1.8052415598e+02
3.5739019639e+02
1.8023938325e+02
3.5785500927e+02
1.7995458619e+02
3.5833365598e+02
1.7967232697e+02
3.5881294037e+02
3.5927548177e+02
1.7938937910e+02
3.5973068417e+02
1.7910826045e+02
3.6018569708e+02
1.7882811960e+02
3.6063821530e+02
1.7854829213e+02
3.6109134460e+02
1.7827575525e+02
3.6154584653e+02
1.7800250305e+02
3.6200131209e+02
1.7773451262e+02
3.6245594251e+02
1.7747044922e+02
3.6290370343e+02
1.7720628922e+02
3.6335207637e+02
1.7694801286e+02
3.6379595163e+02
3.6423708814e+02
1.7668901514e+02
3.6467831968e+02
1.7643356880e+02
3.6511721365e+02
1.7618131993e+02
3.6555673958e+02
1.7592862989e+02
3.6598805349e+02
1.7568181307e+02
3.6641317071e+02
1.7543421873e+02
3.6683866161e+02
1.7519132956e+02
3.6726363419e+02
1.7495352976e+02
3.6768923540e+02
1.7471506926e+02
3.6810992749e+02
1.7447863424e+02
3.6852621389e+02
3.6894290551e+02
1.7424134279e+02
3.6935307255e+02
1.7401015348e+02
3.6976388681e+02
1.7378681406e+02
3.7017032211e+02
1.7356279833e+02
3.7057203569e+02
1.7334302002e+02
3.7097434682e+02
1.7312274746e+02
3.7137182632e+02
1.7290488885e+02
3.7176990108e+02
1.7269096825e+02
3.7216266231e+02
1.7247636482e+02
3.7254860006e+02
3.7293515034e+02
1.7227077281e+02
3.7331643672e+02
1.7206552461e+02
3.7369801203e+02
1.7186293753e+02
3.7407494869e+02
1.7166559555e+02
3.7444472028e+02
1.7146756475e+02
3.7481511598e+02
1.7127047774e+02
3.7517801140e+02
1.7107267894e+02
3.7554061194e+02
1.7088099506e+02
3.7589938798e+02
1.7070297064e+02
3.7625096418e+02
3.7660317272e+02
1.7052422469e+02
3.7694521649e+02
1.7034971207e+02
3.7728603422e+02
1.7017548506e+02
3.7762358556e+02
1.7000303960e+02
3.7795355660e+02
1.6983631057e+02
3.7828416290e+02
1.6966885129e+02
3.7860881651e+02
1.6951157200e+02
3.7893269969e+02
1.6935665787e+02
3.7925081135e+02
3.7955323918e+02
1.6920351115e+02
3.7985632896e+02
1.6905758573e+02
3.8014918285e+02
1.6891089609e+02
3.8043944505e+02
1.6878098083e+02
3.8072675222e+02
1.6865688259e+02
3.8100334590e+02
1.6853225148e+02
3.8128059839e+02
1.6840787306e+02
3.8154543403e+02
1.6828270861e+02
3.8180613696e+02
3.8206334240e+02
1.6817894626e+02
3.8230466031e+02
1.6808445731e+02
3.8254667867e+02
1.6799163618e+02
3.8276911608e+02
1.6791099899e+02
3.8298294771e+02
1.6782953701e+02
3.8319404075e+02
1.6776386182e+02
3.8338787475e+02
1.6770621453e+02
3.8358242442e+02
1.6765225203e+02
3.8375545196e+02
3.8391699985e+02
1.6763062184e+02
3.8407502644e+02
1.6760805894e+02
3.8420282246e+02
1.6761440677e+02
3.8433140149e+02
1.6763925580e+02
3.8442422252e+02
1.6766815230e+02
3.8449383987e+02
1.6775342094e+02
3.8455975947e+02
1.6783767771e+02
3.8457506320e+02
3.8459121086e+02
1.6799851770e+02
3.8451872841e+02
1.6821933266e+02
3.8437705643e+02
1.6843858085e+02
3.8424295167e+02
1.6864284537e+02
3.8426948014e+02
1.6884566282e+02
3.8429761862e+02
1.6992471843e+02
3.8312389942e+02
1.7183128477e+02
3.8082500863e+02
1.7373923617e+02
3.7852528147e+02
