4.0959047708e+02
4.0947134046e+02
4.0935558427e+02
4.0924371148e+02
4.0913956234e+02
4.0903906955e+02
4.0894349363e+02
4.0885338619e+02
4.0876690668e+02
4.0868898894e+02
4.0861352813e+02
4.0854820778e+02
4.0848488382e+02
4.0842702886e+02
4.0837544886e+02
4.0832628476e+02
4.0828680880e+02
4.0825019108e+02
4.0822306935e+02
4.0819944615e+02
4.0818085444e+02
4.0816907318e+02
4.0816153751e+02
4.0816256522e+02
4.0816809737e+02
4.0818057696e+02
4.0819923814e+02
4.0822009818e+02
4.0825109878e+02
4.0828630548e+02
4.0832747639e+02
4.0837709048e+02
4.0842910761e+02
4.0848899538e+02
4.0855431498e+02
4.0862526290e+02
4.0870499004e+02
4.0879014355e+02
4.0887969614e+02
4.0897496910e+02
4.0907464299e+02
4.0918326833e+02
4.0929761333e+02
4.0941611784e+02
4.0954349824e+02
4.0967315240e+02
4.0980879483e+02
4.0995199746e+02
4.1010075469e+02
4.1025430924e+02
4.1041504242e+02
4.1057786618e+02
4.1074763755e+02
4.1092293444e+02
4.1110645629e+02
4.1129027106e+02
4.1148113402e+02
4.1167481935e+02
4.1187707210e+02
4.1208189284e+02
4.1229498591e+02
4.1250631277e+02
4.1272430717e+02
4.1294471120e+02
4.1317462443e+02
4.1340525692e+02
4.1364011026e+02
4.1387481197e+02
4.1411745555e+02
4.1436059054e+02
4.1461312203e+02
4.1485904867e+02
4.1511217990e+02
4.1536826978e+02
4.1562808280e+02
4.1588335891e+02
4.1615102842e+02
4.1641190834e+02
4.1667961560e+02
4.1693874532e+02
4.1721617414e+02
4.1748116736e+02
4.1774944478e+02
4.1801994680e+02
4.1829247309e+02
4.1855359568e+02
4.1882664609e+02
4.1908528059e+02
4.1936147039e+02
4.1959870041e+02
4.1987602652e+02
4.2013104858e+02
4.2035960760e+02
4.2061133717e+02
4.2081759333e+02
4.2105181194e+02
4.2117263820e+02
4.2141460581e+02
4.2128767424e+02
4.1984705573e+02
