-1.1278370916e-05 4.0667542515e-08
2.6356839450e-01 -1.5192954763e-04
5.2258662648e-01 -5.6955654085e-04
7.7704341757e-01 -1.2528403121e-03
1.0269387678e+00 -2.2017808615e-03
1.2722726771e+00 -3.4163781888e-03
1.5130451455e+00 -4.8966322943e-03
1.7493067450e+00 -6.6394195125e-03
1.9811693935e+00 -8.6181788623e-03
2.2086358729e+00 -1.0829069386e-02
2.4317061830e+00 -1.3272091084e-02
2.6503803239e+00 -1.5947243957e-02
2.8646625698e+00 -1.8868969546e-02
3.0745581527e+00 -2.2034728836e-02
3.2801560153e+00 -2.5408444538e-02
3.4814633027e+00 -2.8994212545e-02
3.6784768688e+00 -3.2784337473e-02
3.8711967138e+00 -3.6778819321e-02
4.0596228375e+00 -4.0977658090e-02
4.2438147799e+00 -4.5380003716e-02
4.4238220882e+00 -4.9968433662e-02
4.5996425745e+00 -5.4741728781e-02
4.7712778942e+00 -5.9708664101e-02
4.9387187170e+00 -6.4868210172e-02
5.1020075839e+00 -7.0185640521e-02
5.2611680520e+00 -7.5665199941e-02
5.4162001212e+00 -8.1306888431e-02
5.5671037915e+00 -8.7110705993e-02
5.7139206804e+00 -9.3084293379e-02
5.8566581923e+00 -9.9201984425e-02
5.9953464801e+00 -1.0545834452e-01
6.1299716310e+00 -1.1184468246e-01
6.2605336448e+00 -1.1836099825e-01
6.3870325215e+00 -1.2500729189e-01
6.5094883644e+00 -1.3178156257e-01
6.6279497721e+00 -1.3866324565e-01
6.7424149641e+00 -1.4564780275e-01
6.8528839403e+00 -1.5273523389e-01
6.9593567008e+00 -1.5992553906e-01
7.0618337198e+00 -1.6721865115e-01
7.1603328848e+00 -1.7459501776e-01
7.2548621739e+00 -1.8203342900e-01
7.3454215871e+00 -1.8953388487e-01
7.4320111246e+00 -1.9709638537e-01
7.5146307862e+00 -2.0472093050e-01
7.5932930852e+00 -2.1240439301e-01
7.6680178622e+00 -2.2011943799e-01
7.7387951234e+00 -2.2785973007e-01
7.8056248688e+00 -2.3562526924e-01
7.8685049480e+00 -2.4341578050e-01
7.9274004727e+00 -2.5122625842e-01
7.9823767498e+00 -2.5904235863e-01
8.0333813833e+00 -2.6684288002e-01
8.0804297410e+00 -2.7462179406e-01
8.1235276226e+00 -2.8237773969e-01
8.1626750281e+00 -2.9011071690e-01
8.1978553051e+00 -2.9780946248e-01
8.2290613974e+00 -3.0544340636e-01
8.2562964910e+00 -3.1301084605e-01
8.2795415225e+00 -3.2051443116e-01
8.2987777798e+00 -3.2795751334e-01
8.3140498012e+00 -3.3531541497e-01
8.3252912852e+00 -3.4256317051e-01
8.3324915767e+00 -3.4970151913e-01
8.3356576520e+00 -3.5672823443e-01
8.3348128783e+00 -3.6363664760e-01
8.3298883123e+00 -3.7041048459e-01
8.3209138785e+00 -3.7700951002e-01
8.3078438513e+00 -3.8344854781e-01
8.2906782308e+00 -3.8972759796e-01
8.2694187287e+00 -3.9584211727e-01
8.2440058597e+00 -4.0174662030e-01
8.2144197271e+00 -4.0743095462e-01
8.1806603308e+00 -4.1289512023e-01
8.1427276708e+00 -4.1813911712e-01
8.1006083124e+00 -4.2316286955e-01
8.0542110046e+00 -4.2792744946e-01
8.0035352383e+00 -4.3240528582e-01
7.9485832381e+00 -4.3659305843e-01
7.8893550040e+00 -4.4049076727e-01
7.8258505360e+00 -4.4409841235e-01
7.7579659144e+00 -4.4739355656e-01
7.6856295343e+00 -4.5033277057e-01
7.6088554015e+00 -4.5291516141e-01
7.5276435160e+00 -4.5514072906e-01
7.4419980921e+00 -4.5698253598e-01
7.3518952125e+00 -4.5842971623e-01
7.2571569778e+00 -4.5943846394e-01
7.1578017501e+00 -4.6001729968e-01
7.0538563581e+00 -4.6017428079e-01
6.9453390824e+00 -4.5988172658e-01
6.8320760315e+00 -4.5909414481e-01
6.7140366249e+00 -4.5780928899e-01
6.5912813383e+00 -4.5601002840e-01
6.4636956179e+00 -4.5369633775e-01
6.3312454336e+00 -4.5076719398e-01
6.1938891432e+00 -4.4726519342e-01
6.0516023633e+00 -4.4320539805e-01
5.9043900217e+00 -4.3857067727e-01
5.7520931873e+00 -4.3326695610e-01
