1.6439322192e+02
1.6215549833e+02
1.6438985047e+02
1.6438647901e+02
1.6226268490e+02
1.6438310756e+02
1.6438015152e+02
1.6236987156e+02
1.6437775302e+02
1.6437535453e+02
1.6247705821e+02
1.6437322301e+02
1.6264512465e+02
1.6437108966e+02
1.6436849625e+02
1.6330685042e+02
1.6436590285e+02
1.6315093306e+02
1.6436339893e+02
1.6436091610e+02
1.6283295236e+02
1.6435911479e+02
1.6283473693e+02
1.6435672296e+02
1.6303001211e+02
1.6435381006e+02
1.6321842300e+02
1.6435089716e+02
1.6301860362e+02
1.6434800389e+02
1.6306276468e+02
1.6434561954e+02
1.6434346134e+02
1.6310692575e+02
1.6434130314e+02
1.6317349127e+02
1.6433898484e+02
1.6328266025e+02
1.6433567825e+02
1.6331071699e+02
1.6433234516e+02
1.6333877374e+02
1.6432898679e+02
1.6336683048e+02
1.6432546189e+02
1.6342998756e+02
1.6432161637e+02
1.6349717885e+02
1.6431777086e+02
1.6350233248e+02
1.6431365634e+02
1.6351204096e+02
1.6430854615e+02
1.6355365705e+02
1.6430306956e+02
1.6359527314e+02
1.6429774157e+02
1.6363565160e+02
1.6429261509e+02
1.6364469085e+02
1.6428729480e+02
1.6366955396e+02
1.6428115468e+02
1.6369898327e+02
1.6427501456e+02
1.6373146904e+02
1.6426885706e+02
1.6376990015e+02
1.6426095347e+02
1.6379152886e+02
1.6425304988e+02
1.6381309917e+02
1.6424408973e+02
1.6383466948e+02
1.6423528682e+02
1.6386359209e+02
1.6422714064e+02
1.6389232597e+02
1.6421899446e+02
1.6390756026e+02
1.6421084828e+02
1.6392426286e+02
1.6420084525e+02
1.6394547738e+02
1.6418906816e+02
1.6396669190e+02
1.6417729107e+02
1.6398790642e+02
1.6416551398e+02
1.6400198531e+02
1.6415568302e+02
1.6401790776e+02
1.6414511179e+02
1.6403559760e+02
1.6413044962e+02
1.6405328744e+02
1.6411582307e+02
1.6407242443e+02
1.6410154763e+02
1.6408727219e+02
