2.6202239849e+01
2.6196168702e+01
2.6190097554e+01
2.6184026406e+01
2.6177955258e+01
2.6172797205e+01
2.6168051939e+01
2.6163306672e+01
2.6158277879e+01
2.6153120890e+01
2.6149310432e+01
2.6145499974e+01
2.6141645851e+01
2.6137717524e+01
2.6134259532e+01
2.6131490111e+01
2.6128432191e+01
2.6125374270e+01
2.6122504719e+01
2.6120662634e+01
2.6118820549e+01
2.6116978465e+01
2.6115099029e+01
2.6113954795e+01
2.6112713674e+01
2.6111472552e+01
2.6110428731e+01
2.6110330747e+01
2.6110232763e+01
2.6110134779e+01
2.6110174644e+01
2.6110650658e+01
2.6111126673e+01
2.6111602687e+01
2.6112447326e+01
2.6113995404e+01
2.6115543483e+01
2.6117091561e+01
2.6119130133e+01
2.6121240387e+01
2.6123326286e+01
2.6125412184e+01
2.6128186321e+01
2.6131236870e+01
2.6134287420e+01
2.6137415688e+01
2.6141532351e+01
2.6145113985e+01
2.6148658390e+01
2.6152384221e+01
2.6156793278e+01
2.6161202334e+01
2.6165794724e+01
2.6170875949e+01
2.6176324705e+01
2.6181131426e+01
2.6185938146e+01
2.6191427494e+01
2.6197054728e+01
2.6202832810e+01
2.6209039302e+01
2.6215783458e+01
2.6221692706e+01
2.6227601954e+01
2.6233851161e+01
2.6240314061e+01
2.6247019225e+01
2.6254256439e+01
2.6261308591e+01
2.6267659807e+01
2.6274115727e+01
2.6281936648e+01
2.6289382602e+01
2.6296804452e+01
2.6303336462e+01
2.6309522752e+01
2.6315289801e+01
2.6322575058e+01
2.6330036503e+01
2.6336959341e+01
2.6343637268e+01
2.6348798068e+01
2.6353607325e+01
2.6358208130e+01
2.6362808934e+01
2.6365710576e+01
2.6367319272e+01
2.6370032562e+01
2.6372745852e+01
2.6371565608e+01
2.6367184058e+01
2.6362612702e+01
2.6350476283e+01
2.6336419844e+01
2.6324512471e+01
2.6304538158e+01
2.6257405047e+01
2.6210271936e+01
2.6163138824e+01
2.6116005713e+01
