-3.9819401975e-06 9.8648811917e-07
2.6839525278e-01 -4.8409239271e-04
5.3090173578e-01 -1.9154691864e-03
7.8747340925e-01 -4.2471319309e-03
1.0380870563e+00 -7.4469228367e-03
1.2827227051e+00 -1.1473125947e-02
1.5213442689e+00 -1.6293529595e-02
1.7539481152e+00 -2.1864370821e-02
1.9805089982e+00 -2.8156160532e-02
2.2010216560e+00 -3.5120713453e-02
2.4154756418e+00 -4.2737046560e-02
2.6238668818e+00 -5.0955937628e-02
2.8261871587e+00 -5.9753191122e-02
3.0224415374e+00 -6.9085882896e-02
3.2126243456e+00 -7.8928069181e-02
3.3967509129e+00 -8.9238887076e-02
3.5748028215e+00 -9.9990022798e-02
3.7468109721e+00 -1.1114777326e-01
3.9127702525e+00 -1.2268142349e-01
4.0726812790e+00 -1.3455679745e-01
4.2265730673e+00 -1.4674766438e-01
4.3744405273e+00 -1.5922065529e-01
4.5163055332e+00 -1.7194987065e-01
4.6521686633e+00 -1.8490274267e-01
4.7820609962e+00 -1.9805231103e-01
4.9059826225e+00 -2.1137142580e-01
5.0239639128e+00 -2.2482926977e-01
5.1360053962e+00 -2.3840453971e-01
5.2421377344e+00 -2.5206196153e-01
5.3423569734e+00 -2.6577841094e-01
5.4366989785e+00 -2.7952820079e-01
5.5251707813e+00 -2.9328673321e-01
5.6078022653e+00 -3.0702748864e-01
5.6845866515e+00 -3.2072789443e-01
5.7555671524e+00 -3.3436015614e-01
5.8207597154e+00 -3.4790429646e-01
5.8801772080e+00 -3.6132694375e-01
5.9338327381e+00 -3.7461841297e-01
5.9817465314e+00 -3.8773727352e-01
6.0239403907e+00 -4.0067184704e-01
6.0604487866e+00 -4.1339401114e-01
6.0912769771e+00 -4.2588146980e-01
6.1164455088e+00 -4.3811361126e-01
6.1359896612e+00 -4.5006408070e-01
6.1498950713e+00 -4.6170788349e-01
6.1582250101e+00 -4.7302221068e-01
6.1609923558e+00 -4.8398737956e-01
6.1582168425e+00 -4.9457855991e-01
6.1499167622e+00 -5.0477686794e-01
6.1360919895e+00 -5.1454501115e-01
6.1168120818e+00 -5.2387407147e-01
6.0920883913e+00 -5.3273460203e-01
6.0619349755e+00 -5.4110184448e-01
6.0263902728e+00 -5.4895536606e-01
5.9854750082e+00 -5.5626780890e-01
5.9392205792e+00 -5.6301743974e-01
5.8876794440e+00 -5.6918368102e-01
5.8308297185e+00 -5.7473291182e-01
5.7687659574e+00 -5.7964986402e-01
5.7014872147e+00 -5.8390183159e-01
5.6290731120e+00 -5.8747480522e-01
5.5515155738e+00 -5.9033165650e-01
5.4688853964e+00 -5.9245522685e-01
5.3812104667e+00 -5.9381196124e-01
5.2885465742e+00 -5.9438574703e-01
5.1909533927e+00 -5.9414419010e-01
5.0884682514e+00 -5.9306201635e-01
4.9811675379e+00 -5.9111294104e-01
4.8691004314e+00 -5.8827339633e-01
4.7523430471e+00 -5.8451897918e-01
4.6309628377e+00 -5.7981288115e-01
4.5050422722e+00 -5.7414419609e-01
4.3746612624e+00 -5.6747921140e-01
4.2399183385e+00 -5.5979225552e-01
4.1008844298e+00 -5.5106104665e-01
3.9576881778e+00 -5.4125357387e-01
3.8105005254e+00 -5.3035062144e-01
3.6594008046e+00 -5.1834044133e-01
3.5044599788e+00 -5.0519692651e-01
3.3459004522e+00 -4.9089142828e-01
3.1838872524e+00 -4.7541214936e-01
3.0185812571e+00 -4.5874105430e-01
2.8502206304e+00 -4.4086623844e-01
2.6790083157e+00 -4.2178396585e-01
2.5051791349e+00 -4.0148299863e-01
2.3290615808e+00 -3.7996850959e-01
2.1509114452e+00 -3.5724643930e-01
1.9711133924e+00 -3.3332851600e-01
1.7901182377e+00 -3.0824706417e-01
1.6083256679e+00 -2.8203576548e-01
1.4263117787e+00 -2.5475083201e-01
1.2447874864e+00 -2.2647767015e-01
1.0644607775e+00 -1.9731930965e-01
8.8629337452e-01 -1.6741866285e-01
7.1161587547e-01 -1.3700753018e-01
5.4202370978e-01 -1.0638700790e-01
3.7959016038e-01 -7.5976481013e-02
2.2825344911e-01 -4.6698935169e-02
9.4484008176e-02 -1.8992384950e-02
-3.5268902355e-05 1.2118265260e-06
