-9.3476596665e-06 -1.6257908852e-05
1.8638949690e-01 6.3762007220e-04
3.6720301460e-01 2.5035682903e-03
5.4246477174e-01 5.5504948968e-03
7.1222726813e-01 9.7325807300e-03
8.7653935151e-01 1.4992025678e-02
1.0354411921e+00 2.1283754880e-02
1.1889929270e+00 2.8561231418e-02
1.3372377953e+00 3.6774316632e-02
1.4802324784e+00 4.5878882371e-02
1.6180289052e+00 5.5826927715e-02
1.7506686864e+00 6.6574510533e-02
1.8782254999e+00 7.8079041664e-02
2.0007330620e+00 9.0294172013e-02
2.1182618023e+00 1.0317838782e-01
2.2308572979e+00 1.1668797913e-01
2.3385756607e+00 1.3078045315e-01
2.4414769799e+00 1.4541461103e-01
2.5396096924e+00 1.6054629366e-01
2.6330321336e+00 1.7613645996e-01
2.7218060243e+00 1.9214658408e-01
2.8059828174e+00 2.0852984163e-01
2.8856092841e+00 2.2525060870e-01
2.9607410754e+00 2.4226483525e-01
3.0314479841e+00 2.5953380801e-01
3.0977697141e+00 2.7702266449e-01
3.1597594846e+00 2.9468388457e-01
3.2174725126e+00 3.1248182310e-01
3.2709765275e+00 3.3037539939e-01
3.3203034881e+00 3.4832862914e-01
3.3655182186e+00 3.6629727399e-01
3.4066636654e+00 3.8424170634e-01
3.4437919164e+00 4.0212728531e-01
3.4769599736e+00 4.1991503457e-01
3.5062149686e+00 4.3756038197e-01
3.5315925392e+00 4.5502727742e-01
3.5531628371e+00 4.7227841145e-01
3.5709628504e+00 4.8927043640e-01
3.5850361622e+00 5.0597005997e-01
3.5954406084e+00 5.2233538718e-01
3.6022065086e+00 5.3832424254e-01
3.6054074254e+00 5.5390573212e-01
3.6050608771e+00 5.6903739379e-01
3.6012314766e+00 5.8367832026e-01
3.5939540770e+00 5.9779195157e-01
3.5832867545e+00 6.1134534786e-01
3.5692641063e+00 6.2429073343e-01
3.5519346947e+00 6.3660378334e-01
3.5313520058e+00 6.4823786849e-01
3.5075466626e+00 6.5915386005e-01
3.4805752966e+00 6.6931998213e-01
3.4504911331e+00 6.7870332379e-01
3.4173349999e+00 6.8726428093e-01
3.3811466006e+00 6.9496676683e-01
3.3419843742e+00 7.0178284504e-01
3.2999046753e+00 7.0767447013e-01
3.2549430825e+00 7.1260581530e-01
3.2071617246e+00 7.1655237743e-01
3.1565980541e+00 7.1947692614e-01
3.1033351279e+00 7.2135684763e-01
3.0474101395e+00 7.2216187625e-01
2.9888888120e+00 7.2186249567e-01
2.9278321511e+00 7.2043260932e-01
2.8643045208e+00 7.1785341663e-01
2.7983656858e+00 7.1410464304e-01
2.7300835037e+00 7.0916092016e-01
2.6595406799e+00 7.0300583060e-01
2.5867969166e+00 6.9562428503e-01
2.5119390041e+00 6.8700197756e-01
2.4350521436e+00 6.7713226657e-01
2.3562128817e+00 6.6600828739e-01
2.2755170973e+00 6.5362270566e-01
2.1930599386e+00 6.3997263256e-01
2.1089309156e+00 6.2506547008e-01
2.0232496356e+00 6.0890646738e-01
1.9361360190e+00 5.9151331171e-01
1.8477005172e+00 5.7289652384e-01
1.7580626054e+00 5.5307612032e-01
1.6673729622e+00 5.3208063683e-01
1.5757779945e+00 5.0994453639e-01
1.4834164200e+00 4.8670825778e-01
1.3904742369e+00 4.6241969057e-01
1.2971401982e+00 4.3714131719e-01
1.2035928995e+00 4.1093305591e-01
1.1100498946e+00 3.8387031026e-01
1.0167601096e+00 3.5603442837e-01
9.2398390740e-01 3.2753272502e-01
8.3199725002e-01 2.9849262465e-01
7.4112994675e-01 2.6902274941e-01
6.5174143807e-01 2.3930894844e-01
5.6425405641e-01 2.0952252594e-01
4.7916679193e-01 1.7989475143e-01
3.9701037483e-01 1.5064796278e-01
3.1842355345e-01 1.2208945959e-01
2.4432775042e-01 9.4610403327e-02
1.7574709119e-01 6.8685800952e-02
1.1397805215e-01 4.4952342321e-02
6.1118979275e-02 2.4265707360e-02
2.0510031762e-02 7.8883114333e-03
-1.1383181912e-04 -4.3631507682e-05
