3.4953069955e-01 2.8286041495e-01
4.4019111749e-01 3.5296524760e-01
5.2839979091e-01 -4.3950071607e-01
5.4004703533e-01 4.2087831106e-01
6.4887254263e-01 4.8665801496e-01
6.5611676965e-01 -5.4108380142e-01
7.6639892079e-01 5.5035756776e-01
7.9303452989e-01 -6.4139729011e-01
8.9231555440e-01 6.1202444223e-01
9.3845246628e-01 -7.3760272324e-01
1.0262710182e+00 6.7169987822e-01
1.0921597344e+00 -8.2985142157e-01
1.1678743356e+00 7.2941842506e-01
1.2539001045e+00 -9.1828835383e-01
1.3166964033e+00 7.8520752568e-01
1.4233726278e+00 -1.0030510331e+00
1.4743270369e+00 8.4013021771e-01
1.6002324959e+00 -1.0842684659e+00
1.6513242567e+00 9.0115884169e-01
1.7840920891e+00 -1.1620601593e+00
1.8346419859e+00 9.6307715884e-01
1.9745222104e+00 -1.2365351902e+00
2.0233698651e+00 1.0258535799e+00
2.1808434142e+00 -1.3138158868e+00
2.2165406501e+00 1.0894220447e+00
2.3977202316e+00 -1.3936928779e+00
2.4131343150e+00 1.1536821002e+00
2.6144607017e+00 1.2113536218e+00
2.6199363324e+00 -1.4740632375e+00
2.8208734860e+00 1.2505295288e+00
2.8464756770e+00 -1.5549369246e+00
3.0274012787e+00 1.2825789243e+00
3.0748480828e+00 -1.6337893399e+00
3.2342385950e+00 1.3078176029e+00
3.2871669207e+00 -1.6821845213e+00
3.4415287945e+00 1.3265524104e+00
3.4945518958e+00 -1.7207591860e+00
3.6493625217e+00 1.3390795965e+00
3.6978177343e+00 -1.7501517462e+00
3.8577764084e+00 1.3456832483e+00
3.9066156374e+00 -1.7763207909e+00
4.0667520475e+00 1.3466338092e+00
4.1257852310e+00 -1.8034629805e+00
4.2797173588e+00 1.3441698843e+00
4.3432372638e+00 -1.8247662142e+00
4.4920614101e+00 1.3368080366e+00
4.5589727351e+00 -1.8401895801e+00
4.6989225314e+00 1.3233202084e+00
4.7729626348e+00 -1.8496983531e+00
4.9025772048e+00 1.3039562770e+00
4.9851472146e+00 -1.8532641070e+00
5.1038129163e+00 1.2788955645e+00
5.1954354210e+00 -1.8508648195e+00
5.3025287362e+00 1.2481561578e+00
5.4037044937e+00 -1.8424849683e+00
5.4985990963e+00 1.2117708702e+00
5.6097997303e+00 -1.8281156189e+00
5.6918736156e+00 1.1697872019e+00
5.8120231071e+00 -1.8080846731e+00
5.8821770628e+00 1.1222672476e+00
5.9992960848e+00 -1.7848856963e+00
6.0693094546e+00 1.0692875546e+00
6.1788615518e+00 -1.7569796844e+00
6.2530462907e+00 1.0109389302e+00
6.3506965816e+00 -1.7243250790e+00
6.4301234021e+00 9.4801165757e-01
6.5147642378e+00 -1.6868826056e+00
6.5890234301e+00 8.8362622937e-01
6.6723112480e+00 -1.6409651864e+00
6.7426625938e+00 8.1516735940e-01
6.8215510225e+00 -1.5898197033e+00
6.8922280914e+00 7.4312257323e-01
6.9616909737e+00 -1.5352699411e+00
7.0287835700e+00 6.6886332114e-01
7.0926858127e+00 -1.4773039673e+00
7.1512084376e+00 5.9246985738e-01
7.2144799032e+00 -1.4159077183e+00
7.2645311105e+00 5.1449400977e-01
7.3270070110e+00 -1.3510653057e+00
7.3687640912e+00 4.3499001222e-01
7.4301901433e+00 -1.2827593449e+00
7.4639116537e+00 3.5401632837e-01
7.5239414803e+00 -1.2109713058e+00
7.5499694001e+00 2.7163567962e-01
7.6081623985e+00 -1.1356818825e+00
7.6269238967e+00 1.8791505776e-01
7.6827435873e+00 -1.0568713822e+00
7.6947523924e+00 1.0292572179e-01
7.7475652578e+00 -9.7452012924e-01
7.7534226218e+00 1.6743178617e-02
7.8024974430e+00 -8.8860888349e-01
7.8028926920e+00 -7.0552852364e-02
7.8431110561e+00 -1.5887849115e-01
7.8474003896e+00 -7.9911927148e-01
7.8740165718e+00 -2.4814576540e-01
7.8804121469e+00 -7.0573067573e-01
7.8955386460e+00 -3.3826269511e-01
7.9029619509e+00 -6.1273373796e-01
7.9075974651e+00 -4.2913339372e-01
7.9101043095e+00 -5.2065818531e-01
