-1.2463473128e-06 6.3221206154e-06
1.7731489524e-01 -2.4930220770e-04
3.4896524424e-01 -9.7616726211e-04
5.1504131924e-01 -2.1614034340e-03
6.7562180768e-01 -3.7851874104e-03
8.3080144335e-01 -5.8246087436e-03
9.8066118229e-01 -8.2609568638e-03
1.1252964158e+00 -1.1073234641e-02
1.2647956243e+00 -1.4243489314e-02
1.3992497603e+00 -1.7752413258e-02
1.5287493593e+00 -2.1582410566e-02
1.6533815989e+00 -2.5714412205e-02
1.7732417376e+00 -3.0134052174e-02
1.8884175469e+00 -3.4822002467e-02
1.9990013459e+00 -3.9766205641e-02
2.1050820503e+00 -4.4945335465e-02
2.2067352926e+00 -5.0348458571e-02
2.3040766469e+00 -5.5957349242e-02
2.3971681300e+00 -6.1760664087e-02
2.4861043044e+00 -6.7742187282e-02
2.5709591311e+00 -7.3888557367e-02
2.6518254603e+00 -8.0188472566e-02
2.7287840741e+00 -8.6625363015e-02
2.8018998593e+00 -9.3190574895e-02
2.8712717543e+00 -9.9866613882e-02
2.9369563319e+00 -1.0664323116e-01
2.9990333896e+00 -1.1350934553e-01
3.0575704110e+00 -1.2045113077e-01
3.1126359005e+00 -1.2745837952e-01
3.1643070685e+00 -1.3451883732e-01
3.2126255194e+00 -1.4161934678e-01
3.2576731940e+00 -1.4875213625e-01
3.2994981360e+00 -1.5590363631e-01
3.3381608653e+00 -1.6306335265e-01
3.3737079748e+00 -1.7022097807e-01
3.4061953743e+00 -1.7736157475e-01
3.4356703801e+00 -1.8447820494e-01
3.4621877237e+00 -1.9155836015e-01
3.4857698906e+00 -1.9859068071e-01
3.5064742850e+00 -2.0556649796e-01
3.5243262136e+00 -2.1246995467e-01
3.5393608954e+00 -2.1929065345e-01
3.5516201357e+00 -2.2601836941e-01
3.5611158285e+00 -2.3263976899e-01
3.5678896961e+00 -2.3914505741e-01
3.5719509630e+00 -2.4552119094e-01
3.5733333153e+00 -2.5175720067e-01
3.5720491278e+00 -2.5784057260e-01
3.5681016746e+00 -2.6375642602e-01
3.5615233570e+00 -2.6949439718e-01
3.5523127659e+00 -2.7504266419e-01
3.5404757619e+00 -2.8038423562e-01
3.5260197746e+00 -2.8550523944e-01
3.5089412091e+00 -2.9039415624e-01
3.4892561681e+00 -2.9503524330e-01
3.4669421543e+00 -2.9941419562e-01
3.4420152074e+00 -3.0351972445e-01
3.4144460943e+00 -3.0732967209e-01
3.3842361512e+00 -3.1083450571e-01
3.3513912735e+00 -3.1402017174e-01
3.3158824325e+00 -3.1685971522e-01
3.2777029382e+00 -3.1934871865e-01
3.2368365516e+00 -3.2146599591e-01
3.1932689005e+00 -3.2319140570e-01
3.1469871425e+00 -3.2450994482e-01
3.0979712245e+00 -3.2540241453e-01
3.0462115076e+00 -3.2585153893e-01
2.9916787783e+00 -3.2583854465e-01
2.9343674460e+00 -3.2534615761e-01
2.8742618944e+00 -3.2435363172e-01
2.8113425331e+00 -3.2284156727e-01
2.7456021266e+00 -3.2079290549e-01
2.6770179687e+00 -3.1818428605e-01
2.6055899813e+00 -3.1499658253e-01
2.5313051214e+00 -3.1121080176e-01
2.4541694205e+00 -3.0680948652e-01
2.3741752451e+00 -3.0176591443e-01
2.2913293920e+00 -2.9606747911e-01
2.2056530914e+00 -2.8969918494e-01
2.1171424521e+00 -2.8262734352e-01
2.0258425887e+00 -2.7484455991e-01
1.9317841259e+00 -2.6633567895e-01
1.8350086882e+00 -2.5707702056e-01
1.7355772002e+00 -2.4706131107e-01
1.6335632014e+00 -2.3627335675e-01
1.5290589500e+00 -2.2470259675e-01
1.4221836538e+00 -2.1234307779e-01
1.3130605970e+00 -1.9918919321e-01
1.2018673098e+00 -1.8524402834e-01
1.0888233571e+00 -1.7051568122e-01
9.7418665150e-01 -1.5502090494e-01
8.5827013637e-01 -1.3878734617e-01
7.4149448295e-01 -1.2185930159e-01
6.2439338639e-01 -1.0430277206e-01
5.0768119196e-01 -8.6210308770e-02
3.9230625194e-01 -6.7734184640e-02
2.7965160317e-01 -4.9085770562e-02
1.7211155367e-01 -3.0823648156e-02
7.3902536483e-02 -1.2989142418e-02
-1.6727469777e-04 2.9756361342e-05
