-1.3997262625e-05 9.5721567586e-09
-9.6681450788e-06 8.8556616990e-09
-2.5627297898e-06 7.1503175341e-09
6.8161668230e-06 4.3786123561e-09
1.1296959143e-05 8.3635674428e-10
1.3850401191e-05 -1.8475003326e-09
1.4476492966e-05 -3.6729588746e-09
1.3175234469e-05 -4.6400188815e-09
9.9466257002e-06 -4.7486803536e-09
4.7906666586e-06 -3.9989432907e-09
-2.2926426553e-06 -2.3908076928e-09
-7.7811046555e-06 1.8683752327e-10
-1.0345531475e-05 2.4108739760e-09
-1.1322235513e-05 3.9413175691e-09
-1.0711216769e-05 4.7781683026e-09
-8.5124752437e-06 4.9214261765e-09
-1.4242638600e-06 1.0476499521e-09
-2.4793746805e-06 3.6793356226e-10
-2.9686909629e-06 1.7941341736e-09
-2.9042749204e-06 3.0273290442e-09
-2.2861265530e-06 4.0675181739e-09
-1.1142458607e-06 4.9147015628e-09
6.1136715651e-07 5.5688792108e-09
2.8907124986e-06 6.0300511181e-09
5.7237901657e-06 6.2982172845e-09
3.5409456612e-06 4.2992707707e-09
1.7860070441e-06 2.6482288630e-09
5.4305145722e-07 1.3808207040e-09
-1.8792109978e-07 4.9704629362e-10
-4.0691062673e-07 -3.0943680892e-12
-1.1391712365e-07 -1.1960128115e-10
-1.5550082430e-05 9.2998027128e-09
2.4542777955e-06 -7.6142331632e-10
4.7936983950e-07 -7.0920931472e-10
-2.9478451731e-06 -5.3047663525e-10
-6.0140577062e-06 -7.9810467672e-10
-3.6865697034e-06 -2.6529840438e-09
-1.8964827289e-06 -3.9365106323e-09
-6.4379678269e-07 -4.6486844422e-09
7.1488134958e-08 -4.7895054736e-09
2.4937202423e-07 -4.3589737263e-09
-1.1014511486e-07 -3.3570892005e-09
-1.0070632824e-06 -1.7838518961e-09
-4.8961607950e-07 -7.2935993314e-11
4.1171530111e-08 1.0812781336e-09
2.0743608937e-08 1.6774657511e-09
-5.5089984295e-07 1.7156268593e-09
-1.6737588256e-06 1.1957614580e-09
1.1534603571e-06 5.3104519681e-10
1.1619765824e-06 5.1829595280e-10
7.8582456595e-07 6.2307921112e-10
2.5004307594e-08 8.4539497177e-10
-7.0487168474e-07 1.3409114376e-09
9.9490054204e-07 2.7676784740e-09
1.8618624584e-06 3.7146329412e-09
1.8960140641e-06 4.1817748390e-09
1.0973553593e-06 4.1691041675e-09
-5.3411365593e-07 3.6766209268e-09
-2.9983929818e-06 2.7043251167e-09
-6.2954826181e-06 1.2522167374e-09
-4.1691609471e-06 2.9490745587e-10
-3.3484067646e-07 -1.5895325397e-10
2.0471725375e-06 -4.8629528595e-10
2.9768786947e-06 -6.8711864007e-10
2.6989381843e-06 6.1911171362e-09
3.4408813585e-06 6.8706704130e-09
3.1983276708e-06 6.8541799046e-09
1.9712771212e-06 6.1416456109e-09
-2.4027029032e-07 4.7330675319e-09
-3.3490128215e-06 2.6388480261e-09
-1.4516755408e-06 1.1066432142e-09
-8.8237080707e-08 4.5913435651e-12
7.4130255887e-07 -6.6730758571e-10
1.0369433777e-06 -9.0905357364e-10
7.9868537602e-07 -7.2064662024e-10
2.6528553671e-08 -1.0208672549e-10
-1.2795270893e-06 9.4662611060e-10
-1.1800977706e-06 1.2744879428e-09
-1.7576819485e-08 9.0914119181e-10
7.6027588969e-07 6.6132694314e-10
-2.4298226699e-06 -3.8618441148e-09
6.3090002592e-09 -4.0399565581e-09
1.1928541218e-06 -3.8406993539e-09
1.1298126949e-06 -3.2640725021e-09
-1.8281528058e-07 -2.3100760028e-09
-2.7450298046e-06 -9.7870985590e-10
-6.5568308772e-06 7.3002593857e-10
-3.9079741164e-06 1.4864796818e-09
-1.3934937860e-06 1.9667044898e-09
2.4495161242e-07 2.2769789081e-09
1.0073620788e-06 2.4173029368e-09
8.9373761332e-07 2.3876765759e-09
-9.5921784066e-08 2.1880998254e-09
-1.9616161134e-06 1.8185726852e-09
-1.7384387499e-06 2.7438792268e-09
9.7249814817e-07 4.8155200742e-09
-6.3308040494e-06 -1.0627072855e-09
-3.5945900703e-06 -1.9507125350e-09
-1.5100536685e-06 -2.5686825621e-09
-7.7194844135e-08 -2.9166173669e-09
7.0398640295e-07 -2.9945169493e-09
8.3349007269e-07 -2.8023813094e-09
3.1131616508e-07 -2.3402104471e-09
-8.6253531989e-07 -1.6080043626e-09
-4.4931154758e-07 -1.1364197881e-09
-4.2078036329e-08 -9.2472184966e-10
-1.6832712496e-07 -8.8836832441e-10
-8.2805881326e-07 -1.0273592124e-09
-2.0212731015e-06 -1.3416945136e-09
-3.7479699894e-06 -1.8313742280e-09
-6.0081494771e-06 -2.4963983557e-09
-6.1155408886e-06 -3.3063620238e-09
-1.6528834542e-07 1.2527148429e-09
-7.6999301719e-07 6.9609314441e-10
9.1919874262e-07 3.2804803683e-10
1.8079984116e-06 8.3384318534e-11
1.8964059895e-06 -3.7898010473e-11
1.1844214766e-06 -3.5798950191e-11
-3.2795512723e-07 8.9681499379e-11
-2.6407238220e-06 3.3854333824e-10
-5.7538846076e-06 7.1078656639e-10
-3.8034327356e-06 1.0507911005e-09
-5.7810514269e-07 1.2137474013e-09
1.3530834299e-06 1.2247876035e-09
1.9901329820e-06 1.0839117071e-09
1.3330435137e-06 7.9111971203e-10
-6.1818497494e-07 3.4641161837e-10
-3.8635524840e-06 -2.5021257391e-10
1.9218682432e-06 6.4719008906e-09
-2.8332390205e-07 5.0163684816e-09
-3.2163458464e-06 2.8804242619e-09
-1.5524687003e-06 1.3165190194e-09
-3.6197329034e-07 1.8615478182e-10
3.5514038364e-07 -5.1066845069e-10
5.9887232163e-07 -7.7395067817e-10
3.6922252356e-07 -6.0369190060e-10
-3.3380901047e-07 1.0788199322e-13
-1.5102222806e-06 1.0374486696e-09
-1.2758144961e-06 1.8025238395e-09
-1.6168988178e-07 2.0653264415e-09
5.8081996356e-07 2.1863540696e-09
9.5171503983e-07 2.1656067238e-09
9.5099534712e-07 2.0030844041e-09
5.7866088540e-07 1.6987871104e-09
1.2194292298e-06 -3.3862497770e-09
-1.6657230871e-07 -2.4616237335e-09
-2.8281147960e-06 -1.1577195154e-09
-6.7651982320e-06 5.2546287703e-10
-3.8606216670e-06 1.3349043086e-09
-1.3406352135e-06 1.9000808617e-09
2.9093938302e-07 2.2838112672e-09
1.0341021225e-06 2.4860955252e-09
8.8885300485e-07 2.5069336357e-09
-1.4480796985e-07 2.3463255986e-09
-2.0668808016e-06 2.0042714140e-09
-1.7037072120e-06 3.0611187331e-09
9.7494603652e-07 5.1684010582e-09
2.6768302063e-06 6.5631204366e-09
3.4019452974e-06 7.2452768681e-09
3.1502913097e-06 7.2148703527e-09
1.0297709369e-07 -1.4121987078e-09
8.5910257544e-07 -1.6148589176e-09
9.4749353227e-07 -1.7118119973e-09
3.6814996402e-07 -1.7030579467e-09
-8.7892812914e-07 -1.5885967658e-09
-4.7185948371e-07 -1.6098528909e-09
-1.3512871929e-07 -1.7053941493e-09
-3.1218192302e-07 -1.8396537023e-09
-1.0030190949e-06 -2.0126315501e-09
-2.2076402349e-06 -2.2243276925e-09
-3.9260453431e-06 -2.4747421297e-09
-6.1582344195e-06 -2.7638748615e-09
-5.9919741033e-06 -3.2919722068e-09
-2.2758118469e-06 -3.8844588610e-09
1.6480946074e-07 -4.0976673408e-09
1.3298898196e-06 -3.9315976461e-09
1.7668538637e-06 8.3609096095e-10
1.8073779312e-06 8.2920467375e-10
1.0457718890e-06 8.7249128528e-10
-5.1796426298e-07 9.6595079552e-10
-2.8838305247e-06 1.1095832045e-09
-6.0518268964e-06 1.3033885122e-09
-3.8207127217e-06 1.7159141598e-09
-5.5516959862e-07 2.0257314790e-09
1.3982951939e-06 2.1375945744e-09
2.0396816559e-06 2.0515034459e-09
1.3689897873e-06 1.7674580935e-09
-6.1378041177e-07 1.2854585173e-09
-3.9086289413e-06 6.0550471707e-10
-6.1718065014e-06 -1.6997529679e-10
-3.4124774447e-06 -6.8975689734e-10
-1.3208829130e-06 -1.1038313677e-09
-1.5975531093e-06 1.3921284008e-09
-4.9012283096e-07 6.7310439765e-10
1.6965911165e-07 2.1913307555e-10
3.8179271834e-07 3.0214434526e-11
1.4627798915e-07 1.0634847457e-10
-5.3688507589e-07 4.4753519569e-10
-1.6676964768e-06 1.0537745979e-09
-1.2417150436e-06 1.1799465174e-09
-3.7016157018e-08 9.6559853492e-10
7.6090567861e-07 8.1708743005e-10
1.1520504633e-06 7.3441320276e-10
1.1364181973e-06 7.1757585305e-10
7.1400888024e-07 7.6657538092e-10
-1.1517748766e-07 8.8141178636e-10
-7.2058460106e-07 1.0003822315e-09
9.2419968625e-07 8.9315014687e-10
-6.5031028723e-06 -1.5183585791e-09
-3.7124874384e-06 -9.7022434982e-11
-1.4800858660e-06 9.8748188634e-10
-5.7347276857e-08 1.7474752736e-09
5.5572832896e-07 2.1829577268e-09
3.5914095139e-07 2.2939292460e-09
-6.4710940938e-07 2.0803898311e-09
-2.4630227535e-06 1.5423394821e-09
-1.7354353629e-06 2.5166982287e-09
1.0828957240e-06 4.5647408360e-09
2.8743485066e-06 5.9187544420e-09
3.6389229851e-06 6.5787390469e-09
3.3766191594e-06 6.5446946507e-09
2.0874370296e-06 5.8166212532e-09
-2.2862340439e-07 4.3945188546e-09
-3.1526317235e-06 2.3762050851e-09
4.9141881128e-07 2.3790863655e-09
-1.0164048482e-06 -9.8770293191e-10
-7.7520719470e-07 -4.6198168453e-09
-6.3116066661e-07 -7.2858517113e-09
-9.5275096373e-07 -8.9631523157e-09
-1.7399780861e-06 -9.6517186586e-09
-2.9928420337e-06 -9.3515507401e-09
-4.7113428066e-06 -8.0626485600e-09
-6.8954804048e-06 -5.7850121184e-09
-6.2164870471e-06 -4.5096963909e-09
-2.0344785497e-06 -5.4068654243e-09
7.3987874274e-07 -5.8625334555e-09
2.1065848300e-06 -5.8767004846e-09
2.0656397121e-06 -5.4493665115e-09
6.1704338911e-07 -4.5805315362e-09
-2.2392041390e-06 -3.2701955587e-09
5.5023589163e-07 2.0836609422e-10
-2.4646828006e-06 1.2936254440e-09
-6.5773836705e-06 2.7776210465e-09
-4.6587420365e-06 4.3613082252e-09
-1.6779354075e-06 5.4289979497e-09
1.1805608672e-07 5.9631975447e-09
7.2923244592e-07 5.9639070104e-09
1.5559367014e-07 5.4311263466e-09
-1.6028602406e-06 4.3648555534e-09
-4.5461292863e-06 2.7650946308e-09
-6.1652407471e-06 2.3159136627e-09
-3.1863211164e-06 4.7388125045e-09
-9.5519203429e-07 6.1967633231e-09
5.2814649965e-07 6.6897661185e-09
1.2636944851e-06 6.2178208907e-09
1.2514519224e-06 4.7809276397e-09
4.7800813977e-07 -6.1623240614e-10
2.0152114553e-07 -4.9680400361e-10
-5.4990567670e-07 -4.5291837704e-11
-1.7762723268e-06 7.3830409159e-10
-1.1026402699e-06 1.0619425048e-09
3.1011745897e-07 1.0340638427e-09
1.2148824571e-06 1.0128309175e-09
1.6116547246e-06 9.9824372898e-10
1.5004342613e-06 9.9030227732e-10
8.8122106743e-07 9.8900656246e-10
-2.4598485728e-07 9.9435658441e-10
-8.4190331274e-07 7.6311313610e-10
1.6320888835e-06 -1.4530877770e-10
3.0082989021e-06 -6.5499443879e-10
3.2867267430e-06 -7.6594384717e-10
2.4673724061e-06 -4.7815700283e-10
1.8815918585e-07 2.4668414308e-09
8.1475938581e-07 2.9355515872e-09
5.8308831892e-07 2.9362245673e-09
-5.0685401478e-07 2.4688603712e-09
-2.4550676154e-06 1.5334589988e-09
-1.6366847998e-06 2.4328818922e-09
1.1333972172e-06 4.5381070802e-09
2.8788528471e-06 5.9261768746e-09
3.5996820900e-06 6.5970912752e-09
3.2958849458e-06 6.5508502821e-09
1.9674614145e-06 5.7874538953e-09
-3.8558850384e-07 4.3069021148e-09
-3.1654421625e-06 2.2268916176e-09
-1.5421698450e-06 1.0179849666e-09
-3.9383735545e-07 1.4116207897e-10
2.7955530615e-07 -4.0357704528e-10
-1.2673127593e-05 -8.5608496566e-10
-1.1855067127e-05 -7.5000980097e-10
-9.0755706493e-06 -5.3302913339e-10
-4.3346381611e-06 -2.0514296292e-10
2.3677303382e-06 2.3364871045e-10
6.4814293890e-06 -2.8456155616e-10
5.4692432110e-06 -1.7374586405e-09
4.3801396027e-06 -2.7043973102e-09
3.2141185637e-06 -3.1853775654e-09
1.9711800944e-06 -3.1803994061e-09
6.5132419462e-07 -2.6894628322e-09
-7.4544913559e-07 -1.7125678438e-09
-2.2191398963e-06 -2.4971444084e-10
-6.8412690152e-06 -1.7475120961e-09
-3.6398550146e-06 1.2530958913e-10
-1.2967122810e-06 1.5300940981e-09
5.2594437068e-06 -2.5743607624e-09
4.1746313504e-06 -3.4510540058e-09
2.9777490846e-06 -3.7310392652e-09
1.6687969092e-06 -3.4143165406e-09
2.4777482415e-07 -2.5008858320e-09
-1.2853171703e-06 -9.9074713944e-10
2.7854019917e-08 9.9744385542e-10
5.6109605900e-06 2.5626120011e-09
9.1800689307e-06 3.5441902908e-09
1.0735179042e-05 3.9421787247e-09
1.0276290924e-05 3.7565773027e-09
7.8034045767e-06 2.9873860247e-09
3.3165200000e-06 1.6346048909e-09
-3.1843628059e-06 -3.0176609888e-10
-8.4249404922e-06 -7.3551878636e-10
-1.1529752048e-05 -8.5125462746e-10
2.1893305737e-06 1.5130324847e-09
7.0952253881e-06 2.6114399064e-09
9.9808976669e-06 3.2208571741e-09
1.0846347410e-05 3.3412842877e-09
9.6915746178e-06 2.9727212472e-09
6.5165792899e-06 2.1151680527e-09
1.3213614264e-06 7.6862470416e-10
-5.3357018408e-06 -5.5300273453e-10
-9.7598642042e-06 -4.2034021558e-10
-1.2211216471e-05 -2.8392800227e-10
-1.2689758640e-05 -1.4376609459e-10
-1.1195490713e-05 1.4550744649e-13
-7.7284126897e-06 1.4780680385e-10
-2.2885245691e-06 2.9921779462e-10
5.1241736483e-06 4.5437847975e-10
6.2321861537e-06 -1.1009595350e-09
-9.3838375851e-07 -1.5195800333e-10
-7.1110453902e-06 -4.8434718848e-10
-1.0872161831e-05 -1.1995156478e-10
-1.2653131980e-05 1.5991650791e-10
-1.2453955837e-05 3.5525702959e-10
-1.0274633402e-05 4.6607000025e-10
-6.1151646753e-06 4.9235541989e-10
2.4450343570e-08 4.3411328852e-10
6.8234930744e-06 4.5033356030e-11
5.9075531852e-06 -1.6524061263e-09
4.8844779163e-06 -2.7934639885e-09
3.7542672674e-06 -3.3781402304e-09
2.5169212386e-06 -3.4064348522e-09
1.1724398299e-06 -2.8783478537e-09
-2.7917695854e-07 -1.7938792350e-09
-1.8379291269e-06 -1.5302899608e-10
-4.2676003263e-06 7.9729774082e-10
2.5592268460e-06 5.4145152134e-10
6.4990494393e-06 -6.5262205186e-10
5.5504576592e-06 -2.3028906802e-09
4.4958136954e-06 -3.3605919655e-09
3.3351175479e-06 -3.8257259076e-09
2.0683692165e-06 -3.6982925068e-09
6.9556870145e-07 -2.9782917628e-09
-7.8328399742e-07 -1.6657236758e-09
-2.1017591070e-06 2.1044464501e-10
4.1438149280e-06 1.2459919047e-09
8.3629297773e-06 1.9190994755e-09
1.0555585441e-05 2.2297673574e-09
1.0721781920e-05 2.1779955505e-09
8.8615192124e-06 1.7637840548e-09
4.9747973197e-06 9.8713287015e-10
1.6018441154e-06 -3.7919395476e-09
1.8637799008e-07 -2.8098860190e-09
-1.3311651000e-06 -1.2216967090e-09
2.6605849889e-07 5.3121771862e-10
5.8395265415e-06 1.4725957410e-09
9.3796048518e-06 2.0353518884e-09
1.0886293430e-05 2.2194861610e-09
1.0359592276e-05 2.0249985586e-09
7.7995013893e-06 1.4518890814e-09
3.2060207705e-06 5.0015772928e-10
-3.4208495804e-06 -8.3019549774e-10
-8.6307444282e-06 -3.0527179069e-10
-1.1727581176e-05 2.3281553280e-10
-1.2839685139e-05 6.1211614770e-10
-1.1967056319e-05 8.3263005401e-10
-9.1096947146e-06 8.9435725171e-10
1.1592052273e-05 2.1983904638e-09
1.0257658381e-05 1.8992880189e-09
6.7893264120e-06 1.2411715163e-09
1.1870563671e-06 2.2404095591e-10
-5.7752625336e-06 -6.0608858577e-10
-1.0148207379e-05 -1.5668045924e-10
-1.2530075762e-05 1.7361672805e-10
-1.2920867684e-05 3.8480297609e-10
-1.1320583144e-05 4.7687828488e-10
-7.7292221425e-06 4.4984265442e-10
-2.1467846794e-06 3.0369608471e-10
5.4267292453e-06 3.8438575763e-11
6.2429389682e-06 -1.6587958490e-09
5.2357807023e-06 -3.1012854456e-09
4.1265454715e-06 -3.9376392610e-09
2.9152332759e-06 -4.1678572950e-09
-1.2474126716e-05 2.0646223312e-10
-1.2171839056e-05 3.7061626677e-10
-9.9417550478e-06 4.5663647998e-10
-5.7838746905e-06 4.6452287277e-10
3.0180201543e-07 3.9427544514e-10
6.6870469886e-06 -7.2499629219e-12
5.5707817123e-06 -1.4571837779e-09
4.4236013599e-06 -2.4381546347e-09
3.2455059313e-06 -2.9501625332e-09
2.0364954265e-06 -2.9932074735e-09
7.9656984552e-07 -2.5672894556e-09
-4.7427081160e-07 -1.6724084795e-09
-1.7760265449e-06 -3.0856454515e-10
2.7916054944e-06 9.4161345230e-10
7.8590258302e-06 1.7195531805e-09
1.0792508090e-05 2.1384788510e-09
5.2203024978e-06 -1.5828540462e-09
4.0825651279e-06 -2.3581130566e-09
2.9028324845e-06 -2.6882934176e-09
1.6811045679e-06 -2.5733951293e-09
4.1738137795e-07 -2.0134181916e-09
-8.8833708529e-07 -1.0083626046e-09
-1.7087081350e-06 4.1986442782e-10
4.6471907471e-06 1.5089465436e-09
8.9088520614e-06 2.2142227450e-09
1.1076275808e-05 2.5356930319e-09
1.1149461986e-05 2.4733574045e-09
9.1284105967e-06 2.0272158626e-09
5.0131216394e-06 1.1972684063e-09
-1.1964048859e-06 -1.6484964420e-11
-7.2953129902e-06 -3.5624729546e-10
-1.0848618027e-05 -3.5825620954e-11
7.3687918178e-07 6.0485788863e-10
6.3789276656e-06 1.5011456120e-09
9.9228904541e-06 2.0417103179e-09
1.1368767547e-05 2.2265520063e-09
1.0716558945e-05 2.0556706773e-09
7.9662646473e-06 1.5290663308e-09
3.1178846543e-06 6.4673896682e-10
-3.8285810341e-06 -5.9131141461e-10
-8.7605913170e-06 -1.9706744235e-10
-1.1658842665e-05 1.8176245805e-10
-1.2625902749e-05 4.5764922343e-10
-1.1661771570e-05 6.3059285378e-10
-8.7664491263e-06 7.0059334910e-10
-3.9399354190e-06 6.6765070940e-10
2.8177695522e-06 5.3176493466e-10
6.3160445944e-06 -3.6251638646e-10
9.7936074678e-07 4.2827722131e-10
-5.7696696730e-06 -1.3129332217e-10
-9.9579654384e-06 6.7375669846e-10
-1.2210866211e-05 1.2468269853e-09
-1.2528371990e-05 1.5879175384e-09
-1.0910482777e-05 1.6970283577e-09
-7.3571985705e-06 1.5741594433e-09
-1.8685193710e-06 1.2193107950e-09
5.5555548214e-06 6.3248241303e-10
5.9261090358e-06 -1.0948617647e-09
4.8245466286e-06 -2.4791279035e-09
3.6802485331e-06 -3.3016938678e-09
2.4932147499e-06 -3.5625596577e-09
1.2634452787e-06 -3.2617252731e-09
-9.0598804660e-09 -2.3991907141e-09
-1.3243007276e-06 -9.7495598073e-10
-4.7260109370e-06 4.3710911907e-09
6.4817615130e-07 3.1271633454e-09
5.9872298006e-06 1.1407432926e-09
5.1673770812e-06 -9.4301902148e-10
4.2509775590e-06 -2.3814278262e-09
3.2380312338e-06 -3.1744831216e-09
2.1285381057e-06 -3.3221849077e-09
9.2249817467e-07 -2.8245331845e-09
-3.8008855922e-07 -1.6815279520e-09
-1.7792220960e-06 1.0683078987e-10
2.8665601594e-06 1.3403686692e-09
7.7668832067e-06 1.9735037787e-09
1.0581263741e-05 2.2925787479e-09
1.1309701762e-05 2.2975935768e-09
9.9521972701e-06 1.9885482653e-09
6.5087502650e-06 1.3654428135e-09
-3.3478333390e-06 1.1786954746e-10
-5.5731233832e-06 -1.5180488725e-09
-6.4802322767e-06 -3.4981891431e-09
-4.2367159250e-06 -4.7743431961e-09
-2.7279878224e-06 -5.3668631727e-09
-1.9540479687e-06 -5.2757490731e-09
-1.9148963639e-06 -4.5010008972e-09
-2.6105330080e-06 -3.0426186449e-09
-4.0409579010e-06 -9.0060231634e-10
-6.2061710429e-06 1.9250480885e-09
-4.4976214478e-06 3.7140516344e-09
-2.6938330985e-06 4.7527780104e-09
-1.4066695832e-06 5.1982537239e-09
-6.3613090169e-07 5.0504787748e-09
-3.8221705397e-07 4.3094531631e-09
-6.4492804006e-07 2.9751768889e-09
-1.4326604492e-05 8.0385995618e-09
-1.0326828811e-05 5.7885473054e-09
-3.5507553884e-06 2.5496459437e-09
6.9105940947e-07 1.4752555445e-10
