4.4146668613e-06 5.2838489379e-06
2.7267806180e-01 -3.9199942517e-04
5.3913300400e-01 -1.5412032546e-03
7.9934014258e-01 -3.4216912471e-03
1.0533122863e+00 -5.9985304553e-03
1.3010332092e+00 -9.2457203833e-03
1.5425130109e+00 -1.3124865726e-02
1.7777454894e+00 -1.7616190036e-02
2.0067428514e+00 -2.2680654701e-02
2.2295163812e+00 -2.8298154823e-02
2.4460674492e+00 -3.4433572457e-02
2.6564137953e+00 -4.1060565296e-02
2.8605704958e+00 -4.8153302143e-02
3.0585486039e+00 -5.5680294203e-02
3.2503602923e+00 -6.3621495499e-02
3.4360341419e+00 -7.1942029229e-02
3.6155879328e+00 -8.0623118857e-02
3.7890338187e+00 -8.9636707789e-02
3.9564031134e+00 -9.8956778344e-02
4.1177075193e+00 -1.0856071441e-01
4.2729736203e+00 -1.1842181065e-01
4.4222219995e+00 -1.2852038827e-01
4.5654856599e+00 -1.3883264402e-01
4.7027666778e+00 -1.4933138541e-01
4.8341141083e+00 -1.5999683401e-01
4.9595367496e+00 -1.7080725435e-01
5.0790564800e+00 -1.8174252018e-01
5.1927039657e+00 -1.9277880541e-01
5.3004992330e+00 -2.0389563270e-01
5.4024725742e+00 -2.1507344906e-01
5.4986388380e+00 -2.2628734928e-01
5.5890184685e+00 -2.3752442939e-01
5.6736521108e+00 -2.4876070640e-01
5.7525480778e+00 -2.5997747063e-01
5.8257260668e+00 -2.7115542420e-01
5.8932126562e+00 -2.8227553376e-01
5.9550274838e+00 -2.9331740419e-01
6.0112019446e+00 -3.0426567704e-01
6.0617542332e+00 -3.1509431093e-01
6.1066975732e+00 -3.2578976358e-01
6.1460488552e+00 -3.3633431210e-01
6.1798434671e+00 -3.4670950202e-01
6.2080954003e+00 -3.5689156909e-01
6.2308317679e+00 -3.6686754094e-01
6.2480449727e+00 -3.7661828818e-01
6.2597705258e+00 -3.8612023762e-01
6.2660453175e+00 -3.9536056735e-01
6.2668674914e+00 -4.0432054544e-01
6.2622651215e+00 -4.1297878174e-01
6.2522447532e+00 -4.2132327589e-01
6.2368424460e+00 -4.2932733187e-01
6.2160361348e+00 -4.3697079921e-01
6.1898971990e+00 -4.4424141228e-01
6.1584279990e+00 -4.5111145748e-01
6.1216365110e+00 -4.5757142000e-01
6.0795359139e+00 -4.6359621330e-01
6.0321736583e+00 -4.6916237332e-01
5.9795455910e+00 -4.7425370278e-01
5.9216919555e+00 -4.7885142193e-01
5.8586312285e+00 -4.8292889482e-01
5.7903800339e+00 -4.8646991002e-01
5.7169625838e+00 -4.8945136061e-01
5.6384242626e+00 -4.9185085478e-01
5.5547760397e+00 -4.9364686638e-01
5.4660345038e+00 -4.9481617065e-01
5.3722674736e+00 -4.9533977428e-01
5.2734727658e+00 -4.9519107800e-01
5.1697129410e+00 -4.9434589907e-01
5.0610212832e+00 -4.9278246270e-01
4.9474345278e+00 -4.9048008569e-01
4.8290164659e+00 -4.8740733437e-01
4.7058035453e+00 -4.8354681487e-01
4.5778475372e+00 -4.7886146350e-01
4.4452126685e+00 -4.7334622622e-01
4.3079799874e+00 -4.6696776822e-01
4.1662122803e+00 -4.5968875511e-01
4.0199965565e+00 -4.5149854464e-01
3.8694059034e+00 -4.4236830643e-01
3.7145724669e+00 -4.3227718521e-01
3.5555971707e+00 -4.2119516170e-01
3.3925895618e+00 -4.0909959882e-01
3.2256955622e+00 -3.9597711755e-01
3.0550775563e+00 -3.8180042046e-01
2.8809007144e+00 -3.6655398893e-01
2.7033666700e+00 -3.5022464532e-01
2.5226899622e+00 -3.3279287620e-01
2.3391378958e+00 -3.1424894039e-01
2.1530014148e+00 -2.9459179402e-01
1.9646198610e+00 -2.7381714124e-01
1.7743893213e+00 -2.5195314982e-01
1.5827719782e+00 -2.2899784048e-01
1.3903368446e+00 -2.0501026852e-01
1.1977857295e+00 -1.8004388976e-01
1.0059477438e+00 -1.5419144673e-01
8.1596962399e-01 -1.2756396758e-01
6.2934814964e-01 -1.0036514814e-01
4.4816045288e-01 -7.2897301051e-02
2.7595407544e-01 -4.5986840460e-02
1.1886419398e-01 -1.9530191179e-02
-1.5451429107e-04 2.5130216977e-05
