2.9161240045e+02
2.9214828638e+02
2.9107571163e+02
2.9268419562e+02
2.9053758869e+02
2.9322030429e+02
2.8999943821e+02
2.9375641374e+02
2.8946692167e+02
2.9429277438e+02
2.8893503000e+02
2.9482952503e+02
2.8840138138e+02
2.9536632987e+02
2.8786450914e+02
2.9590446175e+02
2.8732758797e+02
2.9644260827e+02
2.8679475551e+02
2.9698015977e+02
2.8626257335e+02
2.9751733629e+02
2.8573036023e+02
2.9805455836e+02
2.8519782016e+02
2.9859196835e+02
2.8466522080e+02
2.9912941789e+02
2.8413459738e+02
2.9966659907e+02
2.8360438465e+02
3.0020366230e+02
2.8307408689e+02
3.0074078862e+02
2.8254321327e+02
3.0127786458e+02
2.8201226169e+02
3.0181498431e+02
2.8148326562e+02
3.0235209504e+02
2.8095478655e+02
3.0288943964e+02
2.8042674321e+02
3.0342686687e+02
2.7989963889e+02
3.0396403705e+02
2.7937243863e+02
3.0450123600e+02
2.7884594961e+02
3.0503767437e+02
2.7831966608e+02
3.0557311104e+02
2.7779424021e+02
3.0610864533e+02
2.7727161855e+02
3.0664304687e+02
2.7674888421e+02
3.0717733202e+02
2.7622462414e+02
3.0771180351e+02
2.7569965244e+02
3.0824683423e+02
2.7517568070e+02
3.0878197759e+02
2.7465590840e+02
3.0931770809e+02
3.0985363148e+02
2.7413599799e+02
3.1038819858e+02
2.7361713596e+02
3.1091996558e+02
2.7309877363e+02
3.1145186235e+02
2.7258067583e+02
3.1198394614e+02
2.7206417893e+02
3.1251616619e+02
2.7154753493e+02
3.1304813433e+02
2.7103253251e+02
3.1357950616e+02
2.7051851365e+02
3.1411102357e+02
2.7000450375e+02
3.1464180656e+02
2.6949015593e+02
3.1517241110e+02
2.6897563654e+02
3.1570216995e+02
2.6846520854e+02
3.1622896104e+02
2.6795775337e+02
3.1675591319e+02
2.6745024295e+02
3.1728394442e+02
2.6694343257e+02
3.1781252811e+02
2.6643643621e+02
3.1834043581e+02
2.6592975515e+02
3.1886504827e+02
2.6542334221e+02
3.1938983420e+02
2.6491699958e+02
3.1991476408e+02
2.6441687380e+02
3.2043983988e+02
2.6391654498e+02
3.2096463127e+02
2.6341529716e+02
3.2148743691e+02
2.6291314116e+02
3.2201042865e+02
2.6241081584e+02
3.2253229389e+02
2.6191528641e+02
3.2305351596e+02
2.6141954557e+02
3.2357459189e+02
2.6092441868e+02
3.2409389536e+02
2.6043008838e+02
3.2461340118e+02
2.5993555699e+02
3.2513131409e+02
2.5944446478e+02
3.2564809450e+02
2.5895326850e+02
3.2616491781e+02
2.5846349327e+02
3.2668087308e+02
2.5797583998e+02
3.2719703895e+02
2.5748796706e+02
3.2771163607e+02
3.2822488802e+02
2.5700230538e+02
3.2873822264e+02
2.5651655978e+02
3.2924946707e+02
2.5603242848e+02
3.2976093053e+02
2.5555118448e+02
3.3027097049e+02
2.5506970168e+02
3.3077953127e+02
2.5458781329e+02
3.3128828115e+02
2.5410552174e+02
3.3179829133e+02
2.5362640824e+02
3.3230868719e+02
2.5315392801e+02
3.3281672220e+02
2.5268119212e+02
3.3332187799e+02
2.5220973985e+02
3.3382726123e+02
2.5173821694e+02
3.3432911158e+02
2.5126755750e+02
3.3483100570e+02
2.5079940791e+02
3.3533246128e+02
2.5033098812e+02
3.3583318409e+02
2.4986548571e+02
3.3633413704e+02
2.4940052064e+02
3.3683227643e+02
2.4893629292e+02
3.3733037721e+02
2.4847484407e+02
3.3782748273e+02
2.4801312138e+02
3.3832273798e+02
2.4755416697e+02
3.3881822344e+02
3.3931181338e+02
2.4709586812e+02
3.3980538618e+02
2.4663836148e+02
3.4029825179e+02
2.4618464739e+02
3.4078943329e+02
2.4573063975e+02
3.4128084725e+02
2.4527917994e+02
3.4176981955e+02
2.4482853013e+02
3.4225858390e+02
2.4437810678e+02
3.4274649742e+02
2.4393002371e+02
3.4323197278e+02
2.4348163246e+02
3.4371770742e+02
2.4303756833e+02
3.4420061052e+02
2.4259545777e+02
3.4468295234e+02
2.4215367644e+02
3.4516521968e+02
2.4171603674e+02
3.4564671736e+02
2.4127807565e+02
3.4612847909e+02
2.4084178440e+02
3.4660666594e+02
2.4040629414e+02
3.4708382827e+02
2.3997108139e+02
3.4756016569e+02
3.4803265116e+02
2.3954177570e+02
3.4850539973e+02
2.3911215253e+02
3.4897892283e+02
2.3868215338e+02
3.4945303634e+02
2.3825158868e+02
3.4992616491e+02
2.3782113468e+02
3.5039346527e+02
2.3739899591e+02
3.5086103932e+02
2.3697650257e+02
3.5132798362e+02
2.3655643854e+02
3.5179477364e+02
2.3613838324e+02
3.5226144945e+02
2.3571999591e+02
3.5272577739e+02
2.3530502505e+02
3.5319037894e+02
2.3488970390e+02
3.5365298604e+02
2.3447638960e+02
3.5411459663e+02
2.3406498176e+02
3.5457590780e+02
3.5503150733e+02
2.3365319546e+02
3.5548740411e+02
2.3324697985e+02
3.5594465051e+02
2.3284058427e+02
3.5640302976e+02
2.3243598116e+02
3.5686111829e+02
2.3203347688e+02
3.5730833130e+02
2.3163058310e+02
3.5775582797e+02
2.3123203682e+02
3.5820455580e+02
2.3083348016e+02
3.5865458428e+02
2.3043675075e+02
3.5910486922e+02
2.3004261224e+02
3.5955029503e+02
2.2964807759e+02
3.5999602093e+02
2.2925808621e+02
3.6043986314e+02
2.2886833187e+02
3.6088184060e+02
3.6132413234e+02
2.2848012563e+02
3.6176408627e+02
2.2809464272e+02
3.6220426214e+02
2.2770875817e+02
3.6264240163e+02
2.2732670902e+02
3.6307808381e+02
2.2694503310e+02
3.6351408325e+02
2.2656499018e+02
3.6394755416e+02
2.2618839507e+02
3.6438111522e+02
2.2581138877e+02
3.6481314311e+02
2.2543665903e+02
3.6524294551e+02
2.2506216637e+02
3.6567306806e+02
2.2469024995e+02
3.6610023160e+02
2.2432509600e+02
3.6652729643e+02
3.6695303626e+02
2.2395952372e+02
3.6737642014e+02
2.2359372809e+02
3.6780012812e+02
2.2322762030e+02
3.6822096194e+02
2.2286313711e+02
3.6864153938e+02
2.2250354800e+02
3.6906090984e+02
2.2214353417e+02
3.6947761641e+02
2.2178712851e+02
3.6989464896e+02
2.2143182187e+02
3.7030886803e+02
2.2107695817e+02
3.7072265778e+02
2.2072454467e+02
3.7113545606e+02
3.7154545709e+02
2.2037169287e+02
3.7195578267e+02
2.2002418833e+02
3.7236355530e+02
2.1967888793e+02
3.7277077121e+02
2.1933437962e+02
3.7317717169e+02
2.1899560948e+02
3.7358064255e+02
2.1865640815e+02
3.7398443909e+02
2.1831387188e+02
3.7438557229e+02
2.1796932757e+02
3.7478590066e+02
2.1762674559e+02
3.7518557968e+02
2.1729993694e+02
3.7558211936e+02
3.7597898735e+02
2.1697269868e+02
3.7637264014e+02
2.1664508733e+02
3.7676499466e+02
2.1631709523e+02
3.7715702697e+02
2.1598908709e+02
3.7754643897e+02
2.1566386659e+02
3.7793617776e+02
2.1533820268e+02
3.7832357570e+02
2.1501636446e+02
3.7870983302e+02
2.1469736301e+02
3.7909576858e+02
2.1437825710e+02
3.7947804617e+02
2.1406484193e+02
3.7986065617e+02
3.8023989900e+02
2.1375097155e+02
3.8061706272e+02
2.1343987123e+02
3.8099409769e+02
2.1313124636e+02
3.8136692313e+02
2.1282223929e+02
3.8174007888e+02
2.1251558417e+02
3.8211236347e+02
2.1220847206e+02
3.8248403966e+02
2.1190616248e+02
3.8285559445e+02
2.1160899624e+02
3.8322029491e+02
3.8358533061e+02
2.1131139584e+02
3.8394937440e+02
2.1101565351e+02
3.8431254403e+02
2.1071946185e+02
3.8467594454e+02
2.1042571696e+02
3.8503296494e+02
2.1013515252e+02
3.8539032420e+02
2.0984413990e+02
3.8574563603e+02
2.0956179819e+02
3.8609874844e+02
2.0927964976e+02
3.8645219523e+02
2.0899818328e+02
3.8679937108e+02
3.8714667424e+02
2.0871798097e+02
3.8749198865e+02
2.0843735308e+02
3.8783472789e+02
2.0816494975e+02
3.8817780328e+02
2.0789302170e+02
3.8851568750e+02
2.0762205547e+02
3.8885349854e+02
2.0735315567e+02
3.8918931267e+02
2.0708381295e+02
3.8952201700e+02
2.0682362290e+02
3.8985506568e+02
3.9018314026e+02
2.0656453935e+02
3.9051089652e+02
2.0630647111e+02
3.9083554370e+02
2.0605109839e+02
3.9115449010e+02
2.0579527772e+02
3.9147379304e+02
2.0554605289e+02
3.9178657868e+02
2.0529782817e+02
3.9209841083e+02
2.0505288253e+02
3.9240854430e+02
3.9271473463e+02
2.0481704216e+02
3.9302126454e+02
2.0458071484e+02
3.9332095914e+02
2.0434926851e+02
3.9361928728e+02
2.0411893467e+02
3.9391551501e+02
2.0389084071e+02
3.9420587623e+02
2.0367082025e+02
3.9449658150e+02
2.0345030881e+02
3.9477954308e+02
2.0323425176e+02
3.9506038696e+02
3.9533894327e+02
2.0301942696e+02
3.9560959568e+02
2.0280820457e+02
3.9588059723e+02
2.0261274736e+02
3.9614206971e+02
2.0241673722e+02
3.9640013123e+02
2.0223298882e+02
3.9665627559e+02
2.0205478990e+02
3.9690379511e+02
2.0187853356e+02
3.9715166469e+02
3.9738616095e+02
2.0171458490e+02
3.9761467586e+02
2.0155011065e+02
3.9784049237e+02
2.0140037050e+02
3.9805076607e+02
2.0125852994e+02
3.9826135369e+02
2.0111985915e+02
3.9846136304e+02
2.0100757623e+02
3.9865582269e+02
2.0089474941e+02
3.9884738557e+02
3.9901575752e+02
2.0080905821e+02
3.9918450046e+02
2.0074135393e+02
3.9933339444e+02
2.0067633403e+02
3.9946955752e+02
2.0064728001e+02
3.9960071073e+02
2.0061778355e+02
3.9967051233e+02
2.0064314219e+02
3.9974077330e+02
3.9976350221e+02
2.0071057589e+02
3.9974876747e+02
2.0078754661e+02
3.9972501998e+02
2.0110414453e+02
3.9947786293e+02
2.0142041252e+02
3.9923106819e+02
2.0209978939e+02
3.9854455164e+02
2.0312108272e+02
3.9744686936e+02
2.0414307142e+02
3.9634873016e+02
