8.4639857573e-05 7.1227030334e-07
3.1470165568e-01 -2.4347228673e-05
6.2206352309e-01 -9.5627664382e-05
9.2219655771e-01 -2.1545815041e-04
1.2152450786e+00 -3.9468361578e-04
1.5012334250e+00 -6.3094286852e-04
1.7802374617e+00 -9.2838226977e-04
2.0523070702e+00 -1.2960513307e-03
2.3175152705e+00 -1.7347327551e-03
2.5759371043e+00 -2.2462045049e-03
2.8276037468e+00 -2.8335621992e-03
3.0725901810e+00 -3.5020867656e-03
3.3109219445e+00 -4.2534887308e-03
3.5426998997e+00 -5.0871295408e-03
3.7679384698e+00 -6.0091830163e-03
3.9867066944e+00 -7.0199875815e-03
4.1990445814e+00 -8.1191870287e-03
4.4050003849e+00 -9.3093289603e-03
4.6046251441e+00 -1.0588746318e-02
4.7979353088e+00 -1.1963346043e-02
4.9850139337e+00 -1.3429682079e-02
5.1658775196e+00 -1.4986180756e-02
5.3405750477e+00 -1.6631290674e-02
5.5091289338e+00 -1.8366588414e-02
5.6715753610e+00 -2.0189948842e-02
5.8279704327e+00 -2.2103274467e-02
5.9783290361e+00 -2.4102447332e-02
6.1226792140e+00 -2.6179138795e-02
6.2610262093e+00 -2.8333879008e-02
6.3935272164e+00 -3.0574341546e-02
6.5200008059e+00 -3.2890602192e-02
6.6405644544e+00 -3.5273774246e-02
6.7553029250e+00 -3.7714991838e-02
6.8641595986e+00 -4.0205911148e-02
6.9671383789e+00 -4.2758646999e-02
7.0642941919e+00 -4.5376766957e-02
7.1557242877e+00 -4.8045311698e-02
7.2411364894e+00 -5.0753555791e-02
7.3209982276e+00 -5.3499718491e-02
7.3949066521e+00 -5.6260519308e-02
7.4631888242e+00 -5.9043866033e-02
7.5252533062e+00 -6.1853257496e-02
7.5820959418e+00 -6.4691619764e-02
7.6329681026e+00 -6.7506945525e-02
7.6780098174e+00 -7.0317435804e-02
7.7167752134e+00 -7.3122832327e-02
7.7507467423e+00 -7.5926940577e-02
7.7783244865e+00 -7.8688093474e-02
7.8000843587e+00 -8.1417263106e-02
7.8158319400e+00 -8.4113331699e-02
7.8259804600e+00 -8.6773195134e-02
7.8303426049e+00 -8.9366847149e-02
7.8286495167e+00 -9.1889591455e-02
7.8210586455e+00 -9.4339583014e-02
7.8075516510e+00 -9.6716398463e-02
7.7878291973e+00 -9.9011404816e-02
7.7622167607e+00 -1.0120537836e-01
7.7305015665e+00 -1.0329040371e-01
7.6926467125e+00 -1.0524727347e-01
7.6489341224e+00 -1.0708869095e-01
7.5987684809e+00 -1.0880737822e-01
7.5424163965e+00 -1.1039630385e-01
7.4799088088e+00 -1.1183017033e-01
7.4109839278e+00 -1.1311255824e-01
7.3356388911e+00 -1.1423815119e-01
7.2539102868e+00 -1.1518452946e-01
7.1656596970e+00 -1.1595681980e-01
7.0708330907e+00 -1.1654130298e-01
6.9693957522e+00 -1.1692843067e-01
6.8612455247e+00 -1.1712087365e-01
6.7463222810e+00 -1.1711568882e-01
6.6245735471e+00 -1.1688873570e-01
6.4959077648e+00 -1.1643228316e-01
6.3601855317e+00 -1.1575888642e-01
6.2174096644e+00 -1.1484733122e-01
6.0674448205e+00 -1.1369550712e-01
5.9102144252e+00 -1.1229567293e-01
5.7456329220e+00 -1.1063289460e-01
5.5735506293e+00 -1.0874622411e-01
5.3939587126e+00 -1.0656076174e-01
5.2066920377e+00 -1.0411095276e-01
5.0116140119e+00 -1.0140430741e-01
4.8086830111e+00 -9.8404443672e-02
4.5977594035e+00 -9.5123731665e-02
4.3787021355e+00 -9.1555289260e-02
4.1513992397e+00 -8.7697220535e-02
3.9157341712e+00 -8.3541736623e-02
3.6715658771e+00 -7.9085603980e-02
3.4187748458e+00 -7.4318227994e-02
3.1571904587e+00 -6.9250925456e-02
2.8867078660e+00 -6.3863148418e-02
2.6071484385e+00 -5.8161197364e-02
2.3183737907e+00 -5.2139579327e-02
2.0202068459e+00 -4.5792683169e-02
1.7125067507e+00 -3.9110095074e-02
1.3950862735e+00 -3.2093823676e-02
1.0677912306e+00 -2.4751286912e-02
7.3038370996e-01 -1.7042332042e-02
3.8277031845e-01 -9.0377057207e-03
2.5153495847e-02 -5.8961078233e-04
