2.6688433312e+02
2.6726674055e+02
2.6650190809e+02
2.6764982835e+02
2.6612344699e+02
2.6803358640e+02
2.6574543462e+02
2.6841710092e+02
2.6536577999e+02
2.6879665836e+02
2.6498324952e+02
2.6917620738e+02
2.6460070147e+02
2.6955800802e+02
2.6422155677e+02
2.6994187074e+02
2.6384297783e+02
2.7032571255e+02
2.6346382982e+02
2.7070787280e+02
2.6308325830e+02
2.7109003024e+02
2.6270266005e+02
2.7147250802e+02
2.6232302790e+02
2.7185548034e+02
2.6194360707e+02
2.7223847437e+02
2.6156479346e+02
2.7262160080e+02
2.6118711022e+02
2.7300473118e+02
2.6080939188e+02
2.7338805461e+02
2.6043169694e+02
2.7377179493e+02
2.6005400474e+02
2.7415556156e+02
2.5967647525e+02
2.7453918684e+02
2.5929903497e+02
2.7492281147e+02
2.5892155233e+02
2.7530575738e+02
2.5854521593e+02
2.7568794365e+02
2.5816928029e+02
2.7607016180e+02
2.5779454058e+02
2.7645431919e+02
2.5742385163e+02
2.7683870336e+02
2.5705312257e+02
2.7722282408e+02
2.5667628071e+02
2.7760675601e+02
2.5629678353e+02
2.7799072690e+02
2.5591859736e+02
2.7837293368e+02
2.7875486440e+02
2.5554571228e+02
2.7913879638e+02
2.5517277112e+02
2.7952685845e+02
2.5480056905e+02
2.7991496343e+02
2.5442874996e+02
2.8029541567e+02
2.5405631515e+02
2.8067418934e+02
2.5367925948e+02
2.8105457253e+02
2.5330213895e+02
2.8143894808e+02
2.5293232937e+02
2.8182337532e+02
2.5256706530e+02
2.8220624967e+02
2.5220107850e+02
2.8258869662e+02
2.5182802014e+02
2.8297164534e+02
2.5145489684e+02
2.8335630356e+02
2.5108691439e+02
2.8374101458e+02
2.5072271800e+02
2.8412271924e+02
2.5035810197e+02
2.8450337579e+02
2.4998546142e+02
2.8488436739e+02
2.4961274683e+02
2.8526675726e+02
2.4924584388e+02
2.8564920602e+02
2.4888399347e+02
2.8603098881e+02
2.4852214087e+02
2.8641249728e+02
2.4815715540e+02
2.8679409463e+02
2.4779208986e+02
2.8717642559e+02
2.4742670765e+02
2.8755881860e+02
2.4706103626e+02
2.8794039536e+02
2.4669532795e+02
2.8832156143e+02
2.4633352843e+02
2.8870250848e+02
2.4597160848e+02
2.8908230211e+02
2.4560953507e+02
2.8946216159e+02
2.4524730439e+02
2.8984267915e+02
2.4488500753e+02
2.9022361675e+02
2.9060450927e+02
2.4452412592e+02
2.9098537358e+02
2.4416317505e+02
2.9136630899e+02
2.4380383094e+02
2.9174581128e+02
2.4344681069e+02
2.9212426371e+02
2.4308971811e+02
2.9250271193e+02
2.4273170107e+02
2.9288134774e+02
2.4237339389e+02
2.9326005815e+02
2.4201639683e+02
2.9363875537e+02
2.4166167737e+02
2.9401743668e+02
2.4130688228e+02
2.9439609462e+02
2.4095201751e+02
2.9477473206e+02
2.4059693907e+02
2.9515344936e+02
2.4024328579e+02
2.9553123535e+02
2.3989260509e+02
2.9590805733e+02
2.3954184326e+02
2.9628494292e+02
2.3918664902e+02
2.9666109806e+02
2.3883021717e+02
2.9703736900e+02
2.3847702962e+02
2.9741380190e+02
2.3813184433e+02
2.9779040337e+02
2.3778656077e+02
2.9816707202e+02
2.9854204136e+02
2.3743893613e+02
2.9891703765e+02
2.3709047337e+02
2.9929248997e+02
2.3674240153e+02
2.9966854148e+02
2.3639571918e+02
3.0004466466e+02
2.3604893458e+02
3.0041305610e+02
2.3570571227e+02
3.0078064873e+02
2.3536363272e+02
3.0115275988e+02
2.3502092677e+02
3.0153236833e+02
2.3467623123e+02
3.0191203469e+02
2.3433143048e+02
3.0228391624e+02
2.3399038494e+02
3.0265467508e+02
2.3365082115e+02
3.0302629320e+02
2.3331120633e+02
3.0339952678e+02
2.3297185387e+02
3.0377283869e+02
2.3263239236e+02
3.0414355164e+02
3.0451381230e+02
2.3229452162e+02
3.0488422536e+02
2.3195729139e+02
3.0525486236e+02
2.3162026595e+02
3.0562558153e+02
2.3128537954e+02
3.0599486272e+02
2.3095037837e+02
3.0636386831e+02
2.3061632734e+02
3.0673317746e+02
2.3028266683e+02
3.0710318137e+02
2.2994912732e+02
3.0747327182e+02
2.2961810486e+02
3.0783707651e+02
2.2928696180e+02
3.0819869703e+02
2.2895682014e+02
3.0856262850e+02
2.2862721489e+02
3.0893486518e+02
2.2829760031e+02
3.0930717663e+02
3.0967491017e+02
2.2797050088e+02
3.1004081790e+02
2.2764327566e+02
3.1040656037e+02
2.2731697877e+02
3.1077109369e+02
2.2699128540e+02
3.1113572095e+02
2.2666546660e+02
3.1150027830e+02
2.2634254306e+02
3.1186493687e+02
2.2601948696e+02
3.1222926637e+02
2.2569704165e+02
3.1259079008e+02
2.2537501663e+02
3.1295240681e+02
2.2505282806e+02
3.1331653487e+02
2.2473408205e+02
3.1368242227e+02
2.2441530722e+02
3.1404775603e+02
3.1440652193e+02
2.2409783315e+02
3.1476538998e+02
2.2378181034e+02
3.1512334892e+02
2.2346562366e+02
3.1548072094e+02
2.2314876452e+02
3.1583845853e+02
2.2283171426e+02
3.1620104478e+02
2.2251739069e+02
3.1656372190e+02
2.2220692080e+02
3.1692274540e+02
2.2189628046e+02
3.1727871413e+02
2.2158424357e+02
3.1763482623e+02
2.2127189508e+02
3.1799374875e+02
3.1835277262e+02
2.2096155294e+02
3.1871022999e+02
2.2065457682e+02
3.1906619780e+02
2.2034742305e+02
3.1942228671e+02
2.2004061988e+02
3.1977763623e+02
2.1973374637e+02
3.2013306641e+02
2.1942814185e+02
3.2048719158e+02
2.1912509970e+02
3.2083981180e+02
2.1882187359e+02
3.2119255402e+02
2.1851909809e+02
3.2154655227e+02
2.1821630103e+02
3.2190074678e+02
3.2225350400e+02
2.1791551269e+02
3.2260428266e+02
2.1761975813e+02
3.2295518769e+02
2.1732381600e+02
3.2330578337e+02
2.1702459262e+02
3.2365643836e+02
2.1672425632e+02
3.2400756947e+02
2.1642607457e+02
3.2435959057e+02
2.1613453578e+02
3.2471174094e+02
2.1584280143e+02
3.2505859889e+02
2.1554960543e+02
3.2540461162e+02
3.2575073639e+02
2.1525575447e+02
3.2609707536e+02
2.1496279335e+02
3.2644354719e+02
2.1467328596e+02
3.2678984651e+02
2.1438357160e+02
3.2713619591e+02
2.1409585176e+02
3.2748150995e+02
2.1380894777e+02
3.2782421467e+02
2.1352227037e+02
3.2816705164e+02
2.1323689618e+02
3.2851027900e+02
3.2885370973e+02
2.1295130831e+02
3.2919675003e+02
2.1266824687e+02
3.2953852808e+02
2.1238648853e+02
3.2988044319e+02
2.1210483281e+02
3.3022059081e+02
2.1182429154e+02
3.3056015244e+02
2.1154352982e+02
3.3089973256e+02
2.1126508871e+02
3.3123926121e+02
2.1098809562e+02
3.3157893096e+02
3.3191645500e+02
2.1071117691e+02
3.3225306945e+02
2.1043594170e+02
3.3258944960e+02
2.1016047871e+02
3.3292437884e+02
2.0988701836e+02
3.3325945141e+02
2.0961505861e+02
3.3359446713e+02
2.0934305859e+02
3.3392950896e+02
2.0907235854e+02
3.3426384172e+02
3.3459278247e+02
2.0880142155e+02
3.3492186844e+02
2.0853320775e+02
3.3525366391e+02
2.0826744870e+02
3.3558725955e+02
2.0800156456e+02
3.3592039172e+02
2.0773511872e+02
3.3624807083e+02
2.0746842743e+02
3.3657589950e+02
2.0720511197e+02
3.3690373305e+02
2.0694541321e+02
3.3723159934e+02
3.3755941171e+02
2.0668548821e+02
3.3788420108e+02
2.0642371626e+02
3.3820914549e+02
2.0616153318e+02
3.3853311014e+02
2.0590309297e+02
3.3885619796e+02
2.0564940806e+02
3.3917937545e+02
2.0539548441e+02
3.3949994722e+02
3.3982067864e+02
2.0514008889e+02
3.4014057120e+02
2.0488423562e+02
3.4045955721e+02
2.0463108454e+02
3.4077869534e+02
2.0438205606e+02
3.4109480228e+02
2.0413277617e+02
3.4141099947e+02
2.0388268069e+02
3.4172600478e+02
2.0363211661e+02
3.4203947435e+02
3.4235310154e+02
2.0338471855e+02
3.4266485389e+02
2.0314308454e+02
3.4297665552e+02
2.0290118272e+02
3.4328765109e+02
2.0265703739e+02
3.4359737439e+02
2.0241212494e+02
3.4390726436e+02
2.0217069199e+02
3.4420707208e+02
3.4450573011e+02
2.0193687566e+02
3.4480720549e+02
2.0170277283e+02
3.4511346877e+02
2.0146667212e+02
3.4541988587e+02
2.0122972826e+02
3.4571821345e+02
2.0099493048e+02
3.4601529836e+02
2.0076606262e+02
3.4631258775e+02
2.0053688500e+02
3.4661010035e+02
3.4690778525e+02
2.0031183438e+02
3.4719962715e+02
2.0008773096e+02
3.4749027027e+02
1.9986425184e+02
3.4777991093e+02
1.9964343987e+02
3.4806671119e+02
1.9942229926e+02
3.4835370151e+02
3.4863659001e+02
1.9920442465e+02
3.4891841674e+02
1.9898739335e+02
3.4919882395e+02
1.9877203547e+02
3.4947435591e+02
1.9856437703e+02
3.4975009124e+02
1.9835634798e+02
3.5002158891e+02
1.9815566051e+02
3.5029167118e+02
3.5056048014e+02
1.9795800828e+02
3.5082361378e+02
1.9776061422e+02
3.5108696995e+02
1.9756626633e+02
3.5134597257e+02
1.9737151860e+02
3.5160318819e+02
1.9718604127e+02
3.5185849705e+02
1.9700519977e+02
3.5210289698e+02
3.5234755207e+02
1.9682588225e+02
3.5258481018e+02
1.9666050382e+02
3.5281818549e+02
1.9649463079e+02
3.5305005392e+02
1.9634401650e+02
3.5326926809e+02
1.9620294436e+02
3.5348877878e+02
3.5369233852e+02
1.9606327784e+02
3.5388562906e+02
1.9594542498e+02
3.5407701156e+02
1.9582693555e+02
3.5424326261e+02
1.9576187625e+02
3.5440986613e+02
1.9573791871e+02
3.5454003335e+02
3.5464210792e+02
1.9570745784e+02
3.5474789655e+02
1.9553903692e+02
3.5493267214e+02
1.9536934348e+02
3.5511811810e+02
1.9630638746e+02
3.5431169490e+02
1.9827693324e+02
3.5258370501e+02
2.0024807368e+02
3.5085539601e+02
