2.3686637373e+02
2.3695879944e+02
2.3704992412e+02
2.3713947909e+02
2.3722426738e+02
2.3730599966e+02
2.3738532004e+02
2.3745923740e+02
2.3753215543e+02
2.3760176205e+02
2.3766655032e+02
2.3773026159e+02
2.3779037956e+02
2.3784766799e+02
2.3790145819e+02
2.3795301826e+02
2.3800324752e+02
2.3804896476e+02
2.3809209270e+02
2.3813435469e+02
2.3817213308e+02
2.3820887289e+02
2.3824275873e+02
2.3827408303e+02
2.3830380778e+02
2.3833038686e+02
2.3835391977e+02
2.3837621665e+02
2.3839609320e+02
2.3841438319e+02
2.3843026056e+02
2.3844406020e+02
2.3845587086e+02
2.3846510914e+02
2.3847275798e+02
2.3847771758e+02
2.3848107061e+02
2.3848264994e+02
2.3848148425e+02
2.3847921517e+02
2.3847405033e+02
2.3846693054e+02
2.3845703375e+02
2.3844574916e+02
2.3843422634e+02
2.3841858762e+02
2.3840104860e+02
2.3838154640e+02
2.3835977113e+02
2.3833641250e+02
2.3830858808e+02
2.3828136497e+02
2.3824990553e+02
2.3821719406e+02
2.3818155096e+02
2.3814424678e+02
2.3810416663e+02
2.3805950503e+02
2.3801489098e+02
2.3796526736e+02
2.3791625672e+02
2.3786219879e+02
2.3780344321e+02
2.3774497669e+02
2.3768002709e+02
2.3761548227e+02
2.3754468973e+02
2.3747259742e+02
2.3739559302e+02
2.3731495593e+02
2.3723391006e+02
2.3714304501e+02
2.3705344307e+02
2.3695739556e+02
2.3685832602e+02
2.3675326457e+02
2.3664634370e+02
2.3653697882e+02
2.3641850046e+02
2.3629201387e+02
2.3617225175e+02
2.3604060845e+02
2.3590359166e+02
2.3576237013e+02
2.3562394715e+02
2.3547366719e+02
2.3531877993e+02
2.3516553277e+02
2.3500496105e+02
2.3482931271e+02
2.3467618670e+02
2.3448834730e+02
2.3432710596e+02
2.3415325906e+02
2.3398929897e+02
2.3378546331e+02
2.3373305801e+02
2.3346677589e+02
2.3337870853e+02
2.3476897483e+02
