-2.1841588889e-07 9.4109525911e-09
2.8412211949e-02 -1.4160110035e-05
5.6317503280e-02 -4.9377139935e-05
8.3715655575e-02 -1.0564167875e-04
1.1060666884e-01 -1.8295372647e-04
1.3699054306e-01 -2.8131328311e-04
1.6286727825e-01 -4.0072034867e-04
1.8823687441e-01 -5.4117492313e-04
2.1310719183e-01 -7.0080620265e-04
2.3749025959e-01 -8.7971842285e-04
2.6138605741e-01 -1.0782760141e-03
2.8479458530e-01 -1.2964789764e-03
3.0771584326e-01 -1.5343273098e-03
3.3015135172e-01 -1.7885757678e-03
3.5210079999e-01 -2.0532063253e-03
3.7356194801e-01 -2.3301459753e-03
3.9454107085e-01 -2.6235149117e-03
4.1504589037e-01 -2.9314544933e-03
4.3507640659e-01 -3.2539647202e-03
4.5463261951e-01 -3.5910455924e-03
4.7371452912e-01 -3.9426971099e-03
4.9232467844e-01 -4.3072297478e-03
5.1046149638e-01 -4.6807520891e-03
5.2812736923e-01 -5.0656650502e-03
5.4532805652e-01 -5.4607940569e-03
5.6206355824e-01 -5.8661391092e-03
5.7833387442e-01 -6.2817002071e-03
5.9413900503e-01 -6.7074773506e-03
6.0947895008e-01 -7.1434705397e-03
6.2435678193e-01 -7.5880406380e-03
6.3877196232e-01 -8.0400123199e-03
6.5272790523e-01 -8.4985043558e-03
6.6622461067e-01 -8.9635167457e-03
6.7926207864e-01 -9.4350494897e-03
6.9184030913e-01 -9.9131025876e-03
7.0395920672e-01 -1.0397785737e-02
7.1561938995e-01 -1.0888953347e-02
7.2682335808e-01 -1.1384112643e-02
7.3757091245e-01 -1.1882357735e-02
7.4786205305e-01 -1.2383688623e-02
7.5769677989e-01 -1.2888105308e-02
7.6707509298e-01 -1.3395607788e-02
7.7599699230e-01 -1.3906196065e-02
7.8446186961e-01 -1.4420103563e-02
7.9247061157e-01 -1.4934631384e-02
8.0002228001e-01 -1.5448738018e-02
8.0711687493e-01 -1.5962423465e-02
8.1375439634e-01 -1.6475687725e-02
8.1993484422e-01 -1.6988530797e-02
8.2565821859e-01 -1.7500952683e-02
8.3092276594e-01 -1.8013350661e-02
8.3572910118e-01 -1.8522153117e-02
8.4007436827e-01 -1.9026827973e-02
8.4395856720e-01 -1.9527375231e-02
8.4738169798e-01 -2.0023794889e-02
8.5034376060e-01 -2.0516086948e-02
8.5284475507e-01 -2.1004251409e-02
8.5487891752e-01 -2.1488527777e-02
8.5644786966e-01 -2.1963464380e-02
8.5754970087e-01 -2.2430418755e-02
8.5818441112e-01 -2.2889390903e-02
8.5835200043e-01 -2.3340380824e-02
8.5805204472e-01 -2.3783188848e-02
8.5727762346e-01 -2.4215963989e-02
8.5602633742e-01 -2.4638401957e-02
8.5429818660e-01 -2.5050502752e-02
8.5209260819e-01 -2.5451557363e-02
8.4941028521e-01 -2.5837188247e-02
8.4625249673e-01 -2.6208495824e-02
8.4260822049e-01 -2.6565645972e-02
8.3847723172e-01 -2.6908603482e-02
8.3385953041e-01 -2.7237368354e-02
8.2875180153e-01 -2.7550748061e-02
8.2315191881e-01 -2.7842738822e-02
8.1706129392e-01 -2.8113873541e-02
8.1047060815e-01 -2.8366434208e-02
8.0337891774e-01 -2.8600448262e-02
7.9578563465e-01 -2.8815865494e-02
7.8768467331e-01 -2.9007129639e-02
7.7907667301e-01 -2.9170616463e-02
7.6995921300e-01 -2.9307946646e-02
7.6032476279e-01 -2.9422136787e-02
7.5017278784e-01 -2.9513297476e-02
7.3949702862e-01 -2.9576420501e-02
7.2829526115e-01 -2.9604988362e-02
7.1656708842e-01 -2.9599024994e-02
7.0430226433e-01 -2.9562609465e-02
6.9150403930e-01 -2.9497859762e-02
6.7816699236e-01 -2.9396641693e-02
6.6427580661e-01 -2.9259290715e-02
6.4983382396e-01 -2.9083505263e-02
6.3484541543e-01 -2.8864327019e-02
6.1930029350e-01 -2.8604286779e-02
6.0318572443e-01 -2.8302647418e-02
5.8650167198e-01 -2.7959324496e-02
5.6924091670e-01 -2.7566993505e-02
5.5141056251e-01 -2.7121338509e-02
5.3299149249e-01 -2.6626061127e-02
5.1397997290e-01 -2.6080838231e-02
4.9437557444e-01 -2.5485572859e-02
