1.1633285581e-06 2.4696651195e-05
2.2830595318e-01 -8.2897201923e-04
4.5077166156e-01 -3.2441220077e-03
6.6735036534e-01 -7.1770486702e-03
8.7801473680e-01 -1.2579765199e-02
1.0827657273e+00 -1.9367976826e-02
1.2815776865e+00 -2.7459379820e-02
1.4744440018e+00 -3.6813516414e-02
1.6613662197e+00 -4.7342080975e-02
1.8423537594e+00 -5.8987044057e-02
2.0174142477e+00 -7.1684981484e-02
2.1865547366e+00 -8.5361856744e-02
2.3498010926e+00 -9.9966995537e-02
2.5071794143e+00 -1.1542311136e-01
2.6586956895e+00 -1.3168112674e-01
2.8043882125e+00 -1.4867901811e-01
2.9442955506e+00 -1.6634655214e-01
3.0784341094e+00 -1.8464233909e-01
3.2068463578e+00 -2.0349202227e-01
3.3295669004e+00 -2.2285089421e-01
3.4466335965e+00 -2.4266133265e-01
3.5580936441e+00 -2.6286259410e-01
3.6639731509e+00 -2.8341105798e-01
3.7643212908e+00 -3.0424442679e-01
3.8591863723e+00 -3.2531931973e-01
3.9486067603e+00 -3.4658052466e-01
4.0326270683e+00 -3.6797806596e-01
4.1112910671e+00 -3.8946658603e-01
4.1846461171e+00 -4.1098864322e-01
4.2527298748e+00 -4.3250891614e-01
4.3156014679e+00 -4.5397045093e-01
4.3732957059e+00 -4.7533233797e-01
4.4258617865e+00 -4.9654892068e-01
4.4733581352e+00 -5.1756836943e-01
4.5158009686e+00 -5.3836180596e-01
4.5532604093e+00 -5.5886974062e-01
4.5857868776e+00 -5.7904364619e-01
4.6134055822e+00 -5.9887329218e-01
4.6361757492e+00 -6.1828064850e-01
4.6541387679e+00 -6.3724654026e-01
4.6673466501e+00 -6.5571688751e-01
4.6758333781e+00 -6.7365411270e-01
4.6796599928e+00 -6.9102371841e-01
4.6788709746e+00 -7.0777098733e-01
4.6734960008e+00 -7.2387116212e-01
4.6636154449e+00 -7.3928039089e-01
4.6492453977e+00 -7.5395516908e-01
4.6304494648e+00 -7.6786469277e-01
4.6072788162e+00 -7.8096252978e-01
4.5797740021e+00 -7.9321570777e-01
4.5479932572e+00 -8.0458823253e-01
4.5119839642e+00 -8.1503592570e-01
4.4718063551e+00 -8.2453073182e-01
4.4275070240e+00 -8.3303389999e-01
4.3791551935e+00 -8.4050483217e-01
4.3267903573e+00 -8.4691835285e-01
4.2704847585e+00 -8.5223542766e-01
4.2102997826e+00 -8.5641533242e-01
4.1463009655e+00 -8.5944296592e-01
4.0785467625e+00 -8.6127470459e-01
4.0071248788e+00 -8.6187762117e-01
3.9320959544e+00 -8.6123551811e-01
3.8535341585e+00 -8.5930633312e-01
3.7715325376e+00 -8.5607032082e-01
3.6861748574e+00 -8.5150281096e-01
3.5975312231e+00 -8.4557363058e-01
3.5057228971e+00 -8.3827437944e-01
3.4108385403e+00 -8.2956766347e-01
3.3129774051e+00 -8.1945077240e-01
3.2122560728e+00 -8.0790843963e-01
3.1087953608e+00 -7.9490984998e-01
3.0027180271e+00 -7.8047099367e-01
2.8941520868e+00 -7.6457412822e-01
2.7832525289e+00 -7.4721073938e-01
2.6701619433e+00 -7.2839561573e-01
2.5550437648e+00 -7.0813051307e-01
2.4380589383e+00 -6.8642699009e-01
2.3194055012e+00 -6.6330411378e-01
2.1992663258e+00 -6.3876815999e-01
2.0778694109e+00 -6.1288616022e-01
1.9554320390e+00 -5.8566225892e-01
1.8321795329e+00 -5.5715725464e-01
1.7083962973e+00 -5.2742641884e-01
1.5843638342e+00 -4.9652153187e-01
1.4603939709e+00 -4.6457039244e-01
1.3368032065e+00 -4.3160470782e-01
1.2139685269e+00 -3.9777274461e-01
1.0922882733e+00 -3.6319214667e-01
9.7224559902e-01 -3.2800616352e-01
8.5429954101e-01 -2.9243936789e-01
7.3902330232e-01 -2.5662933299e-01
6.2705894910e-01 -2.2088462846e-01
5.1915626344e-01 -1.8546907810e-01
4.1626133255e-01 -1.5078684615e-01
3.1928515235e-01 -1.1729540863e-01
2.2969971746e-01 -8.5476767775e-02
1.4924533852e-01 -5.6256490799e-02
8.0304774888e-02 -3.0652068772e-02
2.7217744495e-02 -1.0107719477e-02
-2.1743719804e-04 9.3001125855e-05
