3.8645270506e+02
3.8658364294e+02
3.8676094391e+02
3.8692317448e+02
3.8695352071e+02
3.8698405632e+02
3.8701478258e+02
3.8705983091e+02
3.8707017643e+02
3.8703681670e+02
3.8700675380e+02
3.8697689270e+02
3.8694401176e+02
3.8684701408e+02
3.8675026119e+02
3.8665443985e+02
3.8656751046e+02
3.8643853524e+02
3.8629298004e+02
3.8615497714e+02
3.8602787608e+02
3.8588437118e+02
3.8571707394e+02
3.8555160299e+02
3.8538640841e+02
3.8522149183e+02
3.8502086655e+02
3.8481816952e+02
3.8461577554e+02
3.8441799879e+02
3.8422323509e+02
3.8400081948e+02
3.8377550636e+02
3.8355049501e+02
3.8332578713e+02
3.8310138442e+02
3.8286006415e+02
3.8261413497e+02
3.8236853544e+02
3.8211780732e+02
3.8185920877e+02
3.8158791071e+02
3.8132199088e+02
3.8105974320e+02
3.8079782295e+02
3.8052338667e+02
3.8024225763e+02
3.7995880775e+02
3.7967250461e+02
3.7938654946e+02
3.7908934776e+02
3.7878925472e+02
3.7848953047e+02
3.7819017690e+02
3.7788865173e+02
3.7757487322e+02
3.7726145926e+02
3.7694841169e+02
3.7663573233e+02
3.7631785862e+02
3.7599052409e+02
3.7566357736e+02
3.7533494014e+02
3.7500282555e+02
3.7466483219e+02
3.7432122989e+02
3.7397803372e+02
3.7363810402e+02
3.7329719258e+02
3.7294470544e+02
3.7259169868e+02
3.7223909803e+02
3.7188690538e+02
3.7152225414e+02
3.7115527340e+02
3.7078871950e+02
3.7042259439e+02
3.7005293433e+02
3.6967376067e+02
3.6929807798e+02
3.6892282011e+02
3.6854798898e+02
3.6816351540e+02
3.6777592824e+02
3.6738792624e+02
3.6700003322e+02
3.6660776030e+02
3.6620400045e+02
3.6580070499e+02
3.6539961469e+02
3.6500391770e+02
3.6459895669e+02
3.6418713937e+02
3.6377423987e+02
3.6336180538e+02
3.6294983786e+02
3.6253230280e+02
3.6210930866e+02
3.6168680157e+02
3.6126073799e+02
3.6083439988e+02
3.6039560633e+02
3.5995630741e+02
3.5951984554e+02
3.5908810062e+02
3.5865073455e+02
3.5820515272e+02
3.5775705292e+02
3.5730945538e+02
3.5686236210e+02
3.5640955432e+02
3.5595175413e+02
3.5549447919e+02
3.5503275211e+02
3.5457051666e+02
3.5409825496e+02
3.5362653638e+02
3.5315536300e+02
3.5268726973e+02
3.5221022037e+02
3.5173023922e+02
3.5125079288e+02
3.5077188339e+02
3.5028664259e+02
3.4979341782e+02
3.4930075089e+02
3.4880865977e+02
3.4831730764e+02
3.4781897155e+02
3.4730950013e+02
3.4680404029e+02
3.4630005765e+02
3.4579664421e+02
3.4528840582e+02
3.4476903569e+02
3.4425024821e+02
3.4373204549e+02
3.4321457035e+02
3.4268231028e+02
3.4215220876e+02
3.4162625755e+02
3.4110087863e+02
3.4056964516e+02
3.4003101034e+02
3.3948936939e+02
3.3894643558e+02
3.3840409255e+02
3.3785888299e+02
3.3730604255e+02
3.3675381403e+02
3.3619922723e+02
3.3564106690e+02
3.3507825356e+02
3.3451073584e+02
3.3394384764e+02
3.3337759108e+02
3.3281119219e+02
3.3223302632e+02
3.3165545664e+02
3.3107848513e+02
3.3050211376e+02
3.2992509186e+02
3.2933938414e+02
3.2874814184e+02
3.2815718621e+02
3.2756684537e+02
3.2696947862e+02
3.2636844047e+02
3.2576803825e+02
3.2516519103e+02
3.2455895542e+02
3.2394535349e+02
3.2333066860e+02
3.2271662995e+02
3.2210323960e+02
3.2148854801e+02
3.2085985417e+02
3.2023270126e+02
3.1960753022e+02
3.1898295797e+02
3.1835898637e+02
3.1772987725e+02
3.1708995939e+02
3.1645003949e+02
3.1581072127e+02
3.1517200655e+02
3.1452700600e+02
3.1388005589e+02
3.1323194921e+02
3.1257596710e+02
3.1192059020e+02
3.1126192502e+02
3.1060069206e+02
3.0994008090e+02
3.0928009338e+02
3.0861479968e+02
3.0794135512e+02
3.0726730902e+02
3.0659387776e+02
3.0592106315e+02
3.0524886698e+02
3.0456737593e+02
3.0388396707e+02
3.0320110487e+02
3.0251879090e+02
3.0183702673e+02
3.0115388736e+02
3.0046246437e+02
2.9976523076e+02
2.9906853421e+02
2.9837237626e+02
2.9767659909e+02
2.9698133525e+02
2.9627707593e+02
2.9556787036e+02
2.9485924375e+02
2.9415274310e+02
2.9344676527e+02
2.9274131171e+02
2.9202293951e+02
2.9130417279e+02
2.9058701937e+02
2.8987036916e+02
2.8915422352e+02
2.8842953600e+02
2.8770194196e+02
2.8697709045e+02
2.8625271792e+02
2.8552987015e+02
2.8480199409e+02
2.8407387721e+02
2.8334620429e+02
2.8261471378e+02
2.8187487829e+02
2.8113972266e+02
2.8040497813e+02
2.7967064578e+02
2.7893672669e+02
2.7819254934e+02
2.7745103678e+02
2.7670991241e+02
2.7597007227e+02
2.7523055868e+02
2.7448933035e+02
2.7374278753e+02
2.7299652654e+02
2.7225054809e+02
2.7150485293e+02
2.7076509086e+02
2.7001380212e+02
2.6926274593e+02
2.6851192288e+02
2.6776133355e+02
2.6701757884e+02
2.6627245042e+02
2.6551765215e+02
2.6476303216e+02
2.6400859088e+02
2.6325789939e+02
2.6251689766e+02
2.6176347216e+02
2.6100674401e+02
2.6025013593e+02
2.5949693802e+02
2.5875042321e+02
2.5800402092e+02
2.5724265031e+02
2.5648699326e+02
2.5574266012e+02
2.5499837207e+02
2.5424456830e+02
2.5348180581e+02
2.5271905860e+02
2.5197453724e+02
2.5123279664e+02
2.5049103299e+02
2.4973753205e+02
2.4897670237e+02
2.4822835633e+02
2.4748869533e+02
2.4674893737e+02
2.4600376549e+02
2.4525030043e+02
2.4449671554e+02
2.4375700259e+02
2.4302309986e+02
2.4228315347e+02
2.4153841595e+02
2.4079348509e+02
2.4005082530e+02
2.3932416855e+02
2.3859143709e+02
2.3785383210e+02
2.3711596486e+02
2.3637783478e+02
2.3565195180e+02
2.3492830861e+02
2.3419958598e+02
2.3347052614e+02
2.3274112833e+02
2.3201255024e+02
2.3130011760e+02
2.3058257770e+02
2.2986463245e+02
2.2914547206e+02
2.2842552422e+02
2.2770621108e+02
2.2700065179e+02
2.2629458504e+02
2.2558800969e+02
2.2488092462e+02
2.2416774202e+02
2.2346087108e+02
2.2276825896e+02
2.2207506571e+02
2.2138129005e+02
2.2068359999e+02
2.1998398232e+02
2.1929328783e+02
2.1861450698e+02
2.1793507643e+02
2.1725295071e+02
2.1656994608e+02
2.1588628375e+02
2.1520884118e+02
2.1454451746e+02
2.1388113372e+02
2.1321703749e+02
2.1255222726e+02
2.1188442837e+02
2.1121556914e+02
2.1056638146e+02
2.0991635878e+02
2.0926549937e+02
2.0861380145e+02
2.0796356388e+02
2.0731387011e+02
2.0667708747e+02
2.0604497040e+02
2.0541196233e+02
2.0478188098e+02
2.0415256063e+02
2.0352235334e+02
2.0289771311e+02
2.0228312482e+02
2.0167611197e+02
2.0106829579e+02
2.0045955098e+02
1.9984305148e+02
1.9922971186e+02
1.9863383934e+02
1.9804194122e+02
1.9744900018e+02
1.9685501412e+02
1.9626652575e+02
1.9567745108e+02
1.9509422768e+02
1.9452076450e+02
1.9394622173e+02
1.9338356360e+02
1.9282060292e+02
1.9225658230e+02
1.9169149963e+02
1.9112489881e+02
1.9057955985e+02
1.9003305540e+02
1.8948538315e+02
1.8893654082e+02
1.8839608558e+02
1.8785732062e+02
1.8732457834e+02
1.8679683727e+02
1.8626790675e+02
1.8574807931e+02
1.8523719337e+02
1.8472514579e+02
1.8421193435e+02
1.8369755681e+02
1.8319514940e+02
1.8270145538e+02
1.8220650668e+02
1.8171030090e+02
1.8121283565e+02
1.8072747087e+02
1.8024881881e+02
1.7976894658e+02
1.7929342421e+02
1.7881738274e+02
1.7835381636e+02
1.7790066473e+02
1.7744010495e+02
1.7697693791e+02
1.7651251038e+02
1.7607257774e+02
1.7563248799e+02
1.7519008690e+02
1.7474455518e+02
1.7430723452e+02
1.7388253234e+02
1.7345656872e+02
1.7303089974e+02
1.7260536942e+02
1.7220183204e+02
1.7179902839e+02
1.7138594330e+02
1.7097153884e+02
1.7056493805e+02
1.7016903966e+02
1.6977371046e+02
1.6938451005e+02
1.6899402059e+02
1.6861669927e+02
1.6824723484e+02
1.6787653228e+02
1.6750458936e+02
1.6712007145e+02
1.6675421314e+02
1.6640092349e+02
1.6604547814e+02
1.6568875107e+02
1.6533672091e+02
1.6499531476e+02
1.6465267237e+02
1.6431011585e+02
1.6397577053e+02
1.6364967579e+02
1.6332449607e+02
1.6299809200e+02
1.6267046143e+02
1.6235449686e+02
1.6205248494e+02
1.6174927592e+02
1.6144486771e+02
1.6113925823e+02
1.6082933352e+02
1.6054188566e+02
1.6025820545e+02
1.5997186645e+02
1.5968433333e+02
1.5939560403e+02
1.5911692631e+02
1.5885218686e+02
1.5858627329e+02
1.5831918359e+02
1.5805091576e+02
1.5779528448e+02
1.5754579374e+02
1.5729385440e+02
1.5704072616e+02
1.5679881479e+02
1.5657064742e+02
1.5634132918e+02
1.5611085813e+02
1.5588132713e+02
1.5566788098e+02
1.5545330795e+02
1.5523760615e+02
1.5502077370e+02
1.5481439401e+02
1.5462060919e+02
1.5441856237e+02
1.5421533725e+02
1.5403588120e+02
1.5386417402e+02
1.5369117970e+02
1.5351182194e+02
1.5335845726e+02
1.5320406711e+02
1.5304335409e+02
1.5288006936e+02
1.5274219429e+02
1.5261052763e+02
1.5247775139e+02
1.5234386376e+02
1.5221029423e+02
1.5209497528e+02
1.5200301303e+02
1.5191000522e+02
1.5181595016e+02
1.5172084615e+02
1.5163859499e+02
1.5157220378e+02
1.5153878194e+02
1.5150440847e+02
1.5146908185e+02
1.5143280056e+02
1.5142796816e+02
1.5145394784e+02
1.5146706155e+02
1.5147946803e+02
1.5149116616e+02
1.5158054887e+02
1.5167100844e+02
1.5173964146e+02
1.5182440779e+02
1.5199603654e+02
1.5220092345e+02
1.5240536810e+02
1.5260936980e+02
1.5281292786e+02
