3.2323546806e+02
3.2323058937e+02
3.2322571069e+02
3.2322113988e+02
3.2321679775e+02
3.2321033710e+02
3.2320513571e+02
3.2319993431e+02
3.2319392627e+02
3.2318805611e+02
3.2318219930e+02
3.2317482427e+02
3.2316764070e+02
3.2316023147e+02
3.2315248125e+02
3.2314487658e+02
3.2313501412e+02
3.2312541571e+02
3.2311544582e+02
3.2310433191e+02
3.2309302504e+02
3.2308188581e+02
3.2306923571e+02
3.2305688775e+02
3.2304505061e+02
3.2303062219e+02
3.2301093102e+02
3.2299626263e+02
3.2297886345e+02
3.2296003935e+02
3.2294372912e+02
3.2292785913e+02
3.2290314844e+02
3.2287686467e+02
3.2285431523e+02
3.2283269579e+02
3.2280691670e+02
3.2278445187e+02
3.2276070883e+02
3.2273551489e+02
3.2270880778e+02
3.2268022292e+02
3.2265068049e+02
3.2262076535e+02
3.2259020924e+02
3.2255904493e+02
3.2252720982e+02
3.2249514332e+02
3.2246263609e+02
3.2242822875e+02
3.2239375550e+02
3.2236016719e+02
3.2232603718e+02
3.2229061502e+02
3.2225717946e+02
3.2222146215e+02
3.2218657454e+02
3.2215093038e+02
3.2211763081e+02
3.2208205939e+02
3.2204762671e+02
3.2201292986e+02
3.2197877635e+02
3.2194518745e+02
3.2191290981e+02
3.2188135488e+02
3.2185038694e+02
3.2181790032e+02
3.2178699918e+02
3.2175911297e+02
3.2173110572e+02
3.2170419309e+02
3.2167967849e+02
3.2165465117e+02
3.2163273609e+02
3.2161131727e+02
3.2159424387e+02
3.2157632013e+02
3.2156178281e+02
3.2155049856e+02
3.2153781740e+02
3.2153074754e+02
3.2152402563e+02
3.2152028411e+02
3.2151872346e+02
3.2151858724e+02
3.2152335296e+02
3.2152902661e+02
3.2153692166e+02
3.2154762926e+02
3.2156140099e+02
3.2157618725e+02
3.2159443187e+02
3.2161544653e+02
3.2163655602e+02
3.2166048719e+02
3.2168655954e+02
3.2171069080e+02
3.2174192422e+02
3.2176944134e+02
