-3.8012760396e-08 1.7645067741e-08
2.8572834591e-02 -1.2980702503e-05
5.6629776077e-02 -4.5215015989e-05
8.4170786445e-02 -9.6685295389e-05
1.1119586570e-01 -1.6739154070e-04
1.3770501383e-01 -2.5733375193e-04
1.6369823085e-01 -3.6651192907e-04
1.8917551674e-01 -4.9492607213e-04
2.1413754504e-01 -6.4291387130e-04
2.3860131265e-01 -8.1037312938e-04
2.6256780243e-01 -9.9047335529e-04
2.8603701440e-01 -1.1832145490e-03
3.0900796497e-01 -1.3889316510e-03
3.3148147865e-01 -1.6112460015e-03
3.5345875069e-01 -1.8510139428e-03
3.7493978108e-01 -2.1082354749e-03
3.9592801220e-01 -2.3770453156e-03
4.1643205378e-01 -2.6571127503e-03
4.3645230724e-01 -2.9495671741e-03
4.5598877256e-01 -3.2544085868e-03
4.7504144976e-01 -3.5716369884e-03
4.9360765379e-01 -3.8983399172e-03
5.1168855286e-01 -4.2360561969e-03
5.2929424497e-01 -4.5865337642e-03
5.4641851302e-01 -4.9422245622e-03
5.6306753873e-01 -5.3067296862e-03
5.7924132210e-01 -5.6800491362e-03
5.9493986314e-01 -6.0621829122e-03
6.1016316184e-01 -6.4531310143e-03
6.2491121821e-01 -6.8528934424e-03
6.3918538135e-01 -7.2612077365e-03
6.5299047902e-01 -7.6752660590e-03
6.6632506488e-01 -8.0943517327e-03
6.7918913894e-01 -8.5184647575e-03
6.9158270120e-01 -8.9476051334e-03
7.0350740558e-01 -9.3828477780e-03
7.1496292804e-01 -9.8238134250e-03
7.2594857985e-01 -1.0267644433e-02
7.3646729779e-01 -1.0714488190e-02
7.4651922419e-01 -1.1164264009e-02
7.5610319344e-01 -1.1616526003e-02
7.6521886963e-01 -1.2071212693e-02
7.7386625275e-01 -1.2528324078e-02
7.8204686168e-01 -1.2987002949e-02
7.8975818369e-01 -1.3445783503e-02
7.9700020819e-01 -1.3904664173e-02
8.0377339620e-01 -1.4363581254e-02
8.1007895272e-01 -1.4822142813e-02
8.1591688799e-01 -1.5280286780e-02
8.2128393244e-01 -1.5737121072e-02
8.2618035453e-01 -1.6190651078e-02
8.3060584923e-01 -1.6640823007e-02
8.3455911034e-01 -1.7088107343e-02
8.3803999501e-01 -1.7532628061e-02
8.4104989566e-01 -1.7973905320e-02
8.4358571992e-01 -1.8409565814e-02
8.4564285957e-01 -1.8839549051e-02
8.4722131460e-01 -1.9263855030e-02
8.4832207167e-01 -1.9681889632e-02
8.4894715713e-01 -2.0092515109e-02
8.4909659553e-01 -2.0495732101e-02
8.4875964769e-01 -2.0891466766e-02
8.4793889393e-01 -2.1276190806e-02
8.4663403388e-01 -2.1650961417e-02
8.4484184073e-01 -2.2016675698e-02
8.4256236267e-01 -2.2373315820e-02
8.3979347770e-01 -2.2717846937e-02
8.3653268838e-01 -2.3048061783e-02
8.3277700515e-01 -2.3364098472e-02
8.2852374500e-01 -2.3667809646e-02
8.2377718578e-01 -2.3957422477e-02
8.1852640511e-01 -2.4231056569e-02
8.1276859052e-01 -2.4489053931e-02
8.0650549533e-01 -2.4729962549e-02
7.9973973897e-01 -2.4951848659e-02
7.9246507360e-01 -2.5156380432e-02
7.8467158653e-01 -2.5339256138e-02
7.7635985199e-01 -2.5499333099e-02
7.6753000563e-01 -2.5639275482e-02
7.5818226931e-01 -2.5758761927e-02
7.4830696921e-01 -2.5852456271e-02
7.3789606270e-01 -2.5922051761e-02
7.2695275287e-01 -2.5965370487e-02
7.1547923750e-01 -2.5980347512e-02
7.0346776308e-01 -2.5968767616e-02
6.9090727014e-01 -2.5924847053e-02
6.7779763441e-01 -2.5848357554e-02
6.6413774116e-01 -2.5742598409e-02
6.4992757167e-01 -2.5604285721e-02
6.3515132947e-01 -2.5429295394e-02
6.1980652781e-01 -2.5217738257e-02
6.0389715342e-01 -2.4967736267e-02
5.8741577806e-01 -2.4678546120e-02
5.7035412595e-01 -2.4344584534e-02
5.5270643526e-01 -2.3968992007e-02
5.3446884370e-01 -2.3552097061e-02
5.1563889418e-01 -2.3086653166e-02
4.9621564994e-01 -2.2571734912e-02
4.7618043291e-01 -2.2004813081e-02
4.5553125555e-01 -2.1385361287e-02
