3.6953476325e+02
3.6946591762e+02
3.6939890623e+02
3.6933643140e+02
3.6927586416e+02
3.6921650607e+02
3.6916267057e+02
3.6911043201e+02
3.6906040845e+02
3.6901416400e+02
3.6897043102e+02
3.6892980804e+02
3.6889118017e+02
3.6885699814e+02
3.6882540659e+02
3.6879567074e+02
3.6877159908e+02
3.6874908592e+02
3.6872953401e+02
3.6871454755e+02
3.6870126971e+02
3.6869227199e+02
3.6868681275e+02
3.6868331948e+02
3.6868584295e+02
3.6869008754e+02
3.6869754695e+02
3.6870964966e+02
3.6872403774e+02
3.6874450700e+02
3.6876587163e+02
3.6879197836e+02
3.6882209883e+02
3.6885613506e+02
3.6889155154e+02
3.6893262781e+02
3.6897871445e+02
3.6902690044e+02
3.6907915003e+02
3.6913381102e+02
3.6919420825e+02
3.6925797624e+02
3.6932274601e+02
3.6939588022e+02
3.6947036437e+02
3.6954649802e+02
3.6962969840e+02
3.6971639973e+02
3.6980545160e+02
3.6989677466e+02
3.6999375068e+02
3.7009404335e+02
3.7019599444e+02
3.7030397075e+02
3.7041500241e+02
3.7052630058e+02
3.7064442435e+02
3.7076526191e+02
3.7088696090e+02
3.7101475893e+02
3.7114477693e+02
3.7127629839e+02
3.7141265787e+02
3.7155252158e+02
3.7169230558e+02
3.7183613996e+02
3.7198336923e+02
3.7213214764e+02
3.7228253835e+02
3.7243825067e+02
3.7259563945e+02
3.7275303813e+02
3.7291458219e+02
3.7307868799e+02
3.7324229430e+02
3.7341027548e+02
3.7358098691e+02
3.7374881867e+02
3.7392116787e+02
3.7409956457e+02
3.7427113474e+02
3.7444978162e+02
3.7463129482e+02
3.7480588561e+02
3.7499470884e+02
3.7517397192e+02
3.7536706117e+02
3.7554587103e+02
3.7573142174e+02
3.7593002934e+02
3.7610090586e+02
3.7630455447e+02
3.7650468392e+02
3.7668341422e+02
3.7687705693e+02
3.7708191639e+02
3.7726681968e+02
3.7734451183e+02
3.7775880973e+02
3.7606541964e+02
