3.9503194030e+02
3.9495271634e+02
3.9487610596e+02
3.9480339711e+02
3.9473545808e+02
3.9466683784e+02
3.9460405906e+02
3.9454356724e+02
3.9448712668e+02
3.9443418137e+02
3.9438328591e+02
3.9433793874e+02
3.9429344472e+02
3.9425435051e+02
3.9421960800e+02
3.9418743217e+02
3.9416012962e+02
3.9413380779e+02
3.9411373064e+02
3.9409577752e+02
3.9408199007e+02
3.9407295348e+02
3.9406634326e+02
3.9406657271e+02
3.9406818785e+02
3.9407397958e+02
3.9408598205e+02
3.9410048248e+02
3.9411883693e+02
3.9414202889e+02
3.9416834005e+02
3.9419985188e+02
3.9423612626e+02
3.9427546710e+02
3.9432146811e+02
3.9437032638e+02
3.9442159485e+02
3.9447956478e+02
3.9454167738e+02
3.9460740319e+02
3.9467816757e+02
3.9475283800e+02
3.9483001136e+02
3.9491533753e+02
3.9500346387e+02
3.9509476058e+02
3.9518903467e+02
3.9529112170e+02
3.9539498638e+02
3.9550398521e+02
3.9561730992e+02
3.9573223855e+02
3.9585401958e+02
3.9597959025e+02
3.9610779934e+02
3.9624201151e+02
3.9637839346e+02
3.9651701368e+02
3.9666204585e+02
3.9680970488e+02
3.9695948059e+02
3.9711426054e+02
3.9727288790e+02
3.9743426535e+02
3.9759711624e+02
3.9776454068e+02
3.9793577083e+02
3.9810788168e+02
3.9828405359e+02
3.9846277161e+02
3.9864583468e+02
3.9882877176e+02
3.9901511413e+02
3.9920381603e+02
3.9939394598e+02
3.9958880152e+02
3.9978148658e+02
3.9998285134e+02
4.0017955926e+02
4.0038038250e+02
4.0058215727e+02
4.0078352113e+02
4.0099468541e+02
4.0119987893e+02
4.0140627465e+02
4.0161879420e+02
4.0182413444e+02
4.0204131919e+02
4.0225491186e+02
4.0246341282e+02
4.0268822605e+02
4.0289266531e+02
4.0310761006e+02
4.0333913817e+02
4.0353076272e+02
4.0376382682e+02
4.0387650938e+02
4.0421562744e+02
4.0399137172e+02
4.0297443295e+02
