3.0217771703e+02
3.0281919463e+02
3.0153690080e+02
3.0346070196e+02
3.0089654887e+02
3.0410241314e+02
3.0025616008e+02
3.0474412002e+02
2.9961695916e+02
3.0538548530e+02
2.9897787951e+02
3.0602684174e+02
2.9833936241e+02
3.0666828054e+02
3.0731189674e+02
2.9770132781e+02
3.0795554035e+02
2.9706322829e+02
3.0859727692e+02
2.9642631273e+02
3.0923738800e+02
2.9578955237e+02
3.0987756604e+02
2.9515374892e+02
3.1052439553e+02
2.9451943249e+02
3.1117139026e+02
2.9388502360e+02
3.1181502463e+02
2.9325124715e+02
3.1245526664e+02
2.9261756532e+02
3.1309561140e+02
2.9198459540e+02
3.1373825821e+02
2.9135267571e+02
3.1438112087e+02
2.9072062879e+02
3.1502381640e+02
2.9009092445e+02
3.1566675643e+02
2.8946181714e+02
3.1630983010e+02
2.8883330677e+02
3.1695099257e+02
2.8820609367e+02
3.1759203546e+02
2.8757872579e+02
3.1823189548e+02
2.8695321846e+02
3.1887015370e+02
2.8632829127e+02
3.1950856546e+02
2.8570396209e+02
3.2015172070e+02
2.8508136147e+02
3.2079575966e+02
2.8445857422e+02
3.2143659230e+02
2.8383786492e+02
3.2207160225e+02
2.8321797529e+02
3.2270679389e+02
2.8259846454e+02
3.2334502764e+02
2.8198026721e+02
3.2398406751e+02
2.8136185225e+02
3.2462194066e+02
2.8074905452e+02
3.2525729251e+02
2.8013910864e+02
3.2589285364e+02
2.7952865772e+02
3.2652716258e+02
2.7891499752e+02
3.2716125085e+02
2.7830109570e+02
3.2779514861e+02
2.7769082272e+02
3.2842863219e+02
2.7708275049e+02
3.2906234930e+02
2.7647508549e+02
3.2969263480e+02
2.7587066372e+02
3.3032183331e+02
2.7526596986e+02
3.3095134107e+02
2.7466360420e+02
3.3158202616e+02
2.7406289475e+02
3.3221296775e+02
2.7346246108e+02
3.3283936460e+02
2.7286851166e+02
3.3346391354e+02
2.7227426491e+02
3.3408866005e+02
2.7167818531e+02
3.3471419124e+02
2.7108052762e+02
3.3533999760e+02
2.7048309829e+02
3.3596226539e+02
2.6989506414e+02
3.3658279092e+02
2.6930670356e+02
3.3720363915e+02
2.6871958592e+02
3.3782628511e+02
2.6813375519e+02
3.3844922330e+02
2.6754761353e+02
3.3906715619e+02
2.6697040157e+02
3.3968207076e+02
2.6639293912e+02
3.4029710007e+02
3.4091189095e+02
2.6581398305e+02
3.4152699087e+02
2.6523334494e+02
3.4214108164e+02
2.6465240728e+02
3.4275449573e+02
2.6407895287e+02
3.4336766078e+02
2.6350541386e+02
3.4397434163e+02
2.6293491424e+02
3.4458135381e+02
2.6236887661e+02
3.4518868915e+02
2.6180247149e+02
3.4579633292e+02
2.6123901272e+02
3.4640405466e+02
2.6067543393e+02
3.4700555923e+02
2.6011411852e+02
3.4760741434e+02
2.5955688592e+02
3.4820836664e+02
2.5899928065e+02
3.4880837593e+02
2.5844228628e+02
3.4940871566e+02
2.5788489133e+02
3.5000460111e+02
2.5733027145e+02
3.5060085515e+02
2.5678161415e+02
3.5119553632e+02
2.5623253574e+02
3.5178824231e+02
2.5568954063e+02
3.5238129643e+02
2.5514751454e+02
3.5297105344e+02
2.5460612626e+02
3.5356105848e+02
2.5406692538e+02
3.5414914894e+02
2.5352731210e+02
3.5473435966e+02
2.5299266070e+02
3.5531993548e+02
3.5589985866e+02
2.5245894166e+02
3.5647954124e+02
2.5192609448e+02
3.5706104486e+02
2.5139675046e+02
3.5764531961e+02
2.5086697732e+02
3.5822995623e+02
2.5034256621e+02
3.5880282823e+02
2.4981958518e+02
3.5937415968e+02
2.4929739133e+02
3.5994567597e+02
2.4877943696e+02
3.6051714304e+02
2.4826102561e+02
3.6108897994e+02
2.4774724547e+02
3.6165701454e+02
2.4723509566e+02
3.6222468244e+02
2.4672334628e+02
3.6279116335e+02
2.4621542470e+02
3.6335418196e+02
2.4570704587e+02
3.6391759936e+02
2.4520288630e+02
3.6447752423e+02
2.4470047431e+02
3.6503685049e+02
2.4419882481e+02
3.6559518881e+02
2.4370509544e+02
3.6614975356e+02
3.6670472625e+02
2.4321087378e+02
3.6725872931e+02
2.4271787728e+02
3.6781275474e+02
2.4222538808e+02
3.6836499143e+02
2.4173317881e+02
3.6890939251e+02
2.4124835280e+02
3.6945418043e+02
2.4076302374e+02
3.6999782046e+02
2.4028198484e+02
3.7054142585e+02
2.3980388826e+02
3.7108449214e+02
2.3932550446e+02
3.7162329016e+02
2.3885116457e+02
3.7216250711e+02
2.3837633284e+02
3.7269869304e+02
2.3790644321e+02
3.7323364344e+02
2.3744054383e+02
3.7376839445e+02
2.3697411491e+02
3.7429928386e+02
2.3650840761e+02
3.7483060925e+02
3.7535630882e+02
2.3604224970e+02
3.7587869294e+02
2.3558190894e+02
3.7640206972e+02
2.3512684887e+02
3.7693128760e+02
2.3467122706e+02
3.7746093355e+02
2.3422059716e+02
3.7798040912e+02
2.3376960621e+02
3.7849248502e+02
2.3332088294e+02
3.7900506631e+02
2.3287477921e+02
3.7951913344e+02
2.3242810438e+02
3.8003362806e+02
2.3199107856e+02
3.8054516327e+02
2.3155427851e+02
3.8105437025e+02
2.3111857903e+02
3.8156398205e+02
2.3068470056e+02
3.8206840879e+02
3.8257328457e+02
2.3025026808e+02
3.8307541419e+02
2.2982020429e+02
3.8357481641e+02
2.2939021288e+02
3.8407468721e+02
2.2896472085e+02
3.8456995611e+02
2.2854685526e+02
3.8506551197e+02
2.2812839613e+02
3.8555918602e+02
2.2770973568e+02
3.8605054338e+02
2.2729060815e+02
3.8654235581e+02
2.2687485285e+02
3.8703131558e+02
2.2646592476e+02
3.8752046842e+02
2.2605640192e+02
3.8800652895e+02
2.2565281494e+02
3.8848822989e+02
3.8897040983e+02
2.2525021862e+02
3.8944856511e+02
2.2484647055e+02
3.8992661521e+02
2.2444025116e+02
3.9040288427e+02
2.2403343576e+02
3.9087597028e+02
2.2364468430e+02
3.9134953208e+02
2.2326103133e+02
3.9181909781e+02
2.2287607836e+02
3.9228832516e+02
2.2248760442e+02
3.9275596016e+02
2.2209853661e+02
3.9321999782e+02
2.2171568368e+02
3.9368450659e+02
2.2133481009e+02
3.9414623805e+02
3.9460765774e+02
2.2095499668e+02
3.9506698742e+02
2.2058052139e+02
3.9552077296e+02
2.2020545273e+02
3.9597504141e+02
2.1983475091e+02
3.9642403913e+02
2.1946574556e+02
3.9687174269e+02
2.1909729075e+02
3.9731949573e+02
2.1873315815e+02
3.9776659030e+02
2.1836843053e+02
3.9821413276e+02
2.1800880289e+02
3.9865928186e+02
2.1765170888e+02
3.9910382031e+02
2.1729499663e+02
3.9954654428e+02
3.9998152015e+02
2.1694376806e+02
4.0041698115e+02
2.1659193770e+02
4.0084884145e+02
2.1624384793e+02
4.0127930034e+02
2.1589799930e+02
4.0170946434e+02
2.1555231489e+02
4.0213667746e+02
2.1521319596e+02
4.0256436363e+02
2.1487347923e+02
4.0298735087e+02
2.1453558453e+02
4.0340797492e+02
2.1419896274e+02
4.0382872656e+02
4.0424806084e+02
2.1386243628e+02
4.0466787427e+02
2.1353676358e+02
4.0508066121e+02
2.1321046795e+02
4.0548904258e+02
2.1288710895e+02
4.0589738813e+02
2.1256638150e+02
4.0630034040e+02
2.1224516059e+02
4.0670375021e+02
2.1193021025e+02
4.0710644432e+02
2.1161463658e+02
4.0750866745e+02
2.1130176836e+02
4.0791095112e+02
4.0830941304e+02
2.1099182666e+02
4.0870834304e+02
2.1068130558e+02
4.0910208864e+02
2.1037487316e+02
4.0949120105e+02
2.1006788620e+02
4.0988077397e+02
2.0976586711e+02
4.1026028268e+02
2.0947020555e+02
4.1064024231e+02
2.0917392066e+02
4.1101954295e+02
2.0888363759e+02
4.1139810145e+02
2.0859330664e+02
4.1177710312e+02
4.1214839911e+02
2.0830643255e+02
4.1251993664e+02
2.0802495220e+02
4.1288860682e+02
2.0774285687e+02
4.1325356586e+02
2.0746810356e+02
4.1361897432e+02
2.0719378947e+02
4.1397724840e+02
2.0692282472e+02
4.1433542274e+02
2.0665821498e+02
4.1469059394e+02
2.0639303905e+02
4.1504111086e+02
4.1539208657e+02
2.0613031550e+02
4.1573513471e+02
2.0586762725e+02
4.1607755848e+02
2.0560689505e+02
4.1641836125e+02
2.0535083909e+02
4.1675597314e+02
2.0509417892e+02
4.1709403504e+02
2.0485009312e+02
4.1742244167e+02
2.0460860342e+02
4.1774954650e+02
2.0436915337e+02
4.1807293816e+02
4.1838802045e+02
2.0413582634e+02
4.1870355466e+02
2.0390190452e+02
4.1901119883e+02
2.0367622744e+02
4.1931726907e+02
2.0345262654e+02
4.1962184024e+02
2.0323170517e+02
4.1992190361e+02
2.0302045984e+02
4.2022240904e+02
2.0280860590e+02
4.2051277489e+02
4.2080047154e+02
2.0260589468e+02
4.2108437830e+02
2.0240626957e+02
4.2135541561e+02
2.0220870138e+02
4.2162690919e+02
2.0202108035e+02
4.2188766706e+02
2.0183282552e+02
4.2214461867e+02
2.0166307921e+02
4.2239901059e+02
2.0150144352e+02
4.2264192090e+02
4.2288528543e+02
2.0134223356e+02
4.2311465342e+02
2.0119845458e+02
4.2333772534e+02
2.0105408242e+02
4.2355794091e+02
2.0092846071e+02
4.2376144931e+02
2.0081271181e+02
4.2396541184e+02
2.0070082566e+02
4.2414982456e+02
2.0062109202e+02
4.2432362068e+02
4.2449374142e+02
2.0054080246e+02
4.2463425684e+02
2.0048197348e+02
4.2477523140e+02
2.0043698289e+02
4.2488814754e+02
2.0039657433e+02
4.2498245593e+02
2.0041446460e+02
4.2507280728e+02
2.0043179934e+02
4.2511361931e+02
2.0051125827e+02
4.2515485038e+02
4.2513754289e+02
2.0063925383e+02
4.2507459604e+02
2.0077628903e+02
4.2500160283e+02
2.0114102362e+02
4.2467986688e+02
2.0150561939e+02
4.2435837236e+02
2.0217518249e+02
4.2368317741e+02
2.0313192300e+02
4.2267711629e+02
2.0408938585e+02
4.2167061863e+02
