3.8456059130e+02
3.8437392240e+02
3.8419337916e+02
3.8402516679e+02
3.8386355053e+02
3.8370401226e+02
3.8356118256e+02
3.8342326337e+02
3.8329142463e+02
3.8316951358e+02
3.8305502373e+02
3.8295148556e+02
3.8285018620e+02
3.8276300837e+02
3.8268119029e+02
3.8261006284e+02
3.8254602691e+02
3.8248688132e+02
3.8244354874e+02
3.8240171295e+02
3.8237512461e+02
3.8235461306e+02
3.8233990099e+02
3.8233723633e+02
3.8233949138e+02
3.8235714449e+02
3.8237803629e+02
3.8240578581e+02
3.8244873234e+02
3.8249732909e+02
3.8255333818e+02
3.8261952638e+02
3.8269144679e+02
3.8277822757e+02
3.8286877401e+02
3.8296679829e+02
3.8307958903e+02
3.8319549684e+02
3.8332104010e+02
3.8345611069e+02
3.8359825194e+02
3.8374689540e+02
3.8390709438e+02
3.8407754106e+02
3.8424768943e+02
3.8442999491e+02
3.8462352747e+02
3.8481722399e+02
3.8502376118e+02
3.8523878296e+02
3.8545445160e+02
3.8568080123e+02
3.8591563937e+02
3.8615602454e+02
3.8640028920e+02
3.8665207690e+02
3.8691179716e+02
3.8717667203e+02
3.8744307669e+02
3.8771910561e+02
3.8800044610e+02
3.8828329590e+02
3.8857314142e+02
3.8886674096e+02
3.8916484954e+02
3.8946562214e+02
3.8977353747e+02
3.9008053235e+02
3.9038643966e+02
3.9070424156e+02
3.9102217120e+02
3.9133540329e+02
3.9165544934e+02
3.9197611715e+02
3.9229926908e+02
3.9261470995e+02
3.9294108703e+02
3.9326563858e+02
3.9357766242e+02
3.9390251207e+02
3.9421887503e+02
3.9452500316e+02
3.9484818136e+02
3.9515259009e+02
3.9544787992e+02
3.9576065049e+02
3.9603997781e+02
3.9633022569e+02
3.9661680472e+02
3.9685684892e+02
3.9713108843e+02
3.9737426015e+02
3.9757740967e+02
3.9779596165e+02
3.9793698751e+02
3.9808346525e+02
3.9821092176e+02
3.9813110638e+02
3.9787530330e+02
3.9683615077e+02
