1.8855109478e+02
1.8868765185e+02
1.8882051905e+02
1.8894715157e+02
1.8907038671e+02
1.8918753745e+02
1.8930238688e+02
1.8940956221e+02
1.8951419242e+02
1.8961262827e+02
1.8970748179e+02
1.8979704383e+02
1.8988247356e+02
1.8996422322e+02
1.9004034816e+02
1.9011399412e+02
1.9018156408e+02
1.9024626419e+02
1.9030566093e+02
1.9036246175e+02
1.9041442994e+02
1.9046265211e+02
1.9050746530e+02
1.9054711571e+02
1.9058416993e+02
1.9061645857e+02
1.9064650948e+02
1.9067164600e+02
1.9069351314e+02
1.9071233540e+02
1.9072649124e+02
1.9073977510e+02
1.9074553442e+02
1.9074934504e+02
1.9075001620e+02
1.9074662061e+02
1.9074168299e+02
1.9073086276e+02
1.9071777145e+02
1.9070048478e+02
1.9067989978e+02
1.9065488679e+02
1.9063033863e+02
1.9059845882e+02
1.9056408163e+02
1.9052728962e+02
1.9048555696e+02
1.9044296118e+02
1.9039388682e+02
1.9034251984e+02
1.9028788285e+02
1.9022890513e+02
1.9017046999e+02
1.9010070893e+02
1.9003014194e+02
1.8995787620e+02
1.8988073752e+02
1.8980191052e+02
1.8971720029e+02
1.8962959481e+02
1.8953716301e+02
1.8944045174e+02
1.8934157562e+02
1.8923638390e+02
1.8912900617e+02
1.8901819856e+02
1.8890116482e+02
1.8878217766e+02
1.8865546965e+02
1.8852816964e+02
1.8839722365e+02
1.8826030382e+02
1.8811897358e+02
1.8797477501e+02
1.8782751572e+02
1.8767097302e+02
1.8751528226e+02
1.8735593473e+02
1.8718764331e+02
1.8702288072e+02
1.8685143999e+02
1.8667284136e+02
1.8649865446e+02
1.8631924651e+02
1.8613366093e+02
1.8595523803e+02
1.8576031235e+02
1.8557899054e+02
1.8540278130e+02
1.8520635324e+02
1.8502603878e+02
1.8486660182e+02
1.8468213372e+02
1.8450921058e+02
1.8439292166e+02
1.8427447343e+02
1.8411987218e+02
1.8404388970e+02
1.8428141577e+02
1.8564848650e+02
