3.9082464750e+02
3.9068577799e+02
3.9055039059e+02
3.9042337413e+02
3.9030128716e+02
3.9018136114e+02
3.9007202982e+02
3.8996834986e+02
3.8986894199e+02
3.8977671298e+02
3.8968675128e+02
3.8960686697e+02
3.8953163639e+02
3.8946293139e+02
3.8940352566e+02
3.8934779194e+02
3.8930150113e+02
3.8925686251e+02
3.8921826513e+02
3.8918781609e+02
3.8916453131e+02
3.8915034077e+02
3.8913814431e+02
3.8913722754e+02
3.8913912371e+02
3.8915004784e+02
3.8916896801e+02
3.8919322318e+02
3.8922697115e+02
3.8926465205e+02
3.8930731691e+02
3.8936077203e+02
3.8942093231e+02
3.8948608353e+02
3.8956140784e+02
3.8963970815e+02
3.8972622272e+02
3.8982066081e+02
3.8992442620e+02
3.9003228830e+02
3.9014457390e+02
3.9026742618e+02
3.9039580843e+02
3.9053054831e+02
3.9067313889e+02
3.9082253080e+02
3.9097778251e+02
3.9113761463e+02
3.9130651040e+02
3.9148088101e+02
3.9166033378e+02
3.9185166950e+02
3.9204472837e+02
3.9224178149e+02
3.9244324615e+02
3.9265460119e+02
3.9286993672e+02
3.9308913043e+02
3.9331877793e+02
3.9354800612e+02
3.9378364243e+02
3.9402595888e+02
3.9426883446e+02
3.9451912769e+02
3.9477008878e+02
3.9502855634e+02
3.9529204560e+02
3.9555484216e+02
3.9582651395e+02
3.9609510892e+02
3.9636927801e+02
3.9664852123e+02
3.9692794601e+02
3.9720833160e+02
3.9749484142e+02
3.9777766101e+02
3.9806603349e+02
3.9835360446e+02
3.9864785972e+02
3.9893331764e+02
3.9922272783e+02
3.9952124560e+02
3.9980869275e+02
4.0009713925e+02
4.0038793840e+02
4.0067267068e+02
4.0097013419e+02
4.0124534352e+02
4.0151579097e+02
4.0180726587e+02
4.0208564155e+02
4.0233588785e+02
4.0258646723e+02
4.0282968380e+02
4.0305358628e+02
4.0332792870e+02
4.0342119280e+02
4.0362264374e+02
4.0304926740e+02
4.0193268918e+02
