1.0289994086e-03 5.7545634387e-07
1.0607874454e-03 2.7908804366e-06
6.5871819547e-04 -7.7601939314e-07
7.4785421615e-04 3.6972576647e-06
5.3170602896e-05 1.1562370566e-06
8.5748473216e-05 8.5775331974e-07
7.2614123648e-04 1.9850883575e-06
6.4331382712e-04 3.8770028061e-06
1.0538258056e-03 -3.9452062586e-06
1.0281387088e-03 9.0454881621e-06
1.0367765790e-03 -1.0617858945e-05
1.0686725214e-03 1.3240983543e-05
6.7906974173e-04 -9.5316821201e-06
7.6805021999e-04 1.2183441278e-05
1.7258911959e-05 1.2581574554e-07
1.2011588853e-04 2.7546073695e-06
6.9985881377e-04 -9.3742629314e-06
6.2367359924e-04 1.0679696931e-05
1.0398493693e-03 -1.6970963680e-05
1.0212874505e-03 1.9347245905e-05
1.0373636059e-03 -1.9434354532e-05
1.0741098856e-03 2.2614113149e-05
6.9530064271e-04 -1.4403951286e-05
7.8915797681e-04 1.8445864125e-05
1.6177236890e-05 -3.1892232840e-07
1.5252286739e-04 4.2659742666e-06
6.7975630032e-04 -1.6475913389e-05
5.9945602246e-04 1.5631010482e-05
1.0294904489e-03 -2.6787626360e-05
1.0143642186e-03 2.8539872033e-05
1.0327830703e-03 -2.8750617310e-05
1.0805917042e-03 3.3332931862e-05
7.0481163217e-04 -2.1170916288e-05
8.0430058936e-04 2.7401833942e-05
4.8465810891e-05 -1.1927401657e-06
6.4789840683e-04 -1.8395749240e-05
1.8592629144e-04 7.3848497276e-06
1.0114810158e-03 -3.3094551116e-05
5.7602120778e-04 2.0533534478e-05
1.0447743817e-03 -3.8378677218e-05
1.0031797768e-03 3.7772762643e-05
7.3954701228e-04 -2.8901762328e-05
1.0859917830e-03 4.4028778386e-05
8.3946935365e-05 -3.6540949975e-06
8.2864287292e-04 3.6226130333e-05
6.1938205577e-04 -2.6122965631e-05
2.1839674033e-04 1.0689450571e-05
9.9578651141e-04 -4.4478154463e-05
5.5173852544e-04 2.5326627690e-05
1.0413513797e-03 -5.4099523632e-05
9.9420676519e-04 4.7251347393e-05
7.4988572131e-04 -4.6839866780e-05
1.0884117007e-03 5.4168865119e-05
1.1682961737e-04 -9.2615581489e-06
8.4256199482e-04 4.4189632844e-05
5.9430836194e-04 -3.1732788931e-05
2.4882079708e-04 1.4193753902e-05
9.7974169333e-04 -5.3262605909e-05
5.2662570888e-04 2.9729207297e-05
1.0374901923e-03 -5.7756583044e-05
9.8262914272e-04 5.6374709600e-05
7.6170558826e-04 -4.3524425300e-05
1.0895684214e-03 6.3886288832e-05
1.4764007037e-04 -8.6319343170e-06
8.5669789836e-04 5.2117902033e-05
5.6820526144e-04 -3.3656191755e-05
2.7649808906e-04 1.7648699010e-05
9.6360643755e-04 -5.9588366302e-05
4.9918473552e-04 3.0296386016e-05
1.0350075405e-03 -6.7243489587e-05
9.6989307566e-04 6.1818276510e-05
7.7809415047e-04 -5.3060392411e-05
1.0895420792e-03 7.4048943910e-05
1.7896078320e-04 -1.2882053959e-05
8.6965587583e-04 6.1986050047e-05
5.3880745021e-04 -3.7152825382e-05
3.0681035048e-04 2.2949699696e-05
9.4440925952e-04 -6.7185348306e-05
4.7423808599e-04 3.2659118306e-05
1.0269418292e-03 -7.5727250128e-05
9.5732173470e-04 6.9668176050e-05
7.7983013813e-04 -5.9510369161e-05
1.0896431140e-03 8.5768131414e-05
2.0389429621e-04 -1.6118098351e-05
8.8701327736e-04 7.3784166979e-05
5.1860416367e-04 -4.0525103421e-05
3.3742807318e-04 2.9971680718e-05
9.3297341917e-04 -7.4926830824e-05
4.4359900315e-04 3.7842181671e-05
1.0165913527e-03 -8.4189677333e-05
9.3856681120e-04 8.0969145419e-05
7.8400196165e-04 -6.6985363779e-05
1.0852070446e-03 9.6885001020e-05
2.3099931205e-04 -2.0454962087e-05
8.9717190085e-04 8.5544256496e-05
4.9235385989e-04 -4.3292585155e-05
3.6433240943e-04 3.7220296046e-05
9.1597337934e-04 -8.2085420556e-05
4.1416182774e-04 4.0044208978e-05
1.0102282189e-03 -9.2679140336e-05
9.2119093718e-04 8.8932975978e-05
7.9178178311e-04 -7.5143381648e-05
1.0819403787e-03 1.0641376629e-04
2.5675011063e-04 -2.5294726369e-05
9.0504309551e-04 9.1480116128e-05
4.6061580981e-04 -4.3748611384e-05
3.9095635479e-04 4.1119235635e-05
8.9260090326e-04 -8.6942938872e-05
3.8888754164e-04 4.1001087445e-05
1.0029938131e-03 -1.0125817715e-04
9.0571238568e-04 9.5880212274e-05
8.0304582964e-04 -8.3900680736e-05
1.0737018927e-03 1.1660942828e-04
2.8423245335e-04 -3.0876274352e-05
9.1827049282e-04 1.0297327078e-04
4.2999950973e-04 -4.5381373689e-05
4.1793015221e-04 4.8930673649e-05
8.6934353743e-04 -9.3222197783e-05
3.5250238408e-04 4.1062907685e-05
9.9331063146e-04 -1.0971009435e-04
8.1614117000e-04 -9.4599302523e-05
8.8120366000e-04 1.0217338157e-04
3.1279846837e-04 -3.7960025149e-05
1.0710342401e-03 1.2677924250e-04
3.9601171191e-04 -4.5359122270e-05
9.2665164742e-04 1.1217450384e-04
8.4195739396e-04 -9.7539935477e-05
4.4082387270e-04 5.5219944353e-05
9.8464029481e-04 -1.1681822501e-04
3.2160113207e-04 4.0670092684e-05
8.1682146779e-04 -9.9437013402e-05
8.6184006543e-04 1.0844701571e-04
3.3224081869e-04 -4.1787571618e-05
1.0617769838e-03 1.3630342429e-04
3.6914585960e-04 -4.5545786244e-05
9.3256146026e-04 1.2274315887e-04
8.2317998571e-04 -1.0263075987e-04
4.6423447786e-04 6.3237282585e-05
9.7092193036e-04 -1.2427964817e-04
2.9037795719e-04 4.0157909704e-05
8.1628172174e-04 -1.1094627703e-04
8.4016018060e-04 1.1455430820e-04
3.5258552161e-04 -5.0351715051e-05
1.0524355965e-03 1.4524050222e-04
3.4377729018e-04 -4.6281578642e-05
9.3421638147e-04 1.3067749638e-04
8.0452984211e-04 -1.0826530728e-04
4.8427732771e-04 6.9270505773e-05
9.5756561516e-04 -1.3081072967e-04
2.6233539301e-04 3.7811582161e-05
8.1133622009e-04 -1.1211142331e-04
8.2130402108e-04 1.1827408921e-04
3.6749750226e-04 -5.1653260724e-05
1.0398648414e-03 1.5327717113e-04
3.1574869177e-04 -4.4516663807e-05
9.3801486935e-04 1.4117955347e-04
7.8454210213e-04 -1.1160060077e-04
5.0498745804e-04 7.8013365376e-05
9.4531029363e-04 -1.3676332529e-04
2.2680204006e-04 3.5952885752e-05
8.1048516768e-04 -1.1973870937e-04
7.9439139669e-04 1.2385138309e-04
3.8353523734e-04 -5.8140417915e-05
1.0298895104e-03 1.6329536672e-04
2.8522722812e-04 -4.3099265290e-05
7.6163372858e-04 -1.1513816003e-04
9.4036953385e-04 1.5494450893e-04
9.3142769309e-04 -1.4303056434e-04
5.2315119286e-04 8.9884317479e-05
8.1542398682e-04 -1.2832113357e-04
1.9400894881e-04 3.3420655041e-05
4.0715710437e-04 -6.5726174535e-05
7.6910630049e-04 1.2757129783e-04
2.5639135566e-04 -4.0078595219e-05
1.0144593020e-03 1.7119534514e-04
7.3381686170e-04 -1.1544629841e-04
9.3903296227e-04 1.6356009551e-04
9.1624791205e-04 -1.4785455994e-04
5.4065293996e-04 9.7615522085e-05
8.1650585457e-04 -1.3352930595e-04
1.6310052452e-04 3.0370906211e-05
4.2400113678e-04 -7.0494903611e-05
7.4388162828e-04 1.3124201398e-04
2.2437678278e-04 -3.8065813284e-05
1.0006036589e-03 1.7925469327e-04
7.0614962825e-04 -1.1942353115e-04
9.3977820556e-04 1.7441868671e-04
8.9947156374e-04 -1.5434159188e-04
5.5785896626e-04 1.0754673636e-04
8.1098565824e-04 -1.4840675564e-04
1.3072587149e-04 2.6321927117e-05
4.3753042051e-04 -8.4642382469e-05
7.1822768985e-04 1.3458752167e-04
1.9464520262e-04 -3.5833002389e-05
9.8258402913e-04 1.8571810482e-04
6.7654785521e-04 -1.2079647672e-04
9.3328959053e-04 1.7888201835e-04
8.8171304069e-04 -1.5852656088e-04
5.7098733291e-04 1.1165364895e-04
8.0837860303e-04 -1.4597424957e-04
1.0197066676e-04 2.1573669706e-05
4.5131633529e-04 -8.2468453701e-05
1.6732806435e-04 -3.1565952452e-05
6.9291898773e-04 1.3658711952e-04
6.5541777846e-04 -1.2179937607e-04
9.6609378534e-04 1.9227384488e-04
8.6489562344e-04 -1.6251599009e-04
9.3108341083e-04 1.8860880042e-04
8.0278536280e-04 -1.5611707379e-04
5.8581703461e-04 1.2131588901e-04
4.6362872419e-04 -9.3193678012e-05
6.9591101945e-05 1.6037871071e-05
1.4187326038e-04 -2.8467968869e-05
6.6426478482e-04 1.3777784392e-04
6.3746815717e-04 -1.2433275218e-04
9.4732603958e-04 1.9803483509e-04
8.5001037074e-04 -1.6695539536e-04
9.2573595920e-04 1.9566647584e-04
7.9246723309e-04 -1.5778187462e-04
5.9636024724e-04 1.2793148080e-04
4.7028988726e-04 -9.5286934960e-05
3.5706176794e-05 9.0376986251e-06
1.1427217601e-04 -2.3933183710e-05
6.3925558453e-04 1.3891211159e-04
6.0902758699e-04 -1.2375682443e-04
9.3002591093e-04 2.0375169369e-04
8.3030790440e-04 -1.6979572070e-04
9.1824926239e-04 2.0414770905e-04
7.8440740258e-04 -1.6155364877e-04
6.0678831336e-04 1.3770022217e-04
4.7798942942e-04 -9.9624946331e-05
8.7252896371e-05 -1.9174647636e-05
6.0797238995e-06 3.5603606364e-06
5.8708484615e-04 -1.2399901815e-04
6.1071397052e-04 1.3976191460e-04
8.1393770670e-04 -1.7329849776e-04
9.0927491474e-04 2.0922797665e-04
7.7647061413e-04 -1.6785796667e-04
9.0979561425e-04 2.1176362401e-04
4.8537720682e-04 -1.0696186163e-04
6.1411452168e-04 1.4544692680e-04
6.0027567277e-05 -1.4433754058e-05
1.9168415222e-05 6.8331455507e-06
5.6224520372e-04 -1.2383804744e-04
5.8085592049e-04 1.3914915787e-04
7.9447128513e-04 -1.7586670016e-04
8.8784508910e-04 2.1362897140e-04
7.7368469298e-04 -1.7509860735e-04
9.0096707780e-04 2.1914716170e-04
5.0095553927e-04 -1.1669768749e-04
6.2140683188e-04 1.5365160745e-04
3.2151354916e-05 -9.0392230655e-06
4.7823338572e-05 1.4041720272e-05
5.2382869239e-04 -1.1952330095e-04
5.5293980691e-04 1.3859753348e-04
7.6802821661e-04 -1.7682917575e-04
8.6591470941e-04 2.1735010432e-04
7.6231533381e-04 -1.7997966996e-04
5.0305677730e-04 -1.2222799735e-04
8.8863984386e-04 2.2419178124e-04
6.2962942284e-06 -3.5754530276e-06
6.2539470524e-04 1.5950244580e-04
5.0231590210e-04 -1.1994751003e-04
7.6041642894e-05 2.1156216664e-05
7.4869626183e-04 -1.7871887320e-04
5.2608397749e-04 1.3716446498e-04
7.4873813710e-04 -1.7912030031e-04
8.4369684412e-04 2.2044332996e-04
5.0501368960e-04 -1.2167612829e-04
8.7639759813e-04 2.3048989082e-04
2.0091209375e-05 -5.9249124408e-06
6.2999375903e-04 1.6776272763e-04
4.8097380989e-04 -1.1786242590e-04
1.0132056261e-04 2.8792640347e-05
7.3090866726e-04 -1.8003938017e-04
4.9723621463e-04 1.3456768475e-04
7.4082980582e-04 -1.8487288321e-04
8.2002815082e-04 2.2262997069e-04
5.1319268409e-04 -1.3042449661e-04
8.6228061480e-04 2.3625061661e-04
4.2799374177e-05 -1.2580743536e-05
6.3275573467e-04 1.7594720798e-04
4.5267235434e-04 -1.1508960911e-04
7.0816604680e-04 -1.8017229279e-04
1.2582465259e-04 3.7107022701e-05
7.2476849695e-04 -1.8516491782e-04
4.6582634857e-04 1.3144066630e-04
5.0776946200e-04 -1.3074740499e-04
7.9356943343e-04 2.2418459234e-04
6.4768805335e-05 -1.7758391330e-05
8.4826760415e-04 2.4150909229e-04
4.2974448448e-04 -1.1258609636e-04
6.3421925076e-04 1.8299306085e-04
6.8706031821e-04 -1.8049354544e-04
1.4829430069e-04 4.4950237794e-05
7.1145794045e-04 -1.8857096054e-04
4.3754110710e-04 1.2836130950e-04
5.0989289102e-04 -1.3729351902e-04
7.6903392035e-04 2.2560043442e-04
8.2764717649e-05 -2.4154933391e-05
8.3217740245e-04 2.4595047699e-04
4.0655212563e-04 -1.1021604783e-04
6.3326114555e-04 1.8972176599e-04
6.6783581801e-04 -1.8110394630e-04
6.9695681456e-04 -1.9069383165e-04
1.6855210309e-04 5.2754535565e-05
5.0799038496e-04 -1.4101468071e-04
4.0779191605e-04 1.2420604356e-04
1.0298397038e-04 -3.0334389416e-05
7.4308789294e-04 2.2603435289e-04
3.8133579883e-04 -1.0649773026e-04
8.1606424093e-04 2.4998197818e-04
6.4452102639e-04 -1.7989352165e-04
6.3106918278e-04 1.9581046312e-04
6.8327079733e-04 -1.9188696724e-04
1.8763644981e-04 6.0316874993e-05
5.0850179896e-04 -1.4425565962e-04
3.7880775188e-04 1.1984737361e-04
1.1934101082e-04 -3.5423036971e-05
7.1563273373e-04 2.2547581747e-04
3.5488506459e-04 -1.0192170068e-04
7.9642261293e-04 2.5122381004e-04
6.2149270536e-04 -1.7843714161e-04
6.2637216408e-04 1.9875622800e-04
6.6802770407e-04 -1.9334708573e-04
5.0423048506e-04 -1.4795752744e-04
2.0604031807e-04 6.6947117623e-05
1.3529677299e-04 -4.1573401485e-05
3.5583983584e-04 1.1612579388e-04
3.3149443412e-04 -9.8535783890e-05
6.9313015465e-04 2.2587101462e-04
5.9898908367e-04 -1.7721871771e-04
7.7443146976e-04 2.5398133250e-04
6.5177478253e-04 -1.9353240385e-04
6.2087077468e-04 2.0699767768e-04
5.0161145878e-04 -1.5039249282e-04
2.2176011515e-04 7.6737527150e-05
1.5062533286e-04 -4.7051483189e-05
3.2378930373e-04 1.1017456092e-04
3.0784188052e-04 -9.4317001676e-05
6.6126729930e-04 2.2313141054e-04
5.7626156266e-04 -1.7541881574e-04
7.5408241193e-04 2.5573468555e-04
6.3517279152e-04 -1.9448733017e-04
4.9605764347e-04 -1.5443371446e-04
6.1255261862e-04 2.1039806608e-04
1.6324112053e-04 -5.2582673557e-05
2.3549732048e-04 8.3178533227e-05
2.8578579657e-04 -8.8965434863e-05
2.9689819191e-04 1.0403872881e-04
5.5473125448e-04 -1.7210806306e-04
6.3332695934e-04 2.2023812712e-04
6.1626099031e-04 -1.9253320964e-04
7.3185525337e-04 2.5534985017e-04
4.8612177445e-04 -1.5357176214e-04
6.0474982339e-04 2.1252249135e-04
1.7194895192e-04 -5.5962884947e-05
2.4788882680e-04 8.9032615417e-05
2.5961321703e-04 -8.3652452312e-05
2.6967977343e-04 9.8725480712e-05
5.2881152794e-04 -1.6920722739e-04
6.0551127519e-04 2.1891833631e-04
5.9936420010e-04 -1.9258147523e-04
4.8301162477e-04 -1.5716333969e-04
7.1058947565e-04 2.5583473770e-04
1.8513926577e-04 -6.2233923767e-05
5.9498078277e-04 2.1547567370e-04
2.3528426988e-04 -7.8421811915e-05
2.5688362885e-04 9.5008846583e-05
5.0167108054e-04 -1.6499383665e-04
2.4252303134e-04 9.1662557720e-05
5.7995459020e-04 -1.9096274556e-04
5.7748295106e-04 2.1497153505e-04
4.7822701325e-04 -1.5914752518e-04
6.8598713953e-04 2.5494897011e-04
1.9565079205e-04 -6.6852772087e-05
5.8397957658e-04 2.1871454110e-04
2.1329515624e-04 -7.2350864254e-05
2.6502082808e-04 1.0126130478e-04
4.7820729569e-04 -1.6030184658e-04
5.5844329839e-04 -1.8795747028e-04
2.1357614207e-04 8.2334768018e-05
4.6564105276e-04 -1.5816599719e-04
5.4558393824e-04 2.0760095665e-04
2.0179867874e-04 -7.0273469186e-05
6.6170585249e-04 2.5296901827e-04
1.9230619622e-04 -6.7395184530e-05
5.6792299283e-04 2.1930038448e-04
4.5455282335e-04 -1.5675072865e-04
2.7005184917e-04 1.0639374425e-04
5.3894470841e-04 -1.8636733216e-04
1.8897236998e-04 7.5328433262e-05
4.5602035481e-04 -1.5968749651e-04
5.1511978911e-04 2.0210980277e-04
2.0742150989e-04 -7.4908647849e-05
6.3346229255e-04 2.4939032588e-04
1.6933990063e-04 -6.1748961315e-05
4.2831631275e-04 -1.5178338720e-04
5.5234522932e-04 2.1914561173e-04
5.1734810529e-04 -1.8314701760e-04
2.7572909798e-04 1.1130231639e-04
4.4465729986e-04 -1.5887793123e-04
1.6732269351e-04 6.8765909803e-05
2.1237928937e-04 -7.7836419233e-05
4.8698976120e-04 1.9656672315e-04
1.4885475312e-04 -5.5204820138e-05
6.0364891528e-04 2.4449061044e-04
4.0266898270e-04 -1.4517761199e-04
5.3360407705e-04 2.1784778535e-04
4.9354993517e-04 -1.7837778362e-04
2.7670914169e-04 1.1494810145e-04
4.2979071251e-04 -1.5675738532e-04
1.4129189730e-04 6.0195424592e-05
2.1432087086e-04 -8.0171877831e-05
1.3034245497e-04 -5.0203490390e-05
4.5379877467e-04 1.8848492166e-04
3.8018583498e-04 -1.4091380075e-04
5.7365920125e-04 2.3888743986e-04
4.7185545244e-04 -1.7474925087e-04
5.1387490243e-04 2.1579603813e-04
4.1315409168e-04 -1.5497160236e-04
2.7681974590e-04 1.1826175263e-04
2.1330393668e-04 -8.2304278686e-05
1.1859489261e-04 5.2345762472e-05
1.1105662817e-04 -4.4231600631e-05
4.2016185109e-04 1.7947715832e-04
3.5392857973e-04 -1.3400463771e-04
5.3951067588e-04 2.3091774823e-04
4.4665681485e-04 -1.6876046771e-04
3.9758733028e-04 -1.5125698083e-04
4.9031358006e-04 2.1140213288e-04
2.1251454415e-04 -8.2742674104e-05
2.7309742134e-04 1.1964699071e-04
9.0600330520e-05 -3.7293834320e-05
9.4384496443e-05 4.3471558097e-05
3.2579010133e-04 -1.2599406898e-04
3.8342501416e-04 1.6865487148e-04
4.1949134126e-04 -1.6206800940e-04
5.0479653843e-04 2.2182219370e-04
3.7803286017e-04 -1.4780351000e-04
4.6350905503e-04 2.0489704777e-04
2.0903234594e-04 -8.4183081167e-05
2.6492496022e-04 1.1885209605e-04
7.4216152017e-05 -3.2666345986e-05
3.0017717857e-04 -1.1980284497e-04
7.3473699610e-05 3.5013358782e-05
3.9112068912e-04 -1.5520708440e-04
3.4883809960e-04 1.5708759493e-04
3.5563823334e-04 -1.4295411430e-04
4.6459871797e-04 2.0943750643e-04
2.0255855108e-04 -8.4012777464e-05
4.3125740695e-04 1.9561864244e-04
5.8119629514e-05 -2.7021768067e-05
2.5373919670e-04 1.1716048495e-04
2.7324276729e-04 -1.1124367722e-04
5.4023547100e-05 2.8851661505e-05
3.6093799607e-04 -1.4588670739e-04
3.1282514042e-04 1.4761198326e-04
3.3139396851e-04 -1.3496688904e-04
1.9411156045e-04 -8.1028796413e-05
4.1992667464e-04 1.9696994712e-04
4.1895271732e-05 -2.0729719430e-05
3.8927527471e-04 1.8563358850e-04
2.4036220318e-04 -1.0017506217e-04
2.3325257502e-04 1.1490719925e-04
3.2563921208e-04 -1.3405493153e-04
3.4468629933e-05 2.1121159735e-05
3.0281630770e-04 -1.2528224918e-04
2.6326952757e-04 1.2714697186e-04
1.8089933383e-04 -7.6551953027e-05
3.6460220895e-04 1.7462243415e-04
2.6037661159e-05 -1.4122522277e-05
2.0525235863e-04 -8.6780099151e-05
3.4365112713e-04 1.6541734582e-04
2.8369987340e-04 -1.1906583148e-04
2.0986643850e-04 1.0274991861e-04
2.7045433225e-04 -1.1449923143e-04
1.9084137396e-05 1.4200899540e-05
1.6761367416e-04 -7.3627914946e-05
2.1754400570e-04 1.1098483397e-04
1.4603535601e-05 -1.4429412206e-05
2.9852936974e-04 1.4679710148e-04
1.7389354500e-04 -8.5800145629e-05
2.6722646114e-04 1.2479681105e-04
2.3667544131e-04 -1.0922934753e-04
2.1161584863e-04 -9.1904065569e-05
1.5707327094e-04 7.2279767134e-05
1.2465860263e-04 -5.8465437340e-05
8.0003675166e-06 1.4694519334e-05
4.8380863127e-06 -2.4421663668e-05
1.8963608335e-04 1.1176079922e-04
1.6115764084e-04 -9.4801426709e-05
2.2370249269e-04 1.2226234436e-04
1.9057754133e-04 -9.7802759169e-05
1.2132545679e-04 6.7439568717e-05
7.8022208573e-05 -4.4075108140e-05
3.2347301008e-05 2.3323880385e-05
-8.8009897112e-06 -7.5231052037e-06
-6.8712461690e-06 -2.8714428671e-07
-8.3629931547e-06 -2.7377256987e-07
