-3.0814273545e-06 2.0247913170e-06
2.7663362010e-01 -9.4833026013e-04
5.4662866472e-01 -3.7428457526e-03
8.0990043310e-01 -8.2835459807e-03
1.0664065051e+00 -1.4520612100e-02
1.3160865276e+00 -2.2346822198e-02
1.5589370711e+00 -3.1707702534e-02
1.7949037677e+00 -4.2498738031e-02
2.0239791854e+00 -5.4664624062e-02
2.2461301839e+00 -6.8118128230e-02
2.4613804944e+00 -8.2776424465e-02
2.6697000501e+00 -9.8586454596e-02
2.8710958276e+00 -1.1544837434e-01
3.0655760721e+00 -1.3331187249e-01
3.2531628338e+00 -1.5209427526e-01
3.4338594762e+00 -1.7172496839e-01
3.6076783505e+00 -1.9214330779e-01
3.7746508688e+00 -2.1326984300e-01
3.9348122224e+00 -2.3505343765e-01
4.0881586739e+00 -2.5741537068e-01
4.2347536755e+00 -2.8029432223e-01
4.3746124918e+00 -3.0363802899e-01
4.5077850042e+00 -3.2736849271e-01
4.6342818579e+00 -3.5143808617e-01
4.7541375502e+00 -3.7578261423e-01
4.8674211035e+00 -4.0034069351e-01
4.9741470298e+00 -4.2506312524e-01
5.0743728045e+00 -4.4988715235e-01
5.1681270788e+00 -4.7475603603e-01
5.2554439643e+00 -4.9962460577e-01
5.3363905831e+00 -5.2442968183e-01
5.4109962206e+00 -5.4912381983e-01
5.4792912463e+00 -5.7365424915e-01
5.5413505121e+00 -5.9796789134e-01
5.5972058407e+00 -6.2202038764e-01
5.6468900493e+00 -6.4575518708e-01
5.6904657325e+00 -6.6912431251e-01
5.7279718488e+00 -6.9208602476e-01
5.7594577827e+00 -7.1458556346e-01
5.7849650466e+00 -7.3657704598e-01
5.8045674651e+00 -7.5801443778e-01
5.8182779291e+00 -7.7885562185e-01
5.8261502064e+00 -7.9904703916e-01
5.8282685518e+00 -8.1854858798e-01
5.8246448657e+00 -8.3731984618e-01
5.8153589785e+00 -8.5530765595e-01
5.8004409443e+00 -8.7246981577e-01
5.7799476324e+00 -8.8876990447e-01
5.7539545969e+00 -9.0415602092e-01
5.7224823334e+00 -9.1858410422e-01
5.6856190373e+00 -9.3202217742e-01
5.6434311229e+00 -9.4441931012e-01
5.5959392625e+00 -9.5573498417e-01
5.5432344031e+00 -9.6593310187e-01
5.4853857857e+00 -9.7496372688e-01
5.4224580141e+00 -9.8279818419e-01
5.3545037092e+00 -9.8939030334e-01
5.2816225720e+00 -9.9469521350e-01
5.2038876160e+00 -9.9869205753e-01
5.1213686104e+00 -1.0013329633e+00
5.0341619976e+00 -1.0025750662e+00
4.9423451874e+00 -1.0024008300e+00
4.8460023321e+00 -1.0007557991e+00
4.7452650493e+00 -9.9762122726e-01
4.6402074230e+00 -9.9296044927e-01
4.5309587761e+00 -9.8674563502e-01
4.4176205358e+00 -9.7895047686e-01
4.3003061832e+00 -9.6954069762e-01
4.1791546021e+00 -9.5849509628e-01
4.0543214215e+00 -9.4580687348e-01
3.9259323387e+00 -9.3143800400e-01
3.7941225357e+00 -9.1537726897e-01
3.6590923088e+00 -8.9762814930e-01
3.5210030280e+00 -8.7815881672e-01
3.3800236931e+00 -8.5698032172e-01
3.2363808311e+00 -8.3410355851e-01
3.0902817728e+00 -8.0950887925e-01
2.9419196614e+00 -7.8322827281e-01
2.7915648396e+00 -7.5528205155e-01
2.6394877716e+00 -7.2567811807e-01
2.4859464110e+00 -6.9448454827e-01
2.3312344408e+00 -6.6171112898e-01
2.1757007498e+00 -6.2743031219e-01
2.0197002752e+00 -5.9173441006e-01
1.8635889636e+00 -5.5465636861e-01
1.7077896320e+00 -5.1633819815e-01
1.5527604271e+00 -4.7687983854e-01
1.3990267390e+00 -4.3640913288e-01
1.2471362291e+00 -3.9515632687e-01
1.0976783706e+00 -3.5322575624e-01
9.5136983590e-01 -3.1090792216e-01
8.0901187336e-01 -2.6850727350e-01
6.7158604478e-01 -2.2630762990e-01
5.4010211018e-01 -1.8482915868e-01
4.1589394692e-01 -1.4447288774e-01
3.0068411948e-01 -1.0595122261e-01
1.9665581364e-01 -7.0402005934e-02
1.0699581032e-01 -3.8824499622e-02
3.6973575938e-02 -1.3166197678e-02
-2.1240219998e-05 8.4604964041e-06
