1.0794396739e-03 4.0878264317e-06
7.6576825519e-04 7.0507551165e-06
1.0560615389e-03 -1.9148376038e-06
1.0716689375e-04 3.5674133592e-06
6.8708124066e-04 -3.4653078102e-06
6.6293894860e-04 4.2750246115e-06
7.0286662305e-05 1.8569861574e-06
1.0478426425e-03 9.0716902801e-06
7.4298477877e-04 -9.5683717104e-07
1.0905015951e-03 1.4464809085e-05
1.0711818849e-03 -6.8245320897e-06
7.8928284481e-04 1.4429218758e-05
1.0587498982e-03 -1.3025711417e-05
1.3718080049e-04 5.4440924409e-06
7.0340439814e-04 -1.1501192611e-05
6.4244998416e-04 1.0741641151e-05
3.6063719970e-05 1.0228695707e-06
1.0440794205e-03 1.9061590638e-05
7.1865809171e-04 -7.9686413212e-06
1.0966741122e-03 2.4445540686e-05
1.0579230466e-03 -1.7066052805e-05
8.0545941891e-04 2.1703084557e-05
1.0588112949e-03 -2.2864133390e-05
1.6852029445e-04 7.4464555297e-06
7.2020805159e-04 -1.8181546246e-05
6.2381868125e-04 1.2403118593e-05
3.7550023678e-05 -8.7998261751e-10
1.0397906406e-03 2.5355313563e-05
6.9587592952e-04 -1.5693641331e-05
1.1026611586e-03 3.6132313676e-05
1.0462001189e-03 -2.7654796185e-05
8.2595963933e-04 3.1924975503e-05
1.0569121480e-03 -3.2825306157e-05
2.0245516084e-04 1.1525858953e-05
7.3185518693e-04 -2.5477301235e-05
7.0270526418e-05 -1.7613452707e-06
5.9839463233e-04 2.2125208740e-05
6.7309513943e-04 -1.8983466404e-05
1.0287009467e-03 3.9287256679e-05
1.0357742200e-03 -3.5558080495e-05
1.1081770562e-03 4.8801794595e-05
1.0631152572e-03 -4.5314663790e-05
8.4797134302e-04 4.3694630476e-05
7.5309935991e-04 -3.7010227413e-05
2.3389558867e-04 1.6496235788e-05
9.4999717553e-05 -4.7288909424e-06
5.6970980668e-04 2.6871095280e-05
5.6287118195e-04 -2.3202829511e-05
1.0157099949e-03 4.8706775451e-05
9.7740480135e-04 -4.4724739886e-05
1.1119814013e-03 5.9841233971e-05
1.0854292455e-03 -5.3827926062e-05
8.6549566250e-04 5.2031161503e-05
7.6227422670e-04 -3.9769576619e-05
2.6649711156e-04 2.0548785349e-05
1.3818271957e-04 -7.3059806231e-06
5.4452364376e-04 3.1843883554e-05
6.1618497491e-04 -3.2036575742e-05
1.0030687066e-03 5.8640805075e-05
9.9820523824e-04 -5.5361893791e-05
1.1124270476e-03 7.1429099636e-05
1.0536767039e-03 -6.3409471534e-05
8.8291163625e-04 6.2633876602e-05
7.7813427179e-04 -5.0607725609e-05
2.9744873464e-04 2.6135637111e-05
1.6749778372e-04 -1.2060002212e-05
5.1767316373e-04 3.7621039032e-05
5.9226712663e-04 -3.6707932064e-05
9.9046340161e-04 6.9785948308e-05
9.8551673365e-04 -6.3803161618e-05
1.1122692681e-03 8.2250657950e-05
1.0469364054e-03 -7.2362143412e-05
8.9434111122e-04 7.0743275550e-05
7.8414348500e-04 -5.7556498787e-05
3.2473107998e-04 3.0576650376e-05
1.9491695795e-04 -1.5382025081e-05
4.9107736256e-04 4.0924162503e-05
5.6102165664e-04 -3.6525476933e-05
9.7851969480e-04 7.8732678089e-05
9.6489110353e-04 -6.8106546941e-05
1.1114869798e-03 9.3722710878e-05
1.0433782806e-03 -8.1924305463e-05
9.0411836495e-04 8.2326356500e-05
7.9700556361e-04 -6.6218919566e-05
3.5142265469e-04 3.7576360045e-05
2.2520741463e-04 -2.0358158742e-05
4.5942201206e-04 4.3439251040e-05
5.3293397878e-04 -4.3612858611e-05
9.5865641723e-04 8.6666626840e-05
9.4493574143e-04 -7.9496206225e-05
1.1093983975e-03 1.0493681391e-04
1.0344567953e-03 -9.2043968000e-05
9.2089121480e-04 9.2641986134e-05
8.0295757148e-04 -7.6164193327e-05
3.7991513377e-04 4.3798350731e-05
2.5037470092e-04 -2.6144418232e-05
4.2828771041e-04 4.5971821788e-05
5.0901816220e-04 -4.7011520791e-05
9.4133262913e-04 9.5661090655e-05
9.3029016361e-04 -8.7169426683e-05
1.1039560854e-03 1.1629293928e-04
1.0244807104e-03 -1.0044529198e-04
9.2897848555e-04 1.0407557566e-04
8.0717283898e-04 -8.3106517789e-05
4.0664750133e-04 5.1614511033e-05
2.7638256373e-04 -3.0856049463e-05
4.0014584559e-04 4.8499117167e-05
4.7734599006e-04 -4.8358268582e-05
9.2327711163e-04 1.0441232484e-04
9.0523356097e-04 -9.2916965934e-05
1.0960855482e-03 1.2773653479e-04
1.0171034248e-03 -1.0959960279e-04
9.4014959708e-04 1.1729510397e-04
8.2422369473e-04 -9.3714952141e-05
3.0614383615e-04 -3.7771279348e-05
4.3318056159e-04 6.0814566329e-05
4.4344855606e-04 -5.0065360283e-05
3.6699667401e-04 4.9861243608e-05
8.7872024381e-04 -9.9150098173e-05
9.0184872037e-04 1.1236376952e-04
1.0061781140e-03 -1.1779161318e-04
1.0892716297e-03 1.3796248193e-04
8.2164369475e-04 -1.0112435941e-04
9.4273188950e-04 1.2376911925e-04
3.2563943495e-04 -4.3319569016e-05
4.5519085300e-04 6.5624870198e-05
4.1690451102e-04 -5.1557911699e-05
3.3778918418e-04 4.9670433456e-05
8.5907305769e-04 -1.0517377224e-04
8.8194792725e-04 1.1836525075e-04
9.9312956873e-04 -1.2515453755e-04
1.0812126906e-03 1.4797226105e-04
8.2794255140e-04 -1.0846605356e-04
9.4914050586e-04 1.3604414989e-04
3.4957313249e-04 -4.8979931414e-05
4.7763536481e-04 7.5072350152e-05
3.8713619002e-04 -5.1588495671e-05
3.0517060169e-04 4.9168805309e-05
8.3586038718e-04 -1.0982714043e-04
8.6034811719e-04 1.2443672428e-04
9.8018611616e-04 -1.3272862597e-04
1.0715522017e-03 1.5825823960e-04
8.2383000617e-04 -1.1794797740e-04
9.5521140053e-04 1.4743901779e-04
3.6678220359e-04 -5.6620194165e-05
5.0043018516e-04 8.4022818026e-05
3.6367435772e-04 -5.2030383830e-05
2.7134832875e-04 4.8469966325e-05
8.2037806656e-04 -1.1473040469e-04
8.3460330581e-04 1.3084506271e-04
9.6641638289e-04 -1.4019184001e-04
1.0597958798e-03 1.6785405251e-04
8.2115675302e-04 -1.2380584156e-04
9.5809033316e-04 1.5673211471e-04
3.8357591734e-04 -6.1577888794e-05
5.1914186090e-04 9.1384741568e-05
3.3331579082e-04 -5.2220796378e-05
7.9508702473e-04 -1.2032728431e-04
2.3689467453e-04 4.6262406361e-05
9.5217362544e-04 -1.4667339567e-04
8.1204097274e-04 1.3609584444e-04
8.1693225717e-04 -1.3008662389e-04
1.0490281717e-03 1.7729634198e-04
3.9754659020e-04 -6.7143742181e-05
9.5784617133e-04 1.6756047361e-04
3.0322619448e-04 -5.0430657997e-05
5.3590638474e-04 1.0063814225e-04
7.7197620909e-04 -1.2315577946e-04
2.0384775911e-04 4.3867793361e-05
9.3898116539e-04 -1.5312710353e-04
7.8639879621e-04 1.4059963152e-04
8.1938710441e-04 -1.3848745100e-04
1.0344846885e-03 1.8613839568e-04
4.1726569731e-04 -7.4752137715e-05
9.5846955867e-04 1.7814678531e-04
2.7303816431e-04 -4.8992191640e-05
5.5389460772e-04 1.0985549561e-04
7.4310305541e-04 -1.2598558442e-04
1.7033785775e-04 4.0716719035e-05
9.2028296948e-04 -1.5880937500e-04
7.6065106862e-04 1.4509030363e-04
8.1884933946e-04 -1.4915761897e-04
1.0189100662e-03 1.9412799528e-04
4.3581472282e-04 -8.4804349306e-05
9.5334274453e-04 1.8544832846e-04
2.4243566350e-04 -4.6861778589e-05
5.6640246185e-04 1.1626883725e-04
7.1258100857e-04 -1.2782905829e-04
1.3816893902e-04 3.5881129230e-05
9.0383321181e-04 -1.6384363671e-04
7.3599969369e-04 1.4621228070e-04
8.2386809789e-04 -1.5213639704e-04
4.5498759965e-04 -8.7637232180e-05
1.0027194144e-03 2.0085162423e-04
2.1059320191e-04 -4.2892816545e-05
9.5203960406e-04 1.9644623039e-04
6.8569010552e-04 -1.2866857555e-04
5.8250641213e-04 1.2687070695e-04
8.8501779329e-04 -1.6872076092e-04
1.0363184816e-04 3.1988361942e-05
8.1091065004e-04 -1.6469166351e-04
7.0754116594e-04 1.5134870422e-04
4.6186832640e-04 -1.0068808160e-04
9.8379985735e-04 2.0933234431e-04
1.8540834230e-04 -4.1578488913e-05
9.4519799477e-04 2.0609535173e-04
6.6284896013e-04 -1.3193020972e-04
5.9390525558e-04 1.3659465696e-04
8.6693842511e-04 -1.7341635176e-04
7.0930310186e-05 2.6948671375e-05
8.0569779390e-04 -1.6444109495e-04
6.7931712188e-04 1.5283307683e-04
4.7461352760e-04 -1.0086324351e-04
9.6463024125e-04 2.1572543793e-04
1.5922496448e-04 -3.7404065582e-05
9.3830795701e-04 2.1425431742e-04
6.3885287370e-04 -1.3188329444e-04
6.0436750474e-04 1.4459583003e-04
8.4979924853e-04 -1.7681995337e-04
3.9406054567e-05 2.1266113560e-05
7.9611496258e-04 -1.7007420888e-04
4.7974905205e-04 -1.0707088930e-04
6.5072309205e-04 1.5403229301e-04
1.3003360735e-04 -3.3564763239e-05
9.4474817012e-04 2.2192538732e-04
6.1573047279e-04 -1.3365573427e-04
9.3159759926e-04 2.2502117046e-04
8.3226270960e-04 -1.8094094278e-04
6.1437510023e-04 1.5648061198e-04
7.8650816465e-04 -1.7479811963e-04
4.7663917900e-06 1.4797978605e-05
4.8655072543e-04 -1.1270603869e-04
6.2049892501e-04 1.5465330080e-04
1.0385698390e-04 -2.9439358471e-05
9.2353480505e-04 2.2746945014e-04
5.9014420026e-04 -1.3312944363e-04
9.2236580945e-04 2.3170523710e-04
8.1230054869e-04 -1.8370784295e-04
6.2166882580e-04 1.6289915814e-04
7.8025542956e-04 -1.8094723063e-04
1.9628209074e-05 1.8288003559e-05
4.9712794787e-04 -1.2018889022e-04
5.9207655640e-04 1.5519882071e-04
7.6960977200e-05 -2.4948066810e-05
9.0076780897e-04 2.3237608756e-04
5.6266198821e-04 -1.3258760325e-04
7.9019814182e-04 -1.8602544910e-04
9.0919593872e-04 2.3852392060e-04
7.7068655716e-04 -1.8565873053e-04
6.2615912001e-04 1.7105478839e-04
5.0471011915e-04 -1.2653907935e-04
4.8741363336e-05 2.6256695894e-05
5.0435997262e-05 -2.0046691667e-05
5.6274716962e-04 1.5483882644e-04
5.3054725792e-04 -1.3018979704e-04
8.7760260749e-04 2.3645022917e-04
7.6701148365e-04 -1.8750963535e-04
8.9646061824e-04 2.4438611231e-04
7.6541784583e-04 -1.9124850387e-04
6.2971025763e-04 1.7796014201e-04
5.1536504777e-04 -1.3374249267e-04
7.5135124237e-05 3.3769374340e-05
2.4459868719e-05 -1.4756836436e-05
5.3361450657e-04 1.5069493983e-04
5.0495383252e-04 -1.2939171955e-04
8.5516763801e-04 2.3795228250e-04
7.4639936386e-04 -1.8950102043e-04
8.8634633341e-04 2.5225526638e-04
7.5125309660e-04 -1.9413069154e-04
5.1473827505e-04 -1.3794970823e-04
6.3539264088e-04 1.8765529453e-04
3.6397660626e-05 -1.8517760073e-05
9.8093040925e-05 4.1535241980e-05
4.8241329655e-04 -1.2814660885e-04
5.0143421865e-04 1.5012459177e-04
7.2615363601e-04 -1.9076428368e-04
8.2995204122e-04 2.4241721630e-04
7.3778190544e-04 -1.9719327270e-04
8.7262638756e-04 2.5892733196e-04
5.1686472582e-04 -1.4301681657e-04
6.3877482528e-04 1.9657865102e-04
5.9525369644e-05 -2.5248615892e-05
1.2399432283e-04 5.0420322087e-05
4.6008261791e-04 -1.2710435200e-04
4.6953314592e-04 1.4746323968e-04
7.0599062456e-04 -1.9214892303e-04
8.0147367050e-04 2.4406758994e-04
7.2049412304e-04 -1.9933896623e-04
8.5538897216e-04 2.6310863628e-04
5.1247252408e-04 -1.4690657682e-04
8.1124988470e-05 -3.2131860245e-05
6.3849728225e-04 2.0308497554e-04
4.3376537609e-04 -1.2440693607e-04
1.4546810891e-04 5.8588694940e-05
6.8334352682e-04 -1.9214748037e-04
4.4024515648e-04 1.4421199252e-04
7.0939889570e-04 -2.0176190029e-04
7.7616734940e-04 2.4557153092e-04
5.1547544191e-04 -1.5108812713e-04
8.3783919148e-04 2.6830515920e-04
9.9145014357e-05 -3.7989900049e-05
6.3538234325e-04 2.1086259189e-04
4.0992818660e-04 -1.2188472304e-04
1.6470567316e-04 6.7237352925e-05
6.6263824754e-04 -1.9249268884e-04
4.0802233560e-04 1.3969817915e-04
6.9232867089e-04 -2.0403809701e-04
7.4769775422e-04 2.4561184922e-04
5.0974831388e-04 -1.5575241489e-04
1.1650130200e-04 -4.5007745817e-05
8.2091655379e-04 2.7236846187e-04
3.8620509737e-04 -1.1917254111e-04
6.3328803275e-04 2.1714709928e-04
6.4093297172e-04 -1.9227354858e-04
1.8268761250e-04 7.4971011263e-05
6.7752188971e-04 -2.0621128576e-04
3.7793820418e-04 1.3502793986e-04
5.0814054027e-04 -1.6027514044e-04
7.2048029119e-04 2.4546394509e-04
1.3296872988e-04 -5.1558830814e-05
8.0146689615e-04 2.7532338082e-04
3.6313246708e-04 -1.1641274246e-04
6.2860715998e-04 2.2281290897e-04
6.1956952257e-04 -1.9187750128e-04
1.9994469771e-04 8.2769637694e-05
6.6161476840e-04 -2.0721749329e-04
3.4783634546e-04 1.2992985100e-04
5.0534683325e-04 -1.6327340139e-04
1.4812921074e-04 -5.7110212649e-05
6.9142031489e-04 2.4430671228e-04
3.3409886587e-04 -1.1140639046e-04
7.8105840777e-04 2.7634396440e-04
5.9211917011e-04 -1.8927359883e-04
6.2298750137e-04 2.2532109979e-04
6.4588203945e-04 -2.0730487385e-04
2.1539403867e-04 8.8823055410e-05
5.0075353445e-04 -1.6492632147e-04
3.2041085849e-04 1.2428480819e-04
1.6083157345e-04 -6.2229923130e-05
6.6515193740e-04 2.4302656761e-04
3.1335752461e-04 -1.0863721658e-04
7.5918662348e-04 2.7812253610e-04
5.7242482079e-04 -1.8888574323e-04
6.1434659912e-04 2.3135459041e-04
6.2649085859e-04 -2.0774616577e-04
4.9041738112e-04 -1.6876321316e-04
2.2859398794e-04 9.7467724850e-05
1.7030706776e-04 -6.9044996633e-05
2.9135924154e-04 1.1831704166e-04
2.8971894501e-04 -1.0355182588e-04
6.3462612455e-04 2.4018400028e-04
5.4880456131e-04 -1.8538178063e-04
7.3353454832e-04 2.7804610089e-04
6.0918700836e-04 -2.0896916731e-04
6.0400687757e-04 2.3478635402e-04
4.9166725404e-04 -1.7468702212e-04
2.4050611869e-04 1.0459786236e-04
1.8585801238e-04 -7.6213427492e-05
2.6168866581e-04 1.1147071426e-04
2.6128866675e-04 -9.8481616586e-05
6.0320908815e-04 2.3647984022e-04
5.1895083117e-04 -1.8204422733e-04
5.9249702642e-04 -2.0804632849e-04
7.1135857886e-04 2.7810224913e-04
4.8261851748e-04 -1.7477887213e-04
5.9289899925e-04 2.3690986382e-04
1.9359580401e-04 -8.0467582779e-05
2.4905599517e-04 1.1045231511e-04
2.4231201800e-04 -9.5186825655e-05
2.3466385998e-04 1.0423850455e-04
4.9970391434e-04 -1.8058872327e-04
5.7504028101e-04 2.3220486094e-04
5.7129791873e-04 -2.0690410904e-04
6.8503263334e-04 2.7685220156e-04
4.7302050613e-04 -1.7711338285e-04
5.8080862323e-04 2.3981985077e-04
2.0101347781e-04 -8.5709047669e-05
2.5657322454e-04 1.1679400835e-04
2.1919255428e-04 -9.0050798054e-05
4.7432812733e-04 -1.7657243688e-04
2.0579907942e-04 9.6722412262e-05
5.4917421425e-04 -2.0389768015e-04
5.4360835631e-04 2.2785779300e-04
4.5934337984e-04 -1.7546717921e-04
6.5854751986e-04 2.7491641916e-04
2.0492991378e-04 -8.8799572806e-05
5.6192025789e-04 2.3997982741e-04
1.9636672660e-04 -8.5431016204e-05
2.6133394514e-04 1.2225757250e-04
4.4884254890e-04 -1.7336958160e-04
1.8201757625e-04 8.9802649354e-05
5.2785849378e-04 -2.0260384233e-04
5.1208477855e-04 2.2169354759e-04
4.4652036849e-04 -1.7774795519e-04
2.0746772053e-04 -9.4308092909e-05
6.2884238667e-04 2.7043654298e-04
1.7053758669e-04 -7.9492423160e-05
5.4704712148e-04 2.3919983602e-04
4.1906485553e-04 -1.6726785496e-04
2.6565332404e-04 1.2624482379e-04
5.0630539410e-04 -1.9982521060e-04
1.5439698204e-04 8.1131123795e-05
4.3853296947e-04 -1.7652343619e-04
4.7954436508e-04 2.1494796272e-04
2.1418559326e-04 -9.6750060914e-05
5.9919325641e-04 2.6612100881e-04
1.5133075189e-04 -7.4241667478e-05
5.2715592966e-04 2.3923423204e-04
3.9542819757e-04 -1.6276992421e-04
4.8200642982e-04 -1.9572021101e-04
2.6608439639e-04 1.3158372352e-04
4.1806780130e-04 -1.7513290112e-04
1.2979552418e-04 7.3736081540e-05
2.0985143014e-04 -9.9855587294e-05
4.4731848182e-04 2.0781491541e-04
1.2942349692e-04 -6.9481742271e-05
5.6618725790e-04 2.6017972222e-04
3.6980710560e-04 -1.5822407812e-04
5.0475454299e-04 2.3662524786e-04
4.5812929899e-04 -1.9255775575e-04
2.6434910858e-04 1.3482872827e-04
4.0136490319e-04 -1.7528785485e-04
2.0836653898e-04 -1.0353413418e-04
1.0458565338e-04 6.5695093454e-05
1.1094421949e-04 -6.4303215014e-05
4.1186390453e-04 1.9906857202e-04
3.4620719781e-04 -1.5239118899e-04
5.3224886048e-04 2.5332178949e-04
4.3149443220e-04 -1.8617746563e-04
4.8000502540e-04 2.3342469963e-04
3.8265769021e-04 -1.6955130315e-04
2.5834408268e-04 1.3721708200e-04
2.0611694779e-04 -1.0326305739e-04
7.8418515189e-05 5.7101106252e-05
9.1644506359e-05 -5.9706375677e-05
3.7416801397e-04 1.8873826825e-04
3.1751995465e-04 -1.4702678419e-04
4.0342271005e-04 -1.8157987670e-04
4.9421902131e-04 2.4404825307e-04
3.6225803150e-04 -1.6876643870e-04
4.5036920852e-04 2.2693987909e-04
1.9957167704e-04 -1.0721070159e-04
2.4914832642e-04 1.3736220504e-04
6.9615704034e-05 -5.6542531391e-05
5.6225513052e-05 4.9620233534e-05
2.8749328800e-04 -1.4235330035e-04
3.3680168904e-04 1.7775870899e-04
3.7413098909e-04 -1.7694273833e-04
4.5168700726e-04 2.3191194753e-04
3.3788407790e-04 -1.6521688613e-04
1.9002503862e-04 -1.0729807064e-04
4.1541149530e-04 2.1727200365e-04
5.2483779180e-05 -5.0408185443e-05
2.3527848540e-04 1.3537698849e-04
2.5973308577e-04 -1.3197413522e-04
3.4423477166e-05 4.2851058899e-05
3.4187204587e-04 -1.6657868324e-04
2.9805646022e-04 1.6665828502e-04
3.1292165365e-04 -1.5809902556e-04
4.0448926104e-04 2.1940158980e-04
1.8038694064e-04 -1.0609862810e-04
3.7194867536e-04 2.1323508325e-04
3.2449080489e-05 -4.6335411280e-05
2.2374693022e-04 -1.2456150183e-04
2.1272781612e-04 1.4086761772e-04
3.0209905790e-04 -1.5775764111e-04
9.1364685961e-06 3.7952461811e-05
2.8255510661e-04 -1.5120646242e-04
2.4219706708e-04 1.4917185347e-04
1.6619569156e-04 -1.0529344876e-04
3.4187666921e-04 1.9863731514e-04
1.2709859808e-05 -4.5495151227e-05
3.2066737519e-04 1.8970863099e-04
1.8929380000e-04 -1.2230368914e-04
2.5910453012e-04 -1.5254874103e-04
1.8546373476e-04 1.2518400836e-04
2.3617303132e-04 -1.4826641604e-04
-1.1621931530e-05 3.2416499487e-05
1.3344965782e-04 -1.0905950910e-04
1.8811014248e-04 1.3155618793e-04
-1.0368489140e-05 -4.6586012704e-05
2.6590311398e-04 1.7019962751e-04
1.4879336607e-04 -1.1093470330e-04
2.3791954238e-04 1.5244213604e-04
2.0657718094e-04 -1.3805998236e-04
1.2662562055e-04 1.0027440456e-04
1.7154926124e-04 -1.3175415200e-04
8.0098199830e-05 -1.0187497102e-04
-3.8164084110e-05 3.8031998316e-05
-3.6733697718e-05 -6.6200704723e-05
1.4897344697e-04 1.4361119698e-04
1.2199580418e-04 -1.9381432628e-04
1.7074702212e-04 1.3985297148e-04
1.2386943931e-04 -1.5640550045e-04
8.0798478913e-06 4.8290869889e-05
-7.6106920999e-05 -5.7831193272e-06
-1.0304855777e-04 -1.3500468905e-05
-1.9136863437e-04 5.8703535148e-05
-8.8171855499e-05 1.8525502137e-05
-6.9652415347e-05 -2.2015243320e-05
