3.7696601899e-06 -6.5170173504e-08
2.3149426105e-01 -1.0982904137e-03
4.5750895964e-01 -4.2924862655e-03
6.7800056864e-01 -9.5871263522e-03
8.9282749488e-01 -1.6774830769e-02
1.1019287910e+00 -2.5789114495e-02
1.3052829751e+00 -3.6614247977e-02
1.5027498933e+00 -4.9056344807e-02
1.6943119881e+00 -6.3057995164e-02
1.8799444308e+00 -7.8583069551e-02
2.0595783563e+00 -9.5442084191e-02
2.2332015577e+00 -1.1359766769e-01
2.4007978401e+00 -1.3299678445e-01
2.5623343405e+00 -1.5345940241e-01
2.7177972793e+00 -1.7496205611e-01
2.8671904576e+00 -1.9743082659e-01
3.0105186329e+00 -2.2070877064e-01
3.1477797614e+00 -2.4478384152e-01
3.2789779715e+00 -2.6955292716e-01
3.4041371961e+00 -2.9489322464e-01
3.5232473208e+00 -3.2078936682e-01
3.6363844768e+00 -3.4712638915e-01
3.7435173890e+00 -3.7381050474e-01
3.8446699475e+00 -4.0081834473e-01
3.9399212405e+00 -4.2802335802e-01
4.0292548884e+00 -4.5536961216e-01
4.1127206059e+00 -4.8281660355e-01
4.1903774846e+00 -5.1023814941e-01
4.2622270852e+00 -5.3760227723e-01
4.3283426756e+00 -5.6484513408e-01
4.3887635094e+00 -5.9186094414e-01
4.4434910906e+00 -6.1862679241e-01
4.4926378387e+00 -6.4506500940e-01
4.5362165992e+00 -6.7108834061e-01
4.5742595315e+00 -6.9667561417e-01
4.6068815306e+00 -7.2174426259e-01
4.6340678525e+00 -7.4622300567e-01
4.6559025171e+00 -7.7009157743e-01
4.6724672664e+00 -7.9325261295e-01
4.6837591750e+00 -8.1566752149e-01
4.6899284845e+00 -8.3730045593e-01
4.6909632114e+00 -8.5805699777e-01
4.6869298025e+00 -8.7791765302e-01
4.6779538384e+00 -8.9683590374e-01
4.6640426774e+00 -9.1472961532e-01
4.6452897358e+00 -9.3158476041e-01
4.6217895693e+00 -9.4734129135e-01
4.5935516865e+00 -9.6193413907e-01
4.5607340518e+00 -9.7536123097e-01
4.5233591477e+00 -9.8754008832e-01
4.4815255104e+00 -9.9844628156e-01
4.4353408876e+00 -1.0080626207e+00
4.3848344846e+00 -1.0162989748e+00
4.3301453970e+00 -1.0231658832e+00
4.2713679582e+00 -1.0286182278e+00
4.2085606309e+00 -1.0326034918e+00
4.1418586592e+00 -1.0351293067e+00
4.0713288720e+00 -1.0361171295e+00
3.9971212777e+00 -1.0355936584e+00
3.9193031301e+00 -1.0334934521e+00
3.8380216156e+00 -1.0298062430e+00
3.7533809074e+00 -1.0245487741e+00
3.6654915229e+00 -1.0176417916e+00
3.5745055412e+00 -1.0091206105e+00
3.4805310689e+00 -9.9897475854e-01
3.3837197745e+00 -9.8715556754e-01
3.2842035665e+00 -9.7371689334e-01
3.1821422629e+00 -9.5862294994e-01
3.0777010015e+00 -9.4188348709e-01
2.9709895848e+00 -9.2353851244e-01
2.8622160375e+00 -9.0353707548e-01
2.7515606523e+00 -8.8195798154e-01
2.6391474631e+00 -8.5882184089e-01
2.5252433234e+00 -8.3411047433e-01
2.4099627502e+00 -8.0790143760e-01
2.2935530769e+00 -7.8022883359e-01
2.1762836775e+00 -7.5113737993e-01
2.0582407983e+00 -7.2069680720e-01
1.9397578424e+00 -6.8892368677e-01
1.8211031574e+00 -6.5595076825e-01
1.7023769950e+00 -6.2181077371e-01
1.5840840174e+00 -5.8664524823e-01
1.4663438266e+00 -5.5052101587e-01
1.3494248504e+00 -5.1353379447e-01
1.2338779131e+00 -4.7589717225e-01
1.1197496836e+00 -4.3764655582e-01
1.0076052858e+00 -3.9901608660e-01
8.9786970357e-01 -3.6018503209e-01
7.9069815520e-01 -3.2128408053e-01
6.8692554542e-01 -2.8265937614e-01
5.8684094504e-01 -2.4445103256e-01
4.9092369890e-01 -2.0704583181e-01
4.0020950983e-01 -1.7077481656e-01
3.1506828923e-01 -1.3605649783e-01
2.3652078578e-01 -1.0351955047e-01
1.6564389304e-01 -7.3326861472e-02
1.0414104729e-01 -4.6311242520e-02
5.2996609459e-02 -2.3207106853e-02
1.7740396339e-02 -7.5171020152e-03
3.1674682797e-07 3.6950083738e-08
