4.0208156193e+02
4.0191060427e+02
4.0174453403e+02
4.0158942934e+02
4.0144022792e+02
4.0129429297e+02
4.0115955934e+02
4.0103225160e+02
4.0091063339e+02
4.0080061802e+02
4.0069094111e+02
4.0059622273e+02
4.0050330522e+02
4.0042280132e+02
4.0034796717e+02
4.0027775021e+02
4.0022231932e+02
4.0016870616e+02
4.0012746817e+02
4.0009273372e+02
4.0006070780e+02
4.0004601159e+02
4.0003482535e+02
4.0003030508e+02
4.0003578976e+02
4.0004911239e+02
4.0007280671e+02
4.0010135346e+02
4.0014127484e+02
4.0018753921e+02
4.0024364217e+02
4.0030780526e+02
4.0037840270e+02
4.0045944111e+02
4.0054987773e+02
4.0064353508e+02
4.0074813399e+02
4.0086268760e+02
4.0098760313e+02
4.0111578703e+02
4.0125194361e+02
4.0139936268e+02
4.0155216898e+02
4.0171464262e+02
4.0188303793e+02
4.0206034702e+02
4.0224711123e+02
4.0243511199e+02
4.0263491969e+02
4.0284447571e+02
4.0305416015e+02
4.0327386319e+02
4.0350345438e+02
4.0373538275e+02
4.0397418140e+02
4.0422110857e+02
4.0447359048e+02
4.0473009648e+02
4.0499408107e+02
4.0526298339e+02
4.0553685700e+02
4.0581468792e+02
4.0609897297e+02
4.0638781298e+02
4.0667738310e+02
4.0697667775e+02
4.0727762547e+02
4.0757812512e+02
4.0788671681e+02
4.0819502914e+02
4.0850600530e+02
4.0882106904e+02
4.0914148674e+02
4.0945567258e+02
4.0977109091e+02
4.1010169215e+02
4.1041605480e+02
4.1073021287e+02
4.1106166014e+02
4.1138143648e+02
4.1169886259e+02
4.1201915409e+02
4.1233685183e+02
4.1265139603e+02
4.1295663171e+02
4.1327433039e+02
4.1356331661e+02
4.1387639023e+02
4.1416484202e+02
4.1444441179e+02
4.1473593053e+02
4.1497310302e+02
4.1524310771e+02
4.1547042267e+02
4.1567609965e+02
4.1586761491e+02
4.1597499121e+02
4.1610488541e+02
4.1569442806e+02
4.1448429116e+02
