-1.3656183835e-06 -3.7865342446e-08
1.9326783936e-01 -6.1619941294e-08
3.8042905756e-01 -1.2257112379e-07
5.6152023298e-01 -3.4783263480e-07
7.3674645360e-01 -1.8390686369e-07
9.0614515753e-01 -2.5463960996e-07
1.0698855759e+00 -3.0916879167e-07
1.2280519880e+00 -2.0974451756e-07
1.3807432712e+00 2.7467339707e-08
1.5281126888e+00 -9.4877514180e-08
1.6702062040e+00 -4.4244007839e-07
1.8072164189e+00 -5.6195317392e-07
1.9391662454e+00 -4.0204796677e-07
2.0662154092e+00 -2.7507240942e-07
2.1884718888e+00 8.0198095094e-09
2.3059755628e+00 3.9731093230e-07
2.4189212124e+00 2.5145089602e-07
2.5273338367e+00 -5.0902383485e-07
2.6313409347e+00 -1.2224645040e-06
2.7310652189e+00 -1.2535273782e-06
2.8265285211e+00 -7.2878815617e-07
2.9179126943e+00 -3.7997485043e-07
3.0052511093e+00 -4.2977190803e-07
3.0886271443e+00 -6.9540821206e-07
3.1681770878e+00 -3.4245257274e-07
3.2439138721e+00 5.1876625560e-07
3.3159792202e+00 1.5780458207e-06
3.3844355828e+00 2.2990711775e-06
3.4493245148e+00 2.6338752483e-06
3.5107836865e+00 2.4078947916e-06
3.5688147307e+00 1.4026776270e-06
3.6235284261e+00 1.4308858683e-06
3.6749911965e+00 1.2387768224e-06
3.7232176723e+00 8.1313224850e-07
3.7683230221e+00 2.8990324084e-07
3.8103416501e+00 -1.0176615004e-07
3.8492956131e+00 -3.7554027455e-07
3.8852836211e+00 -8.6739361491e-07
3.9183171907e+00 -1.7038090417e-06
3.9484552240e+00 -2.2705199805e-06
3.9757285086e+00 -1.8807583363e-06
4.0001645336e+00 -1.2257666035e-06
4.0218171017e+00 -1.4543210810e-06
4.0406873752e+00 -2.8458304697e-06
4.0568279703e+00 -3.3182491395e-06
4.0702332564e+00 -2.7799219265e-06
4.0809323210e+00 -2.0492769734e-06
4.0889552960e+00 -2.0390081911e-06
4.0943010503e+00 -2.6901626574e-06
4.0969697811e+00 -3.2515945178e-06
4.0969685979e+00 -3.1615599868e-06
4.0943063320e+00 -2.8796982521e-06
4.0889637308e+00 -2.9465972962e-06
4.0809464445e+00 -2.6326064143e-06
4.0702420014e+00 -2.6101204647e-06
4.0568244142e+00 -2.3573560834e-06
4.0406992914e+00 -1.9615629707e-06
4.0218174602e+00 -2.1250134785e-06
4.0001680604e+00 -2.4190577466e-06
3.9757283187e+00 -2.5339853763e-06
3.9484562881e+00 -2.4498963752e-06
3.9183389828e+00 -2.0125001280e-06
3.8852962249e+00 -1.9231798577e-06
3.8493099772e+00 -2.2929962674e-06
3.8103499753e+00 -2.3987690276e-06
3.7683294558e+00 -2.1373160997e-06
3.7232404415e+00 -1.5010664834e-06
3.6749856878e+00 -1.1572084948e-06
3.6235316963e+00 -1.2373431054e-06
3.5688374184e+00 -1.6334179811e-06
3.5107769856e+00 -1.5611650211e-06
3.4493470469e+00 -8.3753557597e-07
3.3844435697e+00 -4.1729801731e-07
3.3159824787e+00 -2.8818472964e-07
3.2439302281e+00 -4.0230987857e-07
3.1681567239e+00 -5.4912420815e-07
3.0886455084e+00 -4.5782251401e-07
3.0052476058e+00 -5.8825765228e-07
2.9179008479e+00 -7.2357453250e-07
2.8265558098e+00 -6.2553898747e-07
2.7310448673e+00 -3.7490672176e-07
2.6313566183e+00 1.5704202453e-07
2.5273471338e+00 6.0313420762e-07
2.4189045644e+00 4.8177681212e-07
2.3060056927e+00 -1.1736681056e-07
2.1884569953e+00 -3.0458790852e-07
2.0662132517e+00 -5.8846414650e-09
1.9391806331e+00 1.7770678705e-07
1.8071922869e+00 2.1948539156e-07
1.6702306967e+00 2.3426121897e-08
1.5280996003e+00 -1.6976236286e-07
1.3807388131e+00 -2.5281639410e-07
1.2280578296e+00 -1.4848341599e-07
1.0698707438e+00 -4.2352872211e-08
9.0616603818e-01 -7.1402701492e-08
7.3674353717e-01 -2.2954570340e-07
5.6151154592e-01 2.1248073960e-07
3.8042700474e-01 -1.2959486236e-07
1.9326613852e-01 -3.8677292130e-07
-1.6186222799e-06 -1.5952295693e-09
