1.4367312381e-01 1.1995528825e-01
1.7431616611e-01 -1.4371860238e-01
1.8063541408e-01 1.4874138235e-01
2.1655292199e-01 -1.7729055443e-01
2.2071621551e-01 1.7651418557e-01
2.6210530919e-01 -2.1054122456e-01
2.6383729667e-01 2.0330358517e-01
3.0990542997e-01 2.2913737253e-01
3.1085645263e-01 -2.4257214039e-01
3.5881268614e-01 2.5404099465e-01
3.6272247934e-01 -2.7342348220e-01
4.1043679070e-01 2.7803732127e-01
4.1760314906e-01 -3.0313307246e-01
4.6464154114e-01 3.0114642882e-01
4.7538214851e-01 -3.3173606034e-01
5.2127728320e-01 3.2338540208e-01
5.3592745436e-01 -3.5926462433e-01
5.8091960756e-01 3.4509992487e-01
5.9909176353e-01 -3.8574769433e-01
6.4741886915e-01 3.6859671942e-01
6.6471298913e-01 -4.1121069436e-01
7.1613371579e-01 3.9228798297e-01
7.3598893566e-01 -4.3791167375e-01
7.8673872330e-01 4.1617243120e-01
8.1098932028e-01 -4.6565942657e-01
8.5888687282e-01 4.4023570460e-01
8.8788656349e-01 -4.9364022380e-01
9.3221101129e-01 4.6445034398e-01
9.6631540196e-01 -5.2184449250e-01
1.0067315351e+00 4.8614857691e-01
1.0454708224e+00 -5.4940922430e-01
1.0819644855e+00 5.0104569283e-01
1.1200125695e+00 -5.6662855050e-01
1.1569002915e+00 5.1336371374e-01
1.1932578985e+00 -5.8035152089e-01
1.2316269814e+00 5.2321602240e-01
1.2654596665e+00 -5.9079277799e-01
1.3062138786e+00 5.3071169692e-01
1.3397703303e+00 -5.9992165154e-01
1.3807109501e+00 5.3595492172e-01
1.4176850525e+00 -6.0917299144e-01
1.4551482523e+00 5.3904443276e-01
1.4951938876e+00 -6.1632072212e-01
1.5295354774e+00 5.4007299929e-01
1.5722886395e+00 -6.2135147803e-01
1.6052672228e+00 5.3993088213e-01
1.6489503721e+00 -6.2425484920e-01
1.6805692101e+00 5.3797233793e-01
1.7251491922e+00 -6.2502341329e-01
1.7535694013e+00 5.3368303503e-01
1.8008440891e+00 -6.2365276117e-01
1.8251614465e+00 5.2726209401e-01
1.8759828318e+00 -6.2014151596e-01
1.8956560033e+00 5.1878920445e-01
1.9505019257e+00 -6.1449134558e-01
1.9650210053e+00 5.0826599237e-01
2.0238290186e+00 -6.0680824851e-01
2.0332159394e+00 4.9569876845e-01
2.0922173675e+00 -5.9787778941e-01
2.1001917686e+00 4.8109853896e-01
2.1579802022e+00 -5.8724480543e-01
2.1658909023e+00 4.6448100130e-01
2.2211057755e+00 -5.7490303971e-01
2.2302472146e+00 4.4586652422e-01
2.2815774677e+00 -5.6084778227e-01
2.2931861107e+00 4.2528011262e-01
2.3396763954e+00 -5.4394360050e-01
2.3535707426e+00 4.0295449718e-01
2.3948826606e+00 -5.2514999028e-01
2.4074201984e+00 3.7983780706e-01
2.4469864886e+00 -5.0503241122e-01
2.4592530311e+00 3.5530805640e-01
2.4959682672e+00 -4.8359813384e-01
2.5095109708e+00 3.2971453117e-01
2.5418046957e+00 -4.6085471099e-01
2.5551540263e+00 3.0295925157e-01
2.5844687038e+00 -4.3681002668e-01
2.5958001709e+00 2.7505503974e-01
2.6239294018e+00 -4.1147234865e-01
2.6331815251e+00 2.4656948698e-01
2.6601520634e+00 -3.8485038421e-01
2.6672983247e+00 2.1752639352e-01
2.6930981403e+00 -3.5695333916e-01
2.6981478040e+00 1.8795048895e-01
2.7227253093e+00 -3.2779097939e-01
2.7257240714e+00 1.5786742545e-01
2.7489875520e+00 -2.9737369484e-01
2.7500180140e+00 1.2730376861e-01
2.7710172313e+00 9.6286985665e-02
2.7718352661e+00 -2.6571256540e-01
2.7887059996e+00 6.4845431168e-02
2.7912154088e+00 -2.3281942853e-01
2.8030652659e+00 3.3008330015e-02
2.8063905937e+00 -1.9867003380e-01
2.8140726719e+00 8.0575782309e-04
2.8178272400e+00 -1.6458000767e-01
2.8217026083e+00 -3.1731381373e-02
2.8240247223e+00 -1.3102927804e-01
2.8259262994e+00 -6.4571380115e-02
2.8267119168e+00 -9.7681755201e-02
