8.9192761808e+02
8.3246565747e+02
8.9191044719e+02
8.9189327631e+02
8.3662937712e+02
8.9187610543e+02
8.9185880330e+02
8.4079309755e+02
8.9184132503e+02
8.9182384677e+02
8.4495681798e+02
8.9180738288e+02
8.9178656442e+02
8.4917871023e+02
8.9176451698e+02
8.5387230356e+02
8.9174246954e+02
8.9171601825e+02
8.5451515967e+02
8.9168852955e+02
8.5435512761e+02
8.9166266048e+02
8.5569501828e+02
8.9162919615e+02
8.9159016306e+02
8.5794251519e+02
8.9155112996e+02
8.6015290144e+02
8.9151352531e+02
8.6025175309e+02
8.9146949924e+02
8.6146982309e+02
8.9142489425e+02
8.6268789308e+02
8.9138028927e+02
8.6411550448e+02
8.9133349211e+02
8.9127316259e+02
8.6575504053e+02
8.9120974031e+02
8.6685018560e+02
8.9114337036e+02
8.6794533068e+02
8.9107213522e+02
8.6904047576e+02
8.9099153430e+02
8.7018697671e+02
8.9091093337e+02
8.7131026173e+02
8.9082682012e+02
8.7208131147e+02
8.9072554575e+02
8.7286344351e+02
8.9061609709e+02
8.7372320913e+02
8.9050928902e+02
8.7458297474e+02
8.9040606195e+02
8.7543441853e+02
8.9029027927e+02
8.7603828973e+02
8.9015951945e+02
8.7668976444e+02
8.9002875962e+02
8.7739822519e+02
8.8989774613e+02
8.7814483034e+02
8.8974125093e+02
8.7886393189e+02
8.8958475573e+02
8.7943699981e+02
8.8941286769e+02
8.8000966583e+02
8.8923597065e+02
8.8058233184e+02
8.8904897174e+02
8.8114235803e+02
8.8886197283e+02
8.8169916938e+02
8.8867497392e+02
8.8214553777e+02
8.8846487074e+02
8.8259147741e+02
8.8823287247e+02
8.8303609958e+02
8.8800087421e+02
8.8348072176e+02
8.8776887594e+02
8.8392534393e+02
8.8753073614e+02
8.8428535790e+02
8.8728158168e+02
8.8464300990e+02
8.8699443975e+02
8.8502426857e+02
8.8670528364e+02
8.8540552723e+02
8.8639626873e+02
8.8577268566e+02
8.8608725382e+02
