6.7526041389e+01
6.7533226097e+01
6.7540414512e+01
6.7553340265e+01
6.7566708721e+01
6.7580081570e+01
6.7581539464e+01
6.7577297890e+01
6.7573066156e+01
6.7565346891e+01
6.7555706373e+01
6.7546075765e+01
6.7531077134e+01
6.7514870100e+01
6.7498675767e+01
6.7482494411e+01
6.7461300886e+01
6.7439234572e+01
6.7414663997e+01
6.7389330529e+01
6.7364011904e+01
6.7338708405e+01
6.7312492989e+01
6.7281909419e+01
6.7250027310e+01
6.7219154195e+01
6.7188991892e+01
6.7158844244e+01
6.7127151393e+01
6.7093415947e+01
6.7058422816e+01
6.7023445850e+01
6.6988485305e+01
6.6953541436e+01
6.6916243464e+01
6.6878874083e+01
6.6841482252e+01
6.6803125166e+01
6.6764786462e+01
6.6723994700e+01
6.6683092539e+01
6.6642210302e+01
6.6601478022e+01
6.6561717304e+01
6.6520829577e+01
6.6478217631e+01
6.6435346009e+01
6.6392494546e+01
6.6349663497e+01
6.6306838381e+01
6.6262276309e+01
6.6217736091e+01
6.6172528482e+01
6.6127234775e+01
6.6081963271e+01
6.6035592021e+01
6.5988909878e+01
6.5942251325e+01
6.5895616627e+01
6.5848873147e+01
6.5800798432e+01
6.5751704995e+01
6.5703108476e+01
6.5654672047e+01
6.5606259827e+01
6.5557872070e+01
6.5508080574e+01
6.5458112648e+01
6.5407648745e+01
6.5357085359e+01
6.5306548101e+01
6.5255731939e+01
6.5203832404e+01
6.5151960567e+01
6.5100116690e+01
6.5048141903e+01
6.4995322616e+01
6.4941421286e+01
6.4888208576e+01
6.4835058967e+01
6.4781937869e+01
6.4728284695e+01
6.4673537642e+01
6.4618820628e+01
6.4563649958e+01
6.4508474825e+01
6.4453330185e+01
6.4397334786e+01
6.4340896144e+01
6.4284489564e+01
6.4228115311e+01
6.4171426514e+01
6.4113488281e+01
6.4055235686e+01
6.3997561363e+01
6.3939919571e+01
6.3882310566e+01
6.3823764134e+01
6.3764516179e+01
6.3705103415e+01
6.3645531244e+01
6.3585993700e+01
6.3526400265e+01
6.3465505156e+01
6.3404646299e+01
6.3343823960e+01
6.3282864226e+01
6.3221437535e+01
6.3158629952e+01
6.3096067684e+01
6.3034101721e+01
6.2972172546e+01
6.2909802961e+01
6.2846310566e+01
6.2782614335e+01
6.2718722659e+01
6.2654869701e+01
6.2591055945e+01
6.2525968571e+01
6.2460921604e+01
6.2395845225e+01
6.2330259448e+01
6.2264714414e+01
6.2198005028e+01
6.2131337421e+01
6.2064712260e+01
6.1998129816e+01
6.1931014012e+01
6.1862982557e+01
6.1795046866e+01
6.1727153434e+01
6.1659302519e+01
6.1591075333e+01
6.1521662271e+01
6.1452293517e+01
6.1382660260e+01
6.1312775490e+01
6.1242935295e+01
6.1171973529e+01
6.1100959771e+01
6.1029992360e+01
6.0959071567e+01
6.0887475603e+01
6.0814363312e+01
6.0742065860e+01
6.0669849769e+01
6.0597679462e+01
6.0524771008e+01
6.0451401319e+01
6.0377501311e+01
6.0303419866e+01
6.0229386046e+01
6.0154581147e+01
6.0079545389e+01
6.0004559023e+01
5.9929008343e+01
5.9853085236e+01
5.9776487529e+01
5.9699799721e+01
5.9623162776e+01
5.9546576963e+01
5.9469635401e+01
5.9391452388e+01
5.9313433440e+01
5.9235463783e+01
5.9157543667e+01
5.9079328620e+01
5.9000032938e+01
5.8920584447e+01
5.8840753101e+01
5.8760972816e+01
5.8680766903e+01
5.8599886938e+01
5.8519059722e+01
5.8438011592e+01
5.8356191086e+01
5.8274224969e+01
5.8192312381e+01
5.8110453580e+01
5.8028021445e+01
5.7944210309e+01
5.7860505789e+01
5.7777307402e+01
5.7694159904e+01
5.7610712494e+01
5.7526180032e+01
5.7441193705e+01
5.7356258622e+01
5.7271375015e+01
5.7186312347e+01
5.7100512433e+01
5.7014765639e+01
5.6928342024e+01
5.6841632107e+01
5.6754876117e+01
5.6667274249e+01
5.6579726170e+01
5.6492232117e+01
5.6404611777e+01
5.6315940340e+01
5.6226622169e+01
5.6137357909e+01
5.6048147791e+01
5.5959222311e+01
5.5870625273e+01
5.5781025510e+01
5.5690409682e+01
5.5599843422e+01
5.5509326938e+01
5.5418860438e+01
5.5328296896e+01
5.5236154700e+01
5.5144063571e+01
5.5051830994e+01
5.4959204861e+01
5.4866830309e+01
5.4774503906e+01
5.4682225847e+01
5.4588806849e+01
5.4495417504e+01
5.4402078266e+01
5.4307880969e+01
5.4213456058e+01
5.4118249078e+01
5.4022914529e+01
5.3927629141e+01
5.3832452047e+01
5.3737966759e+01
5.3643494971e+01
5.3548076199e+01
5.3451438301e+01
5.3354842613e+01
5.3258289296e+01
5.3161778511e+01
5.3065310418e+01
5.2969116030e+01
5.2871984124e+01
5.2773794243e+01
5.2675644277e+01
5.2577534374e+01
5.2479805231e+01
5.2382228037e+01
5.2284690911e+01
5.2185178124e+01
5.2085538978e+01
5.1986319252e+01
5.1887527255e+01
5.1788772777e+01
5.1689291851e+01
5.1588680860e+01
5.1488358943e+01
5.1388072150e+01
5.1288099453e+01
5.1188446815e+01
5.1088881736e+01
5.0988468441e+01
5.0886995791e+01
5.0785550772e+01
5.0684133482e+01
5.0582954104e+01
5.0482835009e+01
5.0382586354e+01
5.0280086774e+01
5.0177610592e+01
5.0075157889e+01
4.9972728742e+01
4.9871944638e+01
4.9770451816e+01
4.9667401152e+01
4.9564368472e+01
4.9461353835e+01
4.9359129437e+01
4.9257805811e+01
4.9155886828e+01
4.9052210527e+01
4.8948546353e+01
4.8844894343e+01
4.8742278359e+01
4.8640182516e+01
4.8538075065e+01
4.8434146504e+01
4.8330223603e+01
4.8226306381e+01
4.8122583644e+01
4.8018870837e+01
4.7915288803e+01
4.7813116915e+01
4.7709888033e+01
4.7605567227e+01
4.7501243332e+01
4.7397231471e+01
4.7294755924e+01
4.7192275917e+01
4.7088884618e+01
4.6984352525e+01
4.6879810352e+01
4.6775207846e+01
4.6670588056e+01
4.6566701632e+01
4.6464306430e+01
4.6361895011e+01
4.6258312616e+01
4.6154198512e+01
4.6050066725e+01
4.5945917202e+01
4.5843722700e+01
4.5740400124e+01
4.5636987415e+01
4.5533549113e+01
4.5430085142e+01
4.5326559795e+01
4.5223160505e+01
4.5120460178e+01
4.5017724857e+01
4.4914954441e+01
4.4812148829e+01
4.4708654640e+01
4.4605059684e+01
4.4503133978e+01
4.4401165551e+01
4.4299154282e+01
4.4196894403e+01
4.4092963118e+01
4.3990829819e+01
4.3889687675e+01
4.3788495199e+01
4.3687039055e+01
4.3584082106e+01
4.3481558650e+01
4.3381220367e+01
4.3280825003e+01
4.3179776381e+01
4.3077787750e+01
4.2976739334e+01
4.2877111876e+01
4.2777410309e+01
4.2676733069e+01
4.2575988517e+01
4.2475176470e+01
4.2374722692e+01
4.2276344055e+01
4.2177857001e+01
4.2079089547e+01
4.1980247605e+01
4.1881330975e+01
4.1782339459e+01
4.1682986867e+01
4.1585060706e+01
4.1487503876e+01
4.1389857018e+01
4.1292119897e+01
4.1194292277e+01
4.1095815107e+01
4.0999385065e+01
4.0903311032e+01
4.0807139428e+01
4.0710862290e+01
4.0614220894e+01
4.0517480708e+01
4.0421727153e+01
4.0326853252e+01
4.0232602131e+01
4.0139006172e+01
4.0045307228e+01
3.9949813530e+01
3.9854278213e+01
3.9760535746e+01
3.9666988003e+01
3.9574206200e+01
3.9481340032e+01
3.9389808353e+01
3.9298162042e+01
3.9206400814e+01
3.9114055562e+01
3.9020966510e+01
3.8929652891e+01
3.8839633171e+01
3.8749482848e+01
3.8659201605e+01
3.8568789120e+01
3.8478462621e+01
3.8388014929e+01
3.8299818932e+01
3.8211571615e+01
3.8123359022e+01
3.8035010524e+01
3.7946931072e+01
3.7860774916e+01
3.7774237830e+01
3.7687468181e+01
3.7600558236e+01
3.7513507664e+01
3.7428722148e+01
3.7344843244e+01
3.7260413199e+01
3.7175148834e+01
3.7089727825e+01
3.7004368595e+01
3.6920168145e+01
3.6837456577e+01
3.6755171460e+01
3.6672725803e+01
3.6590207539e+01
3.6508996600e+01
3.6427627131e+01
3.6346098769e+01
3.6265215959e+01
3.6185312840e+01
3.6106118540e+01
3.6028056700e+01
3.5949833131e+01
3.5871133340e+01
3.5790889972e+01
3.5713587574e+01
3.5636933764e+01
3.5560042822e+01
3.5482960864e+01
3.5405706706e+01
3.5330574218e+01
3.5257507705e+01
3.5184271172e+01
3.5109367118e+01
3.5034088358e+01
3.4958624825e+01
3.4885313136e+01
3.4812484194e+01
3.4740946309e+01
3.4669564462e+01
3.4598397859e+01
3.4528948939e+01
3.4459318340e+01
3.4389505669e+01
3.4319510532e+01
3.4250084678e+01
3.4183561959e+01
3.4117430547e+01
3.4049847143e+01
3.3982068106e+01
3.3914093019e+01
3.3848732169e+01
3.3784132716e+01
3.3719341995e+01
3.3655423606e+01
3.3592464010e+01
3.3531994495e+01
3.3471336818e+01
3.3410490585e+01
3.3348262833e+01
3.3285385879e+01
3.3227239806e+01
3.3169098453e+01
3.3110131437e+01
3.3050964958e+01
3.2995417562e+01
3.2939337240e+01
3.2881441071e+01
3.2823917198e+01
3.2772015924e+01
3.2719910122e+01
3.2667599375e+01
3.2614759747e+01
3.2566987624e+01
3.2519024034e+01
3.2470502699e+01
3.2421013905e+01
3.2371308203e+01
3.2324999422e+01
3.2281992842e+01
3.2238227544e+01
3.2194255275e+01
3.2150075623e+01
3.2105688175e+01
3.2069156774e+01
3.2033898128e+01
3.1998448060e+01
3.1958404008e+01
3.1918590583e+01
3.1890481214e+01
3.1862169261e+01
3.1833654325e+01
3.1804936009e+01
3.1775680302e+01
3.1751986455e+01
3.1732541014e+01
3.1712892622e+01
3.1693211650e+01
3.1674240592e+01
3.1663257061e+01
3.1658110762e+01
3.1652778420e+01
3.1647259676e+01
3.1648574961e+01
3.1659545112e+01
3.1670342016e+01
3.1680965345e+01
3.1691414769e+01
3.1705519064e+01
3.1740942930e+01
3.1799381571e+01
3.1834777106e+01
