-2.8606081867e-06 -4.0218744457e-06
2.6481446644e-01 8.8532346466e-04
5.2436153198e-01 3.5005493682e-03
7.7853177944e-01 7.7806706390e-03
1.0273035720e+00 1.3675536658e-02
1.2705883853e+00 2.1096782276e-02
1.5083270346e+00 3.0021207825e-02
1.7404360101e+00 4.0359328936e-02
1.9668760576e+00 5.2066973316e-02
2.1875637753e+00 6.5075207811e-02
2.4024407571e+00 7.9327130239e-02
2.6114470595e+00 9.4766933663e-02
2.8144944491e+00 1.1132273712e-01
3.0115550871e+00 1.2895149589e-01
3.2025484175e+00 1.4757615474e-01
3.3874291416e+00 1.6714685468e-01
3.5661222655e+00 1.8760275742e-01
3.7385747888e+00 2.0887371345e-01
3.9047466804e+00 2.3091227995e-01
4.0645882729e+00 2.5364797086e-01
4.2180239526e+00 2.7702119889e-01
4.3650389125e+00 3.0097593103e-01
4.5055828671e+00 3.2544049033e-01
4.6396066658e+00 3.5036599788e-01
4.7670772113e+00 3.7568085180e-01
4.8879625309e+00 4.0132380508e-01
5.0022278277e+00 4.2723990985e-01
5.1098631071e+00 4.5335719070e-01
5.2108158843e+00 4.7962169932e-01
5.3050824886e+00 5.0596655172e-01
5.3926654748e+00 5.3232829742e-01
5.4735279929e+00 5.5865351047e-01
5.5476776609e+00 5.8486980526e-01
5.6151046142e+00 6.1091562481e-01
5.6758217911e+00 6.3673754652e-01
5.7298393951e+00 6.6227130374e-01
5.7771450261e+00 6.8744454636e-01
5.8177875101e+00 7.1220976760e-01
5.8517780631e+00 7.3650417719e-01
5.8791274604e+00 7.6025373398e-01
5.8998881692e+00 7.8341509165e-01
5.9140806545e+00 8.0592221147e-01
5.9217715033e+00 8.2771078605e-01
5.9229737228e+00 8.4872957964e-01
5.9177791275e+00 8.6892252211e-01
5.9062209477e+00 8.8822483246e-01
5.8883687335e+00 9.0658860565e-01
5.8643035770e+00 9.2395038146e-01
5.8340865829e+00 9.4026413790e-01
5.7978033110e+00 9.5547337034e-01
5.7555579114e+00 9.6952139585e-01
5.7074208223e+00 9.8237000208e-01
5.6534825992e+00 9.9395582760e-01
5.5938772283e+00 1.0042341362e+00
5.5286998904e+00 1.0131720622e+00
5.4580577465e+00 1.0207117506e+00
5.3820912011e+00 1.0268148370e+00
5.3009071991e+00 1.0314482997e+00
5.2146364493e+00 1.0345564458e+00
5.1234475819e+00 1.0361235050e+00
5.0274362539e+00 1.0361034742e+00
4.9267951960e+00 1.0344657736e+00
4.8216706437e+00 1.0311913241e+00
4.7121916109e+00 1.0262397775e+00
4.5985499988e+00 1.0195996771e+00
4.4809488102e+00 1.0112583165e+00
4.3595017522e+00 1.0011818352e+00
4.2344339820e+00 9.8937704759e-01
4.1059204577e+00 9.7581940252e-01
3.9741727743e+00 9.6051759276e-01
3.8393758835e+00 9.4346717074e-01
3.7017363581e+00 9.2466830887e-01
3.5614882227e+00 9.0414667900e-01
3.4188354085e+00 8.8190059057e-01
3.2740060325e+00 8.5795982599e-01
3.1272409300e+00 8.3235201585e-01
2.9788026962e+00 8.0510379067e-01
2.8289175216e+00 7.7627059619e-01
2.6778551545e+00 7.4588001222e-01
2.5259081743e+00 7.1400447194e-01
2.3733641695e+00 6.8071128995e-01
2.2204859444e+00 6.4605196779e-01
2.0676144762e+00 6.1013713429e-01
1.9151094537e+00 5.7304712084e-01
1.7632809317e+00 5.3490212001e-01
1.6125223094e+00 4.9581909451e-01
1.4632503248e+00 4.5592995113e-01
1.3159137601e+00 4.1543455473e-01
1.1709773262e+00 3.7444853812e-01
1.0289719108e+00 3.3323740203e-01
8.9051964204e-01 2.9200553673e-01
7.5630620630e-01 2.5102331890e-01
6.2713545152e-01 2.1068902420e-01
5.0394974940e-01 1.7127787279e-01
3.8786019718e-01 1.3338246130e-01
2.8037464358e-01 9.7497139879e-02
1.8352011628e-01 6.4501835737e-02
9.9984161729e-02 3.5595476560e-02
3.4694653792e-02 1.2036403749e-02
-4.0510969492e-05 -1.4956798587e-05
