7.0986129328e-04 1.0019746078e-06
5.0103591037e-04 2.0520567165e-06
6.9397663640e-04 -6.4850512664e-07
6.1333017953e-05 1.0647579086e-06
4.4874995423e-04 -1.0967653122e-06
4.3414856364e-04 2.2089723415e-06
3.8958352089e-05 6.3832301427e-07
6.9141405860e-04 4.5305846072e-06
4.8494545153e-04 -1.4183979209e-06
7.1825297546e-04 6.3998913614e-06
7.0396153933e-04 -4.1821748063e-06
5.1676249185e-04 6.0126052021e-06
6.9632964006e-04 -6.2348416236e-06
8.3708236003e-05 1.9253670263e-06
4.5884843384e-04 -5.1168675058e-06
4.2058990063e-04 5.4576946700e-06
1.3688003345e-05 3.0729915991e-07
6.8695868136e-04 9.7887941306e-06
4.7271190587e-04 -5.2581333218e-06
7.2220218068e-04 1.2124572789e-05
6.9826798153e-04 -9.5917926491e-06
5.3149725379e-04 1.0564587542e-05
6.9703957501e-04 -1.2301201390e-05
1.0700875301e-04 3.2130297206e-06
4.7197076668e-04 -1.0003801745e-05
4.0586501957e-04 8.4468652603e-06
1.6830491327e-05 -1.5590873780e-08
6.8247238263e-04 1.4930786347e-05
4.5421166624e-04 -8.3503175085e-06
6.8806795944e-04 -1.4492614380e-05
7.2741849054e-04 1.7564105814e-05
6.9771892633e-04 -1.6281377941e-05
5.4480273596e-04 1.4606401346e-05
4.8121274158e-04 -1.1944232606e-05
1.2888711978e-04 4.5509245959e-06
3.6489272339e-05 -5.6922177437e-07
3.9027428296e-04 1.1045194864e-05
4.4063337254e-04 -1.1509162629e-05
6.7764179221e-04 1.9890328028e-05
6.8205527380e-04 -1.9436949789e-05
7.3324964596e-04 2.3472056141e-05
6.9600132301e-04 -2.1591936480e-05
5.5943223526e-04 1.9738580342e-05
4.9019514748e-04 -1.6351909628e-05
1.4974074758e-04 6.6073442941e-06
6.1382694290e-05 -1.9862014796e-06
3.7361673066e-04 1.3736383649e-05
4.2170924404e-04 -1.3984010603e-05
6.7136592657e-04 2.5052729718e-05
6.6999117272e-04 -2.3906072955e-05
7.3638854525e-04 2.9203310066e-05
6.9598332863e-04 -2.6873709682e-05
5.7254545490e-04 2.4382187200e-05
5.0113961103e-04 -2.0624102777e-05
1.7078302377e-04 8.6267561236e-06
8.0741476484e-05 -3.3588336956e-06
3.5715275573e-04 1.6029247383e-05
4.0529364196e-04 -1.6556018375e-05
6.6535319955e-04 3.0035495675e-05
6.6040590763e-04 -2.8452763461e-05
7.3849648769e-04 3.5036078533e-05
6.9314489347e-04 -3.1441264219e-05
5.8221907350e-04 2.9396162444e-05
5.1128938342e-04 -2.4175081333e-05
1.9102407375e-04 1.1073363537e-05
1.0458479333e-04 -5.0357025637e-06
3.3859120537e-04 1.7929107957e-05
3.8548984703e-04 -1.8004476186e-05
6.5557427325e-04 3.4736474159e-05
6.4802897184e-04 -3.2195347041e-05
7.3915620760e-04 4.0993749624e-05
6.9359780927e-04 -3.7279325955e-05
5.9406567357e-04 3.4900986668e-05
5.2051132557e-04 -2.9894276063e-05
2.1291381562e-04 1.4089168518e-05
1.1960730999e-04 -7.2966896064e-06
3.2195579330e-04 2.0090640654e-05
3.7636757178e-04 -2.1582511971e-05
6.4819218350e-04 3.9839435521e-05
6.4272371896e-04 -3.7753247010e-05
7.4030926336e-04 4.6705015277e-05
6.8129374244e-04 -4.1019086358e-05
6.0248367925e-04 4.0081475413e-05
5.3246374160e-04 -3.2878346465e-05
2.3154307933e-04 1.7034731192e-05
1.5548516616e-04 -9.8487812072e-06
3.0462764482e-04 2.0686293070e-05
3.5037594889e-04 -2.2390495776e-05
6.4018121358e-04 4.3271335885e-05
6.2159358133e-04 -4.0761474681e-05
7.4011606340e-04 5.2475293813e-05
6.8589233502e-04 -4.6336551372e-05
6.1338423441e-04 4.5273055117e-05
5.3122806851e-04 -3.7314934813e-05
2.5063473225e-04 2.0098256435e-05
1.6131290262e-04 -1.1873657501e-05
2.8457521063e-04 2.2290717532e-05
3.3104236991e-04 -2.3342565360e-05
6.3019709011e-04 4.8431148841e-05
6.1286229652e-04 -4.4274056591e-05
7.3898780170e-04 5.8371150457e-05
6.8052463913e-04 -5.0966236111e-05
6.2162894724e-04 5.1518896452e-05
5.3763501483e-04 -4.1729819539e-05
2.6866673942e-04 2.4210457534e-05
1.7985554661e-04 -1.4588662677e-05
2.6413943094e-04 2.3286138088e-05
3.1251107483e-04 -2.4664223188e-05
6.1885426742e-04 5.2779414604e-05
5.9989872108e-04 -4.8019325890e-05
7.3737672317e-04 6.4391299818e-05
6.7513586143e-04 -5.5338225476e-05
5.4307508462e-04 -4.5974295419e-05
6.2746053805e-04 5.6701802684e-05
1.9726725004e-04 -1.7426847073e-05
2.8649220208e-04 2.7733206814e-05
2.9343041477e-04 -2.5110883993e-05
2.4660862754e-04 2.3877325537e-05
5.8609089010e-04 -5.0804657219e-05
6.0913032915e-04 5.6885842920e-05
6.6877772660e-04 -5.9561824786e-05
7.3439972825e-04 6.9943613125e-05
5.4515002219e-04 -5.0091963642e-05
6.3533755478e-04 6.2024527466e-05
2.1277999290e-04 -2.0368123354e-05
3.0469356392e-04 3.1497378866e-05
2.7481342853e-04 -2.5709551608e-05
2.2583815931e-04 2.3861752394e-05
5.7204492223e-04 -5.3868730544e-05
5.9679933250e-04 6.0478862620e-05
6.6206556882e-04 -6.3637543982e-05
7.3296957251e-04 7.5584962189e-05
5.5503378464e-04 -5.4789640154e-05
6.4171535043e-04 6.8105542153e-05
2.3124122399e-04 -2.3685598587e-05
3.2036659777e-04 3.5978002438e-05
2.5331769604e-04 -2.5505575513e-05
2.0434135996e-04 2.3646157059e-05
5.5702701957e-04 -5.6270962040e-05
5.8408414705e-04 6.4076172574e-05
6.5838477404e-04 -6.7882989667e-05
7.2803604189e-04 8.1128670590e-05
5.5096133566e-04 -5.8374510745e-05
6.4938988017e-04 7.4364640936e-05
2.3895522780e-04 -2.6274650832e-05
3.3891713984e-04 4.0860301884e-05
2.3687647481e-04 -2.5687366696e-05
1.8217226991e-04 2.3019851868e-05
5.4949164555e-04 -5.9481019100e-05
5.6809749093e-04 6.7174950631e-05
6.5127185821e-04 -7.1921689193e-05
7.2310800365e-04 8.6462490783e-05
5.5303709912e-04 -6.2494962639e-05
6.5335463646e-04 7.9876482852e-05
2.5356093489e-04 -2.9662356388e-05
3.5261916244e-04 4.5135581761e-05
2.1613336250e-04 -2.5096539271e-05
5.3142020699e-04 -6.1294472193e-05
1.5902594489e-04 2.1807613344e-05
6.4408917442e-04 -7.5595775506e-05
5.5379633223e-04 7.0054835167e-05
5.5401296341e-04 -6.6332549604e-05
7.1925309818e-04 9.1847126993e-05
2.6564714982e-04 -3.2835209699e-05
6.5784762873e-04 8.5829149526e-05
1.9764092410e-04 -2.4544777652e-05
3.6718341735e-04 5.0012066073e-05
5.1835738532e-04 -6.3573424730e-05
1.3842993894e-04 2.0442991355e-05
6.3526861016e-04 -7.9003881957e-05
5.4126668721e-04 7.2543167115e-05
5.5647209001e-04 -7.0547146084e-05
7.1293789507e-04 9.6804701761e-05
2.8026350157e-04 -3.6625726151e-05
6.6028279024e-04 9.1962238599e-05
1.7771290805e-04 -2.3432513485e-05
3.8117041750e-04 5.5403434181e-05
4.9944152767e-04 -6.4651477589e-05
1.1742237767e-04 1.9087024154e-05
6.2407495362e-04 -8.1836408555e-05
5.2673485285e-04 7.5521086190e-05
5.5485087810e-04 -7.3924034878e-05
7.0539175551e-04 1.0197079119e-04
2.9182384147e-04 -3.9956076518e-05
6.6129052346e-04 9.9188366095e-05
1.6001928409e-04 -2.2395844460e-05
3.9372314865e-04 6.2151417424e-05
4.8363750899e-04 -6.6021656576e-05
9.4539472497e-05 1.7083623321e-05
6.1373102472e-04 -8.4728984462e-05
5.5356248068e-04 -7.7794510406e-05
5.0773393151e-04 7.7483732510e-05
3.0151426469e-04 -4.3617662567e-05
6.9559577771e-04 1.0644255479e-04
1.4094352008e-04 -2.0988008194e-05
6.6384895090e-04 1.0315134910e-04
4.7091889579e-04 -6.7540044628e-05
4.0686195753e-04 6.5308536139e-05
6.0708118615e-04 -8.8019866915e-05
7.1033729037e-05 1.4044050571e-05
5.5298916992e-04 -8.2201046560e-05
4.9383318990e-04 7.9153402595e-05
3.1002074600e-04 -4.7628592618e-05
6.8895010853e-04 1.1083803378e-04
1.1999195198e-04 -1.8540988578e-05
6.6210706351e-04 1.0830785893e-04
4.5421894782e-04 -6.7062633965e-05
4.1567693124e-04 7.0141168278e-05
5.9588198497e-04 -9.0020244136e-05
5.0567046277e-05 1.1434175184e-05
5.5163528695e-04 -8.5999006388e-05
4.7884356425e-04 8.1039854656e-05
3.2075370461e-04 -5.1727650100e-05
6.7932805697e-04 1.1514080666e-04
1.0089340905e-04 -1.7030899066e-05
6.6043078652e-04 1.1409120722e-04
4.3360704264e-04 -6.8418479947e-05
4.2586207901e-04 7.6079731933e-05
5.8274616323e-04 -9.2667518360e-05
5.4985740428e-04 -8.8673080144e-05
2.7942732444e-05 8.2437337763e-06
3.2895422327e-04 -5.4304126475e-05
4.6071865508e-04 8.2118001945e-05
8.0721769158e-05 -1.4532564883e-05
6.6825610503e-04 1.1898811752e-04
4.2213738976e-04 -6.9470534809e-05
6.5953514852e-04 1.1907998904e-04
5.7490426313e-04 -9.5138260192e-05
4.3669169772e-04 8.1141288104e-05
5.4523934352e-04 -9.1380828631e-05
5.3775365785e-06 4.6938772644e-06
3.3502293811e-04 -5.7437728473e-05
4.3984022303e-04 8.2110778568e-05
6.3611406685e-05 -1.2371857099e-05
6.5657822677e-04 1.2240176216e-04
4.0510585227e-04 -6.9475922126e-05
6.5849492091e-04 1.2484512783e-04
5.6216214443e-04 -9.6840881320e-05
4.4516256594e-04 8.6935990529e-05
5.4159400925e-04 -9.4785936776e-05
1.6000895549e-05 6.8906633018e-06
3.4283706935e-04 -6.1537368525e-05
4.2223513618e-04 8.2672664919e-05
4.5467634152e-05 -9.8542403349e-06
6.4492104694e-04 1.2578008220e-04
3.8901786164e-04 -6.9377709814e-05
5.5106631055e-04 -9.8668952612e-05
6.5631994365e-04 1.2960766624e-04
5.3692397626e-04 -9.7608283858e-05
4.5428048182e-04 9.1923266419e-05
3.4852462815e-04 -6.4890243547e-05
3.4670611951e-05 1.0631170208e-05
2.8866927247e-05 -7.3621866091e-06
4.0402403599e-04 8.2869530900e-05
3.7004244864e-04 -6.8796109713e-05
6.3392974421e-04 1.2915437873e-04
5.3568495568e-04 -9.9691870235e-05
6.5133037295e-04 1.3409495509e-04
5.3184633381e-04 -1.0060894101e-04
4.5905103484e-04 9.6797341001e-05
3.5486551242e-04 -6.8928782089e-05
5.6267293409e-05 1.5455184633e-05
8.7307374294e-06 -4.0328103057e-06
3.8734473361e-04 8.3021595203e-05
3.5463980812e-04 -6.8481669076e-05
6.2090931059e-04 1.3187474767e-04
5.2586958423e-04 -1.0144953346e-04
6.4509501687e-04 1.3797279145e-04
5.2627362817e-04 -1.0270440362e-04
3.5736041557e-04 -7.1211041202e-05
4.6504086722e-04 1.0141113820e-04
1.8034732996e-05 -5.9151379835e-06
7.5295412648e-05 1.9862680948e-05
3.3863351777e-04 -6.7742534718e-05
3.6776013532e-04 8.1864555286e-05
5.1406953349e-04 -1.0251460632e-04
6.0775364719e-04 1.3409599965e-04
5.2052843371e-04 -1.0472913271e-04
6.4107735327e-04 1.4281428487e-04
3.6009356874e-04 -7.3841744302e-05
4.7074262253e-04 1.0701524942e-04
3.3730510793e-05 -9.3091993996e-06
9.2533164468e-05 2.4545097211e-05
3.2145809425e-04 -6.6600608055e-05
3.4780816741e-04 8.0865819241e-05
5.0065290858e-04 -1.0321058851e-04
5.9301446298e-04 1.3624394471e-04
5.1394570668e-04 -1.0711713472e-04
6.3290801471e-04 1.4673597342e-04
3.6334768446e-04 -7.7460525782e-05
4.9410451171e-05 -1.3203829461e-05
4.7327660182e-04 1.1213037943e-04
3.0766555082e-04 -6.5920052942e-05
1.0999642040e-04 2.9675013777e-05
4.8899253796e-04 -1.0419833129e-04
3.2687344212e-04 7.9223936813e-05
5.0633336451e-04 -1.1014203538e-04
5.7710445822e-04 1.3777053988e-04
3.6601233297e-04 -8.2394362369e-05
6.2674718614e-04 1.5071822550e-04
6.3897117011e-05 -1.7313059297e-05
4.7700895849e-04 1.1687671236e-04
2.8943603973e-04 -6.4624529037e-05
1.2663838234e-04 3.4524873558e-05
4.7444605504e-04 -1.0457529473e-04
3.0851422368e-04 7.7717333143e-05
4.9930495882e-04 -1.1059039695e-04
5.6207515242e-04 1.3918592674e-04
3.6765754299e-04 -8.2687469873e-05
7.8144517707e-05 -2.0049935324e-05
6.1663741413e-04 1.5379986202e-04
2.7336177851e-04 -6.2747318202e-05
4.7878186693e-04 1.2169820626e-04
4.6080575484e-04 -1.0446871806e-04
1.4312136742e-04 3.9858573468e-05
4.9076652558e-04 -1.1213900037e-04
2.8950672790e-04 7.5758178351e-05
3.6804574111e-04 -8.5881780970e-05
5.4662414524e-04 1.4029107062e-04
9.0976750407e-05 -2.3995009644e-05
6.0771982622e-04 1.5732038391e-04
2.5548795518e-04 -6.0659202826e-05
4.7873530606e-04 1.2699108341e-04
4.4499472146e-04 -1.0396083012e-04
1.5678635315e-04 4.5278609920e-05
4.8130163190e-04 -1.1339749570e-04
2.7053255545e-04 7.3698831071e-05
3.6721798336e-04 -8.8345410414e-05
1.0307649392e-04 -2.7615492764e-05
5.3017898634e-04 1.4101265272e-04
2.3919593387e-04 -5.8804742132e-05
5.9533353153e-04 1.5912848260e-04
4.3020750864e-04 -1.0355633073e-04
4.7807699642e-04 1.2989870851e-04
4.7253014921e-04 -1.1422151498e-04
1.7032794887e-04 4.9755223119e-05
3.6858663534e-04 -9.0497170573e-05
2.4863844544e-04 7.0421773912e-05
1.1447865635e-04 -3.0824019195e-05
5.1098297592e-04 1.4067505213e-04
2.2356945721e-04 -5.6703799799e-05
5.8591574318e-04 1.6198120911e-04
4.1695158204e-04 -1.0321838209e-04
4.7614568526e-04 1.3407958830e-04
4.6307257368e-04 -1.1513199462e-04
3.6540662423e-04 -9.2553117407e-05
1.8202270951e-04 5.4805982813e-05
1.2377671142e-04 -3.4293302142e-05
2.3000849285e-04 6.7684643003e-05
2.0698258696e-04 -5.4355687052e-05
4.9397819520e-04 1.4058400482e-04
4.0094044481e-04 -1.0214597244e-04
5.7260300413e-04 1.6329385254e-04
4.5168234645e-04 -1.1560942990e-04
4.7357545006e-04 1.3685669976e-04
3.6348249881e-04 -9.4944546027e-05
1.9296474653e-04 5.9049413839e-05
1.3282187231e-04 -3.7799259383e-05
2.1060918724e-04 6.4213434830e-05
1.9128576606e-04 -5.2061352764e-05
4.7677598833e-04 1.4005050109e-04
3.8691967794e-04 -1.0135571905e-04
4.4133326188e-04 -1.1580424668e-04
5.6064593968e-04 1.6500087240e-04
3.5789925292e-04 -9.5452900466e-05
4.7085414094e-04 1.4075718113e-04
1.3980099874e-04 -4.0317374424e-05
2.0290347029e-04 6.4090022332e-05
1.7639286734e-04 -4.9655900125e-05
1.9057896329e-04 6.0443299582e-05
3.7181410058e-04 -1.0011394400e-04
4.5774353336e-04 1.3880621747e-04
4.2853106663e-04 -1.1546874871e-04
5.4680253306e-04 1.6616719991e-04
3.5717503756e-04 -9.7941376552e-05
4.6622345614e-04 1.4355752206e-04
1.4934464447e-04 -4.4154053378e-05
2.1109095064e-04 6.8399213848e-05
1.6021246761e-04 -4.6839022643e-05
3.5548693295e-04 -9.8378169479e-05
1.7014536450e-04 5.6224913523e-05
4.1692797389e-04 -1.1537983336e-04
4.3769729781e-04 1.3704507554e-04
3.5069434267e-04 -9.8931513273e-05
5.3147338940e-04 1.6651320782e-04
1.5398108919e-04 -4.6799784176e-05
4.5888187950e-04 1.4564920316e-04
1.4564517109e-04 -4.4328484380e-05
2.1756382986e-04 7.2479466899e-05
3.4136363797e-04 -9.7095526407e-05
1.5097905287e-04 5.1990630762e-05
4.0407810885e-04 -1.1467994802e-04
4.1797756431e-04 1.3496456472e-04
3.4426298562e-04 -9.9046604537e-05
1.5949883634e-04 -4.9170293687e-05
5.1547912136e-04 1.6657231026e-04
1.3044705847e-04 -4.1451724996e-05
4.5011354132e-04 1.4846807142e-04
3.2390541177e-04 -9.4834140483e-05
2.2310678331e-04 7.7453359755e-05
3.9117198642e-04 -1.1384398400e-04
1.3335731139e-04 4.8082693005e-05
3.3735826977e-04 -9.9556626681e-05
3.9755725630e-04 1.3245400680e-04
1.6312315878e-04 -5.1498071619e-05
4.9530706459e-04 1.6489497098e-04
1.1593523848e-04 -3.8401311639e-05
4.3994979923e-04 1.4816267983e-04
3.0837731880e-04 -9.2566048496e-05
3.7757562011e-04 -1.1272449372e-04
2.2792744448e-04 8.0187840054e-05
3.3058426843e-04 -1.0048162354e-04
1.1369036739e-04 4.3250884105e-05
1.6696289546e-04 -5.4483640136e-05
3.7305390293e-04 1.2859051094e-04
1.0143027697e-04 -3.5766292849e-05
4.7656475533e-04 1.6354062309e-04
2.9095471967e-04 -9.0299945847e-05
4.2927823638e-04 1.4910600705e-04
3.6195118665e-04 -1.1138872169e-04
2.2988523244e-04 8.3513587264e-05
3.2100552001e-04 -1.0083706523e-04
1.6790661938e-04 -5.6868002686e-05
9.5163341001e-05 3.8564390456e-05
8.6610281129e-05 -3.2819646226e-05
3.5186276604e-04 1.2514954313e-04
2.7337190418e-04 -8.7457375040e-05
4.5655891069e-04 1.6149474892e-04
3.4521906526e-04 -1.0916230467e-04
4.1476258929e-04 1.4877137367e-04
3.1051973956e-04 -9.9769138388e-05
2.2898852430e-04 8.6013191423e-05
1.6840735162e-04 -5.8143812556e-05
7.7939678451e-05 3.3965300676e-05
7.2689721292e-05 -2.9674316376e-05
3.2910468670e-04 1.2083837997e-04
2.5543328415e-04 -8.4189293824e-05
3.2880972726e-04 -1.0671839843e-04
4.3162401255e-04 1.5733993891e-04
2.9864738939e-04 -9.8563684798e-05
3.9733530587e-04 1.4660655621e-04
1.6703518119e-04 -5.9277244610e-05
2.2692038250e-04 8.7528780898e-05
5.9165474617e-05 -2.6502755817e-05
6.0164129099e-05 2.8878209813e-05
2.3523652890e-04 -8.0070254554e-05
3.0213273514e-04 1.1480755797e-04
3.0926078841e-04 -1.0322622809e-04
4.0513784783e-04 1.5246037419e-04
2.8592714217e-04 -9.6848007690e-05
1.6506604881e-04 -6.0231291032e-05
3.7671870379e-04 1.4405765265e-04
4.6389301711e-05 -2.3940492838e-05
2.2032825374e-04 8.8775259920e-05
2.1701587121e-04 -7.6955472802e-05
4.3042697145e-05 2.4907187957e-05
2.8966868799e-04 -1.0009161947e-04
2.7414243036e-04 1.0939683840e-04
2.6897908506e-04 -9.4679031830e-05
3.7241087746e-04 1.4603892553e-04
1.5840187487e-04 -6.0680681973e-05
3.4862222314e-04 1.3853525194e-04
3.3679693492e-05 -2.1636270641e-05
1.9663778935e-04 -7.3117821771e-05
2.0817865847e-04 8.7677967925e-05
2.6603413228e-04 -9.5598712554e-05
2.6014395582e-05 2.0910246169e-05
2.4964538777e-04 -9.1270066583e-05
2.4286974055e-04 1.0193859262e-04
1.5084479508e-04 -6.0277031183e-05
3.3468025712e-04 1.3776813003e-04
2.1206403970e-05 -1.9129951039e-05
3.1354698856e-04 1.3439725803e-04
1.7063703891e-04 -6.7216341450e-05
2.3667271083e-04 -8.9101117857e-05
1.8973355995e-04 8.9494131818e-05
2.2771495478e-04 -8.7178840705e-05
9.7234845354e-06 1.9322403673e-05
1.4092233807e-04 -5.9862173159e-05
1.9885907675e-04 9.2123257429e-05
7.4934544320e-06 -1.8295672955e-05
2.7984926266e-04 1.2246681892e-04
1.4683957969e-04 -6.5822693652e-05
2.5877120592e-04 1.1156139257e-04
2.0185117759e-04 -8.4227530722e-05
1.5326050034e-04 7.1929726216e-05
1.8824623841e-04 -7.7087977457e-05
1.1471052211e-04 -5.5598585616e-05
-6.2716757886e-06 1.9390764606e-05
-5.2602639100e-06 -3.0735476759e-05
1.7077469656e-04 8.9310039147e-05
1.2974951297e-04 -9.4965924057e-05
2.1222898172e-04 1.0012731525e-04
1.5434988273e-04 -8.9807175909e-05
1.1079681660e-04 5.1936411426e-05
4.8758085743e-05 -3.3611837136e-05
1.6291208638e-05 8.9023777900e-06
-3.4854946186e-05 -2.5593327482e-07
-2.6526648720e-05 -8.3924901456e-06
-3.2906870947e-05 3.8402131588e-06
