5.1058673434e-02 -9.6107188636e-03
5.2008739314e-02 -1.0284877730e-02
5.2951924734e-02 -1.0948712266e-02
5.3888898909e-02 -1.1600962648e-02
5.4814156401e-02 -1.2225030957e-02
5.5720956865e-02 -1.2812205153e-02
5.6616331775e-02 -1.3373765459e-02
5.7501155210e-02 -1.3911362438e-02
5.8375307691e-02 -1.4424798851e-02
5.9236864921e-02 -1.4911769229e-02
6.0086314034e-02 -1.5380192213e-02
6.0916844271e-02 -1.5826195684e-02
6.1726832467e-02 -1.6246772882e-02
6.2520245927e-02 -1.6648637167e-02
6.3296974511e-02 -1.7031722695e-02
6.4056907707e-02 -1.7395963271e-02
6.4802831054e-02 -1.7744114264e-02
6.5544543447e-02 -1.8083262589e-02
6.6274305055e-02 -1.8404989020e-02
6.6985782156e-02 -1.8709369062e-02
6.7683929916e-02 -1.9002149012e-02
6.8368616132e-02 -1.9283264347e-02
6.9040446530e-02 -1.9553129482e-02
6.9703513217e-02 -1.9811863898e-02
7.0357793302e-02 -2.0059401052e-02
7.1003592564e-02 -2.0296290572e-02
7.1641471234e-02 -2.0526406938e-02
7.2263208112e-02 -2.0743311594e-02
7.2878415287e-02 -2.0952862868e-02
7.3486823503e-02 -2.1155863915e-02
7.4084883566e-02 -2.1350543615e-02
7.4672390318e-02 -2.1536779614e-02
7.5255502590e-02 -2.1719809542e-02
7.5833929261e-02 -2.1896322431e-02
7.6401292131e-02 -2.2062917209e-02
7.6961118324e-02 -2.2223980691e-02
7.7514514993e-02 -2.2380240145e-02
7.8061326929e-02 -2.2531637869e-02
7.8602211148e-02 -2.2677392279e-02
7.9137837586e-02 -2.2817047460e-02
7.9668080387e-02 -2.2950565556e-02
8.0193293591e-02 -2.3079448848e-02
8.0713122260e-02 -2.3204482524e-02
8.1224662672e-02 -2.3323443613e-02
8.1733091378e-02 -2.3438420159e-02
8.2238164870e-02 -2.3549221851e-02
8.2737775678e-02 -2.3655106138e-02
8.3231135855e-02 -2.3756180079e-02
8.3724083559e-02 -2.3857305710e-02
8.4210740193e-02 -2.3952388939e-02
8.4691646885e-02 -2.4043126123e-02
8.5168707506e-02 -2.4130773479e-02
8.5641794703e-02 -2.4215302751e-02
8.6110992311e-02 -2.4296832413e-02
8.6577220015e-02 -2.4374905060e-02
8.7040479724e-02 -2.4449158208e-02
8.7500652307e-02 -2.4519717335e-02
8.7957635864e-02 -2.4587772760e-02
8.8411073682e-02 -2.4652536126e-02
8.8861763309e-02 -2.4713378840e-02
8.9309250706e-02 -2.4772518435e-02
8.9753234335e-02 -2.4828605946e-02
9.0193727864e-02 -2.4881448078e-02
9.0630850381e-02 -2.4930986898e-02
9.1066278442e-02 -2.4978152095e-02
9.1499767369e-02 -2.5023678099e-02
9.1930051194e-02 -2.5066508951e-02
9.2358035260e-02 -2.5106467197e-02
9.2783596054e-02 -2.5143536737e-02
9.3207553401e-02 -2.5178402151e-02
9.3628248821e-02 -2.5210766871e-02
9.4046559207e-02 -2.5240270462e-02
9.4463526440e-02 -2.5267646162e-02
9.4877844193e-02 -2.5292688888e-02
9.5289103468e-02 -2.5315342088e-02
9.5700132197e-02 -2.5336851759e-02
9.6109139723e-02 -2.5355446439e-02
9.6514940908e-02 -2.5371346295e-02
9.6918963390e-02 -2.5385517878e-02
9.7321082041e-02 -2.5397951437e-02
9.7721297104e-02 -2.5408595310e-02
9.8120084334e-02 -2.5416952598e-02
9.8517330859e-02 -2.5422875787e-02
9.8912913661e-02 -2.5426357549e-02
9.9307101854e-02 -2.5427773108e-02
9.9700041952e-02 -2.5427861690e-02
1.0008980137e-01 -2.5425484124e-02
1.0047879135e-01 -2.5421320920e-02
1.0086661572e-01 -2.5415177073e-02
1.0125227294e-01 -2.5407024994e-02
1.0163659551e-01 -2.5397198715e-02
1.0202153649e-01 -2.5385785840e-02
1.0240295818e-01 -2.5371660350e-02
1.0278277357e-01 -2.5356166731e-02
1.0316085839e-01 -2.5339303009e-02
1.0353752750e-01 -2.5321047487e-02
1.0391362735e-01 -2.5300661917e-02
1.0428820430e-01 -2.5277808810e-02
1.0466115250e-01 -2.5252713402e-02
1.0503341445e-01 -2.5226669699e-02
1.0540471034e-01 -2.5199561396e-02
1.0577424924e-01 -2.5170200426e-02
1.0614259383e-01 -2.5138795998e-02
1.0651001765e-01 -2.5105528319e-02
1.0687660038e-01 -2.5071126205e-02
1.0724045919e-01 -2.5034526879e-02
1.0760359126e-01 -2.4996237364e-02
1.0796606239e-01 -2.4956356581e-02
1.0832701669e-01 -2.4914606331e-02
1.0868635919e-01 -2.4871274969e-02
1.0904667417e-01 -2.4826814711e-02
1.0940449051e-01 -2.4780175453e-02
1.0976095875e-01 -2.4732124459e-02
1.1011595488e-01 -2.4682669908e-02
1.1046945898e-01 -2.4631866367e-02
1.1082212927e-01 -2.4579445676e-02
1.1117387049e-01 -2.4525055093e-02
1.1152455993e-01 -2.4468705524e-02
1.1187489296e-01 -2.4410897488e-02
1.1222432034e-01 -2.4352034754e-02
1.1257084539e-01 -2.4291003100e-02
1.1291691540e-01 -2.4228402343e-02
1.1326239646e-01 -2.4164242218e-02
1.1360640758e-01 -2.4098385541e-02
1.1394851560e-01 -2.4030944157e-02
1.1429198439e-01 -2.3962730012e-02
1.1463279297e-01 -2.3892216857e-02
1.1497228689e-01 -2.3820348527e-02
1.1531050019e-01 -2.3747196596e-02
1.1564730863e-01 -2.3672777109e-02
1.1598302397e-01 -2.3596989990e-02
1.1631783518e-01 -2.3519332813e-02
1.1665160279e-01 -2.3439799022e-02
1.1698436682e-01 -2.3358464872e-02
1.1731727592e-01 -2.3276222146e-02
1.1764735668e-01 -2.3192157588e-02
1.1797619062e-01 -2.3106297143e-02
1.1830444460e-01 -2.3018930858e-02
1.1863119492e-01 -2.2930093551e-02
1.1895598767e-01 -2.2839818929e-02
1.1928102203e-01 -2.2748513037e-02
1.1960519154e-01 -2.2655357270e-02
1.1992700409e-01 -2.2560603277e-02
1.2024755976e-01 -2.2464637345e-02
1.2056673532e-01 -2.2367483594e-02
1.2088463428e-01 -2.2269088338e-02
1.2120142095e-01 -2.2168874873e-02
1.2151695448e-01 -2.2066792419e-02
1.2183146255e-01 -2.1962984277e-02
1.2214562691e-01 -2.1858178154e-02
1.2245704993e-01 -2.1751927695e-02
1.2276718541e-01 -2.1644020860e-02
1.2307638541e-01 -2.1534549730e-02
1.2338452654e-01 -2.1423544391e-02
1.2369039088e-01 -2.1310912005e-02
1.2399646842e-01 -2.1196785690e-02
1.2430005905e-01 -2.1081034317e-02
1.2460205600e-01 -2.0964174612e-02
1.2490233980e-01 -2.0846237900e-02
1.2520099969e-01 -2.0727291799e-02
1.2549863455e-01 -2.0606835827e-02
1.2579475830e-01 -2.0484459948e-02
1.2608925340e-01 -2.0360198109e-02
1.2638307989e-01 -2.0234539745e-02
1.2667594471e-01 -2.0108041380e-02
1.2696550223e-01 -1.9980002052e-02
1.2725393252e-01 -1.9850326786e-02
1.2754111659e-01 -1.9719053458e-02
1.2782693441e-01 -1.9586219801e-02
1.2811118652e-01 -1.9451825287e-02
1.2839364382e-01 -1.9315692004e-02
1.2867432257e-01 -1.9178457613e-02
1.2895310775e-01 -1.9040161169e-02
1.2922988327e-01 -1.8900841597e-02
1.2950498043e-01 -1.8760536236e-02
1.2977876932e-01 -1.8618559951e-02
1.3005067751e-01 -1.8474667650e-02
1.3032062665e-01 -1.8328901651e-02
1.3058990955e-01 -1.8181853581e-02
1.3085697726e-01 -1.8033966579e-02
1.3112129649e-01 -1.7884576367e-02
1.3138422683e-01 -1.7733581115e-02
1.3164538764e-01 -1.7581031186e-02
1.3190391605e-01 -1.7427123128e-02
1.3216211018e-01 -1.7272049887e-02
1.3241756466e-01 -1.7115117052e-02
1.3267082427e-01 -1.6957095436e-02
1.3292210466e-01 -1.6798144726e-02
1.3317129381e-01 -1.6638312636e-02
1.3341864943e-01 -1.6477224891e-02
1.3366383375e-01 -1.6314334545e-02
1.3390671730e-01 -1.6149687448e-02
1.3414719131e-01 -1.5983333229e-02
1.3438703766e-01 -1.5815560096e-02
1.3462461628e-01 -1.5647203112e-02
1.3485907735e-01 -1.5477604085e-02
1.3509151015e-01 -1.5306452688e-02
1.3532180751e-01 -1.5133803091e-02
1.3554986106e-01 -1.4959709373e-02
1.3577543247e-01 -1.4784286801e-02
1.3599884611e-01 -1.4607715199e-02
1.3622017617e-01 -1.4430043892e-02
1.3643932275e-01 -1.4251326986e-02
1.3665633804e-01 -1.4071619904e-02
1.3687107595e-01 -1.3890405527e-02
1.3708294968e-01 -1.3707691015e-02
1.3729232183e-01 -1.3523930359e-02
1.3749911750e-01 -1.3338931019e-02
1.3770417491e-01 -1.3151320544e-02
1.3790714671e-01 -1.2963653271e-02
1.3810701491e-01 -1.2775103106e-02
1.3830394886e-01 -1.2585202963e-02
1.3849785160e-01 -1.2394013450e-02
1.3868896593e-01 -1.2201367362e-02
1.3887966938e-01 -1.2006820788e-02
1.3906622260e-01 -1.1812338745e-02
1.3925020888e-01 -1.1616454129e-02
1.3943159034e-01 -1.1419207155e-02
1.3961027296e-01 -1.1220663322e-02
1.3978616524e-01 -1.1020901350e-02
1.3995940758e-01 -1.0819730536e-02
1.4012997451e-01 -1.0617663061e-02
1.4029781101e-01 -1.0414754694e-02
1.4046282927e-01 -1.0211070244e-02
1.4062544360e-01 -1.0006455530e-02
1.4078614104e-01 -9.7998618606e-03
1.4094258117e-01 -9.5918177293e-03
1.4109600270e-01 -9.3831338870e-03
1.4124703412e-01 -9.1739930048e-03
1.4139558960e-01 -8.9643794866e-03
1.4154098304e-01 -8.7534796819e-03
1.4168280863e-01 -8.5411496890e-03
1.4182098633e-01 -8.3274589913e-03
1.4195681269e-01 -8.1121467696e-03
1.4209129104e-01 -7.8962467885e-03
1.4222155420e-01 -7.6804477310e-03
1.4234861858e-01 -7.4633414987e-03
1.4247240871e-01 -7.2450023533e-03
1.4259284766e-01 -7.0255045974e-03
1.4271088471e-01 -6.8044318295e-03
1.4282520635e-01 -6.5833438304e-03
1.4293652710e-01 -6.3611789649e-03
1.4304475621e-01 -6.1380367733e-03
1.4314960190e-01 -5.9142657597e-03
1.4325099380e-01 -5.6899392706e-03
1.4335075294e-01 -5.4638399360e-03
1.4344576799e-01 -5.2367795667e-03
1.4353748463e-01 -5.0093756154e-03
1.4362619495e-01 -4.7816223442e-03
1.4371183376e-01 -4.5535987645e-03
1.4379495697e-01 -4.3248243244e-03
1.4387437870e-01 -4.0946539132e-03
1.4394941190e-01 -3.8633038239e-03
1.4402055012e-01 -3.6307550438e-03
1.4408958386e-01 -3.3977830929e-03
1.4415638442e-01 -3.1647049961e-03
1.4421887260e-01 -2.9313682325e-03
1.4427745650e-01 -2.6971677822e-03
1.4433208312e-01 -2.4621863878e-03
1.4438269790e-01 -2.2265069280e-03
1.4443135946e-01 -1.9887180445e-03
1.4447589909e-01 -1.7514505778e-03
1.4451694247e-01 -1.5135129861e-03
1.4455444247e-01 -1.2749925004e-03
1.4458824496e-01 -1.0360885418e-03
1.4461838374e-01 -7.9726589949e-04
1.4464520530e-01 -5.5780899277e-04
1.4466855469e-01 -3.1755309175e-04
1.4468838811e-01 -7.6582516582e-05
1.4470471850e-01 1.6579537183e-04
1.4471670010e-01 4.0814659867e-04
1.4472526974e-01 6.5036404095e-04
1.4473047763e-01 8.9273772020e-04
1.4473228722e-01 1.1351806586e-03
1.4473098318e-01 1.3781493054e-03
1.4472572662e-01 1.6226655641e-03
1.4471549335e-01 1.8672489696e-03
1.4470204265e-01 2.1116637791e-03
1.4468564239e-01 2.3562001600e-03
1.4466631944e-01 2.6007933330e-03
1.4464316292e-01 2.8458285773e-03
1.4461516636e-01 3.0913625858e-03
1.4458236778e-01 3.3373360441e-03
1.4454671394e-01 3.5837893425e-03
1.4450882773e-01 3.8302874741e-03
1.4446702673e-01 4.0759644083e-03
1.4442072234e-01 4.3220821039e-03
1.4436993539e-01 4.5686110055e-03
1.4431464889e-01 4.8154588380e-03
1.4425655487e-01 5.0636218946e-03
1.4419562049e-01 5.3109275531e-03
1.4413020600e-01 5.5575961613e-03
1.4406077655e-01 5.8045243327e-03
1.4398732468e-01 6.0516161772e-03
1.4390984129e-01 6.2987754606e-03
1.4382874620e-01 6.5466210135e-03
1.4374406528e-01 6.7934745641e-03
1.4365552396e-01 7.0404880622e-03
1.4356311637e-01 7.2872751353e-03
1.4346684918e-01 7.5336328526e-03
1.4336685361e-01 7.7797320209e-03
1.4326310895e-01 8.0270469442e-03
1.4315520587e-01 8.2732585834e-03
1.4304373037e-01 8.5191509422e-03
1.4292869138e-01 8.7646291206e-03
1.4281023005e-01 9.0101946079e-03
1.4268710390e-01 9.2563684943e-03
1.4255947800e-01 9.5013796607e-03
1.4242866998e-01 9.7459848239e-03
1.4229469675e-01 9.9900859193e-03
1.4215750716e-01 1.0234101927e-02
1.4201515201e-01 1.0477927815e-02
1.4186775478e-01 1.0721318678e-02
1.4171735142e-01 1.0964272799e-02
1.4156446210e-01 1.1206861420e-02
1.4140853810e-01 1.1448484219e-02
1.4124772910e-01 1.1689618540e-02
1.4108193745e-01 1.1930353643e-02
1.4091134140e-01 1.2170784015e-02
1.4073804601e-01 1.2411145159e-02
1.4056270021e-01 1.2651026468e-02
1.4038359405e-01 1.2889375854e-02
1.4019972646e-01 1.3127248627e-02
1.4001113694e-01 1.3364548619e-02
1.3981791137e-01 1.3601468294e-02
1.3962190240e-01 1.3838984780e-02
1.3942329680e-01 1.4074249942e-02
1.3922042444e-01 1.4308526918e-02
1.3901327571e-01 1.4542165838e-02
1.3880190056e-01 1.4775068212e-02
1.3858634727e-01 1.5007134962e-02
1.3836739190e-01 1.5240024502e-02
1.3814563778e-01 1.5470615027e-02
1.3791976188e-01 1.5700360852e-02
1.3768982691e-01 1.5929163102e-02
1.3745589399e-01 1.6156922264e-02
1.3721802259e-01 1.6383538185e-02
1.3697680544e-01 1.6609827521e-02
1.3673190739e-01 1.6835166418e-02
1.3648327577e-01 1.7059279596e-02
1.3623097828e-01 1.7282074346e-02
1.3597508110e-01 1.7503457319e-02
1.3571564327e-01 1.7724615457e-02
1.3545142063e-01 1.7945224743e-02
1.3518373795e-01 1.8163712941e-02
1.3491287824e-01 1.8380863634e-02
1.3463892135e-01 1.8596582441e-02
1.3436197733e-01 1.8810877053e-02
1.3408139094e-01 1.9025399423e-02
1.3379565062e-01 1.9238572412e-02
1.3350573852e-01 1.9450545018e-02
1.3321355787e-01 1.9661059430e-02
1.3291792809e-01 1.9869148453e-02
1.3261797302e-01 2.0075853614e-02
1.3231427451e-01 2.0281782344e-02
1.3200667849e-01 2.0486463403e-02
1.3169509936e-01 2.0688993711e-02
1.3138033304e-01 2.0890994923e-02
1.3106124464e-01 2.1091814002e-02
1.3073920869e-01 2.1290070293e-02
1.3041438059e-01 2.1486958717e-02
1.3008686721e-01 2.1682389093e-02
1.2975580130e-01 2.1876750542e-02
1.2941909272e-01 2.2069685723e-02
1.2907830987e-01 2.2260067797e-02
1.2873516219e-01 2.2448685652e-02
1.2838941036e-01 2.2635980146e-02
1.2804105059e-01 2.2821957151e-02
1.2768800495e-01 2.3006558242e-02
1.2732989018e-01 2.3188848374e-02
1.2696857751e-01 2.3368619193e-02
1.2660459994e-01 2.3546876818e-02
1.2623808820e-01 2.3723535901e-02
1.2586869487e-01 2.3898886918e-02
1.2549452029e-01 2.4072156778e-02
1.2511546310e-01 2.4242908837e-02
1.2473278560e-01 2.4411590388e-02
1.2434789707e-01 2.4578655529e-02
1.2396093566e-01 2.4744027959e-02
1.2357027280e-01 2.4907706550e-02
1.2317472099e-01 2.5068745654e-02
1.2277451395e-01 2.5227123145e-02
1.2237143947e-01 2.5383617309e-02
1.2196623588e-01 2.5538446784e-02
1.2155890115e-01 2.5691584098e-02
1.2114733286e-01 2.5842328045e-02
1.2073095600e-01 2.5990065040e-02
1.2031006879e-01 2.6135162806e-02
1.1988661775e-01 2.6278646893e-02
1.1946123965e-01 2.6420317121e-02
1.1903295787e-01 2.6559726362e-02
1.1860011546e-01 2.6695818534e-02
1.1816261038e-01 2.6828830724e-02
1.1772144793e-01 2.6960685929e-02
1.1727861926e-01 2.7090281093e-02
1.1683221685e-01 2.7216848865e-02
1.1638193870e-01 2.7340425035e-02
1.1592735339e-01 2.7461087616e-02
1.1546953334e-01 2.7579848302e-02
1.1500980208e-01 2.7696561384e-02
1.1454645439e-01 2.7810021171e-02
1.1407859614e-01 2.7920171135e-02
1.1360625328e-01 2.8027064925e-02
1.1313084438e-01 2.8131833981e-02
1.1265330010e-01 2.8234715681e-02
1.1217272526e-01 2.8334604221e-02
1.1168751430e-01 2.8430745576e-02
1.1119781758e-01 2.8523097960e-02
1.1070444598e-01 2.8612707992e-02
1.1020860132e-01 2.8700272160e-02
1.0971042081e-01 2.8785565398e-02
1.0920788671e-01 2.8867038947e-02
1.0870054516e-01 2.8944328692e-02
1.0818884886e-01 2.9017957112e-02
1.0767437958e-01 2.9089281762e-02
1.0715754301e-01 2.9158298922e-02
1.0663727404e-01 2.9223915132e-02
1.0611211924e-01 2.9284685260e-02
1.0558181602e-01 2.9341305215e-02
1.0504774985e-01 2.9395848001e-02
1.0451133971e-01 2.9447606548e-02
1.0397112579e-01 2.9494990657e-02
1.0342705380e-01 2.9537816204e-02
1.0287819770e-01 2.9576530767e-02
1.0232621141e-01 2.9612558848e-02
1.0177121552e-01 2.9645801585e-02
1.0121103921e-01 2.9674359355e-02
1.0064605194e-01 2.9697794788e-02
1.0007805428e-01 2.9716709408e-02
9.9506246752e-02 2.9732324524e-02
9.8930527607e-02 2.9744661242e-02
9.8349992118e-02 2.9753063834e-02
9.7762719823e-02 2.9755232944e-02
9.7174004205e-02 2.9755617638e-02
9.6579121729e-02 2.9751405699e-02
9.5979397630e-02 2.9741512741e-02
9.5377170965e-02 2.9727060710e-02
9.4771929122e-02 2.9707634191e-02
9.4159522050e-02 2.9682329652e-02
9.3542976479e-02 2.9653577730e-02
9.2921943831e-02 2.9620992065e-02
9.2295334726e-02 2.9582042269e-02
9.1663490109e-02 2.9536487281e-02
9.1027924350e-02 2.9486130577e-02
9.0387274798e-02 2.9431369805e-02
8.9741826574e-02 2.9372227486e-02
8.9088794303e-02 2.9307379970e-02
8.8428817487e-02 2.9234704915e-02
8.7767909969e-02 2.9156771967e-02
8.7100897466e-02 2.9073273395e-02
8.6428069114e-02 2.8984248136e-02
8.5749713996e-02 2.8889734249e-02
8.5060716917e-02 2.8787844582e-02
8.4370699755e-02 2.8680184684e-02
8.3672946732e-02 2.8565372700e-02
8.2967876310e-02 2.8443506669e-02
8.2257269291e-02 2.8314829488e-02
8.1540087192e-02 2.8177590560e-02
8.0815300884e-02 2.8033114616e-02
8.0084634885e-02 2.7881191884e-02
7.9348032627e-02 2.7721248567e-02
7.8606380381e-02 2.7554118905e-02
7.7857056966e-02 2.7380073658e-02
7.7096936247e-02 2.7196842030e-02
7.6326331162e-02 2.7004511773e-02
7.5548568177e-02 2.6805666773e-02
7.4762072862e-02 2.6592815500e-02
7.3969858270e-02 2.6372219335e-02
7.3169188361e-02 2.6141178068e-02
7.2360416133e-02 2.5899799117e-02
7.1542287701e-02 2.5647395760e-02
7.0709463225e-02 2.5383035249e-02
6.9869998349e-02 2.5110335640e-02
6.9021435717e-02 2.4824310738e-02
6.8162579135e-02 2.4524195835e-02
6.7293072032e-02 2.4209772888e-02
6.6409533447e-02 2.3881759653e-02
6.5515124948e-02 2.3543390255e-02
6.4610006634e-02 2.3193248509e-02
6.3692478099e-02 2.2824944029e-02
6.2762541646e-02 2.2437934705e-02
6.1819002380e-02 2.2032856831e-02
6.0860901403e-02 2.1612270155e-02
5.9890782082e-02 2.1176542950e-02
5.8910653493e-02 2.0721701188e-02
5.7913348155e-02 2.0243138644e-02
5.6898586964e-02 1.9741100045e-02
5.5864187708e-02 1.9212222179e-02
5.4814523185e-02 1.8657051667e-02
5.3751804888e-02 1.8082898933e-02
5.2672444733e-02 1.7488131347e-02
5.1576923967e-02 1.6864840989e-02
5.0465577533e-02 1.6213221608e-02
4.9335184337e-02 1.5532298241e-02
4.8193859605e-02 1.4825483475e-02
4.7030754681e-02 1.4088013275e-02
4.5851540755e-02 1.3323196228e-02
4.4659513120e-02 1.2532589242e-02
4.3459149784e-02 1.1716119080e-02
4.2263616641e-02 1.0859417068e-02
