2.6344865739e+00 8.5241976231e-04
2.6346192798e+00 2.7054099392e-04
2.6364907891e+00 8.5036313351e-04
2.6366228818e+00 2.6874159560e-04
2.6384929172e+00 8.4803591358e-04
2.6386242654e+00 2.6725735761e-04
2.6404909421e+00 8.4544029996e-04
2.6406214168e+00 2.6608973600e-04
2.6424828521e+00 8.4257869972e-04
2.6426123268e+00 2.6523980655e-04
2.6444666421e+00 8.3945372802e-04
2.6445949931e+00 2.6470826410e-04
2.6464403157e+00 8.3606820651e-04
2.6465674218e+00 2.6449542249e-04
2.6484018870e+00 8.3242516181e-04
2.6485276298e+00 2.6460121514e-04
2.6503493826e+00 8.2852782400e-04
2.6504736468e+00 2.6502519622e-04
2.6522808439e+00 8.2437962513e-04
2.6524035169e+00 2.6576654251e-04
2.6541943285e+00 8.1998419774e-04
2.6543153010e+00 2.6682405580e-04
2.6560879128e+00 8.1534537343e-04
2.6562070783e+00 2.6819616591e-04
2.6579596933e+00 8.1046718132e-04
2.6580769486e+00 2.6988093431e-04
2.6598077891e+00 8.0535384667e-04
2.6599230340e+00 2.7187605834e-04
2.6616303432e+00 8.0000978931e-04
2.6617434808e+00 2.7417887592e-04
2.6634255249e+00 7.9443962219e-04
2.6635364615e+00 2.7678637092e-04
2.6651915311e+00 7.8864814978e-04
2.6653001762e+00 2.7969517894e-04
2.6669265886e+00 7.8264036648e-04
2.6670328548e+00 2.8290159373e-04
2.6686289553e+00 7.7642145497e-04
2.6687327586e+00 2.8640157402e-04
2.6702969227e+00 7.6999678451e-04
2.6703981822e+00 2.9019075087e-04
2.6719288167e+00 7.6337190905e-04
2.6720274549e+00 2.9426443548e-04
2.6735230001e+00 7.5655256543e-04
2.6736189424e+00 2.9861762741e-04
2.6750778736e+00 7.4954467124e-04
2.6751710486e+00 3.0324502325e-04
2.6765918777e+00 7.4235432280e-04
2.6766822173e+00 3.0814102564e-04
2.6780634942e+00 7.3498779281e-04
2.6781509332e+00 3.1329975271e-04
2.6794912476e+00 7.2745152795e-04
2.6795757240e+00 3.1871504785e-04
2.6808737067e+00 7.1975214632e-04
2.6809551615e+00 3.2438048971e-04
2.6822094860e+00 7.1189643465e-04
2.6822878631e+00 3.3028940267e-04
2.6834972469e+00 7.0389134538e-04
2.6835724931e+00 3.3643486738e-04
2.6847356993e+00 6.9574399348e-04
2.6848077643e+00 3.4280973168e-04
2.6859236025e+00 6.8746165316e-04
2.6859924388e+00 3.4940662168e-04
2.6870597669e+00 6.7905175422e-04
2.6871253298e+00 3.5621795301e-04
2.6881430548e+00 6.7052187826e-04
2.6882053022e+00 3.6323594228e-04
2.6891723814e+00 6.6187975461e-04
2.6892312740e+00 3.7045261860e-04
2.6901467166e+00 6.5313325604e-04
2.6902022176e+00 3.7785983530e-04
2.6910650850e+00 6.4429039412e-04
2.6911171602e+00 3.8544928163e-04
2.6919265677e+00 6.3535931437e-04
2.6919751853e+00 3.9321249457e-04
2.6927303027e+00 6.2634829116e-04
2.6927754335e+00 4.0114087070e-04
2.6934754861e+00 6.1726572220e-04
2.6935171032e+00 4.0922567796e-04
2.6941613726e+00 6.0812012284e-04
2.6941994513e+00 4.1745806753e-04
2.6947872762e+00 5.9892012006e-04
2.6948217944e+00 4.2582908551e-04
2.6953525713e+00 5.8967444607e-04
2.6953835089e+00 4.3432968470e-04
2.6958566928e+00 5.8039193169e-04
2.6958840320e+00 4.4295073615e-04
2.6962991369e+00 5.7108149939e-04
2.6963228622e+00 4.5168304062e-04
2.6966794617e+00 5.6175215599e-04
2.6966995595e+00 4.6051734000e-04
2.6969972873e+00 5.5241298510e-04
2.6970137463e+00 4.6944432846e-04
2.6972522965e+00 5.4307313921e-04
2.6972651076e+00 4.7845466347e-04
2.6974442350e+00 5.3374183148e-04
2.6974533909e+00 4.8753897665e-04
2.6975729116e+00 5.2442832723e-04
2.6975784071e+00 4.9668788440e-04
2.6976381982e+00 5.1514193518e-04
2.6976400303e+00 5.0589199828e-04
