2.9375743649e+02
2.9375740400e+02
2.9375737150e+02
2.9375741046e+02
2.9375751929e+02
2.9375753589e+02
2.9375741637e+02
2.9375736575e+02
2.9375746735e+02
2.9375756588e+02
2.9375746738e+02
2.9375736729e+02
2.9375730054e+02
2.9375728047e+02
2.9375726041e+02
2.9375741768e+02
2.9375759691e+02
2.9375766854e+02
2.9375748249e+02
2.9375729644e+02
2.9375733284e+02
2.9375741716e+02
2.9375748577e+02
2.9375742435e+02
2.9375736293e+02
2.9375724611e+02
2.9375720171e+02
2.9375715731e+02
2.9375678186e+02
2.9375639820e+02
2.9375627872e+02
2.9375666103e+02
2.9375704334e+02
2.9375733077e+02
2.9375758072e+02
2.9375754651e+02
2.9375749735e+02
2.9375746532e+02
2.9375803615e+02
2.9375898912e+02
2.9375949607e+02
2.9375810827e+02
2.9375664781e+02
2.9375638865e+02
2.9375711903e+02
2.9375744716e+02
2.9375668372e+02
2.9375580362e+02
2.9375619326e+02
2.9375723262e+02
2.9375782601e+02
2.9375736866e+02
2.9375667064e+02
2.9375650512e+02
2.9375677179e+02
2.9375699015e+02
2.9375701776e+02
2.9375710197e+02
2.9375713440e+02
2.9375708170e+02
2.9375704959e+02
2.9375709532e+02
2.9375717363e+02
2.9375716177e+02
2.9375689361e+02
2.9375662544e+02
2.9375660423e+02
2.9375671319e+02
2.9375681101e+02
2.9375682704e+02
2.9375698219e+02
2.9375705763e+02
2.9375683786e+02
2.9375675259e+02
2.9375688291e+02
2.9375696619e+02
2.9375708506e+02
2.9375726333e+02
2.9375729888e+02
2.9375709492e+02
2.9375688291e+02
2.9375687826e+02
2.9375726004e+02
2.9375755722e+02
2.9375731855e+02
2.9375686662e+02
2.9375650965e+02
2.9375664973e+02
2.9375699920e+02
2.9375707096e+02
2.9375693995e+02
2.9375690238e+02
2.9375692502e+02
2.9375700091e+02
2.9375705724e+02
2.9375701724e+02
2.9375697725e+02
2.9375699165e+02
2.9375704264e+02
2.9375709364e+02
