3.9552470292e+01
3.9563344532e+01
3.9574220765e+01
3.9585099010e+01
3.9595979284e+01
3.9601966588e+01
3.9598987662e+01
3.9595872582e+01
3.9592766393e+01
3.9589669172e+01
3.9586580998e+01
3.9579361932e+01
3.9569891448e+01
3.9559055984e+01
3.9547386874e+01
3.9535729512e+01
3.9524083996e+01
3.9509502556e+01
3.9494160703e+01
3.9478832662e+01
3.9462200098e+01
3.9444465513e+01
3.9426744269e+01
3.9407159721e+01
3.9387482041e+01
3.9367818884e+01
3.9348170360e+01
3.9328406886e+01
3.9306416501e+01
3.9283710285e+01
3.9261539082e+01
3.9239659022e+01
3.9217792120e+01
3.9195421238e+01
3.9172002462e+01
3.9147794560e+01
3.9123600331e+01
3.9099419872e+01
3.9075047541e+01
3.9049739561e+01
3.9024446013e+01
3.8999105357e+01
3.8973295147e+01
3.8947202888e+01
3.8920282076e+01
3.8893376124e+01
3.8866485129e+01
3.8839609191e+01
3.8812748407e+01
3.8785918990e+01
3.8757716681e+01
3.8729528535e+01
3.8701354641e+01
3.8673195090e+01
3.8645049970e+01
3.8616919373e+01
3.8588052241e+01
3.8559149943e+01
3.8529780623e+01
3.8500347119e+01
3.8470928627e+01
3.8441041462e+01
3.8410906838e+01
3.8380787807e+01
3.8350684460e+01
3.8320525618e+01
3.8289646675e+01
3.8258511566e+01
3.8227392418e+01
3.8196510154e+01
3.8165670177e+01
3.8134845445e+01
3.8103481671e+01
3.8071660116e+01
3.8039777824e+01
3.8007911212e+01
3.7976060366e+01
3.7943783073e+01
3.7911316364e+01
3.7878865978e+01
3.7846296763e+01
3.7813381925e+01
3.7780347381e+01
3.7747026966e+01
3.7713723293e+01
3.7680436448e+01
3.7647166519e+01
3.7613423195e+01
3.7579521447e+01
3.7545636032e+01
3.7511767031e+01
3.7477914529e+01
3.7443635593e+01
3.7409094495e+01
3.7374551421e+01
3.7339733359e+01
3.7304932313e+01
3.7269794014e+01
3.7234562148e+01
3.7199347829e+01
3.7164151141e+01
3.7128653280e+01
3.7092602438e+01
3.7056846230e+01
3.7021107110e+01
3.6985385160e+01
3.6949377318e+01
3.6913010417e+01
3.6876571995e+01
3.6840011631e+01
3.6803468957e+01
3.6766719192e+01
3.6729536746e+01
3.6692372581e+01
3.6655226779e+01
3.6618099423e+01
3.6580700749e+01
3.6542764902e+01
3.6504724678e+01
3.6466982851e+01
3.6429286060e+01
3.6391607106e+01
3.6353529361e+01
3.6315194488e+01
3.6276580483e+01
3.6237984725e+01
3.6199407290e+01
3.6160628694e+01
3.6121493991e+01
3.6082378204e+01
3.6043281414e+01
3.6004019027e+01
3.5964485992e+01
3.5924562321e+01
3.5884657926e+01
3.5844772888e+01
3.5804954710e+01
3.5765353987e+01
3.5725040393e+01
3.5684548455e+01
3.5644075108e+01
3.5603620428e+01
3.5563184491e+01
3.5522211270e+01
3.5481209719e+01
3.5440227501e+01
3.5398947353e+01
3.5357581213e+01
3.5315947424e+01
3.5274182359e+01
3.5232436957e+01
3.5190711294e+01
3.5149005449e+01
3.5106689839e+01
3.5064395714e+01
3.5022120274e+01
3.4979863591e+01
3.4937625736e+01
3.4894979296e+01
3.4852223573e+01
3.4809206744e+01
3.4766175536e+01
3.4723163445e+01
3.4679666843e+01
3.4636143992e+01
3.4592640778e+01
3.4549157274e+01
3.4505424913e+01
3.4461293612e+01
3.4416986005e+01
3.4372772894e+01
3.4328802421e+01
3.4284850450e+01
3.4240614364e+01
3.4195996792e+01
3.4151136794e+01
3.4106295353e+01
3.4061472537e+01
3.4016508775e+01
3.3971318527e+01
3.3926147353e+01
3.3880995321e+01
3.3835302820e+01
3.3789554236e+01
3.3743581747e+01
3.3697628351e+01
3.3651694113e+01
3.3605779099e+01
3.3559832472e+01
3.3513378644e+01
3.3466942324e+01
3.3420523569e+01
3.3374122440e+01
3.3327715769e+01
3.3281037147e+01
3.3234047272e+01
3.3186930468e+01
3.3139831146e+01
3.3092671264e+01
3.3045269784e+01
3.2997886181e+01
3.2950520513e+01
3.2902831667e+01
3.2854819635e+01
3.2806808519e+01
3.2758814853e+01
3.2710838693e+01
3.2662880094e+01
3.2614820845e+01
3.2566333668e+01
3.2517865528e+01
3.2469413044e+01
3.2420976265e+01
3.2372529568e+01
3.2323931342e+01
3.2275147487e+01
3.2225980730e+01
3.2176829227e+01
3.2127680255e+01
3.2078456146e+01
3.2029247499e+01
3.1980054360e+01
3.1930530099e+01
3.1880656191e+01
3.1830834556e+01
3.1781068730e+01
3.1731317536e+01
3.1681581016e+01
3.1631859215e+01
3.1581454288e+01
3.1531146678e+01
3.1480852686e+01
3.1430572353e+01
3.1380356848e+01
3.1330211703e+01
3.1279807960e+01
3.1229101970e+01
3.1178407331e+01
3.1127724076e+01
3.1077037984e+01
3.1026315592e+01
3.0975604713e+01
3.0924760046e+01
3.0873690708e+01
3.0822460376e+01
3.0770756979e+01
3.0719534181e+01
3.0668467923e+01
3.0617411593e+01
3.0566365221e+01
3.0514653197e+01
3.0462760497e+01
3.0411194250e+01
3.0359637879e+01
3.0308090289e+01
3.0256551506e+01
3.0205021554e+01
3.0152767505e+01
3.0100786712e+01
3.0049006277e+01
2.9997232076e+01
2.9945464127e+01
2.9893702447e+01
2.9841382182e+01
2.9788747976e+01
2.9736878956e+01
2.9685014602e+01
2.9633154927e+01
2.9580880046e+01
2.9528060660e+01
2.9475545808e+01
2.9423582260e+01
2.9371621740e+01
2.9319664255e+01
2.9266843004e+01
2.9213906354e+01
2.9161433501e+01
2.9109370555e+01
2.9057308837e+01
2.9004860272e+01
2.8951894390e+01
2.8898928796e+01
2.8846735466e+01
2.8794616467e+01
2.8742496962e+01
2.8689503726e+01
2.8636439774e+01
2.8583830133e+01
2.8531574214e+01
2.8479315888e+01
2.8427001889e+01
2.8373878760e+01
2.8320938864e+01
2.8268617199e+01
2.8216291227e+01
2.8163960937e+01
2.8111626318e+01
2.8058415113e+01
2.8005567315e+01
2.7953219242e+01
2.7900863990e+01
2.7848501542e+01
2.7796131881e+01
2.7743754989e+01
2.7690888396e+01
2.7638578265e+01
2.7586258061e+01
2.7533927761e+01
2.7481587339e+01
2.7429236771e+01
2.7376849391e+01
2.7324669387e+01
2.7272468337e+01
2.7220255150e+01
2.7168029799e+01
2.7115792255e+01
2.7063793285e+01
2.7011718905e+01
2.6959598051e+01
2.6907462451e+01
2.6855312068e+01
2.6803212902e+01
2.6752094483e+01
2.6700417745e+01
2.6648488303e+01
2.6596541053e+01
2.6544575956e+01
2.6493001709e+01
2.6441435953e+01
2.6389852262e+01
2.6338466503e+01
2.6287519633e+01
2.6236140331e+01
2.6184740687e+01
2.6133320655e+01
2.6081880189e+01
2.6031355021e+01
2.5980164695e+01
2.5928951329e+01
2.5877714870e+01
2.5826701932e+01
2.5776612738e+01
2.5726228164e+01
2.5675408060e+01
2.5624562362e+01
2.5573691011e+01
2.5523266112e+01
2.5473642273e+01
2.5423470728e+01
2.5373057851e+01
2.5322616330e+01
2.5272146104e+01
2.5222848995e+01
2.5173674895e+01
2.5124271137e+01
2.5074148891e+01
2.5023994458e+01
2.4974252052e+01
2.4924618126e+01
2.4875360782e+01
2.4826594532e+01
2.4777794341e+01
2.4728938710e+01
2.4680000597e+01
2.4631028254e+01
2.4582021605e+01
2.4533278655e+01
2.4485333709e+01
2.4437140658e+01
2.4388910807e+01
2.4340644079e+01
2.4292340397e+01
2.4244470500e+01
2.4196958792e+01
2.4149324985e+01
2.4101651779e+01
2.4053939095e+01
2.4006329140e+01
2.3959160366e+01
2.3911846799e+01
2.3864489697e+01
2.3817088972e+01
2.3770650879e+01
2.3724451253e+01
2.3678208348e+01
2.3631922077e+01
2.3585018980e+01
2.3539213343e+01
2.3493359746e+01
2.3447458091e+01
2.3401508281e+01
2.3355416972e+01
2.3310308199e+01
2.3265148537e+01
2.3219937885e+01
2.3174676142e+01
2.3129363205e+01
2.3084115851e+01
2.3039169548e+01
2.2995101900e+01
2.2950981399e+01
2.2906807940e+01
2.2862454115e+01
2.2818023462e+01
2.2774318909e+01
2.2731017131e+01
2.2687664332e+01
2.2644289378e+01
2.2600859230e+01
2.2557518279e+01
2.2515191471e+01
2.2472830253e+01
2.2430554549e+01
2.2388221912e+01
2.2345832232e+01
2.2303385401e+01
2.2261926538e+01
2.2220979713e+01
2.2179907054e+01
2.2138290059e+01
2.2096609383e+01
2.2054946201e+01
2.2013827759e+01
2.1973676539e+01
2.1933554140e+01
2.1893366464e+01
2.1853113389e+01
2.1813292784e+01
2.1773431910e+01
2.1733821541e+01
2.1695066971e+01
2.1656245285e+01
2.1617798689e+01
2.1579443149e+01
2.1541021084e+01
2.1502532369e+01
2.1464846114e+01
2.1427880152e+01
2.1391198249e+01
2.1354448629e+01
2.1317631168e+01
2.1280133044e+01
2.1242797265e+01
2.1207035981e+01
2.1171576666e+01
2.1136041198e+01
2.1100429437e+01
2.1064741247e+01
2.1029918882e+01
2.0995119645e+01
2.0961155205e+01
2.0927690028e+01
2.0894147289e+01
2.0861340253e+01
2.0828717946e+01
2.0796019566e+01
2.0763342834e+01
2.0732676840e+01
2.0701839533e+01
2.0670421247e+01
2.0638922347e+01
2.0608702155e+01
2.0580131867e+01
2.0551482095e+01
2.0522752700e+01
2.0494252973e+01
2.0468459147e+01
2.0441205276e+01
2.0413860321e+01
2.0386425981e+01
2.0359345533e+01
2.0333996601e+01
2.0311447666e+01
2.0289054110e+01
2.0266572353e+01
2.0244011875e+01
2.0221439669e+01
2.0199648921e+01
2.0181379669e+01
2.0163025427e+01
2.0145296134e+01
2.0127748406e+01
2.0112162727e+01
2.0101083691e+01
2.0089927991e+01
2.0078695495e+01
2.0067386076e+01
2.0056844715e+01
2.0055591706e+01
2.0054277354e+01
2.0049566448e+01
2.0044669851e+01
2.0039673149e+01
2.0041910255e+01
2.0055157391e+01
2.0069224921e+01
2.0083225670e+01
2.0097159525e+01
2.0111026378e+01
2.0124826116e+01
