2.9894392535e+02
2.9890162418e+02
2.9885932301e+02
2.9881702184e+02
2.9877472067e+02
2.9873870064e+02
2.9870285250e+02
2.9866032458e+02
2.9861622563e+02
2.9857637421e+02
2.9853764787e+02
2.9849892154e+02
2.9846050229e+02
2.9842199537e+02
2.9838223743e+02
2.9834247948e+02
2.9830270297e+02
2.9826218900e+02
2.9822167504e+02
2.9818116107e+02
2.9813823511e+02
2.9809254372e+02
2.9804785640e+02
2.9800316908e+02
2.9795848177e+02
2.9791054708e+02
2.9786097556e+02
2.9781140403e+02
2.9776014473e+02
2.9770743170e+02
2.9765471868e+02
2.9760060952e+02
2.9754231345e+02
2.9748248755e+02
2.9742211346e+02
2.9736173937e+02
2.9729683453e+02
2.9723150678e+02
2.9716573928e+02
2.9709686291e+02
2.9702798653e+02
2.9695664753e+02
2.9688267651e+02
2.9680954152e+02
2.9673608635e+02
2.9665985215e+02
2.9658183428e+02
2.9650381641e+02
2.9642145436e+02
2.9633790906e+02
2.9625774231e+02
2.9617761309e+02
2.9609515158e+02
2.9601269006e+02
2.9592778596e+02
2.9584009066e+02
2.9575684532e+02
2.9567359998e+02
2.9558967010e+02
2.9550343843e+02
2.9541781782e+02
2.9533962758e+02
2.9526296655e+02
2.9518670595e+02
2.9510567638e+02
2.9502515017e+02
2.9495048444e+02
2.9488031994e+02
2.9481071159e+02
2.9474447625e+02
2.9467824092e+02
2.9461764758e+02
2.9456666788e+02
2.9451779286e+02
2.9446369744e+02
2.9441251000e+02
2.9437225438e+02
2.9433816248e+02
2.9430638937e+02
2.9428647493e+02
2.9426656049e+02
2.9425023744e+02
2.9425424107e+02
2.9425362255e+02
2.9425256643e+02
2.9426086123e+02
2.9428362330e+02
2.9430907286e+02
2.9434598259e+02
2.9439345174e+02
2.9444092090e+02
2.9450163549e+02
2.9456830352e+02
2.9463497155e+02
2.9473222552e+02
2.9482751382e+02
2.9492226970e+02
2.9502656889e+02
2.9516417183e+02
2.9528975484e+02
