-2.3285303997e-06 -7.8703408689e-10
3.1370462600e-01 -4.0537988463e-07
6.2079045439e-01 -4.2875404876e-07
9.2126199748e-01 9.4156724759e-08
1.2151387110e+00 1.8490937338e-08
1.5024256243e+00 -3.7481611004e-07
1.7831407386e+00 -5.9790866832e-07
2.0572902704e+00 -3.8111724010e-07
2.3248864054e+00 -2.5123917267e-08
2.5859360997e+00 -1.8989414780e-07
2.8404569136e+00 -6.1229172962e-07
3.0884639862e+00 -8.6204114537e-07
3.3299479871e+00 -7.8479061974e-07
3.5649419355e+00 -5.5193703717e-07
3.7934450099e+00 -8.4747521257e-08
4.0154660448e+00 5.3406262029e-07
4.2310235098e+00 3.3549852475e-07
4.4401141134e+00 -8.2934741477e-07
4.6427675228e+00 -1.8309621358e-06
4.8389765846e+00 -1.7867083784e-06
5.0287514591e+00 -9.3905580370e-07
5.2121217760e+00 -6.2413590943e-07
5.3890689522e+00 -1.0724684286e-06
5.5596186422e+00 -1.8336028025e-06
5.7237703814e+00 -1.8133877973e-06
5.8815298932e+00 -1.0967207031e-06
6.0329118477e+00 -7.3088523007e-07
6.1779306641e+00 -1.0830647582e-06
6.3165866819e+00 -1.6143320016e-06
6.4488948757e+00 -2.2471555753e-06
6.5748384457e+00 -2.6931376355e-06
6.6944619949e+00 -3.0087467961e-06
6.8077429318e+00 -2.7257814417e-06
6.9146873517e+00 -2.0856617495e-06
7.0153146783e+00 -1.6389045113e-06
7.1096418891e+00 -1.3760962429e-06
7.1976314922e+00 -1.4048163528e-06
7.2793246903e+00 -1.8418494404e-06
7.3547309710e+00 -2.8008879902e-06
7.4238302459e+00 -3.4112349802e-06
7.4866392744e+00 -2.6484625578e-06
7.5431510328e+00 -1.6202060393e-06
7.5933818858e+00 -1.9358934272e-06
7.6373224967e+00 -3.8798804933e-06
7.6749898436e+00 -4.4673761995e-06
7.7063564999e+00 -3.5179877162e-06
7.7314445592e+00 -2.3465710650e-06
7.7502751003e+00 -2.4246750526e-06
7.7628412317e+00 -3.6159868080e-06
7.7691185033e+00 -4.5102700196e-06
7.7691179976e+00 -4.3148913568e-06
7.7628554468e+00 -3.6194791178e-06
7.7503058916e+00 -3.7159392569e-06
7.7314812105e+00 -3.4387713531e-06
7.7063918461e+00 -3.4095425047e-06
7.6750084793e+00 -3.0469419545e-06
7.6373578740e+00 -2.2374637573e-06
7.5934186253e+00 -2.5696696441e-06
7.5431782138e+00 -3.3191143928e-06
7.4866665116e+00 -3.6602592515e-06
7.4238709582e+00 -3.5094211836e-06
7.3547859295e+00 -2.6561719443e-06
7.2793931213e+00 -2.5827417974e-06
7.1976837323e+00 -3.2099744301e-06
7.1096904336e+00 -3.5223081815e-06
7.0153734618e+00 -3.2698008924e-06
6.9147355523e+00 -2.2845664274e-06
6.8077801453e+00 -1.8158270282e-06
6.6944951881e+00 -1.9299034408e-06
6.5748932025e+00 -1.9783517856e-06
6.4489342784e+00 -1.8080320130e-06
6.3166249093e+00 -8.0269885705e-07
6.1779819133e+00 -4.4958917746e-07
6.0329507831e+00 -2.2283184177e-07
5.8815493673e+00 -3.3011177854e-07
5.7237828596e+00 -5.3086346632e-07
5.5596418478e+00 -3.5977250595e-07
5.3890861541e+00 -5.4693790845e-07
5.2121377224e+00 -8.5546158212e-07
5.0287762408e+00 -8.3365332086e-07
4.8389904446e+00 -5.6218567301e-07
4.6427922428e+00 9.2305906347e-08
4.4401433471e+00 7.3394584899e-07
4.2310405715e+00 5.2061136610e-07
4.0154873162e+00 -2.8799091403e-07
3.7934620835e+00 -3.8139659125e-07
3.5649482242e+00 1.1479552015e-08
3.3299600109e+00 4.2387676548e-07
3.0884659492e+00 5.8227475820e-07
2.8404645990e+00 3.4142584468e-07
2.5859414817e+00 1.1861472880e-07
2.3248880969e+00 -1.9694032234e-07
2.0572937241e+00 -4.1720202034e-07
1.7831416835e+00 -3.4388131178e-07
1.5024316124e+00 -2.1205683086e-09
1.2151408940e+00 1.0560464866e-07
9.2126032556e-01 -1.6678399020e-08
6.2078973719e-01 -3.4643585841e-07
3.1370355458e-01 -4.0315368417e-07
-2.5697421347e-06 -4.6249093202e-11
