2.0078196634e+02
2.0086588733e+02
2.0078745757e+02
2.0086092208e+02
2.0079294881e+02
2.0085595682e+02
2.0079844004e+02
2.0085099157e+02
2.0080308837e+02
2.0084606465e+02
2.0080846821e+02
2.0084115232e+02
2.0081384804e+02
2.0083627702e+02
2.0081922788e+02
2.0083203724e+02
2.0082390052e+02
2.0082767304e+02
2.0082873675e+02
2.0082300629e+02
2.0083392778e+02
2.0081846294e+02
2.0083883567e+02
2.0081455289e+02
2.0084345551e+02
2.0081064284e+02
2.0084778917e+02
2.0080676775e+02
2.0085186118e+02
2.0080363832e+02
2.0085561452e+02
2.0080027322e+02
2.0085936785e+02
2.0079690813e+02
2.0086325235e+02
2.0079392925e+02
2.0086630027e+02
2.0079159296e+02
2.0086930686e+02
2.0078925667e+02
2.0087231344e+02
2.0078674665e+02
2.0087466277e+02
2.0078521360e+02
2.0087651688e+02
2.0078363523e+02
2.0087835723e+02
2.0078204237e+02
2.0088000337e+02
2.0078091406e+02
2.0088083033e+02
2.0078029052e+02
2.0088180357e+02
2.0077961879e+02
2.0088290593e+02
2.0077897453e+02
2.0088300765e+02
2.0077937644e+02
2.0088273881e+02
2.0077977834e+02
2.0088255100e+02
2.0078015304e+02
2.0088209752e+02
2.0078085282e+02
2.0088083949e+02
2.0078200555e+02
2.0087958145e+02
2.0078315829e+02
2.0087832342e+02
2.0078442892e+02
2.0087640014e+02
2.0078640364e+02
2.0087430219e+02
2.0078837836e+02
2.0087220424e+02
2.0079050840e+02
2.0086980882e+02
2.0079328908e+02
2.0086689247e+02
2.0079613540e+02
2.0086405468e+02
2.0079873749e+02
2.0086157732e+02
2.0080146445e+02
2.0085828998e+02
2.0080455164e+02
2.0085493731e+02
2.0080787990e+02
2.0085139066e+02
2.0081124042e+02
2.0084760826e+02
2.0081484457e+02
2.0084386179e+02
2.0081850409e+02
2.0084039555e+02
2.0082216360e+02
2.0083690840e+02
2.0082567544e+02
2.0083316408e+02
2.0082941976e+02
