3.8232727517e+02
3.8227442960e+02
3.8222182863e+02
3.8216987610e+02
3.8212032112e+02
3.8207227876e+02
3.8202895790e+02
3.8198641363e+02
3.8194747304e+02
3.8190855051e+02
3.8187463265e+02
3.8184073635e+02
3.8181152455e+02
3.8178363445e+02
3.8175821126e+02
3.8173628275e+02
3.8171649216e+02
3.8169919756e+02
3.8168476347e+02
3.8167178228e+02
3.8166350466e+02
3.8165685026e+02
3.8165130143e+02
3.8165177966e+02
3.8165341402e+02
3.8165701411e+02
3.8166494936e+02
3.8167483173e+02
3.8168737933e+02
3.8170331394e+02
3.8172191797e+02
3.8174397483e+02
3.8176825892e+02
3.8179544429e+02
3.8182633828e+02
3.8185863491e+02
3.8189477497e+02
3.8193545566e+02
3.8197695606e+02
3.8202136054e+02
3.8207048108e+02
3.8212140195e+02
3.8217519064e+02
3.8223314184e+02
3.8229302214e+02
3.8235595956e+02
3.8242136600e+02
3.8249052436e+02
3.8256306812e+02
3.8263712763e+02
3.8271481749e+02
3.8279576433e+02
3.8287935510e+02
3.8296485083e+02
3.8305397167e+02
3.8314692812e+02
3.8324035606e+02
3.8333793273e+02
3.8343986655e+02
3.8354087653e+02
3.8364665188e+02
3.8375651907e+02
3.8386491476e+02
3.8397880531e+02
3.8409604609e+02
3.8421154624e+02
3.8433194062e+02
3.8445587336e+02
3.8457988467e+02
3.8470862380e+02
3.8483755996e+02
3.8496799592e+02
3.8510342018e+02
3.8523746799e+02
3.8537524562e+02
3.8551723651e+02
3.8565604631e+02
3.8580149666e+02
3.8594588305e+02
3.8609200351e+02
3.8624444221e+02
3.8638945666e+02
3.8654523152e+02
3.8669740930e+02
3.8685069276e+02
3.8701219959e+02
3.8716553375e+02
3.8732861092e+02
3.8748671902e+02
3.8765047215e+02
3.8781397732e+02
3.8797534759e+02
3.8814745940e+02
3.8829515410e+02
3.8849861337e+02
3.8863529500e+02
3.8884558793e+02
3.8889302770e+02
3.8916606582e+02
3.8839278301e+02
