1.1633651664e-03 -8.2676980164e-06
1.8091215547e-03 -1.9478322015e-06
9.0877922123e-05 -5.3235658747e-07
1.8560875061e-03 1.0227477812e-05
1.2629593932e-03 -7.3734861746e-06
1.3068693227e-03 1.2896189571e-05
1.8341994088e-03 -1.5924768793e-05
1.5198530044e-04 2.5810003303e-06
1.8140754719e-03 -1.9991080508e-05
1.1224760615e-03 1.4600085640e-05
1.1961461147e-03 -1.6001786545e-05
1.7954541584e-03 2.7661578313e-05
3.2172215708e-05 -1.0791887007e-08
1.8691921869e-03 3.3130402947e-05
1.2311632001e-03 -2.1703219614e-05
1.3426041063e-03 2.7859319905e-05
1.8238902398e-03 -3.8322154357e-05
2.0796398305e-04 5.5494527870e-06
1.8218835502e-03 -4.5051689719e-05
1.0857756753e-03 2.6086783214e-05
1.2280005271e-03 -3.4950403676e-05
1.7845764589e-03 4.9179546056e-05
3.1535577889e-05 -1.2573024435e-06
1.8751822267e-03 6.2829821543e-05
1.1829552999e-03 -3.7575732262e-05
1.3691578366e-03 5.5983297544e-05
1.7977153669e-03 -6.1269159288e-05
2.6752260339e-04 1.3746675431e-05
1.8177215046e-03 -6.5510811543e-05
1.0509165663e-03 4.2345678278e-05
1.2485021309e-03 -4.7750092030e-05
1.7666885970e-03 7.4387774047e-05
9.0883666362e-05 -2.3860850173e-06
1.8765123613e-03 8.2490107266e-05
1.1420729720e-03 -4.0285620659e-05
1.4039019135e-03 6.5038765051e-05
1.7749708819e-03 -7.5702613714e-05
3.2676503968e-04 1.6313828189e-05
1.8226902538e-03 -9.1464117631e-05
1.0011629392e-03 5.1657685824e-05
1.2838796056e-03 -6.9761336974e-05
1.7421492085e-03 9.4770338906e-05
1.4660191531e-04 -8.4386857237e-06
1.8853196189e-03 1.0894453140e-04
1.0898668787e-03 -6.2323729660e-05
1.4374277883e-03 8.9347051091e-05
1.7452674609e-03 -1.0458087399e-04
3.7932698988e-04 2.5969608208e-05
1.8168950274e-03 -1.1388646494e-04
9.5507093916e-04 6.2705938855e-05
1.3050082688e-03 -8.6048096509e-05
1.7158777154e-03 1.1646901571e-04
2.0540715098e-04 -1.4416478194e-05
1.8761483745e-03 1.3232107247e-04
1.0446238666e-03 -7.2536292014e-05
1.4606784637e-03 1.0738421147e-04
1.7149989816e-03 -1.2387660312e-04
4.3329115916e-04 3.3770255420e-05
1.8075586761e-03 -1.3607657566e-04
9.0850803281e-04 7.1964071478e-05
1.3250583287e-03 -1.0430016494e-04
1.6922791574e-03 1.3767003717e-04
2.5942466462e-04 -2.1377647277e-05
1.8755281371e-03 1.5738757444e-04
9.9617205957e-04 -8.1481733376e-05
1.4797202318e-03 1.2968317587e-04
1.6819299459e-03 -1.4260679984e-04
4.7949598758e-04 4.4996329791e-05
1.7956150180e-03 -1.5795655325e-04
8.5702688216e-04 7.8937306291e-05
1.3418350754e-03 -1.2245382689e-04
1.6647502237e-03 1.5679676184e-04
3.1035604558e-04 -2.9554187321e-05
1.8721106511e-03 1.8477683787e-04
9.4663248025e-04 -9.0245082429e-05
1.4965307721e-03 1.5969592336e-04
1.6489451840e-03 -1.6134363016e-04
5.2761060366e-04 6.0451307383e-05
1.7807016502e-03 -1.7896156008e-04
8.0415326189e-04 8.5713212167e-05
1.3479773988e-03 -1.3980851755e-04
1.6282457515e-03 1.7600161827e-04
3.5538328981e-04 -3.8066071007e-05
1.8602094072e-03 2.0589700987e-04
8.9399558865e-04 -9.5663004675e-05
1.5161779595e-03 1.7306886971e-04
1.6105576407e-03 -1.7696130382e-04
5.7525961901e-04 6.8378822200e-05
1.7664020051e-03 -1.9944391990e-04
7.5649520023e-04 9.0921245471e-05
1.3649025547e-03 -1.5825357988e-04
4.0136629990e-04 -4.7969031800e-05
1.5982119448e-03 1.9466000397e-04
8.4072374873e-04 -1.0136652842e-04
1.8395961442e-03 2.2869383847e-04
1.5719655410e-03 -1.9322803739e-04
1.5226278070e-03 1.9469788226e-04
1.7458758219e-03 -2.1925995754e-04
6.1754398943e-04 8.1967252066e-05
1.3712505159e-03 -1.7741441808e-04
7.0033182473e-04 9.3581444826e-05
4.4495114996e-04 -6.0025389528e-05
1.5571986394e-03 2.1026685460e-04
7.9284817672e-04 -1.0550470080e-04
1.8256551332e-03 2.5175412252e-04
1.5358672184e-03 -2.0789181504e-04
1.5286381586e-03 2.1741114600e-04
1.7237245559e-03 -2.4106986686e-04
6.5780178279e-04 9.6980724968e-05
1.3751807192e-03 -2.0385096575e-04
6.4650674632e-04 9.5287372010e-05
4.8411603887e-04 -7.6227328359e-05
1.5150835714e-03 2.2494816235e-04
7.3003741777e-04 -1.0747598815e-04
1.8046031654e-03 2.7388280046e-04
1.4812106362e-03 -2.1959330837e-04
1.5392421406e-03 2.3838522963e-04
1.6982690409e-03 -2.5650774276e-04
6.9743151694e-04 1.1115909603e-04
1.3815087699e-03 -2.1333169844e-04
5.8721014784e-04 9.4788028303e-05
5.2459481466e-04 -8.3232411996e-05
1.4702673360e-03 2.3862713135e-04
6.8326675570e-04 -1.0819900121e-04
1.7833240892e-03 2.9498279354e-04
1.4453367303e-03 -2.3138425585e-04
1.5367821881e-03 2.5932434420e-04
1.6710610242e-03 -2.7179329121e-04
7.3131961276e-04 1.2694586347e-04
1.3813928777e-03 -2.2892203262e-04
5.3744369265e-04 9.4407141508e-05
5.6126319675e-04 -9.5082028506e-05
1.4298283330e-03 2.5182886981e-04
6.3136337457e-04 -1.0781315462e-04
1.7555332774e-03 3.1556508234e-04
1.4013543343e-03 -2.4163862146e-04
1.5383117860e-03 2.8767990478e-04
1.6438774526e-03 -2.8732512265e-04
7.6546888718e-04 1.4947678708e-04
1.3742785931e-03 -2.4490334226e-04
4.7833052711e-04 9.2314736021e-05
5.9145038492e-04 -1.0782994053e-04
1.3793292182e-03 2.6273802694e-04
5.7701434930e-04 -1.0558507165e-04
1.7239431321e-03 3.3415491592e-04
1.3522742158e-03 -2.4941590566e-04
1.5293066632e-03 3.0447545954e-04
1.6144442547e-03 -3.0299464482e-04
7.9200957386e-04 1.6286529094e-04
1.3690019755e-03 -2.6196059932e-04
6.1982116205e-04 -1.2158012257e-04
4.2543244236e-04 8.6555042743e-05
5.2650392531e-04 -1.0383289915e-04
1.3349441525e-03 2.6916892541e-04
1.3100885575e-03 -2.5850270511e-04
1.6910120324e-03 3.4872591229e-04
1.5816928030e-03 -3.1550045105e-04
1.5235616067e-03 3.1860858961e-04
1.3551383388e-03 -2.7419955205e-04
8.1974107338e-04 1.7435354270e-04
6.4341129577e-04 -1.3268948427e-04
3.7206661108e-04 8.1392736584e-05
4.7677893860e-04 -9.5398081233e-05
1.2893759614e-03 2.8102843706e-04
1.2619922482e-03 -2.5701412742e-04
1.6574259484e-03 3.6582055414e-04
1.5411325149e-03 -3.2558437241e-04
1.5103170824e-03 3.3873790024e-04
1.3532291878e-03 -2.9398568652e-04
8.4224720894e-04 1.9287696565e-04
6.7668750573e-04 -1.5056478855e-04
3.1460933047e-04 7.4000554140e-05
4.2056979923e-04 -9.3817070011e-05
1.2292210947e-03 2.8515896348e-04
1.2040848294e-03 -2.6805248081e-04
1.6225124422e-03 3.8008529946e-04
1.5118062474e-03 -3.3909320326e-04
1.4972507014e-03 3.5428432573e-04
1.3377621420e-03 -3.0921475606e-04
8.5783384074e-04 2.0608071295e-04
6.9272564179e-04 -1.6508197237e-04
2.6082196170e-04 6.4097473570e-05
3.6931146108e-04 -8.6452376543e-05
1.1886831007e-03 2.8982335600e-04
1.1549979441e-03 -2.6949214313e-04
1.5828257254e-03 3.9168314291e-04
1.4715997616e-03 -3.4737515847e-04
1.4823428562e-03 3.7194077334e-04
1.3267567958e-03 -3.1604766428e-04
8.7980366356e-04 2.2438734500e-04
7.1503879060e-04 -1.7253250209e-04
3.2187648604e-04 -7.9008813928e-05
2.0516325582e-04 5.4785092075e-05
1.1119548378e-03 -2.7269143112e-04
1.1294567614e-03 2.9385300929e-04
1.4360663731e-03 -3.5593897236e-04
1.5432508672e-03 4.0568662866e-04
1.3092549093e-03 -3.2854525970e-04
1.4613071857e-03 3.9333804559e-04
7.3019953108e-04 -1.8615304845e-04
8.9060421201e-04 2.4659762824e-04
2.7332165274e-04 -7.1077882025e-05
1.5492950719e-04 4.5197571005e-05
1.0619881512e-03 -2.7366323154e-04
1.0739221127e-03 2.9398010485e-04
1.3975826291e-03 -3.6270666864e-04
1.4971403928e-03 4.1473648415e-04
1.2899474062e-03 -3.3699090228e-04
1.4393350387e-03 4.0743023676e-04
7.4172436157e-04 -1.9585120573e-04
9.0276454846e-04 2.6192015173e-04
2.2586641988e-04 -6.0756154652e-05
1.0559709331e-04 3.3786122219e-05
1.0156439545e-03 -2.7201742113e-04
1.0224653798e-03 2.9612852043e-04
1.3595483567e-03 -3.6820158908e-04
1.4508824030e-03 4.2307663477e-04
1.2693990241e-03 -3.4773831409e-04
1.4128434735e-03 4.1543270102e-04
7.5188156929e-04 -2.0872817091e-04
9.0999295157e-04 2.7093905258e-04
1.8051829484e-04 -5.1557692579e-05
5.7003824490e-05 1.9640817345e-05
9.6601298656e-04 -2.7133243523e-04
9.7067288146e-04 2.9413137880e-04
1.3180086654e-03 -3.7326253447e-04
1.2497412490e-03 -3.5790566238e-04
1.4084373709e-03 4.2986970754e-04
7.6334230068e-04 -2.2181103859e-04
1.3879840057e-03 4.2788972750e-04
1.3485379171e-04 -4.0907730395e-05
9.1395081082e-04 2.8581985900e-04
9.1571830725e-04 -2.6841041874e-04
6.8405887010e-06 4.9920831202e-06
1.2759778203e-03 -3.7654867560e-04
9.1750662863e-04 2.9109483681e-04
1.2265176307e-03 -3.6507060725e-04
1.3625259078e-03 4.3504453650e-04
7.7087496452e-04 -2.3218268599e-04
1.3598932111e-03 4.3807665855e-04
9.5568656836e-05 -3.0509433803e-05
9.1667699857e-04 2.9904538140e-04
8.6955284292e-04 -2.6485996578e-04
2.8910083233e-05 1.1917664113e-05
1.2342229871e-03 -3.7859448169e-04
8.6393908242e-04 2.8644242233e-04
1.2004827780e-03 -3.7275873366e-04
1.3144102117e-03 4.3834295738e-04
7.7255862724e-04 -2.4367314735e-04
1.3294020751e-03 4.4680537342e-04
4.9787127459e-05 -1.7910810221e-05
9.1647113075e-04 3.1152024760e-04
8.1662888696e-04 -2.5868948239e-04
7.1135315477e-05 2.6445890652e-05
1.1906953718e-03 -3.7935765234e-04
1.1777440335e-03 -3.7880695289e-04
8.1396263890e-04 2.8151138582e-04
7.7592743772e-04 -2.5259950745e-04
1.2665480519e-03 4.4045750763e-04
6.8172384412e-06 -4.0957739483e-06
1.2911950056e-03 4.5242675131e-04
7.7498667105e-04 -2.5423625877e-04
9.0687761501e-04 3.2125806914e-04
1.1554048845e-03 -3.8099315221e-04
1.1278171775e-04 4.2066185151e-05
1.1500205614e-03 -3.8173682033e-04
7.6047104613e-04 2.7409342943e-04
7.7056081298e-04 -2.5828345620e-04
1.2149757100e-03 4.4008217775e-04
2.8421144856e-05 -1.1425678366e-05
1.2578278460e-03 4.5866358370e-04
7.3442240666e-04 -2.4971024989e-04
9.0215812861e-04 3.3232642620e-04
1.1111670781e-03 -3.7979199447e-04
1.4726882651e-04 5.6297694944e-05
1.1186100093e-03 -3.8597376685e-04
7.0844272311e-04 2.6560043755e-04
7.7150798470e-04 -2.6980006548e-04
1.1647371453e-03 4.3864232749e-04
6.4617242478e-05 -2.5271467593e-05
1.2225057610e-03 4.6317271079e-04
6.8537978439e-04 -2.4132141395e-04
1.0655502211e-03 -3.7663432342e-04
8.9463595904e-04 3.4211410714e-04
1.0888453718e-03 -3.8801827940e-04
1.7891952006e-04 7.0568753794e-05
7.6650575768e-04 -2.7636024130e-04
6.5731519296e-04 2.5622258595e-04
9.6838342414e-05 -3.7491040440e-05
1.1136211458e-03 4.3590278886e-04
6.3936783283e-04 -2.3332565487e-04
1.1834929712e-03 4.6650402761e-04
1.0222027018e-03 -3.7334712718e-04
8.8161530680e-04 3.5143322621e-04
1.0601010237e-03 -3.8836116477e-04
2.0817755409e-04 8.5710280048e-05
7.6087761555e-04 -2.8071345342e-04
6.0862403604e-04 2.4679738339e-04
1.2454341629e-04 -4.8087746850e-05
1.0625573084e-03 4.3195111809e-04
5.9541396320e-04 -2.2415035901e-04
1.1445087657e-03 4.6815226788e-04
9.8097799231e-04 -3.6954433123e-04
8.6999617944e-04 3.5955992783e-04
1.0294932428e-03 -3.8931025949e-04
7.4978823584e-04 -2.8617528059e-04
2.3364198877e-04 9.9389965680e-05
1.5030393508e-04 -5.9876766233e-05
5.5647277377e-04 2.3453645141e-04
5.5229476281e-04 -2.1434842558e-04
1.0085526622e-03 4.2522113381e-04
9.3756961714e-04 -3.6377690069e-04
1.1048545116e-03 4.6769339283e-04
9.9818349359e-04 -3.8889382405e-04
8.5281201989e-04 3.6419412650e-04
7.3984808229e-04 -2.9085831194e-04
2.5454524651e-04 1.1108186024e-04
1.7087836723e-04 -6.9447626041e-05
5.0998946304e-04 2.2159341707e-04
5.1142269853e-04 -2.0369356909e-04
9.5922222724e-04 4.1758437360e-04
8.9850376184e-04 -3.5822558751e-04
1.0652373656e-03 4.6634474023e-04
9.6830763257e-04 -3.8847204558e-04
8.3719211329e-04 3.6984173539e-04
7.3108929750e-04 -2.9658097687e-04
2.7350891463e-04 1.2315618160e-04
1.9408048729e-04 -8.1476672515e-05
4.7114102504e-04 -1.9372358745e-04
4.6471486845e-04 2.0954355226e-04
8.5526936124e-04 -3.5136045178e-04
9.0886617188e-04 4.0974856752e-04
9.3382132698e-04 -3.8599273570e-04
1.0202330575e-03 4.6091292454e-04
7.1668062745e-04 -2.9978480638e-04
8.1517733546e-04 3.7021963691e-04
2.1428503177e-04 -9.2497825192e-05
2.9056132685e-04 1.3418493994e-04
4.3035992441e-04 -1.8242822628e-04
4.2426455967e-04 1.9822872015e-04
8.0804489188e-04 -3.4132629380e-04
8.6206151521e-04 4.0252543273e-04
8.9638097789e-04 -3.7965708270e-04
9.7642715733e-04 4.5890815742e-04
7.0465748844e-04 -3.0041898601e-04
7.8798117789e-04 3.7996235558e-04
2.3203283273e-04 -1.0090704638e-04
3.0004692490e-04 1.4952328438e-04
3.9203076898e-04 -1.6988697525e-04
7.6634663810e-04 -3.3148138647e-04
3.7637470831e-04 1.8121545226e-04
8.6217538637e-04 -3.7405588754e-04
8.0542616346e-04 3.8641831695e-04
6.8662672510e-04 -2.9978953608e-04
9.3246433407e-04 4.5103991024e-04
2.4491320240e-04 -1.0919587902e-04
7.6824737859e-04 3.7624693056e-04
3.5626239716e-04 -1.6048201732e-04
3.1313973423e-04 1.5622803384e-04
7.2473311741e-04 -3.2409579094e-04
3.3719582246e-04 1.6717630217e-04
8.2421397957e-04 -3.6783050372e-04
7.5698730624e-04 3.7464876454e-04
6.6536662591e-04 -2.9890099024e-04
8.8605568118e-04 4.4129893330e-04
2.5472597059e-04 -1.1714882597e-04
7.4297497675e-04 3.7349178173e-04
3.2019739694e-04 -1.4883869150e-04
6.8178006196e-04 -3.1304255448e-04
3.2123678772e-04 1.6417308724e-04
7.8687846850e-04 -3.5981866153e-04
2.9692160149e-04 1.5265941017e-04
6.4662546197e-04 -2.9772510721e-04
7.0568999873e-04 3.6086745700e-04
2.6434576042e-04 -1.2391713004e-04
8.4032977235e-04 4.3135400282e-04
2.8684159221e-04 -1.3461069280e-04
7.1204695902e-04 3.6775160473e-04
6.4128129777e-04 -2.9898173868e-04
3.2364532108e-04 1.6916586121e-04
7.4923348492e-04 -3.5053407394e-04
2.6053857643e-04 1.3705781247e-04
6.2690949305e-04 -2.9564936812e-04
6.5752424468e-04 3.4492732471e-04
2.7123616640e-04 -1.3046556090e-04
7.9325674567e-04 4.1815287300e-04
2.5322176889e-04 -1.2289488659e-04
5.9972135041e-04 -2.8748895016e-04
6.8365551513e-04 3.6169583491e-04
7.1143626165e-04 -3.4147514855e-04
3.2629303806e-04 1.7426160875e-04
6.0025150608e-04 -2.9115946652e-04
2.2586307694e-04 1.2264289681e-04
2.7341374365e-04 -1.3497800845e-04
6.0993777495e-04 3.2995535859e-04
2.2094987432e-04 -1.0848574516e-04
7.4485703800e-04 4.0459332287e-04
5.5475245432e-04 -2.7003276458e-04
6.4703659816e-04 3.5433375973e-04
6.7008196877e-04 -3.2780737161e-04
3.2184218271e-04 1.7874246607e-04
5.7943856912e-04 -2.8532959180e-04
1.9251919326e-04 1.0843594881e-04
2.7896595782e-04 -1.3931027262e-04
5.6001840252e-04 3.1201764672e-04
1.9126258446e-04 -9.6936278204e-05
5.1327530936e-04 -2.5689393894e-04
6.9484447582e-04 3.8816947016e-04
6.3213203246e-04 -3.1670549673e-04
6.1231380828e-04 3.4371484478e-04
5.5125740418e-04 -2.7786578292e-04
3.1646026005e-04 1.7965429843e-04
2.7382399020e-04 -1.4021474256e-04
1.6109932240e-04 9.2974787369e-05
1.6136330786e-04 -8.4347437790e-05
5.1370877476e-04 2.9327915242e-04
4.7418629125e-04 -2.4274579360e-04
6.4572605695e-04 3.7128716322e-04
5.9047655748e-04 -3.0250724246e-04
5.7470376954e-04 3.3955591068e-04
5.2028967662e-04 -2.6838429645e-04
3.0705116085e-04 1.8695923797e-04
2.6888509757e-04 -1.4100254393e-04
1.3529726799e-04 -7.2807901126e-05
1.2677671097e-04 7.8057277317e-05
4.3283229665e-04 -2.2653633588e-04
4.5564409586e-04 2.7039239299e-04
5.4678195015e-04 -2.8642024212e-04
5.8898061250e-04 3.4838864276e-04
4.8881864314e-04 -2.5789367603e-04
5.3542477285e-04 3.1580786092e-04
2.6197210057e-04 -1.4062638836e-04
2.9659370601e-04 1.7614088421e-04
1.0946033449e-04 -6.1218939442e-05
1.0274713213e-04 6.4653460264e-05
3.9088420832e-04 -2.0974419002e-04
4.1526514756e-04 2.5335699363e-04
5.0267599598e-04 -2.6934759777e-04
4.5372720597e-04 -2.4469993001e-04
5.3717273472e-04 3.2725644414e-04
2.5029597455e-04 -1.3746947418e-04
4.8281454749e-04 3.0048631357e-04
8.5592311667e-05 -4.9988713076e-05
2.7146846192e-04 1.7405509203e-04
3.4929524297e-04 -1.9190224704e-04
7.5015890804e-05 4.9331132178e-05
4.5600233818e-04 -2.4980714563e-04
3.5947383776e-04 2.2212514052e-04
4.1518964937e-04 -2.2911589116e-04
4.7670170602e-04 2.9578987016e-04
2.3547438201e-04 -1.3255151655e-04
4.3561057447e-04 2.7420555910e-04
6.4105866624e-05 -3.9430695889e-05
2.5245865350e-04 1.6179817667e-04
3.0705922458e-04 -1.7245246543e-04
4.0745214672e-04 -2.2744473018e-04
5.3909004730e-05 3.8222270413e-05
3.7340093660e-04 -2.0970746552e-04
3.0781119019e-04 2.0330017137e-04
2.1671789931e-04 -1.2387981361e-04
4.1062396696e-04 2.6614808158e-04
4.6244734405e-05 -2.9011965828e-05
3.7710942214e-04 2.4331472992e-04
2.6870435182e-04 -1.5190484340e-04
2.2331068277e-04 1.4661721888e-04
3.5715221721e-04 -2.0252924738e-04
3.2763486625e-05 2.5425804779e-05
3.2530770241e-04 -1.9048480668e-04
2.5012766030e-04 1.6474776251e-04
1.9167014779e-04 -1.1685853807e-04
2.8199396504e-05 -1.9959295372e-05
3.3865076571e-04 2.2184951854e-04
2.2004713958e-04 -1.2671034804e-04
3.1103523349e-04 2.0488617830e-04
2.9731948002e-04 -1.7274866577e-04
1.8611981687e-04 1.2394293867e-04
2.7467897401e-04 -1.6709865851e-04
1.6643389401e-05 1.3559738391e-05
1.6599891931e-04 -1.0703326387e-04
1.8993908192e-04 1.2726560331e-04
1.2885533540e-05 -1.5787508568e-05
2.5332259958e-04 1.6989521746e-04
1.6334558185e-04 -1.0554579395e-04
2.2874874959e-04 1.5376128268e-04
2.2485232517e-04 -1.3685704356e-04
1.9739208879e-04 -1.1185561954e-04
1.3797818310e-04 9.4820972539e-05
1.1189021045e-04 -6.1095158782e-05
2.7694510369e-06 1.5857396190e-05
5.4609791573e-06 -1.0217774586e-05
1.0990484437e-04 1.1036099529e-04
1.3834647525e-04 -9.0160243634e-05
1.3881321765e-04 1.1592764827e-04
1.5805089222e-04 -9.7197887865e-05
7.5723848673e-05 3.7959814886e-05
8.0643865588e-05 -4.9848586157e-05
1.1586573600e-05 -1.0755005922e-05
1.9181206881e-05 -1.3903051421e-05
-6.5234391276e-06 1.7232974735e-06
-4.0148371393e-06 -1.3209685773e-06
