9.2540784620e-02 -1.8817663885e-02
9.4317948035e-02 -2.0176248854e-02
9.6080673369e-02 -2.1511611455e-02
9.7814970245e-02 -2.2788529850e-02
9.9521860760e-02 -2.4009420739e-02
1.0120122500e-01 -2.5174224975e-02
1.0286315438e-01 -2.6301840486e-02
1.0451247842e-01 -2.7396073538e-02
1.0614651889e-01 -2.8451173547e-02
1.0775007490e-01 -2.9454476209e-02
1.0931608509e-01 -3.0409123155e-02
1.1084399114e-01 -3.1317446014e-02
1.1234343993e-01 -3.2188728070e-02
1.1382277566e-01 -3.3026065439e-02
1.1528183471e-01 -3.3829375893e-02
1.1672133152e-01 -3.4600162189e-02
1.1813429815e-01 -3.5343144921e-02
1.1951285867e-01 -3.6050619930e-02
1.2087526564e-01 -3.6737058107e-02
1.2221504046e-01 -3.7398845608e-02
1.2352928538e-01 -3.8033561516e-02
1.2481783074e-01 -3.8641122612e-02
1.2609793305e-01 -3.9245096978e-02
1.2735924451e-01 -3.9824386448e-02
1.2859185392e-01 -4.0376424607e-02
1.2980772927e-01 -4.0913163470e-02
1.3100667580e-01 -4.1434519641e-02
1.3218849679e-01 -4.1940408610e-02
1.3335741008e-01 -4.2433014995e-02
1.3451496242e-01 -4.2910333277e-02
1.3566026593e-01 -4.3371560694e-02
1.3678968684e-01 -4.3817982005e-02
1.3790617529e-01 -4.4253921449e-02
1.3900821758e-01 -4.4678387860e-02
1.4009571746e-01 -4.5089425122e-02
1.4117490853e-01 -4.5490177691e-02
1.4224557721e-01 -4.5880567995e-02
1.4330750795e-01 -4.6260517546e-02
1.4435939054e-01 -4.6629202260e-02
1.4540127335e-01 -4.6988666656e-02
1.4643205331e-01 -4.7339429853e-02
1.4745151549e-01 -4.7681415567e-02
1.4846202285e-01 -4.8016271534e-02
1.4946741769e-01 -4.8343233716e-02
1.5046570904e-01 -4.8660040675e-02
1.5145585289e-01 -4.8969061001e-02
1.5243974762e-01 -4.9272354379e-02
1.5341491481e-01 -4.9568592212e-02
1.5438399241e-01 -4.9857004446e-02
1.5534766936e-01 -5.0137712638e-02
1.5630659236e-01 -5.0411225982e-02
1.5726152875e-01 -5.0679829563e-02
1.5820579286e-01 -5.0939082058e-02
1.5914802099e-01 -5.1193345544e-02
1.6008599148e-01 -5.1442110843e-02
1.6101731905e-01 -5.1684495567e-02
1.6194242593e-01 -5.1921081656e-02
1.6286743704e-01 -5.2155603464e-02
1.6378794294e-01 -5.2382323278e-02
1.6470151310e-01 -5.2601913984e-02
1.6561148445e-01 -5.2817299702e-02
1.6651761087e-01 -5.3028416077e-02
1.6741968955e-01 -5.3234982030e-02
1.6831912043e-01 -5.3435884120e-02
1.6921614474e-01 -5.3630925700e-02
1.7011078507e-01 -5.3820492277e-02
1.7100328767e-01 -5.4006609276e-02
1.7188983670e-01 -5.4187285097e-02
1.7277439685e-01 -5.4363168284e-02
1.7365827588e-01 -5.4534827330e-02
1.7454021816e-01 -5.4701207979e-02
1.7541895239e-01 -5.4863896840e-02
1.7629706641e-01 -5.5024367656e-02
1.7717180047e-01 -5.5178653828e-02
1.7804353819e-01 -5.5328554582e-02
1.7891201615e-01 -5.5474014210e-02
1.7977758743e-01 -5.5614530945e-02
1.8064347362e-01 -5.5750700172e-02
1.8150903607e-01 -5.5884586014e-02
1.8237237666e-01 -5.6014828285e-02
1.8323426828e-01 -5.6140144686e-02
1.8409474523e-01 -5.6260540154e-02
1.8495523444e-01 -5.6376988262e-02
1.8581471644e-01 -5.6491045359e-02
1.8667087044e-01 -5.6601635017e-02
1.8752522305e-01 -5.6707503362e-02
1.8837949032e-01 -5.6809162887e-02
1.8923338946e-01 -5.6906567697e-02
1.9008663564e-01 -5.6999671427e-02
1.9094101551e-01 -5.7089914105e-02
1.9179118150e-01 -5.7175792092e-02
1.9264237185e-01 -5.7258617291e-02
1.9349255060e-01 -5.7337782069e-02
1.9434119801e-01 -5.7413165070e-02
1.9518922766e-01 -5.7485358835e-02
1.9603910842e-01 -5.7554452181e-02
1.9688768228e-01 -5.7618468372e-02
1.9773520982e-01 -5.7679022951e-02
1.9858197308e-01 -5.7736556876e-02
1.9942761394e-01 -5.7790988467e-02
2.0027260381e-01 -5.7841473179e-02
2.0111822378e-01 -5.7888024662e-02
2.0196417064e-01 -5.7930609252e-02
2.0281087837e-01 -5.7969751845e-02
2.0365730131e-01 -5.8005967979e-02
2.0450146513e-01 -5.8036795312e-02
2.0534707701e-01 -5.8064742937e-02
2.0619182970e-01 -5.8089221328e-02
2.0703495683e-01 -5.8110012014e-02
2.0787938001e-01 -5.8128484607e-02
2.0872616747e-01 -5.8143520236e-02
2.0957045502e-01 -5.8153485497e-02
2.1041434925e-01 -5.8160418151e-02
2.1125752761e-01 -5.8164292445e-02
2.1209989810e-01 -5.8164868161e-02
2.1294297815e-01 -5.8161428161e-02
2.1378671404e-01 -5.8153899905e-02
2.1463077968e-01 -5.8142263789e-02
2.1547727501e-01 -5.8128528944e-02
2.1632074587e-01 -5.8110093267e-02
2.1716366329e-01 -5.8087029558e-02
2.1800821634e-01 -5.8060792079e-02
2.1885224449e-01 -5.8030987917e-02
2.1969454738e-01 -5.7997438988e-02
2.2053878343e-01 -5.7961833351e-02
2.2138473548e-01 -5.7922289828e-02
2.2222840729e-01 -5.7877984202e-02
2.2307146015e-01 -5.7830461761e-02
2.2391354831e-01 -5.7779712725e-02
2.2475494282e-01 -5.7725485660e-02
2.2559738684e-01 -5.7667151201e-02
2.2644064443e-01 -5.7604680805e-02
2.2728528332e-01 -5.7538776701e-02
2.2812792180e-01 -5.7468091864e-02
2.2897063981e-01 -5.7392876746e-02
2.2981381798e-01 -5.7314738134e-02
2.3065538888e-01 -5.7232985474e-02
2.3149500271e-01 -5.7147618965e-02
2.3233776075e-01 -5.7060329374e-02
2.3318020770e-01 -5.6967802478e-02
2.3402052510e-01 -5.6869982979e-02
2.3486045798e-01 -5.6769015456e-02
2.3570026516e-01 -5.6665218023e-02
2.3653934905e-01 -5.6558262606e-02
2.3737798343e-01 -5.6446601368e-02
2.3821629272e-01 -5.6330080439e-02
2.3905408148e-01 -5.6208752470e-02
2.3989403223e-01 -5.6084356496e-02
2.4073157572e-01 -5.5956781191e-02
2.4156632221e-01 -5.5824545936e-02
2.4240155227e-01 -5.5688105541e-02
2.4323688707e-01 -5.5547484451e-02
2.4407194484e-01 -5.5402706738e-02
2.4490640655e-01 -5.5253332286e-02
2.4573979431e-01 -5.5099558414e-02
2.4657156828e-01 -5.4942157925e-02
2.4740135333e-01 -5.4781160710e-02
2.4822877134e-01 -5.4616596305e-02
2.4905588836e-01 -5.4449067509e-02
2.4988403690e-01 -5.4276555223e-02
2.5071076758e-01 -5.4097971061e-02
2.5153576346e-01 -5.3915569716e-02
2.5236080303e-01 -5.3730109775e-02
2.5318413319e-01 -5.3541344184e-02
2.5400468044e-01 -5.3347124437e-02
2.5482268310e-01 -5.3147454039e-02
2.5564141285e-01 -5.2944056200e-02
2.5645840388e-01 -5.2737605836e-02
2.5727297783e-01 -5.2526320873e-02
2.5808600711e-01 -5.2310191145e-02
2.5889947569e-01 -5.2089622466e-02
2.5970815458e-01 -5.1863987273e-02
2.6051546198e-01 -5.1633694112e-02
2.6132167194e-01 -5.1399151890e-02
2.6212437701e-01 -5.1160550899e-02
2.6292337218e-01 -5.0917991608e-02
2.6372784294e-01 -5.0671787123e-02
2.6452547667e-01 -5.0419576928e-02
2.6532009429e-01 -5.0163424679e-02
2.6611198273e-01 -4.9903532420e-02
2.6690085096e-01 -4.9639998865e-02
2.6768899156e-01 -4.9372251200e-02
2.6847424755e-01 -4.9098693680e-02
2.6925640586e-01 -4.8819468021e-02
2.7003697176e-01 -4.8536318684e-02
2.7081549003e-01 -4.8250030839e-02
2.7158876414e-01 -4.7959141673e-02
2.7235904347e-01 -4.7662771372e-02
2.7312592851e-01 -4.7361010977e-02
2.7388979520e-01 -4.7053996009e-02
2.7465466408e-01 -4.6743436629e-02
2.7541188378e-01 -4.6428722952e-02
2.7616619930e-01 -4.6108832117e-02
2.7691720420e-01 -4.5783866665e-02
2.7766448811e-01 -4.5453928856e-02
2.7840911546e-01 -4.5119781307e-02
2.7914975504e-01 -4.4781108493e-02
2.7988654690e-01 -4.4437945507e-02
2.8061877589e-01 -4.4090446520e-02
2.8134624046e-01 -4.3738702711e-02
2.8207441347e-01 -4.3380364669e-02
2.8279400327e-01 -4.3016952672e-02
2.8350918041e-01 -4.2649917214e-02
2.8421955030e-01 -4.2279378306e-02
2.8492471420e-01 -4.1905455763e-02
2.8562867837e-01 -4.1526969879e-02
2.8632689297e-01 -4.1141954252e-02
2.8701823483e-01 -4.0750581523e-02
2.8770487127e-01 -4.0354961267e-02
2.8838873376e-01 -3.9956107418e-02
2.8906910829e-01 -3.9554102884e-02
2.8974276476e-01 -3.9147027298e-02
2.9040998841e-01 -3.8734025206e-02
2.9107039596e-01 -3.8315238413e-02
2.9172806894e-01 -3.7891488145e-02
2.9238264564e-01 -3.7464905409e-02
2.9302804958e-01 -3.7034458476e-02
2.9366756139e-01 -3.6598304121e-02
2.9430079687e-01 -3.6156601461e-02
2.9492736715e-01 -3.5709509501e-02
2.9555193061e-01 -3.5256979213e-02
2.9616922384e-01 -3.4802163668e-02
2.9677828914e-01 -3.4342933881e-02
2.9738181730e-01 -3.3878579247e-02
2.9797942471e-01 -3.3409277002e-02
2.9857010457e-01 -3.2935391958e-02
2.9915514656e-01 -3.2456649308e-02
2.9973107131e-01 -3.1972078888e-02
3.0030048672e-01 -3.1483804836e-02
3.0086303787e-01 -3.0992008803e-02
3.0141836497e-01 -3.0496872520e-02
3.0196610326e-01 -2.9998577786e-02
3.0251075535e-01 -2.9495109808e-02
3.0304768785e-01 -2.8984996542e-02
3.0357424220e-01 -2.8469603101e-02
3.0409335923e-01 -2.7951487785e-02
3.0460574587e-01 -2.7430788926e-02
3.0511047011e-01 -2.6907249466e-02
3.0560614076e-01 -2.6376960100e-02
3.0609557600e-01 -2.5840428907e-02
3.0657577009e-01 -2.5299510818e-02
3.0704703633e-01 -2.4754937293e-02
3.0751199874e-01 -2.4208753095e-02
3.0796758991e-01 -2.3657036164e-02
3.0841695405e-01 -2.3098222002e-02
3.0885758224e-01 -2.2539828861e-02
3.0928792402e-01 -2.1976761116e-02
3.0970774186e-01 -2.1409057163e-02
3.1011671073e-01 -2.0836943849e-02
3.1051924102e-01 -2.0258766106e-02
3.1091684570e-01 -1.9678161792e-02
3.1130297761e-01 -1.9095730016e-02
3.1167908029e-01 -1.8508825981e-02
3.1204484902e-01 -1.7917695921e-02
3.1239997327e-01 -1.7322586469e-02
3.1274655362e-01 -1.6722500999e-02
3.1308625007e-01 -1.6119834493e-02
3.1341461777e-01 -1.5514419439e-02
3.1373352809e-01 -1.4904661393e-02
3.1404245355e-01 -1.4290978301e-02
3.1434038050e-01 -1.3674301246e-02
3.1462755194e-01 -1.3054586765e-02
3.1490666606e-01 -1.2429078794e-02
3.1517365352e-01 -1.1802481457e-02
3.1543113796e-01 -1.1172790385e-02
3.1567886726e-01 -1.0540267776e-02
3.1591658338e-01 -9.9051765229e-03
3.1614576852e-01 -9.2654019088e-03
3.1636181975e-01 -8.6199956631e-03
3.1656495151e-01 -7.9739855798e-03
3.1675824156e-01 -7.3262562726e-03
3.1694145499e-01 -6.6770896007e-03
3.1711472121e-01 -6.0265268362e-03
3.1727923272e-01 -5.3707599828e-03
3.1742945706e-01 -4.7108983049e-03
3.1756696064e-01 -4.0477745913e-03
3.1769726670e-01 -3.3846228957e-03
3.1781506166e-01 -2.7197519138e-03
3.1792027974e-01 -2.0497597438e-03
3.1801758956e-01 -1.3789032193e-03
3.1810077008e-01 -7.0535986334e-04
3.1816945172e-01 -2.9282971466e-05
3.1822357419e-01 6.4904053847e-04
3.1827296385e-01 1.3285380506e-03
3.1830631405e-01 2.0099260793e-03
3.1833147535e-01 2.6949939839e-03
3.1834645436e-01 3.3807767250e-03
3.1834623901e-01 4.0676914982e-03
3.1833067656e-01 4.7554297817e-03
3.1830061723e-01 5.4447541218e-03
3.1826208230e-01 6.1365468210e-03
3.1821588498e-01 6.8301557606e-03
3.1815887183e-01 7.5246866429e-03
3.1808577562e-01 8.2205967360e-03
3.1799639354e-01 8.9176622841e-03
3.1789342054e-01 9.6165006256e-03
3.1778256760e-01 1.0316404269e-02
3.1766382448e-01 1.1016374868e-02
3.1753213612e-01 1.1715996793e-02
3.1738461721e-01 1.2416811779e-02
3.1722118439e-01 1.3118489149e-02
3.1704223029e-01 1.3821624896e-02
3.1685418839e-01 1.4527279119e-02
3.1665895988e-01 1.5233055601e-02
3.1645111924e-01 1.5936205683e-02
3.1622765533e-01 1.6639651676e-02
3.1598852385e-01 1.7343051507e-02
3.1573367354e-01 1.8046061149e-02
3.1546798083e-01 1.8751656496e-02
3.1519419937e-01 1.9457888989e-02
3.1490965859e-01 2.0161304127e-02
3.1460931306e-01 2.0864499675e-02
3.1429314930e-01 2.1567148922e-02
3.1396115605e-01 2.2268900294e-02
3.1361544694e-01 2.2973189960e-02
3.1326258392e-01 2.3676948008e-02
3.1290087820e-01 2.4377299554e-02
3.1252395685e-01 2.5076047301e-02
3.1213146241e-01 2.5773449495e-02
3.1172343140e-01 2.6469145779e-02
3.1129989124e-01 2.7165550931e-02
3.1086749374e-01 2.7863518860e-02
3.1042762626e-01 2.8557650689e-02
3.0997277599e-01 2.9249411758e-02
3.0950232943e-01 2.9939119985e-02
3.0901636477e-01 3.0626412316e-02
3.0851466185e-01 3.1312651511e-02
3.0800298474e-01 3.2000004003e-02
3.0748439974e-01 3.2684818198e-02
3.0695238106e-01 3.3365411520e-02
3.0640418733e-01 3.4043231811e-02
3.0583993872e-01 3.4717915578e-02
3.0526023701e-01 3.5390157675e-02
3.0467095158e-01 3.6062294325e-02
3.0407376807e-01 3.6733625022e-02
3.0346604999e-01 3.7401264519e-02
3.0284187066e-01 3.8065119275e-02
3.0220121094e-01 3.8725123332e-02
3.0154522760e-01 3.9381271112e-02
3.0087958332e-01 4.0035079041e-02
3.0020502408e-01 4.0686322378e-02
2.9952183853e-01 4.1333975898e-02
2.9882266241e-01 4.1978320668e-02
2.9810691542e-01 4.2619167257e-02
2.9737480645e-01 4.3256159405e-02
2.9663403718e-01 4.3891447094e-02
2.9588205166e-01 4.4520182456e-02
2.9511520777e-01 4.5144891280e-02
2.9434131224e-01 4.5768219259e-02
2.9355313964e-01 4.6386076164e-02
2.9274991124e-01 4.6997856106e-02
2.9193254096e-01 4.7603035062e-02
2.9110511431e-01 4.8204489388e-02
2.9026850309e-01 4.8803428079e-02
2.8942302817e-01 4.9399483074e-02
2.8856298399e-01 4.9991974402e-02
2.8768480674e-01 5.0577267181e-02
2.8679895780e-01 5.1155159367e-02
2.8590306024e-01 5.1729628101e-02
2.8499277361e-01 5.2300983829e-02
2.8407222520e-01 5.2867488951e-02
2.8314330278e-01 5.3426900993e-02
2.8220032076e-01 5.3979472116e-02
2.8124466072e-01 5.4527582138e-02
2.8027667796e-01 5.5070853292e-02
2.7929689819e-01 5.5608610128e-02
2.7830389109e-01 5.6141552609e-02
2.7730072605e-01 5.6667291710e-02
2.7628814153e-01 5.7185605298e-02
2.7526658102e-01 5.7696146985e-02
2.7423434645e-01 5.8199623482e-02
2.7318969951e-01 5.8698115863e-02
2.7213352312e-01 5.9191360138e-02
2.7106628451e-01 5.9679026330e-02
2.6998223885e-01 6.0157510860e-02
2.6889467759e-01 6.0631662129e-02
2.6779479974e-01 6.1100293653e-02
2.6668264087e-01 6.1560068163e-02
2.6556260709e-01 6.2012232858e-02
2.6443523338e-01 6.2456460755e-02
2.6329588887e-01 6.2891071372e-02
2.6214435777e-01 6.3319671389e-02
2.6098213666e-01 6.3742725139e-02
2.5980794241e-01 6.4158632753e-02
2.5862029487e-01 6.4563380715e-02
2.5743160910e-01 6.4963395752e-02
2.5623015213e-01 6.5356072594e-02
2.5501653083e-01 6.5739760164e-02
2.5379573873e-01 6.6115197601e-02
2.5256692366e-01 6.6481944263e-02
2.5132172011e-01 6.6840173695e-02
2.5007081269e-01 6.7193169481e-02
2.4881122132e-01 6.7536062208e-02
2.4754233382e-01 6.7867826712e-02
2.4626562098e-01 6.8188670283e-02
2.4498054259e-01 6.8502064193e-02
2.4368499222e-01 6.8808435170e-02
2.4237963982e-01 6.9107544130e-02
2.4106515139e-01 6.9399146966e-02
2.3973519909e-01 6.9678834575e-02
2.3840358130e-01 6.9952479040e-02
2.3705925186e-01 7.0214199130e-02
2.3570798501e-01 7.0465544842e-02
2.3435052025e-01 7.0706285617e-02
2.3298213994e-01 7.0935508285e-02
2.3160406957e-01 7.1157177785e-02
2.3021946524e-01 7.1372187072e-02
2.2882511014e-01 7.1575916524e-02
2.2742184042e-01 7.1766641477e-02
2.2601265534e-01 7.1945603665e-02
2.2459682757e-01 7.2116209975e-02
2.2317042709e-01 7.2277295619e-02
2.2173423140e-01 7.2428701781e-02
2.2028901534e-01 7.2570264546e-02
2.1883658277e-01 7.2702351024e-02
2.1737589501e-01 7.2823181202e-02
2.1590772936e-01 7.2931703367e-02
2.1443294344e-01 7.3027783395e-02
2.1295239308e-01 7.3111281787e-02
2.1145927567e-01 7.3181843245e-02
2.0995841045e-01 7.3244155750e-02
2.0845174177e-01 7.3298413960e-02
2.0693452371e-01 7.3338431686e-02
2.0540997217e-01 7.3362505060e-02
2.0388273877e-01 7.3374871806e-02
2.0234822424e-01 7.3378369153e-02
2.0080212649e-01 7.3369929149e-02
1.9924532845e-01 7.3349499315e-02
1.9768435376e-01 7.3319555275e-02
1.9611456025e-01 7.3274841553e-02
1.9453468490e-01 7.3217315319e-02
1.9295010788e-01 7.3147108216e-02
1.9135844090e-01 7.3062185770e-02
1.8976065640e-01 7.2962529100e-02
1.8815393291e-01 7.2847913100e-02
1.8653789240e-01 7.2722210745e-02
1.8491490920e-01 7.2586346381e-02
1.8328244640e-01 7.2437317852e-02
1.8163991070e-01 7.2269628066e-02
1.7999218501e-01 7.2084749461e-02
1.7834076624e-01 7.1887734530e-02
1.7668008738e-01 7.1677912509e-02
1.7501118524e-01 7.1455365572e-02
1.7333509754e-01 7.1220171412e-02
1.7164142324e-01 7.0964402011e-02
1.6994521285e-01 7.0698023701e-02
1.6823846291e-01 7.0415409553e-02
1.6652329504e-01 7.0113792656e-02
1.6480448477e-01 6.9796711516e-02
1.6308318604e-01 6.9464303480e-02
1.6134660309e-01 6.9112715463e-02
1.5960026253e-01 6.8747379876e-02
1.5784421929e-01 6.8367496343e-02
1.5607602719e-01 6.7965216500e-02
1.5430161959e-01 6.7541072389e-02
1.5252420049e-01 6.7101769082e-02
1.5073621226e-01 6.6647209761e-02
1.4893881932e-01 6.6177659188e-02
1.4712999847e-01 6.5692369688e-02
1.4529496441e-01 6.5179907987e-02
1.4346491785e-01 6.4645886443e-02
1.4162622784e-01 6.4094000249e-02
1.3977788085e-01 6.3524319457e-02
1.3792109459e-01 6.2937172843e-02
1.3603547520e-01 6.2323169100e-02
1.3415010840e-01 6.1685402096e-02
1.3225735993e-01 6.1027301280e-02
1.3035099799e-01 6.0346998702e-02
1.2843225027e-01 5.9644898456e-02
1.2650234951e-01 5.8921402073e-02
1.2454279129e-01 5.8161147573e-02
1.2257428264e-01 5.7390922645e-02
1.2059318462e-01 5.6584746523e-02
1.1860465670e-01 5.5751895128e-02
1.1661006436e-01 5.4892867987e-02
1.1460534874e-01 5.4008218879e-02
1.1257652269e-01 5.3094259052e-02
1.1052798445e-01 5.2149615498e-02
1.0846106498e-01 5.1174864596e-02
1.0636676934e-01 5.0156558830e-02
1.0426460114e-01 4.9103917082e-02
1.0215667925e-01 4.8028742234e-02
1.0002544866e-01 4.6914601826e-02
9.7872143706e-02 4.5762125959e-02
9.5698006661e-02 4.4571944615e-02
9.3504287798e-02 4.3344687648e-02
9.1273235188e-02 4.2054654908e-02
8.9012000353e-02 4.0755991279e-02
8.6723852302e-02 3.9391959022e-02
8.4423952094e-02 3.7983523820e-02
8.2113766161e-02 3.6531468349e-02
7.9794773944e-02 3.5036576920e-02
7.7468467947e-02 3.3499635476e-02
7.5096575884e-02 3.1867175862e-02
7.2673471285e-02 3.0161081356e-02
7.0267962778e-02 2.8442864727e-02
6.7851623318e-02 2.6680570144e-02
6.5413853884e-02 2.4866669769e-02
6.2955441660e-02 2.3002119232e-02
6.0466092980e-02 2.1056745513e-02
