4.2886566714e+02
4.2870727853e+02
4.2855046275e+02
4.2840036930e+02
4.2825338462e+02
4.2812333761e+02
4.2798748870e+02
4.2786995948e+02
4.2775151180e+02
4.2764429159e+02
4.2754707085e+02
4.2744242823e+02
4.2736289244e+02
4.2728250409e+02
4.2721063692e+02
4.2714768109e+02
4.2708212769e+02
4.2704076320e+02
4.2700116877e+02
4.2696701650e+02
4.2694089586e+02
4.2691477522e+02
4.2691232185e+02
4.2691207744e+02
4.2691850924e+02
4.2693223489e+02
4.2694596054e+02
4.2698414046e+02
4.2702317385e+02
4.2707075894e+02
4.2712720782e+02
4.2718083077e+02
4.2725989313e+02
4.2733636134e+02
4.2742429802e+02
4.2752559985e+02
4.2762030648e+02
4.2773494188e+02
4.2785204842e+02
4.2797657406e+02
4.2811640829e+02
4.2825624252e+02
4.2840750755e+02
4.2856043518e+02
4.2872291434e+02
4.2889728122e+02
4.2907289038e+02
4.2926440968e+02
4.2944910857e+02
4.2964657419e+02
4.2985133197e+02
4.3006271827e+02
4.3028697516e+02
4.3049958423e+02
4.3072696904e+02
4.3095986288e+02
4.3120131227e+02
4.3145047729e+02
4.3169051771e+02
4.3194145983e+02
4.3219344311e+02
4.3246507762e+02
4.3272215921e+02
4.3298793981e+02
4.3325865550e+02
4.3354041133e+02
4.3381194862e+02
4.3408439571e+02
4.3436322729e+02
4.3464924181e+02
4.3494127075e+02
4.3521680545e+02
4.3549739799e+02
4.3578370478e+02
4.3608313424e+02
4.3636615596e+02
4.3664251194e+02
4.3692184813e+02
4.3721790725e+02
4.3751079255e+02
4.3777850545e+02
4.3804604641e+02
4.3832897317e+02
4.3862596129e+02
4.3888714471e+02
4.3913381165e+02
4.3939173745e+02
4.3967989687e+02
4.3994148951e+02
4.4015648942e+02
4.4035669062e+02
4.4063607357e+02
4.4091533249e+02
4.4106652636e+02
4.4115416355e+02
4.4144452651e+02
4.4158926684e+02
4.4148403044e+02
4.4082716578e+02
4.4017030112e+02
