1.7571339629e+02
1.7589117033e+02
1.7606530713e+02
1.7623041334e+02
1.7638858842e+02
1.7654217845e+02
1.7669139007e+02
1.7683148308e+02
1.7696661889e+02
1.7709998375e+02
1.7721968612e+02
1.7733910986e+02
1.7745065628e+02
1.7755718062e+02
1.7766114550e+02
1.7775408559e+02
1.7784422444e+02
1.7792985785e+02
1.7800859782e+02
1.7808505191e+02
1.7815058226e+02
1.7821568725e+02
1.7827567258e+02
1.7832817285e+02
1.7837760079e+02
1.7841988275e+02
1.7845984054e+02
1.7849473621e+02
1.7852148006e+02
1.7854700676e+02
1.7856812223e+02
1.7858256711e+02
1.7859145776e+02
1.7859978150e+02
1.7860071496e+02
1.7859575847e+02
1.7859092300e+02
1.7857860995e+02
1.7856011037e+02
1.7853898498e+02
1.7851434159e+02
1.7848439498e+02
1.7844855033e+02
1.7840938069e+02
1.7836929036e+02
1.7832217352e+02
1.7826629364e+02
1.7821372141e+02
1.7815357224e+02
1.7808538197e+02
1.7801841310e+02
1.7794540142e+02
1.7786459166e+02
1.7778216093e+02
1.7769559652e+02
1.7760472939e+02
1.7750952184e+02
1.7740578246e+02
1.7730234641e+02
1.7719518876e+02
1.7707628125e+02
1.7696056445e+02
1.7683745715e+02
1.7670579919e+02
1.7657848608e+02
1.7644069461e+02
1.7629828933e+02
1.7615437769e+02
1.7600299538e+02
1.7585053899e+02
1.7568792001e+02
1.7552811468e+02
1.7536181795e+02
1.7518661048e+02
1.7501903143e+02
1.7483499263e+02
1.7465220954e+02
1.7447116562e+02
1.7427977230e+02
1.7409179535e+02
1.7389599360e+02
1.7370316568e+02
1.7350273696e+02
1.7330611563e+02
1.7311755078e+02
1.7290731643e+02
1.7272055228e+02
1.7252443527e+02
1.7233230986e+02
1.7216100464e+02
1.7196854581e+02
1.7181528477e+02
1.7164966563e+02
1.7150170744e+02
1.7141585587e+02
1.7128149949e+02
1.7131427604e+02
1.7124041073e+02
1.7161093170e+02
1.7282096567e+02
