3.1003228547e+02
3.1051315673e+02
3.0955063745e+02
3.1098708952e+02
3.0906873496e+02
3.1146100404e+02
3.0858612137e+02
3.1193912116e+02
3.0810347729e+02
3.1242043127e+02
3.0762941695e+02
3.1290206401e+02
3.0715676880e+02
3.1338855867e+02
3.0668080881e+02
3.1387502109e+02
3.0619795920e+02
3.1435736898e+02
3.0571506304e+02
3.1483654344e+02
3.0524308989e+02
3.1531588424e+02
3.0477353851e+02
3.1580244153e+02
3.0430134159e+02
3.1628898241e+02
3.0382254127e+02
3.1677539937e+02
3.0334369368e+02
3.1726204104e+02
3.0287130687e+02
3.1774871538e+02
3.0240074779e+02
3.1822977313e+02
3.0193007831e+02
3.1871071312e+02
3.0145879413e+02
3.1919503787e+02
3.0098745281e+02
3.1968362292e+02
3.0051658431e+02
3.2017224293e+02
3.0004587000e+02
3.2065736840e+02
2.9957594343e+02
3.2114227478e+02
2.9910835961e+02
3.2162747869e+02
2.9864070649e+02
3.2211338282e+02
2.9817267325e+02
3.2259932978e+02
2.9770446414e+02
3.2308612038e+02
2.9723706545e+02
3.2357301395e+02
2.9677274569e+02
3.2406058876e+02
2.9630834560e+02
3.2454965162e+02
2.9584373011e+02
3.2503876744e+02
2.9537899484e+02
3.2552497633e+02
2.9491462513e+02
3.2601072221e+02
2.9445168846e+02
3.2649705040e+02
2.9398866237e+02
3.2698481952e+02
2.9352732035e+02
3.2747264301e+02
2.9306701947e+02
3.2796164553e+02
3.2845092869e+02
2.9260705356e+02
3.2893954201e+02
2.9214945836e+02
3.2942697621e+02
2.9169176756e+02
3.2991447725e+02
2.9123303508e+02
3.3040231662e+02
2.9077353306e+02
3.3089027085e+02
2.9031454459e+02
3.3137840053e+02
2.8986304438e+02
3.3186743935e+02
2.8941143774e+02
3.3235654758e+02
2.8895766744e+02
3.3284681064e+02
2.8850203317e+02
3.3333751184e+02
2.8804657975e+02
3.3382464992e+02
2.8759733659e+02
3.3429905875e+02
2.8714797528e+02
3.3477353209e+02
2.8669851373e+02
3.3526623590e+02
2.8624898287e+02
3.3576685508e+02
2.8579937458e+02
3.3626455541e+02
2.8535161066e+02
3.3675002471e+02
2.8490359674e+02
3.3723557760e+02
2.8445783266e+02
3.3772420963e+02
2.8401482257e+02
3.3821446992e+02
2.8357172097e+02
3.3870421348e+02
2.8313067671e+02
3.3919109404e+02
2.8268951593e+02
3.3967806092e+02
2.8224667734e+02
3.4016583201e+02
3.4065411829e+02
2.8180153991e+02
3.4114207410e+02
2.8135629830e+02
3.4162743633e+02
2.8092505905e+02
3.4211289317e+02
2.8049520844e+02
3.4260093617e+02
2.8006068223e+02
3.4309088905e+02
2.7961844521e+02
3.4358042867e+02
2.7917610140e+02
3.4406360228e+02
2.7874718895e+02
3.4454687433e+02
2.7832025825e+02
3.4503349161e+02
2.7789065247e+02
3.4552300579e+02
2.7745588177e+02
3.4601239438e+02
2.7702099465e+02
3.4649634166e+02
2.7659577951e+02
3.4698039667e+02
2.7617246615e+02
3.4746548875e+02
2.7574798365e+02
3.4795161474e+02
2.7532093791e+02
3.4843781870e+02
3.4892665609e+02
2.7489376683e+02
3.4941578023e+02
2.7447290074e+02
3.4990094106e+02
2.7405361699e+02
3.5038131132e+02
2.7363358333e+02
3.5086177568e+02
2.7321166249e+02
3.5134169281e+02
2.7278960137e+02
3.5182173558e+02
2.7237130004e+02
3.5230485297e+02
2.7195408145e+02
3.5279224856e+02
2.7153794621e+02
3.5327971982e+02
2.7112634249e+02
3.5376114765e+02
2.7071459188e+02
3.5424211804e+02
2.7029925025e+02
3.5472468052e+02
2.6988191682e+02
3.5520981264e+02
3.5569503611e+02
2.6946732455e+02
3.5617604554e+02
2.6906676333e+02
3.5665657831e+02
2.6866604190e+02
3.5713746556e+02
2.6825719536e+02
3.5761891625e+02
2.6784358861e+02
3.5810046775e+02
2.6743279720e+02
3.5858092598e+02
2.6704189803e+02
3.5906135438e+02
2.6665083143e+02
3.5954142305e+02
2.6624882681e+02
3.6002042465e+02
2.6583943044e+02
3.6049953381e+02
2.6543189715e+02
3.6097773357e+02
2.6504509137e+02
3.6145587612e+02
3.6193354379e+02
2.6465810912e+02
3.6240952663e+02
2.6426620358e+02
3.6288561687e+02
2.6387014882e+02
3.6336755954e+02
2.6347427435e+02
3.6385188428e+02
2.6308610144e+02
3.6433326816e+02
2.6269774888e+02
3.6480333672e+02
2.6231311350e+02
3.6527352781e+02
2.6193144522e+02
3.6574580761e+02
2.6154949099e+02
3.6621918754e+02
2.6116139491e+02
3.6669327428e+02
3.6717021075e+02
2.6077310863e+02
3.6764725154e+02
2.6039217288e+02
3.6812339601e+02
2.6001857889e+02
3.6859935947e+02
2.5964474979e+02
3.6907489198e+02
2.5926516865e+02
3.6954673605e+02
2.5888521781e+02
3.7001871290e+02
2.5850910293e+02
3.7048690650e+02
2.5813733555e+02
3.7095284131e+02
2.5776532009e+02
3.7141976940e+02
2.5739776960e+02
3.7189527221e+02
3.7237089140e+02
2.5703036988e+02
3.7284043719e+02
2.5666331396e+02
3.7330566750e+02
2.5629645381e+02
3.7377141472e+02
2.5592934021e+02
3.7424418005e+02
2.5556806858e+02
3.7471707698e+02
2.5520734183e+02
3.7518617402e+02
2.5484731367e+02
3.7565211628e+02
2.5448821193e+02
3.7611822257e+02
3.7658487871e+02
2.5412884905e+02
3.7705167477e+02
2.5377378609e+02
3.7751675175e+02
2.5341931086e+02
3.7798017233e+02
2.5306594911e+02
3.7844375146e+02
2.5271463398e+02
3.7890664498e+02
2.5236304905e+02
3.7936965443e+02
2.5201530067e+02
3.7983278155e+02
2.5166829223e+02
3.8029620936e+02
3.8075980272e+02
2.5132198114e+02
3.8122172778e+02
2.5097719720e+02
3.8168365747e+02
2.5063213458e+02
3.8214374035e+02
2.5029175551e+02
3.8260128738e+02
2.4995263286e+02
3.8305900016e+02
2.4961397109e+02
3.8351919076e+02
2.4927660057e+02
3.8397982408e+02
2.4893894352e+02
3.8443915685e+02
3.8489635442e+02
2.4860545885e+02
3.8535372582e+02
2.4827339104e+02
3.8580887636e+02
2.4794177231e+02
3.8626375752e+02
2.4761186980e+02
3.8671831043e+02
2.4728167145e+02
3.8717225903e+02
2.4695649807e+02
3.8762638619e+02
2.4663348627e+02
3.8807932666e+02
3.8853210648e+02
2.4630994284e+02
3.8898402789e+02
2.4598381133e+02
3.8943381105e+02
2.4565737157e+02
3.8988377456e+02
2.4534054297e+02
3.9033374938e+02
2.4502886323e+02
3.9078384130e+02
2.4471617050e+02
3.9123316321e+02
2.4439690469e+02
3.9168009960e+02
3.9212722376e+02
2.4407732405e+02
3.9257329137e+02
2.4376706188e+02
3.9301906679e+02
2.4346277669e+02
3.9346393362e+02
2.4315764685e+02
3.9390512908e+02
2.4284433271e+02
3.9434651444e+02
2.4253069046e+02
3.9479016501e+02
3.9523493856e+02
2.4222780230e+02
3.9567779270e+02
2.4193312788e+02
3.9611068002e+02
2.4163775844e+02
3.9654375752e+02
2.4132896020e+02
3.9698335553e+02
2.4101980890e+02
3.9742659141e+02
2.4072284758e+02
3.9786829107e+02
3.9829897667e+02
2.4043690358e+02
3.9872985903e+02
2.4015074310e+02
3.9916385389e+02
2.3985488506e+02
3.9959993122e+02
2.3955867239e+02
4.0003556964e+02
2.3926863916e+02
4.0046559005e+02
2.3898521831e+02
4.0089581656e+02
4.0132449795e+02
2.3870147530e+02
4.0175203139e+02
2.3842015816e+02
4.0217950297e+02
2.3813848496e+02
4.0260300432e+02
2.3785863525e+02
4.0302671572e+02
2.3758117621e+02
4.0344993674e+02
2.3730339382e+02
4.0387272607e+02
4.0429562534e+02
2.3702264601e+02
4.0471295999e+02
2.3674110699e+02
4.0513051052e+02
2.3646650615e+02
4.0554746904e+02
2.3620234379e+02
4.0596377734e+02
2.3593783324e+02
4.0638029047e+02
4.0679330217e+02
2.3566887560e+02
4.0720646976e+02
2.3539884391e+02
4.0761677650e+02
2.3513275872e+02
4.0802344451e+02
2.3487389042e+02
4.0843032736e+02
2.3461465739e+02
4.0883690895e+02
2.3435233657e+02
4.0924373945e+02
4.0964690598e+02
2.3408891635e+02
4.1004455219e+02
2.3383002561e+02
4.1044242065e+02
2.3358108231e+02
4.1084027274e+02
2.3333173969e+02
4.1123839958e+02
2.3308239571e+02
4.1163404269e+02
4.1202515587e+02
2.3283256035e+02
4.1241650313e+02
2.3258510171e+02
4.1280155846e+02
2.3234435617e+02
4.1318571021e+02
2.3210318880e+02
4.1356886082e+02
2.3186303304e+02
4.1394963813e+02
4.1433065612e+02
2.3162263035e+02
4.1470856989e+02
2.3138508409e+02
4.1508602296e+02
2.3115748846e+02
4.1546032735e+02
2.3092943351e+02
4.1582623955e+02
2.3070256407e+02
4.1619241144e+02
4.1655459033e+02
2.3047555438e+02
4.1691580213e+02
2.3025083302e+02
4.1727501515e+02
2.3003668979e+02
4.1762739144e+02
2.2982203343e+02
4.1798004405e+02
4.1832636014e+02
2.2961306151e+02
4.1867051979e+02
2.2940613202e+02
4.1901278755e+02
2.2920076772e+02
4.1934671511e+02
2.2900592657e+02
4.1968094827e+02
2.2881049625e+02
4.2000474847e+02
4.2032396012e+02
2.2862430112e+02
4.2064154048e+02
2.2844253799e+02
4.2094930079e+02
2.2826338877e+02
4.2125739413e+02
2.2810737591e+02
4.2155702051e+02
2.2795065806e+02
4.2185226400e+02
4.2214415387e+02
2.2781142638e+02
4.2240945372e+02
2.2768295649e+02
4.2267514633e+02
2.2755587995e+02
4.2292597891e+02
2.2745298492e+02
4.2316734751e+02
4.2340666998e+02
2.2734920226e+02
4.2361823918e+02
2.2732772908e+02
4.2383030300e+02
2.2736969804e+02
4.2396670993e+02
2.2739860210e+02
4.2404427457e+02
4.2413667654e+02
2.2714009338e+02
4.2456930165e+02
2.2687963984e+02
4.2500297181e+02
2.2822708068e+02
4.2373093009e+02
2.3107591266e+02
4.2087503922e+02
4.1801863325e+02
2.3392549788e+02
