1.5346011970e-03 7.7273854874e-07
1.5705299601e-03 4.7702949985e-06
9.9258544314e-04 -1.3553988255e-06
1.1111551089e-03 7.3063727469e-06
8.8066581187e-05 9.3815652624e-07
1.3848503001e-04 2.4287071012e-06
1.0808765740e-03 -6.0550005561e-06
9.5775516463e-04 5.5313105924e-06
1.5615633880e-03 -1.3486274858e-05
1.5237521221e-03 1.5118106392e-05
1.5403692177e-03 -1.7771633275e-05
1.5860798905e-03 2.3787503908e-05
1.0172567958e-03 -1.4459777651e-05
1.1428355162e-03 2.1175903515e-05
3.4465131260e-05 4.8299105451e-07
1.8420586057e-04 5.3749062244e-06
1.0451221084e-03 -1.7128249567e-05
9.2422400878e-04 2.0677951754e-05
1.5434567831e-03 -3.0680736789e-05
1.5138540161e-03 3.6645396559e-05
1.5447557796e-03 -3.5852322485e-05
1.5940602345e-03 4.2767189390e-05
1.0471745154e-03 -2.7165769974e-05
1.1704481411e-03 3.5618965566e-05
3.6263907638e-05 -2.9769829967e-07
2.3493495376e-04 9.5436308261e-06
1.0065541299e-03 -2.9309673132e-05
8.9252106810e-04 3.0089567041e-05
1.5234957428e-03 -4.8789141921e-05
1.5018127563e-03 5.3463077421e-05
1.5454322015e-03 -5.3670381642e-05
1.6024511250e-03 6.1709528586e-05
1.0706682846e-03 -4.0038171215e-05
1.1997704839e-03 5.0349733606e-05
8.8153895414e-05 -3.0376079453e-06
2.8046963839e-04 1.4680158653e-05
9.6884662493e-04 -3.8543127339e-05
8.5806814675e-04 4.0185907908e-05
1.5011021444e-03 -6.4661070667e-05
1.4884304619e-03 7.1754109236e-05
1.5429281165e-03 -7.2432569015e-05
1.6033748072e-03 8.4751225470e-05
1.0915176029e-03 -5.5302876709e-05
1.2229347571e-03 7.4543905075e-05
1.3129135865e-04 -7.0379291491e-06
3.2782468844e-04 2.4489295287e-05
9.3300217173e-04 -4.8767960495e-05
8.1480616533e-04 4.7566956814e-05
1.4853692969e-03 -8.1735205495e-05
1.4643640219e-03 8.7272623182e-05
1.5409628183e-03 -8.8937459823e-05
1.6087803099e-03 1.0109449512e-04
1.1070165770e-03 -6.6802217719e-05
1.2488836292e-03 8.2364311144e-05
1.7919707765e-04 -1.1278075348e-05
3.7285392430e-04 2.7810778022e-05
8.9427716167e-04 -5.7234369447e-05
7.8095667282e-04 5.5439510930e-05
1.4591176007e-03 -9.7063837745e-05
1.4505773885e-03 1.0450156742e-04
1.5326481606e-03 -1.0613911863e-04
1.6051832274e-03 1.2211942388e-04
1.1261986499e-03 -8.1531343202e-05
2.2450969828e-04 -1.7224539458e-05
1.2662296374e-03 1.0524157668e-04
8.5271674110e-04 -6.3348721350e-05
4.1496869499e-04 3.9229346333e-05
1.4336432877e-03 -1.1075912520e-04
7.3322695135e-04 6.1459132929e-05
1.5249075797e-03 -1.2471035429e-04
1.4213377916e-03 1.1954613594e-04
1.1388221998e-03 -9.8923645397e-05
1.6046257420e-03 1.4010112174e-04
2.6780382719e-04 -2.4786389368e-05
1.2860301629e-03 1.1771794677e-04
8.1020504001e-04 -7.0841546673e-05
4.5764941738e-04 4.5701937010e-05
1.4040136912e-03 -1.2532084588e-04
6.9465530341e-04 6.7460935351e-05
1.5131369213e-03 -1.3859251908e-04
1.3989383818e-03 1.3549580644e-04
1.1512318956e-03 -1.0897629610e-04
1.5937930795e-03 1.5749554751e-04
3.1074952938e-04 -3.0521395593e-05
1.2978440037e-03 1.3277062388e-04
7.6993675904e-04 -7.2505362205e-05
4.9837339043e-04 5.4627938805e-05
1.3758318671e-03 -1.3508670453e-04
6.5118145802e-04 7.0741979829e-05
1.5021792196e-03 -1.5564628982e-04
1.3697393725e-03 1.4837176822e-04
1.1643020064e-03 -1.2517340118e-04
1.5857586949e-03 1.7575410560e-04
3.5669660968e-04 -4.0158715754e-05
1.3137740713e-03 1.5024561962e-04
7.2719076243e-04 -8.0486549208e-05
5.3738466127e-04 6.5338307618e-05
1.3416318383e-03 -1.5065522498e-04
6.0550559699e-04 7.4028712461e-05
1.4856319240e-03 -1.6988740373e-04
1.3404772819e-03 1.6226213382e-04
1.1630413218e-03 -1.3638415879e-04
1.5760493527e-03 1.9400685355e-04
3.8797850585e-04 -4.7231679396e-05
1.3226899880e-03 1.6816219590e-04
6.7852792659e-04 -8.2330323075e-05
5.7226438089e-04 7.6973565666e-05
1.3028070472e-03 -1.6024918447e-04
5.6283103156e-04 7.5649266547e-05
1.4692721471e-03 -1.8444397303e-04
1.3122962694e-03 1.7435357264e-04
1.1775522254e-03 -1.5194727294e-04
1.5601899653e-03 2.1230375493e-04
4.2405199809e-04 -5.6886619349e-05
1.3323303488e-03 1.8826917589e-04
6.3584457672e-04 -8.4333954594e-05
6.0703918102e-04 9.0919472527e-05
1.2729047379e-03 -1.7057472592e-04
5.1191472285e-04 7.6259172236e-05
1.4507525522e-03 -1.9842466545e-04
1.2743558500e-03 1.8595567497e-04
1.1807014925e-03 -1.6577221975e-04
1.5447156052e-03 2.2962229280e-04
4.5607136537e-04 -6.6351937039e-05
1.3377221650e-03 2.0331248468e-04
5.9221314911e-04 -8.5424736603e-05
6.3936792935e-04 1.0157128947e-04
1.2388875726e-03 -1.7991807505e-04
4.6795172620e-04 7.5911295788e-05
1.4312551589e-03 -2.1126468454e-04
1.1798747994e-03 -1.7743572655e-04
1.2436648665e-03 1.9689972470e-04
4.8572262478e-04 -7.5225392872e-05
1.5285760862e-03 2.4591167433e-04
5.4678718371e-04 -8.5266962715e-05
1.3391264293e-03 2.1987397758e-04
1.1988549274e-03 -1.8757970381e-04
6.6761601618e-04 1.1417804009e-04
1.4058770236e-03 -2.2284522010e-04
4.2139284444e-04 7.4513589467e-05
1.1892624936e-03 -1.9187233291e-04
1.2073779564e-03 2.0674715762e-04
5.2089880062e-04 -8.6374083728e-05
1.5054989839e-03 2.6142090697e-04
5.0289108344e-04 -8.4236346444e-05
1.3372973112e-03 2.4006767319e-04
1.1643558865e-03 -1.9505304648e-04
6.9477564051e-04 1.3085060937e-04
1.3881397905e-03 -2.3586201674e-04
3.7390971732e-04 7.1845713784e-05
1.1790761484e-03 -2.0368661996e-04
1.1689510923e-03 2.1465288697e-04
5.4022717302e-04 -9.5980155226e-05
1.4836102484e-03 2.7651564510e-04
4.5927693087e-04 -8.2231043801e-05
1.3354895430e-03 2.5619209619e-04
1.1271166494e-03 -2.0102782528e-04
7.2026560417e-04 1.4397765509e-04
1.3612208759e-03 -2.4620872173e-04
3.2442290067e-04 6.7563746877e-05
1.1758482187e-03 -2.1629838715e-04
1.1223519778e-03 2.2156334872e-04
5.6611103477e-04 -1.0700256204e-04
1.4573138500e-03 2.8991044762e-04
4.1619968858e-04 -7.9344740210e-05
1.3321461633e-03 2.6846531265e-04
1.0886214284e-03 -2.0594612363e-04
7.4257623726e-04 1.5411219722e-04
1.3353141911e-03 -2.5612820737e-04
2.8010197652e-04 6.2261565779e-05
1.1694293021e-03 -2.2834680895e-04
1.0917597070e-03 2.2865244385e-04
5.8723176341e-04 -1.1779894929e-04
3.7220576818e-04 -7.5399830680e-05
1.4292110528e-03 3.0218385261e-04
1.0496506261e-03 -2.0991705114e-04
1.3227930442e-03 2.8622879831e-04
1.3083807875e-03 -2.6513469663e-04
7.6499423386e-04 1.7135028695e-04
1.1617595994e-03 -2.3981483013e-04
2.3283004185e-04 5.6350223668e-05
6.0792044500e-04 -1.2884466506e-04
1.0435055816e-03 2.3287707606e-04
3.3003420777e-04 -7.0923879705e-05
1.4001574784e-03 3.1413118718e-04
1.0087639831e-03 -2.1276923887e-04
1.3166603948e-03 3.0230680614e-04
1.2793095111e-03 -2.7306344368e-04
7.8406541284e-04 1.8668963324e-04
1.1524534612e-03 -2.4982429220e-04
1.8422246271e-04 4.8301151039e-05
6.2523859375e-04 -1.3873300184e-04
1.0001756569e-03 2.3572532300e-04
2.8720694525e-04 -6.5443001628e-05
1.3689699826e-03 3.2438633435e-04
9.6892358735e-04 -2.1526246290e-04
1.3011913508e-03 3.1189964236e-04
1.2493604049e-03 -2.7997283146e-04
7.9524608976e-04 1.9516771847e-04
1.1402683047e-03 -2.5825967904e-04
1.4104742368e-04 4.0135665710e-05
6.4121715499e-04 -1.4804268486e-04
9.6401121790e-04 2.3952436496e-04
2.4768404326e-04 -5.9516461795e-05
1.3391023727e-03 3.3430073600e-04
9.2772488694e-04 -2.1625812686e-04
1.2177453932e-03 -2.8591001953e-04
1.2850310276e-03 3.2498081347e-04
1.1268068162e-03 -2.6739938564e-04
8.0657468657e-04 2.0889250005e-04
6.5349952292e-04 -1.5807650634e-04
9.7182470027e-05 3.1144396635e-05
2.0616682348e-04 -5.2451734937e-05
9.2067063543e-04 2.4102450835e-04
8.9016703215e-04 -2.1694479707e-04
1.3037106537e-03 3.4232628203e-04
1.1912182094e-03 -2.9222233787e-04
1.2678992655e-03 3.3665808371e-04
1.1132984359e-03 -2.7612059363e-04
8.1712997381e-04 2.2182779881e-04
6.6209827905e-04 -1.6736585711e-04
5.0569752594e-05 2.0286711858e-05
1.6567379494e-04 -4.4771964209e-05
8.7454822835e-04 2.4037364499e-04
8.5585144585e-04 -2.1768025215e-04
1.2689300561e-03 3.4963238562e-04
1.1606675460e-03 -2.9698971924e-04
1.2506832897e-03 3.4892962587e-04
1.0998841310e-03 -2.8469217736e-04
8.2552625873e-04 2.3548624976e-04
6.7614404846e-04 -1.7833029152e-04
8.9929761264e-06 9.6388658513e-06
1.2668367296e-04 -3.6705808287e-05
8.2911477883e-04 2.3911156622e-04
8.0862973168e-04 -2.1464031040e-04
1.1248483890e-03 -2.9988452451e-04
1.2317421283e-03 3.5552591689e-04
1.0805137638e-03 -2.9094958671e-04
1.2306902661e-03 3.5893562228e-04
6.7972501672e-04 -1.8627988968e-04
8.3016729721e-04 2.4699260139e-04
8.8246086297e-05 -2.7862404197e-05
2.6226747986e-05 1.4844820566e-05
7.7094486104e-04 -2.1290406759e-04
7.8549360404e-04 2.3743316780e-04
1.0938014327e-03 -3.0308317987e-04
1.1948434537e-03 3.6059196218e-04
1.0634823686e-03 -2.9755963180e-04
1.2069368038e-03 3.6683758001e-04
6.8678387461e-04 -1.9547411845e-04
8.3138692587e-04 2.5705493857e-04
5.4255481215e-05 -1.9467875414e-05
6.4818650677e-05 2.6777133075e-05
7.3145176037e-04 -2.0988454045e-04
7.4250412905e-04 2.3368684461e-04
1.0595703617e-03 -3.0473416414e-04
1.1569927596e-03 3.6380333043e-04
1.0451210900e-03 -3.0333254454e-04
1.1847800058e-03 3.7605666050e-04
6.9120983892e-04 -2.0393540728e-04
8.3388753798e-04 2.6928716147e-04
1.6354056798e-05 -9.2617605239e-06
6.9247902092e-04 -2.0622643267e-04
9.6395688104e-05 3.7989652878e-05
1.0258595210e-03 -3.0581310459e-04
6.9484945777e-04 2.2865486862e-04
1.0254681327e-03 -3.0820881246e-04
1.1168139461e-03 3.6638138836e-04
6.9525273954e-04 -2.1220065009e-04
1.1573572760e-03 3.8358219146e-04
3.4066831555e-05 -1.4916519132e-05
8.2898128554e-04 2.8013340526e-04
6.5260925776e-04 -2.0146525591e-04
1.3293753606e-04 5.1854026732e-05
9.8941216528e-04 -3.0532883790e-04
6.5200812421e-04 2.2360827798e-04
1.0031131021e-03 -3.1181907596e-04
1.0743706439e-03 3.6700953371e-04
6.9607119659e-04 -2.1954506385e-04
1.1287304239e-03 3.9039596013e-04
6.5547046032e-05 -2.5222677798e-05
8.2796874981e-04 2.9298114109e-04
6.1688466753e-04 -1.9713501069e-04
1.6422118326e-04 6.5224928829e-05
9.5701640306e-04 -3.0529116116e-04
9.7894720773e-04 -3.1440040481e-04
6.0690161989e-04 2.1705382946e-04
6.9081185124e-04 -2.2508345351e-04
1.0314296343e-03 3.6638483478e-04
9.3349081600e-05 -3.5096319241e-05
1.1005396987e-03 3.9352244939e-04
5.8013619706e-04 -1.9174228964e-04
8.2337683592e-04 2.9876434997e-04
9.2295111193e-04 -3.0411380681e-04
1.9070810124e-04 7.5669748074e-05
9.5528276499e-04 -3.1701516134e-04
5.6460544960e-04 2.0981251268e-04
6.8755637833e-04 -2.3170406178e-04
9.9148727327e-04 3.6548263924e-04
1.1889242423e-04 -4.5104120838e-05
1.0696896631e-03 3.9705187549e-04
5.4299398221e-04 -1.8551904308e-04
8.1247896551e-04 3.0633692237e-04
8.8715088603e-04 -3.0170241418e-04
2.1615526756e-04 8.7866830397e-05
9.3094384616e-04 -3.1904997514e-04
5.2237399046e-04 2.0159818935e-04
6.8658039200e-04 -2.3901330489e-04
1.4556408115e-04 -5.6007176515e-05
9.4835195171e-04 3.6237962312e-04
5.0425124315e-04 -1.7796701694e-04
1.0372581935e-03 3.9845485080e-04
8.5059331973e-04 -2.9822379644e-04
8.0068474450e-04 3.1172201719e-04
9.0527922440e-04 -3.2014282489e-04
2.3743361470e-04 9.8499927005e-05
6.7408313553e-04 -2.4246837170e-04
4.8359656497e-04 1.9358917542e-04
1.6448024174e-04 -6.4643029150e-05
9.0854154228e-04 3.5957402487e-04
4.6804725642e-04 -1.7069279777e-04
1.0033750911e-03 3.9925059637e-04
8.1373034459e-04 -2.9390594909e-04
7.8881933508e-04 3.1822366067e-04
8.7873981760e-04 -3.1930632494e-04
2.5625964188e-04 1.0952520748e-04
6.7186710478e-04 -2.4749777005e-04
1.8613267490e-04 -7.3770833639e-05
4.4030421250e-04 1.8296605526e-04
4.3510348424e-04 -1.6356828687e-04
8.6435874500e-04 3.5405067733e-04
7.8118406626e-04 -2.9025320636e-04
9.7095872127e-04 3.9975556656e-04
8.5150582610e-04 -3.1800824918e-04
7.7434865869e-04 3.2331963647e-04
6.6043617327e-04 -2.4996938798e-04
2.7208701002e-04 1.1965205634e-04
2.0659008767e-04 -8.3266977353e-05
3.9803432573e-04 1.7173803222e-04
3.9934198128e-04 -1.5483826344e-04
8.1902002853e-04 3.4700796998e-04
7.4166955523e-04 -2.8342354446e-04
9.3636777091e-04 3.9755842812e-04
8.2432729316e-04 -3.1601427986e-04
7.5855619328e-04 3.2536648720e-04
6.4887620674e-04 -2.5167444831e-04
2.1887949189e-04 -8.9884868592e-05
2.8730256563e-04 1.2861086371e-04
3.6594360978e-04 -1.4622377919e-04
3.6213329825e-04 1.6141715296e-04
7.0857829812e-04 -2.7824830284e-04
7.7816012922e-04 3.4023519563e-04
7.9627554044e-04 -3.1384780923e-04
8.9782253831e-04 3.9361003997e-04
6.3479575144e-04 -2.5453000991e-04
7.3984866572e-04 3.2827343438e-04
2.3118080828e-04 -9.8568639070e-05
2.9805959509e-04 1.3799712451e-04
3.3305471526e-04 -1.3793916239e-04
3.2389596920e-04 1.4996818428e-04
6.7040084532e-04 -2.7093792627e-04
7.3536112912e-04 3.3214049704e-04
7.6252990876e-04 -3.0893838419e-04
8.6066157882e-04 3.8971430793e-04
6.2074956726e-04 -2.5454952758e-04
2.4253013031e-04 -1.0510337381e-04
7.1559607357e-04 3.2904856305e-04
3.0131688176e-04 -1.2872634206e-04
3.0491938017e-04 1.4592954857e-04
6.3475570997e-04 -2.6329540330e-04
2.8777775079e-04 1.3839329902e-04
7.3177945239e-04 -3.0421714522e-04
6.9071804789e-04 3.2256459843e-04
6.0497610158e-04 -2.5490354258e-04
8.1980089872e-04 3.8290553462e-04
2.5061978276e-04 -1.1121034753e-04
6.9419361196e-04 3.2787853876e-04
2.7012612694e-04 -1.1887787850e-04
3.1254280141e-04 1.5300657706e-04
6.0067726994e-04 -2.5528863840e-04
2.5250083461e-04 1.2522179773e-04
7.0500056465e-04 -2.9988420166e-04
5.8666458177e-04 -2.5265343917e-04
6.4630699006e-04 3.1005404460e-04
2.5576089692e-04 -1.1556343836e-04
7.7973153018e-04 3.7500291275e-04
2.3970190879e-04 -1.0887050081e-04
6.6993925681e-04 3.2521768625e-04
5.6271416104e-04 -2.4535078512e-04
3.1666892845e-04 1.5885289708e-04
6.6990223085e-04 -2.9236773499e-04
2.1882974031e-04 1.1278446021e-04
5.6903117951e-04 -2.5170760594e-04
6.0155852845e-04 2.9775755782e-04
2.6202858744e-04 -1.2171820384e-04
7.3733131922e-04 3.6540397339e-04
2.1109663642e-04 -9.9812580447e-05
6.4371835340e-04 3.2193267262e-04
5.2611293057e-04 -2.3585649058e-04
6.3623010249e-04 -2.8491971010e-04
3.1741306339e-04 1.6390031637e-04
5.4730292695e-04 -2.4818502083e-04
1.8462528360e-04 9.9290813354e-05
2.6349605640e-04 -1.2549105429e-04
5.5593698824e-04 2.8368197314e-04
1.8350668858e-04 -9.0797385780e-05
6.9571428451e-04 3.5494395192e-04
4.8893266907e-04 -2.2560535725e-04
6.1447916655e-04 3.1644273297e-04
5.9927710412e-04 -2.7508261171e-04
3.1451825516e-04 1.6718331696e-04
5.2391487727e-04 -2.4250919820e-04
1.5450416566e-04 8.6885585529e-05
2.6206056292e-04 -1.2693373403e-04
1.5693769734e-04 -8.0506818041e-05
5.1227957171e-04 2.6935663588e-04
4.5561289203e-04 -2.1488279607e-04
6.4920098896e-04 3.4101198947e-04
5.6514330975e-04 -2.6566435094e-04
5.7984707333e-04 3.0729242928e-04
4.9723825506e-04 -2.3711841182e-04
3.0735940707e-04 1.6799753580e-04
2.5783391383e-04 -1.2926102383e-04
1.2526335806e-04 7.4082494808e-05
1.3194427668e-04 -7.1513847656e-05
4.6686776715e-04 2.5295864638e-04
4.1797948658e-04 -2.0274017242e-04
6.0095743401e-04 3.2488440209e-04
5.2718812230e-04 -2.5410538723e-04
4.7078309705e-04 -2.2945905291e-04
5.4272762002e-04 2.9600994351e-04
2.5279853431e-04 -1.2921784318e-04
2.9720854971e-04 1.6720196520e-04
1.0749600990e-04 -6.1718352777e-05
9.8051555736e-05 6.1707502126e-05
3.8050275936e-04 -1.8947937198e-04
4.2016323307e-04 2.3476627701e-04
4.8777253799e-04 -2.4080082636e-04
5.4968403242e-04 3.0581107807e-04
4.4205130052e-04 -2.2053188314e-04
5.0026503048e-04 2.8090499231e-04
2.4514299092e-04 -1.2834977004e-04
2.8142419399e-04 1.6311499214e-04
8.3805988315e-05 -5.2194806748e-05
3.4221838474e-04 -1.7544554828e-04
7.2908373363e-05 4.9423078041e-05
4.4833972390e-04 -2.2708890303e-04
3.7239054992e-04 2.1417057452e-04
4.0750099200e-04 -2.0899546836e-04
4.9505582207e-04 2.8341507764e-04
2.3019697239e-04 -1.2460738179e-04
4.5447361999e-04 2.6381397753e-04
6.2205681540e-05 -4.3820161057e-05
2.6222968328e-04 1.5798478426e-04
3.0278015230e-04 -1.6088262256e-04
4.9009619655e-05 3.8108245214e-05
4.0122422210e-04 -2.0969486043e-04
3.1942392738e-04 1.9061273852e-04
3.7085515796e-04 -1.9603031923e-04
2.1604573384e-04 -1.2089035835e-04
4.3268303550e-04 2.5617312924e-04
4.1779311684e-05 -3.5652095985e-05
4.0152650532e-04 2.4195823336e-04
2.6343184900e-04 -1.4533332371e-04
2.3601918454e-04 1.4861619991e-04
3.5428317410e-04 -1.9113033606e-04
2.5419382815e-05 2.6205185291e-05
3.2681273350e-04 -1.7891100250e-04
2.6208525661e-04 1.6235863173e-04
1.9297591552e-04 -1.1295341131e-04
3.6183304852e-04 2.2118390426e-04
2.4356989484e-05 -2.8935357406e-05
2.1880302946e-04 -1.2670941875e-04
3.3637013927e-04 2.0910954969e-04
2.9881518766e-04 -1.6808303876e-04
1.9983353706e-04 1.3029962730e-04
2.7607285844e-04 -1.5948384753e-04
7.2938577823e-06 1.8497087981e-05
1.6354491223e-04 -1.0334783693e-04
1.9844787120e-04 1.3398998313e-04
5.2607247442e-06 -2.1689428053e-05
2.7294727416e-04 1.7777906666e-04
1.6623466289e-04 -1.0295844380e-04
2.4716029558e-04 1.5991232099e-04
2.3053247009e-04 -1.3648988198e-04
2.1296409898e-04 -1.2707473016e-04
1.4322270436e-04 9.8132179480e-05
1.2600985822e-04 -8.4364526985e-05
-9.1133348451e-06 1.4327930178e-05
-1.1888556413e-05 -2.6111670788e-05
1.2311477668e-04 1.0380352380e-04
1.1150989328e-04 -1.1289782818e-04
1.5564354373e-04 1.1825335875e-04
1.3724527645e-04 -1.1419879449e-04
8.4600246160e-05 6.4132258788e-05
4.6709752205e-05 -4.3892484183e-05
1.1557874720e-05 1.6496339242e-05
-2.8401183356e-05 1.8175924836e-06
-2.7751459667e-05 7.3517499288e-06
-2.2038042845e-05 -7.3840955321e-06
