-4.0161313059e-05 -7.2590405665e-05
2.0729361894e-01 6.9106284786e-04
4.0843011414e-01 2.6451422514e-03
6.0342048863e-01 5.8483933423e-03
7.9229901741e-01 1.0256654940e-02
9.7515193599e-01 1.5805655551e-02
1.1520124345e+00 2.2442112247e-02
1.3229571740e+00 3.0111558205e-02
1.4880352639e+00 3.8781742173e-02
1.6473044779e+00 4.8384341696e-02
1.8008299887e+00 5.8887838699e-02
1.9486723673e+00 7.0236471091e-02
2.0908928826e+00 8.2387351334e-02
2.2275477561e+00 9.5295495286e-02
2.3587018404e+00 1.0891139461e-01
2.4844196834e+00 1.2319860706e-01
2.6047615896e+00 1.3810704392e-01
2.7197880144e+00 1.5359106494e-01
2.8295558261e+00 1.6961749313e-01
2.9341443093e+00 1.8612825019e-01
3.0335927067e+00 2.0309576266e-01
3.1279733113e+00 2.2047018931e-01
3.2173516819e+00 2.3822108577e-01
3.3017733970e+00 2.5627568862e-01
3.3813095549e+00 2.7462248217e-01
3.4560237439e+00 2.9319909906e-01
3.5259686943e+00 3.1202561215e-01
3.5911870741e+00 3.3093763335e-01
3.6517595117e+00 3.5001019434e-01
3.7077368897e+00 3.6915820563e-01
3.7591723270e+00 3.8831655234e-01
3.8061174436e+00 4.0748823559e-01
3.8486323210e+00 4.2660679752e-01
3.8867733916e+00 4.4563802003e-01
3.9205857457e+00 4.6454081402e-01
3.9501221538e+00 4.8326880211e-01
3.9754513833e+00 5.0178958924e-01
3.9966109863e+00 5.2005903452e-01
4.0136359037e+00 5.3802910123e-01
4.0266081940e+00 5.5566660929e-01
4.0355586318e+00 5.7293198066e-01
4.0405345778e+00 5.8977838766e-01
4.0415915871e+00 6.0616240393e-01
4.0387734144e+00 6.2205299830e-01
4.0321376876e+00 6.3740466653e-01
4.0217168328e+00 6.5217128938e-01
4.0075686496e+00 6.6632326035e-01
3.9897319461e+00 6.7980161778e-01
3.9682569985e+00 6.9259578693e-01
3.9432002408e+00 7.0464786325e-01
3.9146103255e+00 7.1592191377e-01
3.8825061664e+00 7.2633010317e-01
3.8469644080e+00 7.3595037571e-01
3.8080488376e+00 7.4462173546e-01
3.7657821361e+00 7.5238838102e-01
3.7202133590e+00 7.5915916158e-01
3.6714067774e+00 7.6494508826e-01
3.6194235677e+00 7.6967604365e-01
3.5642914590e+00 7.7334082537e-01
3.5060968004e+00 7.7588427624e-01
3.4448920693e+00 7.7729262242e-01
3.3807242232e+00 7.7753043716e-01
3.3136599037e+00 7.7656289173e-01
3.2437708579e+00 7.7436467353e-01
3.1711246463e+00 7.7091356303e-01
3.0957882142e+00 7.6618637006e-01
3.0178365595e+00 7.6015716374e-01
2.9373419698e+00 7.5280080454e-01
2.8543971934e+00 7.4411840128e-01
2.7690829929e+00 7.3407790090e-01
2.6815006147e+00 7.2267620590e-01
2.5917170813e+00 7.0990212815e-01
2.4998577654e+00 6.9575490169e-01
2.4060134592e+00 6.8024061723e-01
2.3103129152e+00 6.6333874272e-01
2.2128724034e+00 6.4508508061e-01
2.1138111927e+00 6.2547004313e-01
2.0132947514e+00 6.0454668450e-01
1.9114256969e+00 5.8229746522e-01
1.8083808625e+00 5.5878713324e-01
1.7043666381e+00 5.3399081283e-01
1.5995349813e+00 5.0810230939e-01
1.4940237822e+00 4.8097833206e-01
1.3881801793e+00 4.5284267033e-01
1.2821410324e+00 4.2369208025e-01
1.1762113408e+00 3.9367031915e-01
1.0706339712e+00 3.6281780285e-01
9.6579066178e-01 3.3130416802e-01
8.6202909922e-01 2.9924140118e-01
7.5964599456e-01 2.6692874847e-01
6.5918117704e-01 2.3416517953e-01
5.6133885119e-01 2.0165935888e-01
4.6650120214e-01 1.6939272177e-01
3.7556832613e-01 1.3785372234e-01
2.8937911746e-01 1.0727376260e-01
2.0923195080e-01 7.8280165378e-02
1.3675287663e-01 5.1582892162e-02
7.4023625796e-02 2.8146576523e-02
2.5375706123e-02 9.2513650594e-03
-5.4522892215e-04 -2.5594294313e-04
