-7.6655460570e-06 4.2638155462e-11
2.9560334614e-01 -1.3390148243e-07
5.8497373985e-01 -1.1443274282e-07
8.6810998251e-01 4.5199951522e-08
1.1450347595e+00 4.0013272414e-07
1.4157500412e+00 9.5848195295e-07
1.6802664777e+00 1.3355582654e-06
1.9385956179e+00 1.3936491839e-06
2.1907586072e+00 1.6545199931e-06
2.4367461811e+00 2.1675185718e-06
2.6765862253e+00 2.6615569970e-06
2.9102804960e+00 3.0019683624e-06
3.1378339383e+00 3.2871147286e-06
3.3592710258e+00 3.4569432554e-06
3.5745934571e+00 3.3237612659e-06
3.7838098711e+00 3.2819590210e-06
3.9869333583e+00 3.6737379619e-06
4.1839673731e+00 4.4327022568e-06
4.3749272563e+00 4.9943498526e-06
4.5598152057e+00 5.2125255070e-06
4.7386501173e+00 5.1750423292e-06
4.9114315267e+00 5.3614269191e-06
5.0781572312e+00 5.8036815954e-06
5.2388762941e+00 6.4053629723e-06
5.3935637915e+00 6.6807115897e-06
5.5422266576e+00 6.6195517673e-06
5.6848895349e+00 6.4806650932e-06
5.8215476256e+00 6.4692275762e-06
5.9522013663e+00 6.3625610178e-06
6.0768724857e+00 5.8527988220e-06
6.1955637608e+00 4.8260092548e-06
6.3082838189e+00 3.5668821002e-06
6.4150331868e+00 2.0360660493e-06
6.5158103660e+00 1.5698816544e-06
6.6106368637e+00 1.0185496725e-06
6.6995124801e+00 -4.4294205129e-07
6.7824417492e+00 -3.2339514359e-06
6.8593981532e+00 -5.4649224704e-06
6.9304138740e+00 -5.9300642165e-06
6.9955072355e+00 -4.0328760192e-06
7.0546779704e+00 -1.4800339372e-06
7.1079551123e+00 -2.9249154760e-06
7.1553313173e+00 -6.9700440627e-06
7.1967443826e+00 -1.3249461561e-05
7.2322169905e+00 -1.7360493556e-05
7.2617828207e+00 -1.5834210682e-05
7.2854320082e+00 -1.5589540239e-05
7.3031668988e+00 -1.8438093404e-05
7.3149833031e+00 -2.4194066088e-05
7.3209222898e+00 -2.8973615835e-05
7.3209314573e+00 -3.0509860124e-05
7.3150242765e+00 -2.9921160516e-05
7.3032020045e+00 -2.9805271722e-05
7.2854642787e+00 -3.1449195535e-05
7.2618064566e+00 -3.2988457899e-05
7.2322428417e+00 -3.3258291346e-05
7.1967564132e+00 -3.3022932675e-05
7.1553480989e+00 -3.2760400557e-05
7.1080230534e+00 -3.2489750247e-05
7.0547753617e+00 -3.2663572607e-05
6.9955896813e+00 -3.2976968772e-05
6.9304871067e+00 -3.2674555313e-05
6.8594376727e+00 -3.2304472998e-05
6.7824422377e+00 -3.1384413326e-05
6.6995130202e+00 -3.0846313432e-05
6.6106332479e+00 -3.0829181065e-05
6.5158140386e+00 -3.0555706598e-05
6.4150250802e+00 -3.0191676811e-05
6.3082640104e+00 -2.9214374056e-05
6.1955574965e+00 -2.8468867593e-05
6.0768572285e+00 -2.7149601319e-05
5.9521806810e+00 -2.4280072869e-05
5.8215299397e+00 -2.1964852657e-05
5.6848629249e+00 -2.0917247156e-05
5.5422004638e+00 -1.9512358592e-05
5.3935347479e+00 -1.7961357066e-05
5.2388564000e+00 -1.6236728374e-05
5.0781423172e+00 -1.4111763175e-05
4.9114000391e+00 -1.2026793559e-05
4.7386236677e+00 -1.0398646878e-05
4.5597836036e+00 -9.6194598905e-06
4.3748870004e+00 -9.5956708359e-06
4.1839288100e+00 -9.1678661622e-06
3.9868844975e+00 -7.5874462662e-06
3.7837670703e+00 -5.7813861192e-06
3.5745510260e+00 -5.1500408910e-06
3.3592374184e+00 -5.5754475356e-06
3.1378033025e+00 -5.9229678905e-06
2.9102429172e+00 -5.5323372271e-06
2.6765552152e+00 -4.2531502445e-06
2.4367188319e+00 -3.5326344923e-06
2.1907260638e+00 -3.2269399999e-06
1.9385727567e+00 -2.7125399930e-06
1.6802417223e+00 -2.2497106712e-06
1.4157292009e+00 -1.6188935610e-06
1.1450172628e+00 -8.4752989132e-07
8.6809784863e-01 -3.6428481096e-07
5.8496631864e-01 -3.0203361643e-07
2.9560126627e-01 -2.4844269717e-07
-2.4645875795e-07 -9.3593222521e-10
