-1.1616573688e-05 2.1027609688e-05
2.5055198039e-01 -8.7945034508e-04
4.9475838644e-01 -3.4304253178e-03
7.3258373958e-01 -7.6280429321e-03
9.6398406361e-01 -1.3349588560e-02
1.1889777113e+00 -2.0564472070e-02
1.4075076971e+00 -2.9173179189e-02
1.6195426702e+00 -3.9104223518e-02
1.8251209376e+00 -5.0302631370e-02
2.0242378325e+00 -6.2670709865e-02
2.2168902913e+00 -7.6177849937e-02
2.4030804717e+00 -9.0701040509e-02
2.5828162631e+00 -1.0622165713e-01
2.7561494273e+00 -1.2263789873e-01
2.9230997790e+00 -1.3988697589e-01
3.0836725081e+00 -1.5794105897e-01
3.2379223022e+00 -1.7667057438e-01
3.3858492613e+00 -1.9606214758e-01
3.5275257131e+00 -2.1603495987e-01
3.6629886561e+00 -2.3651258839e-01
3.7922489173e+00 -2.5747807745e-01
3.9153930276e+00 -2.7881553946e-01
4.0324230285e+00 -3.0050508394e-01
4.1434166282e+00 -3.2247963467e-01
4.2484120237e+00 -3.4466792938e-01
4.3474335810e+00 -3.6705312192e-01
4.4405896295e+00 -3.8952492440e-01
4.5278845642e+00 -4.1206478603e-01
4.6093576577e+00 -4.3463310704e-01
4.6850922855e+00 -4.5713877933e-01
4.7551171629e+00 -4.7957451016e-01
4.8195100055e+00 -5.0185114279e-01
4.8783356212e+00 -5.2392626291e-01
4.9315728621e+00 -5.4579290819e-01
4.9793480400e+00 -5.6735205382e-01
5.0216905516e+00 -5.8857679893e-01
5.0586251983e+00 -6.0943849600e-01
5.0902713269e+00 -6.2986534539e-01
5.1166060383e+00 -6.4983881314e-01
5.1377339452e+00 -6.6928353632e-01
5.1536884002e+00 -6.8818208552e-01
5.1645172413e+00 -7.0649328984e-01
5.1703016670e+00 -7.2416010818e-01
5.1710414371e+00 -7.4116197112e-01
5.1668453241e+00 -7.5742797196e-01
5.1577361412e+00 -7.7295093238e-01
5.1437871542e+00 -7.8768101901e-01
5.1250429460e+00 -8.0157490026e-01
5.1015290954e+00 -8.1460581940e-01
5.0733535931e+00 -8.2671554438e-01
5.0405373558e+00 -8.3790123940e-01
5.0031726927e+00 -8.4810760567e-01
4.9612759192e+00 -8.5730130265e-01
4.9149044692e+00 -8.6544994068e-01
4.8641630984e+00 -8.7251454750e-01
4.8090834216e+00 -8.7849268974e-01
4.7497534703e+00 -8.8332013839e-01
4.6861836604e+00 -8.8697808685e-01
4.6184899848e+00 -8.8943995522e-01
4.5467447430e+00 -8.9067360168e-01
4.4709877574e+00 -8.9067021664e-01
4.3913280643e+00 -8.8937810010e-01
4.3077990054e+00 -8.8679459864e-01
4.2205262209e+00 -8.8288699906e-01
4.1295767801e+00 -8.7763908592e-01
4.0350298068e+00 -8.7102596547e-01
3.9369764419e+00 -8.6303857315e-01
3.8355578047e+00 -8.5365205395e-01
3.7307951404e+00 -8.4286335213e-01
3.6228843585e+00 -8.3067764027e-01
3.5118568148e+00 -8.1706337391e-01
3.3978880772e+00 -8.0200349340e-01
3.2810758285e+00 -7.8550637597e-01
3.1615530451e+00 -7.6759578843e-01
3.0395107979e+00 -7.4829154347e-01
2.9150002681e+00 -7.2754477626e-01
2.7883113983e+00 -7.0538749900e-01
2.6594622546e+00 -6.8184007451e-01
2.5287846992e+00 -6.5697444971e-01
2.3963945410e+00 -6.3079197935e-01
2.2624858539e+00 -6.0326810516e-01
2.1273682685e+00 -5.7449408712e-01
1.9911521470e+00 -5.4452386183e-01
1.8542877890e+00 -5.1348934266e-01
1.7168571820e+00 -4.8133933714e-01
1.5794016652e+00 -4.4819039479e-01
1.4420762413e+00 -4.1412758738e-01
1.3053487336e+00 -3.7933652687e-01
1.1697301997e+00 -3.4397634028e-01
1.0354349113e+00 -3.0799676152e-01
9.0352410699e-01 -2.7176247201e-01
7.7400315412e-01 -2.3536960327e-01
6.4817558914e-01 -1.9935210724e-01
5.2666709645e-01 -1.6373445944e-01
4.1078445589e-01 -1.2907349970e-01
3.0151584393e-01 -9.5856965966e-02
2.0177431039e-01 -6.4479646501e-02
1.1294428371e-01 -3.5662828684e-02
4.2548542040e-02 -1.3174188476e-02
-1.7015279568e-04 2.2274577949e-05
