2.8755778936e+01
2.8794343276e+01
2.8832907615e+01
2.8871471954e+01
2.8910036294e+01
2.8942385054e+01
2.8972464929e+01
2.9002544803e+01
2.9032659553e+01
2.9059610761e+01
2.9084308398e+01
2.9110047118e+01
2.9135785837e+01
2.9158382165e+01
2.9176120534e+01
2.9193858903e+01
2.9211848571e+01
2.9228331973e+01
2.9240139128e+01
2.9252523034e+01
2.9265848696e+01
2.9277395231e+01
2.9282826014e+01
2.9288150135e+01
2.9294577425e+01
2.9301532128e+01
2.9304290922e+01
2.9304742098e+01
2.9305193274e+01
2.9305644450e+01
2.9302578499e+01
2.9298702007e+01
2.9292926065e+01
2.9287150124e+01
2.9278051508e+01
2.9268777204e+01
2.9259124803e+01
2.9246672230e+01
2.9231645376e+01
2.9216618522e+01
2.9201591668e+01
2.9185584676e+01
2.9166337951e+01
2.9147091226e+01
2.9127844501e+01
2.9107939642e+01
2.9085884365e+01
2.9060897006e+01
2.9035909648e+01
2.9010567038e+01
2.8985139192e+01
2.8956618768e+01
2.8925809734e+01
2.8895497982e+01
2.8865186230e+01
2.8834874478e+01
2.8800134090e+01
2.8765670120e+01
2.8732082833e+01
2.8698495547e+01
2.8666591857e+01
2.8628208191e+01
2.8589824524e+01
2.8552711484e+01
2.8517368763e+01
2.8482026042e+01
2.8441728964e+01
2.8396820243e+01
2.8358985874e+01
2.8322305298e+01
2.8285624723e+01
2.8243944394e+01
2.8204908081e+01
2.8168700062e+01
2.8132492043e+01
2.8092979710e+01
2.8056765376e+01
2.8020884738e+01
2.7986185002e+01
2.7960051245e+01
2.7924727338e+01
2.7889403431e+01
2.7866886585e+01
2.7850686959e+01
2.7825086173e+01
2.7798905226e+01
2.7794692315e+01
2.7790479405e+01
2.7783838634e+01
2.7789929916e+01
2.7805903383e+01
2.7818513798e+01
2.7840302964e+01
2.7888833847e+01
2.7928249745e+01
2.7967665642e+01
2.8092311585e+01
2.8249013248e+01
2.8405714911e+01
2.8562416573e+01
