2.0111544590e+02
2.0120549500e+02
2.0129659092e+02
2.0139626808e+02
2.0149235827e+02
2.0158022710e+02
2.0166298102e+02
2.0174477108e+02
2.0181791437e+02
2.0188880419e+02
2.0195569514e+02
2.0201799301e+02
2.0207582995e+02
2.0212812238e+02
2.0217924792e+02
2.0222356836e+02
2.0226472708e+02
2.0230070167e+02
2.0233317858e+02
2.0236411377e+02
2.0238661532e+02
2.0240780493e+02
2.0242384232e+02
2.0243522489e+02
2.0244560407e+02
2.0244910571e+02
2.0245028381e+02
2.0244518502e+02
2.0243895363e+02
2.0242953271e+02
2.0241258751e+02
2.0239268999e+02
2.0237134392e+02
2.0234396650e+02
2.0231213059e+02
2.0227919631e+02
2.0224135026e+02
2.0219776538e+02
2.0215279641e+02
2.0210268871e+02
2.0204869482e+02
2.0199107802e+02
2.0192964457e+02
2.0186608460e+02
2.0179714063e+02
2.0172255933e+02
2.0164858426e+02
2.0156810962e+02
2.0148192837e+02
2.0139627464e+02
2.0130424430e+02
2.0120843322e+02
2.0110900398e+02
2.0100880600e+02
2.0089987731e+02
2.0079140091e+02
2.0067577261e+02
2.0055939091e+02
2.0043777096e+02
2.0031292753e+02
2.0018403160e+02
2.0005091300e+02
1.9991693017e+02
1.9977555562e+02
1.9963254567e+02
1.9948798543e+02
1.9933502660e+02
1.9918331245e+02
1.9902557791e+02
1.9886357038e+02
1.9870056798e+02
1.9853361257e+02
1.9836346113e+02
1.9818950435e+02
1.9801253844e+02
1.9783198689e+02
1.9765159848e+02
1.9746645545e+02
1.9727475612e+02
1.9708962562e+02
1.9689221549e+02
1.9670310800e+02
1.9650670071e+02
1.9630628863e+02
1.9611671292e+02
1.9591086812e+02
1.9571978004e+02
1.9552177115e+02
1.9532297994e+02
1.9514348624e+02
1.9494595652e+02
1.9477765491e+02
1.9459403559e+02
1.9442945152e+02
1.9429437773e+02
1.9416498067e+02
1.9410671785e+02
1.9393983991e+02
1.9415352982e+02
1.9484025182e+02
