1.3257502052e-01 1.1281208851e-01
1.5430585928e-01 -1.2841339454e-01
1.6652208507e-01 1.3936455064e-01
1.9160562335e-01 -1.5811234922e-01
2.0305244014e-01 1.6491301860e-01
2.3173790548e-01 -1.8748479317e-01
2.4210209569e-01 1.8948734843e-01
2.7455643602e-01 -2.1573404169e-01
2.8359435449e-01 2.1311554647e-01
3.1999264442e-01 -2.4289648520e-01
3.2744003981e-01 2.3582352883e-01
3.6796403157e-01 -2.6900652623e-01
3.7353777611e-01 2.5763489504e-01
4.1837440090e-01 -2.9409629618e-01
4.2177432151e-01 2.7857071727e-01
4.7111414803e-01 -3.1819538765e-01
4.7202495094e-01 2.9864934579e-01
5.2479303299e-01 3.1815193146e-01
5.2606060811e-01 -3.4133060384e-01
5.8307845946e-01 -3.6352572586e-01
5.8344798213e-01 3.3897725463e-01
6.4399870923e-01 3.5989572285e-01
6.4492913319e-01 -3.8668521710e-01
7.0616747436e-01 3.8091264862e-01
7.0996985126e-01 -4.1067877834e-01
7.6965722710e-01 4.0202183952e-01
7.7663167319e-01 -4.3482981975e-01
8.3415284980e-01 4.2320554414e-01
8.4460287201e-01 -4.5913378689e-01
8.9946451760e-01 4.4215952828e-01
9.1316450751e-01 -4.8285146727e-01
9.6488695036e-01 4.5517486326e-01
9.7741987755e-01 -4.9761689105e-01
1.0299117971e+00 4.6590833436e-01
1.0404812981e+00 -5.0931636941e-01
1.0946284947e+00 4.7446031414e-01
1.1025784191e+00 -5.1813810640e-01
1.1591099589e+00 4.8092716866e-01
1.1665071346e+00 -5.2580966489e-01
1.2234119550e+00 4.8540073773e-01
1.2335959220e+00 -5.3358068873e-01
1.2875725554e+00 4.8796784645e-01
1.3003020617e+00 -5.3949631817e-01
1.3516116877e+00 4.8870984998e-01
1.3666247634e+00 -5.4354694709e-01
1.4167982122e+00 4.8845361552e-01
1.4325538924e+00 -5.4572558406e-01
1.4815482249e+00 4.8658707050e-01
1.4980697514e+00 -5.4602787108e-01
1.5441148870e+00 4.8271028084e-01
1.5631429128e+00 -5.4445209673e-01
1.6053664522e+00 4.7696088166e-01
1.6277341009e+00 -5.4099920353e-01
1.6656066656e+00 4.6939709931e-01
1.6917941259e+00 -5.3567278958e-01
1.7248148632e+00 4.6002088625e-01
1.7548331173e+00 -5.2857637951e-01
1.7829629586e+00 4.4883815172e-01
1.8136074285e+00 -5.2044157195e-01
1.8400153450e+00 4.3585877001e-01
1.8701207519e+00 -5.1081500945e-01
1.8959288379e+00 4.2109657611e-01
1.9243683951e+00 -4.9969322531e-01
1.9506526618e+00 4.0456934871e-01
1.9763411831e+00 -4.8707407984e-01
2.0041284785e+00 3.8629878051e-01
2.0263143773e+00 -4.7200935814e-01
2.0553515192e+00 3.6648130149e-01
2.0738239218e+00 -4.5529393392e-01
2.1007999686e+00 3.4592759772e-01
2.1186808118e+00 -4.3740176146e-01
2.1445357545e+00 3.2416797954e-01
2.1608729803e+00 -4.1834166341e-01
2.1869924942e+00 3.0155465756e-01
2.2003848168e+00 -3.9812275555e-01
2.2254338175e+00 2.7787840756e-01
2.2371970751e+00 -3.7675447821e-01
2.2595264119e+00 2.5315582372e-01
2.2712868100e+00 -3.5424663073e-01
2.2908196365e+00 2.2792669337e-01
2.3026273432e+00 -3.3060940872e-01
2.3193180928e+00 2.0221240257e-01
2.3311882597e+00 -3.0585344407e-01
2.3450233974e+00 1.7603502090e-01
2.3569354336e+00 -2.7998984722e-01
2.3679340583e+00 1.4941729458e-01
2.3798310843e+00 -2.5303025162e-01
2.3880453787e+00 1.2238263818e-01
2.3998338622e+00 -2.2498686007e-01
2.4053493870e+00 9.4955124644e-02
2.4168989637e+00 -1.9587249252e-01
2.4198347960e+00 6.7159473714e-02
2.4303641623e+00 -1.6567052371e-01
2.4314869893e+00 3.9021038745e-02
2.4402880362e+00 1.0565791761e-02
2.4406742577e+00 -1.3551253968e-01
2.4462167346e+00 -1.8179693182e-02
2.4465093340e+00 -1.0588320332e-01
2.4492486821e+00 -4.7188258392e-02
2.4493563750e+00 -7.6432182689e-02
