6.3042998040e-05 1.7832463332e-06
5.2505574202e-04 2.6935547453e-06
4.5844182841e-04 1.4057194830e-06
7.4509653768e-04 6.1949287436e-07
7.2701120833e-04 2.9701282869e-06
7.2899681548e-04 -3.1402018984e-06
7.4946632309e-04 5.9584530056e-06
4.7182320105e-04 -3.6117661877e-06
5.3777952317e-04 7.1193500174e-06
4.1322122639e-05 1.1221210104e-06
8.7933658976e-05 2.5644693937e-06
5.0871518850e-04 6.6246497836e-08
4.4214401235e-04 2.5960837726e-07
7.3647343519e-04 -3.9840233754e-06
7.2175535345e-04 4.5115338071e-06
7.3027348818e-04 -8.4426269612e-06
7.5952610323e-04 1.1205696102e-05
4.8424535661e-04 -7.3131325845e-06
5.5796945184e-04 1.0879098280e-05
1.6479652505e-05 7.0593486115e-07
1.0908296840e-04 3.6506703595e-06
4.9112157977e-04 -4.5629558008e-06
4.2651257965e-04 7.0636751862e-06
7.2840714776e-04 -9.4808743385e-06
7.1933785996e-04 1.2974760203e-05
7.2779138212e-04 -1.2468847346e-05
7.6708978055e-04 1.7118466949e-05
4.8919621589e-04 -9.6423503228e-06
5.7562035172e-04 1.5936157238e-05
1.3465361642e-05 8.2853454215e-07
1.3333708104e-04 5.6961122406e-06
4.7743685643e-04 -2.1662297557e-06
4.0793305039e-04 9.8428801422e-06
7.2214948225e-04 -1.0612631155e-05
7.1131334244e-04 1.7876909745e-05
7.3143238234e-04 -1.9148227624e-05
7.7011265373e-04 2.2670865083e-05
5.0600937856e-04 -1.6180957868e-05
5.8736005990e-04 2.0357226936e-05
3.7811253204e-05 -1.2015625695e-06
4.5620048227e-04 -1.1081251462e-05
1.5584847702e-04 7.4875713481e-06
7.0944806855e-04 -1.9762777604e-05
3.9634861485e-04 1.2209239792e-05
7.2785573021e-04 -2.5020510687e-05
7.1057792934e-04 2.2588733836e-05
5.1287743662e-04 -2.0978928676e-05
7.7248249993e-04 2.8464321429e-05
6.0900753502e-05 -2.7398867440e-06
5.9583856310e-04 2.5828829971e-05
4.5126373988e-04 -1.3207058929e-05
1.7845303574e-04 9.9939787910e-06
7.0534926507e-04 -2.3765096026e-05
3.7771599476e-04 1.2679441281e-05
7.3911338534e-04 -2.9263004960e-05
7.0117454123e-04 2.5392315546e-05
5.5944763231e-04 -2.4082104294e-05
7.7791312138e-04 3.3883064650e-05
9.8230542163e-05 -4.4166869796e-06
6.1414385983e-04 2.9816467174e-05
4.1383272224e-04 -1.6325531930e-05
1.9988966816e-04 1.1780322299e-05
6.8305138179e-04 -2.8663792024e-05
3.5853966357e-04 1.6534044336e-05
7.2862829921e-04 -3.3287494791e-05
6.9491962378e-04 3.2385334048e-05
5.3291207395e-04 -2.6505228599e-05
7.8040400267e-04 4.0051475728e-05
1.0729147616e-04 -5.7375684662e-06
6.2632919919e-04 3.6081130413e-05
4.0244872893e-04 -1.6868576165e-05
2.2319465366e-04 1.5589538136e-05
6.7683737219e-04 -3.1427218871e-05
3.4016174167e-04 1.9145714824e-05
7.2243452102e-04 -3.8587268215e-05
6.8490015330e-04 3.7575147494e-05
5.4142709407e-04 -3.1890171026e-05
7.7959860086e-04 4.5668169374e-05
1.2759630503e-04 -8.2386180418e-06
6.3488383723e-04 4.0733702245e-05
3.8692186058e-04 -2.0944264336e-05
2.4299535044e-04 1.8251059512e-05
6.6848241940e-04 -3.7441235858e-05
3.2064315830e-04 2.0406651173e-05
7.1934295333e-04 -4.2319653878e-05
6.7634884474e-04 4.1861224207e-05
5.5096125335e-04 -3.3935988141e-05
7.8268295197e-04 5.1559099411e-05
1.4790352762e-04 -9.7198582727e-06
6.4881765468e-04 4.6457445018e-05
3.5805431582e-04 -2.1157501125e-05
2.6463991779e-04 2.1789325088e-05
6.4639157785e-04 -3.9792499176e-05
3.0003396637e-04 2.1590248720e-05
7.1157841517e-04 -4.7488676908e-05
6.6631901225e-04 4.6307647765e-05
5.4856345800e-04 -4.0679419996e-05
7.8310339509e-04 5.7997638966e-05
1.6298879022e-04 -1.3215284142e-05
6.5854525836e-04 5.3989797270e-05
3.4482691011e-04 -1.8993304131e-05
2.8522296643e-04 2.6699516894e-05
6.4182856769e-04 -3.9638084952e-05
2.7880788073e-04 2.3020582709e-05
7.0930439426e-04 -5.1082818014e-05
6.5339625987e-04 5.0919063797e-05
5.5001551998e-04 -4.1700815408e-05
7.8219794988e-04 6.3325670029e-05
1.7979295935e-04 -1.4347237280e-05
3.2576660675e-04 -2.4008675104e-05
6.6830391170e-04 5.6385902371e-05
6.2776964491e-04 -4.7334054703e-05
3.0368639322e-04 2.8227911346e-05
7.0318997654e-04 -5.5256269526e-05
2.5884967343e-04 2.3006496926e-05
5.5584157891e-04 -4.6352143722e-05
6.4648037138e-04 5.4613396454e-05
1.9719609905e-04 -1.7606614151e-05
7.8231056816e-04 6.9903811761e-05
3.1037750879e-04 -2.2448417903e-05
6.7484988987e-04 6.9682612480e-05
6.1980330417e-04 -4.7653286478e-05
3.2190395993e-04 3.8454352120e-05
6.9814329596e-04 -6.0239491713e-05
2.3738450414e-04 2.4717991146e-05
5.6291711512e-04 -5.2766465187e-05
6.3137794312e-04 5.9652391225e-05
2.1604743323e-04 -2.1956759292e-05
7.7566564761e-04 7.5584389229e-05
2.8870905372e-04 -2.5916843303e-05
6.8118292924e-04 7.0481737454e-05
6.0207155747e-04 -5.3993162555e-05
3.4130992918e-04 3.8720657591e-05
6.8965925782e-04 -6.3558847380e-05
2.1580317613e-04 2.4072772147e-05
5.6774453712e-04 -5.4587685370e-05
6.1703636154e-04 6.2659462918e-05
2.3199953273e-04 -2.3702293154e-05
7.7424137164e-04 8.0756691696e-05
2.6204843266e-04 -2.4967906234e-05
6.8773206169e-04 7.5402569684e-05
5.7969864686e-04 -5.5210489328e-05
3.5767305212e-04 4.2541670275e-05
6.8280350342e-04 -6.7534925361e-05
1.9570761243e-04 2.4022955070e-05
5.7892770878e-04 -6.0935598216e-05
6.0781538706e-04 6.6856494208e-05
2.5259912950e-04 -2.8503450187e-05
7.6925798704e-04 8.6123264150e-05
2.4052499666e-04 -2.4601078088e-05
5.6273530606e-04 -5.7018605668e-05
6.9325516573e-04 8.1341572257e-05
6.7602004851e-04 -7.1450664791e-05
3.7398753296e-04 4.7400338696e-05
5.8394489225e-04 -6.4659860387e-05
1.7180539238e-04 2.3194350485e-05
2.6897898657e-04 -3.1553432399e-05
5.9508018246e-04 7.0115177251e-05
2.2064111455e-04 -2.4463385732e-05
7.6685922295e-04 9.1423578836e-05
5.4743079724e-04 -5.9595657461e-05
6.9628409540e-04 8.6436606923e-05
6.6697838540e-04 -7.4816731724e-05
3.8726090838e-04 5.1484729666e-05
5.8161371243e-04 -6.7949213917e-05
1.4849018959e-04 2.0477075331e-05
2.8023665117e-04 -3.4593596770e-05
5.7987125050e-04 6.9244671594e-05
2.0388056191e-04 -2.4122040888e-05
7.6121637413e-04 9.5472680647e-05
5.3774916578e-04 -6.1894394370e-05
7.0366704132e-04 9.3353536689e-05
6.5983862331e-04 -7.8320035762e-05
4.0509166927e-04 5.7470060891e-05
5.7949887870e-04 -7.2552616079e-05
1.2429684845e-04 2.0247281823e-05
2.9114752048e-04 -3.8744150170e-05
5.6446497539e-04 7.5546404899e-05
1.8077432852e-04 -2.2953492048e-05
7.5461191354e-04 1.0227240168e-04
5.1437926220e-04 -6.2564624020e-05
6.4735799089e-04 -8.0734865962e-05
7.0738667815e-04 1.0072675526e-04
5.8050767643e-04 -7.4896477760e-05
4.2131306934e-04 6.4403246338e-05
3.0430685942e-04 -4.1110098267e-05
1.0130255903e-04 1.8861097601e-05
1.5924857469e-04 -2.1422635437e-05
5.4487997454e-04 7.7671764587e-05
4.9539757994e-04 -6.3473794432e-05
7.4541532844e-04 1.0691651136e-04
6.3661220460e-04 -8.3483632441e-05
7.0880581870e-04 1.0549631791e-04
5.7974700611e-04 -7.9219959616e-05
4.3374670634e-04 6.8497132047e-05
3.1563103589e-04 -4.5459989113e-05
7.7477715244e-05 1.6340388669e-05
1.3846747613e-04 -2.0226866176e-05
5.3078663783e-04 7.9811537356e-05
4.7617811327e-04 -6.4456803074e-05
7.3850141886e-04 1.1182390285e-04
6.2587408888e-04 -8.6632223560e-05
7.0899385992e-04 1.1190798352e-04
5.7832566089e-04 -8.6657520497e-05
4.4519994310e-04 7.4678271460e-05
3.2645747012e-04 -5.2840812447e-05
5.3773958011e-05 1.3994903678e-05
1.2252348299e-04 -1.9557492439e-05
4.6552346816e-04 -6.6536463282e-05
5.1320072337e-04 8.2385577199e-05
6.1735680615e-04 -8.8983039417e-05
7.2877451018e-04 1.1620094438e-04
5.7883344136e-04 -8.4652622160e-05
7.0695164248e-04 1.1515105802e-04
3.3638939409e-04 -5.0519084641e-05
4.5349728821e-04 7.7331485996e-05
1.0206904957e-04 -1.6517949784e-05
2.7611618542e-05 9.9033672201e-06
4.5679615982e-04 -6.7706690354e-05
4.9753907043e-04 8.0185815511e-05
6.1091838140e-04 -9.1477234838e-05
7.2099376409e-04 1.1899337030e-04
5.7273572249e-04 -8.8424382881e-05
7.0931909138e-04 1.2444474486e-04
3.4183037407e-04 -5.5239816345e-05
4.6817154074e-04 8.7457082449e-05
8.1710393571e-05 -1.5035169753e-05
5.0581608690e-06 6.8121998810e-06
4.3002124515e-04 -6.6793389217e-05
4.7424432396e-04 8.3585951788e-05
5.9135604443e-04 -9.3321424658e-05
5.6993488232e-04 -9.6543190415e-05
7.0710653073e-04 1.2407688005e-04
3.5391045205e-04 -6.4756200463e-05
7.0885043131e-04 1.2819588386e-04
6.3592101496e-05 -1.3751233791e-05
4.8002477904e-04 9.1305080727e-05
4.0958821876e-04 -6.6271942295e-05
1.7509488550e-05 9.7828346604e-06
5.8039827678e-04 -9.5586281659e-05
4.5616187503e-04 8.5127691744e-05
5.6168245707e-04 -1.0058896863e-04
6.9586498757e-04 1.2839774784e-04
3.5244271164e-04 -6.8728621300e-05
7.0700712422e-04 1.3340097953e-04
4.5464816722e-05 -1.1263680197e-05
4.8868578522e-04 9.6347955283e-05
3.9870128826e-04 -6.8015891682e-05
3.6445529572e-05 1.3522128149e-05
5.6977566655e-04 -9.6943522289e-05
4.3510922471e-04 8.4788890281e-05
5.6203663234e-04 -9.6900479827e-05
3.6566687562e-04 -6.4797918283e-05
6.8426606349e-04 1.3159935150e-04
2.4105791889e-05 -7.4245024871e-06
7.0480607995e-04 1.3842550748e-04
3.7796211514e-04 -6.6473819677e-05
4.9691341755e-04 1.0162293026e-04
5.5399138372e-04 -9.7725770689e-05
5.9357613673e-05 1.8167636283e-05
5.5397131411e-04 -1.0272363732e-04
4.1802659683e-04 8.4991729657e-05
3.7031395824e-04 -7.3436208339e-05
6.7170343157e-04 1.3473593530e-04
9.3226316237e-06 -6.5514988684e-06
6.9793108189e-04 1.4339110481e-04
3.5757042360e-04 -6.5457335673e-05
5.0235918909e-04 1.0781900125e-04
5.3982550089e-04 -9.8880041930e-05
8.0780494427e-05 2.3480762321e-05
5.4801085110e-04 -1.0608832863e-04
3.9743375516e-04 8.4747668733e-05
3.7216371063e-04 -7.7215619813e-05
1.9079689594e-05 -8.5245326330e-06
6.5831633366e-04 1.3768493466e-04
3.4677692591e-04 -6.6585080065e-05
6.9270757040e-04 1.4734587043e-04
5.3017634012e-04 -1.0018301805e-04
5.0494667199e-04 1.1146626696e-04
5.4609810903e-04 -1.0368769366e-04
1.0029771062e-04 2.7805110740e-05
3.8244893190e-04 -7.3932970496e-05
3.7954415541e-04 8.4455462787e-05
3.3011828251e-05 -9.5148075837e-06
6.4458843481e-04 1.4010283810e-04
3.2944580571e-04 -6.4403578182e-05
6.8513927333e-04 1.5008205894e-04
5.1797560755e-04 -1.0059334858e-04
5.1049825416e-04 1.1478078343e-04
5.3779773416e-04 -1.0661706256e-04
3.8272611404e-04 -7.8868316508e-05
1.2018619501e-04 3.2050088755e-05
5.0123006382e-05 -1.4698475682e-05
3.5964162021e-04 8.2520807204e-05
3.1425881412e-04 -6.4070217125e-05
6.3016135426e-04 1.4183525934e-04
5.0427395388e-04 -1.0162385266e-04
6.8007089997e-04 1.5602341117e-04
5.2657951024e-04 -1.1040036682e-04
5.1780602068e-04 1.2374829270e-04
3.8129363066e-04 -8.5406140653e-05
1.3805958879e-04 3.8499266574e-05
6.6188883527e-05 -2.0033089592e-05
3.3557500035e-04 8.0302564410e-05
3.0003313480e-04 -6.4210364426e-05
6.1150848601e-04 1.4274430553e-04
4.9254739158e-04 -1.0293204973e-04
5.1872517232e-04 -1.1000271347e-04
6.7111440869e-04 1.5914279358e-04
3.8131656416e-04 -8.3524808179e-05
5.2031960393e-04 1.2809112064e-04
7.8679484907e-05 -2.1615487529e-05
1.5641446935e-04 4.4425769876e-05
2.8466798035e-04 -6.2705383632e-05
3.1684227874e-04 8.0622434466e-05
4.8020568077e-04 -1.0332900074e-04
5.9569275472e-04 1.4598070416e-04
5.1017857334e-04 -1.1182851441e-04
6.6034451458e-04 1.6222825416e-04
3.8354902746e-04 -8.7667963460e-05
5.1939187374e-04 1.3056085446e-04
9.3796541863e-05 -2.6065791928e-05
1.6973394398e-04 4.8214016151e-05
2.6542724301e-04 -6.0313752579e-05
4.6357872128e-04 -1.0247216116e-04
2.9730479177e-04 7.8656081501e-05
5.0344780615e-04 -1.1346365393e-04
5.8156140579e-04 1.4779185570e-04
3.8721935726e-04 -9.1077642905e-05
6.5043578272e-04 1.6657422622e-04
1.0654425447e-04 -2.9969381972e-05
5.2131395942e-04 1.3881770667e-04
2.4423580623e-04 -5.8105869713e-05
1.8529569720e-04 5.6072859560e-05
4.4454645920e-04 -1.0158774442e-04
2.7357207871e-04 7.5744142133e-05
4.9201234430e-04 -1.1325395193e-04
5.6080467637e-04 1.4750642275e-04
3.8310581600e-04 -9.0946263951e-05
1.1749383193e-04 -3.2368192556e-05
6.3956341129e-04 1.6998238688e-04
2.2872454122e-04 -5.6157287430e-05
5.1860402506e-04 1.4337374826e-04
4.2992672088e-04 -1.0112346920e-04
1.9819207497e-04 6.1268275946e-05
4.8108339227e-04 -1.1398798174e-04
2.5253840019e-04 7.3059156409e-05
3.8180753935e-04 -9.3720356123e-05
5.4213650167e-04 1.4762873145e-04
1.2802275687e-04 -3.6373997758e-05
6.2824485914e-04 1.7076070418e-04
2.1241164836e-04 -5.4411892335e-05
5.1680724015e-04 1.4320215339e-04
4.1494904778e-04 -1.0071398999e-04
4.7036704953e-04 -1.1493421055e-04
2.0981436721e-04 6.3518360750e-05
3.8247438684e-04 -9.7033813055e-05
2.3330504078e-04 7.0081470046e-05
1.3956946370e-04 -4.1074474192e-05
5.2677339714e-04 1.4858638394e-04
1.9311266255e-04 -5.2316201279e-05
6.1618262807e-04 1.7322588149e-04
3.9478707905e-04 -9.9755784661e-05
5.1633238009e-04 1.4871982689e-04
4.5608958852e-04 -1.1709235400e-04
2.2095649120e-04 6.9281822697e-05
3.7662020072e-04 -1.0519519369e-04
2.0880595446e-04 6.5153679724e-05
1.4797803406e-04 -4.9003692034e-05
1.7527190310e-04 -4.9850774461e-05
5.0491564951e-04 1.4646630237e-04
3.7734670421e-04 -9.7751496786e-05
6.0354222702e-04 1.7533670371e-04
4.4823918813e-04 -1.1860807456e-04
5.1347000086e-04 1.5473997405e-04
3.6711285891e-04 -1.0721438253e-04
2.3162543455e-04 7.6083438687e-05
1.5107619288e-04 -5.2629757398e-05
1.8807633701e-04 6.0902967509e-05
1.6525000545e-04 -5.0625287853e-05
4.8441829178e-04 1.4420774219e-04
3.6926285550e-04 -9.9960843433e-05
4.3448082896e-04 -1.1656183986e-04
5.8568634142e-04 1.7506317464e-04
3.6572758355e-04 -1.0190832246e-04
5.0676604031e-04 1.5550081399e-04
1.6053186223e-04 -5.0781332854e-05
2.4122367722e-04 7.9867525156e-05
1.4695187301e-04 -4.5169069180e-05
1.6760207810e-04 5.7691614727e-05
3.4853401485e-04 -9.5196612856e-05
4.6170961610e-04 1.4360593307e-04
4.2098981892e-04 -1.1566154952e-04
5.6812218538e-04 1.7620441703e-04
3.5859740246e-04 -1.0663386037e-04
1.6525595716e-04 -5.7110901992e-05
4.9681292709e-04 1.5884039762e-04
1.2903972820e-04 -4.3006425589e-05
2.4680638163e-04 8.5278818142e-05
3.2761869882e-04 -9.3119303771e-05
1.4738722702e-04 5.3639391882e-05
4.0688376130e-04 -1.1611852115e-04
4.3936699760e-04 1.4099367010e-04
3.5029672001e-04 -1.0954537561e-04
5.4981900641e-04 1.7572155755e-04
1.6833279866e-04 -6.1938447956e-05
4.8972890932e-04 1.6035788114e-04
1.1687950962e-04 -4.3239025154e-05
3.1563927504e-04 -9.4381886094e-05
2.5258742992e-04 8.8949991636e-05
3.9266558862e-04 -1.1491093262e-04
1.2377070941e-04 4.8661844305e-05
3.4628302041e-04 -1.0515035124e-04
4.1449264820e-04 1.3842946502e-04
1.7438038526e-04 -5.9503411065e-05
5.3203001721e-04 1.7555571606e-04
1.0202075443e-04 -3.8563993276e-05
4.7791390353e-04 1.6171008218e-04
2.9900554098e-04 -9.0705670833e-05
2.5446498336e-04 9.2283500511e-05
3.7755395947e-04 -1.1092483664e-04
3.3939351719e-04 -1.0061021298e-04
1.0573919796e-04 4.3234400173e-05
1.7751323486e-04 -5.7691812954e-05
3.9428535893e-04 1.3411153494e-04
8.6965402204e-05 -3.4137473775e-05
5.0848520613e-04 1.7227425092e-04
2.8233532041e-04 -8.7479117567e-05
4.6432422761e-04 1.6240907677e-04
3.6096460353e-04 -1.0915673927e-04
2.5787321054e-04 9.7433181508e-05
3.2581893121e-04 -1.0277166720e-04
8.5879928146e-05 4.0819612542e-05
1.7576807028e-04 -6.2848312367e-05
7.2549690962e-05 -3.2975267657e-05
3.6559238011e-04 1.3288242770e-04
2.6278150692e-04 -8.5009070295e-05
4.8276254417e-04 1.7192623351e-04
3.4265856315e-04 -1.0857628805e-04
4.4386239357e-04 1.6250276127e-04
3.1138042911e-04 -1.0708708815e-04
2.5247676732e-04 1.0023384555e-04
1.7283112324e-04 -6.9384432867e-05
6.6791103035e-05 3.6297344059e-05
5.9825972920e-05 -3.2380346123e-05
2.4526862039e-04 -8.4056438440e-05
3.3795230117e-04 1.2675642725e-04
3.2433054532e-04 -1.0670412091e-04
4.5370188129e-04 1.6661581774e-04
3.0277985770e-04 -1.0214353263e-04
4.2334979574e-04 1.5912017204e-04
1.7497429416e-04 -6.6517505288e-05
2.4767395753e-04 1.0081617069e-04
4.5780791899e-05 -2.9626830565e-05
4.6830450195e-05 3.2031438529e-05
2.2524249205e-04 -8.1945112598e-05
3.0350886946e-04 -1.0470669038e-04
3.0874758001e-04 1.2294933321e-04
2.8618424233e-04 -1.0232552485e-04
4.2140088871e-04 1.6212100181e-04
1.6946228533e-04 -6.9892037973e-05
3.9618493504e-04 1.5498119153e-04
3.2563362002e-05 -2.9254749429e-05
2.3731879836e-04 1.0176362071e-04
2.0436580590e-04 -8.0143368892e-05
3.0546570092e-05 3.1586937038e-05
2.8023260404e-04 -1.0263862476e-04
2.6502658572e-04 -1.0148346759e-04
2.8126740731e-04 1.2223604917e-04
1.5953649903e-04 -7.1826070773e-05
3.8325687090e-04 1.6006781607e-04
1.9878276755e-05 -2.8540143919e-05
3.5559808665e-04 1.6034818910e-04
1.8054643838e-04 -7.6942652499e-05
2.1346903253e-04 1.1419108543e-04
2.5222510235e-04 -9.7772819245e-05
8.0465428417e-06 3.3668583139e-05
2.3958445559e-04 -9.4558716047e-05
1.4637895748e-04 -6.7674077921e-05
2.2998979583e-04 1.1554795710e-04
9.5057913890e-06 -2.7763208275e-05
3.2009402083e-04 1.4612028005e-04
1.6023675939e-04 -7.6021961700e-05
2.8850507182e-04 1.2508285283e-04
2.1641435852e-04 -9.2754070056e-05
1.6818029383e-04 8.5887069195e-05
1.9900297673e-04 -7.7225764093e-05
-1.2491206129e-07 5.6424520583e-05
1.2160772204e-04 -6.1213960339e-05
2.7132557625e-06 -6.7357512835e-05
2.6218748981e-04 1.8112299619e-04
2.4353464049e-04 -1.9105475036e-04
2.8701498552e-04 1.6645123322e-04
2.3232960620e-04 -1.5583221754e-04
6.1168951385e-05 3.8737791181e-05
-4.5671664575e-05 -1.8219747250e-05
-8.4702238529e-05 -2.8301363808e-05
-1.8498055766e-04 3.8622293535e-05
-4.3293511030e-05 2.8779629293e-06
