2.5980055405e+01
2.5974545661e+01
2.5969035917e+01
2.5963526173e+01
2.5958016429e+01
2.5953220507e+01
2.5948897937e+01
2.5944575367e+01
2.5940177669e+01
2.5935397264e+01
2.5931831608e+01
2.5928189778e+01
2.5924541218e+01
2.5921008948e+01
2.5917978641e+01
2.5914948334e+01
2.5912422892e+01
2.5910013880e+01
2.5907376552e+01
2.5905157578e+01
2.5903554676e+01
2.5901951773e+01
2.5900166410e+01
2.5898907293e+01
2.5897941425e+01
2.5896860089e+01
2.5895778753e+01
2.5895160861e+01
2.5895213725e+01
2.5895266589e+01
2.5895145226e+01
2.5895108936e+01
2.5895852375e+01
2.5896488978e+01
2.5897097839e+01
2.5897872322e+01
2.5899512235e+01
2.5901152147e+01
2.5902373963e+01
2.5904056052e+01
2.5906089382e+01
2.5908130488e+01
2.5910171594e+01
2.5913057733e+01
2.5916082383e+01
2.5919018426e+01
2.5921529062e+01
2.5924839073e+01
2.5928323280e+01
2.5931818117e+01
2.5935538527e+01
2.5939885185e+01
2.5944231843e+01
2.5948055243e+01
2.5952247656e+01
2.5956817730e+01
2.5961559203e+01
2.5966547074e+01
2.5972096572e+01
2.5977321176e+01
2.5982047232e+01
2.5987244713e+01
2.5992674702e+01
2.5998588392e+01
2.6004633318e+01
2.6010933048e+01
2.6017232779e+01
2.6022986803e+01
2.6028404626e+01
2.6034773562e+01
2.6041142498e+01
2.6047168651e+01
2.6053582834e+01
2.6059997017e+01
2.6066468686e+01
2.6072967737e+01
2.6079466788e+01
2.6084784491e+01
2.6090067933e+01
2.6095852571e+01
2.6101637210e+01
2.6107835275e+01
2.6114381347e+01
2.6118128062e+01
2.6120762885e+01
2.6123004858e+01
2.6125246831e+01
2.6128185176e+01
2.6127866226e+01
2.6126713502e+01
2.6125560778e+01
2.6119723559e+01
2.6112616220e+01
2.6099112789e+01
2.6086005658e+01
2.6073155304e+01
2.6035267494e+01
2.5981258581e+01
2.5927249667e+01
2.5873240754e+01
