-1.8148584339e-06 -1.4243962627e-07
2.7120304380e-01 1.8394050357e-03
5.3690969999e-01 7.1788915751e-03
7.9705723332e-01 1.6025390405e-02
1.0512499778e+00 2.8119046712e-02
1.2995070745e+00 4.3352024081e-02
1.5416986101e+00 6.1672246871e-02
1.7774641266e+00 8.2774684326e-02
2.0067235719e+00 1.0662420265e-01
2.2293264144e+00 1.3311290838e-01
2.4450049101e+00 1.6196187782e-01
2.6537717957e+00 1.9316397092e-01
2.8553954995e+00 2.2646892487e-01
3.0496826181e+00 2.6174418196e-01
3.2365259361e+00 2.9892176864e-01
3.4158693577e+00 3.3771396102e-01
3.5874812539e+00 3.7807292548e-01
3.7512978340e+00 4.1980064304e-01
3.9071820246e+00 4.6269940422e-01
4.0551405813e+00 5.0672671184e-01
4.1949798902e+00 5.5158271625e-01
4.3266244958e+00 5.9720539406e-01
4.4500481496e+00 6.4341604330e-01
4.5652671148e+00 6.9002388640e-01
4.6720514380e+00 7.3693500563e-01
4.7705242126e+00 7.8389897483e-01
4.8606659584e+00 8.3084823828e-01
4.9423742501e+00 8.7761082029e-01
5.0157089882e+00 9.2393593812e-01
5.0806829681e+00 9.6982382212e-01
5.1373825360e+00 1.0150450643e+00
5.1857835792e+00 1.0594200288e+00
5.2258874637e+00 1.1028843272e+00
5.2579621825e+00 1.1452395666e+00
5.2819077496e+00 1.1863733198e+00
5.2978612411e+00 1.2261364824e+00
5.3060127344e+00 1.2643903563e+00
5.3063975636e+00 1.3010882540e+00
5.2992182737e+00 1.3359868934e+00
5.2845099676e+00 1.3690487387e+00
5.2625875813e+00 1.4001677393e+00
5.2335286059e+00 1.4292028029e+00
5.1974519709e+00 1.4560630082e+00
5.1547328932e+00 1.4806648845e+00
5.1054097547e+00 1.5029620093e+00
5.0498198581e+00 1.5227896768e+00
4.9880449845e+00 1.5401277474e+00
4.9204824344e+00 1.5549458198e+00
4.8472807873e+00 1.5671189118e+00
4.7686224713e+00 1.5766056185e+00
4.6849515520e+00 1.5834225585e+00
4.5963489090e+00 1.5875012909e+00
4.5032190921e+00 1.5887881378e+00
4.4057382620e+00 1.5872962803e+00
4.3042338173e+00 1.5830468929e+00
4.1990220594e+00 1.5759852760e+00
4.0902670065e+00 1.5661229184e+00
3.9784204488e+00 1.5535594877e+00
3.8636338685e+00 1.5382072963e+00
3.7463098557e+00 1.5201611453e+00
3.6266721871e+00 1.4994783490e+00
3.5050629268e+00 1.4761987654e+00
3.3816883486e+00 1.4503622067e+00
3.2569350220e+00 1.4220341800e+00
3.1310313812e+00 1.3913444898e+00
3.0042978640e+00 1.3583583482e+00
2.8769850783e+00 1.3231177160e+00
2.7494006740e+00 1.2858343932e+00
2.6217983631e+00 1.2465059232e+00
2.4945002043e+00 1.2053101400e+00
2.3676590828e+00 1.1623654009e+00
2.2416827283e+00 1.1178433601e+00
2.1166815224e+00 1.0718202591e+00
1.9930245056e+00 1.0244586253e+00
1.8709107917e+00 9.7595045477e-01
1.7505330569e+00 9.2648397313e-01
1.6322007495e+00 8.7610606756e-01
1.5161494426e+00 8.2513058382e-01
1.4024956993e+00 7.7365912182e-01
1.2915223933e+00 7.2188388878e-01
1.1835545307e+00 6.7006684652e-01
1.0786685958e+00 6.1834446495e-01
9.7704940998e-01 5.6699129351e-01
8.7910295220e-01 5.1615251986e-01
7.8491049319e-01 4.6611370752e-01
6.9458517468e-01 4.1709148919e-01
6.0853669766e-01 3.6926915208e-01
5.2698629604e-01 3.2302394148e-01
4.4998918219e-01 2.7847227255e-01
3.7786694420e-01 2.3601553007e-01
3.1105689402e-01 1.9592679329e-01
2.4966854404e-01 1.5851509215e-01
1.9391330702e-01 1.2408132766e-01
1.4443254002e-01 9.2994302335e-02
1.0132075099e-01 6.5590358885e-02
6.5059900510e-02 4.2257432138e-02
3.6367858485e-02 2.3629905925e-02
1.5471849346e-02 1.0026762351e-02
3.4191737782e-03 2.2787901534e-03
6.8971084490e-07 2.9627265947e-07
