-7.3368492374e-08 1.9309632595e-07
2.7664035151e-02 -4.7894296312e-05
5.4749339567e-02 -1.8010804003e-04
8.1255839881e-02 -3.9644813481e-04
1.0718353609e-01 -6.9691458067e-04
1.3252707478e-01 -1.0789958532e-03
1.5727143738e-01 -1.5367807965e-03
1.8141967592e-01 -2.0679291593e-03
2.0497687855e-01 -2.6647729403e-03
2.2793930441e-01 -3.3277406382e-03
2.5029865137e-01 -4.0580924792e-03
2.7205777714e-01 -4.8474942259e-03
2.9320836488e-01 -5.6921407806e-03
3.1375305821e-01 -6.5913605900e-03
3.3369659018e-01 -7.5438161058e-03
3.5302624990e-01 -8.5444622463e-03
3.7175114226e-01 -9.5856989641e-03
3.8986431180e-01 -1.0669356902e-02
4.0736493830e-01 -1.1795588368e-02
4.2425511117e-01 -1.2956917493e-02
4.4053064445e-01 -1.4147973634e-02
4.5619152574e-01 -1.5368761047e-02
4.7124281798e-01 -1.6618064031e-02
4.8567720797e-01 -1.7892207842e-02
4.9950189080e-01 -1.9183394339e-02
5.1271190410e-01 -2.0492396662e-02
5.2530724789e-01 -2.1819214812e-02
5.3729013008e-01 -2.3157693688e-02
5.4866074395e-01 -2.4502079944e-02
5.5941907556e-01 -2.5852377395e-02
5.6956612408e-01 -2.7208403758e-02
5.7910216275e-01 -2.8564453380e-02
5.8802986714e-01 -2.9915023839e-02
5.9634836271e-01 -3.1260192850e-02
6.0405761170e-01 -3.2599906998e-02
6.1116052526e-01 -3.3927595803e-02
6.1766014069e-01 -3.5238714404e-02
6.2355645799e-01 -3.6533262800e-02
6.2884756564e-01 -3.7811202041e-02
6.3353915537e-01 -3.9064459084e-02
6.3763232097e-01 -4.0290471523e-02
6.4112806408e-01 -4.1489232069e-02
6.4402637378e-01 -4.2660177726e-02
6.4633358958e-01 -4.3795793744e-02
6.4805283744e-01 -4.4893734502e-02
6.4918198260e-01 -4.5954089926e-02
6.4972129946e-01 -4.6974410295e-02
6.4967924920e-01 -4.7946965778e-02
6.4905720917e-01 -4.8871889464e-02
6.4785634014e-01 -4.9749326640e-02
6.4607769387e-01 -5.0576554457e-02
6.4373202283e-01 -5.1346710857e-02
6.4082003202e-01 -5.2059519341e-02
6.3733618514e-01 -5.2714308128e-02
6.3329284310e-01 -5.3305804977e-02
6.2869292307e-01 -5.3829174570e-02
6.2353909299e-01 -5.4285933619e-02
6.1783203565e-01 -5.4676202986e-02
6.1158210090e-01 -5.4994461709e-02
6.0479638027e-01 -5.5237642465e-02
5.9747132018e-01 -5.5405133871e-02
5.8961188839e-01 -5.5493444147e-02
5.8123186061e-01 -5.5496678170e-02
5.7233090551e-01 -5.5416704098e-02
5.6291178587e-01 -5.5254297051e-02
5.5298716741e-01 -5.5007742430e-02
5.4256148556e-01 -5.4671885814e-02
5.3164818552e-01 -5.4242597727e-02
5.2024726729e-01 -5.3719878171e-02
5.0835842267e-01 -5.3103820033e-02
4.9599014914e-01 -5.2392771328e-02
4.8317177782e-01 -5.1581823178e-02
4.6990124770e-01 -5.0673067116e-02
4.5617855880e-01 -4.9666503143e-02
4.4201696560e-01 -4.8561133721e-02
4.2744211915e-01 -4.7352735937e-02
4.1245465580e-01 -4.6041065597e-02
3.9705690635e-01 -4.4626200997e-02
3.8128063153e-01 -4.3111048117e-02
3.6513450487e-01 -4.1497779913e-02
3.4861852635e-01 -3.9786396386e-02
3.3176339536e-01 -3.7965557867e-02
3.1459323696e-01 -3.6039368569e-02
2.9711299118e-01 -3.4023310416e-02
2.7933758560e-01 -3.1923985062e-02
2.6131818045e-01 -2.9730269291e-02
2.4305937654e-01 -2.7440058378e-02
2.2457571223e-01 -2.5069204700e-02
2.0593143013e-01 -2.2646608100e-02
1.8713343694e-01 -2.0163859820e-02
1.6819230907e-01 -1.7631318771e-02
1.4924500135e-01 -1.5065249529e-02
1.3030848203e-01 -1.2482739780e-02
1.1131341148e-01 -9.9338418724e-03
9.2427679811e-02 -7.4808236736e-03
7.3674478132e-02 -5.2155275760e-03
5.5145768823e-02 -3.1126754942e-03
3.6765431518e-02 -1.3887727960e-03
1.8383513835e-02 -3.5026476492e-04
-9.0427415095e-07 1.1110881360e-06
