1.8883494359e-06 -7.5555371911e-11
1.8883494825e-06 -7.5516624182e-11
3.4123728699e-06 -8.8361563128e-07
6.3689416662e-02 -9.8006759114e-06
1.2601439137e-01 -3.2125944558e-05
1.2673019442e-01 1.3573940489e-04
1.8697681249e-01 -6.6975881496e-05
2.4258065369e-01 -9.5927458775e-05
2.4657668000e-01 -1.1435048673e-04
3.0482659625e-01 -1.7308521088e-04
3.4755478879e-01 -6.9588483034e-04
3.6178674437e-01 -2.4981017342e-04
4.1746374448e-01 -3.4613338079e-04
4.4193577785e-01 -1.6576572912e-03
4.7185865657e-01 -4.4632312622e-04
5.2496565115e-01 -5.5687560941e-04
5.3085452126e-01 -2.5025983815e-03
5.7682853833e-01 -6.8037714846e-04
6.1433569563e-01 -2.9386780217e-03
6.2745534668e-01 -8.1328992816e-04
6.7684242557e-01 -9.6178977752e-04
6.9189631202e-01 -3.5602909266e-03
7.2500178776e-01 -1.1193165875e-03
7.6454025683e-01 -4.6888183146e-03
7.7196969580e-01 -1.2931279880e-03
8.1775115318e-01 -1.4823492465e-03
8.3248574630e-01 -5.7636799405e-03
8.6233091550e-01 -1.6744926055e-03
8.9612854900e-01 -6.5044780200e-03
9.0572001025e-01 -1.8726482545e-03
9.4795511884e-01 -2.0839078026e-03
9.5598178653e-01 -7.1927316857e-03
9.8903514114e-01 -2.3067129511e-03
1.0125290518e+00 -7.9348461874e-03
1.0289600771e+00 -2.5410637000e-03
1.0657703448e+00 -8.7308215252e-03
1.0677310740e+00 -2.7870430715e-03
1.1053714364e+00 -3.0410394035e-03
1.1159465408e+00 -9.4485139221e-03
1.1418829336e+00 -3.3024129077e-03
1.1631414439e+00 -1.0088306810e-02
1.1772655654e+00 -3.5711635842e-03
1.2078753903e+00 -1.0680044974e-02
1.2115193320e+00 -3.8472914328e-03
1.2446668644e+00 -4.1275450731e-03
1.2501335035e+00 -1.1230826851e-02
1.2767082908e+00 -4.4233061762e-03
1.2898646964e+00 -1.1750449146e-02
1.3076276887e+00 -4.7274602103e-03
1.3273110191e+00 -1.2249140584e-02
1.3374422020e+00 -5.0320385440e-03
1.3626701564e+00 -1.2713261191e-02
1.3661531717e+00 -5.3368456275e-03
1.3937717525e+00 -5.6500619053e-03
1.3960507488e+00 -1.3126282739e-02
1.4203000576e+00 -5.9764391982e-03
1.4274527963e+00 -1.3488205227e-02
1.4457469985e+00 -6.3099501662e-03
1.4568956767e+00 -1.3803068504e-02
1.4701042192e+00 -6.6406411550e-03
1.4845916109e+00 -1.4099542370e-02
1.4933679009e+00 -6.9713395980e-03
1.5105712914e+00 -1.4368936663e-02
1.5155446546e+00 -7.3086506732e-03
1.5348764584e+00 -1.4592265598e-02
1.5366408251e+00 -7.6514518947e-03
1.5566564124e+00 -7.9997432625e-03
1.5575370966e+00 -1.4774676090e-02
1.5755898834e+00 -8.3437413788e-03
1.5785968125e+00 -1.4910177876e-02
1.5934230129e+00 -8.6888198447e-03
1.5981676675e+00 -1.5012999937e-02
1.6101689293e+00 -9.0344586109e-03
1.6162552524e+00 -1.5086453417e-02
1.6258301189e+00 -9.3806476392e-03
1.6328700602e+00 -1.5134351789e-02
1.6404064008e+00 -9.7287070638e-03
1.6480475889e+00 -1.5156411446e-02
1.6538967173e+00 -1.0074527622e-02
1.6618386068e+00 -1.5128893827e-02
1.6662915296e+00 -1.0415154979e-02
1.6743070586e+00 -1.5077091880e-02
1.6775804807e+00 -1.0752758588e-02
1.6854578969e+00 -1.4999856606e-02
1.6877652365e+00 -1.1083505656e-02
1.6952813423e+00 -1.4894846683e-02
1.6968457969e+00 -1.1407396184e-02
1.7037882231e+00 -1.4789376979e-02
1.7048219148e+00 -1.1722626522e-02
1.7110330113e+00 -1.4645255427e-02
1.7116867451e+00 -1.2030314098e-02
1.7170507756e+00 -1.4482236470e-02
1.7174149714e+00 -1.2340118867e-02
1.7218440718e+00 -1.4305483839e-02
1.7220075580e+00 -1.2634994525e-02
1.7254127988e+00 -1.4115310761e-02
1.7254645049e+00 -1.2914941072e-02
1.7277801288e+00 -1.3908446482e-02
1.7277881132e+00 -1.3176338132e-02
1.7289607176e+00 -1.3429069956e-02
1.7289654530e+00 -1.3678522629e-02
