-9.1164082541e-07 4.5552168486e-09
3.4801981597e-01 -2.8668013190e-05
6.8864403010e-01 -1.1730890864e-04
1.0219104420e+00 -2.6899020334e-04
1.3478589141e+00 -4.8643496132e-04
1.6665123937e+00 -7.7538544260e-04
1.9779017050e+00 -1.1372970326e-03
2.2820621187e+00 -1.5747100380e-03
2.5790170373e+00 -2.0916807331e-03
2.8688047980e+00 -2.6925009578e-03
3.1514439526e+00 -3.3763560954e-03
3.4269673162e+00 -4.1463237379e-03
3.6953883854e+00 -5.0060809984e-03
3.9567507696e+00 -5.9557066767e-03
4.2110545551e+00 -6.9930985874e-03
4.4583423797e+00 -8.1288348549e-03
4.6986509296e+00 -9.3621322531e-03
4.9320001206e+00 -1.0684234995e-02
5.1583434803e+00 -1.2096838431e-02
5.3777155260e+00 -1.3605204911e-02
5.5902514959e+00 -1.5199005100e-02
5.7957144775e+00 -1.6882956541e-02
5.9944622023e+00 -1.8657909168e-02
6.1862183822e+00 -2.0526278478e-02
6.3712178528e+00 -2.2479105405e-02
6.5493313354e+00 -2.4509560217e-02
6.7206364568e+00 -2.6624950101e-02
6.8851450096e+00 -2.8825747293e-02
7.0429022812e+00 -3.1083230296e-02
7.1936928525e+00 -3.3396658382e-02
7.3377842671e+00 -3.5785312972e-02
7.4750581184e+00 -3.8246884913e-02
7.6056242186e+00 -4.0758549275e-02
7.7293718826e+00 -4.3311868672e-02
7.8462812492e+00 -4.5902137557e-02
7.9565848165e+00 -4.8548048016e-02
8.0602079510e+00 -5.1222066420e-02
8.1569650108e+00 -5.3916458459e-02
8.2470369353e+00 -5.6631346075e-02
8.3302400836e+00 -5.9356766276e-02
8.4066363111e+00 -6.2083357320e-02
8.4764574154e+00 -6.4824652483e-02
8.5393729188e+00 -6.7549751777e-02
8.5955212576e+00 -7.0262652222e-02
8.6449545529e+00 -7.2945613580e-02
8.6875529743e+00 -7.5595390161e-02
8.7233418144e+00 -7.8208655792e-02
8.7523413034e+00 -8.0782038309e-02
8.7744732357e+00 -8.3300534309e-02
8.7897639564e+00 -8.5752910750e-02
8.7981873819e+00 -8.8135788915e-02
8.7997310139e+00 -9.0443020404e-02
8.7943682148e+00 -9.2666123341e-02
8.7820723158e+00 -9.4794543907e-02
8.7628399285e+00 -9.6820185316e-02
8.7366003232e+00 -9.8739272331e-02
8.7033701096e+00 -1.0053878511e-01
8.6631141749e+00 -1.0221565701e-01
8.6157733990e+00 -1.0376082798e-01
8.5613519704e+00 -1.0516443197e-01
8.4998057410e+00 -1.0643386192e-01
8.4310950507e+00 -1.0754983981e-01
8.3551758985e+00 -1.0849039162e-01
8.2720105746e+00 -1.0927142242e-01
8.1815228483e+00 -1.0988824121e-01
8.0838228133e+00 -1.1033268966e-01
7.9787217341e+00 -1.1059648124e-01
7.8662485816e+00 -1.1065730509e-01
7.7462406371e+00 -1.1050908538e-01
7.6188238761e+00 -1.1019146420e-01
7.4838365753e+00 -1.0966060549e-01
7.3412744876e+00 -1.0893044470e-01
7.1910568694e+00 -1.0798349833e-01
7.0331538307e+00 -1.0681237087e-01
6.8674929519e+00 -1.0543986189e-01
6.6940274744e+00 -1.0389959756e-01
6.5128700238e+00 -1.0204585601e-01
6.3235185946e+00 -9.9999505701e-02
6.1262963258e+00 -9.7745032558e-02
5.9210472889e+00 -9.5272244589e-02
5.7076473325e+00 -9.2559320953e-02
5.4861930467e+00 -8.9626364526e-02
5.2564454435e+00 -8.6468344633e-02
5.0184185281e+00 -8.3082604310e-02
4.7720292036e+00 -7.9475984251e-02
4.5172339267e+00 -7.5655672568e-02
4.2539118928e+00 -7.1610698482e-02
3.9820274684e+00 -6.7351020960e-02
3.7014869831e+00 -6.2872798019e-02
3.4122278354e+00 -5.8184100066e-02
3.1141652440e+00 -5.3288926097e-02
2.8072212220e+00 -4.8186391466e-02
2.4913192578e+00 -4.2883926009e-02
2.1663647775e+00 -3.7379452030e-02
1.8322864769e+00 -3.1681758477e-02
1.4889816448e+00 -2.5791951959e-02
1.1363657014e+00 -1.9712239114e-02
7.7434436522e-01 -1.3450956396e-02
4.0280422334e-01 -7.0029029883e-03
2.1927696692e-02 -3.8129399981e-04
