3.9930380819e-07 -2.8323550454e-07
2.8728473672e-02 6.7180088354e-05
5.6849771278e-02 2.5465197872e-04
8.4364292122e-02 5.6213243558e-04
1.1127203620e-01 9.8962145895e-04
1.3756545248e-01 1.5297830147e-03
1.6322959018e-01 2.1724533107e-03
1.8826406171e-01 2.9176186255e-03
2.1267239920e-01 3.7625587449e-03
2.3645779472e-01 4.7029128853e-03
2.5960481113e-01 5.7270114950e-03
2.8211474883e-01 6.8316255999e-03
3.0398526249e-01 8.0187046727e-03
3.2521756812e-01 9.2868129158e-03
3.4580405049e-01 1.0622352040e-02
3.6573509241e-01 1.2023983703e-02
3.8502166947e-01 1.3486511237e-02
4.0366538641e-01 1.5008876991e-02
4.2165811881e-01 1.6587914059e-02
4.3899516087e-01 1.8212533325e-02
4.5567749900e-01 1.9881977227e-02
4.7170513321e-01 2.1596245764e-02
4.8707668474e-01 2.3352188763e-02
5.0179210875e-01 2.5136750299e-02
5.1585206315e-01 2.6948801589e-02
5.2925654795e-01 2.8788342633e-02
5.4200499174e-01 3.0652255125e-02
5.5409434599e-01 3.2529571200e-02
5.6552417420e-01 3.4419394862e-02
5.7629786692e-01 3.6320517869e-02
5.8641587226e-01 3.8229714271e-02
5.9588027428e-01 4.0135848168e-02
6.0468909350e-01 4.2039250849e-02
6.1284294315e-01 4.3939403427e-02
6.2034475220e-01 4.5827032433e-02
6.2719245267e-01 4.7699411343e-02
6.3339255700e-01 4.9555159965e-02
6.3894271103e-01 5.1389897339e-02
6.4384895336e-01 5.3195643148e-02
6.4810738099e-01 5.4972544783e-02
6.5172361698e-01 5.6716291413e-02
6.5469700598e-01 5.8418927665e-02
6.5703317162e-01 6.0079633006e-02
6.5873403319e-01 6.1698140007e-02
6.5980239083e-01 6.3265788468e-02
6.6024587471e-01 6.4776480149e-02
6.6006294315e-01 6.6230650355e-02
6.5924951989e-01 6.7628158357e-02
6.5781999247e-01 6.8957432918e-02
6.5577676329e-01 7.0215199427e-02
6.5312678506e-01 7.1400138268e-02
6.4986988810e-01 7.2510737830e-02
6.4600984087e-01 7.3537866173e-02
6.4155512493e-01 7.4479991936e-02
6.3650767631e-01 7.5336981700e-02
6.3087733023e-01 7.6100623378e-02
6.2467219784e-01 7.6767004789e-02
6.1788885494e-01 7.7336554828e-02
6.1054155790e-01 7.7801277193e-02
6.0263832058e-01 7.8157129227e-02
5.9418315327e-01 7.8404249423e-02
5.8518021993e-01 7.8540136066e-02
5.7564971381e-01 7.8556459391e-02
5.6559397291e-01 7.8452555669e-02
5.5501443530e-01 7.8227089293e-02
5.4393391625e-01 7.7871661999e-02
5.3236009460e-01 7.7386330788e-02
5.2029304641e-01 7.6771073292e-02
5.0775423296e-01 7.6020151524e-02
4.9476050649e-01 7.5129112368e-02
4.8131409577e-01 7.4097708655e-02
4.6742727761e-01 7.2926931793e-02
4.5313333953e-01 7.1611842492e-02
4.3842981799e-01 7.0150961501e-02
4.2332499176e-01 6.8543586892e-02
4.0786206305e-01 6.6785432262e-02
3.9204888082e-01 6.4875914230e-02
3.7588746793e-01 6.2821390757e-02
3.5941882691e-01 6.0622349687e-02
3.4267240876e-01 5.8279412915e-02
3.2564245211e-01 5.5788822196e-02
3.0836940883e-01 5.3150426045e-02
2.9090558858e-01 5.0367475486e-02
2.7324612097e-01 4.7453815885e-02
2.5540195802e-01 4.4414715800e-02
2.3746784410e-01 4.1261460943e-02
2.1946117800e-01 3.7996404738e-02
2.0138535661e-01 3.4620255729e-02
1.8332252037e-01 3.1144358041e-02
1.6535034433e-01 2.7617951836e-02
1.4744723716e-01 2.4055937521e-02
1.2963124158e-01 2.0467849755e-02
1.1210132374e-01 1.6919702230e-02
9.4908068676e-02 1.3424105530e-02
7.8011100795e-02 1.0003159466e-02
6.1596242066e-02 6.7510168994e-03
4.5615769178e-02 4.1016143634e-03
3.0022695353e-02 2.0931178762e-03
1.4817020590e-02 7.2552743762e-04
-1.2551095904e-06 -1.1569521775e-06
