4.9137955751e+02
4.9150849391e+02
4.9169725565e+02
4.9188611675e+02
4.9207507846e+02
4.9219218562e+02
4.9221528611e+02
4.9223854687e+02
4.9226196983e+02
4.9228723613e+02
4.9228137375e+02
4.9222683629e+02
4.9217724500e+02
4.9212785857e+02
4.9207867931e+02
4.9198661737e+02
4.9184748061e+02
4.9170860102e+02
4.9156998136e+02
4.9144626764e+02
4.9128831229e+02
4.9110961856e+02
4.9093168063e+02
4.9075401119e+02
4.9057661295e+02
4.9035052229e+02
4.9012329777e+02
4.8989637906e+02
4.8967017451e+02
4.8943394106e+02
4.8918491514e+02
4.8893620852e+02
4.8868782420e+02
4.8842721692e+02
4.8813474817e+02
4.8784263072e+02
4.8755086773e+02
4.8727078762e+02
4.8696389755e+02
4.8665708996e+02
4.8635069722e+02
4.8604466543e+02
4.8571474236e+02
4.8537816911e+02
4.8504197628e+02
4.8471303503e+02
4.8437148906e+02
4.8401505979e+02
4.8366113652e+02
4.8330817460e+02
4.8294090518e+02
4.8256189818e+02
4.8218989031e+02
4.8182118221e+02
4.8143706809e+02
4.8104232338e+02
4.8064801550e+02
4.8025598621e+02
4.7985061318e+02
4.7944177874e+02
4.7903454566e+02
4.7862776808e+02
4.7820755221e+02
4.7777607299e+02
4.7734506886e+02
4.7691454320e+02
4.7649017967e+02
4.7604039962e+02
4.7559530576e+02
4.7515070802e+02
4.7470660982e+02
4.7425371095e+02
4.7378217070e+02
4.7331115591e+02
4.7284067011e+02
4.7237858927e+02
4.7189900946e+02
4.7141433140e+02
4.7093181262e+02
4.7044983943e+02
4.6996841534e+02
4.6946018179e+02
4.6895096320e+02
4.6844232498e+02
4.6793695031e+02
4.6743710928e+02
4.6691409791e+02
4.6639242788e+02
4.6587134903e+02
4.6535086494e+02
4.6481814360e+02
4.6427556030e+02
4.6373360549e+02
4.6319228292e+02
4.6265225106e+02
4.6209327092e+02
4.6153732645e+02
4.6098202629e+02
4.6042737416e+02
4.5986912302e+02
4.5928713711e+02
4.5870583388e+02
4.5812521718e+02
4.5754529086e+02
4.5695498986e+02
4.5636345094e+02
4.5577260167e+02
4.5518244585e+02
4.5459298725e+02
4.5397604476e+02
4.5335923220e+02
4.5274363571e+02
4.5213407792e+02
4.5151120746e+02
4.5087703758e+02
4.5025022153e+02
4.4962543271e+02
4.4900139574e+02
4.4834661208e+02
4.4769115288e+02
4.4703647477e+02
4.4638749031e+02
4.4574123789e+02
4.4506373547e+02
4.4438699080e+02
4.4372307536e+02
4.4305995377e+02
4.4239485170e+02
4.4170098572e+02
4.4100799384e+02
4.4031656314e+02
4.3962597182e+02
4.3893622393e+02
4.3822192467e+02
4.3750723251e+02
4.3679342565e+02
4.3608050828e+02
4.3535419905e+02
4.3462837021e+02
4.3390342059e+02
4.3317935427e+02
4.3245617534e+02
4.3170122204e+02
4.3094689027e+02
4.3019348786e+02
4.2944175039e+02
4.2868010000e+02
4.2790112329e+02
4.2713647320e+02
4.2637273793e+02
4.2560992154e+02
4.2483296225e+02
4.2404101817e+02
4.2325004251e+02
4.2245432332e+02
4.2165792696e+02
4.2085226188e+02
4.2003516953e+02
4.1921909629e+02
4.1840404651e+02
4.1759002457e+02
4.1677114446e+02
4.1593640716e+02
4.1510265379e+02
4.1426988850e+02
4.1343811538e+02
4.1258540449e+02
4.1172705620e+02
4.1086974311e+02
4.1001354758e+02
4.0915096824e+02
4.0826479347e+02
4.0739049310e+02
4.0652127504e+02
4.0565305794e+02
4.0476545784e+02
4.0387128448e+02
4.0297664788e+02
4.0208275309e+02
4.0118117734e+02
4.0026264360e+02
3.9934518723e+02
3.9842881244e+02
3.9751352342e+02
3.9658602355e+02
3.9565599369e+02
3.9472699217e+02
3.9379902294e+02
3.9286714573e+02
3.9191115502e+02
3.9095623581e+02
3.9000239213e+02
3.8904476963e+02
3.8807632090e+02
3.8709126565e+02
3.8612635776e+02
3.8516686206e+02
3.8420837347e+02
3.8321559300e+02
3.8221762210e+02
3.8122068798e+02
3.8022479438e+02
3.7922704360e+02
3.7822855275e+02
3.7723104338e+02
3.7622679000e+02
3.7521182330e+02
3.7419772776e+02
3.7317457064e+02
3.7215241995e+02
3.7111517121e+02
3.7007819471e+02
3.6904225832e+02
3.6800736564e+02
3.6697123806e+02
3.6592271897e+02
3.6487510944e+02
3.6382841259e+02
3.6278263154e+02
3.6173078520e+02
3.6067244750e+02
3.5961505135e+02
3.5854300751e+02
3.5746572539e+02
3.5638906349e+02
3.5530967330e+02
3.5423120235e+02
3.5315365370e+02
3.5206901956e+02
3.5097043606e+02
3.4987422875e+02
3.4877890203e+02
3.4769317681e+02
3.4661069643e+02
3.4552363312e+02
3.4441775996e+02
3.4331164505e+02
3.4220625079e+02
3.4110149209e+02
3.3999707227e+02
3.3889338057e+02
3.3777723167e+02
3.3665564251e+02
3.3553623328e+02
3.3441792771e+02
3.3330030783e+02
3.3218200501e+02
3.3104820755e+02
3.2992118157e+02
3.2879478401e+02
3.2766901680e+02
3.2654406569e+02
3.2541390931e+02
3.2428417107e+02
3.2315485226e+02
3.2202595413e+02
3.2090700246e+02
3.1977621314e+02
3.1864096944e+02
3.1750606738e+02
3.1637150798e+02
3.1524866345e+02
3.1412636306e+02
3.1298095523e+02
3.1183580267e+02
3.1069348148e+02
3.0956907275e+02
3.0844489772e+02
3.0732095706e+02
3.0617493002e+02
3.0501989035e+02
3.0389140457e+02
3.0276677794e+02
3.0164226217e+02
3.0051785759e+02
2.9936420666e+02
2.9823608463e+02
2.9711228867e+02
2.9598847128e+02
2.9486463242e+02
2.9373270918e+02
2.9260898825e+02
2.9148900276e+02
2.9036886179e+02
2.8924995859e+02
2.8813099873e+02
2.8702388185e+02
2.8591106116e+02
2.8479789995e+02
2.8368439728e+02
2.8257055221e+02
2.8148191102e+02
2.8038017777e+02
2.7927797385e+02
2.7817529798e+02
2.7707214888e+02
2.7598349869e+02
2.7490303593e+02
2.7381470807e+02
2.7272576623e+02
2.7163620875e+02
2.7055106951e+02
2.6949927482e+02
2.6842694831e+02
2.6735292951e+02
2.6627815055e+02
2.6520260942e+02
2.6415546564e+02
2.6311779992e+02
2.6206002457e+02
2.6100133658e+02
2.5994173361e+02
2.5890190495e+02
2.5788751014e+02
2.5686485132e+02
2.5583193959e+02
2.5479799134e+02
2.5376300393e+02
2.5274161985e+02
2.5174740178e+02
2.5074390034e+02
2.4973922304e+02
2.4873336692e+02
2.4772632903e+02
2.4675422216e+02
2.4577728016e+02
2.4479801292e+02
2.4381744634e+02
2.4283557720e+02
2.4187007536e+02
2.4092413467e+02
2.3997607257e+02
2.3902660192e+02
2.3807571928e+02
2.3712342119e+02
2.3619719517e+02
2.3528060832e+02
2.3436141560e+02
2.3343974521e+02
2.3251642389e+02
2.3159192124e+02
2.3069808110e+02
2.2981393526e+02
2.2892802064e+02
2.2804033302e+02
2.2715086818e+02
2.2626621644e+02
2.2539797158e+02
2.2454771354e+02
2.2369560346e+02
2.2284163699e+02
2.2199253078e+02
2.2115002776e+02
2.2032032466e+02
2.1950151938e+02
2.1868079611e+02
2.1786761360e+02
2.1705491415e+02
2.1625080756e+02
2.1546335924e+02
2.1467376136e+02
2.1388220145e+02
2.1310721179e+02
2.1235064207e+02
2.1159145627e+02
2.1083027288e+02
2.1006708736e+02
2.0932348272e+02
2.0859916914e+02
2.0787270147e+02
2.0714419344e+02
2.0641364046e+02
2.0569396800e+02
2.0500303521e+02
2.0430952263e+02
2.0361392494e+02
2.0291623753e+02
2.0222771503e+02
2.0156705706e+02
2.0090631215e+02
2.0024395328e+02
1.9957947141e+02
1.9892126841e+02
1.9829309912e+02
1.9766543194e+02
1.9703861058e+02
1.9640964546e+02
1.9578145882e+02
1.9518473888e+02
1.9458849358e+02
1.9399616213e+02
1.9340168294e+02
1.9280505143e+02
1.9223937319e+02
1.9167477344e+02
1.9111549335e+02
1.9055406954e+02
1.8999049748e+02
1.8945143960e+02
1.8892354125e+02
1.8840541015e+02
1.8788517666e+02
1.8736283637e+02
1.8683942299e+02
1.8634668585e+02
1.8585195682e+02
1.8535507656e+02
1.8485604062e+02
1.8437198424e+02
1.8391035828e+02
1.8344664941e+02
1.8298085335e+02
1.8252558910e+02
1.8208213033e+02
1.8163654911e+02
1.8118884111e+02
1.8074050876e+02
1.8032938512e+02
1.7991621311e+02
1.7950098859e+02
1.7909422262e+02
1.7871098173e+02
1.7832493370e+02
1.7793416086e+02
1.7754129291e+02
1.7716071944e+02
1.7680137001e+02
1.7643609866e+02
1.7606884328e+02
1.7569959992e+02
1.7535739424e+02
1.7502867090e+02
1.7469806167e+02
1.7436556285e+02
1.7403082906e+02
1.7372280688e+02
1.7341424850e+02
1.7310382222e+02
1.7279152440e+02
1.7248235226e+02
1.7220590675e+02
1.7192766040e+02
1.7164760970e+02
1.7137051091e+02
1.7111252813e+02
1.7084778247e+02
1.7058121084e+02
1.7031280975e+02
1.7008020716e+02
1.6985255659e+02
1.6962318248e+02
1.6938459782e+02
1.6915673611e+02
1.6895449617e+02
1.6874223001e+02
1.6852695727e+02
1.6832075535e+02
1.6813742797e+02
1.6795246744e+02
1.6776784874e+02
1.6758835979e+02
1.6741590854e+02
1.6726174049e+02
1.6710599381e+02
1.6694866557e+02
1.6680369076e+02
1.6666625733e+02
1.6654649553e+02
1.6642523398e+02
1.6630246993e+02
1.6619556797e+02
1.6608894432e+02
1.6600146289e+02
1.6591255887e+02
1.6582687438e+02
1.6577660005e+02
1.6572504311e+02
1.6567220125e+02
1.6561771821e+02
1.6560681163e+02
1.6558459231e+02
1.6556113001e+02
1.6553642251e+02
1.6556974722e+02
1.6561325488e+02
1.6565644081e+02
1.6570131917e+02
1.6577138911e+02
1.6584591233e+02
1.6593215378e+02
1.6607533089e+02
1.6621776857e+02
1.6638216659e+02
1.6656105142e+02
1.6676152031e+02
1.6704493212e+02
1.6732811157e+02
1.6761182516e+02
1.6789831624e+02
1.6825921664e+02
