4.3643476757e-04 6.2853677567e-06
6.0553384841e-04 3.3338504565e-06
7.8506970681e-05 3.0994885859e-06
5.9138307288e-04 -3.5130400396e-06
3.7950009915e-04 2.9007319138e-07
3.9147629131e-04 -4.9586255121e-06
5.8775393242e-04 2.6848473495e-06
5.8527656386e-05 1.2177108497e-06
6.1080962492e-04 8.4576214950e-06
4.2334889369e-04 2.0722301695e-06
4.4832523048e-04 1.0083812570e-05
6.0207560284e-04 -1.9610759569e-06
9.5050318289e-05 4.4353703035e-06
5.9081862795e-04 -9.0618702250e-06
3.6826236262e-04 2.7266826791e-06
3.9515152830e-04 -9.2914731548e-06
5.8578688896e-04 6.9059958326e-06
3.9368233542e-05 3.7344244017e-07
6.1598330405e-04 1.3423168494e-05
4.2909779080e-04 2.5730497019e-07
4.6019952880e-04 1.3707404837e-05
5.9809555983e-04 -5.6674242485e-06
1.1303792348e-04 6.2372773951e-06
5.9573797804e-04 -1.5919142189e-05
3.5541934018e-04 5.3795126720e-06
4.2626450144e-04 -1.6246710478e-05
5.8154380749e-04 1.1438515497e-05
4.1979087481e-05 -1.5231177282e-06
6.2059982174e-04 2.1654300367e-05
3.9771976838e-04 -4.2565118117e-06
4.7333740453e-04 2.4354843026e-05
5.8630335030e-04 -1.1503518393e-05
1.3184061166e-04 1.0899874362e-05
5.9117598641e-04 -1.8963418825e-05
3.4080082391e-04 1.2066167540e-05
4.1636990452e-04 -1.6550434260e-05
5.7446877118e-04 1.9658386713e-05
6.1111381833e-05 -3.1629580751e-06
6.2160332418e-04 2.5487681652e-05
3.8514005567e-04 -1.0982886981e-05
4.8012006505e-04 2.4113477761e-05
5.7863434264e-04 -1.8440152857e-05
1.4764860325e-04 1.1416319925e-05
5.8926668982e-04 -2.2961684560e-05
3.3133016193e-04 1.2336575056e-05
4.2296116032e-04 -1.9570245990e-05
5.7356672065e-04 2.2015432333e-05
7.7912565531e-05 -5.1610226590e-06
6.2579097459e-04 3.1340576552e-05
3.6524245346e-04 -1.2198305680e-05
4.9387179273e-04 3.0123936929e-05
5.6598184722e-04 -2.1596663803e-05
1.6562125216e-04 1.4879659745e-05
5.9041185426e-04 -3.0836489343e-05
3.1488223912e-04 1.7990691045e-05
4.3568467436e-04 -2.9491173785e-05
5.6480521024e-04 2.9649374244e-05
9.8292571852e-05 -8.6667002876e-06
6.2403457058e-04 3.6378057550e-05
3.5381431541e-04 -1.5521434407e-05
4.9710566587e-04 3.4079582982e-05
5.5943669455e-04 -2.6390607393e-05
1.8176527824e-04 1.7403315690e-05
5.9026580927e-04 -3.2678567036e-05
3.0373466397e-04 1.6980139443e-05
4.4277256595e-04 -2.7502434946e-05
5.6110289609e-04 3.0372869533e-05
1.1291397351e-04 -9.3725275962e-06
6.2797446254e-04 4.1901145662e-05
3.3955387290e-04 -1.7723970685e-05
5.0983318383e-04 3.8881550898e-05
5.5143692133e-04 -3.0228639517e-05
1.9709268290e-04 2.0300807874e-05
5.8671113223e-04 -3.8398717023e-05
2.8638146147e-04 2.1461401033e-05
4.4660691512e-04 -3.4768524986e-05
5.5395758430e-04 3.7814563734e-05
1.2838325527e-04 -1.3282812024e-05
6.2965994867e-04 4.8178279943e-05
3.2486286576e-04 -2.0556592428e-05
5.1837009385e-04 4.6156421212e-05
5.4155951822e-04 -3.4773474808e-05
2.1283020180e-04 2.5163585374e-05
5.8258418361e-04 -4.2861329285e-05
2.7010392141e-04 2.4122195518e-05
4.5045647992e-04 -3.7675594309e-05
5.4471335533e-04 4.2999157645e-05
1.4251684928e-04 -1.5284605457e-05
3.1142460585e-04 -2.2504377555e-05
6.2738085848e-04 5.4852661324e-05
5.3360163867e-04 -3.8626896365e-05
5.2753908637e-04 5.7295802765e-05
5.7784806179e-04 -4.7486558784e-05
2.2932195227e-04 3.2545065909e-05
4.5185138248e-04 -4.2527201564e-05
2.5154526227e-04 2.6546945133e-05
1.5727850199e-04 -1.8759954518e-05
5.3341275749e-04 4.8008473884e-05
2.9929881700e-04 -2.5418572914e-05
6.2756707352e-04 5.9943168918e-05
5.2538657882e-04 -4.3019429923e-05
5.2935082986e-04 5.6365109814e-05
5.7283994069e-04 -5.0821150687e-05
2.4160981630e-04 3.2232034413e-05
4.5438553800e-04 -4.4732202334e-05
2.3831559516e-04 2.6836608108e-05
1.7025336903e-04 -2.0723706811e-05
5.2708314753e-04 5.0465514548e-05
2.8293505211e-04 -2.2791900364e-05
6.2408963956e-04 6.4860897332e-05
5.1419181356e-04 -4.1974322758e-05
5.3717277930e-04 6.2048189141e-05
5.7073042869e-04 -5.6170043647e-05
2.5652970693e-04 3.6642968725e-05
4.6395630496e-04 -5.2320810246e-05
2.2123924750e-04 2.8972383543e-05
1.8606723985e-04 -2.5769338514e-05
5.1862909473e-04 5.5956073645e-05
2.6311728359e-04 -2.8453728619e-05
6.2182892260e-04 7.0637914406e-05
4.9772732786e-04 -5.0167884135e-05
5.4170371508e-04 6.8313597428e-05
5.6380070620e-04 -6.0038658483e-05
2.7018588056e-04 4.1527159987e-05
4.6507051961e-04 -5.4966445862e-05
2.0386150746e-04 3.0127795379e-05
1.9895964435e-04 -2.8305045797e-05
5.0729128633e-04 5.9881079531e-05
2.4942084377e-04 -2.9242155716e-05
6.1898534635e-04 7.5896607321e-05
4.8825288479e-04 -5.2627410785e-05
5.4636257066e-04 7.3454355673e-05
5.6045901399e-04 -6.3252035060e-05
2.8204944860e-04 4.5533114249e-05
4.7275574429e-04 -5.6440145912e-05
1.8444969803e-04 3.0541354073e-05
2.1224872216e-04 -2.9681349263e-05
2.2998426237e-04 -2.9461765146e-05
4.9645621850e-04 6.3414552529e-05
4.7244101312e-04 -5.5074830204e-05
6.1679409584e-04 8.0994795847e-05
5.5120536460e-04 -6.6816329221e-05
5.4947598747e-04 7.7775666779e-05
4.7058474463e-04 -6.3006911944e-05
2.9338061247e-04 4.8965655718e-05
2.2242603862e-04 -3.5186692243e-05
1.6750510111e-04 3.0085893593e-05
2.1449693367e-04 -2.9837321001e-05
4.8725277945e-04 6.5497513176e-05
4.6006618662e-04 -5.6953613164e-05
6.1259663260e-04 8.5786694532e-05
5.4595464245e-04 -7.1229091116e-05
5.5127017627e-04 8.5833417058e-05
4.7578052451e-04 -6.7329550455e-05
3.0466090192e-04 5.6033123354e-05
2.3537494511e-04 -3.8725710471e-05
1.5031865525e-04 3.1072037968e-05
1.9878512249e-04 -3.0906303571e-05
4.7579835694e-04 7.0503559061e-05
4.4853469379e-04 -6.0598757513e-05
6.0648650655e-04 9.1528385836e-05
5.3968499110e-04 -7.4818657031e-05
5.5268878241e-04 8.9187147726e-05
4.6656977579e-04 -7.0317144784e-05
3.1512530810e-04 5.8626354517e-05
2.3822662905e-04 -4.1676031449e-05
1.3097712247e-04 3.1216919888e-05
1.8834337797e-04 -3.1073179827e-05
4.6233046402e-04 7.4617900457e-05
4.4425471509e-04 -6.2595789488e-05
6.0125092601e-04 9.6145995256e-05
5.3158494501e-04 -7.7752003462e-05
4.6614096617e-04 -7.4417686146e-05
5.5317280193e-04 9.3242490216e-05
2.4865672707e-04 -4.5735257226e-05
3.2347357139e-04 6.2272404999e-05
1.7330181968e-04 -3.0720316288e-05
1.1125298652e-04 2.8962905754e-05
4.3039869082e-04 -6.3684810813e-05
4.5031654502e-04 7.3129515361e-05
5.2279211603e-04 -8.0676781400e-05
5.9621693419e-04 9.8962151128e-05
4.6961666672e-04 -7.9016077900e-05
5.5406990234e-04 1.0068694977e-04
2.6048118270e-04 -5.0055649068e-05
3.3208185130e-04 6.9312004006e-05
1.5308611650e-04 -3.0781487916e-05
9.1735295677e-05 2.6550705862e-05
4.1083791455e-04 -6.6381340053e-05
4.3855895179e-04 7.1088029036e-05
5.1604511863e-04 -8.3919219339e-05
5.8890227486e-04 1.0179111584e-04
4.6307359339e-04 -8.1772007396e-05
5.5843302131e-04 1.0748590659e-04
2.6219192859e-04 -5.2830875747e-05
3.4633957091e-04 7.5908424261e-05
1.3812596844e-04 -2.7796075545e-05
7.0210558646e-05 2.7890083298e-05
3.9935721502e-04 -6.2286926068e-05
4.1919011084e-04 8.2125831964e-05
5.0618884263e-04 -8.4555957564e-05
5.7856964395e-04 1.1029448269e-04
4.6664708441e-04 -8.4089193090e-05
2.7551428103e-04 -5.5416952862e-05
5.5484739567e-04 1.1178495707e-04
1.2494417150e-04 -2.9468516682e-05
3.5219409973e-04 7.9905970261e-05
3.9081949651e-04 -6.9781652268e-05
5.2408455859e-05 2.5674543826e-05
4.9918402189e-04 -8.9016712113e-05
4.0547643344e-04 8.0375808591e-05
4.5885215633e-04 -8.7262959068e-05
5.7075626800e-04 1.1243067797e-04
2.7678418836e-04 -5.9132977405e-05
5.5505079605e-04 1.1640820206e-04
1.0980469962e-04 -2.8538987374e-05
3.5967041228e-04 8.3925480262e-05
3.7718536386e-04 -6.9735982242e-05
2.8977783683e-05 2.3140686562e-05
4.8987558996e-04 -9.1055764046e-05
3.8886830380e-04 8.4368696187e-05
4.5779692763e-04 -9.1315564905e-05
5.6231531695e-04 1.1803282412e-04
2.8425362592e-04 -6.3508259992e-05
5.5420661511e-04 1.2298262615e-04
9.1832371082e-05 -2.7307346732e-05
3.6793278827e-04 9.1305335303e-05
3.5632410453e-04 -7.0068356440e-05
4.7722182731e-04 -9.3059963473e-05
1.1052687758e-05 2.1527267545e-05
4.5452988390e-04 -9.3814006076e-05
3.7185997346e-04 8.5689494116e-05
2.8958076500e-04 -6.6238106342e-05
5.5074072750e-04 1.2190657032e-04
7.7571345412e-05 -2.5992453469e-05
5.5230223922e-04 1.2992675305e-04
3.4468876405e-04 -7.1199379865e-05
3.7579217917e-04 9.9118515542e-05
4.6839909747e-04 -9.5313384752e-05
1.7433179748e-05 2.4031896226e-05
4.5298895286e-04 -9.7313314857e-05
3.5511562288e-04 8.7808978246e-05
2.9675969912e-04 -7.0409494248e-05
5.3953632040e-04 1.2601889451e-04
6.1949872790e-05 -2.4384077722e-05
5.4613468680e-04 1.3226969338e-04
3.2731524467e-04 -7.0230780826e-05
3.7806640068e-04 1.0065518188e-04
4.5698104377e-04 -9.6584632389e-05
3.5221491463e-05 2.8262931872e-05
4.5197630010e-04 -1.0528569073e-04
3.0423882842e-04 -8.0745269693e-05
3.3937505358e-04 8.5928673260e-05
4.6862834587e-05 -2.3485315047e-05
5.2852692534e-04 1.2720163068e-04
3.1525435234e-04 -7.2535374110e-05
5.4346190053e-04 1.3767808927e-04
4.4736468372e-04 -9.9221438435e-05
3.8472406438e-04 1.0733743344e-04
4.4462038755e-04 -1.0242714957e-04
5.0510118689e-05 3.3204291279e-05
3.0463175689e-04 -7.6558816973e-05
3.2176804320e-04 8.8978406950e-05
3.3808026044e-05 -2.1344822985e-05
5.1590241779e-04 1.3209861257e-04
3.0134332682e-04 -7.1379024864e-05
5.3781065888e-04 1.4061293906e-04
4.3599870266e-04 -9.9642667141e-05
3.8775568576e-04 1.0983833356e-04
4.4157497225e-04 -1.0540948735e-04
6.4368429045e-05 3.6944838896e-05
3.1112839724e-04 -8.0979621685e-05
3.9851249988e-05 -2.3601707203e-05
3.0744293334e-04 8.8711126600e-05
2.8708948684e-04 -7.2373784168e-05
5.0535853861e-04 1.3433719448e-04
4.2530562627e-04 -1.0162590671e-04
5.2992605166e-04 1.4415812977e-04
4.3301970082e-04 -1.0585007561e-04
3.8822166019e-04 1.1432138021e-04
3.0780438503e-04 -8.1158013269e-05
7.7992848109e-05 4.1491921582e-05
5.2295297320e-05 -2.6942483392e-05
2.9093572642e-04 8.7421402280e-05
2.7890469574e-04 -7.2672757851e-05
4.9376527340e-04 1.3611435312e-04
4.1765327586e-04 -1.0301937235e-04
5.2679704404e-04 1.4955777425e-04
4.2904900840e-04 -1.0926591787e-04
3.9521859164e-04 1.2152627745e-04
3.1416204302e-04 -8.6834417966e-05
6.4076247061e-05 -3.1263044448e-05
9.1805031977e-05 4.7105609911e-05
2.6098788511e-04 -7.1069577856e-05
2.7112583233e-04 8.7473645457e-05
4.0352800581e-04 -1.0308272309e-04
4.7808239382e-04 1.3879576504e-04
4.2207080247e-04 -1.1161339918e-04
5.1836790921e-04 1.5381664968e-04
3.1376577089e-04 -9.0201143818e-05
3.9573488097e-04 1.2804636869e-04
7.4887384204e-05 -3.5194404762e-05
1.0449994746e-04 5.2968684305e-05
2.4770962185e-04 -7.0585937690e-05
2.5346193729e-04 8.6492136325e-05
3.9241461708e-04 -1.0396128629e-04
4.6401296632e-04 1.4024889022e-04
4.1454842966e-04 -1.1328989492e-04
5.1035227746e-04 1.5609777998e-04
3.1245337056e-04 -9.2338201909e-05
8.4427578403e-05 -3.8632790365e-05
3.9373383827e-04 1.2944932349e-04
2.3812767429e-04 -7.1645448899e-05
1.1488593868e-04 5.6573864017e-05
3.8383479781e-04 -1.0596106451e-04
2.3827793404e-04 8.4618836268e-05
4.0634198502e-04 -1.1451729766e-04
4.5186728257e-04 1.4085886169e-04
3.1317820330e-04 -9.5001776432e-05
5.0133796572e-04 1.5929712188e-04
9.5014100102e-05 -4.2711617627e-05
3.9499666367e-04 1.3510236479e-04
2.1987806743e-04 -6.9657922602e-05
1.2615359011e-04 6.2195132426e-05
3.6738447986e-04 -1.0516620688e-04
2.1855455457e-04 8.3742893492e-05
3.9880424331e-04 -1.1634241954e-04
3.1216291984e-04 -9.8304646578e-05
4.3547370612e-04 1.4263432595e-04
1.0346652838e-04 -4.6688020652e-05
4.9282844292e-04 1.6167301763e-04
2.0798520851e-04 -6.9244108099e-05
3.9131368006e-04 1.3709479134e-04
3.5698582577e-04 -1.0576670396e-04
1.3377195852e-04 6.5688166343e-05
3.9038489733e-04 -1.1690620013e-04
2.0478036538e-04 8.2069792856e-05
3.0977983562e-04 -9.9159767582e-05
4.2501558721e-04 1.4361549578e-04
1.1041419243e-04 -4.9431173986e-05
4.8107642854e-04 1.6368252345e-04
1.9670764693e-04 -6.7214714984e-05
3.8940922725e-04 1.4116545883e-04
3.4673518490e-04 -1.0478545857e-04
3.7939224435e-04 -1.1760830774e-04
1.4342427992e-04 7.0832534314e-05
3.0536854360e-04 -1.0100838741e-04
1.8513460211e-04 7.9421323716e-05
1.1809375318e-04 -5.3208050800e-05
4.0676974600e-04 1.4320983727e-04
1.8284119446e-04 -6.8010514173e-05
4.7072105526e-04 1.6611462031e-04
3.3320772584e-04 -1.0687399321e-04
3.8715118477e-04 1.4602087072e-04
3.7200213276e-04 -1.1963189634e-04
1.5181692068e-04 7.6567605031e-05
3.0496028276e-04 -1.0523404187e-04
1.6701955240e-04 7.7718480286e-05
1.2420900463e-04 -5.7809256767e-05
1.6702958176e-04 -6.6421201953e-05
3.8981728871e-04 1.4394701769e-04
3.1831324357e-04 -1.0618719333e-04
4.5844926481e-04 1.6832768573e-04
3.6181185579e-04 -1.2083944478e-04
3.8257554125e-04 1.4982097392e-04
3.0098085544e-04 -1.0799931172e-04
1.5841754791e-04 8.1553690340e-05
1.2948753880e-04 -6.1838531670e-05
1.4881904329e-04 7.4863636900e-05
1.5391262900e-04 -6.5419100892e-05
3.7271349382e-04 1.4327179409e-04
3.0549916282e-04 -1.0603333109e-04
4.4689224477e-04 1.7061128687e-04
3.5166958948e-04 -1.2173162833e-04
2.9623140276e-04 -1.0989499822e-04
3.7966046337e-04 1.5424213789e-04
1.3365767716e-04 -6.5391732202e-05
1.6490669170e-04 8.7047991311e-05
1.4067370650e-04 -6.4749434907e-05
1.3035491973e-04 7.2997101850e-05
2.9206191730e-04 -1.0619795580e-04
3.5511865930e-04 1.4386090631e-04
3.4031462254e-04 -1.2231061705e-04
4.3224062518e-04 1.7148246530e-04
2.8908243674e-04 -1.1096651023e-04
3.7143409189e-04 1.5594850902e-04
1.3618646805e-04 -6.8369702876e-05
1.6878294545e-04 9.1178035893e-05
1.2961448699e-04 -6.4585264764e-05
2.8119931443e-04 -1.0719182530e-04
1.1306886806e-04 7.0363436358e-05
3.2861285565e-04 -1.2298632256e-04
3.3712170915e-04 1.4272639096e-04
2.8303030165e-04 -1.1285578959e-04
4.1715033466e-04 1.7222928525e-04
1.3884918954e-04 -7.2009078291e-05
3.6270320064e-04 1.5921791082e-04
1.1581314018e-04 -6.3398862367e-05
1.7161370098e-04 9.6542203360e-05
2.6617127159e-04 -1.0636846808e-04
9.5661300535e-05 6.8159337378e-05
3.1659596914e-04 -1.2358882101e-04
2.7934960331e-04 -1.1597970682e-04
3.1830569326e-04 1.4201784188e-04
1.4257269152e-04 -7.6482231780e-05
4.0073664489e-04 1.7229203460e-04
9.8743534083e-05 -6.1716151872e-05
3.5166324405e-04 1.5921867402e-04
2.4556733822e-04 -1.0467953462e-04
1.7217072865e-04 9.9296946899e-05
3.0330529560e-04 -1.2413871000e-04
7.8911844531e-05 6.4938279936e-05
2.6673364846e-04 -1.1835438277e-04
2.9989244601e-04 1.3933680793e-04
1.3937910707e-04 -8.0764566492e-05
8.8957244207e-05 -6.1620670792e-05
3.8257554617e-04 1.7247001199e-04
2.3606939973e-04 -1.0467415807e-04
3.4105026138e-04 1.6342572204e-04
2.9011959141e-04 -1.2431001496e-04
1.7335930135e-04 1.0575832446e-04
2.5982053513e-04 -1.1890926032e-04
6.0908419003e-05 6.3788903319e-05
1.4031057728e-04 -8.3526482524e-05
2.7706200492e-04 1.4030060330e-04
7.4974916073e-05 -6.1853020194e-05
3.6183823485e-04 1.7332176682e-04
2.1974802849e-04 -1.0552412709e-04
2.7560286981e-04 -1.2501223863e-04
3.2651002041e-04 1.6477561345e-04
2.4843902683e-04 -1.1976695323e-04
1.7027114651e-04 1.0983506514e-04
1.3686629685e-04 -8.6299212070e-05
4.2852692032e-05 6.2179779598e-05
6.1737333249e-05 -6.1974769420e-05
2.5481909779e-04 1.3915323782e-04
2.0437478200e-04 -1.0621985821e-04
3.3836260958e-04 1.7284386795e-04
2.5929226679e-04 -1.2557434566e-04
3.0949648671e-04 1.6714070222e-04
2.3754201464e-04 -1.2160287264e-04
1.3399723515e-04 -9.0318324577e-05
1.6561954623e-04 1.1571405863e-04
4.6471019426e-05 -6.2274065570e-05
2.3635025732e-05 6.1613295764e-05
1.8471854982e-04 -1.0594338722e-04
2.2804218573e-04 1.3826715316e-04
2.4041184357e-04 -1.2609921193e-04
3.1173059003e-04 1.7236690123e-04
2.2303250069e-04 -1.2407422827e-04
2.8827986655e-04 1.6810876177e-04
1.2767324044e-04 -9.5242091119e-05
1.5592141154e-04 1.2052814770e-04
3.1688965854e-05 -6.4116624896e-05
1.6561789088e-04 -1.0723162881e-04
3.4253643159e-06 6.2548020819e-05
2.1957869158e-04 -1.2751155319e-04
2.0000293844e-04 1.3814435381e-04
2.0567820715e-04 -1.2703166578e-04
2.7874534902e-04 1.7194752152e-04
1.1846855521e-04 -1.0083303970e-04
2.6012609929e-04 1.7060563094e-04
1.5040685260e-05 -6.7276338305e-05
1.4150756616e-04 1.2824930331e-04
1.4388814499e-04 -1.0951892195e-04
1.9452281306e-04 -1.3010584641e-04
-1.8776646447e-05 6.7217035912e-05
1.8492229536e-04 -1.3125554712e-04
1.6503420879e-04 1.4118709610e-04
1.0667006693e-04 -1.0779944244e-04
2.3661260627e-04 1.7372820373e-04
-3.9366565791e-06 -7.2921574002e-05
2.1826266442e-04 1.7360784895e-04
1.1927504262e-04 -1.1581348585e-04
1.1171154633e-04 1.3597905243e-04
1.6314671851e-04 -1.3501686359e-04
1.5393934911e-04 -1.3592179120e-04
-4.9135551570e-05 7.3010226072e-05
8.4342061726e-05 -1.1676720957e-04
1.2243804832e-04 1.3816062003e-04
-3.0623464565e-05 -8.4682788798e-05
1.7423732465e-04 1.6710656079e-04
8.7867675390e-05 -1.2751232967e-04
1.5476293499e-04 1.5958209179e-04
1.1490360635e-04 -1.4429984820e-04
6.6212577406e-05 1.3559390985e-04
1.0221664544e-04 -1.3839240748e-04
4.2370901194e-05 -1.2901843263e-04
-9.2856206203e-05 1.1872141896e-04
-7.8961662584e-05 -1.3006916203e-04
1.3688227051e-04 2.5360927012e-04
1.0059466968e-04 -2.1928693444e-04
1.0661180192e-04 1.9897540077e-04
5.0234170853e-05 -1.6620648706e-04
-2.8745474766e-04 1.9757606290e-05
-2.9148123893e-04 4.8836860942e-05
-4.7380989607e-04 -6.8325392692e-05
-4.3804719154e-04 1.4867226395e-04
-1.7433612900e-04 -5.0319081070e-05
-1.8248667741e-04 2.7913102446e-05
