-2.3283461513e-06 -1.8759114941e-09
3.1372544481e-01 -4.3845610843e-07
6.2095183550e-01 -4.7355198633e-07
9.2168148207e-01 9.5001235227e-08
1.2159225016e+00 6.8334041763e-08
1.5036779722e+00 -3.2878829399e-07
1.7849565757e+00 -5.4968297964e-07
2.0597599058e+00 -3.0586247330e-07
2.3280944238e+00 6.5807207763e-08
2.5899585479e+00 -1.0723930482e-07
2.8453674877e+00 -5.4603915650e-07
3.0943258133e+00 -7.7482001428e-07
3.3368227928e+00 -6.6948884172e-07
3.5728826038e+00 -3.4315394451e-07
3.8024981198e+00 2.2062222272e-07
4.0256759536e+00 9.2303902852e-07
4.2424241658e+00 6.7642414152e-07
4.4527381790e+00 -6.6771171798e-07
4.6566399995e+00 -2.0242069601e-06
4.8541161046e+00 -2.0373232827e-06
5.0451755467e+00 -9.4410930886e-07
5.2298378414e+00 -2.4454078543e-07
5.4080825278e+00 -3.9946319768e-07
5.5799306674e+00 -9.3805884385e-07
5.7453741236e+00 -2.8967549530e-07
5.9044180466e+00 1.3181371517e-06
6.0570686571e+00 3.2642029208e-06
6.2033371917e+00 4.5988555662e-06
6.3432227356e+00 5.3171493365e-06
6.4767303323e+00 4.8440354188e-06
6.6038439272e+00 2.8439166603e-06
6.7246026016e+00 2.8539841481e-06
6.8389802269e+00 2.5424865668e-06
6.9469818746e+00 1.7928419698e-06
7.0486189263e+00 8.1047415815e-07
7.1439076316e+00 8.7332110506e-08
7.2328084392e+00 -4.1688375161e-07
7.3153583446e+00 -1.3646844052e-06
7.3915661893e+00 -2.9187227864e-06
7.4614071225e+00 -3.8297973930e-06
7.5248968619e+00 -3.1271426231e-06
7.5820269808e+00 -1.9808234116e-06
7.6328116376e+00 -2.4311115713e-06
7.6772409895e+00 -5.0333730199e-06
7.7153292104e+00 -5.9411097448e-06
7.7470494843e+00 -4.9126386354e-06
7.7724214624e+00 -3.4512343808e-06
7.7914643881e+00 -3.4039942390e-06
7.8041715214e+00 -4.7199124382e-06
7.8105181699e+00 -5.8716322636e-06
7.8105159516e+00 -5.7032185744e-06
7.8041797853e+00 -5.0907928917e-06
7.7914855113e+00 -5.2349925109e-06
7.7724448591e+00 -4.6705783363e-06
7.7470689318e+00 -4.6928628334e-06
7.7153303201e+00 -4.2103482521e-06
7.6772550724e+00 -3.3642108377e-06
7.6328255433e+00 -3.6824731196e-06
7.5820305330e+00 -4.2953043923e-06
7.5248994810e+00 -4.5776959255e-06
7.4614224833e+00 -4.4243769866e-06
7.3915943362e+00 -3.5257371306e-06
7.3154007101e+00 -3.3687633469e-06
7.2328337583e+00 -4.1232625327e-06
7.1439285111e+00 -4.4346876039e-06
7.0486505606e+00 -3.9720589068e-06
6.9470030361e+00 -2.6625474274e-06
6.8389941337e+00 -1.9828993249e-06
6.7246137647e+00 -2.2365129248e-06
6.6038765672e+00 -2.9631950267e-06
6.4767499533e+00 -2.7600634965e-06
6.3432407852e+00 -1.4027626689e-06
6.2033715169e+00 -6.5102601235e-07
6.0570921413e+00 -4.0330510614e-07
5.9044223944e+00 -7.0655981686e-07
5.7453749700e+00 -1.0097643995e-06
5.5799414662e+00 -8.1298336732e-07
5.4080892924e+00 -1.0467394633e-06
5.2298442395e+00 -1.2953782978e-06
5.0451885367e+00 -1.1266750837e-06
4.8541208837e+00 -6.2990885441e-07
4.6566542710e+00 3.4940336105e-07
4.4527573655e+00 1.0607211157e-06
4.2424333554e+00 8.4197761206e-07
4.0256867684e+00 -1.7492431993e-07
3.8025071860e+00 -5.4939196043e-07
3.5728809620e+00 -7.8348140765e-08
3.3368273975e+00 3.2585466884e-07
3.0943235057e+00 4.5242143928e-07
2.8453688562e+00 1.2676216720e-07
2.5899602013e+00 -1.5994686564e-07
2.3280924514e+00 -4.1758263591e-07
2.0597600732e+00 -4.9014396208e-07
1.7849562780e+00 -3.3221150976e-07
1.5036812897e+00 1.1079352658e-07
1.2159239907e+00 4.2940938769e-07
9.2167965687e-01 2.5508671411e-07
6.2095073163e-01 -1.3731357416e-07
3.1372421360e-01 -2.5986816400e-07
-2.5699921890e-06 -1.2170963746e-10
