-1.1078079315e-06 2.6711364355e-07
2.7266523724e-01 -2.2814414988e-04
5.3956744999e-01 -9.0454643661e-04
8.0068405254e-01 -2.0087143519e-03
1.0560057947e+00 -3.5236383528e-03
1.3055267858e+00 -5.4331862876e-03
1.5492261365e+00 -7.7192286508e-03
1.7871070799e+00 -1.0365230025e-02
2.0191524680e+00 -1.3354349596e-02
2.2453705348e+00 -1.6669510407e-02
2.4657413206e+00 -2.0295101910e-02
2.6802710227e+00 -2.4214523383e-02
2.8889631933e+00 -2.8412483354e-02
3.0918064039e+00 -3.2873066903e-02
3.2888163848e+00 -3.7580632262e-02
3.4799804942e+00 -4.2521242593e-02
3.6653084529e+00 -4.7679491600e-02
3.8448031703e+00 -5.3039920243e-02
4.0184521063e+00 -5.8587582111e-02
4.1862887779e+00 -6.4308462494e-02
4.3482967707e+00 -7.0191757702e-02
4.5044799071e+00 -7.6220355711e-02
4.6548525855e+00 -8.2381737167e-02
4.7994352741e+00 -8.8663984597e-02
4.9382068084e+00 -9.5054257275e-02
5.0711854297e+00 -1.0153583560e-01
5.1983814234e+00 -1.0809910832e-01
5.3197924067e+00 -1.1473091851e-01
5.4354344588e+00 -1.2142001328e-01
5.5453258967e+00 -1.2815480356e-01
5.6494355149e+00 -1.3492180704e-01
5.7478116771e+00 -1.4170951903e-01
5.8404560240e+00 -1.4850674267e-01
5.9273571959e+00 -1.5530215321e-01
6.0085439563e+00 -1.6208329811e-01
6.0840169666e+00 -1.6884045100e-01
6.1537738596e+00 -1.7556383759e-01
6.2178387385e+00 -1.8223791574e-01
6.2762151803e+00 -1.8885483524e-01
6.3289096023e+00 -1.9540623342e-01
6.3759339791e+00 -2.0187432923e-01
6.4172943567e+00 -2.0825352009e-01
6.4529989064e+00 -2.1453491682e-01
6.4830568197e+00 -2.2070000572e-01
6.5074957574e+00 -2.2674359162e-01
6.5263020981e+00 -2.3265688208e-01
6.5394920777e+00 -2.3842611885e-01
6.5470857393e+00 -2.4404124447e-01
6.5490661747e+00 -2.4949009170e-01
6.5454744334e+00 -2.5476005638e-01
6.5363053292e+00 -2.5984652253e-01
6.5215650623e+00 -2.6473188107e-01
6.5012781944e+00 -2.6941067865e-01
6.4754650516e+00 -2.7386621413e-01
6.4440870268e+00 -2.7808732712e-01
6.4072196457e+00 -2.8206896874e-01
6.3648406199e+00 -2.8578962777e-01
6.3169784440e+00 -2.8924430993e-01
6.2636416098e+00 -2.9242086758e-01
6.2048332279e+00 -2.9530552795e-01
6.1405838246e+00 -2.9788303894e-01
6.0709140073e+00 -3.0014147389e-01
5.9958311044e+00 -3.0207072483e-01
5.9153584509e+00 -3.0365455369e-01
5.8295177683e+00 -3.0487934123e-01
5.7383194013e+00 -3.0572998956e-01
5.6417976869e+00 -3.0619350268e-01
5.5399800788e+00 -3.0625842305e-01
5.4328905905e+00 -3.0590328790e-01
5.3205611898e+00 -3.0511601528e-01
5.2029946014e+00 -3.0387928347e-01
5.0802537417e+00 -3.0217861326e-01
4.9523735689e+00 -2.9999584998e-01
4.8193908462e+00 -2.9731428079e-01
4.6813524556e+00 -2.9411594458e-01
4.5382975939e+00 -2.9038347661e-01
4.3902888551e+00 -2.8609980082e-01
4.2373678329e+00 -2.8124121528e-01
4.0796168321e+00 -2.7578940623e-01
3.9170987238e+00 -2.6973032756e-01
3.7499027800e+00 -2.6304238125e-01
3.5781012903e+00 -2.5569766088e-01
3.4017993919e+00 -2.4768365194e-01
3.2211006114e+00 -2.3897725306e-01
3.0361511164e+00 -2.2956166133e-01
2.8470798220e+00 -2.1940672637e-01
2.6540516796e+00 -2.0849896972e-01
2.4572638016e+00 -1.9682626379e-01
2.2569204093e+00 -1.8436145183e-01
2.0532846306e+00 -1.7108314055e-01
1.8466873012e+00 -1.5699326981e-01
1.6374799397e+00 -1.4207878611e-01
1.4261199573e+00 -1.2632759520e-01
1.2132052964e+00 -1.0975143632e-01
9.9950308433e-01 -9.2385376443e-02
7.8608353898e-01 -7.4304095461e-02
5.7445267575e-01 -5.5568224162e-02
3.6714388340e-01 -3.6346280211e-02
1.6932340166e-01 -1.6641077649e-02
-1.7618111100e-05 8.9092215407e-07
