-3.8855263567e-07 2.6545656464e-06
3.0032763154e-01 -5.5324848914e-04
5.9392160165e-01 -2.1873943638e-03
8.8074009900e-01 -4.8451244294e-03
1.1607494963e+00 -8.4992110059e-03
1.4339419921e+00 -1.3093834063e-02
1.7002885243e+00 -1.8589306968e-02
1.9597806569e+00 -2.4944799368e-02
2.2124135961e+00 -3.2106739340e-02
2.4581799493e+00 -4.0047040898e-02
2.6970807757e+00 -4.8714880928e-02
2.9290769860e+00 -5.8074384762e-02
3.1542231848e+00 -6.8081210636e-02
3.3724885456e+00 -7.8693056483e-02
3.5838943006e+00 -8.9878710183e-02
3.7884505806e+00 -1.0159176983e-01
3.9861584177e+00 -1.1380191619e-01
4.1770540873e+00 -1.2646968512e-01
4.3611337059e+00 -1.3955867016e-01
4.5384259040e+00 -1.5303394252e-01
4.7089368312e+00 -1.6685841564e-01
4.8726958684e+00 -1.8099662094e-01
5.0297190741e+00 -1.9541805752e-01
5.1800228836e+00 -2.1008768720e-01
5.3236362802e+00 -2.2497366817e-01
5.4605694113e+00 -2.4004714262e-01
5.5908605550e+00 -2.5526881308e-01
5.7145233701e+00 -2.7061621962e-01
5.8315767457e+00 -2.8605003769e-01
5.9420451154e+00 -3.0154648572e-01
6.0459674363e+00 -3.1707613553e-01
6.1433548376e+00 -3.3261108366e-01
6.2342388192e+00 -3.4812087038e-01
6.3186286063e+00 -3.6357221302e-01
6.3965723063e+00 -3.7894627275e-01
6.4680796840e+00 -3.9421039919e-01
6.5331788078e+00 -4.0933902030e-01
6.5918838697e+00 -4.2430674248e-01
6.6442367114e+00 -4.3908523916e-01
6.6902489533e+00 -4.5364278924e-01
6.7299485532e+00 -4.6795832817e-01
6.7633863648e+00 -4.8201073130e-01
6.7905567681e+00 -4.9576553970e-01
6.8114958408e+00 -5.0920336877e-01
6.8262314125e+00 -5.2229109802e-01
6.8347879999e+00 -5.3500867105e-01
6.8371735617e+00 -5.4732553783e-01
6.8334352773e+00 -5.5922114491e-01
6.8236009056e+00 -5.7066845219e-01
6.8077046213e+00 -5.8164068811e-01
6.7857554837e+00 -5.9211335882e-01
6.7577743418e+00 -6.0205081598e-01
6.7238116454e+00 -6.1143778200e-01
6.6839003924e+00 -6.2024924622e-01
6.6380550305e+00 -6.2844666681e-01
6.5863494266e+00 -6.3601183936e-01
6.5287543855e+00 -6.4291652254e-01
6.4653453154e+00 -6.4913513958e-01
6.3961710819e+00 -6.5463871056e-01
6.3212268964e+00 -6.5939385928e-01
6.2405888257e+00 -6.6337976427e-01
6.1542753099e+00 -6.6656817074e-01
6.0623632718e+00 -6.6892448578e-01
5.9648976171e+00 -6.7042483286e-01
5.8619049603e+00 -6.7103747944e-01
5.7534625089e+00 -6.7073339175e-01
5.6396172624e+00 -6.6948698029e-01
5.5204288742e+00 -6.6726778997e-01
5.3959805729e+00 -6.6403958998e-01
5.2663352995e+00 -6.5977725866e-01
5.1315877544e+00 -6.5445715731e-01
4.9917943423e+00 -6.4804118231e-01
4.8470644856e+00 -6.4050357942e-01
4.6974936271e+00 -6.3181119106e-01
4.5431965834e+00 -6.2193957644e-01
4.3842772403e+00 -6.1086686800e-01
4.2208885074e+00 -5.9855176098e-01
4.0531398642e+00 -5.8497439865e-01
3.8812062751e+00 -5.7011623960e-01
3.7052468138e+00 -5.5395056305e-01
3.5254563845e+00 -5.3646025516e-01
3.3420304894e+00 -5.1762341628e-01
3.1551824739e+00 -4.9742064808e-01
2.9651873295e+00 -4.7584844834e-01
2.7723201641e+00 -4.5289498225e-01
2.5769025522e+00 -4.2857436962e-01
2.3792753450e+00 -4.0289055702e-01
2.1798307951e+00 -3.7584924909e-01
1.9790478687e+00 -3.4748927366e-01
1.7774865924e+00 -3.1785167339e-01
1.5757060210e+00 -2.8701151457e-01
1.3744691479e+00 -2.5503855478e-01
1.1747249245e+00 -2.2213810856e-01
9.7746776157e-01 -1.8836154142e-01
7.8410089067e-01 -1.5401155467e-01
5.9647898011e-01 -1.1944731418e-01
4.1723952418e-01 -8.5150148949e-02
2.5037447779e-01 -5.2122799301e-02
1.0327154506e-01 -2.1208117165e-02
-8.2133229566e-05 1.1363251494e-05
