3.0617172774e+02
3.0564778679e+02
3.0669831448e+02
3.0512382097e+02
3.0722708563e+02
3.0459371059e+02
3.0775594240e+02
3.0406293101e+02
3.0828580067e+02
3.0353042427e+02
3.0881561623e+02
3.0299406418e+02
3.0935218262e+02
3.0245761366e+02
3.0989540229e+02
3.0193681652e+02
3.1043826304e+02
3.0141858623e+02
3.1095914262e+02
3.0090188508e+02
3.1148003150e+02
3.0038786261e+02
3.1200656792e+02
2.9987378567e+02
3.1253902827e+02
2.9934325546e+02
3.1307153676e+02
2.9880910722e+02
3.1360397095e+02
2.9827962745e+02
3.1413640869e+02
2.9775975361e+02
3.1466952094e+02
2.9723979484e+02
3.1520384761e+02
2.9672066776e+02
3.1573823512e+02
2.9620176384e+02
3.1627080196e+02
2.9568067416e+02
3.1680327665e+02
2.9515250832e+02
3.1733523162e+02
2.9462424464e+02
3.1786683814e+02
2.9410948581e+02
3.1839851892e+02
2.9359949594e+02
3.1893323752e+02
2.9308825740e+02
3.1946832191e+02
2.9257200792e+02
3.2000277998e+02
2.9205563975e+02
3.2053677793e+02
2.9153995934e+02
3.2107087096e+02
2.9102455132e+02
3.2160468779e+02
2.9051115358e+02
3.2213849686e+02
2.9000656976e+02
3.2267070150e+02
2.8950187105e+02
3.2320018906e+02
2.8898924389e+02
3.2372977314e+02
2.8847244494e+02
3.2426584353e+02
2.8795647342e+02
3.2480339774e+02
2.8744400864e+02
3.2533745911e+02
2.8693137481e+02
3.2586387170e+02
2.8642582197e+02
3.2639040317e+02
2.8592466158e+02
3.2692238244e+02
2.8542399813e+02
3.2745592415e+02
2.8492743248e+02
3.2799152077e+02
2.8443070736e+02
3.2853450561e+02
2.8392699636e+02
3.2907763763e+02
2.8341816148e+02
3.2960548503e+02
2.8291040565e+02
3.3012793451e+02
2.8241692777e+02
3.3065243512e+02
2.8192328158e+02
3.3118477356e+02
3.3171724729e+02
2.8142606247e+02
3.3224860823e+02
2.8092575766e+02
3.3277952725e+02
2.8042566665e+02
3.3331024221e+02
2.7993195590e+02
3.3384073588e+02
2.7943805305e+02
3.3437138161e+02
2.7894522573e+02
3.3490062634e+02
2.7845353870e+02
3.3542917615e+02
2.7796171132e+02
3.3595724233e+02
2.7747360701e+02
3.3648273452e+02
2.7698519267e+02
3.3700838165e+02
2.7649780765e+02
3.3753723183e+02
2.7601173376e+02
3.3806810605e+02
2.7552550370e+02
3.3859824863e+02
2.7504037405e+02
3.3912223513e+02
2.7455490688e+02
3.3964639073e+02
2.7407262366e+02
3.4017129322e+02
2.7359496143e+02
3.4069675602e+02
2.7311711791e+02
3.4122233720e+02
2.7263833541e+02
3.4175118565e+02
2.7215907626e+02
3.4228021523e+02
2.7168200490e+02
3.4280422030e+02
2.7120877452e+02
3.4332386522e+02
2.7073534750e+02
3.4384357443e+02
2.7026882782e+02
3.4436469371e+02
3.4488599602e+02
2.6980317547e+02
3.4540795432e+02
2.6933417158e+02
3.4593055477e+02
2.6885871997e+02
3.4645330647e+02
2.6838307489e+02
3.4697227309e+02
2.6791924306e+02
3.4749149692e+02
2.6745764208e+02
3.4801053058e+02
2.6699554714e+02
3.4852926555e+02
2.6653266915e+02
3.4904815814e+02
2.6606958386e+02
3.4956515249e+02
2.6560991050e+02
3.5008238097e+02
2.6515072796e+02
3.5059915386e+02
2.6469208684e+02
3.5111516953e+02
2.6423562907e+02
3.5163135512e+02
2.6377893698e+02
3.5214437170e+02
2.6333609626e+02
3.5265734420e+02
2.6289798744e+02
3.5317052150e+02
2.6245595580e+02
3.5368387893e+02
3.5419741514e+02
2.6200013310e+02
3.5471065914e+02
2.6154411697e+02
3.5522420864e+02
2.6108764107e+02
3.5573475891e+02
2.6063006075e+02
3.5623906079e+02
2.6017765202e+02
3.5674354474e+02
2.5975153300e+02
3.5725918188e+02
2.5932515030e+02
3.5777779631e+02
2.5888634451e+02
3.5829107458e+02
2.5844036940e+02
3.5879111691e+02
2.5799653860e+02
3.5929136861e+02
2.5756880620e+02
3.5979501421e+02
2.5714079581e+02
3.6029990693e+02
2.5671177325e+02
3.6080451578e+02
2.5628170632e+02
3.6130782274e+02
3.6181133791e+02
2.5585200182e+02
3.6231259967e+02
2.5542890749e+02
3.6281332503e+02
2.5500553602e+02
3.6331396557e+02
2.5458100554e+02
3.6381363035e+02
2.5415511930e+02
3.6431350517e+02
2.5372971448e+02
3.6481281271e+02
2.5331950844e+02
3.6531218893e+02
2.5290902807e+02
3.6581066766e+02
2.5249385508e+02
3.6630385189e+02
2.5207400402e+02
3.6679724683e+02
2.5165393788e+02
3.6729030900e+02
2.5124655074e+02
3.6778354031e+02
2.5083886088e+02
3.6827691059e+02
3.6876973554e+02
2.5043094859e+02
3.6926274318e+02
2.5002239038e+02
3.6975837301e+02
2.4961346951e+02
3.7025624164e+02
2.4921358376e+02
3.7075304913e+02
2.4881367165e+02
3.7123683851e+02
2.4841524828e+02
3.7172086792e+02
2.4801836045e+02
3.7220590947e+02
2.4762110615e+02
3.7269190203e+02
2.4722464308e+02
3.7317804341e+02
2.4682793598e+02
3.7366234861e+02
2.4643769353e+02
3.7414689140e+02
3.7463178970e+02
2.4605666082e+02
3.7511725972e+02
2.4567526382e+02
3.7560288536e+02
2.4528440220e+02
3.7607748687e+02
2.4489206888e+02
3.7655232886e+02
2.4450472602e+02
3.7703225936e+02
2.4412564356e+02
3.7751776031e+02
2.4374617163e+02
3.7800353986e+02
2.4337073396e+02
3.7847324423e+02
2.4299574382e+02
3.7894268391e+02
2.4261938491e+02
3.7941424425e+02
3.7988859464e+02
2.4223986486e+02
3.8036322181e+02
2.4185993609e+02
3.8083696038e+02
2.4149567221e+02
3.8131084355e+02
2.4113486101e+02
3.8178025956e+02
2.4077246312e+02
3.8224350769e+02
2.4040590038e+02
3.8270703236e+02
2.4003891039e+02
3.8317937211e+02
2.3967647905e+02
3.8365300911e+02
2.3931518694e+02
3.8412272218e+02
3.8458615739e+02
2.3895796636e+02
3.8504988369e+02
2.3861336517e+02
3.8551515859e+02
2.3826836359e+02
3.8598092482e+02
2.3791233059e+02
3.8644382394e+02
2.3755195653e+02
3.8690083502e+02
2.3719520863e+02
3.8735813456e+02
2.3685219235e+02
3.8781670063e+02
2.3650875652e+02
3.8827577685e+02
2.3616437187e+02
3.8873354082e+02
3.8918789102e+02
2.3581935384e+02
3.8964253743e+02
2.3547590609e+02
3.9009490721e+02
2.3514095308e+02
3.9054677928e+02
2.3480556579e+02
3.9099834852e+02
2.3447103527e+02
3.9144876319e+02
2.3413681471e+02
3.9189948053e+02
2.3380307294e+02
3.9234664560e+02
2.3347351449e+02
3.9279265141e+02
3.9323825196e+02
2.3314351141e+02
3.9368189014e+02
2.3281763874e+02
3.9412583546e+02
2.3249432622e+02
3.9456754762e+02
2.3217091904e+02
3.9500839068e+02
2.3184851315e+02
3.9544890058e+02
2.3152564901e+02
3.9588717879e+02
2.3120864553e+02
3.9632577069e+02
2.3089606448e+02
3.9676102631e+02
3.9719457966e+02
2.3058329407e+02
3.9762856236e+02
2.3027206973e+02
3.9806466728e+02
2.2996038089e+02
3.9850109404e+02
2.2965176473e+02
3.9892958110e+02
2.2934590952e+02
3.9935300465e+02
2.2903979640e+02
3.9977699242e+02
2.2873972850e+02
4.0020499993e+02
2.2843917186e+02
4.0063333354e+02
4.0105404430e+02
2.2814009050e+02
4.0146895434e+02
2.2784263811e+02
4.0188463674e+02
2.2754475206e+02
4.0231386638e+02
2.2725142332e+02
4.0274343726e+02
2.2695760286e+02
4.0315972770e+02
2.2666684498e+02
4.0356403171e+02
2.2638006057e+02
4.0396863918e+02
4.0438650788e+02
2.2609281596e+02
4.0480472133e+02
2.2581162935e+02
4.0521382226e+02
2.2553033014e+02
4.0561320983e+02
2.2524915345e+02
4.0601292824e+02
2.2496841513e+02
4.0641002087e+02
2.2468719898e+02
4.0680738965e+02
2.2441984963e+02
4.0720629305e+02
4.0760701745e+02
2.2415375562e+02
4.0800806762e+02
2.2388667784e+02
4.0839518228e+02
2.2361828057e+02
4.0878156119e+02
2.2334939667e+02
4.0917006423e+02
2.2308117844e+02
4.0956152743e+02
2.2281237825e+02
4.0995332919e+02
4.1032902983e+02
2.2255082922e+02
4.1070300099e+02
2.2230508830e+02
4.1107815094e+02
2.2205882401e+02
4.1145508695e+02
2.2180580826e+02
4.1183236803e+02
2.2155048588e+02
4.1220089780e+02
2.2130078227e+02
4.1256821678e+02
2.2106623374e+02
4.1293346383e+02
4.1329395924e+02
2.2083114036e+02
4.1365481657e+02
2.2059356955e+02
4.1400889760e+02
2.2035456127e+02
4.1436171201e+02
2.2011856796e+02
4.1471232259e+02
2.1989328958e+02
4.1505674762e+02
2.1966742324e+02
4.1540155061e+02
4.1573903923e+02
2.1945040249e+02
4.1607464214e+02
2.1923616883e+02
4.1640799615e+02
2.1902315140e+02
4.1673346516e+02
2.1881682297e+02
4.1705933315e+02
2.1860986356e+02
4.1737630375e+02
2.1841261498e+02
4.1769024019e+02
4.1800172577e+02
2.1821921703e+02
4.1830227871e+02
2.1802792258e+02
4.1860325690e+02
2.1785044162e+02
4.1889531428e+02
2.1767224891e+02
4.1918361875e+02
2.1751007167e+02
4.1946911908e+02
4.1973816715e+02
2.1735620006e+02
4.2000768501e+02
2.1720451260e+02
4.2025951592e+02
2.1707346767e+02
4.2050185171e+02
2.1694162692e+02
4.2074176500e+02
2.1683110679e+02
4.2096098822e+02
2.1673391262e+02
4.2118070896e+02
4.2138578380e+02
2.1664019066e+02
4.2158172999e+02
2.1659515175e+02
4.2177330558e+02
2.1654913655e+02
4.2190933496e+02
2.1656908752e+02
4.2204599898e+02
2.1664002656e+02
4.2211541805e+02
4.2213247796e+02
2.1670851531e+02
4.2215417900e+02
2.1674257888e+02
4.2227117333e+02
2.1677505675e+02
4.2238918440e+02
2.1787241883e+02
4.2132747873e+02
2.1996965106e+02
4.1916754083e+02
4.1700712944e+02
