2.9608027741e+02
2.9607533305e+02
2.9607038870e+02
2.9606608363e+02
2.9606021530e+02
2.9605149915e+02
2.9604631227e+02
2.9603819907e+02
2.9602970905e+02
2.9602241069e+02
2.9601119543e+02
2.9600170196e+02
2.9599045468e+02
2.9597796129e+02
2.9596609751e+02
2.9595098708e+02
2.9593501688e+02
2.9591835887e+02
2.9590116840e+02
2.9588268116e+02
2.9586256471e+02
2.9584187040e+02
2.9581831308e+02
2.9579401946e+02
2.9576730035e+02
2.9573962271e+02
2.9571002797e+02
2.9567902539e+02
2.9564686231e+02
2.9561125129e+02
2.9557551650e+02
2.9553681470e+02
2.9549780520e+02
2.9545597063e+02
2.9541342780e+02
2.9536779345e+02
2.9532012108e+02
2.9527120251e+02
2.9522098378e+02
2.9516895968e+02
2.9511425345e+02
2.9505854146e+02
2.9500223649e+02
2.9494474476e+02
2.9488403487e+02
2.9482294964e+02
2.9475705397e+02
2.9468975367e+02
2.9462441810e+02
2.9456007933e+02
2.9449245895e+02
2.9442557019e+02
2.9435519048e+02
2.9428416621e+02
2.9421350536e+02
2.9414619980e+02
2.9407181186e+02
2.9399576539e+02
2.9392212682e+02
2.9384930446e+02
2.9377909767e+02
2.9371349341e+02
2.9363810239e+02
2.9356290671e+02
2.9350010308e+02
2.9343816963e+02
2.9336556594e+02
2.9329916028e+02
2.9323272598e+02
2.9316901251e+02
2.9310711969e+02
2.9305210761e+02
2.9299439692e+02
2.9293950181e+02
2.9288691811e+02
2.9283701812e+02
2.9279133660e+02
2.9275146081e+02
2.9271155243e+02
2.9267464195e+02
2.9264131246e+02
2.9260987448e+02
2.9258585554e+02
2.9256393495e+02
2.9254378789e+02
2.9252955997e+02
2.9251857876e+02
2.9250967080e+02
2.9250872612e+02
2.9250768574e+02
2.9251058691e+02
2.9251931081e+02
2.9252836806e+02
2.9254067156e+02
2.9255697547e+02
2.9257528761e+02
2.9259515513e+02
2.9261698807e+02
2.9264076381e+02
2.9266407028e+02
