6.1355035335e-05 1.0185133892e-06
5.2663396779e-04 1.2614019358e-06
4.5946020206e-04 1.2559117053e-06
7.4824723912e-04 -4.3626556138e-07
7.2998842224e-04 2.7735651471e-06
7.3179525260e-04 -2.9682811948e-06
7.5306793923e-04 4.9024788092e-06
4.7266672632e-04 -3.1479783138e-06
5.4015191797e-04 5.5449524056e-06
3.9379446905e-05 5.3156755477e-07
8.6517332262e-05 1.6742018894e-06
5.1025312251e-04 -1.5388516527e-06
4.4273332180e-04 1.1682933161e-06
7.3962317517e-04 -5.1265615692e-06
7.2448161819e-04 5.1898099078e-06
7.3321295186e-04 -8.1580493797e-06
7.6295693315e-04 1.0125780373e-05
4.8532978348e-04 -6.7050641961e-06
5.5999044385e-04 9.3088894025e-06
1.4280048699e-05 2.8645757199e-07
1.0789913555e-04 2.6508165986e-06
4.9245823842e-04 -5.8372429131e-06
4.2742670000e-04 6.9328537172e-06
7.3142307558e-04 -1.0523161843e-05
7.2234547335e-04 1.2804972066e-05
7.3115967481e-04 -1.2530449762e-05
7.7044575509e-04 1.5942927623e-05
4.9104071535e-04 -9.4122170698e-06
5.7743733937e-04 1.4096664415e-05
1.1217267165e-05 5.3325816982e-07
1.3224037670e-04 4.4264395796e-06
4.7779250404e-04 -4.4299538826e-06
4.0903672542e-04 9.6460282329e-06
7.2448831177e-04 -1.2291670685e-05
7.1461239602e-04 1.7715254864e-05
7.3416886260e-04 -1.8644780243e-05
7.7375911873e-04 2.1480441991e-05
5.0703312873e-04 -1.5052072895e-05
5.8969356987e-04 1.8482981506e-05
3.5721395910e-05 -1.1145495517e-06
4.5727108032e-04 -1.1973967295e-05
1.5508706462e-04 6.1182308033e-06
7.1231257022e-04 -2.0529056338e-05
3.9715082059e-04 1.2133183459e-05
7.3070489388e-04 -2.4346638896e-05
7.1363875149e-04 2.2626140942e-05
5.1407753469e-04 -1.9544297747e-05
7.7631296957e-04 2.7248688803e-05
5.8780063388e-05 -2.4744406380e-06
5.9866550649e-04 2.3681105999e-05
4.5195205477e-04 -1.4266096855e-05
1.7801174278e-04 8.3859848098e-06
7.0796734111e-04 -2.4656296416e-05
3.7825706660e-04 1.2944358037e-05
7.4218259363e-04 -2.8840135984e-05
7.0407590063e-04 2.5864534302e-05
5.6130659439e-04 -2.3153022466e-05
7.8181691579e-04 3.2716265929e-05
9.6524660484e-05 -4.1204102187e-06
6.1706793101e-04 2.7950060226e-05
4.1411310661e-04 -1.6888624336e-05
1.9974209451e-04 1.0261073778e-05
6.8531331763e-04 -2.9252912830e-05
3.5901809423e-04 1.6199735631e-05
7.3150917384e-04 -3.3013347151e-05
6.9773510428e-04 3.2236744511e-05
5.3446494376e-04 -2.5648845456e-05
7.8427274326e-04 3.8804832241e-05
1.0561364650e-04 -5.3347681072e-06
6.2905574229e-04 3.3837409544e-05
4.0280818702e-04 -1.7790916177e-05
2.2311548597e-04 1.3674197234e-05
6.7917392181e-04 -3.2336339448e-05
3.4090353058e-04 1.8491109090e-05
7.2489933362e-04 -3.8101804195e-05
6.8809643458e-04 3.7228122073e-05
5.4222788673e-04 -3.0654314898e-05
7.8362047614e-04 4.4442483206e-05
1.2575011013e-04 -7.6098101060e-06
6.3807309902e-04 3.8594568295e-05
3.8770123870e-04 -2.1231562446e-05
2.4331512543e-04 1.6314278924e-05
6.7131364695e-04 -3.7819201976e-05
3.2119426685e-04 1.9745343556e-05
7.2197668853e-04 -4.2040420792e-05
6.7937366521e-04 4.1593698304e-05
5.5227356167e-04 -3.3191294294e-05
7.8677153071e-04 5.0321955649e-05
1.4630348436e-04 -9.1907529358e-06
6.5207795301e-04 4.4224001502e-05
3.5782583015e-04 -2.1653087935e-05
2.6515115563e-04 1.9716367583e-05
6.4829448342e-04 -4.0427057068e-05
3.0046609693e-04 2.0801844859e-05
7.1429461404e-04 -4.6958618757e-05
6.6924360114e-04 4.5942839813e-05
5.5019850021e-04 -3.9006930582e-05
7.8725532069e-04 5.6629376270e-05
1.6158774213e-04 -1.2156134660e-05
6.6196396488e-04 5.1269606561e-05
3.4440681558e-04 -2.0154917132e-05
2.8597942210e-04 2.4241174602e-05
6.4361276920e-04 -4.1075901618e-05
2.7943363837e-04 2.2002848020e-05
7.1199630293e-04 -5.0730436928e-05
6.5667549623e-04 5.0388966210e-05
5.5171805439e-04 -4.0777031457e-05
7.8642387246e-04 6.2062771076e-05
1.7860591524e-04 -1.3622152944e-05
3.2497544974e-04 -2.4128126892e-05
6.7191385872e-04 5.4433687169e-05
6.2910463584e-04 -4.7694595616e-05
3.0474242158e-04 2.6243516707e-05
7.0583319523e-04 -5.5005819013e-05
2.5929182165e-04 2.2052858169e-05
5.5790071689e-04 -4.5379815430e-05
6.4948246176e-04 5.4248896038e-05
1.9627230339e-04 -1.6683556569e-05
7.8656809533e-04 6.8586676958e-05
3.0936206976e-04 -2.2963471618e-05
6.7800553626e-04 6.6111526086e-05
6.2095167351e-04 -4.8567470166e-05
3.2273473919e-04 3.5075038039e-05
7.0060771600e-04 -5.9705557608e-05
2.3818141326e-04 2.3252641943e-05
5.6438850288e-04 -5.1105163340e-05
6.3507890850e-04 5.8743687129e-05
2.1494780526e-04 -2.0588345213e-05
7.8005349215e-04 7.4057244295e-05
2.8819219261e-04 -2.5632240022e-05
6.8504736909e-04 6.7757309419e-05
6.0387476782e-04 -5.4035605536e-05
3.4282998349e-04 3.5994224183e-05
6.9200414736e-04 -6.3153768614e-05
2.1632084089e-04 2.2575325948e-05
5.6928223702e-04 -5.3437970284e-05
6.2033073475e-04 6.1851793378e-05
2.3101193425e-04 -2.2539043267e-05
7.7869886310e-04 7.9352599587e-05
2.6104460905e-04 -2.4700858734e-05
6.9150132943e-04 7.2842797186e-05
5.8098433168e-04 -5.5359551735e-05
3.5918986561e-04 3.9845320819e-05
6.8513104033e-04 -6.7056206711e-05
1.9614996944e-04 2.2286218637e-05
5.8057715326e-04 -5.9324901848e-05
6.1105606555e-04 6.5791597318e-05
2.5177901449e-04 -2.6953886356e-05
7.7377986490e-04 8.4718132531e-05
2.3946182112e-04 -2.4265116586e-05
5.6403057383e-04 -5.7211854096e-05
6.9765808587e-04 7.8834646444e-05
6.7828271257e-04 -7.0910166207e-05
3.7615873642e-04 4.4673723232e-05
5.8551464222e-04 -6.3154624493e-05
1.7207201835e-04 2.1414386248e-05
2.6818226833e-04 -3.0037354630e-05
5.9803494583e-04 6.9188027017e-05
2.1931621064e-04 -2.3885063833e-05
7.7133992462e-04 9.0165668183e-05
5.4846136961e-04 -5.9497235350e-05
7.0125100753e-04 8.4127236221e-05
6.6916536352e-04 -7.4228071201e-05
3.9006663157e-04 4.8849175708e-05
5.8342575966e-04 -6.6468165904e-05
1.4852533424e-04 1.8936947428e-05
2.7973642813e-04 -3.3016691249e-05
5.8239201824e-04 6.9258079442e-05
2.0239256387e-04 -2.3427614572e-05
7.6564491481e-04 9.4459214324e-05
5.3857642080e-04 -6.1781485793e-05
7.0818109344e-04 9.0767355934e-05
6.6191363800e-04 -7.7706639181e-05
4.0758520117e-04 5.4565064068e-05
5.8124538304e-04 -7.0760129056e-05
1.2458117409e-04 1.8213291154e-05
2.9069059460e-04 -3.6847447955e-05
5.6744252242e-04 7.4449746545e-05
1.7926735539e-04 -2.2126612698e-05
7.5918453742e-04 1.0081226977e-04
5.1533084289e-04 -6.2416217185e-05
6.4937826212e-04 -8.0137275116e-05
7.1179674766e-04 9.7795787304e-05
5.8212081810e-04 -7.3436776082e-05
4.2380169253e-04 6.1038196447e-05
3.0385027156e-04 -3.9450624418e-05
1.0172115012e-04 1.6505308851e-05
1.5753484448e-04 -2.0456642666e-05
5.4835139658e-04 7.6325083578e-05
4.9607312701e-04 -6.3169523184e-05
7.5027821807e-04 1.0539730806e-04
6.3851903435e-04 -8.2802658271e-05
7.1362628507e-04 1.0283167845e-04
5.8111032825e-04 -7.7463918818e-05
4.3674943495e-04 6.5385167609e-05
3.1505178184e-04 -4.3471252016e-05
7.7782452722e-05 1.3901996132e-05
1.3669704290e-04 -1.9058807598e-05
5.3388977201e-04 7.8555642482e-05
4.7682802095e-04 -6.3990883327e-05
7.4322662777e-04 1.1036923455e-04
6.2772014958e-04 -8.5827709105e-05
7.1388984073e-04 1.0907538307e-04
5.7995044067e-04 -8.4111162323e-05
4.4835578397e-04 7.1308444850e-05
3.2616281743e-04 -5.0041160166e-05
5.4051985083e-05 1.1389324399e-05
1.2063574199e-04 -1.8202060348e-05
4.6634690038e-04 -6.5944165597e-05
5.1645018511e-04 8.0862187202e-05
6.1922343351e-04 -8.8237442649e-05
7.3360150011e-04 1.1472049591e-04
5.8074133215e-04 -8.3453198378e-05
7.1242677620e-04 1.1285152806e-04
3.3650109361e-04 -4.9084370659e-05
4.5748515883e-04 7.4532654445e-05
9.9819119193e-05 -1.5202656348e-05
2.7766995349e-05 7.2798087188e-06
4.5681899244e-04 -6.6984685633e-05
5.0010576294e-04 7.9709755448e-05
6.1243359655e-04 -9.0676036163e-05
7.2546852958e-04 1.1801387639e-04
5.7398747231e-04 -8.6704917797e-05
7.1420224347e-04 1.2131248232e-04
3.4135471863e-04 -5.3106554903e-05
4.7145857057e-04 8.3633462894e-05
7.9558807939e-05 -1.3437027927e-05
5.4057004275e-06 4.0866174645e-06
4.3040450443e-04 -6.6019485365e-05
4.7779801130e-04 8.1892173658e-05
5.9298395925e-04 -9.2245740743e-05
5.7117704415e-04 -9.3633500330e-05
7.1216103329e-04 1.2242209186e-04
3.5350309783e-04 -6.1322426540e-05
7.1392756600e-04 1.2547175846e-04
6.1466508719e-05 -1.1858213712e-05
4.8367736364e-04 8.7902712574e-05
4.1032860246e-04 -6.5400620165e-05
1.8046456546e-05 6.7460248024e-06
5.8214654213e-04 -9.4395527574e-05
4.5941871590e-04 8.3224797742e-05
5.6306663623e-04 -9.7424270329e-05
7.0081371486e-04 1.2666025241e-04
3.5230252509e-04 -6.4987724225e-05
7.1239149921e-04 1.3076529676e-04
4.3138806849e-05 -9.1963649145e-06
4.9275257766e-04 9.3026624667e-05
3.9949146764e-04 -6.6860333693e-05
3.7260452708e-05 1.0395309298e-05
5.7159826595e-04 -9.5812264773e-05
4.3838059708e-04 8.2922292368e-05
5.6351035239e-04 -9.5154739640e-05
3.6570327303e-04 -6.2685346416e-05
6.8925197669e-04 1.2991299611e-04
2.1522840172e-05 -5.3194390938e-06
7.1013494354e-04 1.3574412736e-04
3.7767605920e-04 -6.5202769539e-05
5.0093909586e-04 9.8233515992e-05
5.5517783335e-04 -9.6415883245e-05
6.0474936555e-05 1.5045541335e-05
5.5526921366e-04 -9.9980666421e-05
4.2138674940e-04 8.3053928246e-05
3.7019942126e-04 -6.9908562126e-05
6.7677461825e-04 1.3296969760e-04
6.7938112346e-06 -4.0332015526e-06
7.0331582512e-04 1.4058589798e-04
3.5760815944e-04 -6.3990520539e-05
5.0652199526e-04 1.0420629136e-04
5.4118530341e-04 -9.7411289148e-05
8.2187092963e-05 2.0178439665e-05
5.4972364791e-04 -1.0322233729e-04
4.0074303535e-04 8.2554867776e-05
3.7272249991e-04 -7.3595521025e-05
1.6508198232e-05 -5.9075826236e-06
6.6336949968e-04 1.3582285462e-04
3.4689249370e-04 -6.5003397106e-05
6.9845880801e-04 1.4483721970e-04
5.3162435807e-04 -9.8843867280e-05
5.0985645346e-04 1.0824950532e-04
5.4787480378e-04 -1.0208902908e-04
1.0208676876e-04 2.4614291496e-05
3.8323266039e-04 -7.2086644559e-05
3.8271921404e-04 8.2268519942e-05
3.0580377406e-05 -7.2562451846e-06
6.4954747969e-04 1.3834134908e-04
3.2840554343e-04 -6.2750343772e-05
6.9089531194e-04 1.4798073570e-04
5.1857771239e-04 -9.9078134876e-05
5.1551694883e-04 1.1220821697e-04
5.3914520382e-04 -1.0444266197e-04
3.8291841567e-04 -7.6021656439e-05
1.2227235515e-04 2.9188440685e-05
4.7979665639e-05 -1.1864876176e-05
3.6250545166e-04 8.0444314243e-05
3.1377363358e-04 -6.2131469073e-05
6.3479840105e-04 1.4006194307e-04
5.0523698312e-04 -9.9865598301e-05
6.8557290577e-04 1.5347036633e-04
5.2799772427e-04 -1.0753278293e-04
5.2228065105e-04 1.2017518284e-04
3.8168729259e-04 -8.1465824820e-05
1.4024543397e-04 3.5194270570e-05
6.4189774152e-05 -1.6704322708e-05
3.3924371323e-04 7.8191559581e-05
2.9974144792e-04 -6.2004696077e-05
6.1694336417e-04 1.4104211089e-04
4.9370278376e-04 -1.0098417031e-04
5.2028549746e-04 -1.0746081651e-04
6.7680868879e-04 1.5678413052e-04
3.8208695448e-04 -8.0430440966e-05
5.2514748929e-04 1.2478327061e-04
7.6910928621e-05 -1.8495844501e-05
1.5881853214e-04 4.0979924834e-05
2.8400691334e-04 -6.0376464021e-05
3.1998542507e-04 7.8089691606e-05
4.8103503528e-04 -1.0123262697e-04
6.0071312359e-04 1.4391548052e-04
5.1154721726e-04 -1.0903394772e-04
6.6627257674e-04 1.5982307763e-04
3.8401718043e-04 -8.4077330649e-05
5.2454148138e-04 1.2753675594e-04
9.2128224874e-05 -2.2679587971e-05
1.7252243351e-04 4.4895506050e-05
2.6499267569e-04 -5.7879267084e-05
4.6463178060e-04 -1.0028595185e-04
3.0043101103e-04 7.5985347429e-05
5.0491468436e-04 -1.1058102583e-04
5.8648735741e-04 1.4553750239e-04
3.8792783561e-04 -8.7403077619e-05
6.5635477206e-04 1.6384791658e-04
1.0507945013e-04 -2.6373694867e-05
5.2649729454e-04 1.3491152217e-04
2.4349159715e-04 -5.5324927429e-05
1.8833402422e-04 5.2129319106e-05
4.4530007802e-04 -9.9155002456e-05
2.7699039764e-04 7.2939807914e-05
4.9349955312e-04 -1.1047753973e-04
5.6601933942e-04 1.4521912358e-04
3.8399729719e-04 -8.7548924868e-05
1.1623527880e-04 -2.8823874593e-05
6.4552943199e-04 1.6709162436e-04
2.2777294151e-04 -5.3147397696e-05
5.2412712832e-04 1.3934886426e-04
4.3047576908e-04 -9.8423247383e-05
2.0155751080e-04 5.7238612779e-05
4.8258678224e-04 -1.1101662183e-04
2.5593402431e-04 6.9989888539e-05
3.8278466806e-04 -9.0021072308e-05
5.4733644480e-04 1.4518848133e-04
1.2699840311e-04 -3.2516819839e-05
6.3423477120e-04 1.6836395066e-04
2.1150444301e-04 -5.1148887385e-05
5.2301139923e-04 1.4034831330e-04
4.1550456081e-04 -9.7778997176e-05
4.7182945532e-04 -1.1164995638e-04
2.1372235385e-04 6.0180408988e-05
3.8323269380e-04 -9.2825337283e-05
2.3630710002e-04 6.7193209418e-05
1.3863161629e-04 -3.6807002048e-05
5.3150174140e-04 1.4630565551e-04
1.9259321041e-04 -4.8867392134e-05
6.2224197000e-04 1.7067356798e-04
3.9573701411e-04 -9.6599046090e-05
5.2166082680e-04 1.4532174986e-04
4.5754460562e-04 -1.1321695773e-04
2.2448737469e-04 6.5614153556e-05
3.7736614186e-04 -9.9630166453e-05
2.1231781907e-04 6.2096016796e-05
1.4725644502e-04 -4.3758959529e-05
1.7495495670e-04 -4.6045001093e-05
5.1024492114e-04 1.4398249609e-04
3.7845529005e-04 -9.4359620566e-05
6.0949311877e-04 1.7274414192e-04
4.4976690297e-04 -1.1460491197e-04
5.1895352428e-04 1.5073485812e-04
3.6860457188e-04 -1.0162195937e-04
2.3546261419e-04 7.1850769863e-05
1.5092186477e-04 -4.7151300150e-05
1.9180152131e-04 5.7819511542e-05
1.6462858558e-04 -4.6384279759e-05
4.9001096329e-04 1.4194283398e-04
3.6994590766e-04 -9.6231546450e-05
4.3598757227e-04 -1.1256882614e-04
5.9166717707e-04 1.7247946560e-04
3.6686859837e-04 -9.6789470435e-05
5.1208031093e-04 1.5170378592e-04
1.6027481448e-04 -4.5594407386e-05
2.4506438249e-04 7.5760300020e-05
1.4669919365e-04 -4.0878369977e-05
1.7111354452e-04 5.4262019034e-05
3.4976987216e-04 -9.1331177934e-05
4.6691686458e-04 1.4071034491e-04
4.2261122553e-04 -1.1135163539e-04
5.7418139608e-04 1.7318821028e-04
3.5968720424e-04 -1.0059215661e-04
1.6517895828e-04 -5.1102615240e-05
5.0251613532e-04 1.5462920128e-04
1.2880737569e-04 -3.8233841074e-05
2.5105300552e-04 8.0765227180e-05
3.2864975947e-04 -8.8751064620e-05
1.5093264775e-04 4.9831895173e-05
4.0857425100e-04 -1.1141082734e-04
4.4453748059e-04 1.3777768893e-04
3.5216654749e-04 -1.0315744002e-04
5.5587369017e-04 1.7256359603e-04
1.6894065962e-04 -5.5419265656e-05
4.9569670683e-04 1.5622436722e-04
1.1651131046e-04 -3.7798020528e-05
3.1638719658e-04 -8.9456757145e-05
2.5719375957e-04 8.4394894701e-05
3.9443300258e-04 -1.1005595940e-04
1.2747534180e-04 4.4555699517e-05
3.4876682525e-04 -9.9451792503e-05
4.1985589397e-04 1.3493916199e-04
1.7548955891e-04 -5.3602960888e-05
5.3813808662e-04 1.7220792991e-04
1.0189096773e-04 -3.3196847931e-05
4.8399817080e-04 1.5735829843e-04
3.0038673930e-04 -8.5828592618e-05
2.5929185860e-04 8.7589978185e-05
3.7954969457e-04 -1.0624586593e-04
3.4080600332e-04 -9.5598805425e-05
1.0943558468e-04 3.9247566875e-05
1.7782451001e-04 -5.2353742388e-05
3.9953368181e-04 1.3082106060e-04
8.6771891292e-05 -2.8616478368e-05
5.1457592992e-04 1.6885106173e-04
2.8342568203e-04 -8.2047194414e-05
4.6979747987e-04 1.5741212259e-04
3.6304466646e-04 -1.0398555923e-04
2.6227426441e-04 9.1876727740e-05
3.2734626364e-04 -9.6444425843e-05
8.9812949882e-05 3.5884761955e-05
1.7644060252e-04 -5.5990745487e-05
7.2923437697e-05 -2.6593110801e-05
3.7100176327e-04 1.2813490549e-04
2.6410607990e-04 -7.8988334968e-05
4.8913018493e-04 1.6726801489e-04
3.4486558842e-04 -1.0252501485e-04
4.4998062764e-04 1.5670051445e-04
3.1365980994e-04 -9.9138192804e-05
2.5752434218e-04 9.3948058242e-05
1.7437386959e-04 -6.0986063875e-05
7.0922447283e-05 3.0643522687e-05
6.0682096548e-05 -2.5258746044e-05
2.4714319055e-04 -7.7269626243e-05
3.4342767011e-04 1.2146338030e-04
3.2694798011e-04 -1.0000291978e-04
4.6014885327e-04 1.6152971824e-04
3.0552796198e-04 -9.4694460056e-05
4.2990379827e-04 1.5317994729e-04
1.7699499586e-04 -5.8642859655e-05
2.5335540319e-04 9.4242400665e-05
4.6767427901e-05 -2.1844788455e-05
5.1262951519e-05 2.5536514247e-05
2.2697137618e-04 -7.4046401818e-05
3.0643016493e-04 -9.7016751384e-05
3.1395358117e-04 1.1645252915e-04
2.8927587232e-04 -9.3714078906e-05
4.2794860368e-04 1.5582848068e-04
1.7188613289e-04 -6.0701913608e-05
4.0212683488e-04 1.4748005612e-04
3.4314876937e-05 -2.0404513561e-05
2.4241166770e-04 9.3334766077e-05
2.0683354221e-04 -7.1114599808e-05
3.5806348632e-05 2.3311041554e-05
2.8379544237e-04 -9.3759138158e-05
2.6870314695e-04 -9.1644176085e-05
2.8616102777e-04 1.1292059568e-04
1.6262865701e-04 -6.1268986706e-05
3.9003773027e-04 1.5068776071e-04
2.2435139673e-05 -1.8252664112e-05
3.6338877803e-04 1.4802375831e-04
1.8334147240e-04 -6.6333867362e-05
2.2098923249e-04 1.0035151887e-04
2.5638968411e-04 -8.7495397868e-05
1.5612365951e-05 2.2592832548e-05
2.4377192987e-04 -8.3571014967e-05
1.5013316345e-04 -5.5903882137e-05
2.3756690257e-04 1.0430360837e-04
1.3672313295e-05 -1.6169457730e-05
3.2993830901e-04 1.3492392649e-04
1.6314677951e-04 -6.3430931123e-05
2.9900900538e-04 1.1447958564e-04
2.2273210997e-04 -8.0038446479e-05
1.7752574655e-04 7.2187926020e-05
2.0386713395e-04 -6.4189384770e-05
7.1537126065e-06 3.3271229340e-05
1.2413191513e-04 -4.3858169844e-05
7.4906499107e-06 -3.9738947483e-05
2.4387899417e-04 1.3851584085e-04
2.1800739448e-04 -1.3695747617e-04
2.8362615872e-04 1.3785228318e-04
2.2507585973e-04 -1.1923252775e-04
1.2223698284e-04 4.9502448593e-05
2.9024984052e-05 -2.8827461766e-05
-3.1642519664e-06 -4.5129298405e-06
-8.3517490016e-05 1.2905270129e-05
-2.2486869682e-05 1.3419253496e-06
