2.2530455410e+02
2.2539489173e+02
2.2548997004e+02
2.2559685289e+02
2.2569346306e+02
2.2578590218e+02
2.2587140487e+02
2.2595603482e+02
2.2603284447e+02
2.2610887437e+02
2.2617588488e+02
2.2624092195e+02
2.2630216640e+02
2.2635759897e+02
2.2641115965e+02
2.2645641018e+02
2.2649982636e+02
2.2653957568e+02
2.2657379167e+02
2.2660506014e+02
2.2663011952e+02
2.2665373033e+02
2.2667157660e+02
2.2668484804e+02
2.2669544115e+02
2.2670091147e+02
2.2670359129e+02
2.2670163811e+02
2.2669368035e+02
2.2668534797e+02
2.2667123162e+02
2.2665279429e+02
2.2663113141e+02
2.2660537457e+02
2.2657511701e+02
2.2654073184e+02
2.2650505251e+02
2.2646266914e+02
2.2641559941e+02
2.2636729980e+02
2.2631428553e+02
2.2625691562e+02
2.2619554465e+02
2.2613013318e+02
2.2606229208e+02
2.2598784042e+02
2.2591022936e+02
2.2583180797e+02
2.2574825682e+02
2.2565671211e+02
2.2556662136e+02
2.2547090530e+02
2.2536880959e+02
2.2526516273e+02
2.2515790069e+02
2.2504589762e+02
2.2493088574e+02
2.2480967010e+02
2.2468764284e+02
2.2455968391e+02
2.2442679682e+02
2.2429453087e+02
2.2415370082e+02
2.2401104800e+02
2.2386447796e+02
2.2371298810e+02
2.2355849936e+02
2.2340015247e+02
2.2323983222e+02
2.2306968365e+02
2.2290289128e+02
2.2273097516e+02
2.2254810235e+02
2.2237255112e+02
2.2218957418e+02
2.2199739020e+02
2.2181044622e+02
2.2161329950e+02
2.2141935030e+02
2.2121442289e+02
2.2101381854e+02
2.2081342516e+02
2.2059728918e+02
2.2039856694e+02
2.2018206654e+02
2.1997012439e+02
2.1976348086e+02
2.1954432661e+02
2.1934891601e+02
2.1913042997e+02
2.1892568245e+02
2.1874218288e+02
2.1851995813e+02
2.1836614079e+02
2.1820280097e+02
2.1804748389e+02
2.1794908802e+02
2.1791816353e+02
2.1801524040e+02
2.1871292857e+02
