-9.4539293790e-07 7.5052930938e-07
2.9484727458e-01 -3.4356559975e-04
5.8332959573e-01 -1.3596586816e-03
8.6541784403e-01 -3.0158900119e-03
1.1410980747e+00 -5.2923567084e-03
1.4103579693e+00 -8.1553645359e-03
1.6731807305e+00 -1.1583416443e-02
1.9295598472e+00 -1.5549899437e-02
2.1794872659e+00 -2.0025559112e-02
2.4229539690e+00 -2.4988746041e-02
2.6599589943e+00 -3.0411936374e-02
2.8905004653e+00 -3.6273701536e-02
3.1145817462e+00 -4.2545501782e-02
3.3321997942e+00 -4.9206977520e-02
3.5433674229e+00 -5.6232061044e-02
3.7480734844e+00 -6.3598159450e-02
3.9463405811e+00 -7.1284886674e-02
4.1381618537e+00 -7.9265984686e-02
4.3235531921e+00 -8.7522254571e-02
4.5025246618e+00 -9.6032312541e-02
4.6750710605e+00 -1.0477084996e-01
4.8412224263e+00 -1.1372132494e-01
5.0009615065e+00 -1.2286278845e-01
5.1543608358e+00 -1.3217555256e-01
5.3013675120e+00 -1.4163726769e-01
5.4420231340e+00 -1.5122813038e-01
5.5763273410e+00 -1.6093452384e-01
5.7042949994e+00 -1.7073295434e-01
5.8259501497e+00 -1.8060503383e-01
5.9412961410e+00 -1.9053587085e-01
6.0503509226e+00 -2.0050291005e-01
6.1531378121e+00 -2.1049230245e-01
6.2496444732e+00 -2.2048668580e-01
6.3399039392e+00 -2.3046568734e-01
6.4239300523e+00 -2.4041512280e-01
6.5017295506e+00 -2.5031621130e-01
6.5733277405e+00 -2.6015203247e-01
6.6387413369e+00 -2.6991006020e-01
6.6979562207e+00 -2.7957002890e-01
6.7510240616e+00 -2.8911737382e-01
6.7979352815e+00 -2.9853752521e-01
6.8387081031e+00 -3.0780984716e-01
6.8733592132e+00 -3.1692265748e-01
6.9019001522e+00 -3.2586024917e-01
6.9243513839e+00 -3.3460093568e-01
6.9407356193e+00 -3.4313454599e-01
6.9510381131e+00 -3.5144017279e-01
6.9553257114e+00 -3.5950734280e-01
6.9535656668e+00 -3.6732013178e-01
6.9457889124e+00 -3.7485364139e-01
6.9320285845e+00 -3.8209958075e-01
6.9122816210e+00 -3.8904159455e-01
6.8865693130e+00 -3.9565699510e-01
6.8549215189e+00 -4.0193418776e-01
6.8173296231e+00 -4.0785599944e-01
6.7738476989e+00 -4.1340454384e-01
6.7244621442e+00 -4.1856066407e-01
6.6692295483e+00 -4.2330918810e-01
6.6081467222e+00 -4.2763104900e-01
6.5412389828e+00 -4.3151015342e-01
6.4685137901e+00 -4.3492446140e-01
6.3900315396e+00 -4.3785765860e-01
6.3058119856e+00 -4.4029116175e-01
6.2158618171e+00 -4.4220200413e-01
6.1202450117e+00 -4.4357190559e-01
6.0189579376e+00 -4.4438290701e-01
5.9120568935e+00 -4.4461148651e-01
5.7995834176e+00 -4.4423453618e-01
5.6815455331e+00 -4.4323717821e-01
5.5580202803e+00 -4.4158909687e-01
5.4290474197e+00 -4.3927426588e-01
5.2946751828e+00 -4.3626699539e-01
5.1549517229e+00 -4.3254462032e-01
5.0099436731e+00 -4.2808410508e-01
4.8597224744e+00 -4.2286079795e-01
4.7043497229e+00 -4.1684321659e-01
4.5439156456e+00 -4.1002540647e-01
4.3784901842e+00 -4.0236767683e-01
4.2082012080e+00 -3.9384005869e-01
4.0331287369e+00 -3.8443386769e-01
3.8533755173e+00 -3.7411424459e-01
3.6691053963e+00 -3.6284843231e-01
3.4804590379e+00 -3.5063410399e-01
3.2875794968e+00 -3.3743345425e-01
3.0906657269e+00 -3.2321786294e-01
2.8899371478e+00 -3.0798982606e-01
2.6856153081e+00 -2.9169650937e-01
2.4780016971e+00 -2.7436575314e-01
2.2673740087e+00 -2.5594180650e-01
2.0541208187e+00 -2.3644599961e-01
1.8387179085e+00 -2.1589098302e-01
1.6216619789e+00 -1.9424646225e-01
1.4035824350e+00 -1.7158120019e-01
1.1853325044e+00 -1.4792241191e-01
9.6802422814e-01 -1.2336225464e-01
7.5300401279e-01 -9.8083328573e-02
5.4233514720e-01 -7.2193340609e-02
3.3943348060e-01 -4.6154336902e-02
1.5010076154e-01 -2.0635991383e-02
-3.1905359650e-05 4.7533654746e-06
