7.3270033209e-02
1.4210163040e-01
2.0639482327e-01
2.6613489364e-01
3.2134906795e-01
3.7201183120e-01
4.1813462559e-01
4.5970006641e-01
4.9672922843e-01
5.2922687128e-01
5.5714852902e-01
5.8057170408e-01
5.9940078416e-01
6.1370923053e-01
6.2350403031e-01
6.2871017860e-01
6.2942140384e-01
6.2555569010e-01
6.1718298304e-01
6.0422193956e-01
5.8674902751e-01
5.6472450490e-01
5.3814686005e-01
5.0703921413e-01
4.7136679012e-01
4.3115213343e-01
3.8639087018e-01
3.3711059041e-01
2.8328931970e-01
2.2491281371e-01
1.6198106008e-01
9.4545731239e-02
2.2533844838e-02
