-8.2607053344e-07 7.6865183845e-09
2.9437538326e-01 -2.0023837337e-05
5.8250064624e-01 -8.3773237376e-05
8.6441519513e-01 -1.8992406054e-04
1.1401426542e+00 -3.4291218423e-04
1.4097120695e+00 -5.4722192658e-04
1.6731461364e+00 -8.0134943479e-04
1.9304723590e+00 -1.1116831673e-03
2.1817183059e+00 -1.4779897516e-03
2.4268931198e+00 -1.9016201700e-03
2.6660423478e+00 -2.3887621736e-03
2.8991660854e+00 -2.9352156952e-03
3.1263007525e+00 -3.5457310577e-03
3.3474585173e+00 -4.2219489925e-03
3.5626612194e+00 -4.9629734500e-03
3.7719257267e+00 -5.7698803454e-03
3.9752786206e+00 -6.6446764323e-03
4.1727295942e+00 -7.5869308104e-03
4.3642859971e+00 -8.5951145060e-03
4.5499839042e+00 -9.6701256408e-03
4.7298192607e+00 -1.0812247188e-02
4.9038250894e+00 -1.2019122926e-02
5.0719922243e+00 -1.3288482797e-02
5.2343580572e+00 -1.4621143897e-02
5.3909194134e+00 -1.6016450021e-02
5.5416853559e+00 -1.7470569220e-02
5.6866870190e+00 -1.8981385624e-02
5.8258925521e+00 -2.0547472941e-02
5.9593487196e+00 -2.2165125566e-02
6.0870479866e+00 -2.3830804859e-02
6.2090033734e+00 -2.5543963519e-02
6.3252140676e+00 -2.7301533529e-02
6.4357047630e+00 -2.9096637972e-02
6.5404392896e+00 -3.0926914117e-02
6.6394439304e+00 -3.2790847125e-02
6.7327252537e+00 -3.4679406530e-02
6.8202610004e+00 -3.6601174851e-02
6.9021409322e+00 -3.8539559101e-02
6.9782901619e+00 -4.0474457187e-02
7.0486842279e+00 -4.2422236300e-02
7.1132713525e+00 -4.4387579844e-02
7.1721476174e+00 -4.6349389795e-02
7.2252977785e+00 -4.8304776396e-02
7.2727000841e+00 -5.0250336717e-02
7.3143555446e+00 -5.2176481688e-02
7.3502522841e+00 -5.4078429633e-02
7.3803636662e+00 -5.5955539493e-02
7.4046844606e+00 -5.7798144016e-02
7.4232164994e+00 -5.9601453756e-02
7.4359271726e+00 -6.1361003606e-02
7.4428242659e+00 -6.3071070130e-02
7.4438573797e+00 -6.4725303072e-02
7.4390502514e+00 -6.6316326742e-02
7.4283800384e+00 -6.7839724133e-02
7.4117965350e+00 -6.9291099062e-02
7.3893091070e+00 -7.0667222671e-02
7.3608753800e+00 -7.1953406464e-02
7.3264870242e+00 -7.3155727880e-02
7.2861044319e+00 -7.4262648158e-02
7.2397134737e+00 -7.5268463982e-02
7.1873087660e+00 -7.6171852233e-02
7.1288238125e+00 -7.6962913652e-02
7.0642386681e+00 -7.7639603057e-02
6.9935315983e+00 -7.8198138739e-02
6.9166765602e+00 -7.8636297674e-02
6.8336330038e+00 -7.8946280100e-02
6.7443746093e+00 -7.9123263728e-02
6.6488569139e+00 -7.9166008771e-02
6.5470414801e+00 -7.9067145698e-02
6.4388842850e+00 -7.8828200610e-02
6.3243766559e+00 -7.8443994455e-02
6.2034594894e+00 -7.7912641085e-02
6.0760712299e+00 -7.7232501038e-02
5.9422211901e+00 -7.6396208193e-02
5.8018202711e+00 -7.5406983098e-02
5.6548251810e+00 -7.4261287701e-02
5.5012174258e+00 -7.2955202609e-02
5.3409491855e+00 -7.1495493931e-02
5.1739376265e+00 -6.9875892915e-02
5.0001377050e+00 -6.8085742007e-02
4.8195304839e+00 -6.6143811271e-02
4.6320522800e+00 -6.4031174095e-02
4.4376278011e+00 -6.1763385907e-02
4.2362291918e+00 -5.9351995731e-02
4.0277946044e+00 -5.6762921481e-02
3.8122354414e+00 -5.4030746355e-02
3.5895377718e+00 -5.1135605081e-02
3.3596161590e+00 -4.8078165737e-02
3.1224142200e+00 -4.4875467606e-02
2.8778697859e+00 -4.1520688024e-02
2.6259114031e+00 -3.8016913063e-02
2.3664767752e+00 -3.4366712601e-02
2.0995068390e+00 -3.0572718129e-02
1.8249212335e+00 -2.6637194113e-02
1.5426432548e+00 -2.2565611703e-02
1.2525979623e+00 -1.8355120223e-02
9.5471425251e-01 -1.4011923701e-02
6.4890859715e-01 -9.5380176096e-03
3.3509737881e-01 -4.9271066657e-03
1.3434013566e-02 -1.9767200022e-04
