-7.1781475674e-06 9.3447054128e-11
2.7707030600e-01 -1.9241804320e-07
5.4805046553e-01 -1.5500208614e-07
8.1294415012e-01 7.2501407028e-08
1.0717949217e+00 4.0583512677e-07
1.3246096078e+00 8.9294977299e-07
1.5714182753e+00 1.2526896290e-06
1.8122375004e+00 1.2954737861e-06
2.0471068628e+00 1.5392344990e-06
2.2760251742e+00 2.0486835237e-06
2.4990318677e+00 2.4979440784e-06
2.7161458636e+00 2.8233045462e-06
2.9273745431e+00 3.1075747669e-06
3.1327639270e+00 3.2745932108e-06
3.3323208655e+00 3.1599236573e-06
3.5260646418e+00 3.1216599130e-06
3.7140261420e+00 3.4917192280e-06
3.8962100954e+00 4.2093694360e-06
4.0726515106e+00 4.7398520477e-06
4.2433598446e+00 4.9460077004e-06
4.4083591513e+00 4.9206008194e-06
4.5676689664e+00 5.1033526152e-06
4.7212887875e+00 5.5191940186e-06
4.8692797527e+00 6.0855263361e-06
5.0116287729e+00 6.3499156538e-06
5.1483460289e+00 6.2968298224e-06
5.2794723416e+00 6.1700814596e-06
5.4050056038e+00 6.1629325813e-06
5.5249569528e+00 6.0633447341e-06
5.6393582286e+00 5.5901500257e-06
5.7482132714e+00 4.6392142915e-06
5.8515449106e+00 3.4689899784e-06
5.9493578945e+00 2.0390692170e-06
6.0416557400e+00 1.5974225286e-06
6.1284705908e+00 1.0891117590e-06
6.2098030554e+00 -2.5447467321e-07
6.2856671058e+00 -2.8303140204e-06
6.3560432256e+00 -4.8909447560e-06
6.4209638909e+00 -5.3273593661e-06
6.4804551900e+00 -3.6062226027e-06
6.5345176782e+00 -1.3070342162e-06
6.5831843007e+00 -2.7054461239e-06
6.6264520447e+00 -6.4957853782e-06
6.6642647510e+00 -1.2340313949e-05
6.6966487322e+00 -1.6161634223e-05
6.7236358238e+00 -1.4777641246e-05
6.7452201601e+00 -1.4578110936e-05
6.7614052079e+00 -1.7241000812e-05
6.7721878679e+00 -2.2597011230e-05
6.7776076579e+00 -2.7040631995e-05
6.7776160682e+00 -2.8468685975e-05
6.7722256802e+00 -2.7938286794e-05
6.7614371668e+00 -2.7848619066e-05
6.7452499648e+00 -2.9384943143e-05
6.7236573066e+00 -3.0821337898e-05
6.6966719094e+00 -3.1080646082e-05
6.6642757746e+00 -3.0866326723e-05
6.6264660720e+00 -3.0620769248e-05
6.5832470827e+00 -3.0361481272e-05
6.5346071217e+00 -3.0510056671e-05
6.4805300546e+00 -3.0786926032e-05
6.4210320398e+00 -3.0493196335e-05
6.3560777719e+00 -3.0131546826e-05
6.2856674113e+00 -2.9257313851e-05
6.2098029811e+00 -2.8735770853e-05
6.1284649208e+00 -2.8696525437e-05
6.0416597782e+00 -2.8428159497e-05
5.9493478030e+00 -2.8069212224e-05
5.8515259505e+00 -2.7133318852e-05
5.7482078658e+00 -2.6415023565e-05
5.6393407271e+00 -2.5184728367e-05
5.5249385329e+00 -2.2540541428e-05
5.4049876233e+00 -2.0378433300e-05
5.2794458913e+00 -1.9377460941e-05
5.1483227337e+00 -1.8066508561e-05
5.0115983898e+00 -1.6626928173e-05
4.8692621296e+00 -1.5031562641e-05
4.7212742264e+00 -1.3063777118e-05
4.5676372687e+00 -1.1128771456e-05
4.4083362419e+00 -9.6185790474e-06
4.2433270103e+00 -8.8970754912e-06
4.0726147789e+00 -8.8709054603e-06
3.8961748876e+00 -8.4693932888e-06
3.7139773491e+00 -7.0053062503e-06
3.5260269724e+00 -5.3343356887e-06
3.3322789111e+00 -4.7462210428e-06
3.1327325675e+00 -5.1367175509e-06
2.9273476066e+00 -5.4633643023e-06
2.7161073240e+00 -5.1130133904e-06
2.4990054380e+00 -3.9511796978e-06
2.2759982624e+00 -3.2866679080e-06
2.0470756939e+00 -2.9708168227e-06
1.8122187100e+00 -2.4516643563e-06
1.5713922061e+00 -2.0342480027e-06
1.3245920579e+00 -1.4736107789e-06
1.0717781165e+00 -7.8554309289e-07
8.1293192025e-01 -3.1569468083e-07
5.4804361310e-01 -2.1207877628e-07
2.7706816571e-01 -1.6883589443e-07
-2.2914867959e-07 -2.0147248052e-09
