3.9833698196e+02
3.9824943876e+02
3.9816333902e+02
3.9808140612e+02
3.9800131822e+02
3.9792730685e+02
3.9785530600e+02
3.9778817810e+02
3.9772408037e+02
3.9766526713e+02
3.9760807021e+02
3.9755774109e+02
3.9750762914e+02
3.9746447258e+02
3.9742398114e+02
3.9738779500e+02
3.9735568257e+02
3.9732748431e+02
3.9730523483e+02
3.9728630505e+02
3.9727072625e+02
3.9726201890e+02
3.9725470735e+02
3.9725378295e+02
3.9725597153e+02
3.9726273030e+02
3.9727508506e+02
3.9729135687e+02
3.9731371243e+02
3.9734044396e+02
3.9736998493e+02
3.9740585605e+02
3.9744484032e+02
3.9748915952e+02
3.9753885941e+02
3.9759309390e+02
3.9765084256e+02
3.9771624934e+02
3.9778506751e+02
3.9785817574e+02
3.9793747620e+02
3.9801897194e+02
3.9810621077e+02
3.9819909562e+02
3.9829413900e+02
3.9839659546e+02
3.9850417380e+02
3.9861445175e+02
3.9873091095e+02
3.9885110151e+02
3.9897379174e+02
3.9910414761e+02
3.9923795296e+02
3.9937361878e+02
3.9951594980e+02
3.9966301003e+02
3.9981249603e+02
3.9996853940e+02
4.0012743247e+02
4.0029036084e+02
4.0045661299e+02
4.0062644313e+02
4.0079911476e+02
4.0097552506e+02
4.0115705956e+02
4.0134032900e+02
4.0152588108e+02
4.0171925813e+02
4.0191183969e+02
4.0210924760e+02
4.0230688037e+02
4.0251180687e+02
4.0271431032e+02
4.0292135999e+02
4.0313285530e+02
4.0334423527e+02
4.0355699998e+02
4.0377471127e+02
4.0399061043e+02
4.0420926646e+02
4.0443337508e+02
4.0465240627e+02
4.0488338344e+02
4.0510587296e+02
4.0533169071e+02
4.0556377066e+02
4.0578369724e+02
4.0601645589e+02
4.0625533206e+02
4.0648048981e+02
4.0670662043e+02
4.0693670222e+02
4.0717885765e+02
4.0739505700e+02
4.0759277025e+02
4.0780734746e+02
4.0803623687e+02
4.0822760675e+02
4.0821550807e+02
4.0730994751e+02
