7.7068808597e+01
2.3080093706e+01
2.2309140921e+01
2.2195849760e+01
2.2125713773e+01
4.8236473535e+01
2.2146926702e+01
2.2218027298e+01
2.2327914387e+01
4.7159171792e+01
2.2468948045e+01
2.2636642233e+01
2.2826994553e+01
4.6135896348e+01
2.3038576027e+01
2.3270001571e+01
4.5061678535e+01
2.3519997350e+01
2.3788164170e+01
4.4058239424e+01
2.4073947072e+01
2.4379179911e+01
4.3040539895e+01
2.4698828776e+01
4.2050863394e+01
2.5040205435e+01
2.5399498121e+01
4.1082546366e+01
2.5776650422e+01
2.6176930500e+01
4.0134813154e+01
2.6593166424e+01
3.9204327182e+01
2.7035484801e+01
2.7494373793e+01
3.8310848171e+01
2.7980228394e+01
3.7428807526e+01
2.8487192502e+01
3.6582605034e+01
2.9016659244e+01
3.5759536708e+01
2.9576023361e+01
3.0152079434e+01
3.4962289609e+01
3.0760598356e+01
3.4193478525e+01
3.1393483921e+01
3.3453498341e+01
3.2052663218e+01
3.2738631769e+01
