-9.8430775080e-06 2.0390232221e-08
-6.7974942829e-06 1.8853538405e-08
-1.7976498469e-06 1.5216432641e-08
4.7974973631e-06 9.3268088739e-09
7.9024241038e-06 1.9142969808e-09
9.6665503907e-06 -3.6998961933e-09
1.0089876224e-05 -7.5157706487e-09
9.1724016026e-06 -9.5333263851e-09
6.9141265278e-06 -9.7525634028e-09
3.3150509990e-06 -8.1734817015e-09
-1.6248249837e-06 -4.7960812814e-09
-5.4658886417e-06 5.9752880733e-10
-7.2698869184e-06 5.2440245289e-09
-7.9585612843e-06 8.4398912450e-09
-7.5319117393e-06 1.0185128956e-08
-5.9899382833e-06 1.0479737661e-08
-1.0351554658e-06 2.3438348569e-09
-1.7498788319e-06 8.9966715572e-10
-2.0624905850e-06 3.9117220115e-09
-1.9974864540e-06 6.5170048573e-09
-1.5548664389e-06 8.7155156931e-09
-7.3463053968e-07 1.0507254519e-08
4.6322124370e-07 1.1892221335e-08
2.0386889112e-06 1.2870416140e-08
3.9917724628e-06 1.3441838936e-08
2.4436118921e-06 9.2023719716e-09
1.2028958016e-06 5.7024539470e-09
3.2830907743e-07 3.0179345961e-09
-1.8014828060e-07 1.1488139188e-09
-3.2247627240e-07 9.5091915187e-11
-9.8674897981e-08 -1.4323141486e-10
-1.0934399522e-05 1.9826514088e-08
1.7022341094e-06 -1.7133285514e-09
3.1068730703e-07 -1.5805035923e-09
-2.1033101674e-06 -1.1639414426e-09
-4.2582792724e-06 -1.6884028382e-09
-2.6028470133e-06 -5.6082327231e-09
-1.3319088156e-06 -8.3182031475e-09
-4.4546467939e-07 -9.8183141113e-09
5.6485395285e-08 -1.0108565615e-08
1.7394140851e-07 -9.1889576574e-09
-9.3096639722e-08 -7.0594902396e-09
-7.4462874944e-07 -3.7201633613e-09
-3.8278597573e-07 -5.4758356430e-11
-5.1361590829e-09 2.4283150405e-09
-1.5280094164e-08 3.7145919697e-09
-4.1321778091e-07 3.8040724313e-09
-1.1989492194e-06 2.6967564252e-09
8.0113666167e-07 1.2272827992e-09
8.0367183918e-07 1.2038887925e-09
5.3087915612e-07 1.4183086828e-09
-1.7241387535e-08 1.8705424701e-09
-5.4330669685e-07 2.8958739337e-09
6.7182571271e-07 5.9269707247e-09
1.2959713829e-06 7.9366987017e-09
1.3291303137e-06 8.9250578648e-09
7.7130250504e-07 8.8920482140e-09
-3.7751204297e-07 7.8376697493e-09
-2.1173133304e-06 5.7619224706e-09
-4.4481013572e-06 2.6648063780e-09
-2.9560854024e-06 5.9274351840e-10
-2.5782951624e-07 -4.0938028498e-10
1.4179756977e-06 -1.1277668977e-09
2.0713302396e-06 -1.5624163199e-09
1.8875754052e-06 1.3082347148e-08
2.4120190514e-06 1.4529391447e-08
2.2397983673e-06 1.4503913634e-08
1.3709133528e-06 1.3005913708e-08
-1.9463599209e-07 1.0035391669e-08
-2.3951150020e-06 5.6135474268e-09
-1.0555409012e-06 2.3329933629e-09
-9.2943527750e-08 -2.6570252082e-11
4.9267711834e-07 -1.4651434182e-09
7.0132103697e-07 -1.9827261355e-09
5.3298822822e-07 -1.5793184038e-09
-1.2321307928e-08 -2.5492022337e-10
-9.3460757148e-07 1.9904684060e-09
-8.5843603464e-07 2.7243482012e-09
-2.9917275279e-08 1.9875125036e-09
5.2327362347e-07 1.4884907029e-09
-1.7298484257e-06 -8.3382735159e-09
-1.6604231514e-08 -8.7336010870e-09
8.1775068040e-07 -8.3148662729e-09
7.7321631008e-07 -7.0820690738e-09
-1.5020734261e-07 -5.0352094895e-09
-1.9525202776e-06 -2.1742875201e-09
-4.6337224949e-06 1.5006968344e-09
-2.7738399871e-06 3.1603946974e-09
-1.0082637642e-06 4.2176826610e-09
1.4168167025e-07 4.8975053514e-09
6.7599631612e-07 5.1998627685e-09
5.9468017355e-07 5.1247549123e-09
-1.0226675750e-07 4.6721817829e-09
-1.4148444770e-06 3.8421433802e-09
-1.2513048784e-06 5.7706922127e-09
6.6646742863e-07 1.0162780737e-08
-4.4834752623e-06 -2.4024762509e-09
-2.5369953409e-06 -4.2716862691e-09
-1.0565903492e-06 -5.5700615203e-09
-4.2260287480e-08 -6.2976020046e-09
5.0599484447e-07 -6.4543077220e-09
5.8817504659e-07 -6.0401786725e-09
2.0428031886e-07 -5.0552148561e-09
-6.4568933871e-07 -3.4994162728e-09
-3.5332923549e-07 -2.4811876933e-09
-5.9394298753e-08 -2.0166839045e-09
-1.4245061927e-07 -1.9312186037e-09
-6.0249819691e-07 -2.2247917908e-09
-1.4395370318e-06 -2.8974034660e-09
-2.6535671238e-06 -3.9490536292e-09
-4.2445884731e-06 -5.3797422804e-09
-4.3219819024e-06 -7.1288835596e-09
-1.4966751630e-07 2.5073486470e-09
-5.8926116321e-07 1.3112710524e-09
6.1973392829e-07 5.1288572845e-10
1.2601197764e-06 -1.9566271050e-11
1.3318963810e-06 -2.8608494610e-10
8.3506374232e-07 -2.8667029669e-10
-2.3037813984e-07 -2.1322322831e-11
-1.8644292654e-06 5.0995897548e-10
-4.0670896344e-06 1.3071735982e-09
-2.6980622504e-06 2.0445977621e-09
-4.2764753984e-07 2.4057747512e-09
9.3112740256e-07 2.4409640039e-09
1.3782625766e-06 2.1501655201e-09
9.1375798240e-07 1.5333792999e-09
-4.6238638006e-07 5.9060534317e-10
-2.7501705108e-06 -6.7815634997e-10
1.3360590124e-06 1.3471116751e-08
-2.2558790833e-07 1.0418764197e-08
-2.3024221875e-06 5.9322215523e-09
-1.1258046193e-06 2.6098108733e-09
-2.8403674559e-07 2.0572941543e-10
2.2288143375e-07 -1.2800228213e-09
3.9494991870e-07 -1.8474458369e-09
2.3216870922e-07 -1.4965396314e-09
-2.6546219463e-07 -2.2730420484e-10
-1.0979427929e-06 1.9602604429e-09
-9.2473698808e-07 3.6002769007e-09
-1.2751439195e-07 4.1894865214e-09
4.0249046385e-07 4.4701504103e-09
6.6527757928e-07 4.4422685672e-09
6.6084695443e-07 4.1058409923e-09
3.8919858926e-07 3.4608676856e-09
8.3063246594e-07 -7.5181397485e-09
-1.4349222741e-07 -5.5314628851e-09
-2.0139883803e-06 -2.7218480006e-09
-4.7808559927e-06 9.1070490497e-10
-2.7412628120e-06 2.6968248285e-09
-9.7195153509e-07 3.9423555989e-09
1.7311648023e-07 4.7800412956e-09
6.9394123405e-07 5.2098819185e-09
5.9052272635e-07 5.2318774677e-09
-1.3713904290e-07 4.8460279432e-09
-1.4890440737e-06 4.0523333449e-09
-1.2262685223e-06 6.2351228554e-09
6.6893860307e-07 1.0682022523e-08
1.8727749193e-06 1.3629071747e-08
2.3852404263e-06 1.5076270526e-08
2.2063351239e-06 1.5023618860e-08
8.2268000560e-08 -3.1891966965e-09
6.1265770485e-07 -3.6134142196e-09
6.6587561269e-07 -3.8157502725e-09
2.4192172399e-07 -3.7962048553e-09
-6.5920396113e-07 -3.5547779681e-09
-3.6757756076e-07 -3.5753544681e-09
-1.2119915718e-07 -3.7580603852e-09
-2.3879737119e-07 -4.0336890448e-09
-7.2037220282e-07 -4.4022404470e-09
-1.5659236520e-06 -4.8637145917e-09
-2.7754517189e-06 -5.4181114790e-09
-4.3489564034e-06 -6.0654311088e-09
-4.2365833560e-06 -7.2354669915e-09
-1.6252222112e-06 -8.5405422124e-09
8.9767474051e-08 -9.0226794121e-09
9.0838569975e-07 -8.6818785909e-09
1.2295737985e-06 1.5727013423e-09
1.2674257241e-06 1.5456639888e-09
7.3577491815e-07 1.6284600780e-09
-3.6537861931e-07 1.8210896101e-09
-2.0360348883e-06 2.1235525849e-09
-4.2761938888e-06 2.5358490025e-09
-2.7085829933e-06 3.4044705606e-09
-4.0975731228e-07 4.0541907127e-09
9.6462714994e-07 4.2869654560e-09
1.4145703934e-06 4.1027947906e-09
9.4007241806e-07 3.5016787163e-09
-4.5886677598e-07 2.4836172332e-09
-2.7822471887e-06 1.0486103414e-09
-4.3719318911e-06 -5.8525530684e-10
-2.4100267974e-06 -1.6751172402e-09
-9.2529350015e-07 -2.5430977034e-09
-1.1567728260e-06 2.8103432616e-09
-3.7339617923e-07 1.2633876325e-09
9.3160699028e-08 2.8326487821e-10
2.4289780868e-07 -1.3002500144e-10
7.5815149737e-08 2.3517993604e-11
-4.0808727777e-07 7.4389386333e-10
-1.2088094738e-06 2.0311026077e-09
-9.0074565965e-07 2.3279392984e-09
-4.0548267588e-08 1.9080352742e-09
5.2788179672e-07 1.6164941263e-09
8.0454453331e-07 1.4533158548e-09
7.8943994227e-07 1.4185004597e-09
4.8256802350e-07 1.5120479409e-09
-1.1607122296e-07 1.7339582985e-09
-5.5463824728e-07 1.9562763778e-09
6.2221914142e-07 1.7095721387e-09
-4.5964104107e-06 -3.3347208042e-09
-2.6369619937e-06 -2.3466410903e-10
-1.0698231530e-06 2.1235156068e-09
-7.1527276507e-08 3.7655032270e-09
3.5792563571e-07 4.6912987515e-09
2.1853558359e-07 4.9009021804e-09
-4.8969743272e-07 4.3943135137e-09
-1.7667734133e-06 3.1715327514e-09
-1.2478534901e-06 5.1697595003e-09
7.4451396095e-07 9.4854470545e-09
2.0105912043e-06 1.2341278701e-08
2.5503782401e-06 1.3737254440e-08
2.3638750683e-06 1.3673374271e-08
1.4510816888e-06 1.2149638194e-08
-1.8800189823e-07 9.1660462102e-09
-2.2569692413e-06 4.9241317653e-09
3.3391728041e-07 5.0610652533e-09
-7.5674341408e-07 -2.1390226016e-09
-5.7801232719e-07 -9.8706668879e-09
-4.6429439730e-07 -1.5544179296e-08
-6.8191789309e-07 -1.9118097697e-08
-1.2308828145e-06 -2.0592422092e-08
-2.1111891617e-06 -1.9967152480e-08
-3.3228369347e-06 -1.7242288862e-08
-4.8658261333e-06 -1.2417831237e-08
-4.3967585000e-06 -9.7446697670e-09
-1.4606934722e-06 -1.1702294076e-08
4.8717597922e-07 -1.2702141283e-08
1.4468498541e-06 -1.2744211390e-08
1.4183281526e-06 -1.1828504395e-08
4.0161087464e-07 -9.9550202992e-09
-1.6033019798e-06 -7.1237591022e-09
3.6894960417e-07 2.5733785050e-10
-1.7498670166e-06 2.5932091931e-09
-4.6419976074e-06 5.7915730387e-09
-3.2923289132e-06 9.1483794450e-09
-1.1961942441e-06 1.1395654979e-08
6.5771241527e-08 1.2516834671e-08
4.9356754366e-07 1.2511918518e-08
8.7194662293e-08 1.1380906523e-08
-1.1533474025e-06 9.1237986839e-09
-3.2280586509e-06 5.7405950017e-09
-4.3606981825e-06 4.8247053107e-09
-2.2403361256e-06 1.0035156619e-08
-6.5514452734e-07 1.3177184734e-08
3.9487661246e-07 1.4250789655e-08
9.0972729362e-07 1.3255971381e-08
8.8940751629e-07 1.0192729914e-08
3.0760301912e-07 -1.3836090015e-09
1.1196705189e-07 -1.1382596227e-09
-4.1921311050e-07 -1.8515423063e-10
-1.2859374679e-06 1.4757071748e-09
-8.0476462918e-07 2.2002252008e-09
1.9916918152e-07 2.1844569043e-09
8.4139190462e-07 2.1658501733e-09
1.1219035401e-06 2.1444050076e-09
1.0407040880e-06 2.1201214074e-09
5.9779354829e-07 2.0929993727e-09
-2.0682807908e-07 2.0630389033e-09
-6.3667684408e-07 1.5153686833e-09
1.1110763858e-06 -4.6122248935e-10
2.0855156456e-06 -1.5753211589e-09
2.2866409353e-06 -1.8269273255e-09
1.7144522548e-06 -1.2160409890e-09
9.8445315650e-08 5.3912447442e-09
5.3710310769e-07 6.3875151176e-09
3.7325063316e-07 6.3630261239e-09
-3.9311210790e-07 5.3177777631e-09
-1.7619851155e-06 3.2517700352e-09
-1.1774835167e-06 5.0869924959e-09
7.8176512684e-07 9.5159585328e-09
2.0159942938e-06 1.2439317900e-08
2.5252039845e-06 1.3857070597e-08
2.3093941985e-06 1.3769216624e-08
1.3685649362e-06 1.2175755981e-08
-2.9728380270e-07 9.0766886676e-09
-2.2652950629e-06 4.7125536173e-09
-1.1187542498e-06 2.1268789426e-09
-3.0775763167e-07 2.4896028119e-10
1.6769479129e-07 -9.2120236681e-10
-8.9155441026e-06 -1.8105868735e-09
-8.3432400317e-06 -1.5923017740e-09
-6.3919711270e-06 -1.1330536958e-09
-3.0617373885e-06 -4.3284263875e-10
1.6474611839e-06 5.0833139700e-10
4.5471925524e-06 -5.5712573437e-10
3.8515747870e-06 -3.5944727839e-09
3.0955761150e-06 -5.6183815523e-09
2.2791965361e-06 -6.6288520396e-09
1.4024360506e-06 -6.6258842458e-09
4.6529465814e-07 -5.6094781710e-09
-5.3222764101e-07 -3.5796338151e-09
-1.5901308469e-06 -5.3635117804e-10
-4.8325896599e-06 -3.7221225788e-09
-2.5864010681e-06 3.3642589599e-10
-9.4272274296e-07 3.3742150036e-09
3.7094678991e-06 -5.3613441311e-09
2.9546683767e-06 -7.1964997760e-09
2.1144748524e-06 -7.7835143393e-09
1.1888873262e-06 -7.1223878209e-09
1.7790579808e-07 -5.2131202207e-09
-9.1846973185e-07 -2.0557115388e-09
-1.5691197084e-08 2.1105549344e-09
3.8992888003e-06 5.4050206985e-09
6.4034128733e-06 7.4728225588e-09
7.4966810220e-06 8.3139605155e-09
7.1790932465e-06 7.9284345684e-09
5.4506495466e-06 6.3162447177e-09
2.3113499225e-06 3.4773909632e-09
-2.2388056259e-06 -5.8812669488e-10
-5.9232577428e-06 -1.5242681364e-09
-8.1088833396e-06 -1.7879089943e-09
1.4990896433e-06 3.1812578240e-09
4.9388355938e-06 5.4901725814e-09
6.9636866119e-06 6.7733819666e-09
7.5736426974e-06 7.0308859797e-09
6.7687038504e-06 6.2626846208e-09
4.5488700709e-06 4.4687778898e-09
9.1414135895e-07 1.6491657867e-09
-3.7494582370e-06 -1.1242909522e-09
-6.8621277738e-06 -8.6355155351e-10
-8.5880051685e-06 -5.8986348745e-10
-8.9270904210e-06 -3.0322675398e-10
-7.8793835315e-06 -3.6413531082e-12
-5.4448844999e-06 3.0889271517e-10
-1.6235933262e-06 6.3437545086e-10
3.5844899896e-06 9.7280685396e-10
4.3788734197e-06 -2.2780474044e-09
-6.6699665086e-07 -2.9132447469e-10
-4.9986217716e-06 -9.9318824503e-10
-7.6459563167e-06 -2.3691832624e-10
-8.9010792753e-06 3.4454426388e-10
-8.7639906475e-06 7.5119952531e-10
-7.2346904332e-06 9.8304745807e-10
-4.3131786325e-06 1.0400880621e-09
5.4475475562e-10 9.2232133753e-10
4.7814859404e-06 1.1361599928e-10
4.1573175545e-06 -3.4371411786e-09
3.4509198270e-06 -5.8245836582e-09
2.6622927579e-06 -7.0487114396e-09
1.7914363472e-06 -7.1095245226e-09
8.3835059479e-07 -6.0070229073e-09
-1.9696449917e-07 -3.7412065937e-09
-1.3145089348e-06 -3.1207558184e-10
-3.0147178515e-06 1.7021584883e-09
1.7816291572e-06 1.1520896605e-09
4.5607928545e-06 -1.3643564014e-09
3.9117600973e-06 -4.8316613278e-09
3.1811162139e-06 -7.0547151550e-09
2.3688612044e-06 -8.0335178829e-09
1.4749950688e-06 -7.7680695115e-09
4.9951780694e-07 -6.2583700408e-09
-5.5757058103e-07 -3.5044194708e-09
-1.5085979708e-06 4.3315720417e-10
2.8693317689e-06 2.6121973702e-09
5.8280278487e-06 4.0303916867e-09
7.3674902686e-06 4.6877401535e-09
7.4877190286e-06 4.5842427709e-09
6.1887141287e-06 3.7198995386e-09
3.4704755689e-06 2.0947104567e-09
1.1460137333e-06 -7.9497893672e-09
1.3778674643e-07 -5.8927425294e-09
-9.4948460484e-07 -2.5667650851e-09
1.5082158156e-07 1.1043777110e-09
4.0568141363e-06 3.0775761431e-09
6.5391101044e-06 4.2588007049e-09
7.5977094862e-06 4.6480513965e-09
7.2326122814e-06 4.2453282178e-09
5.4438184901e-06 3.0506311688e-09
2.2313281124e-06 1.0639602495e-09
-2.4048588518e-06 -1.7146845400e-09
-6.0679965116e-06 -6.0312314457e-10
-8.2478016307e-06 5.3201661822e-10
-9.0323763242e-06 1.3301146629e-09
-8.4217205922e-06 1.7911709895e-09
-6.4158344346e-06 1.9151855979e-09
8.0991616819e-06 4.6360193087e-09
7.1676516382e-06 4.0148890484e-09
4.7411790518e-06 2.6389182756e-09
8.1974392277e-07 5.0810699023e-10
-4.0598120860e-06 -1.2374129230e-09
-7.1367284345e-06 -3.1171540283e-10
-8.8138921924e-06 3.6734148140e-10
-9.0913033596e-06 7.9975772970e-10
-7.9689619363e-06 9.8553334207e-10
-5.4468679222e-06 9.2466831851e-10
-1.5250213175e-06 6.1716265903e-10
3.7965778777e-06 6.3016363606e-11
4.3884780359e-06 -3.4886706519e-09
3.6964285070e-06 -6.5073462406e-09
2.9253346136e-06 -8.2570912228e-09
2.0751963557e-06 -8.7379055983e-09
-8.7735209739e-06 4.1251048424e-10
-8.5636710040e-06 7.4605651834e-10
-6.9988776982e-06 9.2510329827e-10
-4.0791410567e-06 9.4965082402e-10
1.9553892048e-07 8.1969909560e-10
4.6849579909e-06 2.4508483019e-12
3.9194121412e-06 -3.0229558864e-09
3.1254621520e-06 -5.0711404714e-09
2.3031080232e-06 -6.1421029066e-09
1.4523497550e-06 -6.2358431922e-09
5.7318734731e-07 -5.3523613280e-09
-3.3437919986e-07 -3.4916573142e-09
-1.2703498865e-06 -6.5373115057e-10
1.9239165567e-06 1.9703670148e-09
5.4772941412e-06 3.6137582919e-09
7.5357091829e-06 4.5023090566e-09
3.6787576122e-06 -3.2457678895e-09
2.8894929556e-06 -4.8662301151e-09
2.0638313756e-06 -5.5589975385e-09
1.2017728725e-06 -5.3240701595e-09
3.0331744619e-07 -4.1614479783e-09
-6.3153490333e-07 -2.0711309947e-09
-1.2314002915e-06 9.0359828142e-10
3.2237225784e-06 3.2041907138e-09
6.2120249491e-06 4.6958905746e-09
7.7335068205e-06 5.3786978640e-09
7.7881681926e-06 5.2526125819e-09
6.3760090654e-06 4.3176347283e-09
3.4970294389e-06 2.5737643032e-09
-8.4877068683e-07 2.1001306676e-11
-5.1283909067e-06 -7.1807934649e-10
-7.6284276081e-06 -7.5534804035e-11
4.8210865600e-07 1.3379478916e-09
4.4365058257e-06 3.2238326139e-09
6.9216630043e-06 4.3623973817e-09
7.9375801918e-06 4.7536421950e-09
7.4842573882e-06 4.3975670539e-09
5.5616945934e-06 3.2941719583e-09
2.1698918075e-06 1.4434569081e-09
-2.6911509696e-06 -1.1545780965e-09
-6.1591760325e-06 -3.5458619963e-10
-8.1989466946e-06 4.1911379807e-10
-8.8813490094e-06 9.8427093652e-10
-8.2063829771e-06 1.3408852157e-09
-6.1740485975e-06 1.4889566357e-09
-2.7843458706e-06 1.4284851963e-09
1.9627252035e-06 1.1594708978e-09
4.4316253457e-06 -6.9761086146e-10
6.7305372126e-07 1.0437143151e-09
-4.0551357921e-06 -1.3545618193e-10
-7.0010084776e-06 1.5371783303e-09
-8.5867840469e-06 2.7274086441e-09
-8.8124625000e-06 3.4352347596e-09
-7.6780438369e-06 3.6606566767e-09
-5.1835280575e-06 3.4036743955e-09
-1.3289151619e-06 2.6642879159e-09
3.8857948499e-06 1.4424972380e-09
4.1643908855e-06 -2.1755602040e-09
3.4055488399e-06 -5.0781620228e-09
2.6095980568e-06 -6.8058634058e-09
1.7765385362e-06 -7.3586643530e-09
9.0637027816e-07 -6.7365648644e-09
-9.0671737293e-10 -4.9395649399e-09
-9.4529245040e-07 -1.9676645796e-09
-3.3326409164e-06 9.3237173607e-09
4.3998036137e-07 6.7170680551e-09
4.1932432039e-06 2.5546898435e-09
3.6377928902e-06 -1.8206368232e-09
3.0071750319e-06 -4.8422248036e-09
2.3013896288e-06 -6.5100740976e-09
1.5204366812e-06 -6.8241847053e-09
6.6431618885e-07 -5.7845566267e-09
-2.6697184813e-07 -3.3911898618e-09
-1.2734274298e-06 3.5591558947e-10
1.9740832503e-06 2.9450904632e-09
5.4086844049e-06 4.2763991199e-09
7.3827097957e-06 4.9484259040e-09
7.8961594228e-06 4.9611708156e-09
6.9490332860e-06 4.3146338546e-09
4.5413313855e-06 3.0088150211e-09
-2.3724744096e-06 3.9264395138e-10
-3.9337933514e-06 -3.1082649901e-09
-4.5666182867e-06 -7.3426684982e-09
-2.9817261853e-06 -1.0065362935e-08
-1.9154600006e-06 -1.1333697628e-08
-1.3678197325e-06 -1.1147672574e-08
-1.3388053811e-06 -9.5072877760e-09
-1.8284169462e-06 -6.4125432325e-09
-2.8366544280e-06 -1.8634389437e-09
-4.3635178265e-06 4.1400250903e-09
-3.1829334661e-06 7.9457507039e-09
-1.9318122597e-06 1.0159358353e-08
-1.0379543359e-06 1.1114061885e-08
-5.0135969455e-07 1.0809861302e-08
-3.2202833576e-07 9.2467566029e-09
-4.9996025949e-07 6.4247477879e-09
-1.0071460326e-05 1.7162384007e-08
-7.2542599190e-06 1.2397841976e-08
-2.4827983011e-06 5.5328879974e-09
4.9125584266e-07 4.3384392872e-10
