1.1582109780e-03 -5.7943293794e-07
1.7928862655e-03 3.2989788041e-06
9.1336522004e-05 8.6132625850e-08
1.8270213788e-03 7.4446205805e-06
1.2366268584e-03 -7.2376140256e-06
1.2817484814e-03 8.8277107468e-06
1.8123636254e-03 -1.5675300524e-05
1.4870921255e-04 2.0680174131e-06
1.7947722128e-03 -1.9794507337e-05
1.1246920987e-03 1.4343828533e-05
1.1708679773e-03 -1.5895432544e-05
1.7851702566e-03 2.6766662936e-05
1.4523244059e-05 4.8711240610e-08
1.8442989442e-03 3.4009235254e-05
1.2182207176e-03 -2.2253821664e-05
1.3288366199e-03 3.0530378697e-05
1.8064327862e-03 -3.8249572872e-05
2.0938960298e-04 6.6568904068e-06
1.7974466229e-03 -4.3927804243e-05
1.0655960380e-03 2.7823429252e-05
1.2096147596e-03 -3.3333319378e-05
1.7542987313e-03 4.9491243965e-05
3.2446654023e-05 -7.0104584637e-07
1.8564217026e-03 5.6207016326e-05
1.1706417685e-03 -3.6793282076e-05
1.3634267454e-03 4.4713838288e-05
1.7745912485e-03 -6.0457659914e-05
2.6698750065e-04 1.0084952997e-05
1.7982411683e-03 -6.5476325833e-05
1.0377196479e-03 4.0058642629e-05
1.2416905089e-03 -4.8194052573e-05
1.7474591860e-03 7.1458338633e-05
9.1750948089e-05 -3.6187589210e-06
1.8572418416e-03 8.0297019026e-05
1.1264489610e-03 -5.0311558680e-05
1.3844738440e-03 6.3781579281e-05
1.7520181586e-03 -8.2683764564e-05
3.2079558628e-04 1.6387494049e-05
1.7983223186e-03 -8.9673945284e-05
9.8493605547e-04 5.1312383217e-05
1.2685303380e-03 -6.7205197414e-05
1.7179402612e-03 9.2931445106e-05
1.4984025439e-04 -8.4738948151e-06
1.8669327157e-03 1.0462339769e-04
1.0812642265e-03 -6.2138511126e-05
1.4297690442e-03 8.3998208512e-05
1.7253825885e-03 -1.0335497053e-04
3.8125299727e-04 2.4238435904e-05
1.7933848322e-03 -1.1105304882e-04
9.4726649608e-04 6.1640338497e-05
1.2882524282e-03 -8.2881980307e-05
1.7026300485e-03 1.1424705864e-04
2.0499098113e-04 -1.3702368532e-05
1.8634177678e-03 1.3088785702e-04
1.0363561844e-03 -7.2388561180e-05
1.4454260280e-03 1.0821871596e-04
1.6967580391e-03 -1.2266862123e-04
4.2822341631e-04 3.4765502685e-05
1.7848771474e-03 -1.3296299073e-04
8.8767079019e-04 7.0039045544e-05
1.3085710363e-03 -1.0090944263e-04
1.6623336971e-03 1.3408169975e-04
2.5810659681e-04 -2.0725293972e-05
1.8587589231e-03 1.5386508705e-04
9.8897326224e-04 -8.1698239614e-05
1.4685561593e-03 1.2544480159e-04
1.6641345178e-03 -1.4117704112e-04
4.8040784907e-04 4.3095481818e-05
1.7723332448e-03 -1.5412844403e-04
8.4398600348e-04 7.7735919491e-05
1.3283453532e-03 -1.1919433664e-04
1.6386295516e-03 1.5385395989e-04
3.1048779025e-04 -2.8812440165e-05
1.8514817744e-03 1.7778158399e-04
9.3628101448e-04 -8.8017726243e-05
1.4826037073e-03 1.4683856698e-04
1.6277413381e-03 -1.5742480969e-04
5.2586644417e-04 5.4500647052e-05
1.7608731793e-03 -1.7518377996e-04
8.0068998081e-04 8.4504296412e-05
1.3389256937e-03 -1.3685452652e-04
1.6142268620e-03 1.7276394476e-04
3.5554679294e-04 -3.7440148620e-05
1.8399401359e-03 2.0089226140e-04
8.8682269694e-04 -9.4543360919e-05
1.5051467175e-03 1.6877048610e-04
1.5926515563e-03 -1.7391080696e-04
5.7591966085e-04 6.7100249390e-05
1.7428006476e-03 -1.9500942294e-04
7.4647181083e-04 8.9040989261e-05
1.3488554176e-03 -1.5468732165e-04
1.5768888202e-03 1.9018295291e-04
4.0139117922e-04 -4.7350022903e-05
1.8261465503e-03 2.2391382308e-04
8.3466009111e-04 -9.9424010886e-05
1.5014688560e-03 1.8855028260e-04
1.5534029983e-03 -1.8882086386e-04
6.0891213645e-04 7.9108620388e-05
1.7247893569e-03 -2.1423312240e-04
6.9824055339e-04 9.2671763399e-05
1.3581542223e-03 -1.7254025144e-04
1.5462262117e-03 2.0700955144e-04
4.4414658388e-04 -5.7900008054e-05
1.8087018357e-03 2.4606661316e-04
7.8279637783e-04 -1.0263752468e-04
1.5178543719e-03 2.1107087968e-04
1.5130917003e-03 -2.0224995721e-04
6.5537132924e-04 9.3954588387e-05
1.7018301676e-03 -2.3273872937e-04
6.4154551721e-04 9.4172659742e-05
1.3622989225e-03 -1.9020276062e-04
4.8343322371e-04 -6.9150295077e-05
1.5001880936e-03 2.2140241868e-04
7.3183335692e-04 -1.0605586066e-04
1.7863887132e-03 2.6808946288e-04
1.4737214204e-03 -2.1642260720e-04
1.5287071495e-03 2.3313878666e-04
1.6777134248e-03 -2.4998362891e-04
6.9780737577e-04 1.0932736567e-04
1.3651791204e-03 -2.0709269017e-04
5.8336062046e-04 9.3623010099e-05
5.2178807712e-04 -8.0905987673e-05
1.4509081526e-03 2.3364407603e-04
6.7951204360e-04 -1.0693880979e-04
1.7614391798e-03 2.8820998729e-04
1.4308541839e-03 -2.2765399042e-04
1.5313972701e-03 2.5442027718e-04
1.6525907071e-03 -2.6631902983e-04
7.3399181088e-04 1.2496344695e-04
1.3637004077e-03 -2.2343033039e-04
5.3278143724e-04 9.3070254912e-05
5.5605282131e-04 -9.2975603414e-05
1.4138719911e-03 2.4710068478e-04
6.2737525023e-04 -1.0650445422e-04
1.7376549357e-03 3.0797556343e-04
1.3852901766e-03 -2.3730390371e-04
1.5281004456e-03 2.7458184915e-04
1.6208994301e-03 -2.8089490570e-04
7.6489208314e-04 1.4055449665e-04
1.3617901544e-03 -2.3962524169e-04
4.7444482673e-04 8.9623095141e-05
5.9005433057e-04 -1.0577612050e-04
1.3593652474e-03 2.5623173028e-04
5.7300080584e-04 -1.0437260142e-04
1.7067592887e-03 3.2588782728e-04
1.3361027386e-03 -2.4514902248e-04
1.5258418823e-03 2.9503273928e-04
1.5925424215e-03 -2.9596995527e-04
7.9448505556e-04 1.5674670269e-04
1.3582560718e-03 -2.5533415955e-04
4.2309322385e-04 8.6027251711e-05
6.1962108376e-04 -1.1851712634e-04
1.3235939925e-03 2.6773855208e-04
5.2158711852e-04 -1.0150184147e-04
1.6801159999e-03 3.4389303400e-04
1.2916776689e-03 -2.5267882943e-04
1.5034529101e-03 3.1123368429e-04
1.5617642329e-03 -3.0904412780e-04
8.0635215254e-04 1.7011376737e-04
1.3476794543e-03 -2.6952186491e-04
3.6999766667e-04 8.0640818157e-05
6.4379948732e-04 -1.3088158622e-04
4.7061828870e-04 -9.7426420570e-05
1.2774056403e-03 2.7592170432e-04
1.2453153398e-03 -2.5862455606e-04
1.6465904286e-03 3.5960294349e-04
1.5282522255e-03 -3.2081131717e-04
1.5056381435e-03 3.3275106362e-04
1.3398607630e-03 -2.8406026843e-04
8.4161387149e-04 1.8947937606e-04
6.6853409571e-04 -1.4390659636e-04
3.1201405851e-04 7.2932803161e-05
4.1859198872e-04 -9.1651455397e-05
1.2196565532e-03 2.8057072377e-04
1.1979631602e-03 -2.6281451695e-04
1.6086248798e-03 3.7364810405e-04
1.4944828806e-03 -3.3159265192e-04
1.4818999146e-03 3.4790698606e-04
1.3258156337e-03 -2.9759341869e-04
8.4964173262e-04 2.0292780637e-04
6.8844681985e-04 -1.5695321715e-04
2.6061316458e-04 6.4961107178e-05
3.6936970330e-04 -8.5601283354e-05
1.1750518161e-03 2.8660579851e-04
1.1495248119e-03 -2.6598023779e-04
1.5699154132e-03 3.8645969094e-04
1.4568773625e-03 -3.4048233607e-04
1.4666745039e-03 3.6515993019e-04
1.3136277710e-03 -3.1007681807e-04
8.7079410219e-04 2.2046554003e-04
7.0937464265e-04 -1.6980434755e-04
2.0836425042e-04 5.5513274454e-05
3.2005780703e-04 -7.8237876553e-05
1.1153645726e-03 2.8792123859e-04
1.1020891986e-03 -2.6833652934e-04
1.5269631631e-03 3.9732592861e-04
1.4232666052e-03 -3.4941642827e-04
1.4482800060e-03 3.8047488895e-04
1.2952413765e-03 -3.2067366404e-04
8.8257373093e-04 2.3540881378e-04
7.2210066546e-04 -1.8114427856e-04
2.7393155457e-04 -7.0499090418e-05
1.5700649541e-04 4.4668038953e-05
1.0564956472e-03 -2.6979804789e-04
1.0747815200e-03 2.9237900959e-04
1.3837931236e-03 -3.5623392338e-04
1.4908994497e-03 4.0870110667e-04
1.2789730148e-03 -3.3246740044e-04
1.4285655826e-03 3.9515984154e-04
7.3824370851e-04 -1.9444549835e-04
8.9575913480e-04 2.5129430520e-04
2.2596177109e-04 -6.1024523495e-05
1.0616651292e-04 3.2666163636e-05
1.0062624021e-03 -2.6838869881e-04
1.0154739765e-03 2.9077066552e-04
1.3436784900e-03 -3.6137655589e-04
1.4422779719e-03 4.1576231541e-04
1.2585060373e-03 -3.4211038159e-04
1.4052596642e-03 4.0841418817e-04
7.4865834596e-04 -2.0622193097e-04
9.0561194230e-04 2.6658399350e-04
1.7976092642e-04 -5.1189534987e-05
5.8265337041e-05 1.9898727029e-05
9.5800311190e-04 -2.6715546042e-04
9.6159818853e-04 2.8891500767e-04
1.3043947369e-03 -3.6627238604e-04
1.3987562514e-03 4.2291400149e-04
1.2380663010e-03 -3.5025229492e-04
1.3749172133e-03 4.1885343305e-04
7.5724488622e-04 -2.1661043981e-04
9.0137888522e-04 2.7800954896e-04
1.3372663461e-04 -4.0069275452e-05
9.1059556425e-04 -2.6480184186e-04
1.0318500208e-05 5.9602693581e-06
1.2646966213e-03 -3.6992175200e-04
9.1376337090e-04 2.8764500997e-04
1.2149522739e-03 -3.5775059371e-04
1.3553025042e-03 4.2893652382e-04
7.6445567051e-04 -2.2749540049e-04
1.3504940077e-03 4.3013290074e-04
9.3675642447e-05 -2.9704054494e-05
9.0971358138e-04 2.9302602320e-04
8.6311364741e-04 -2.6076933572e-04
3.1888163833e-05 1.3133246788e-05
1.2237123041e-03 -3.7214708689e-04
8.6578873388e-04 2.8489114472e-04
1.1917966167e-03 -3.6631963333e-04
1.3108063714e-03 4.3339744994e-04
7.6994202700e-04 -2.4009119307e-04
1.3162958453e-03 4.3835534726e-04
5.3298293551e-05 -1.8626438312e-05
9.0345353114e-04 3.0434040522e-04
8.1432357211e-04 -2.5580584404e-04
7.3932743848e-05 2.7922309171e-05
1.1806207893e-03 -3.7274232238e-04
8.2173287221e-04 2.8166015334e-04
1.1671115293e-03 -3.7083657780e-04
1.2664242085e-03 4.3638866457e-04
7.7165117708e-04 -2.4752054271e-04
1.2834583527e-03 4.4645797304e-04
8.6197047823e-06 -4.7336103051e-06
7.7041424033e-04 -2.5098670414e-04
9.0299283115e-04 3.1776152343e-04
1.1434280875e-03 -3.7406370683e-04
1.1290843867e-04 4.2650301193e-05
1.1400239030e-03 -3.7505749839e-04
7.5119643651e-04 2.6902169433e-04
7.6966486560e-04 -2.5558279174e-04
1.2044673766e-03 4.3295284853e-04
3.1501625097e-05 -1.2530079107e-05
1.2563354651e-03 4.5434878138e-04
7.2636775197e-04 -2.4496159143e-04
9.0721350893e-04 3.3138390412e-04
1.1001035177e-03 -3.7250828860e-04
1.4842501375e-04 5.7091074297e-05
1.1120700855e-03 -3.7915139680e-04
6.9809605895e-04 2.6033369556e-04
7.6992922225e-04 -2.6517082322e-04
1.1538832587e-03 4.3151428093e-04
6.5869457888e-05 -2.4956903032e-05
1.2174442185e-03 4.5799568118e-04
6.7748414685e-04 -2.3632549937e-04
8.9005923858e-04 3.3825234840e-04
1.0565562097e-03 -3.6979041485e-04
1.7769247677e-04 7.0460592983e-05
1.0843698342e-03 -3.8179595161e-04
7.6351316605e-04 -2.7121996327e-04
6.5849716665e-04 2.5516316694e-04
9.4635091488e-05 -3.5759943258e-05
1.1129615801e-03 4.3226100036e-04
6.3888471022e-04 -2.3020377286e-04
1.1801157291e-03 4.6103045021e-04
1.0179729746e-03 -3.6776161858e-04
8.8094694901e-04 3.4740330463e-04
1.0531401757e-03 -3.8253860506e-04
2.0869079605e-04 8.5160502150e-05
7.6189839586e-04 -2.7917232737e-04
6.0366664708e-04 2.4301691745e-04
1.3136324849e-04 -5.0348555444e-05
1.0566343452e-03 4.2587502320e-04
5.8941967962e-04 -2.1932558386e-04
1.1439594150e-03 4.6303447253e-04
9.6896716671e-04 -3.6124573025e-04
8.7316872284e-04 3.5633428416e-04
1.0242118812e-03 -3.8384676630e-04
2.3412589327e-04 9.8365006245e-05
7.5376497176e-04 -2.8494928350e-04
5.5618604880e-04 2.3211406671e-04
1.5224382420e-04 -5.9923409007e-05
5.5018325287e-04 -2.1113388403e-04
1.0082960335e-03 4.2099668470e-04
9.3264911101e-04 -3.5816376108e-04
1.1013799531e-03 4.6235669894e-04
9.9224282790e-04 -3.8284319903e-04
8.4284507570e-04 3.5701610352e-04
7.3881902069e-04 -2.8737981552e-04
2.5045267480e-04 1.0889927304e-04
1.7437193510e-04 -7.0218217630e-05
5.1096878151e-04 2.2077657418e-04
5.1028777991e-04 -2.0169059059e-04
9.5886260233e-04 4.1438062851e-04
8.9079792537e-04 -3.5219781749e-04
1.0604516675e-03 4.6058930609e-04
9.5815937768e-04 -3.8142312076e-04
8.2952677106e-04 3.6338192068e-04
7.3041031220e-04 -2.9428839264e-04
2.7102505301e-04 1.2150137929e-04
2.0035988556e-04 -8.3506587961e-05
4.6964155372e-04 2.0986944085e-04
4.6895903887e-04 -1.9127537082e-04
9.1375995074e-04 4.0815778057e-04
8.4451730047e-04 -3.4380829705e-04
9.2376234018e-04 -3.7721901556e-04
1.0177124029e-03 4.5721255223e-04
7.1649142074e-04 -2.9447595663e-04
8.1136103495e-04 3.6821897164e-04
2.1737523195e-04 -9.1616934591e-05
2.8957712618e-04 1.3438368993e-04
4.3020345598e-04 -1.8013768404e-04
4.1854577441e-04 1.9373233945e-04
8.0417000034e-04 -3.3604808945e-04
8.5362835761e-04 3.9435223299e-04
8.9023864333e-04 -3.7349974470e-04
9.7581641964e-04 4.5304194295e-04
7.0299367026e-04 -2.9731533672e-04
7.9264473387e-04 3.7163592996e-04
2.3419982474e-04 -1.0151108042e-04
3.0460045893e-04 1.4572303851e-04
3.9484845664e-04 -1.6989018057e-04
3.7658088426e-04 1.8020845126e-04
7.6474406234e-04 -3.2799650522e-04
8.5432179941e-04 -3.6790257798e-04
8.0403906238e-04 3.8349800798e-04
6.8780188186e-04 -2.9833753867e-04
9.3331678542e-04 4.4673815652e-04
2.5003732221e-04 -1.1085196272e-04
7.7196479741e-04 3.7210273515e-04
3.5585764718e-04 -1.5744523473e-04
3.1529352892e-04 1.5460363557e-04
7.1981643624e-04 -3.1697710380e-04
3.3606117581e-04 1.6610993522e-04
8.2013921990e-04 -3.6233059232e-04
7.5568744864e-04 3.7180928513e-04
6.6778624829e-04 -2.9747696918e-04
8.8653256177e-04 4.3789838049e-04
2.5794472590e-04 -1.1764321097e-04
7.4314543658e-04 3.6958075768e-04
3.1878380381e-04 -1.4537930894e-04
3.2105838789e-04 1.6227664346e-04
6.7884560799e-04 -3.0693907984e-04
2.9787760149e-04 1.5197037703e-04
7.8700839780e-04 -3.5659527680e-04
6.4563449897e-04 -2.9466466817e-04
7.0851030287e-04 3.5918989264e-04
2.6285665001e-04 -1.2252463981e-04
8.4385116393e-04 4.2961865374e-04
2.8495443917e-04 -1.3302863667e-04
7.0968554366e-04 3.6351940930e-04
6.3924444782e-04 -2.9565643665e-04
3.1980821892e-04 1.6640982735e-04
7.4740170329e-04 -3.4678376773e-04
2.6237028174e-04 1.3803342135e-04
6.2724218896e-04 -2.9314588986e-04
6.6384378496e-04 3.4646307874e-04
2.7311245134e-04 -1.3025935668e-04
7.9659688980e-04 4.1761619278e-04
2.5236693368e-04 -1.2127771296e-04
6.7810389364e-04 3.5771330716e-04
5.9590122907e-04 -2.8270026461e-04
7.0943449407e-04 -3.3738722597e-04
3.2092903996e-04 1.7183663137e-04
6.0202724413e-04 -2.8798780703e-04
2.2300488387e-04 1.2129346455e-04
2.7460027753e-04 -1.3396259992e-04
6.0622666872e-04 3.2610606448e-04
2.2159405725e-04 -1.0941173835e-04
7.4719121111e-04 4.0315900897e-04
5.5661500288e-04 -2.7026339418e-04
6.5295366104e-04 3.5380074957e-04
6.6919305461e-04 -3.2565201232e-04
3.2447565963e-04 1.7808585671e-04
5.7641879531e-04 -2.8214207431e-04
1.9154629664e-04 1.0747304552e-04
2.7601635938e-04 -1.3764596580e-04
5.6252847617e-04 3.1126705343e-04
1.9145102410e-04 -9.7079090464e-05
5.1513725902e-04 -2.5585346044e-04
6.9909161796e-04 3.8778160749e-04
6.3077079415e-04 -3.1389654115e-04
6.1935714930e-04 3.4650963416e-04
5.4938299777e-04 -2.7503567310e-04
3.2099375739e-04 1.8248538348e-04
2.7293987767e-04 -1.3926220729e-04
1.5771197412e-04 9.1530196434e-05
1.6171050144e-04 -8.4631863214e-05
5.0842852764e-04 2.8929509560e-04
4.7418823536e-04 -2.4115085465e-04
6.4553287221e-04 3.6821781795e-04
5.8906677659e-04 -2.9975080356e-04
5.7873956279e-04 3.3169984028e-04
5.1920978807e-04 -2.6554359127e-04
3.1025566083e-04 1.8006509147e-04
2.6819531820e-04 -1.3968754877e-04
1.3514100364e-04 -7.2949306812e-05
1.2848605124e-04 7.7066597853e-05
4.3346399685e-04 -2.2547224554e-04
4.6007156500e-04 2.6905083438e-04
5.4713456964e-04 -2.8456388472e-04
5.9313549499e-04 3.4747312921e-04
4.8859547708e-04 -2.5573679149e-04
5.3568194622e-04 3.1559620159e-04
2.6167345955e-04 -1.3967291037e-04
2.9604080492e-04 1.7670404874e-04
1.0994990833e-04 -6.1663979000e-05
1.0315715985e-04 6.3961116469e-05
3.9224581566e-04 -2.0888473477e-04
4.1439583494e-04 2.4859955279e-04
5.0236516397e-04 -2.6713145155e-04
5.3900180286e-04 3.2414374607e-04
4.5398833261e-04 -2.4246896427e-04
2.5128132411e-04 -1.3664843909e-04
4.9366571224e-04 2.9937482636e-04
8.6459121766e-05 -5.0432410423e-05
2.8183193991e-04 1.7347608562e-04
3.5003648235e-04 -1.9063019117e-04
7.4923750241e-05 4.8788435536e-05
4.5590858173e-04 -2.4770111151e-04
3.5830047445e-04 2.2121713052e-04
4.1611682290e-04 -2.2736610742e-04
4.7746008969e-04 2.9492624122e-04
2.3696935797e-04 -1.3208498350e-04
4.4100458550e-04 2.7403222641e-04
6.4940795265e-05 -4.0082711068e-05
2.5670892993e-04 1.6174237888e-04
3.0805671792e-04 -1.7174333165e-04
4.0754466474e-04 -2.2646072555e-04
5.2148299883e-05 3.6332530320e-05
3.7477822399e-04 -2.0976287874e-04
3.1038899238e-04 1.9778572243e-04
2.1815816408e-04 -1.2489511984e-04
4.1515534860e-04 2.6379976145e-04
4.4208899524e-05 -2.9885430232e-05
3.8239801971e-04 2.4380312789e-04
2.6382639007e-04 -1.5092260358e-04
2.2670512425e-04 1.4643237081e-04
3.5482821730e-04 -2.0169510204e-04
3.2503128543e-05 2.4523222020e-05
3.2899882802e-04 -1.8805449093e-04
2.5225613649e-04 1.6485910810e-04
1.9592554858e-04 -1.1452776942e-04
2.7322926124e-05 -2.1245704241e-05
3.4184181459e-04 2.2263752647e-04
2.1821091976e-04 -1.2846254830e-04
3.1485529429e-04 2.0654538999e-04
2.9625595218e-04 -1.7293510253e-04
1.8836684099e-04 1.2558236100e-04
2.7410366395e-04 -1.6175951054e-04
1.4079567617e-05 1.3791758951e-05
1.6502981384e-04 -1.0044544085e-04
1.8706152443e-04 1.2689072789e-04
1.2232999884e-05 -1.4169343728e-05
2.5421089488e-04 1.7052545169e-04
1.6598712678e-04 -1.0245403055e-04
2.2753272873e-04 1.5352787886e-04
2.2637937355e-04 -1.3683180454e-04
2.0642448348e-04 -1.2432443793e-04
1.3246398326e-04 9.1120878210e-05
1.2315349598e-04 -7.6335965394e-05
5.4305801382e-08 5.9920902494e-06
-1.3391818105e-07 -9.2624835948e-06
1.1211329574e-04 8.1364119679e-05
1.0583285150e-04 -7.3969599781e-05
1.4057928839e-04 9.8690742103e-05
1.3526258165e-04 -8.7671546581e-05
9.3382275387e-05 6.1329422335e-05
8.8063719846e-05 -5.1278872619e-05
3.7150671247e-05 2.1216834788e-05
3.2059237387e-05 -1.6638684070e-05
-6.8374134068e-06 -2.6043065687e-06
-1.0141962238e-05 3.1859580174e-06
