3.0705304926e+02
3.0762705925e+02
3.0647897556e+02
3.0820010869e+02
3.0590765821e+02
3.0877301972e+02
3.0533665979e+02
3.0934611869e+02
3.0476714130e+02
3.0992168723e+02
3.0419929664e+02
3.1049720811e+02
3.0363137482e+02
3.1107443219e+02
3.0306111969e+02
3.1165371698e+02
3.0249047683e+02
3.1223283816e+02
3.0192512226e+02
3.1280182492e+02
3.0136953533e+02
3.1337078598e+02
3.0081387879e+02
3.1394735059e+02
3.0024259395e+02
3.1453191440e+02
2.9966783206e+02
3.1511650822e+02
2.9909726519e+02
3.1569314989e+02
2.9853539935e+02
3.1626962365e+02
2.9797341246e+02
3.1684944155e+02
2.9741393049e+02
3.1743376005e+02
2.9685515216e+02
3.1801814912e+02
2.9629694868e+02
3.1859734503e+02
2.9573927192e+02
3.1917621517e+02
2.9518146494e+02
3.1975583611e+02
2.9462175018e+02
3.2033709805e+02
2.9406133291e+02
3.2091844494e+02
2.9350551210e+02
3.2150044072e+02
2.9296512492e+02
3.2208252748e+02
2.9242459238e+02
3.2266436413e+02
2.9186729540e+02
3.2324643098e+02
2.9130270665e+02
3.2382859453e+02
2.9074164960e+02
3.2441305701e+02
2.9019477624e+02
3.2499793139e+02
2.8964771830e+02
3.2557737679e+02
2.8910072534e+02
3.2614665176e+02
2.8855374929e+02
3.2671602061e+02
2.8800961136e+02
3.2730713098e+02
2.8748240567e+02
3.2790306539e+02
2.8695503478e+02
3.2849337763e+02
2.8641060991e+02
3.2907173613e+02
2.8585559490e+02
3.2965021473e+02
2.8530312352e+02
3.3023370268e+02
2.8477015251e+02
3.3081864773e+02
3.3140627008e+02
2.8423699034e+02
3.3200340014e+02
2.8370187983e+02
3.3260072831e+02
2.8316533130e+02
3.3317761972e+02
2.8262886275e+02
3.3374727658e+02
2.8209083522e+02
3.3431980450e+02
2.8155258992e+02
3.3490312049e+02
2.8102492741e+02
3.3548658460e+02
2.8050646634e+02
3.3607014092e+02
2.7998787302e+02
3.3665378195e+02
2.7944761743e+02
3.3723696545e+02
2.7890709143e+02
3.3781881069e+02
2.7838257241e+02
3.3840082031e+02
2.7787445593e+02
3.3898195274e+02
2.7736615344e+02
3.3956266558e+02
2.7685021352e+02
3.4014246911e+02
2.7633369026e+02
3.4071685301e+02
2.7581648485e+02
3.4129139390e+02
2.7529855181e+02
3.4187508324e+02
2.7478044445e+02
3.4246448879e+02
2.7426815512e+02
3.4305186351e+02
2.7375568497e+02
3.4362156815e+02
2.7324642923e+02
3.4419144696e+02
2.7274188698e+02
3.4477205939e+02
2.7223714692e+02
3.4536058049e+02
2.7173166541e+02
3.4594822047e+02
3.4652332513e+02
2.7122554246e+02
3.4709861913e+02
2.7072219307e+02
3.4767686902e+02
2.7022372478e+02
3.4825768513e+02
2.6972503549e+02
3.4883841651e+02
2.6923117687e+02
3.4941534154e+02
2.6873757016e+02
3.4999247958e+02
2.6824396374e+02
3.5056758627e+02
2.6775072525e+02
3.5114058007e+02
2.6725727146e+02
3.5171373870e+02
2.6677118444e+02
3.5229905887e+02
2.6628611967e+02
3.5288530893e+02
2.6580047848e+02
3.5346050266e+02
2.6531395104e+02
3.5402231237e+02
2.6482718196e+02
3.5458430758e+02
2.6434607027e+02
3.5515719031e+02
2.6386600943e+02
3.5573119910e+02
2.6338806511e+02
3.5630450160e+02
2.6291706903e+02
3.5687668130e+02
3.5744904774e+02
2.6244579722e+02
3.5801658278e+02
2.6197095709e+02
3.5858393974e+02
2.6149423037e+02
3.5915449054e+02
2.6102155159e+02
3.5973020662e+02
2.6056491440e+02
3.6030612173e+02
2.6010799336e+02
3.6086727212e+02
2.5963802706e+02
3.6142632639e+02
2.5916145355e+02
3.6198860649e+02
2.5869040165e+02
3.6255703432e+02
2.5824757580e+02
3.6312564851e+02
2.5780443656e+02
3.6369275672e+02
2.5735392650e+02
3.6426004225e+02
2.5689903333e+02
3.6482586701e+02
2.5644510437e+02
3.6538775737e+02
3.6594985904e+02
2.5599964034e+02
3.6651147342e+02
2.5555386489e+02
3.6707338400e+02
2.5511100869e+02
3.6763473632e+02
2.5466950789e+02
3.6819387855e+02
2.5422820091e+02
3.6875323976e+02
2.5379226337e+02
3.6931533350e+02
2.5335601575e+02
3.6987887634e+02
2.5291676651e+02
3.7043977127e+02
2.5247461908e+02
3.7099005046e+02
2.5203318922e+02
3.7154056454e+02
2.5161239202e+02
3.7210249486e+02
2.5119124465e+02
3.7267007101e+02
2.5077029994e+02
3.7323321696e+02
3.7377375548e+02
2.5034921334e+02
3.7431453998e+02
2.4992773762e+02
3.7487075735e+02
2.4950625599e+02
3.7543575352e+02
2.4908442585e+02
3.7599769185e+02
2.4866735843e+02
3.7653759130e+02
2.4825470383e+02
3.7707775321e+02
2.4784162207e+02
3.7762186710e+02
2.4743683624e+02
3.7816878664e+02
2.4703197075e+02
3.7871610427e+02
2.4662467552e+02
3.7926473461e+02
2.4621383916e+02
3.7981361900e+02
3.8035843615e+02
2.4580256791e+02
3.8090059359e+02
2.4541113749e+02
3.8144322273e+02
2.4502086686e+02
3.8198924953e+02
2.4462796939e+02
3.8253554036e+02
2.4423069668e+02
3.8307684708e+02
2.4383295314e+02
3.8361410665e+02
2.4344635407e+02
3.8415168372e+02
2.4306082080e+02
3.8469000170e+02
2.4267808361e+02
3.8522859326e+02
2.4229977540e+02
3.8576613051e+02
3.8630284160e+02
2.4192101709e+02
3.8683986435e+02
2.4153962468e+02
3.8737256566e+02
2.4115744160e+02
3.8790540456e+02
2.4078192004e+02
3.8843825853e+02
2.4041999978e+02
3.8897138613e+02
2.4005763874e+02
3.8950483541e+02
2.3968686574e+02
3.9003435371e+02
2.3931379763e+02
3.9056384100e+02
2.3894393898e+02
3.9109108299e+02
3.9161524546e+02
2.3858172115e+02
3.9213973289e+02
2.3821902848e+02
3.9266685961e+02
2.3786351918e+02
3.9319457074e+02
2.3750990478e+02
3.9371927971e+02
2.3715699874e+02
3.9423903820e+02
2.3680620014e+02
3.9475913177e+02
2.3645491782e+02
3.9528222634e+02
2.3610908563e+02
3.9580610527e+02
2.3576504907e+02
3.9632380210e+02
3.9682878523e+02
2.3542164627e+02
3.9733409800e+02
2.3508079209e+02
3.9785401740e+02
2.3473944843e+02
3.9837761576e+02
2.3440253167e+02
3.9889693755e+02
2.3406740720e+02
3.9940596091e+02
2.3373519338e+02
3.9991532664e+02
2.3341869467e+02
4.0042629730e+02
2.3310172229e+02
4.0093797377e+02
4.0144710707e+02
2.3277380374e+02
4.0194824361e+02
2.3243974570e+02
4.0244972915e+02
2.3210805606e+02
4.0295448076e+02
2.3179265311e+02
4.0346065271e+02
2.3147675368e+02
4.0396516798e+02
2.3116056938e+02
4.0446308316e+02
2.3084405622e+02
4.0496136099e+02
2.3052834422e+02
4.0545826529e+02
4.0595471591e+02
2.3022328312e+02
4.0645052920e+02
2.2991769991e+02
4.0694253567e+02
2.2961494534e+02
4.0743491004e+02
2.2931429149e+02
4.0792489745e+02
2.2901329488e+02
4.0841372482e+02
2.2870874374e+02
4.0890230652e+02
2.2840365412e+02
4.0938804881e+02
4.0987416579e+02
2.2811008744e+02
4.1035742766e+02
2.2782692146e+02
4.1083894844e+02
2.2754337941e+02
4.1131974578e+02
2.2725753470e+02
4.1179013015e+02
2.2697111368e+02
4.1226088587e+02
2.2668890307e+02
4.1273598846e+02
2.2641125084e+02
4.1321449633e+02
2.2613312573e+02
4.1369263287e+02
4.1415876167e+02
2.2584706669e+02
4.1462527492e+02
2.2555978820e+02
4.1509098452e+02
2.2528551775e+02
4.1555599026e+02
2.2502770655e+02
4.1602121472e+02
2.2476938358e+02
4.1648221557e+02
2.2450245338e+02
4.1694361846e+02
4.1739996531e+02
2.2423411076e+02
4.1785089823e+02
2.2396999564e+02
4.1830220967e+02
2.2371240416e+02
4.1875175911e+02
2.2345427219e+02
4.1920174083e+02
2.2320499553e+02
4.1964755763e+02
2.2295621970e+02
4.2008805281e+02
2.2270761514e+02
4.2052893702e+02
4.2096801461e+02
2.2245977587e+02
4.2140743300e+02
2.2221139177e+02
4.2184147713e+02
2.2197016795e+02
4.2226738675e+02
2.2172950649e+02
4.2269370061e+02
2.2149134162e+02
4.2312218924e+02
2.2125909949e+02
4.2355148211e+02
4.2397378009e+02
2.2102627629e+02
4.2438349424e+02
2.2079688145e+02
4.2479362841e+02
2.2056758515e+02
4.2520102827e+02
2.2034216596e+02
4.2560837331e+02
2.2012758637e+02
4.2601311531e+02
2.1991238902e+02
4.2641191498e+02
4.2681114317e+02
2.1969897734e+02
4.2720172721e+02
2.1948538615e+02
4.2759065253e+02
2.1927456126e+02
4.2797700319e+02
2.1907383912e+02
4.2835612255e+02
2.1887245452e+02
4.2873569137e+02
2.1868110529e+02
4.2910808452e+02
4.2947871903e+02
2.1849292677e+02
4.2984544229e+02
2.1830531302e+02
4.3019892015e+02
2.1812204905e+02
4.3055287519e+02
2.1793807055e+02
4.3089856497e+02
2.1776947114e+02
4.3124153456e+02
4.3158114577e+02
2.1760731447e+02
4.3190599603e+02
2.1744624600e+02
4.3223135154e+02
2.1729408262e+02
4.3254612082e+02
2.1714112393e+02
4.3285643431e+02
2.1700915634e+02
4.3316321534e+02
2.1688818555e+02
4.3344940703e+02
4.3373615105e+02
2.1676851920e+02
4.3400792123e+02
2.1666368669e+02
4.3427183467e+02
2.1655794227e+02
4.3453204850e+02
2.1648180472e+02
4.3476172365e+02
2.1642441257e+02
4.3499202076e+02
4.3519923250e+02
2.1637029994e+02
4.3539175369e+02
2.1636395313e+02
4.3558020671e+02
2.1635649574e+02
4.3571527259e+02
2.1643270633e+02
4.3585110033e+02
2.1657380214e+02
4.3589504609e+02
4.3586733518e+02
2.1670881468e+02
4.3585470157e+02
2.1672588322e+02
4.3618260572e+02
2.1674101370e+02
4.3651205924e+02
2.1807029944e+02
4.3510550520e+02
2.2063317330e+02
4.3208322427e+02
2.2319726255e+02
4.2906035301e+02
