3.8383702508e+02
3.8365469998e+02
3.8347791925e+02
3.8331277531e+02
3.8315279087e+02
3.8299852614e+02
3.8285825730e+02
3.8272138603e+02
3.8259137231e+02
3.8247540014e+02
3.8235949931e+02
3.8225803336e+02
3.8216387912e+02
3.8207226473e+02
3.8199651307e+02
3.8192520203e+02
3.8186118399e+02
3.8180791196e+02
3.8176210276e+02
3.8172465568e+02
3.8169351569e+02
3.8167534626e+02
3.8166302723e+02
3.8165696379e+02
3.8166357538e+02
3.8167579028e+02
3.8170020644e+02
3.8173020690e+02
3.8176988206e+02
3.8181724270e+02
3.8187053595e+02
3.8193944612e+02
3.8200997457e+02
3.8209067801e+02
3.8218402024e+02
3.8228230513e+02
3.8238707638e+02
3.8250183782e+02
3.8262846140e+02
3.8276234440e+02
3.8289788704e+02
3.8304668989e+02
3.8320227839e+02
3.8336838159e+02
3.8353869921e+02
3.8371483122e+02
3.8390702556e+02
3.8409889231e+02
3.8429746452e+02
3.8450841366e+02
3.8472360176e+02
3.8494350034e+02
3.8517432380e+02
3.8541229033e+02
3.8565053336e+02
3.8589827875e+02
3.8615434455e+02
3.8641356287e+02
3.8667645353e+02
3.8694751325e+02
3.8722480784e+02
3.8750196541e+02
3.8778631637e+02
3.8807659252e+02
3.8836858927e+02
3.8866392302e+02
3.8896559237e+02
3.8926804823e+02
3.8957144175e+02
3.8988445987e+02
3.9019272378e+02
3.9050212365e+02
3.9082432989e+02
3.9113363963e+02
3.9145221985e+02
3.9176995700e+02
3.9207959129e+02
3.9240391454e+02
3.9271606426e+02
3.9302834542e+02
3.9334791570e+02
3.9364789200e+02
3.9396522514e+02
3.9426425660e+02
3.9456382279e+02
3.9486707934e+02
3.9514053945e+02
3.9543220321e+02
3.9570464710e+02
3.9596405698e+02
3.9622113427e+02
3.9644586835e+02
3.9667684820e+02
3.9687477093e+02
3.9703846977e+02
3.9717837162e+02
3.9722509006e+02
3.9730768153e+02
3.9698271727e+02
3.9581262643e+02
