-2.5394257814e-06 -9.2292672626e-08
2.3830422999e-01 1.3352533222e-03
4.7187067387e-01 5.2237943706e-03
7.0062052066e-01 1.1669747223e-02
9.2435890596e-01 2.0484573878e-02
1.1430987786e+00 3.1618519297e-02
1.3565942723e+00 4.4942844197e-02
1.5647424040e+00 6.0401989871e-02
1.7674686851e+00 7.7864278631e-02
1.9646394017e+00 9.7225059641e-02
2.1561134681e+00 1.1843788378e-01
2.3417804727e+00 1.4131443767e-01
2.5216049589e+00 1.6583966155e-01
2.6954287204e+00 1.9185745091e-01
2.8631186337e+00 2.1925337400e-01
3.0246248046e+00 2.4799650746e-01
3.1799044197e+00 2.7789168534e-01
3.3287685688e+00 3.0887164239e-01
3.4711678141e+00 3.4085954029e-01
3.6071397615e+00 3.7368554911e-01
3.7364609844e+00 4.0729487595e-01
3.8591285833e+00 4.4155593395e-01
3.9751857141e+00 4.7634641158e-01
4.0844395468e+00 5.1160311561e-01
4.1869092206e+00 5.4716582296e-01
4.2826111172e+00 5.8294595966e-01
4.3714476542e+00 6.1887469342e-01
4.4534168121e+00 6.5475535673e-01
4.5285405355e+00 6.9055528660e-01
4.5968120180e+00 7.2618001807e-01
4.6582263108e+00 7.6144318547e-01
4.7127510759e+00 7.9631804325e-01
4.7605158725e+00 8.3067528672e-01
4.8015001982e+00 8.6439363037e-01
4.8356569585e+00 8.9740520878e-01
4.8632175278e+00 9.2959817472e-01
4.8841212051e+00 9.6088173375e-01
4.8984010666e+00 9.9114768867e-01
4.9062509278e+00 1.0203146433e+00
4.9076458068e+00 1.0483228932e+00
4.9027436235e+00 1.0750177778e+00
4.8916277692e+00 1.1003746553e+00
4.8743980613e+00 1.1243231577e+00
4.8511999911e+00 1.1467260494e+00
4.8220608162e+00 1.1675561614e+00
4.7872786500e+00 1.1867542877e+00
4.7468519243e+00 1.2042148289e+00
4.7009697966e+00 1.2198918072e+00
4.6498494490e+00 1.2337620262e+00
4.5935229806e+00 1.2457185315e+00
4.5323010499e+00 1.2557297079e+00
4.4662355600e+00 1.2637910765e+00
4.3956154444e+00 1.2698177341e+00
4.3205404949e+00 1.2737811957e+00
4.2412283686e+00 1.2756956694e+00
4.1579184359e+00 1.2754969345e+00
4.0707036226e+00 1.2731478394e+00
3.9799249106e+00 1.2687065714e+00
3.8857014771e+00 1.2621174781e+00
3.7882428047e+00 1.2533650344e+00
3.6878366672e+00 1.2425050529e+00
3.5846206925e+00 1.2295163329e+00
3.4788993565e+00 1.2144199667e+00
3.3707801395e+00 1.1972306871e+00
3.2606237993e+00 1.1779794755e+00
3.1485473832e+00 1.1567557945e+00
3.0348618683e+00 1.1335279070e+00
2.9197649895e+00 1.1083639808e+00
2.8034286376e+00 1.0813777388e+00
2.6862048442e+00 1.0525382961e+00
2.5682587717e+00 1.0219684596e+00
2.4497561723e+00 9.8977584593e-01
2.3310575061e+00 9.5595709838e-01
2.2123547422e+00 9.2065836813e-01
2.0937875522e+00 8.8397695641e-01
1.9757188407e+00 8.4597490727e-01
1.8583440918e+00 8.0680347875e-01
1.7418061944e+00 7.6656541010e-01
1.6265256938e+00 7.2541755847e-01
1.5126212791e+00 6.8343474724e-01
1.4002933425e+00 6.4084336063e-01
1.2899276862e+00 5.9772597791e-01
1.1817069056e+00 5.5426215679e-01
1.0757761818e+00 5.1066153436e-01
9.7261314523e-01 4.6704117184e-01
8.7238935427e-01 4.2363234103e-01
7.7525584041e-01 3.8064643572e-01
6.8172194035e-01 3.3825598753e-01
5.9211427102e-01 2.9679672298e-01
5.0650616728e-01 2.5637299680e-01
4.2549028179e-01 2.1740555865e-01
3.4961484061e-01 1.8019851622e-01
2.7906609683e-01 1.4506546606e-01
2.1429373841e-01 1.1234224819e-01
1.5637735515e-01 8.2463448318e-02
1.0563560856e-01 5.6298277737e-02
6.2875339100e-02 3.4094003889e-02
3.0074310438e-02 1.6189698117e-02
8.8436380698e-03 4.5989984555e-03
-3.1903955395e-07 -8.9257815741e-08
