3.2246707657e+02
3.2246104542e+02
3.2245501426e+02
3.2245110315e+02
3.2244305767e+02
3.2243502012e+02
3.2242811971e+02
3.2242178622e+02
3.2241369203e+02
3.2240556150e+02
3.2239650597e+02
3.2238789065e+02
3.2237943084e+02
3.2236947658e+02
3.2235796673e+02
3.2234635977e+02
3.2233508331e+02
3.2232227884e+02
3.2230860944e+02
3.2229458393e+02
3.2227940758e+02
3.2226343614e+02
3.2224692721e+02
3.2222882046e+02
3.2221078770e+02
3.2219020196e+02
3.2216967342e+02
3.2214821289e+02
3.2212453474e+02
3.2210055297e+02
3.2207608295e+02
3.2205069561e+02
3.2202321173e+02
3.2199510424e+02
3.2196497141e+02
3.2193439827e+02
3.2190148586e+02
3.2186923050e+02
3.2183485191e+02
3.2180015300e+02
3.2176313607e+02
3.2172539479e+02
3.2168591465e+02
3.2164550304e+02
3.2160493901e+02
3.2156524446e+02
3.2152569727e+02
3.2148351906e+02
3.2143831300e+02
3.2139376407e+02
3.2134994280e+02
3.2130540710e+02
3.2125891975e+02
3.2121162521e+02
3.2116299465e+02
3.2112011848e+02
3.2107125774e+02
3.2102282502e+02
3.2097431707e+02
3.2093070185e+02
3.2088613987e+02
3.2083979709e+02
3.2079165721e+02
3.2074382843e+02
3.2069793283e+02
3.2065711520e+02
3.2061515543e+02
3.2057613586e+02
3.2053623613e+02
3.2049647782e+02
3.2046015142e+02
3.2042351639e+02
3.2038844947e+02
3.2035453363e+02
3.2032834904e+02
3.2030018336e+02
3.2027333120e+02
3.2025077652e+02
3.2023008468e+02
3.2021253887e+02
3.2019857066e+02
3.2018664563e+02
3.2017788218e+02
3.2017202741e+02
3.2016984789e+02
3.2017096914e+02
3.2017339577e+02
3.2018272238e+02
3.2019229579e+02
3.2020682530e+02
3.2022512389e+02
3.2024359899e+02
3.2026893870e+02
3.2029531586e+02
3.2032405293e+02
3.2035559018e+02
3.2039013033e+02
3.2042296188e+02
3.2046348129e+02
3.2049584865e+02
