1.7860351157e-07 2.3475124608e-06
2.6976233013e-01 -5.8774240746e-04
5.3347457856e-01 -2.3101669347e-03
7.9112370009e-01 -5.1344776953e-03
1.0426375671e+00 -8.9930272827e-03
1.2880138600e+00 -1.3870501336e-02
1.5272177261e+00 -1.9684642011e-02
1.7602219901e+00 -2.6423997493e-02
1.9870043292e+00 -3.4021084176e-02
2.2075856948e+00 -4.2418185242e-02
2.4219072938e+00 -5.1618140536e-02
2.6299808499e+00 -6.1526519779e-02
2.8318167868e+00 -7.2122749749e-02
3.0273971145e+00 -8.3370496557e-02
3.2167444830e+00 -9.5198482824e-02
3.3998290927e+00 -1.0760513880e-01
3.5766829792e+00 -1.2051185533e-01
3.7473258553e+00 -1.3389262407e-01
3.9117404309e+00 -1.4772143869e-01
4.0699459012e+00 -1.6192786102e-01
4.2219581804e+00 -1.7650718497e-01
4.3678099732e+00 -1.9139347066e-01
4.5075012898e+00 -2.0656002481e-01
4.6410396586e+00 -2.2198126310e-01
4.7684781488e+00 -2.3759229873e-01
4.8898009239e+00 -2.5338880228e-01
5.0050494226e+00 -2.6931031109e-01
5.1142523257e+00 -2.8533393979e-01
5.2174045534e+00 -3.0143495868e-01
5.3145668343e+00 -3.1755625395e-01
5.4057161215e+00 -3.3369242667e-01
5.4909140676e+00 -3.4978657458e-01
5.5701799413e+00 -3.6581856817e-01
5.6435218113e+00 -3.8175954531e-01
5.7109902050e+00 -3.9756397017e-01
5.7725846912e+00 -4.1322645662e-01
5.8283620139e+00 -4.2869250807e-01
5.8783294259e+00 -4.4394330280e-01
5.9224930198e+00 -4.5894743938e-01
5.9609202304e+00 -4.7366745082e-01
5.9936156850e+00 -4.8809567777e-01
6.0206265151e+00 -5.0217797265e-01
6.0419659653e+00 -5.1590366902e-01
6.0576630809e+00 -5.2924341222e-01
6.0677691116e+00 -5.4216318236e-01
6.0722718289e+00 -5.5464349728e-01
6.0712422516e+00 -5.6663965536e-01
6.0646953047e+00 -5.7814494274e-01
6.0526717766e+00 -5.8912051785e-01
6.0351927509e+00 -5.9953748751e-01
6.0122975825e+00 -6.0938343352e-01
5.9840419085e+00 -6.1861781143e-01
5.9503991041e+00 -6.2721985032e-01
5.9114756685e+00 -6.3515427651e-01
5.8672752578e+00 -6.4240682165e-01
5.8178373170e+00 -6.4895628668e-01
5.7632304945e+00 -6.5475585151e-01
5.7034584570e+00 -6.5980149596e-01
5.6386115117e+00 -6.6406264465e-01
5.5686943751e+00 -6.6750317280e-01
5.4937693542e+00 -6.7009781772e-01
5.4139002948e+00 -6.7183862450e-01
5.3291166652e+00 -6.7268188620e-01
5.2395083520e+00 -6.7261221866e-01
5.1451075219e+00 -6.7161338105e-01
5.0460013281e+00 -6.6964667594e-01
4.9422082738e+00 -6.6670248093e-01
4.8338665362e+00 -6.6275553825e-01
4.7209794221e+00 -6.5777362186e-01
4.6036901752e+00 -6.5173036687e-01
4.4820419561e+00 -6.4462388500e-01
4.3561590599e+00 -6.3643913379e-01
4.2261024440e+00 -6.2712796193e-01
4.0919860079e+00 -6.1669536186e-01
3.9539611893e+00 -6.0513608691e-01
3.8120697262e+00 -5.9239990023e-01
3.6665286992e+00 -5.7847662447e-01
3.5173943300e+00 -5.6339269865e-01
3.3648993937e+00 -5.4714189574e-01
3.2091055857e+00 -5.2965631168e-01
3.0503103953e+00 -5.1096932940e-01
2.8886016702e+00 -4.9109991615e-01
2.7242880340e+00 -4.7004200574e-01
2.5574836403e+00 -4.4776943394e-01
2.3885791434e+00 -4.2435195098e-01
2.2177781497e+00 -3.9982809414e-01
2.0453683954e+00 -3.7412954401e-01
1.8718466179e+00 -3.4736666557e-01
1.6973574067e+00 -3.1958676761e-01
1.5227430316e+00 -2.9082699433e-01
1.3483639032e+00 -2.6117724067e-01
1.1745951203e+00 -2.3081062042e-01
1.0026644042e+00 -1.9995222213e-01
8.3306060530e-01 -1.6847204931e-01
6.6746591502e-01 -1.3685489461e-01
5.0706929454e-01 -1.0543064201e-01
3.5412447682e-01 -7.4506261723e-02
2.1186381393e-01 -4.4198653138e-02
8.9274975213e-02 -1.8011919606e-02
-3.2073773615e-05 4.9729933746e-06
