3.6570708626e+02
3.6564386100e+02
3.6558177095e+02
3.6552209115e+02
3.6546572562e+02
3.6541091958e+02
3.6536055331e+02
3.6531237975e+02
3.6526807662e+02
3.6522635742e+02
3.6518817448e+02
3.6515304918e+02
3.6512103521e+02
3.6509195186e+02
3.6506615383e+02
3.6504353065e+02
3.6502382701e+02
3.6500747384e+02
3.6499485096e+02
3.6498492936e+02
3.6497806629e+02
3.6497450696e+02
3.6497449126e+02
3.6497664762e+02
3.6498346217e+02
3.6499257292e+02
3.6500612501e+02
3.6502188397e+02
3.6504165300e+02
3.6506430822e+02
3.6508952349e+02
3.6511941278e+02
3.6515091300e+02
3.6518811553e+02
3.6522667411e+02
3.6526834701e+02
3.6531458457e+02
3.6536198835e+02
3.6541514166e+02
3.6546970181e+02
3.6552986103e+02
3.6559192565e+02
3.6565743411e+02
3.6572605094e+02
3.6579704067e+02
3.6587253718e+02
3.6595084028e+02
3.6603113976e+02
3.6611704644e+02
3.6620517511e+02
3.6629714027e+02
3.6639189132e+02
3.6648895433e+02
3.6659058739e+02
3.6669447709e+02
3.6680269827e+02
3.6691347042e+02
3.6702596641e+02
3.6714320796e+02
3.6726215597e+02
3.6738527099e+02
3.6751147471e+02
3.6763887855e+02
3.6777147917e+02
3.6790507240e+02
3.6804223701e+02
3.6818324230e+02
3.6832634360e+02
3.6847172572e+02
3.6862067469e+02
3.6877042983e+02
3.6892414158e+02
3.6907903876e+02
3.6923758798e+02
3.6939629925e+02
3.6955948423e+02
3.6972518627e+02
3.6989140297e+02
3.7006093580e+02
3.7023116842e+02
3.7040338443e+02
3.7057688825e+02
3.7075278310e+02
3.7092838481e+02
3.7110691253e+02
3.7128285689e+02
3.7146556703e+02
3.7164375389e+02
3.7182118797e+02
3.7200781970e+02
3.7218555849e+02
3.7235791138e+02
3.7253085069e+02
3.7272245710e+02
3.7288301141e+02
3.7303223452e+02
3.7315282185e+02
3.7333848759e+02
3.7338836685e+02
3.7247494540e+02
