6.3359836244e-05 5.0656626137e-07
6.3359836244e-05 5.0656626137e-07
2.6335203147e-01 -1.3200274633e-05
5.2054714747e-01 -6.1385223820e-05
7.7167163741e-01 -1.4439323174e-04
1.0168578410e+00 -2.6358537637e-04
1.2561308468e+00 -4.2363647540e-04
1.4894845176e+00 -6.2945214930e-04
1.7171034557e+00 -8.8322311615e-04
1.9389308359e+00 -1.1819472700e-03
2.1550404829e+00 -1.5269861637e-03
2.3654879355e+00 -1.9271624193e-03
2.5703200483e+00 -2.3826755670e-03
2.7696370364e+00 -2.8978975737e-03
2.9634188227e+00 -3.4694694642e-03
3.1517082184e+00 -4.0993820146e-03
3.3345836106e+00 -4.7916742577e-03
3.5120509964e+00 -5.5465362305e-03
3.6842066501e+00 -6.3623991566e-03
3.8510030110e+00 -7.2399369933e-03
4.0125537576e+00 -8.1780947051e-03
4.1688687687e+00 -9.1841009091e-03
4.3199673553e+00 -1.0249378108e-02
4.4659085868e+00 -1.1375768243e-02
4.6066862738e+00 -1.2562742026e-02
4.7423666861e+00 -1.3813507786e-02
4.8729657968e+00 -1.5130661642e-02
4.9985027946e+00 -1.6494936834e-02
5.1190205573e+00 -1.7922748599e-02
5.2345196191e+00 -1.9401189526e-02
5.3450468695e+00 -2.0934596760e-02
5.4506070119e+00 -2.2515581982e-02
5.5512172952e+00 -2.4145204572e-02
5.6469046500e+00 -2.5818227068e-02
5.7376832884e+00 -2.7536130328e-02
5.8235620175e+00 -2.9290610310e-02
5.9045651849e+00 -3.1080605248e-02
5.9806825940e+00 -3.2902619840e-02
6.0519482836e+00 -3.4751705311e-02
6.1183555776e+00 -3.6623548879e-02
6.1799004431e+00 -3.8517133873e-02
6.2366211130e+00 -4.0424966227e-02
6.2884788509e+00 -4.2345505699e-02
6.3354975838e+00 -4.4270609383e-02
6.3776899886e+00 -4.6201573097e-02
6.4150134987e+00 -4.8124723503e-02
6.4474812568e+00 -5.0041052315e-02
6.4750994215e+00 -5.1950602562e-02
6.4978501515e+00 -5.3828282049e-02
6.5157264590e+00 -5.5693442371e-02
6.5286965375e+00 -5.7526003836e-02
6.5367720938e+00 -5.9325744050e-02
6.5399198071e+00 -6.1086013437e-02
6.5381155737e+00 -6.2798253649e-02
6.5313536249e+00 -6.4459614776e-02
6.5196198057e+00 -6.6068601388e-02
6.5028593620e+00 -6.7610834001e-02
6.4810694078e+00 -6.9089338275e-02
6.4542017214e+00 -7.0492215557e-02
6.4222525028e+00 -7.1816722650e-02
6.3851711324e+00 -7.3057341472e-02
6.3429111110e+00 -7.4207876664e-02
6.2954500884e+00 -7.5263083241e-02
6.2427487218e+00 -7.6214283331e-02
6.1847624839e+00 -7.7063831234e-02
6.1214345194e+00 -7.7798174113e-02
6.0527217994e+00 -7.8416144253e-02
5.9786038336e+00 -7.8914279073e-02
5.8990047460e+00 -7.9278585700e-02
5.8138609194e+00 -7.9515136031e-02
5.7231377982e+00 -7.9617308117e-02
5.6267583106e+00 -7.9560841466e-02
5.5246877807e+00 -7.9389018735e-02
5.4168304443e+00 -7.9044103751e-02
5.3031312919e+00 -7.8542956575e-02
5.1835373131e+00 -7.7893200661e-02
5.0579614158e+00 -7.7070049063e-02
4.9263258088e+00 -7.6088585988e-02
4.7885764580e+00 -7.4923664321e-02
4.6446061744e+00 -7.3594859092e-02
4.4943444004e+00 -7.2086255185e-02
4.3377042942e+00 -7.0392866797e-02
4.1746172254e+00 -6.8515668664e-02
4.0049642062e+00 -6.6446449289e-02
3.8286622829e+00 -6.4199267287e-02
3.6456184932e+00 -6.1752899295e-02
3.4557389463e+00 -5.9103460010e-02
3.2588951803e+00 -5.6268827836e-02
3.0549982880e+00 -5.3224530783e-02
2.8439404650e+00 -4.9983601865e-02
2.6256016821e+00 -4.6533825194e-02
2.3998674702e+00 -4.2883103712e-02
2.1666203087e+00 -3.9012653494e-02
1.9257258932e+00 -3.4937330442e-02
1.6770672721e+00 -3.0650225020e-02
1.4204901802e+00 -2.6142970012e-02
1.1558836867e+00 -2.1422284062e-02
8.8308179399e-01 -1.6459072004e-02
6.0191755031e-01 -1.1293920235e-02
3.1230650745e-01 -5.8974351003e-03
1.4483343455e-02 -2.7400205946e-04
