1.2746943502e-06 -7.8631244186e-07
2.5678949035e-01 1.0079490869e-03
5.0851130929e-01 3.9901408311e-03
7.5504049581e-01 8.8712999183e-03
9.9633658158e-01 1.5586758733e-02
1.2322916226e+00 2.4055898263e-02
1.4628353871e+00 3.4224251660e-02
1.6878861418e+00 4.6015622950e-02
1.9073565767e+00 5.9349319578e-02
2.1211770688e+00 7.4179299614e-02
2.3292574974e+00 9.0414090682e-02
2.5315270368e+00 1.0799052905e-01
2.7279109296e+00 1.2684451949e-01
2.9183313252e+00 1.4688843679e-01
3.1027229396e+00 1.6806952210e-01
3.2810058053e+00 1.9030616408e-01
3.4531167032e+00 2.1352202137e-01
3.6189961440e+00 2.3766196199e-01
3.7785802004e+00 2.6263174364e-01
3.9318060653e+00 2.8837068463e-01
4.0786133736e+00 3.1480938868e-01
4.2189684414e+00 3.4185885929e-01
4.3528113276e+00 3.6946112344e-01
4.4800954299e+00 3.9753484068e-01
4.6007866759e+00 4.2600095989e-01
4.7148398017e+00 4.5479177304e-01
4.8222423445e+00 4.8383877708e-01
4.9229496014e+00 5.1305421232e-01
5.0169469750e+00 5.4236952641e-01
5.1042165907e+00 5.7171538384e-01
5.1847587966e+00 6.0100564557e-01
5.2585423934e+00 6.3017530773e-01
5.3255912275e+00 6.5915113714e-01
5.3858969087e+00 6.8784920021e-01
5.4394731898e+00 7.1621309875e-01
5.4863275735e+00 7.4415536987e-01
5.5264812559e+00 7.7160673271e-01
5.5599934492e+00 7.9850757575e-01
5.5868724346e+00 8.2477493274e-01
5.6071526419e+00 8.5034050425e-01
5.6208849952e+00 8.7513533243e-01
5.6281211656e+00 8.9910095532e-01
5.6289360684e+00 9.2215978398e-01
5.6233577209e+00 9.4424239032e-01
5.6115073425e+00 9.6530314664e-01
5.5934204860e+00 9.8526193416e-01
5.5692008473e+00 1.0040679557e+00
5.5389281352e+00 1.0216506082e+00
5.5027020785e+00 1.0379638069e+00
5.4606325525e+00 1.0529509894e+00
5.4128272065e+00 1.0665455129e+00
5.3593811969e+00 1.0787085896e+00
5.3004324695e+00 1.0893877228e+00
5.2361164585e+00 1.0985320982e+00
5.1665332992e+00 1.1061018745e+00
5.0918513471e+00 1.1120510211e+00
5.0122048434e+00 1.1163434897e+00
4.9277242651e+00 1.1189431183e+00
4.8386021922e+00 1.1198137071e+00
4.7449945358e+00 1.1189335710e+00
4.6470273957e+00 1.1162672327e+00
4.5449260392e+00 1.1118007323e+00
4.4388280374e+00 1.1055061303e+00
4.3289259377e+00 1.0973740280e+00
4.2154119659e+00 1.0873907992e+00
4.0984838186e+00 1.0755586746e+00
3.9783209537e+00 1.0618657885e+00
3.8551300659e+00 1.0463140923e+00
3.7291419948e+00 1.0289201559e+00
3.6005377634e+00 1.0096946138e+00
3.4695408655e+00 9.8864755782e-01
3.3363920320e+00 9.6580872743e-01
3.2012874350e+00 9.4121140924e-01
3.0644743490e+00 9.1488498240e-01
2.9262016369e+00 8.8687103840e-01
2.7867062727e+00 8.5722417385e-01
2.6462228835e+00 8.2599869923e-01
2.5050348410e+00 7.9326267118e-01
2.3633920466e+00 7.5907297402e-01
2.2215574746e+00 7.2352386040e-01
2.0798404283e+00 6.8671206573e-01
1.9385134762e+00 6.4872039203e-01
1.7978954740e+00 6.0966005601e-01
1.6583084140e+00 5.6967302915e-01
1.5201011742e+00 5.2889364531e-01
1.3835990777e+00 4.8744146037e-01
1.2492041337e+00 4.4550215452e-01
1.1173450949e+00 4.0328972649e-01
9.8848040073e-01 3.6097835127e-01
8.6303644192e-01 3.1878454626e-01
7.4163298728e-01 2.7701362505e-01
6.2488749932e-01 2.3598219010e-01
5.1349471239e-01 1.9596586883e-01
4.0826317024e-01 1.5739930823e-01
3.1027248477e-01 1.2080773004e-01
2.2078618804e-01 8.6835034405e-02
1.4155880038e-01 5.6201451236e-02
7.4799572463e-02 2.9965576610e-02
2.4541019441e-02 9.6020734728e-03
-5.4774614754e-06 -2.0876602106e-06
