2.0188814093e-05 4.3890983703e-07
2.0188814522e-05 4.3891010436e-07
6.4137969290e-05 6.3605949248e-06
5.9648870602e-01 -3.2716452868e-04
1.1802117289e+00 -1.2462998962e-03
1.2718955208e+00 -9.6593245304e-03
1.7511892576e+00 -2.7569671926e-03
2.3094212919e+00 -4.8591664181e-03
2.4334764688e+00 -3.4072341957e-02
2.8549750205e+00 -7.5511078591e-03
3.3883286475e+00 -1.0885238211e-02
3.4848069702e+00 -7.3232697786e-02
3.9095461154e+00 -1.4871722671e-02
4.4186454365e+00 -1.9409011297e-02
4.4288310639e+00 -1.2680523268e-01
4.9155870804e+00 -2.4535077481e-02
5.3161306445e+00 -1.8290164207e-01
5.4007404084e+00 -3.0281890891e-02
5.8741855609e+00 -3.6625597734e-02
6.1447327824e+00 -2.3678823919e-01
6.3358963645e+00 -4.3599656943e-02
6.7859812241e+00 -5.1174287796e-02
6.9125755741e+00 -2.9360278577e-01
7.2247843508e+00 -5.9403941439e-02
7.6317637905e+00 -3.5606115326e-01
7.6523690078e+00 -6.8277503542e-02
8.0686071648e+00 -7.7700309885e-02
8.3018768190e+00 -4.1748823929e-01
8.4736066939e+00 -8.7695418291e-02
8.8677597335e+00 -9.8315282535e-02
8.9256821879e+00 -4.7402370362e-01
9.2510685880e+00 -1.0954809434e-01
9.5099301898e+00 -5.2772868222e-01
9.6235332573e+00 -1.2139385370e-01
9.9851640986e+00 -1.3385447574e-01
1.0059622110e+01 -5.7964401210e-01
1.0336258281e+01 -1.4689711517e-01
1.0574757949e+01 -6.2976969328e-01
1.0676896503e+01 -1.6049271028e-01
1.1007078765e+01 -1.7464126110e-01
1.1057250319e+01 -6.7677956760e-01
1.1326805067e+01 -1.8934276760e-01
1.1508103353e+01 -7.1923347087e-01
1.1636309262e+01 -2.0458952984e-01
1.1932855786e+01 -7.5830792904e-01
1.1935700755e+01 -2.2043236694e-01
1.2224858853e+01 -2.3677123203e-01
1.2331350355e+01 -7.9402415148e-01
1.2503937580e+01 -2.5356526954e-01
1.2703093619e+01 -8.2631797667e-01
1.2772958660e+01 -2.7082214425e-01
1.3032148740e+01 -2.8859308502e-01
1.3050779175e+01 -8.5565101372e-01
1.3281565765e+01 -3.0688370741e-01
1.3376352236e+01 -8.8122002942e-01
1.3521286971e+01 -3.2564347214e-01
1.3681340896e+01 -9.0350413684e-01
1.3751234664e+01 -3.4475781986e-01
1.3965745153e+01 -9.2250333598e-01
1.3971400527e+01 -3.6423435878e-01
1.4181985169e+01 -3.8409411687e-01
1.4229800037e+01 -9.3829870170e-01
1.4383065829e+01 -4.0433342027e-01
1.4475795978e+01 -9.5147398390e-01
1.4574642507e+01 -4.2495226896e-01
1.4703947440e+01 -9.6183974797e-01
1.4756696358e+01 -4.4587203142e-01
1.4915191517e+01 -9.6935232029e-01
1.4929100209e+01 -4.6702239435e-01
1.5092062665e+01 -4.8837724526e-01
1.5110046265e+01 -9.7433541784e-01
1.5245604029e+01 -5.0993946611e-01
1.5288944750e+01 -9.7669564200e-01
1.5389723492e+01 -5.3171475128e-01
1.5453030392e+01 -9.7685285207e-01
1.5524416705e+01 -5.5367321299e-01
1.5602362916e+01 -9.7488594037e-01
1.5649694984e+01 -5.7574258697e-01
1.5737133124e+01 -9.7086513980e-01
1.5765422633e+01 -5.9779868991e-01
1.5858228068e+01 -9.6501560577e-01
1.5871599478e+01 -6.1980520276e-01
1.5966159160e+01 -9.5719744397e-01
1.5968225518e+01 -6.4176212553e-01
1.6055303234e+01 -6.6365223209e-01
1.6061673218e+01 -9.4793176881e-01
1.6132880276e+01 -6.8545022293e-01
1.6144795192e+01 -9.3717591745e-01
1.6200683100e+01 -7.0711736775e-01
1.6215393948e+01 -9.2485951509e-01
1.6258557628e+01 -7.2841221389e-01
1.6273790359e+01 -9.1142101212e-01
1.6306503859e+01 -7.4933476137e-01
1.6320591527e+01 -8.9662362652e-01
1.6344573594e+01 -7.6983513309e-01
1.6356382112e+01 -8.8089991974e-01
1.6372698408e+01 -7.8994418954e-01
1.6381195958e+01 -8.6432246768e-01
1.6390724648e+01 -8.0968150291e-01
1.6395043207e+01 -8.4689706089e-01
1.6398190766e+01 -8.2868962806e-01
