2.3710305675e-06 -8.4807391564e-09
3.8059690209e-02 -2.3936625163e-05
7.5433428012e-02 -8.0860182010e-05
1.1212358444e-01 -1.7077915128e-04
1.4813015949e-01 -2.9369353298e-04
1.8345315317e-01 -4.4960332710e-04
2.1809256547e-01 -6.3850853364e-04
2.5204839640e-01 -8.6040915261e-04
2.8532064595e-01 -1.1153051840e-03
3.1791661210e-01 -1.4009622931e-03
3.4985906270e-01 -1.7135201750e-03
3.8114715338e-01 -2.0544116210e-03
4.1178088414e-01 -2.4236366311e-03
4.4176025497e-01 -2.8211952052e-03
4.7108526588e-01 -3.2470873434e-03
4.9975211185e-01 -3.6910206277e-03
5.2776017852e-01 -4.1541554568e-03
5.5511541863e-01 -4.6438207637e-03
5.8183041556e-01 -5.1545037464e-03
6.0790556615e-01 -5.6846300205e-03
6.3334087040e-01 -6.2341995861e-03
6.5813548239e-01 -6.8040456667e-03
6.8228855845e-01 -7.3949788204e-03
7.0580130216e-01 -8.0058818136e-03
7.2868565908e-01 -8.6323745757e-03
7.5093761857e-01 -9.2765432224e-03
7.7255902985e-01 -9.9340602945e-03
7.9354989293e-01 -1.0604925792e-02
8.1391020780e-01 -1.1289139715e-02
8.3363997447e-01 -1.1986702064e-02
8.5274190166e-01 -1.2697268685e-02
8.7122310924e-01 -1.3420176960e-02
8.8908382411e-01 -1.4155456847e-02
9.0632184656e-01 -1.4901521793e-02
9.2293558632e-01 -1.5655314727e-02
9.3892519586e-01 -1.6416759116e-02
9.5429067518e-01 -1.7185854961e-02
9.6903412841e-01 -1.7962652282e-02
9.8315999935e-01 -1.8745691159e-02
9.9666842116e-01 -1.9534749601e-02
1.0095591204e+00 -2.0329701030e-02
1.0218286918e+00 -2.1128363187e-02
1.0334762418e+00 -2.1929958685e-02
1.0445017598e+00 -2.2734510806e-02
1.0549067528e+00 -2.3540870565e-02
1.0646932999e+00 -2.4346517707e-02
1.0738614009e+00 -2.5151452234e-02
1.0824110559e+00 -2.5955674145e-02
1.0903401853e+00 -2.6758809432e-02
1.0976436211e+00 -2.7559953523e-02
1.1043224810e+00 -2.8359288083e-02
1.1103807944e+00 -2.9153573909e-02
1.1158122658e+00 -2.9941808177e-02
1.1206168952e+00 -3.0723990887e-02
1.1247969368e+00 -3.1498951606e-02
1.1283539031e+00 -3.2265974299e-02
1.1312825120e+00 -3.3024014453e-02
1.1335771364e+00 -3.3771363009e-02
1.1352377764e+00 -3.4508019966e-02
1.1362644319e+00 -3.5233985324e-02
1.1366555905e+00 -3.5947741401e-02
1.1364151308e+00 -3.6645675221e-02
1.1355342235e+00 -3.7327172348e-02
1.1340093228e+00 -3.7991674261e-02
1.1318404288e+00 -3.8639180960e-02
1.1290275415e+00 -3.9269692446e-02
1.1255673305e+00 -3.9882139895e-02
1.1214615868e+00 -4.0470745310e-02
1.1166997709e+00 -4.1035399216e-02
1.1112786648e+00 -4.1575972745e-02
1.1051982686e+00 -4.2092465898e-02
1.0984585821e+00 -4.2584878675e-02
1.0910538493e+00 -4.3051108659e-02
1.0829859080e+00 -4.3484835598e-02
1.0742466018e+00 -4.3886493370e-02
1.0648277309e+00 -4.4254068575e-02
1.0547293609e+00 -4.4587602944e-02
1.0439531952e+00 -4.4888505085e-02
1.0324926637e+00 -4.5154211631e-02
1.0203387166e+00 -4.5380436673e-02
1.0074886258e+00 -4.5562430396e-02
9.9394239146e-01 -4.5700192799e-02
9.7969993596e-01 -4.5793696473e-02
9.6474292500e-01 -4.5841912323e-02
9.4907476346e-01 -4.5845917923e-02
9.3268848909e-01 -4.5795087462e-02
9.1558286618e-01 -4.5688924099e-02
8.9775480469e-01 -4.5526886286e-02
8.7918539065e-01 -4.5311073656e-02
8.5988104202e-01 -4.5037032207e-02
8.3983205608e-01 -4.4696133191e-02
8.1903843283e-01 -4.4288376607e-02
7.9748894882e-01 -4.3812523394e-02
7.7517267992e-01 -4.3272505520e-02
7.5208914705e-01 -4.2655958666e-02
7.2823341733e-01 -4.1959287244e-02
7.0360342135e-01 -4.1181936917e-02
6.7817340322e-01 -4.0324473819e-02
6.5195203532e-01 -3.9384847458e-02
6.2492816666e-01 -3.8349608545e-02
