1.2687447619e-05 1.1075940399e-06
3.2874628423e-02 -1.9331252653e-05
6.5110632882e-02 -6.7699602507e-05
9.6720700825e-02 -1.4399745552e-04
1.2770483225e-01 -2.4822481170e-04
1.5806302716e-01 -3.8038167103e-04
1.8779528555e-01 -5.4046803353e-04
2.1690160743e-01 -7.2848389918e-04
2.4538199279e-01 -9.4442926800e-04
2.7324617531e-01 -1.1861538175e-03
3.0052504318e-01 -1.4501941244e-03
3.2721766713e-01 -1.7380241470e-03
3.5332404716e-01 -2.0496438854e-03
3.7884418326e-01 -2.3850533396e-03
4.0377807543e-01 -2.7442525095e-03
4.2812508043e-01 -3.1187522089e-03
4.5188421710e-01 -3.5093400472e-03
4.7506378291e-01 -3.9221138775e-03
4.9768168584e-01 -4.3524310839e-03
5.1973851479e-01 -4.7989762330e-03
5.4123426975e-01 -5.2617493246e-03
5.6216790652e-01 -5.7414596360e-03
5.8253818092e-01 -6.2387720936e-03
6.0234684363e-01 -6.7527457696e-03
6.2161182846e-01 -7.2798042050e-03
6.4032930587e-01 -7.8217521652e-03
6.5850343917e-01 -8.3748418228e-03
6.7613422838e-01 -8.9390731776e-03
6.9322167348e-01 -9.5144462299e-03
7.0976577449e-01 -1.0100960979e-02
7.2577094223e-01 -1.0698392566e-02
7.4124730710e-01 -1.1306242534e-02
7.5619488304e-01 -1.1924514538e-02
7.7061233424e-01 -1.2551936374e-02
7.8450040192e-01 -1.3185881171e-02
7.9785934537e-01 -1.3826270424e-02
8.1068916457e-01 -1.4473104132e-02
8.2299342950e-01 -1.5126464275e-02
8.3477836050e-01 -1.5785239573e-02
8.4604399375e-01 -1.6449250491e-02
8.5679025164e-01 -1.7118408144e-02
8.6701601117e-01 -1.7790911289e-02
8.7672092494e-01 -1.8466052591e-02
8.8590498202e-01 -1.9143848490e-02
8.9457092942e-01 -1.9823323761e-02
9.0272202997e-01 -2.0502544338e-02
9.1035828365e-01 -2.1181510222e-02
9.1747969046e-01 -2.1860221411e-02
9.2408490924e-01 -2.2538384644e-02
9.3017057057e-01 -2.3215204124e-02
9.3573740222e-01 -2.3890789594e-02
9.4079013950e-01 -2.4562682343e-02
9.4532388874e-01 -2.5229859271e-02
9.4933864994e-01 -2.5892320380e-02
9.5283620798e-01 -2.6549041822e-02
9.5581785289e-01 -2.7199568835e-02
9.5828000158e-01 -2.7843216367e-02
9.6021788876e-01 -2.8478358725e-02
9.6163151443e-01 -2.9104995908e-02
9.6252087859e-01 -2.9723127917e-02
9.6288474215e-01 -3.0331491683e-02
9.6272641730e-01 -3.0927141170e-02
9.6203803526e-01 -3.1509526923e-02
9.6081640628e-01 -3.2078168801e-02
9.5906153036e-01 -3.2633066805e-02
9.5677340751e-01 -3.3174220933e-02
9.5394909980e-01 -3.3700732224e-02
9.5058974257e-01 -3.4207792985e-02
9.4668506484e-01 -3.4695223895e-02
9.4223208657e-01 -3.5162897404e-02
9.3723080777e-01 -3.5610813514e-02
9.3168122843e-01 -3.6038972224e-02
9.2557790873e-01 -3.6445655855e-02
9.1892147353e-01 -3.6825509525e-02
9.1170356609e-01 -3.7178727415e-02
9.0391637278e-01 -3.7503637754e-02
8.9555996626e-01 -3.7800274005e-02
8.8663609035e-01 -3.8069778906e-02
8.7713788358e-01 -3.8310168451e-02
8.6705522169e-01 -3.8517399515e-02
8.5638484478e-01 -3.8687542015e-02
8.4512675284e-01 -3.8820595952e-02
8.3328087095e-01 -3.8916538134e-02
8.2082918203e-01 -3.8974406611e-02
8.0777376343e-01 -3.8995013049e-02
7.9410651151e-01 -3.8969220674e-02
7.7982622105e-01 -3.8896598218e-02
7.6492993598e-01 -3.8776671839e-02
7.4939887659e-01 -3.8611104381e-02
7.3323722349e-01 -3.8396009687e-02
7.1643470893e-01 -3.8123865413e-02
6.9899133293e-01 -3.7794671559e-02
6.8089617078e-01 -3.7407311101e-02
6.6213739880e-01 -3.6965045714e-02
6.4271227443e-01 -3.6457070218e-02
6.2261575203e-01 -3.5880216112e-02
6.0184585900e-01 -3.5233990553e-02
5.8037711416e-01 -3.4518684810e-02
5.5821548493e-01 -3.3732554858e-02
5.3534885683e-01 -3.2863680544e-02
