-7.4060666979e-06 4.5134964049e-11
2.8542557142e-01 -1.8893108768e-07
5.6498989602e-01 -2.4061096442e-07
8.3868873578e-01 -1.8325677065e-07
1.1065297332e+00 8.8996211639e-08
1.3685118647e+00 5.7706165271e-07
1.6246329088e+00 8.3830169730e-07
1.8749000039e+00 7.9987719331e-07
2.1193210520e+00 9.7290270575e-07
2.3578825681e+00 1.3891337763e-06
2.5906032817e+00 1.8461211469e-06
2.8174738966e+00 2.2091735970e-06
3.0384973462e+00 2.4969626659e-06
3.2536820615e+00 2.6594715017e-06
3.4630262591e+00 2.6382527131e-06
3.6665316625e+00 2.7129554208e-06
3.8641994393e+00 3.3271420369e-06
4.0560318704e+00 4.4286624700e-06
4.2420305208e+00 5.2837840475e-06
4.4221928866e+00 5.6978065451e-06
4.5965329570e+00 5.6667291634e-06
4.7650382584e+00 6.0055285152e-06
4.9277058293e+00 6.6789557608e-06
5.0845721850e+00 7.4383790479e-06
5.2356071560e+00 7.8906887253e-06
5.3808153684e+00 7.9752145833e-06
5.5202095171e+00 8.1117265517e-06
5.6537833201e+00 8.4942687488e-06
5.7815303986e+00 8.4840239641e-06
5.9034642314e+00 8.1969661870e-06
6.0195867760e+00 7.4893502054e-06
6.1298977020e+00 6.6897560350e-06
6.2343950029e+00 5.8246763121e-06
6.3330735284e+00 5.4360963244e-06
6.4259448251e+00 5.1536256903e-06
6.5130086198e+00 4.9822385680e-06
6.5942644657e+00 4.2846001896e-06
6.6696840927e+00 3.9792437641e-06
6.7393013847e+00 4.3178258568e-06
6.8031225136e+00 6.3065962017e-06
6.8611429228e+00 9.3390804732e-06
6.9133892029e+00 9.6450140384e-06
6.9598515615e+00 6.7876236160e-06
7.0004716375e+00 1.6744567377e-06
7.0352680275e+00 -1.9981018157e-06
7.0642721638e+00 -2.3816963857e-06
7.0874843059e+00 -2.8187268175e-06
7.1048978163e+00 -5.2305026758e-06
7.1164934929e+00 -6.6666750588e-06
7.1223125222e+00 -5.7476120537e-06
7.1223145225e+00 -3.6996461089e-06
7.1165129977e+00 -1.2755486499e-06
7.1049066950e+00 -3.5375651710e-06
7.0874988258e+00 -8.4335140038e-06
7.0642855977e+00 -1.1133974014e-05
7.0352790627e+00 -1.1627429179e-05
7.0004655946e+00 -1.1362294877e-05
6.9598466112e+00 -1.1532087523e-05
6.9134283716e+00 -1.1783639964e-05
6.8612087891e+00 -1.1811156727e-05
6.8031731219e+00 -1.2047639018e-05
6.7393451939e+00 -1.1930842846e-05
6.6697019758e+00 -1.2030982089e-05
6.5942447890e+00 -1.1908441218e-05
6.5129898498e+00 -1.1983856752e-05
6.4259228941e+00 -1.2453960934e-05
6.3330567739e+00 -1.2914553887e-05
6.2343709199e+00 -1.3393350601e-05
6.1298639173e+00 -1.3703231327e-05
6.0195684680e+00 -1.3981426739e-05
5.9034412461e+00 -1.3791256239e-05
5.7815003605e+00 -1.2416745983e-05
5.6537595762e+00 -1.1463849965e-05
5.5201794468e+00 -1.1709311115e-05
5.3807864848e+00 -1.1750304243e-05
5.2355788440e+00 -1.0853415136e-05
5.0845501316e+00 -9.7492930262e-06
4.9276912412e+00 -8.4466695939e-06
4.7650100802e+00 -7.1591432539e-06
4.5965089643e+00 -5.7958482350e-06
4.4221679079e+00 -5.3254370121e-06
4.2419951562e+00 -5.7941028830e-06
4.0560002646e+00 -5.6785803445e-06
3.8641613818e+00 -4.5525238618e-06
3.6664970166e+00 -2.9131979481e-06
3.4629947818e+00 -2.3560691708e-06
3.2536567591e+00 -2.9571872677e-06
3.0384750275e+00 -3.7201605741e-06
2.8174488186e+00 -3.6843090690e-06
2.5905809151e+00 -2.4985730964e-06
2.3578657457e+00 -1.4925883205e-06
2.1192974882e+00 -1.2860417031e-06
1.8748838730e+00 -1.3359820521e-06
1.6246176546e+00 -1.2266094813e-06
1.3684966474e+00 -8.7456690078e-07
1.1065183473e+00 -3.3628282231e-07
8.3868156383e-01 -1.5597474479e-08
5.6498532952e-01 -1.7507957865e-07
2.8542501124e-01 -2.7999928943e-07
-2.3903961966e-07 -1.0119637312e-09
