3.0742355296e+02
3.0799443234e+02
3.0685261825e+02
3.0856454676e+02
3.0628408720e+02
3.0913459877e+02
3.0571583389e+02
3.0970484757e+02
3.0514900583e+02
3.1027774358e+02
3.0458384822e+02
3.1085060010e+02
3.0401862180e+02
3.1142415832e+02
3.0345127028e+02
3.1199884535e+02
3.0288356490e+02
3.1257345225e+02
3.0232019758e+02
3.1314217345e+02
3.0176476420e+02
3.1371087463e+02
3.0120926405e+02
3.1428491659e+02
3.0064295626e+02
3.1486466167e+02
3.0007424055e+02
3.1544443773e+02
2.9950844350e+02
3.1601827840e+02
2.9894850697e+02
3.1659199708e+02
2.9838846198e+02
3.1716859759e+02
2.9783112548e+02
3.1774909353e+02
2.9727454853e+02
3.1832965647e+02
2.9671852814e+02
3.1890615157e+02
2.9616311178e+02
3.1948239752e+02
2.9560757515e+02
3.2005908544e+02
2.9505180630e+02
3.2063692156e+02
2.9449593176e+02
3.2121483904e+02
2.9394339522e+02
3.2179372479e+02
2.9340190283e+02
3.2237274136e+02
2.9286027781e+02
3.2295142075e+02
2.9230586053e+02
3.2353011759e+02
2.9174587242e+02
3.2410890762e+02
2.9118905175e+02
3.2468933838e+02
2.9064510472e+02
3.2527007483e+02
2.9010099045e+02
3.2584710407e+02
2.8955639829e+02
3.2641731326e+02
2.8901153646e+02
3.2698761691e+02
2.8846891435e+02
3.2757364235e+02
2.8793948533e+02
3.2816316818e+02
2.8740989840e+02
3.2874816141e+02
2.8686799514e+02
3.2932353828e+02
2.8631844162e+02
3.2989903235e+02
2.8577100180e+02
3.3047782393e+02
2.8523978838e+02
3.3105758823e+02
3.3163966546e+02
2.8470839400e+02
3.3222980594e+02
2.8417533291e+02
3.3282011957e+02
2.8364103792e+02
3.3339662018e+02
2.8310682792e+02
3.3396824917e+02
2.8257167449e+02
3.3454132390e+02
2.8203631570e+02
3.3512002665e+02
2.8151083344e+02
3.3569887359e+02
2.8099393577e+02
3.3627860027e+02
2.8047689582e+02
3.3685875604e+02
2.7994183997e+02
3.3743834200e+02
2.7940654106e+02
3.3801593179e+02
2.7888306011e+02
3.3859367992e+02
2.7837169109e+02
3.3917164664e+02
2.7786014263e+02
3.3974976896e+02
2.7734632813e+02
3.4032703816e+02
2.7683208430e+02
3.4089921672e+02
2.7631759316e+02
3.4147155093e+02
2.7580289217e+02
3.4205098973e+02
2.7528802233e+02
3.4263487542e+02
2.7477750538e+02
3.4321709723e+02
2.7426676232e+02
3.4378481377e+02
2.7375870525e+02
3.4435270095e+02
2.7325459898e+02
3.4492972133e+02
2.7275030122e+02
3.4551347643e+02
2.7224669411e+02
3.4609646009e+02
3.4666824771e+02
2.7174265764e+02
3.4724022118e+02
2.7124137338e+02
3.4781417570e+02
2.7074492033e+02
3.4838985183e+02
2.7024825442e+02
3.4896549460e+02
2.6975528326e+02
3.4953931946e+02
2.6926242879e+02
3.5011334966e+02
2.6877003889e+02
3.5068413602e+02
2.6827891864e+02
3.5125157566e+02
2.6778759176e+02
3.5181917685e+02
2.6730221824e+02
3.5239842440e+02
2.6681760708e+02
3.5297848442e+02
2.6633260347e+02
3.5355091323e+02
2.6584712009e+02
3.5411408992e+02
2.6536140324e+02
3.5467744760e+02
2.6488111453e+02
3.5524576456e+02
2.6440185617e+02
3.5581477802e+02
2.6392469255e+02
3.5638349642e+02
2.6345437515e+02
3.5695167921e+02
3.5752004612e+02
2.6298378984e+02
3.5808482087e+02
2.6251069035e+02
3.5864954424e+02
2.6203615573e+02
3.5921565570e+02
2.6156532496e+02
3.5978391261e+02
2.6110919854e+02
3.6035236415e+02
2.6065279812e+02
3.6091235056e+02
2.6018577303e+02
3.6147127107e+02
2.5971336713e+02
3.6203157466e+02
2.5924491498e+02
3.6259436308e+02
2.5879697204e+02
3.6315733556e+02
2.5834872538e+02
3.6372005492e+02
2.5789801032e+02
3.6428318980e+02
2.5744556474e+02
3.6484515302e+02
2.5699380467e+02
3.6540390233e+02
3.6596285888e+02
2.5654858311e+02
3.6652051395e+02
2.5610305950e+02
3.6707819255e+02
2.5566076745e+02
3.6763552909e+02
2.5522006980e+02
3.6819131943e+02
2.5477946878e+02
3.6874732507e+02
2.5434312190e+02
3.6930525979e+02
2.5390647434e+02
3.6986431640e+02
2.5346792592e+02
3.7042075514e+02
2.5302735517e+02
3.7096671867e+02
2.5258734290e+02
3.7151291190e+02
2.5216467215e+02
3.7206900390e+02
2.5174165873e+02
3.7262996608e+02
2.5132011643e+02
3.7318754482e+02
3.7372766328e+02
2.5089957853e+02
3.7426802188e+02
2.5047868208e+02
3.7481938983e+02
2.5005973103e+02
3.7537708292e+02
2.4964044355e+02
3.7593267322e+02
2.4922449696e+02
3.7647266716e+02
2.4881156086e+02
3.7701291779e+02
2.4839822060e+02
3.7755404300e+02
2.4799199686e+02
3.7809599138e+02
2.4758566727e+02
3.7863833942e+02
2.4717760117e+02
3.7918210239e+02
2.4676688667e+02
3.7972611284e+02
3.8026710115e+02
2.4635575446e+02
3.8080617880e+02
2.4596537584e+02
3.8134560756e+02
2.4557623714e+02
3.8188638513e+02
2.4518469755e+02
3.8242741956e+02
2.4478931562e+02
3.8296468715e+02
2.4439349973e+02
3.8349894561e+02
2.4400403423e+02
3.8403350664e+02
2.4361504757e+02
3.8456860531e+02
2.4323000915e+02
3.8510397174e+02
2.4285139697e+02
3.8563780848e+02
3.8617030549e+02
2.4247235428e+02
3.8670310577e+02
2.4208965148e+02
3.8723151896e+02
2.4170598398e+02
3.8776006157e+02
2.4132879370e+02
3.8828876275e+02
2.4096479074e+02
3.8881788168e+02
2.4060035683e+02
3.8934731174e+02
2.4023116405e+02
3.8987282677e+02
2.3986055456e+02
3.9039830571e+02
2.3949205320e+02
3.9092175995e+02
3.9144243210e+02
2.3912852885e+02
3.9196341940e+02
2.3876455005e+02
3.9248571130e+02
2.3840800265e+02
3.9300841366e+02
2.3805343310e+02
3.9352866678e+02
2.3769969756e+02
3.9404488281e+02
2.3734854641e+02
3.9456142149e+02
2.3699693386e+02
3.9508040596e+02
2.3664987260e+02
3.9560006888e+02
2.3630427700e+02
3.9611422734e+02
3.9661706196e+02
2.3595943228e+02
3.9712021698e+02
2.3561762281e+02
3.9763503800e+02
2.3527534323e+02
3.9815283296e+02
2.3493687944e+02
3.9866731621e+02
2.3459993424e+02
3.9917388559e+02
2.3426592823e+02
3.9968078729e+02
2.3394775381e+02
4.0018747151e+02
2.3362911971e+02
4.0069430443e+02
4.0119902799e+02
2.3330072676e+02
4.0169706393e+02
2.3296685214e+02
4.0219543845e+02
2.3263492475e+02
4.0269546881e+02
2.3231618580e+02
4.0319630906e+02
2.3199696368e+02
4.0369588657e+02
2.3168028416e+02
4.0419033466e+02
2.3136511959e+02
4.0468513068e+02
2.3105049718e+02
4.0517862374e+02
4.0567169076e+02
2.3074399517e+02
4.0616404582e+02
2.3043699593e+02
4.0665220318e+02
2.3013221526e+02
4.0714071487e+02
2.2982906592e+02
4.0762712959e+02
2.2952561391e+02
4.0811253921e+02
2.2921938289e+02
4.0859765028e+02
2.2891263337e+02
4.0907954446e+02
4.0956179994e+02
2.2861693498e+02
4.1004211528e+02
2.2833120609e+02
4.1052128276e+02
2.2804509578e+02
4.1099959220e+02
2.2776204746e+02
4.1146611891e+02
2.2747846513e+02
4.1193300685e+02
2.2719406959e+02
4.1240373354e+02
2.2690888440e+02
4.1287747002e+02
2.2662324396e+02
4.1335094380e+02
4.1381517079e+02
2.2634243651e+02
4.1427977128e+02
2.2606099670e+02
4.1474164397e+02
2.2578594184e+02
4.1520107019e+02
2.2551903687e+02
4.1566072481e+02
2.2525163396e+02
4.1611852292e+02
2.2498325844e+02
4.1657670540e+02
4.1703022140e+02
2.2471411156e+02
4.1747874193e+02
2.2444904473e+02
4.1792762799e+02
2.2419027639e+02
4.1837362031e+02
2.2393098094e+02
4.1881997506e+02
2.2368034265e+02
4.1926269613e+02
2.2343022431e+02
4.1970076635e+02
2.2318034468e+02
4.2013921257e+02
4.2057638308e+02
2.2293133345e+02
4.2101392379e+02
2.2268179928e+02
4.2144470640e+02
2.2243828843e+02
4.2186532020e+02
2.2219516183e+02
4.2228632536e+02
2.2195453176e+02
4.2271094550e+02
2.2171979201e+02
4.2313649343e+02
4.2355676383e+02
2.2148448910e+02
4.2396748382e+02
2.2125301227e+02
4.2437861288e+02
2.2102178076e+02
4.2478104009e+02
2.2079414117e+02
4.2518225950e+02
2.2057657371e+02
4.2558270308e+02
2.2035840532e+02
4.2598105165e+02
4.2637981192e+02
2.2014377075e+02
4.2676859460e+02
2.1992955918e+02
4.2715539098e+02
2.1971749775e+02
4.2753926130e+02
2.1951355408e+02
4.2791502914e+02
2.1930896796e+02
4.2829122905e+02
2.1911514709e+02
4.2866182881e+02
4.2903115213e+02
2.1892480379e+02
4.2939601652e+02
2.1873541569e+02
4.2974595855e+02
2.1855185560e+02
4.3009636012e+02
2.1836760856e+02
4.3043892846e+02
2.1819617899e+02
4.3077889204e+02
4.3111601889e+02
2.1803000975e+02
4.3144052150e+02
2.1786459170e+02
4.3176550751e+02
2.1770620946e+02
4.3207914237e+02
2.1754704785e+02
4.3238794657e+02
2.1741338838e+02
4.3269320552e+02
2.1729326803e+02
4.3297790475e+02
4.3326313352e+02
2.1717482278e+02
4.3353374334e+02
2.1707380074e+02
4.3379667052e+02
2.1697191462e+02
4.3405598094e+02
2.1689221679e+02
4.3428551088e+02
2.1682627597e+02
4.3451563862e+02
4.3472184511e+02
2.1676441657e+02
4.3491277483e+02
2.1675908624e+02
4.3509949029e+02
2.1675268593e+02
4.3523144189e+02
2.1681394392e+02
4.3536412017e+02
2.1692720538e+02
4.3542703734e+02
4.3543594497e+02
2.1703894028e+02
4.3545225003e+02
2.1714134524e+02
4.3562626180e+02
2.1724200816e+02
4.3580161375e+02
2.1853682645e+02
4.3443436260e+02
2.2095267725e+02
4.3163124024e+02
2.2336966410e+02
4.2882753574e+02
