3.2999818881e+02
3.2999830517e+02
3.2999842152e+02
3.2999846877e+02
3.2999838464e+02
3.2999832222e+02
3.2999834482e+02
3.2999836670e+02
3.2999834803e+02
3.2999832248e+02
3.2999832554e+02
3.2999835232e+02
3.2999838132e+02
3.2999841155e+02
3.2999842598e+02
3.2999845464e+02
3.2999849596e+02
3.2999849867e+02
3.2999843561e+02
3.2999836860e+02
3.2999833550e+02
3.2999836267e+02
3.2999839697e+02
3.2999844912e+02
3.2999846121e+02
3.2999846332e+02
3.2999843421e+02
3.2999839437e+02
3.2999838874e+02
3.2999841429e+02
3.2999843978e+02
3.2999842347e+02
3.2999840716e+02
3.2999839771e+02
3.2999836587e+02
3.2999833402e+02
3.2999838229e+02
3.2999845029e+02
3.2999847625e+02
3.2999842247e+02
3.2999836869e+02
3.2999823787e+02
3.2999809686e+02
3.2999817807e+02
3.2999835412e+02
3.2999856489e+02
3.2999848407e+02
3.2999837737e+02
3.2999834391e+02
3.2999846946e+02
3.2999864622e+02
3.2999856358e+02
3.2999841980e+02
3.2999836546e+02
3.2999849106e+02
3.2999848766e+02
3.2999854669e+02
3.2999864401e+02
3.2999862204e+02
3.2999854606e+02
3.2999845232e+02
3.2999840695e+02
3.2999841007e+02
3.2999843920e+02
3.2999844418e+02
3.2999848299e+02
3.2999848259e+02
3.2999842147e+02
3.2999840315e+02
3.2999843357e+02
3.2999846129e+02
3.2999848967e+02
3.2999852286e+02
3.2999852494e+02
3.2999853168e+02
3.2999853636e+02
3.2999853566e+02
3.2999854226e+02
3.2999848813e+02
3.2999850586e+02
3.2999854247e+02
3.2999850757e+02
3.2999857788e+02
3.2999857733e+02
3.2999859359e+02
3.2999864393e+02
3.2999862164e+02
3.2999861081e+02
3.2999854558e+02
3.2999850207e+02
3.2999852932e+02
3.2999853704e+02
3.2999854596e+02
3.2999855442e+02
3.2999852684e+02
3.2999842832e+02
3.2999842342e+02
3.2999835585e+02
3.2999823060e+02
3.2999810536e+02
