3.9744111686e+02
3.9733986093e+02
3.9723860501e+02
3.9714162279e+02
3.9704684195e+02
3.9695929890e+02
3.9687371015e+02
3.9679492338e+02
3.9671934252e+02
3.9664955758e+02
3.9658390112e+02
3.9652239213e+02
3.9646677181e+02
3.9641525015e+02
3.9636956541e+02
3.9632721278e+02
3.9629139700e+02
3.9625986625e+02
3.9623437104e+02
3.9621317273e+02
3.9619612233e+02
3.9618561418e+02
3.9617824570e+02
3.9617777393e+02
3.9618280791e+02
3.9619331432e+02
3.9620684245e+02
3.9622884144e+02
3.9625277668e+02
3.9628546713e+02
3.9632011931e+02
3.9636156139e+02
3.9640746173e+02
3.9645817314e+02
3.9651649967e+02
3.9657882580e+02
3.9664707732e+02
3.9672031127e+02
3.9679864533e+02
3.9688327208e+02
3.9697117695e+02
3.9706635680e+02
3.9716679930e+02
3.9727263014e+02
3.9738290467e+02
3.9749864899e+02
3.9762008598e+02
3.9774553256e+02
3.9787841474e+02
3.9801386688e+02
3.9815425160e+02
3.9830182654e+02
3.9845322172e+02
3.9860694086e+02
3.9876744826e+02
3.9893310074e+02
3.9910048184e+02
3.9927485023e+02
3.9945232445e+02
3.9963622675e+02
3.9982250036e+02
4.0001526224e+02
4.0020943799e+02
4.0040882125e+02
4.0060805179e+02
4.0081801482e+02
4.0102601355e+02
4.0124173603e+02
4.0145895390e+02
4.0167984354e+02
4.0189964326e+02
4.0212701957e+02
4.0235146512e+02
4.0258630719e+02
4.0281846367e+02
4.0305755259e+02
4.0329320014e+02
4.0353411438e+02
4.0377181412e+02
4.0401758327e+02
4.0426316758e+02
4.0450704173e+02
4.0475654879e+02
4.0499924161e+02
4.0524530070e+02
4.0549882903e+02
4.0574510473e+02
4.0599518247e+02
4.0623758908e+02
4.0647167105e+02
4.0672443511e+02
4.0696638837e+02
4.0720366177e+02
4.0741846001e+02
4.0761726229e+02
4.0785299663e+02
4.0801546345e+02
4.0818957751e+02
4.0822091250e+02
4.0703018561e+02
