3.6486554028e-07 1.5172172899e-07
2.6345787334e-01 -9.5712796728e-04
5.2084198360e-01 -3.7822632111e-03
7.7202396938e-01 -8.3818315284e-03
1.0169814015e+00 -1.4691718568e-02
1.2556342238e+00 -2.2608108305e-02
1.4879283148e+00 -3.2079457122e-02
1.7138109249e+00 -4.3008941508e-02
1.9332557808e+00 -5.5317223517e-02
2.1462270729e+00 -6.8940979174e-02
2.3527010486e+00 -8.3780478666e-02
2.5526577376e+00 -9.9786551313e-02
2.7460637568e+00 -1.1686206953e-01
2.9329498437e+00 -1.3494339609e-01
3.1132728141e+00 -1.5396222058e-01
3.2870531917e+00 -1.7383321058e-01
3.4542982096e+00 -1.9450113620e-01
3.6150014085e+00 -2.1588337992e-01
3.7691760345e+00 -2.3792626473e-01
3.9168511545e+00 -2.6054406329e-01
4.0580216812e+00 -2.8368981955e-01
4.1927263874e+00 -3.0729315269e-01
4.3209815229e+00 -3.3128081981e-01
4.4427843834e+00 -3.5560277221e-01
4.5582117707e+00 -3.8019070785e-01
4.6672475469e+00 -4.0498577907e-01
4.7699400273e+00 -4.2993424621e-01
4.8663281636e+00 -4.5496776378e-01
4.9564193037e+00 -4.8003866372e-01
5.0402722873e+00 -5.0508682526e-01
5.1179106063e+00 -5.3005358096e-01
5.1893724792e+00 -5.5489239756e-01
5.2546997916e+00 -5.7954482087e-01
5.3139362386e+00 -6.0395794275e-01
5.3670872014e+00 -6.2807985512e-01
5.4142302232e+00 -6.5186232580e-01
5.4554234728e+00 -6.7525200018e-01
5.4906451084e+00 -6.9820296756e-01
5.5199947955e+00 -7.2066393986e-01
5.5434829811e+00 -7.4257645556e-01
5.5611930084e+00 -7.6390927114e-01
5.5731164561e+00 -7.8460484188e-01
5.5793816162e+00 -8.0462464379e-01
5.5799646005e+00 -8.2391713237e-01
5.5749635933e+00 -8.4243444437e-01
5.5643809135e+00 -8.6012953910e-01
5.5483214555e+00 -8.7696890002e-01
5.5268141376e+00 -8.9289401799e-01
5.4999272174e+00 -9.0787350365e-01
5.4677204804e+00 -9.2186405037e-01
5.4302455275e+00 -9.3481311746e-01
5.3875848151e+00 -9.4669273485e-01
5.3397771801e+00 -9.5745168438e-01
5.2869186353e+00 -9.6705201006e-01
5.2290720390e+00 -9.7545483191e-01
5.1662921011e+00 -9.8262143376e-01
5.0986820932e+00 -9.8851557905e-01
5.0263080386e+00 -9.9308962870e-01
4.9492621884e+00 -9.9632416708e-01
4.8676321988e+00 -9.9817513785e-01
4.7815104609e+00 -9.9859879899e-01
4.6909950906e+00 -9.9758503640e-01
4.5961824776e+00 -9.9508723800e-01
4.4971932527e+00 -9.9106966485e-01
4.3941265384e+00 -9.8552681507e-01
4.2871003233e+00 -9.7841372314e-01
4.1762473694e+00 -9.6970590789e-01
4.0617032686e+00 -9.5940183386e-01
3.9435816644e+00 -9.4745894872e-01
3.8220699253e+00 -9.3387628849e-01
3.6972943221e+00 -9.1863939870e-01
3.5694101438e+00 -9.0172813060e-01
3.4386137836e+00 -8.8315159547e-01
3.3050750420e+00 -8.6289575910e-01
3.1689983470e+00 -8.4096895251e-01
3.0305696737e+00 -8.1738436245e-01
2.8900314395e+00 -7.9214781568e-01
2.7476010055e+00 -7.6529907012e-01
2.6035142240e+00 -7.3683265483e-01
2.4580688238e+00 -7.0680946416e-01
2.3115295009e+00 -6.7527742555e-01
2.1641873516e+00 -6.4226439977e-01
2.0163744532e+00 -6.0786599946e-01
1.8684365047e+00 -5.7213394102e-01
1.7207679980e+00 -5.3519109423e-01
1.5737603949e+00 -4.9711988610e-01
1.4278553751e+00 -4.5804956997e-01
1.2835432264e+00 -4.1815601192e-01
1.1413534060e+00 -3.7757449008e-01
1.0018837522e+00 -3.3654385979e-01
8.6581017031e-01 -2.9528442491e-01
7.3389596272e-01 -2.5411506592e-01
6.0699417074e-01 -2.1335718747e-01
4.8610725347e-01 -1.7341488690e-01
3.7246036080e-01 -1.3487457708e-01
2.6768745680e-01 -9.8282314208e-02
1.7380568929e-01 -6.4814087421e-02
9.3507091038e-02 -3.5334364282e-02
3.1683265772e-02 -1.1669535361e-02
-2.8865703070e-06 4.0024770051e-07
