6.3687652595e+01
6.3711524962e+01
6.3726608998e+01
6.3741706183e+01
6.3756816648e+01
6.3772545881e+01
6.3791013786e+01
6.3795928215e+01
6.3797972480e+01
6.3802876092e+01
6.3807800677e+01
6.3812746429e+01
6.3817095897e+01
6.3811245856e+01
6.3805423104e+01
6.3799627883e+01
6.3795031640e+01
6.3785710481e+01
6.3775913820e+01
6.3766151887e+01
6.3756424979e+01
6.3747561937e+01
6.3735841528e+01
6.3720943505e+01
6.3706565124e+01
6.3692224047e+01
6.3677920576e+01
6.3663655013e+01
6.3646645862e+01
6.3627923886e+01
6.3609388222e+01
6.3590893108e+01
6.3572438856e+01
6.3550971327e+01
6.3528673325e+01
6.3507359578e+01
6.3486088528e+01
6.3462895504e+01
6.3438448616e+01
6.3414046426e+01
6.3389689260e+01
6.3365103842e+01
6.3338167091e+01
6.3311277291e+01
6.3284434776e+01
6.3257639878e+01
6.3230892929e+01
6.3203232771e+01
6.3173204919e+01
6.3143228522e+01
6.3113848533e+01
6.3084548852e+01
6.3054972582e+01
6.3022233862e+01
6.2989553678e+01
6.2956932417e+01
6.2924541778e+01
6.2892592848e+01
6.2858345907e+01
6.2823067551e+01
6.2787949994e+01
6.2753250194e+01
6.2718614819e+01
6.2684044269e+01
6.2647732172e+01
6.2609939575e+01
6.2572215621e+01
6.2534560727e+01
6.2496975310e+01
6.2459015007e+01
6.2419194294e+01
6.2378518011e+01
6.2337916089e+01
6.2297388963e+01
6.2256937072e+01
6.2216171683e+01
6.2173757819e+01
6.2129721473e+01
6.2086498769e+01
6.2043577369e+01
6.2000734273e+01
6.1955659566e+01
6.1910318178e+01
6.1864994435e+01
6.1819143201e+01
6.1772507369e+01
6.1724551730e+01
6.1676681908e+01
6.1628898368e+01
6.1580917276e+01
6.1531419990e+01
6.1480736926e+01
6.1430144589e+01
6.1379643454e+01
6.1329185143e+01
6.1276925238e+01
6.1224532533e+01
6.1172236220e+01
6.1119463310e+01
6.1064130050e+01
6.1008935022e+01
6.0954037103e+01
6.0898357649e+01
6.0841245626e+01
6.0784243193e+01
6.0727350894e+01
6.0670569270e+01
6.0611764876e+01
6.0552359958e+01
6.0492206466e+01
6.0431508054e+01
6.0370927706e+01
6.0308284739e+01
6.0245473430e+01
6.0182781808e+01
6.0119110974e+01
6.0055164717e+01
5.9989486878e+01
5.9922909372e+01
5.9856458460e+01
5.9790134725e+01
5.9722825744e+01
5.9653876811e+01
5.9582757957e+01
5.9511772707e+01
5.9440921662e+01
5.9370205424e+01
5.9299624594e+01
5.9227049923e+01
5.9151832100e+01
5.9077269378e+01
5.9002857866e+01
5.8928598224e+01
5.8853311928e+01
5.8776026299e+01
5.8696966107e+01
5.8617996047e+01
5.8539186274e+01
5.8459261267e+01
5.8377449337e+01
5.8295674083e+01
5.8212514094e+01
5.8129522068e+01
5.8046039047e+01
5.7959484947e+01
5.7873099968e+01
5.7786794077e+01
5.7698931596e+01
5.7611246343e+01
5.7521530532e+01
5.7429896607e+01
5.7338441292e+01
5.7246898426e+01
5.7154643514e+01
5.7062572980e+01
5.6966148120e+01
5.6869155209e+01
5.6772350325e+01
5.6675465405e+01
5.6575965187e+01
5.6476654485e+01
5.6377534033e+01
5.6278276070e+01
5.6175858954e+01
5.6070549085e+01
5.5965437102e+01
5.5860523758e+01
5.5755809804e+01
5.5650778447e+01
5.5545222157e+01
5.5434026068e+01
5.5322585551e+01
5.5211353558e+01
5.5100330861e+01
5.4989518232e+01
5.4876764295e+01
5.4759108146e+01
5.4642623542e+01
5.4526816462e+01
5.4411237044e+01
5.4295886109e+01
5.4174899735e+01
5.4053027813e+01
5.3931397906e+01
5.3809999277e+01
5.3688832747e+01
5.3564449512e+01
5.3436616354e+01
5.3309007617e+01
5.3181532722e+01
5.3054292943e+01
5.2925736528e+01
5.2796074219e+01
5.2666404693e+01
5.2529690409e+01
5.2393218562e+01
5.2256989978e+01
5.2122311796e+01
5.1989899736e+01
5.1855856171e+01
5.1714137291e+01
5.1572652078e+01
5.1431906817e+01
5.1292056180e+01
5.1152273671e+01
5.1004816812e+01
5.0859196006e+01
5.0715133188e+01
5.0571307555e+01
5.0427620423e+01
5.0275128532e+01
5.0122874387e+01
4.9970858756e+01
4.9820137439e+01
4.9671455247e+01
4.9521221230e+01
4.9364757614e+01
4.9208523435e+01
4.9052519422e+01
4.8896746303e+01
4.8740847418e+01
4.8578369794e+01
4.8416051894e+01
4.8254495709e+01
4.8093346683e+01
4.7932413559e+01
4.7772042315e+01
4.7608904114e+01
4.7443518446e+01
4.7278525431e+01
4.7113744841e+01
4.6949177321e+01
4.6778961374e+01
4.6606336649e+01
4.6434665762e+01
4.6267001819e+01
4.6099528907e+01
4.5931852489e+01
4.5756495770e+01
4.5581329768e+01
4.5406355048e+01
4.5231572176e+01
4.5056981717e+01
4.4880265405e+01
4.4703486217e+01
4.4526877254e+01
4.4350439011e+01
4.4174171985e+01
4.3994800944e+01
4.3810812995e+01
4.3630985715e+01
4.3451307823e+01
4.3271779747e+01
4.3092401916e+01
4.2908616798e+01
4.2721992926e+01
4.2535113730e+01
4.2352395756e+01
4.2170911573e+01
4.1989532455e+01
4.1805741788e+01
4.1618991816e+01
4.1432348417e+01
4.1245811887e+01
4.1059382521e+01
4.0871909935e+01
4.0684934289e+01
4.0498021662e+01
4.0311172229e+01
4.0122567704e+01
3.9933878603e+01
3.9745253554e+01
3.9558653944e+01
3.9371844441e+01
3.9183373236e+01
3.8994915576e+01
3.8806471497e+01
3.8616295301e+01
3.8424298354e+01
3.8232313427e+01
3.8040644690e+01
3.7854178339e+01
3.7667686925e+01
3.7481213315e+01
3.7294772220e+01
3.7108305862e+01
3.6919971791e+01
3.6728243273e+01
3.6536448294e+01
3.6345202775e+01
3.6154560900e+01
3.5965692878e+01
3.5779452524e+01
3.5593114270e+01
3.5406997813e+01
3.5222362569e+01
3.5037629349e+01
3.4852797902e+01
3.4664729341e+01
3.4474541724e+01
3.4286493572e+01
3.4098573150e+01
3.3914943854e+01
3.3731543263e+01
3.3547971180e+01
3.3365110477e+01
3.3185048326e+01
3.3004816699e+01
3.2824415178e+01
3.2640696539e+01
3.2454847094e+01
3.2272699229e+01
3.2091380318e+01
3.1913241759e+01
3.1734861277e+01
3.1556238284e+01
3.1379492603e+01
3.1206445322e+01
3.1033160599e+01
3.0859637863e+01
3.0682641958e+01
3.0502983853e+01
3.0328480986e+01
3.0155577679e+01
2.9984516156e+01
2.9813151235e+01
2.9641708888e+01
2.9476392839e+01
2.9310780247e+01
2.9144870416e+01
2.8977871732e+01
2.8805507825e+01
2.8639408228e+01
2.8474519999e+01
2.8312023198e+01
2.8149170023e+01
2.7985959651e+01
2.7826427462e+01
2.7672163476e+01
2.7517556235e+01
2.7359235277e+01
2.7198394171e+01
2.7037160347e+01
2.6882770727e+01
2.6731825775e+01
2.6580501561e+01
2.6428797229e+01
2.6276371428e+01
2.6126105076e+01
2.5978904690e+01
2.5831285099e+01
2.5683245368e+01
2.5534784563e+01
2.5391147508e+01
2.5251551857e+01
2.5111553470e+01
2.4971151460e+01
2.4828112164e+01
2.4688972241e+01
2.4552854046e+01
2.4416289090e+01
2.4279276398e+01
2.4145763923e+01
2.4013583918e+01
2.3880969992e+01
2.3746992844e+01
2.3618868182e+01
2.3492662028e+01
2.3363606772e+01
2.3234096071e+01
2.3105983234e+01
2.2985619317e+01
2.2864814382e+01
2.2743567491e+01
2.2621877705e+01
2.2502814305e+01
2.2386047330e+01
2.2268836864e+01
2.2151181972e+01
2.2033081722e+01
2.1921000324e+01
2.1811868728e+01
2.1699756589e+01
2.1586823333e+01
2.1474262321e+01
2.1370363984e+01
2.1266033519e+01
2.1161270035e+01
2.1056072637e+01
2.0950264337e+01
2.0848462921e+01
2.0748866220e+01
2.0648833444e+01
2.0548363704e+01
2.0447456110e+01
2.0350963171e+01
2.0257163055e+01
2.0162949198e+01
2.0068688384e+01
1.9977481840e+01
1.9887326803e+01
1.9796762141e+01
1.9705787033e+01
1.9618223917e+01
1.9532063991e+01
1.9444164856e+01
1.9355840618e+01
1.9273934336e+01
1.9193998605e+01
1.9113657462e+01
1.9032910105e+01
1.8951359589e+01
1.8875495341e+01
1.8799225143e+01
1.8722548199e+01
1.8644997481e+01
1.8571517555e+01
1.8499200708e+01
1.8426516851e+01
1.8353465274e+01
1.8281983086e+01
1.8213814052e+01
1.8145287596e+01
1.8076403032e+01
1.8007159672e+01
1.7943614020e+01
1.7879437623e+01
1.7813945709e+01
1.7748084738e+01
1.7687223463e+01
1.7627153708e+01
1.7568590706e+01
1.7509680849e+01
1.7450423483e+01
1.7391359728e+01
1.7334871411e+01
1.7280124846e+01
1.7226105775e+01
1.7171758257e+01
1.7121060746e+01
1.7070008361e+01
1.7017635710e+01
1.6966251916e+01
1.6917780922e+01
1.6869793639e+01
1.6821513896e+01
1.6772941153e+01
1.6727024600e+01
1.6682810234e+01
1.6639759774e+01
1.6597075943e+01
1.6554115745e+01
1.6512729208e+01
1.6472948024e+01
1.6433928149e+01
1.6395813916e+01
1.6357438817e+01
1.6321371680e+01
1.6286238672e+01
1.6251362184e+01
1.6217133618e+01
1.6184775147e+01
1.6155136440e+01
1.6125259282e+01
1.6095143250e+01
1.6064382990e+01
1.6039132896e+01
1.6012839930e+01
1.5986320877e+01
1.5959575339e+01
1.5936722202e+01
1.5915034353e+01
1.5893057801e+01
1.5872500876e+01
1.5856164156e+01
1.5839648653e+01
1.5822954055e+01
1.5807026410e+01
1.5792725455e+01
1.5783591579e+01
1.5774307215e+01
1.5764872104e+01
1.5755614024e+01
1.5750091506e+01
1.5749205312e+01
1.5748199588e+01
1.5747074131e+01
1.5746039451e+01
1.5749738527e+01
1.5759497702e+01
1.5769177638e+01
1.5778778200e+01
1.5788537521e+01
1.5808756216e+01
1.5832890102e+01
1.5857007109e+01
1.5881107208e+01
1.5905190371e+01
1.5940159512e+01
1.5978546410e+01
