3.8824728982e+02
3.8818401975e+02
3.8812074967e+02
3.8806124995e+02
3.8800324220e+02
3.8795016070e+02
3.8789818277e+02
3.8785160784e+02
3.8780610464e+02
3.8776519643e+02
3.8772576561e+02
3.8769139591e+02
3.8765885351e+02
3.8763071686e+02
3.8760449315e+02
3.8758159661e+02
3.8756201789e+02
3.8754576079e+02
3.8753318622e+02
3.8752310540e+02
3.8751811224e+02
3.8751390385e+02
3.8751383776e+02
3.8751637307e+02
3.8752341023e+02
3.8753373363e+02
3.8754692238e+02
3.8756409995e+02
3.8758291914e+02
3.8760615522e+02
3.8763322407e+02
3.8766301886e+02
3.8769631296e+02
3.8773344595e+02
3.8777203227e+02
3.8781620476e+02
3.8786179158e+02
3.8791255887e+02
3.8796560308e+02
3.8802270077e+02
3.8808243361e+02
3.8814618379e+02
3.8821315593e+02
3.8828200040e+02
3.8835670140e+02
3.8843284075e+02
3.8851396067e+02
3.8859765937e+02
3.8868448921e+02
3.8877488307e+02
3.8886676759e+02
3.8896576739e+02
3.8906510590e+02
3.8916873055e+02
3.8927538955e+02
3.8938439410e+02
3.8949910129e+02
3.8961405399e+02
3.8973467442e+02
3.8985714534e+02
3.8998243008e+02
3.9011207632e+02
3.9024302800e+02
3.9037765689e+02
3.9051638615e+02
3.9065731902e+02
3.9080072359e+02
3.9094701800e+02
3.9109558405e+02
3.9124789500e+02
3.9140218065e+02
3.9155981265e+02
3.9171732275e+02
3.9188073620e+02
3.9204604981e+02
3.9221096942e+02
3.9238112180e+02
3.9255309899e+02
3.9272390617e+02
3.9290057943e+02
3.9307761207e+02
3.9325629948e+02
3.9343567792e+02
3.9361489162e+02
3.9380183101e+02
3.9398400358e+02
3.9416805004e+02
3.9435662386e+02
3.9454157256e+02
3.9472631713e+02
3.9491693453e+02
3.9510029409e+02
3.9528138570e+02
3.9545864240e+02
3.9562099769e+02
3.9582080551e+02
3.9594787222e+02
3.9605138771e+02
3.9635933783e+02
3.9512961280e+02
