2.3000748130e+02
2.3000763303e+02
2.3000777282e+02
2.3000781924e+02
2.3000773170e+02
2.3000770195e+02
2.3000774910e+02
2.3000770971e+02
2.3000769144e+02
2.3000766016e+02
2.3000764691e+02
2.3000764822e+02
2.3000770643e+02
2.3000783310e+02
2.3000786454e+02
2.3000742914e+02
2.3000703545e+02
2.3000704661e+02
2.3000747946e+02
2.3000791230e+02
2.3000760080e+02
2.3000726698e+02
2.3000720902e+02
2.3000748075e+02
2.3000775247e+02
2.3000753253e+02
2.3000722573e+02
2.3000705688e+02
2.3000738162e+02
2.3000770637e+02
2.3000771998e+02
2.3000756560e+02
2.3000749401e+02
2.3000756906e+02
2.3000766439e+02
2.3000764794e+02
2.3000751462e+02
2.3000738424e+02
2.3000741971e+02
2.3000737174e+02
2.3000740181e+02
2.3000753782e+02
2.3000770151e+02
2.3000767936e+02
2.3000761791e+02
2.3000754115e+02
2.3000744817e+02
2.3000737086e+02
2.3000754976e+02
2.3000776000e+02
2.3000774179e+02
2.3000738858e+02
2.3000706448e+02
2.3000727803e+02
2.3000759964e+02
2.3000777492e+02
2.3000751084e+02
2.3000724677e+02
2.3000738834e+02
2.3000770377e+02
2.3000795037e+02
2.3000777694e+02
2.3000760352e+02
2.3000751702e+02
2.3000748977e+02
2.3000746018e+02
2.3000736208e+02
2.3000726398e+02
2.3000735312e+02
2.3000763431e+02
2.3000791550e+02
2.3000777926e+02
2.3000753299e+02
2.3000730170e+02
2.3000701753e+02
2.3000702770e+02
2.3000719742e+02
2.3000746158e+02
2.3000776673e+02
2.3000769568e+02
2.3000748552e+02
2.3000759299e+02
2.3000790807e+02
2.3000792334e+02
2.3000789562e+02
2.3000763726e+02
2.3000746485e+02
2.3000764352e+02
2.3000762203e+02
2.3000764397e+02
2.3000758786e+02
2.3000751388e+02
2.3000749836e+02
2.3000747940e+02
2.3000747397e+02
2.3000746234e+02
2.3000744906e+02
2.3000742070e+02
2.3000738989e+02
2.3000735907e+02
