-1.9042858276e-05 -6.0616829117e-06
3.9772005297e-06 -7.8650859426e-06
3.9706252539e-01 8.1034537229e-05
3.9986273550e-01 8.5205475287e-05
7.8314084827e-01 3.2429003305e-04
7.8796027103e-01 3.5970884809e-04
1.1582159258e+00 7.2370480458e-04
1.1642965838e+00 8.1564503247e-04
1.5223419351e+00 1.2816428774e-03
1.5290465652e+00 1.4645181479e-03
1.8759212238e+00 1.9995962609e-03
1.8826290161e+00 2.3094756618e-03
2.2190280106e+00 2.8762692329e-03
2.2250543563e+00 3.3497617242e-03
2.5516622955e+00 3.9116617934e-03
2.5566021147e+00 4.5868011871e-03
2.8739135225e+00 5.1075474728e-03
2.8775474831e+00 6.0002688387e-03
3.1862154389e+00 6.4576698857e-03
3.1879080180e+00 7.6099531503e-03
3.4880546931e+00 9.4041077846e-03
3.4886343394e+00 7.9572262933e-03
3.7782040763e+00 1.1376790317e-02
3.7811702239e+00 9.6062166956e-03
4.0583256104e+00 1.3525498056e-02
4.0639587225e+00 1.1392654460e-02
4.3287727477e+00 1.5833987745e-02
4.3373108935e+00 1.3315909857e-02
4.5897917286e+00 1.8277184958e-02
4.6012866514e+00 1.5371195522e-02
4.8414482826e+00 2.0874126169e-02
4.8559254220e+00 1.7551791794e-02
5.0838400018e+00 2.3619100205e-02
5.1014868214e+00 1.9850929520e-02
5.3173964248e+00 2.6467887483e-02
5.3381411826e+00 2.2251776053e-02
5.5421777571e+00 2.9414411826e-02
5.5658885058e+00 2.4754331393e-02
5.7581716924e+00 3.2457524729e-02
5.7848374879e+00 2.7354553292e-02
5.9657563948e+00 3.5574980177e-02
5.9953179602e+00 3.0032631401e-02
6.1651173432e+00 3.8752590112e-02
6.1973525762e+00 3.2786321033e-02
6.3562648026e+00 4.1988714785e-02
6.3909542665e+00 3.5614564548e-02
6.5393174294e+00 4.5263647143e-02
6.5763863506e+00 3.8492222440e-02
6.7146001192e+00 4.8539752825e-02
6.7537546118e+00 4.1408542333e-02
6.8821405375e+00 5.1814951413e-02
6.9231303711e+00 4.4361217708e-02
7.0420138986e+00 5.5087446947e-02
7.0845755281e+00 4.7347142019e-02
7.1944712961e+00 5.8328425184e-02
7.2383652804e+00 5.0333441892e-02
7.3396347003e+00 6.1511341096e-02
7.3845119087e+00 5.3319801771e-02
7.4774884875e+00 6.4649262565e-02
7.5230315722e+00 5.6307509591e-02
7.6081947262e+00 6.7708011288e-02
7.6541692223e+00 5.9262651767e-02
7.7319369159e+00 7.0675943860e-02
7.7779894566e+00 6.2183826836e-02
7.8487576531e+00 7.3541124023e-02
7.8945150385e+00 6.5070790461e-02
7.9586852789e+00 7.6299174344e-02
8.0038870828e+00 6.7907318925e-02
8.0619205736e+00 7.8926874864e-02
8.1062546104e+00 7.0662209121e-02
8.1585076587e+00 8.1410306822e-02
8.2016162916e+00 7.3334850107e-02
8.2484396830e+00 8.3753262601e-02
8.2900161562e+00 7.5926250305e-02
8.3318394594e+00 8.5936739289e-02
8.3716653304e+00 7.8411059907e-02
8.4088270190e+00 8.7948700188e-02
8.4465882539e+00 8.0784742878e-02
8.4794014133e+00 8.9783741393e-02
8.5147826515e+00 8.3047476445e-02
8.5435755022e+00 9.1435328831e-02
8.5763681163e+00 8.5176749381e-02
8.6014381642e+00 9.2896156981e-02
8.6314323758e+00 8.7149354912e-02
8.6530076938e+00 9.4170583091e-02
8.6800096708e+00 8.8981483887e-02
8.6983154420e+00 9.5234676868e-02
8.7220941913e+00 9.0663388996e-02
8.7373902866e+00 9.6104663227e-02
8.7578134300e+00 9.2168726950e-02
8.7702637804e+00 9.6761017373e-02
8.7871901431e+00 9.3497323196e-02
8.7969494686e+00 9.7212183372e-02
8.8102308559e+00 9.4647676973e-02
8.8174443697e+00 9.7452081397e-02
8.8270056082e+00 9.5606156940e-02
8.8317517979e+00 9.7496809438e-02
8.8375287911e+00 9.6373923958e-02
8.8398698579e+00 9.7332305151e-02
8.8418004044e+00 9.6950978029e-02
