3.9278077268e-04 -1.4454486407e-06
1.2663675309e-04 5.6081477466e-06
5.6986683470e-04 8.6536454627e-07
4.7849662013e-04 8.6443438228e-06
5.8012847310e-04 1.0442957925e-05
6.1186821157e-04 5.1908913213e-06
4.4812837835e-04 1.4246312503e-05
5.5116702266e-04 -4.9818368254e-06
1.5661591336e-04 8.5286635060e-06
3.7683805743e-04 -7.5451108031e-06
3.8013065686e-04 2.0245147590e-06
1.3765131041e-04 2.7693790031e-06
5.5767018684e-04 5.5783995548e-06
4.3422555697e-04 9.6050170796e-06
5.8341000785e-04 1.7021831156e-05
5.7497821585e-04 2.2614807453e-06
4.5875232243e-04 2.1463562640e-05
5.6422207478e-04 -1.1198037161e-05
1.7065230638e-04 1.2854536039e-05
4.0667323928e-04 -1.2368261065e-05
3.6879660710e-04 5.8458452327e-06
1.1711641421e-04 -4.1238331624e-07
5.5451133334e-04 1.0693392437e-05
4.2225850208e-04 3.0833236073e-06
5.8738144152e-04 2.2607194645e-05
5.7008912993e-04 -3.7916140480e-06
4.6682125242e-04 2.5133610858e-05
5.6720084436e-04 -1.7521471385e-05
1.8355377050e-04 1.6703420463e-05
4.1795921951e-04 -1.9405714616e-05
3.5770040456e-04 1.4153262038e-05
1.1788254560e-04 -4.3823911941e-06
5.5055872249e-04 1.9368572381e-05
4.1027399886e-04 -3.1728330152e-06
5.8738013145e-04 2.8203827126e-05
5.6383514538e-04 -1.0209985489e-05
4.7103677973e-04 3.0650525527e-05
5.6733822379e-04 -2.1982363448e-05
1.9558680970e-04 2.0483648108e-05
4.2498172549e-04 -2.2654382560e-05
3.4783521656e-04 1.5223669320e-05
1.3392831399e-04 -8.0781865933e-06
5.4732079326e-04 2.1386380117e-05
4.0212913438e-04 -8.2490497535e-06
5.8815984385e-04 3.3623116625e-05
5.5957979734e-04 -1.5463812628e-05
4.7918505756e-04 3.7181310592e-05
5.6552826688e-04 -2.6684728189e-05
2.0783783396e-04 2.4899891653e-05
4.2987019970e-04 -2.7345317033e-05
3.3425789763e-04 1.7510125687e-05
1.4960142723e-04 -1.1929748684e-05
5.4177930938e-04 2.4771902445e-05
3.9188701128e-04 -1.1641557694e-05
5.8905204374e-04 3.9405432653e-05
5.5383831584e-04 -2.0020684745e-05
4.8442432964e-04 4.3445024172e-05
5.6667527088e-04 -3.2757825840e-05
2.1997853764e-04 2.9822386165e-05
4.3947242657e-04 -3.3619221695e-05
3.2137958055e-04 2.1988937116e-05
1.6479944046e-04 -1.6097449484e-05
5.3532000569e-04 3.0401489633e-05
3.7835273129e-04 -1.6352429785e-05
5.8857247923e-04 4.5289733011e-05
5.4561893316e-04 -2.5404225141e-05
4.9121199272e-04 4.8600901315e-05
5.6467279860e-04 -3.6994583350e-05
2.3210489945e-04 3.3941190826e-05
4.4261238818e-04 -3.6899911635e-05
3.0617325486e-04 2.7267148166e-05
1.7758503033e-04 -1.9939124976e-05
5.2736965606e-04 3.7514155772e-05
3.6526407818e-04 -2.0269048775e-05
5.3755569860e-04 -3.0084705849e-05
5.8883088620e-04 5.1387151919e-05
5.6398853691e-04 -4.2501597896e-05
4.9633447723e-04 5.3818125507e-05
4.4944145248e-04 -4.3145585533e-05
2.4167041331e-04 3.8341438102e-05
1.9114326852e-04 -2.4319757021e-05
2.9196653965e-04 3.0940623787e-05
3.5677093502e-04 -2.3234533965e-05
5.2158563529e-04 4.2351578397e-05
5.3288882114e-04 -3.4138084243e-05
5.8666577948e-04 5.6731126623e-05
5.6107203123e-04 -4.6989864128e-05
4.9999470228e-04 6.0156759807e-05
4.5401919274e-04 -4.6881833136e-05
2.5252521339e-04 4.3576974317e-05
2.0492638471e-04 -2.8394958325e-05
2.7750428248e-04 3.3226491018e-05
3.4337130514e-04 -2.9445813646e-05
5.1347507175e-04 4.5488688657e-05
5.2325943446e-04 -4.0633418735e-05
5.8375024020e-04 6.2109826581e-05
5.5592617685e-04 -5.0196727299e-05
5.0433323444e-04 6.6520769886e-05
4.5063904431e-04 -4.9406356968e-05
2.6316910790e-04 4.8908848928e-05
2.1301083467e-04 -3.1347316372e-05
2.6114107199e-04 3.6447417528e-05
3.3107375489e-04 -1.8451098967e-05
5.0380632083e-04 5.0153888014e-05
5.1617865971e-04 -3.0098298263e-05
5.8150107629e-04 6.8115348886e-05
5.5675813305e-04 -5.6254079172e-05
5.1011796892e-04 7.2956107210e-05
4.6050745053e-04 -5.7794726215e-05
2.7409338360e-04 5.4551016293e-05
2.2705785632e-04 -3.7469996435e-05
2.4243494170e-04 4.1217543790e-05
3.1887851102e-04 -3.4373811980e-05
4.9182233741e-04 5.7467078826e-05
5.0733757192e-04 -4.7836206352e-05
5.8030669523e-04 7.4717323229e-05
5.5114765807e-04 -6.0140728037e-05
5.1212763563e-04 7.7522043565e-05
4.6243920895e-04 -6.0228179079e-05
2.8186527356e-04 5.8084088514e-05
2.3786388492e-04 -4.0518167408e-05
2.2792715453e-04 4.4031679109e-05
3.0374929722e-04 -3.7065422780e-05
4.9535121729e-04 -5.1615874024e-05
4.8616341181e-04 6.2392033227e-05
5.4738501878e-04 -6.4516388858e-05
5.7593668192e-04 7.9134310156e-05
4.6588255885e-04 -6.5469865041e-05
5.1086789655e-04 8.3435846699e-05
2.4828740974e-04 -4.4961056104e-05
2.8915131521e-04 6.3962375047e-05
2.9394619584e-04 -3.9351103015e-05
2.1091442702e-04 4.5762979606e-05
4.9031424377e-04 -5.5011573497e-05
4.7396852918e-04 6.4247766435e-05
5.4255926989e-04 -6.8500024911e-05
5.7181629727e-04 8.3446089302e-05
4.6410723002e-04 -6.9297309884e-05
5.1466564354e-04 8.9556363629e-05
2.5585453469e-04 -4.8865635707e-05
2.9819975876e-04 6.9565693885e-05
2.7853493222e-04 -4.1278850897e-05
1.9263735733e-04 4.8213422763e-05
4.7741617523e-04 -5.7671019605e-05
4.6384673888e-04 6.9022043410e-05
5.3832389997e-04 -7.2283935903e-05
5.6667329508e-04 8.9243020930e-05
4.6850238557e-04 -7.4475683892e-05
5.1490463312e-04 9.5608578635e-05
2.6700409251e-04 -5.3685300929e-05
3.0528949728e-04 7.5390847377e-05
2.6832730589e-04 -4.3644752680e-05
1.7418553806e-04 5.1457074185e-05
4.7111054157e-04 -6.1500231865e-05
4.5187164424e-04 7.4308121553e-05
5.3227225158e-04 -7.7622398301e-05
4.7201534796e-04 -7.8926881056e-05
5.5989438477e-04 9.6074026282e-05
2.7733502233e-04 -5.8401902620e-05
5.1503216664e-04 1.0217471633e-04
2.5072728637e-04 -4.9759591172e-05
3.1139797454e-04 8.1432280080e-05
4.5433852789e-04 -6.9880884034e-05
1.5077200836e-04 5.6143203680e-05
5.2660041497e-04 -8.1019491852e-05
4.3357812008e-04 8.2219456826e-05
4.6220215769e-04 -8.0836859493e-05
5.5305378777e-04 1.0187064189e-04
2.7787414250e-04 -6.0379414564e-05
5.1530332027e-04 1.0735686642e-04
2.4113195875e-04 -4.4462635005e-05
3.1852395336e-04 8.6150769246e-05
4.5006210265e-04 -6.1615157734e-05
1.3166099387e-04 5.6236764910e-05
5.2268689491e-04 -8.2549193660e-05
4.1875341709e-04 8.3750269049e-05
4.6838724388e-04 -8.6953029601e-05
5.4509377710e-04 1.0524730329e-04
2.9003009136e-04 -6.6198996054e-05
5.1592896056e-04 1.1236645323e-04
2.2821108090e-04 -4.8409342832e-05
3.2702283249e-04 9.0718873055e-05
4.3835973811e-04 -6.8229749759e-05
5.1529380513e-04 -8.5845737854e-05
1.1293521934e-04 5.5980833384e-05
4.6869251908e-04 -9.0691216783e-05
4.0308955443e-04 8.7696020376e-05
2.9775780945e-04 -7.0545346651e-05
5.3588097656e-04 1.1041771081e-04
2.1555487760e-04 -5.1314212425e-05
5.1617721245e-04 1.1839799685e-04
4.2919747200e-04 -7.3418287849e-05
3.3485806192e-04 9.6698171206e-05
5.0893749329e-04 -9.0317497749e-05
9.3052219892e-05 5.6866555289e-05
4.6616942492e-04 -9.4435844243e-05
3.8789841438e-04 9.1227161975e-05
3.0256197180e-04 -7.4562491025e-05
5.2682757886e-04 1.1500516077e-04
2.0216954422e-04 -5.3771168465e-05
5.1343911888e-04 1.2357210424e-04
4.1878468034e-04 -7.7265747016e-05
3.3957285480e-04 1.0176359042e-04
5.0231997755e-04 -9.3601686422e-05
7.3393535022e-05 5.6441795919e-05
4.6325406524e-04 -9.7673713829e-05
3.7265518664e-04 9.2271231585e-05
3.0733923877e-04 -7.8392196025e-05
1.8955813266e-04 -5.4724124089e-05
5.1754813395e-04 1.1711347702e-04
4.0727396850e-04 -7.8463206199e-05
5.0833568293e-04 1.2660080798e-04
4.9508506890e-04 -9.7291544100e-05
3.4121321254e-04 1.0530870371e-04
4.6691634009e-04 -1.0331104352e-04
5.5228604961e-05 5.5371352361e-05
3.1732928200e-04 -8.4089799250e-05
3.6729274687e-04 9.1616595736e-05
1.7269085146e-04 -5.8114741089e-05
5.1356925910e-04 1.2013708646e-04
3.8912746683e-04 -8.6043567590e-05
5.0395696162e-04 1.3297885891e-04
4.8559282796e-04 -1.0187979487e-04
3.4258360185e-04 1.1213477452e-04
4.5467345169e-04 -1.0358106908e-04
3.2728203294e-05 5.8168877451e-05
3.1175279809e-04 -8.4150186032e-05
3.5024089204e-04 9.7567146229e-05
1.6347149483e-04 -5.4024668169e-05
3.8536534205e-04 -7.3892293067e-05
5.0305556791e-04 1.2628966468e-04
4.8089024645e-04 -9.8255637820e-05
4.9879201054e-04 1.3862159189e-04
4.6462225702e-04 -1.0966267543e-04
3.4417060092e-04 1.1777941989e-04
3.2976079638e-04 -9.1781977762e-05
3.5552688456e-05 6.1843125591e-05
1.4920931130e-04 -6.0053209833e-05
3.3296256495e-04 9.9417439370e-05
3.7043546269e-04 -9.1582192851e-05
4.9165229500e-04 1.3003878057e-04
4.7075566189e-04 -1.0848859127e-04
4.9572345989e-04 1.4450534739e-04
4.4993888058e-04 -1.1111080091e-04
3.4912479948e-04 1.2438581528e-04
3.2047548509e-04 -9.2825712796e-05
4.5225382761e-05 6.7386294072e-05
1.3820029672e-04 -5.7871250250e-05
3.1419639342e-04 1.0337759660e-04
3.6335506530e-04 -7.9848387670e-05
4.6539877983e-04 -1.0340629064e-04
4.7882108760e-04 1.3531827768e-04
4.5306892735e-04 -1.1630547091e-04
4.8827589011e-04 1.4975119316e-04
3.3058825417e-04 -9.9639737296e-05
3.4838678401e-04 1.2972765505e-04
1.2432289567e-04 -6.0060480311e-05
5.6197344341e-05 7.2834644821e-05
3.5086475960e-04 -8.8703544320e-05
2.9818148733e-04 1.0550770325e-04
4.5599714976e-04 -1.0960143899e-04
4.6698135205e-04 1.3894224877e-04
4.4678486341e-04 -1.1839241922e-04
4.8197945355e-04 1.5469350419e-04
3.3084282532e-04 -1.0249480923e-04
3.4980483365e-04 1.3534113013e-04
1.1180338399e-04 -6.1586589379e-05
3.4059458438e-04 -9.3353928472e-05
6.5168239627e-05 7.8062984349e-05
4.4782065801e-04 -1.1476442364e-04
2.8066127020e-04 1.0746422256e-04
4.4134507200e-04 -1.2306518921e-04
4.5456278669e-04 1.4254709371e-04
3.3117869012e-04 -1.0739486055e-04
4.7507238472e-04 1.5941167622e-04
1.1456874885e-04 -6.6060251231e-05
3.4993004371e-04 1.4074788143e-04
3.2404352745e-04 -9.4621570430e-05
7.3664336327e-05 8.3413439027e-05
4.3603711020e-04 -1.1602497386e-04
2.6273261683e-04 1.0922558260e-04
4.3561047027e-04 -1.2467400125e-04
4.4150630693e-04 1.4598493190e-04
3.3118534688e-04 -1.0968499856e-04
1.2493694184e-04 -6.9577454719e-05
4.6777307030e-04 1.6404597776e-04
3.1683892604e-04 -9.3663490605e-05
3.4987506868e-04 1.4621147826e-04
4.3002885174e-04 -1.1739447476e-04
8.1978463632e-05 8.8903571033e-05
4.3275552524e-04 -1.2993292699e-04
2.4507950411e-04 1.1089104736e-04
3.3545637920e-04 -1.1602378967e-04
4.2824394037e-04 1.4934849913e-04
1.3406013033e-04 -7.5768333325e-05
4.5982823518e-04 1.6860284598e-04
3.0156445226e-04 -9.9285084975e-05
3.4933860058e-04 1.5173206865e-04
4.1754501735e-04 -1.2216243606e-04
8.8474775221e-05 9.4289451213e-05
4.2583393421e-04 -1.3219021294e-04
3.3421820648e-04 -1.1885652479e-04
2.2532780037e-04 1.1215200580e-04
1.4201746875e-04 -7.9825368283e-05
4.1371042730e-04 1.5260587577e-04
2.8988558269e-04 -1.0072160495e-04
4.5133271055e-04 1.7319089281e-04
4.0796925809e-04 -1.2439330125e-04
3.4723644156e-04 1.5710334373e-04
4.2090010147e-04 -1.3511087481e-04
9.5879609118e-05 1.0006164773e-04
3.3600871435e-04 -1.2259284120e-04
2.0756954733e-04 1.1379918166e-04
1.4976696664e-04 -8.4296980577e-05
3.9929427970e-04 1.5603953856e-04
2.8001673336e-04 -1.0237218339e-04
3.9982353307e-04 -1.2699915901e-04
4.4150312229e-04 1.7761744012e-04
4.1371676305e-04 -1.3872930284e-04
3.4572499581e-04 1.6277185024e-04
3.3376407400e-04 -1.2723370800e-04
1.0278084960e-04 1.0608190546e-04
1.5562854509e-04 -8.9877458990e-05
1.8837761590e-04 1.1527554881e-04
2.6429083127e-04 -1.0472846622e-04
3.8370125182e-04 1.5934418560e-04
3.8646799425e-04 -1.2978852290e-04
4.3125049514e-04 1.8188439330e-04
4.0712517859e-04 -1.4173679195e-04
3.4239429171e-04 1.6811512049e-04
3.3214927653e-04 -1.3040514625e-04
1.6125641121e-04 -9.3932650823e-05
1.0831081242e-04 1.1177182716e-04
2.5560791737e-04 -1.0657180716e-04
1.6957809391e-04 1.1494612950e-04
3.7938075096e-04 -1.3215127577e-04
3.6833909321e-04 1.6069044004e-04
3.9880287246e-04 -1.4377478581e-04
4.2051512555e-04 1.8598737628e-04
3.2845599534e-04 -1.3377177312e-04
3.3988882030e-04 1.7406899831e-04
1.6636523958e-04 -9.8890648074e-05
1.1432991802e-04 1.1778678265e-04
2.4414142451e-04 -1.0563983474e-04
3.6874583990e-04 -1.3160758441e-04
1.4711629259e-04 1.1481309694e-04
3.9020297591e-04 -1.4805354258e-04
3.4734694330e-04 1.6193051853e-04
3.2492147522e-04 -1.4102958995e-04
4.0823345185e-04 1.8817043776e-04
1.6931808134e-04 -1.0616906466e-04
3.4090626087e-04 1.7582047104e-04
2.3081220086e-04 -1.0454202682e-04
1.2220213777e-04 1.2245998268e-04
3.5801133040e-04 -1.3018550160e-04
1.2851913449e-04 1.2145556776e-04
3.8393799674e-04 -1.5224339377e-04
3.2662668987e-04 -1.4618510975e-04
3.3140240876e-04 1.7313058428e-04
1.7528998750e-04 -1.1232889489e-04
3.9521611603e-04 1.9511983700e-04
2.1531996108e-04 -1.1272296328e-04
3.3050690525e-04 1.8194538239e-04
3.4250755577e-04 -1.3972129414e-04
1.2229792923e-04 1.2980495683e-04
3.7258030485e-04 -1.5571218497e-04
1.1247877933e-04 1.2380667977e-04
3.1806334984e-04 -1.4825096882e-04
3.1931608284e-04 1.7714176462e-04
1.7578903176e-04 -1.1635077957e-04
2.0410450153e-04 -1.1653819092e-04
3.8121516909e-04 2.0164660854e-04
3.3267019007e-04 -1.4468107518e-04
3.1722337009e-04 1.9261846539e-04
3.6234544010e-04 -1.5958727506e-04
1.1977926164e-04 1.4018984876e-04
3.1278558957e-04 -1.5340834564e-04
9.1084329121e-05 1.2159285498e-04
1.7750494148e-04 -1.2301758458e-04
2.9957131426e-04 1.7328236512e-04
1.8993567022e-04 -1.1901765613e-04
3.6789604711e-04 2.0453878552e-04
3.1828188128e-04 -1.4688300301e-04
3.5040796138e-04 -1.6395832222e-04
3.1365871731e-04 1.9847618680e-04
3.0666261744e-04 -1.5926396930e-04
1.2386753405e-04 1.4799677910e-04
1.7796152785e-04 -1.2960122432e-04
7.1401321505e-05 1.2719314888e-04
1.7336148346e-04 -1.2182934986e-04
2.8120667037e-04 1.8301739958e-04
3.0113576641e-04 -1.5009919771e-04
3.5078588062e-04 2.1094220874e-04
3.3928679636e-04 -1.6854366368e-04
3.0229579397e-04 -1.6378532379e-04
3.0188620409e-04 2.0740089263e-04
1.7803880331e-04 -1.3596675918e-04
1.2298625633e-04 1.5911454511e-04
1.5913584033e-04 -1.2869563809e-04
5.2569431852e-05 1.3166073990e-04
2.8868718542e-04 -1.5906705566e-04
2.6326661169e-04 1.8852669684e-04
3.2561415036e-04 -1.7520214236e-04
3.3390513071e-04 2.1996828947e-04
2.8859800148e-04 -1.7236819183e-04
2.9479450046e-04 2.1758656307e-04
1.7260314001e-04 -1.4549799728e-04
1.4258155431e-04 -1.3328943823e-04
1.2360000671e-04 1.7022843140e-04
2.7051318399e-04 -1.6259127131e-04
2.7617006360e-05 1.4037448381e-04
3.1108077608e-04 -1.8002595609e-04
2.3763513271e-04 2.0319204864e-04
2.8152379195e-04 -1.7645279473e-04
3.1382076832e-04 2.3081935640e-04
1.7117678708e-04 -1.5130752211e-04
2.7260362174e-04 2.2409409330e-04
1.2773443605e-04 -1.3919608329e-04
2.5660086287e-04 -1.7004276395e-04
1.1279485450e-04 1.7867272013e-04
2.9573192043e-04 -1.8660940274e-04
8.7427234721e-06 1.4346710302e-04
2.6704355627e-04 -1.8518987101e-04
2.1805346416e-04 2.0235286801e-04
1.6367712234e-04 -1.6164585064e-04
2.9295150609e-04 2.3442269710e-04
1.1077181072e-04 -1.4435931497e-04
2.5941228156e-04 2.3648025616e-04
2.3851097366e-04 -1.7302484231e-04
2.7705760364e-04 -1.9293917992e-04
1.0886244497e-04 1.9404513770e-04
2.5487588895e-04 -1.9418767595e-04
-1.6123331669e-05 1.4976914289e-04
1.5729147923e-04 -1.7235733855e-04
1.9019373574e-04 2.0915178383e-04
9.0201807060e-05 -1.5477740516e-04
2.6659116392e-04 2.4351653119e-04
2.1766940810e-04 -1.8659538680e-04
2.4298012537e-04 2.4838274862e-04
2.5634470894e-04 -2.0456628583e-04
2.3674847518e-04 -2.0457764281e-04
1.0228382887e-04 2.1017010189e-04
1.4566236603e-04 -1.8607430645e-04
-4.0716376288e-05 1.6487701481e-04
7.2385469058e-05 -1.7020005207e-04
1.6815230090e-04 2.2882379907e-04
2.0543358944e-04 -2.0263257132e-04
2.3691202353e-04 2.6385499617e-04
2.3432310279e-04 -2.2239538113e-04
2.1255647073e-04 -2.3040704155e-04
2.1616985076e-04 2.7209080921e-04
1.2775077561e-04 -2.1394747415e-04
8.5718746149e-05 2.3872075152e-04
3.7779874851e-05 -1.8954040675e-04
-7.6582848298e-05 1.9033876435e-04
1.5739173560e-04 -2.1992754820e-04
1.2687262934e-04 2.5659285935e-04
1.9776050078e-04 -2.3799588119e-04
1.9120607262e-04 2.9051974999e-04
1.8887059371e-04 -2.4344438008e-04
1.0996250999e-04 -2.2979751890e-04
1.7227340977e-04 3.0072947565e-04
1.3076770758e-05 -2.0953494402e-04
5.3495634412e-05 2.7098101802e-04
1.4959853072e-04 -2.4187522206e-04
-1.2243035734e-04 2.1710278021e-04
1.6909103325e-04 -2.6420789671e-04
6.2276949991e-05 2.8249732392e-04
1.5905695405e-04 -2.8105089855e-04
1.2194122019e-04 3.2080867860e-04
8.9011763081e-05 -2.7290426000e-04
-4.1487817818e-05 -2.4660708813e-04
1.2605525392e-04 3.1872690229e-04
6.3566459351e-05 -2.8656158638e-04
1.8171044191e-05 2.9533305110e-04
9.5042171205e-05 -3.0959756828e-04
-1.9265461682e-04 2.7635988918e-04
1.0815625039e-04 -3.0200351344e-04
5.7612038887e-05 3.5138986754e-04
4.1867853879e-05 -2.9235355653e-04
-1.0531804500e-04 -3.0111172653e-04
5.7924536601e-05 4.0191345256e-04
7.0168448381e-05 -3.5148431712e-04
4.7327316029e-05 4.7567486434e-04
4.4580773419e-05 -3.9231023156e-04
-3.4788834571e-05 5.0994042416e-04
9.1343785018e-05 -4.4922178026e-04
-3.2991599813e-04 4.6858526124e-04
4.7599411276e-05 -4.8611360184e-04
-2.8126642515e-04 -4.8728154295e-04
-5.7132609203e-05 5.1937795991e-04
3.4344380505e-05 -5.6364584217e-04
-2.9287291920e-04 3.4993782557e-04
-2.1732020604e-04 -3.7170648579e-04
-1.3664056102e-03 -1.5004082033e-04
-1.3409605319e-03 2.2561273084e-04
-1.8022672239e-03 -4.1951000486e-04
-1.7863460805e-03 5.0227091132e-04
-7.8035887125e-04 9.7131312319e-05
-8.2618238212e-04 -1.7447040374e-04
