4.7448428431e-06 2.1593852534e-08
2.9189071883e-01 -1.5478957100e-05
5.7732825525e-01 -6.3765977368e-05
8.5634362425e-01 -1.4664350713e-04
1.1290336768e+00 -2.7399123186e-04
1.3954126687e+00 -4.4451908054e-04
1.6555419370e+00 -6.6076943447e-04
1.9094364250e+00 -9.3087976379e-04
2.1571686110e+00 -1.2569963028e-03
2.3987753113e+00 -1.6419957593e-03
2.6342786221e+00 -2.0883494255e-03
2.8637371177e+00 -2.5993427770e-03
3.0871586744e+00 -3.1782342312e-03
3.3046139894e+00 -3.8236887881e-03
3.5161112793e+00 -4.5416101948e-03
3.7217053384e+00 -5.3352495980e-03
3.9214056546e+00 -6.2021573647e-03
4.1152577257e+00 -7.1453987462e-03
4.3032862803e+00 -8.1642387265e-03
4.4855170215e+00 -9.2624691480e-03
4.6619876112e+00 -1.0439001131e-02
4.8327062579e+00 -1.1692177016e-02
4.9977155928e+00 -1.3020836199e-02
5.1570197486e+00 -1.4428026659e-02
5.3106523646e+00 -1.5909850239e-02
5.4586359741e+00 -1.7466244091e-02
5.6009924570e+00 -1.9095863158e-02
5.7377303564e+00 -2.0797687020e-02
5.8688605642e+00 -2.2566554652e-02
5.9944238361e+00 -2.4399729592e-02
6.1144198635e+00 -2.6296366575e-02
6.2288644249e+00 -2.8255374793e-02
6.3377276334e+00 -3.0268292342e-02
6.4410852095e+00 -3.2333388709e-02
6.5389033133e+00 -3.4447580975e-02
6.6312190481e+00 -3.6610496485e-02
6.7180085220e+00 -3.8812475752e-02
6.7992893934e+00 -4.1048006551e-02
6.8750700927e+00 -4.3313165892e-02
6.9453396068e+00 -4.5605510788e-02
7.0100952608e+00 -4.7917327134e-02
7.0693706456e+00 -5.0241441845e-02
7.1230907165e+00 -5.2574092263e-02
7.1713045901e+00 -5.4912961517e-02
7.2139966524e+00 -5.7249419458e-02
7.2511639497e+00 -5.9574125534e-02
7.2827719589e+00 -6.1882383323e-02
7.3088215504e+00 -6.4171013214e-02
7.3293069374e+00 -6.6428669416e-02
7.3442329026e+00 -6.8649041220e-02
7.3535106107e+00 -7.0828746371e-02
7.3571765019e+00 -7.2963915281e-02
7.3552050581e+00 -7.5038362924e-02
7.3475428352e+00 -7.7049497819e-02
7.3342050856e+00 -7.8994850372e-02
7.3151477875e+00 -8.0861816379e-02
7.2903377976e+00 -8.2644776701e-02
7.2597457516e+00 -8.4330875070e-02
7.2233481776e+00 -8.5926350217e-02
7.1810714152e+00 -8.7422438868e-02
7.1328872691e+00 -8.8797098861e-02
7.0788331171e+00 -9.0054468597e-02
7.0188589830e+00 -9.1190204479e-02
6.9528181263e+00 -9.2196106990e-02
6.8807336541e+00 -9.3070621795e-02
6.8025623838e+00 -9.3791495455e-02
6.7182416111e+00 -9.4358487944e-02
6.6277188005e+00 -9.4777335465e-02
6.5309227999e+00 -9.5031124438e-02
6.4278277877e+00 -9.5116004132e-02
6.3183706831e+00 -9.5028045838e-02
6.2024888294e+00 -9.4759689545e-02
6.0801009982e+00 -9.4310822719e-02
5.9511718622e+00 -9.3670731650e-02
5.8155959290e+00 -9.2835751277e-02
5.6733311111e+00 -9.1808744998e-02
5.5242915024e+00 -9.0579054742e-02
5.3684285224e+00 -8.9141814464e-02
5.2056189481e+00 -8.7498007351e-02
5.0357883521e+00 -8.5634345176e-02
4.8589387843e+00 -8.3547918876e-02
4.6748088766e+00 -8.1252447628e-02
4.4834783506e+00 -7.8744474165e-02
4.2848014380e+00 -7.6002255849e-02
4.0786457215e+00 -7.3033786972e-02
3.8649165222e+00 -6.9838279908e-02
3.6435851744e+00 -6.6412191256e-02
3.4144891739e+00 -6.2753046371e-02
3.1775006164e+00 -5.8862104228e-02
2.9325427590e+00 -5.4737755189e-02
2.6794797949e+00 -5.0378416482e-02
2.4182051539e+00 -4.5780338276e-02
2.1485799914e+00 -4.0946620267e-02
1.8704832690e+00 -3.5871136992e-02
1.5837979596e+00 -3.0556581093e-02
1.2883567996e+00 -2.5002609287e-02
9.8402038166e-01 -1.9205732808e-02
6.7062452718e-01 -1.3156785146e-02
3.4805414378e-01 -6.8600733489e-03
1.6699475110e-02 -3.3099827604e-04
