-1.2067505491e-05 1.3259940804e-06
-4.6360181210e-06 1.2188850300e-06
3.0749845270e-01 -1.5085341150e-04
3.2125704360e-01 -1.4380249184e-04
6.0805971721e-01 -6.0771232557e-04
6.3519520347e-01 -5.6955294627e-04
9.0165426617e-01 -1.3469815746e-03
9.4180984357e-01 -1.2760324783e-03
1.1883998087e+00 -2.3758262933e-03
1.2411058133e+00 -2.2517980614e-03
1.4683600466e+00 -3.6905540779e-03
1.5331369531e+00 -3.4676529369e-03
1.7415681227e+00 -5.2678647273e-03
1.8179079044e+00 -4.9229022486e-03
2.0080451842e+00 -7.0896783754e-03
2.0954057259e+00 -6.6324467360e-03
2.2679237604e+00 -9.1507105332e-03
2.3657168895e+00 -8.5540045729e-03
2.5212259553e+00 -1.1443429875e-02
2.6288555856e+00 -1.0674947901e-02
2.7679626025e+00 -1.3953939918e-02
2.8848245176e+00 -1.2995294705e-02
3.0082070395e+00 -1.6666421812e-02
3.1336467637e+00 -1.5502199574e-02
3.2420500769e+00 -1.9547782121e-02
3.3753954306e+00 -1.8167731288e-02
3.4694821812e+00 -2.2606469569e-02
3.6100727156e+00 -2.0990646397e-02
3.6905219715e+00 -2.5824356951e-02
3.8376776437e+00 -2.3969194339e-02
3.9052842039e+00 -2.9175867205e-02
4.0582761230e+00 -2.7064181401e-02
4.1137766548e+00 -3.2641316797e-02
4.2719369647e+00 -3.0265789775e-02
4.3159993101e+00 -3.6216870082e-02
4.4786396049e+00 -3.3575667273e-02
4.5120042273e+00 -3.9879221134e-02
4.6783929638e+00 -3.6984791832e-02
4.7018796712e+00 -4.3604661609e-02
4.8712941259e+00 -4.0454305655e-02
4.8856010133e+00 -4.7380629797e-02
5.0573619102e+00 -4.3977346201e-02
5.0631760831e+00 -5.1204753244e-02
5.2346924748e+00 -5.5042416785e-02
5.2365890597e+00 -4.7547505858e-02
5.4001561440e+00 -5.8876089084e-02
5.4090212863e+00 -5.1162487059e-02
5.5595536045e+00 -6.2697208429e-02
5.5747467855e+00 -5.4784758786e-02
5.7129208989e+00 -6.6500735526e-02
5.7337658827e+00 -5.8414086312e-02
5.8603115512e+00 -7.0248812360e-02
5.8860793199e+00 -6.2044277841e-02
6.0017231602e+00 -7.3937685061e-02
6.0317685819e+00 -6.5646290696e-02
6.1371569093e+00 -7.7569349704e-02
6.1708554422e+00 -6.9211802143e-02
6.2666402817e+00 -8.1105119124e-02
6.3033396162e+00 -7.2741686786e-02
6.3901957665e+00 -8.4538831225e-02
6.4292699991e+00 -7.6213022464e-02
6.5078224557e+00 -8.7870130037e-02
6.5487258568e+00 -7.9614897997e-02
6.6195051951e+00 -9.1089956603e-02
6.6616922272e+00 -8.2934989514e-02
6.7252824649e+00 -9.4158354214e-02
6.7681733454e+00 -8.6170781439e-02
6.8251662377e+00 -9.7080139041e-02
6.8682569428e+00 -8.9302465427e-02
6.9191437366e+00 -9.9863633860e-02
6.9619678822e+00 -9.2324099168e-02
7.0072128741e+00 -1.0248422019e-01
7.0492900716e+00 -9.5217839896e-02
7.0893894065e+00 -1.0492004768e-01
7.1302766532e+00 -9.7987736313e-02
7.1656646443e+00 -1.0717322813e-01
7.2049937729e+00 -1.0061711975e-01
7.2360387119e+00 -1.0925599356e-01
7.2734368110e+00 -1.0309998779e-01
7.3005130048e+00 -1.1114158093e-01
7.3355980674e+00 -1.0541964804e-01
7.3590713736e+00 -1.1282535978e-01
7.3915686542e+00 -1.0758467837e-01
7.4117138185e+00 -1.1430733011e-01
7.4413498088e+00 -1.0956986667e-01
7.4584611020e+00 -1.1558632859e-01
7.4849376739e+00 -1.1138075619e-01
7.4992678836e+00 -1.1665750735e-01
7.5223624577e+00 -1.1300805616e-01
7.5341364423e+00 -1.1751797345e-01
7.5536982714e+00 -1.1445029116e-01
7.5630689575e+00 -1.1817183332e-01
7.5789217228e+00 -1.1569172149e-01
7.5860454249e+00 -1.1860653270e-01
7.5980321355e+00 -1.1673158049e-01
7.6030435398e+00 -1.1881739891e-01
7.6110731746e+00 -1.1756484597e-01
7.6140740065e+00 -1.1882151650e-01
7.6180967929e+00 -1.1820135425e-01
7.6191046519e+00 -1.1862106155e-01
