2.7764616424e+02
2.7763962808e+02
2.7763309192e+02
2.7762810706e+02
2.7762322167e+02
2.7761651824e+02
2.7761054541e+02
2.7760164199e+02
2.7759409371e+02
2.7758568256e+02
2.7757757446e+02
2.7756904842e+02
2.7755718741e+02
2.7754643952e+02
2.7753322199e+02
2.7751993091e+02
2.7750527728e+02
2.7748961330e+02
2.7747392636e+02
2.7745470594e+02
2.7743480564e+02
2.7741504250e+02
2.7739281492e+02
2.7736985123e+02
2.7734452091e+02
2.7731780256e+02
2.7728953172e+02
2.7725987483e+02
2.7722831599e+02
2.7719455516e+02
2.7715901133e+02
2.7712280865e+02
2.7708353823e+02
2.7704365630e+02
2.7700164262e+02
2.7695879678e+02
2.7691263615e+02
2.7686597516e+02
2.7681602191e+02
2.7676545316e+02
2.7671140940e+02
2.7665509705e+02
2.7660169675e+02
2.7654964472e+02
2.7648935467e+02
2.7642579408e+02
2.7636720413e+02
2.7630765259e+02
2.7624076201e+02
2.7617910586e+02
2.7611535277e+02
2.7604963939e+02
2.7598210861e+02
2.7590835629e+02
2.7583767187e+02
2.7577019818e+02
2.7569953388e+02
2.7562955309e+02
2.7555989641e+02
2.7548974149e+02
2.7542055135e+02
2.7535043894e+02
2.7528048048e+02
2.7521329309e+02
2.7514566205e+02
2.7507927826e+02
2.7501350619e+02
2.7494849496e+02
2.7488665499e+02
2.7482572643e+02
2.7476589974e+02
2.7471041952e+02
2.7465430447e+02
2.7460096124e+02
2.7455062040e+02
2.7450162536e+02
2.7445623514e+02
2.7441263475e+02
2.7437381781e+02
2.7433728098e+02
2.7430251703e+02
2.7427318684e+02
2.7424544672e+02
2.7422030307e+02
2.7420182019e+02
2.7418438804e+02
2.7416944213e+02
2.7415984079e+02
2.7415274508e+02
2.7414947329e+02
2.7414622181e+02
2.7414948383e+02
2.7415441166e+02
2.7416199261e+02
2.7417152617e+02
2.7418240048e+02
2.7419542647e+02
2.7420954798e+02
2.7422552708e+02
2.7423734555e+02
