2.8397931750e+02
2.8397480540e+02
2.8397029329e+02
2.8396406390e+02
2.8395802096e+02
2.8395166284e+02
2.8394497271e+02
2.8393762490e+02
2.8392926877e+02
2.8392021783e+02
2.8391129436e+02
2.8390069132e+02
2.8388936629e+02
2.8387784948e+02
2.8386437807e+02
2.8385070014e+02
2.8383597953e+02
2.8381942665e+02
2.8380258496e+02
2.8378370190e+02
2.8376391061e+02
2.8374282663e+02
2.8371995170e+02
2.8369570382e+02
2.8367027378e+02
2.8364294292e+02
2.8361479785e+02
2.8358428974e+02
2.8355273581e+02
2.8352016956e+02
2.8348475405e+02
2.8344811067e+02
2.8340800182e+02
2.8336626733e+02
2.8332243030e+02
2.8327855473e+02
2.8323212891e+02
2.8318439163e+02
2.8313368178e+02
2.8308230523e+02
2.8302998108e+02
2.8297464220e+02
2.8291899441e+02
2.8286176820e+02
2.8280155989e+02
2.8273618775e+02
2.8267476927e+02
2.8261451785e+02
2.8255151165e+02
2.8248359989e+02
2.8241715801e+02
2.8235101270e+02
2.8228185268e+02
2.8221335156e+02
2.8214404173e+02
2.8207342730e+02
2.8200279625e+02
2.8193171317e+02
2.8186123913e+02
2.8179019721e+02
2.8172022740e+02
2.8164990831e+02
2.8158144489e+02
2.8151280554e+02
2.8144415599e+02
2.8137603385e+02
2.8131037138e+02
2.8123977313e+02
2.8117333462e+02
2.8111096642e+02
2.8105507386e+02
2.8099992256e+02
2.8094985019e+02
2.8089101428e+02
2.8084369272e+02
2.8079447086e+02
2.8074643295e+02
2.8070480854e+02
2.8066557905e+02
2.8063123214e+02
2.8059376265e+02
2.8056192980e+02
2.8053528325e+02
2.8051028274e+02
2.8048913511e+02
2.8047060104e+02
2.8045521833e+02
2.8044543475e+02
2.8043798235e+02
2.8043240426e+02
2.8043063889e+02
2.8043210732e+02
2.8043582203e+02
2.8044064485e+02
2.8044963927e+02
2.8045963253e+02
2.8046958919e+02
2.8048308157e+02
2.8048987498e+02
2.8051075871e+02
