1.3465164980e+02
1.3497765607e+02
1.3530413743e+02
1.3563521673e+02
1.3593377516e+02
1.3623233359e+02
1.3651355638e+02
1.3677757028e+02
1.3704118651e+02
1.3727637006e+02
1.3751489369e+02
1.3772958018e+02
1.3792660478e+02
1.3813080817e+02
1.3829491656e+02
1.3845768141e+02
1.3860895215e+02
1.3874610547e+02
1.3888325878e+02
1.3899398078e+02
1.3909459516e+02
1.3919238938e+02
1.3926045803e+02
1.3932602574e+02
1.3937504845e+02
1.3940882863e+02
1.3944260881e+02
1.3944764047e+02
1.3945262551e+02
1.3945730920e+02
1.3943673669e+02
1.3940605164e+02
1.3936578291e+02
1.3931426104e+02
1.3925091301e+02
1.3916762428e+02
1.3908332255e+02
1.3899555575e+02
1.3888872185e+02
1.3878121996e+02
1.3866283239e+02
1.3852573165e+02
1.3837855763e+02
1.3822834807e+02
1.3807170666e+02
1.3790301554e+02
1.3773411013e+02
1.3756166309e+02
1.3736129498e+02
1.3716340878e+02
1.3696641064e+02
1.3674900163e+02
1.3652805917e+02
1.3631271962e+02
1.3609733599e+02
1.3585466494e+02
1.3561764784e+02
1.3538509000e+02
1.3512740343e+02
1.3487115582e+02
1.3462515870e+02
1.3438168019e+02
1.3411645860e+02
1.3385069144e+02
1.3358967172e+02
1.3332589947e+02
1.3305545029e+02
1.3280859544e+02
1.3252560768e+02
1.3226309464e+02
1.3200675006e+02
1.3173839992e+02
1.3147751163e+02
1.3121697589e+02
1.3098382900e+02
1.3072517503e+02
1.3047402392e+02
1.3024258759e+02
1.3000883688e+02
1.2978419672e+02
1.2956055494e+02
1.2936915686e+02
1.2917118748e+02
1.2896056318e+02
1.2881513368e+02
1.2865484268e+02
1.2850332769e+02
1.2837929288e+02
1.2828343643e+02
1.2819708037e+02
1.2809834320e+02
1.2811560044e+02
1.2808932085e+02
1.2811359235e+02
1.2820538248e+02
1.2828348076e+02
1.2850685063e+02
1.2871299417e+02
1.2911813592e+02
1.2973305124e+02
