5.7786095906e-08 6.3791107895e-07
2.6406501708e-01 -7.6701974419e-04
5.2208075960e-01 -3.0308031468e-03
7.7396915125e-01 -6.7130602361e-03
1.0196884106e+00 -1.1772769896e-02
1.2591984493e+00 -1.8127362992e-02
1.4924675557e+00 -2.5730747548e-02
1.7194595913e+00 -3.4507479062e-02
1.9401504746e+00 -4.4402901088e-02
2.1545305628e+00 -5.5358734128e-02
2.3625684790e+00 -6.7306810916e-02
2.5642687828e+00 -8.0200734546e-02
2.7596239596e+00 -9.3967640058e-02
2.9486260500e+00 -1.0856239226e-01
3.1312876005e+00 -1.2392523639e-01
3.3075980354e+00 -1.3999276611e-01
3.4775726055e+00 -1.5672397544e-01
3.6412294584e+00 -1.7405523545e-01
3.7985649234e+00 -1.9193567762e-01
3.9496154147e+00 -2.1031943342e-01
4.0943782704e+00 -2.2914408092e-01
4.2328797829e+00 -2.4836827287e-01
4.3651386475e+00 -2.6794112185e-01
4.4911855427e+00 -2.8781117547e-01
4.6110392734e+00 -3.0793699544e-01
4.7247210764e+00 -3.2826591152e-01
4.8322545791e+00 -3.4875063709e-01
4.9336787063e+00 -3.6935346884e-01
5.0290204157e+00 -3.9002487502e-01
5.1182935826e+00 -4.1071982541e-01
5.2015405735e+00 -4.3140081347e-01
5.2787884362e+00 -4.5202006185e-01
5.3500615732e+00 -4.7253544527e-01
5.4154053501e+00 -4.9291200974e-01
5.4748338596e+00 -5.1310094521e-01
5.5284093939e+00 -5.3306735946e-01
5.5761300442e+00 -5.5277066101e-01
5.6180502964e+00 -5.7216824295e-01
5.6541989209e+00 -5.9122492638e-01
5.6846155913e+00 -6.0990210768e-01
5.7093255901e+00 -6.2815977142e-01
5.7283783988e+00 -6.4595965425e-01
5.7417929401e+00 -6.6326735220e-01
5.7496255650e+00 -6.8004450336e-01
5.7519051343e+00 -6.9624870623e-01
5.7486814140e+00 -7.1185291757e-01
5.7399788599e+00 -7.2681784008e-01
5.7258548066e+00 -7.4110136295e-01
5.7063398386e+00 -7.5467578706e-01
5.6814717266e+00 -7.6749371043e-01
5.6513225535e+00 -7.7953396325e-01
5.6159080374e+00 -7.9075099306e-01
5.5752973119e+00 -8.0111595783e-01
5.5295363058e+00 -8.1059070619e-01
5.4786687512e+00 -8.1913597897e-01
5.4227659380e+00 -8.2672883760e-01
5.3618573120e+00 -8.3332606860e-01
5.2960329738e+00 -8.3889511109e-01
5.2253415216e+00 -8.4340644411e-01
5.1498273668e+00 -8.4682128760e-01
5.0695853942e+00 -8.4911361711e-01
4.9846799969e+00 -8.5024718238e-01
4.8951828107e+00 -8.5018907643e-01
4.8011767955e+00 -8.4891138084e-01
4.7027475396e+00 -8.4638655754e-01
4.5999886175e+00 -8.4257853338e-01
4.4929667548e+00 -8.3746174322e-01
4.3818092591e+00 -8.3101149652e-01
4.2666222262e+00 -8.2320420900e-01
4.1475059566e+00 -8.1400783877e-01
4.0245798607e+00 -8.0340429407e-01
3.8979781619e+00 -7.9137081392e-01
3.7678415226e+00 -7.7789939529e-01
3.6343108942e+00 -7.6295905808e-01
3.4975256058e+00 -7.4654259117e-01
3.3576710574e+00 -7.2863855704e-01
3.2149359395e+00 -7.0925394591e-01
3.0694884336e+00 -6.8836884801e-01
2.9215411760e+00 -6.6599302441e-01
2.7713249631e+00 -6.4212710497e-01
2.6190795099e+00 -6.1678852557e-01
2.4650664231e+00 -5.9001011893e-01
2.3095621893e+00 -5.6181291744e-01
2.1528823341e+00 -5.3222705333e-01
1.9953606036e+00 -5.0129700181e-01
1.8373932788e+00 -4.6910322139e-01
1.6793613780e+00 -4.3572318514e-01
1.5217171385e+00 -4.0122496579e-01
1.3649897420e+00 -3.6572941073e-01
1.2097715359e+00 -3.2937029920e-01
1.0566779558e+00 -2.9235645679e-01
9.0648672661e-01 -2.5487902176e-01
7.6006973257e-01 -2.1717392444e-01
6.1848637242e-01 -1.7956918650e-01
4.8315064727e-01 -1.4250838733e-01
3.5560938634e-01 -1.0654444872e-01
2.3814427850e-01 -7.2468199305e-02
1.3404779047e-01 -4.1390540552e-02
4.9313008453e-02 -1.4830464188e-02
-8.8105944170e-06 2.8410658056e-06
