9.2513291933e-02 -7.5961923868e-03
9.3198046893e-02 -8.0579421230e-03
9.3881321638e-02 -8.5172376116e-03
9.4558842986e-02 -8.9668765897e-03
9.5241364753e-02 -9.4012267579e-03
9.5915366324e-02 -9.8125926868e-03
9.6568421026e-02 -1.0196821715e-02
9.7211705769e-02 -1.0561019695e-02
9.7845189987e-02 -1.0905178631e-02
9.8468842953e-02 -1.1229290364e-02
9.9083906949e-02 -1.1533948530e-02
9.9684601351e-02 -1.1821135440e-02
1.0026443085e-01 -1.2089541536e-02
1.0082859136e-01 -1.2341042768e-02
1.0138084440e-01 -1.2577093803e-02
1.0192115433e-01 -1.2797684106e-02
1.0245091036e-01 -1.3003923601e-02
1.0296898242e-01 -1.3200283345e-02
1.0346852693e-01 -1.3384762797e-02
1.0395515779e-01 -1.3558487712e-02
1.0443161501e-01 -1.3722473294e-02
1.0489785910e-01 -1.3876708965e-02
1.0535385027e-01 -1.4021183966e-02
1.0580352185e-01 -1.4159561129e-02
1.0624191738e-01 -1.4288437596e-02
1.0666951572e-01 -1.4411894880e-02
1.0708716743e-01 -1.4529728162e-02
1.0749568244e-01 -1.4641225310e-02
1.0789501923e-01 -1.4746376393e-02
1.0828513599e-01 -1.4845171338e-02
1.0867102586e-01 -1.4938951664e-02
1.0905097551e-01 -1.5029508345e-02
1.0942241085e-01 -1.5116014967e-02
1.0978699959e-01 -1.5197916327e-02
1.1014476239e-01 -1.5275208361e-02
1.1049611526e-01 -1.5347877971e-02
1.1084305272e-01 -1.5417420058e-02
1.1118536871e-01 -1.5484601859e-02
1.1152159586e-01 -1.5548913737e-02
1.1185235920e-01 -1.5609644745e-02
1.1217766467e-01 -1.5666783380e-02
1.1249789236e-01 -1.5720431951e-02
1.1281455578e-01 -1.5771892295e-02
1.1312768774e-01 -1.5821493587e-02
1.1343648936e-01 -1.5869045773e-02
1.1374075144e-01 -1.5913857434e-02
1.1404063791e-01 -1.5955861223e-02
1.1433642933e-01 -1.5995139110e-02
1.1462942186e-01 -1.6032688784e-02
1.1491961259e-01 -1.6068777769e-02
1.1520626707e-01 -1.6103188356e-02
1.1548925340e-01 -1.6135317452e-02
1.1576863631e-01 -1.6165126821e-02
1.1604466305e-01 -1.6192667089e-02
1.1631849930e-01 -1.6218957172e-02
1.1659022908e-01 -1.6244238428e-02
1.1685932862e-01 -1.6268088033e-02
1.1712537400e-01 -1.6289957168e-02
1.1738841990e-01 -1.6309887205e-02
1.1764882156e-01 -1.6327951771e-02
1.1790742983e-01 -1.6344976727e-02
1.1816422598e-01 -1.6361075577e-02
1.1841859848e-01 -1.6375734298e-02
1.1867045374e-01 -1.6388728026e-02
1.1891977032e-01 -1.6400061345e-02
1.1916723807e-01 -1.6410076177e-02
1.1941324029e-01 -1.6419226216e-02
1.1965766386e-01 -1.6427434875e-02
1.1990000773e-01 -1.6434220085e-02
1.2014016183e-01 -1.6439515264e-02
1.2037813843e-01 -1.6443405324e-02
1.2061473182e-01 -1.6446389558e-02
1.2085011601e-01 -1.6448541793e-02
1.2108411219e-01 -1.6449686549e-02
1.2131623988e-01 -1.6449485835e-02
1.2154641841e-01 -1.6447934432e-02
1.2177518451e-01 -1.6445361163e-02
1.2200290368e-01 -1.6442048331e-02
1.2222951451e-01 -1.6437980372e-02
1.2245469501e-01 -1.6432784483e-02
1.2267822064e-01 -1.6426323582e-02
1.2290006536e-01 -1.6418636656e-02
1.2312072271e-01 -1.6410139376e-02
1.2334035589e-01 -1.6400933480e-02
1.2355916705e-01 -1.6390972447e-02
1.2377684031e-01 -1.6379890936e-02
1.2399299873e-01 -1.6367608970e-02
1.2420773458e-01 -1.6354239432e-02
1.2442163788e-01 -1.6340259626e-02
1.2463470390e-01 -1.6325698692e-02
1.2484668599e-01 -1.6310344131e-02
1.2505732529e-01 -1.6293831280e-02
1.2526657458e-01 -1.6276152320e-02
1.2547483759e-01 -1.6257603274e-02
1.2568252808e-01 -1.6238418969e-02
1.2588959363e-01 -1.6218592599e-02
1.2609594248e-01 -1.6197913989e-02
1.2630108096e-01 -1.6176121105e-02
1.2650481963e-01 -1.6153390346e-02
1.2670774769e-01 -1.6130005127e-02
1.2691002872e-01 -1.6105957552e-02
1.2711161278e-01 -1.6081246069e-02
1.2731259216e-01 -1.6055577532e-02
1.2751250316e-01 -1.6028785226e-02
1.2771117640e-01 -1.6001400047e-02
1.2790914616e-01 -1.5973332677e-02
1.2810636209e-01 -1.5944582197e-02
1.2830277359e-01 -1.5915147693e-02
1.2849910438e-01 -1.5884678117e-02
1.2869415313e-01 -1.5853306355e-02
1.2888811264e-01 -1.5821368953e-02
1.2908146532e-01 -1.5788749578e-02
1.2927416023e-01 -1.5755447990e-02
1.2946650259e-01 -1.5721386713e-02
1.2965845631e-01 -1.5686291524e-02
1.2984898744e-01 -1.5650290281e-02
1.3003866213e-01 -1.5613719200e-02
1.3022773826e-01 -1.5576604858e-02
1.3041616397e-01 -1.5538947630e-02
1.3060435584e-01 -1.5500381266e-02
1.3079158279e-01 -1.5460798496e-02
1.3097770124e-01 -1.5420352421e-02
1.3116322903e-01 -1.5379411902e-02
1.3134840591e-01 -1.5337858919e-02
1.3153317972e-01 -1.5295694729e-02
1.3171753631e-01 -1.5252573635e-02
1.3190080071e-01 -1.5208449880e-02
1.3208307176e-01 -1.5163789374e-02
1.3226485006e-01 -1.5118523755e-02
1.3244608336e-01 -1.5072654808e-02
1.3262671915e-01 -1.5026184336e-02
1.3280724045e-01 -1.4978610319e-02
1.3298654535e-01 -1.4930304410e-02
1.3316506157e-01 -1.4881497763e-02
1.3334306225e-01 -1.4832031013e-02
1.3352049479e-01 -1.4781906697e-02
1.3369730634e-01 -1.4731127371e-02
1.3387394150e-01 -1.4679255867e-02
1.3404934888e-01 -1.4626889732e-02
1.3422420766e-01 -1.4573832473e-02
1.3439846511e-01 -1.4520087316e-02
1.3457206823e-01 -1.4465657508e-02
1.3474538495e-01 -1.4410403587e-02
1.3491766238e-01 -1.4354472750e-02
1.3508933875e-01 -1.4297887797e-02
1.3526044707e-01 -1.4240627345e-02
1.3543093412e-01 -1.4182695390e-02
1.3560074636e-01 -1.4124095950e-02
1.3577003175e-01 -1.4064716262e-02
1.3593864538e-01 -1.4004664119e-02
1.3610665445e-01 -1.3943870204e-02
1.3627396892e-01 -1.3882356711e-02
1.3644052891e-01 -1.3820132984e-02
1.3660651007e-01 -1.3757144317e-02
1.3677165562e-01 -1.3693592254e-02
1.3693622803e-01 -1.3629332752e-02
1.3710017282e-01 -1.3564371675e-02
1.3726343520e-01 -1.3498714918e-02
1.3742596009e-01 -1.3432368406e-02
1.3758826885e-01 -1.3365147328e-02
1.3774965043e-01 -1.3297437144e-02
1.3791028887e-01 -1.3229019279e-02
1.3807012923e-01 -1.3159900529e-02
1.3822911628e-01 -1.3090087727e-02
1.3838729359e-01 -1.3019536062e-02
1.3854550808e-01 -1.2948138584e-02
1.3870271162e-01 -1.2876291561e-02
1.3885911589e-01 -1.2803723368e-02
1.3901466613e-01 -1.2730441546e-02
1.3916930725e-01 -1.2656453664e-02
1.3932380481e-01 -1.2581475899e-02
1.3947761110e-01 -1.2506246163e-02
1.3963046499e-01 -1.2430324606e-02
1.3978236604e-01 -1.2353612420e-02
1.3993325910e-01 -1.2276118143e-02
1.4008328886e-01 -1.2197750720e-02
1.4023341639e-01 -1.2118520805e-02
1.4038271076e-01 -1.2039123904e-02
1.4053100868e-01 -1.1959012224e-02
1.4067828918e-01 -1.1878150808e-02
1.4082449724e-01 -1.1796549062e-02
1.4097021027e-01 -1.1713929576e-02
1.4111565304e-01 -1.1630797912e-02
1.4126019141e-01 -1.1547320733e-02
1.4140369338e-01 -1.1463077261e-02
1.4154610423e-01 -1.1378077807e-02
1.4168743590e-01 -1.1292272691e-02
1.4182848006e-01 -1.1205558979e-02
1.4196910697e-01 -1.1118442083e-02
1.4210864466e-01 -1.1030779646e-02
1.4224702336e-01 -1.0942352743e-02
1.4238418837e-01 -1.0853172625e-02
1.4252045353e-01 -1.0763074082e-02
1.4265643476e-01 -1.0672360222e-02
1.4279179277e-01 -1.0581214422e-02
1.4292592843e-01 -1.0489361776e-02
1.4305879592e-01 -1.0396724265e-02
1.4319055388e-01 -1.0303280353e-02
1.4332197117e-01 -1.0209158858e-02
1.4345293791e-01 -1.0114495288e-02
1.4358295872e-01 -1.0019303411e-02
1.4371162512e-01 -9.9233163971e-03
1.4383889003e-01 -9.8265344264e-03
1.4396513102e-01 -9.7289592922e-03
1.4409077280e-01 -9.6309173539e-03
1.4421586508e-01 -9.5324241817e-03
1.4434001396e-01 -9.4332278009e-03
1.4446262972e-01 -9.3331910954e-03
1.4458382008e-01 -9.2324152924e-03
1.4470438281e-01 -9.1310717746e-03
1.4482430529e-01 -9.0290518135e-03
1.4494353246e-01 -8.9263676673e-03
1.4506155273e-01 -8.8226662036e-03
1.4517798867e-01 -8.7182742814e-03
1.4529335022e-01 -8.6135413114e-03
1.4540787775e-01 -8.5081548047e-03
1.4552151811e-01 -8.4021310162e-03
1.4563421780e-01 -8.2954862616e-03
1.4574612787e-01 -8.1875387240e-03
1.4585617672e-01 -8.0795507572e-03
1.4596530741e-01 -7.9708767906e-03
1.4607347077e-01 -7.8615295694e-03
1.4618061417e-01 -7.7515262671e-03
1.4628668462e-01 -7.6408841207e-03
1.4639165035e-01 -7.5293278683e-03
1.4649541720e-01 -7.4174682429e-03
1.4659806210e-01 -7.3048756510e-03
1.4669953353e-01 -7.1915681715e-03
1.4679976312e-01 -7.0775830147e-03
1.4689864887e-01 -6.9630032551e-03
1.4699676287e-01 -6.8478355873e-03
1.4709360533e-01 -6.7320974471e-03
1.4718915669e-01 -6.6156504337e-03
1.4728336498e-01 -6.4985148228e-03
1.4737617779e-01 -6.3807109642e-03
1.4746788029e-01 -6.2619544986e-03
1.4755894492e-01 -6.1428066317e-03
1.4764853145e-01 -6.0232268737e-03
1.4773663486e-01 -5.9030209225e-03
1.4782320415e-01 -5.7822100818e-03
1.4790818791e-01 -5.6608157338e-03
1.4799233753e-01 -5.5380993763e-03
1.4807575463e-01 -5.4151404440e-03
1.4815761550e-01 -5.2918603169e-03
1.4823782571e-01 -5.1679491937e-03
1.4831633538e-01 -5.0434292878e-03
1.4839321406e-01 -4.9180700335e-03
1.4846928532e-01 -4.7918978837e-03
1.4854469043e-01 -4.6653720495e-03
1.4861871965e-01 -4.5384852218e-03
1.4869094866e-01 -4.4109842013e-03
1.4876132930e-01 -4.2828922399e-03
1.4883000439e-01 -4.1539803246e-03
1.4889790461e-01 -4.0244313069e-03
1.4896504668e-01 -3.8943722477e-03
1.4903050538e-01 -3.7637801788e-03
1.4909385588e-01 -3.6325884559e-03
1.4915533245e-01 -3.5008283681e-03
1.4921593725e-01 -3.3685425153e-03
1.4927557970e-01 -3.2357517253e-03
1.4933418923e-01 -3.1024593284e-03
1.4939069829e-01 -2.9682461599e-03
1.4944493640e-01 -2.8334501881e-03
1.4949840345e-01 -2.6983651183e-03
1.4955045298e-01 -2.5627399748e-03
1.4960104036e-01 -2.4266014235e-03
1.4965021124e-01 -2.2897946278e-03
1.4969765037e-01 -2.1517838515e-03
1.4974332398e-01 -2.0140835048e-03
1.4978757425e-01 -1.8758327140e-03
1.4983035836e-01 -1.7370590913e-03
1.4987163302e-01 -1.5977903556e-03
1.4991139720e-01 -1.4577371744e-03
1.4994940205e-01 -1.3167086576e-03
1.4998616842e-01 -1.1760501337e-03
1.5002130316e-01 -1.0346999011e-03
1.5005476563e-01 -8.9268633708e-04
1.5008648415e-01 -7.5014535492e-04
1.5011651250e-01 -6.0729927646e-04
1.5014470699e-01 -4.6329442524e-04
1.5017196347e-01 -3.1944988046e-04
1.5019729630e-01 -1.7511135723e-04
1.5022066611e-01 -3.0309854300e-05
1.5024203304e-01 1.1492350606e-04
1.5026149002e-01 2.6101103666e-04
1.5028010379e-01 4.0768545527e-04
1.5029717855e-01 5.5429063714e-04
1.5031216460e-01 7.0134365886e-04
1.5032502388e-01 8.4881292391e-04
1.5033569550e-01 9.9684794571e-04
1.5034507247e-01 1.1456676137e-03
1.5035351829e-01 1.2947983631e-03
1.5035998395e-01 1.4441121872e-03
1.5036415284e-01 1.5938132146e-03
1.5036596993e-01 1.7438908474e-03
1.5036606852e-01 1.8945407265e-03
1.5036516748e-01 2.0456449322e-03
1.5036297537e-01 2.1972421159e-03
1.5035829940e-01 2.3491879313e-03
1.5035107418e-01 2.5012606617e-03
1.5034276826e-01 2.6531252023e-03
1.5033274355e-01 2.8057530378e-03
1.5032094529e-01 2.9591240324e-03
1.5030734202e-01 3.1132034512e-03
1.5029195246e-01 3.2674188388e-03
1.5027466110e-01 3.4217403602e-03
1.5025538595e-01 3.5763618693e-03
1.5023409736e-01 3.7312466533e-03
1.5021062615e-01 3.8864355777e-03
1.5018431531e-01 4.0427585862e-03
1.5015777512e-01 4.1986941844e-03
1.5012904825e-01 4.3547456752e-03
1.5009788502e-01 4.5110049283e-03
1.5006407103e-01 4.6675809314e-03
1.5002851643e-01 4.8247112957e-03
1.4999191648e-01 4.9822051986e-03
1.4995338872e-01 5.1398383992e-03
1.4991209130e-01 5.2976907604e-03
1.4986813693e-01 5.4556880244e-03
1.4982262615e-01 5.6138850689e-03
1.4977577954e-01 5.7723509908e-03
1.4972756540e-01 5.9310539831e-03
1.4967659798e-01 6.0904042227e-03
1.4962261325e-01 6.2498448681e-03
1.4956718509e-01 6.4089648694e-03
1.4950991715e-01 6.5684007685e-03
1.4945077538e-01 6.7281211807e-03
1.4938973972e-01 6.8880869167e-03
1.4932579828e-01 7.0488780852e-03
1.4926008622e-01 7.2090907657e-03
1.4919240006e-01 7.3694187369e-03
1.4912253626e-01 7.5299700789e-03
1.4905047798e-01 7.6907056615e-03
1.4897624432e-01 7.8515461109e-03
1.4889979779e-01 8.0125482738e-03
1.4882143052e-01 8.1735471595e-03
1.4874078982e-01 8.3346266486e-03
1.4865786343e-01 8.4957447351e-03
1.4857263845e-01 8.6568592027e-03
1.4848510146e-01 8.8179276248e-03
1.4839507153e-01 8.9799780950e-03
1.4830356712e-01 9.1413579256e-03
1.4820965718e-01 9.3026842831e-03
1.4811333218e-01 9.4639149309e-03
1.4801458204e-01 9.6250074138e-03
1.4791270980e-01 9.7865035177e-03
1.4780905116e-01 9.9484319804e-03
1.4770417573e-01 1.0109770541e-02
1.4759650203e-01 1.0270944568e-02
1.4748602392e-01 1.0431912070e-02
1.4737258947e-01 1.0592708435e-02
1.4725679327e-01 1.0753752919e-02
1.4713949576e-01 1.0914986083e-02
1.4702039299e-01 1.1076195135e-02
1.4689817152e-01 1.1237076777e-02
1.4677269683e-01 1.1397598040e-02
1.4664528532e-01 1.1557499764e-02
1.4651576426e-01 1.1717561599e-02
1.4638404698e-01 1.1877793969e-02
1.4625009711e-01 1.2038165348e-02
1.4611268883e-01 1.2198508705e-02
1.4597285768e-01 1.2357831391e-02
1.4583104113e-01 1.2516786967e-02
1.4568675221e-01 1.2675765570e-02
1.4553999627e-01 1.2834724131e-02
1.4539077804e-01 1.2993619331e-02
1.4523796359e-01 1.3152602782e-02
1.4508377963e-01 1.3310340093e-02
1.4492678343e-01 1.3468008845e-02
1.4476699284e-01 1.3625550277e-02
1.4460458582e-01 1.3782723240e-02
1.4443939986e-01 1.3939561080e-02
1.4427132629e-01 1.4096427954e-02
1.4410120588e-01 1.4252338011e-02
1.4392813572e-01 1.4407766019e-02
1.4375213100e-01 1.4562667668e-02
1.4357320631e-01 1.4716998363e-02
1.4339067220e-01 1.4871308748e-02
1.4320605447e-01 1.5025725474e-02
1.4301970676e-01 1.5178986737e-02
1.4282997470e-01 1.5331547724e-02
1.4263687750e-01 1.5483365244e-02
1.4244022253e-01 1.5634484684e-02
1.4224052202e-01 1.5785511317e-02
1.4203906232e-01 1.5936395587e-02
1.4183544435e-01 1.6086653867e-02
1.4162815633e-01 1.6235857612e-02
1.4141712598e-01 1.6383992656e-02
1.4120309835e-01 1.6530975889e-02
1.4098643845e-01 1.6677611843e-02
1.4076699360e-01 1.6824024108e-02
1.4054479437e-01 1.6970169260e-02
1.4031793616e-01 1.7115783574e-02
1.4008787450e-01 1.7259744715e-02
1.3985616063e-01 1.7402494313e-02
1.3962099939e-01 1.7544646638e-02
1.3938242617e-01 1.7686161540e-02
1.3914047582e-01 1.7826998565e-02
1.3889577489e-01 1.7966994386e-02
1.3864716798e-01 1.8106483756e-02
1.3839568151e-01 1.8244549478e-02
1.3814056817e-01 1.8381384059e-02
1.3788187209e-01 1.8516946050e-02
1.3761963685e-01 1.8651193661e-02
1.3735332333e-01 1.8784308898e-02
1.3708271313e-01 1.8917240886e-02
1.3681020824e-01 1.9049154832e-02
1.3653402739e-01 1.9179420464e-02
1.3625364725e-01 1.9308110689e-02
1.3596911675e-01 1.9435187365e-02
1.3567996101e-01 1.9560920788e-02
1.3538762872e-01 1.9685842953e-02
1.3509256760e-01 1.9809917111e-02
1.3479409647e-01 1.9932515076e-02
1.3449075177e-01 2.0053130184e-02
1.3418254806e-01 2.0171752637e-02
1.3386993784e-01 2.0288730226e-02
1.3355410867e-01 2.0404602387e-02
1.3323517511e-01 2.0519337398e-02
1.3291225287e-01 2.0632912455e-02
1.3258365847e-01 2.0744270990e-02
1.3224953857e-01 2.0853471398e-02
1.3191184258e-01 2.0960996677e-02
1.3157140374e-01 2.1066759427e-02
1.3122630858e-01 2.1170184405e-02
1.3087553017e-01 2.1271610696e-02
1.3051957473e-01 2.1371240812e-02
1.3015851786e-01 2.1469045682e-02
1.2979295257e-01 2.1565775966e-02
1.2942290746e-01 2.1659311929e-02
1.2904779389e-01 2.1750362010e-02
1.2866769763e-01 2.1838898784e-02
1.2828252418e-01 2.1924899339e-02
1.2788930634e-01 2.2009064931e-02
1.2749298870e-01 2.2091516070e-02
1.2709197051e-01 2.2170716276e-02
1.2668487070e-01 2.2246490048e-02
1.2627178106e-01 2.2318816511e-02
1.2585180681e-01 2.2387793483e-02
1.2542622733e-01 2.2454722987e-02
1.2499577013e-01 2.2519800640e-02
1.2455923279e-01 2.2582457200e-02
1.2411482611e-01 2.2640621551e-02
1.2366355170e-01 2.2694133581e-02
1.2320876887e-01 2.2743871145e-02
1.2274656168e-01 2.2790732095e-02
1.2227704187e-01 2.2834707814e-02
1.2180032087e-01 2.2875789311e-02
1.2131550999e-01 2.2913596365e-02
1.2082525946e-01 2.2946370493e-02
1.2032610458e-01 2.2974480623e-02
1.1981918316e-01 2.2997917570e-02
1.1930462548e-01 2.3016678824e-02
1.1878256156e-01 2.3030761467e-02
1.1824970021e-01 2.3040331173e-02
1.1770927886e-01 2.3046466580e-02
1.1716170370e-01 2.3046595790e-02
1.1660473527e-01 2.3040159860e-02
1.1603851101e-01 2.3027168317e-02
1.1546209274e-01 2.3007468028e-02
1.1487363048e-01 2.2982352717e-02
1.1427722576e-01 2.2953424353e-02
1.1367163348e-01 2.2918985535e-02
1.1305479383e-01 2.2875403970e-02
1.1242689740e-01 2.2822603708e-02
1.1178933075e-01 2.2761178465e-02
1.1114005972e-01 2.2692623867e-02
1.1047763553e-01 2.2616960189e-02
1.0980222427e-01 2.2534223042e-02
1.0911307312e-01 2.2443929115e-02
1.0840382478e-01 2.2339687837e-02
1.0769096623e-01 2.2226246770e-02
1.0696286493e-01 2.2102080424e-02
1.0621867977e-01 2.1967009367e-02
1.0545857522e-01 2.1821087680e-02
1.0468543274e-01 2.1665251185e-02
1.0389339897e-01 2.1495370358e-02
1.0308695612e-01 2.1309576742e-02
1.0226147177e-01 2.1107191224e-02
1.0141714674e-01 2.0888295169e-02
1.0055418213e-01 2.0652969679e-02
9.9672779296e-02 2.0401295590e-02
9.8769362022e-02 2.0134102024e-02
9.7836260541e-02 1.9844579841e-02
9.6891364745e-02 1.9536868784e-02
9.5925807315e-02 1.9203330331e-02
9.4939780119e-02 1.8844076284e-02
9.3933475561e-02 1.8459218334e-02
9.2907086583e-02 1.8048868058e-02
9.1860806665e-02 1.7613136920e-02
9.0769103113e-02 1.7150325807e-02
8.9653635484e-02 1.6645705810e-02
8.8517754658e-02 1.6093816749e-02
8.7361058627e-02 1.5510575037e-02
8.6193026300e-02 1.4899776848e-02
8.5013772072e-02 1.4261468624e-02
8.3823411018e-02 1.3595696814e-02
8.2606929085e-02 1.2900999016e-02
8.1340861609e-02 1.2172500009e-02
8.0076155856e-02 1.1396041961e-02
