-4.9169074163e-07 -1.5416316518e-06
2.9934423451e-01 6.8407745139e-04
5.9277352953e-01 2.7106417705e-03
8.8024466138e-01 6.0233501372e-03
1.1616966245e+00 1.0586372028e-02
1.4370953803e+00 1.6341461275e-02
1.7063806498e+00 2.3253755257e-02
1.9695028989e+00 3.1274244107e-02
2.2264202992e+00 4.0350751189e-02
2.4770823315e+00 5.0449183795e-02
2.7214659255e+00 6.1525469141e-02
2.9594593029e+00 7.3555304210e-02
3.1910096154e+00 8.6462277062e-02
3.4160699599e+00 1.0020390644e-01
3.6346158069e+00 1.1473781594e-01
3.8466134774e+00 1.3001974674e-01
4.0520015519e+00 1.4601546676e-01
4.2507339710e+00 1.6267499825e-01
4.4427392144e+00 1.7996937951e-01
4.6280074344e+00 1.9784514543e-01
4.8064665381e+00 2.1625583769e-01
4.9781036186e+00 2.3516375785e-01
5.1428562811e+00 2.5451560432e-01
5.3006843883e+00 2.7427725812e-01
5.4515769188e+00 2.9439822146e-01
5.5954571237e+00 3.1483465082e-01
5.7323414614e+00 3.3554780387e-01
5.8621613415e+00 3.5648687852e-01
5.9849226827e+00 3.7761112640e-01
6.1005827844e+00 3.9887331523e-01
6.2091210171e+00 4.2022318206e-01
6.3105243965e+00 4.4162878447e-01
6.4047772703e+00 4.6302656219e-01
6.4918597899e+00 4.8439307468e-01
6.5717788268e+00 5.0566657632e-01
6.6445158686e+00 5.2681052594e-01
6.7100939956e+00 5.4777721797e-01
6.7684815169e+00 5.6851817219e-01
6.8196943063e+00 5.8899658953e-01
6.8637519319e+00 6.0916086167e-01
6.9006695394e+00 6.2896443068e-01
6.9304437765e+00 6.4836352305e-01
6.9531141302e+00 6.6731335576e-01
6.9686979190e+00 6.8576893036e-01
6.9772334627e+00 7.0368885878e-01
6.9787493325e+00 7.2101762981e-01
6.9732908532e+00 7.3772738383e-01
6.9608806333e+00 7.5375681249e-01
6.9415986680e+00 7.6906882751e-01
6.9154654298e+00 7.8361778975e-01
6.8825324347e+00 7.9735586209e-01
6.8429039254e+00 8.1024606132e-01
6.7966160740e+00 8.2224884242e-01
6.7437514750e+00 8.3330586005e-01
6.6843701322e+00 8.4338826838e-01
6.6185780184e+00 8.5245438221e-01
6.5464432576e+00 8.6045608082e-01
6.4680326060e+00 8.6735052365e-01
6.3835001568e+00 8.7310968722e-01
6.2929136045e+00 8.7768293020e-01
6.1963964920e+00 8.8104596033e-01
6.0940431269e+00 8.8314803762e-01
5.9859880208e+00 8.8396687991e-01
5.8723453711e+00 8.8346018583e-01
5.7532426006e+00 8.8159653695e-01
5.6288331320e+00 8.7833705786e-01
5.4992415306e+00 8.7366633726e-01
5.3646315211e+00 8.6754775446e-01
5.2251371712e+00 8.5995639410e-01
5.0809311417e+00 8.5087248600e-01
4.9321776311e+00 8.4026749632e-01
4.7790692794e+00 8.2813630630e-01
4.6217695174e+00 8.1445097288e-01
4.4604721812e+00 7.9920690427e-01
4.2953906394e+00 7.8238450881e-01
4.1267215702e+00 7.6399522636e-01
3.9546830469e+00 7.4402212069e-01
3.7795077104e+00 7.2247803852e-01
3.6014532828e+00 6.9936211916e-01
3.4207519157e+00 6.7470807710e-01
3.2376719391e+00 6.4851128030e-01
3.0525122795e+00 6.2081989654e-01
2.8655870071e+00 5.9164939324e-01
2.6771979183e+00 5.6106541609e-01
2.4877066855e+00 5.2909577246e-01
2.2974993178e+00 4.9583738413e-01
2.1069828455e+00 4.6133105323e-01
1.9166110661e+00 4.2569241053e-01
1.7269104607e+00 3.8901770360e-01
1.5384585219e+00 3.5145559324e-01
1.3518997212e+00 3.1313914628e-01
1.1680084397e+00 2.7430310659e-01
9.8764935983e-01 2.3513818628e-01
8.1194067426e-01 1.9595390350e-01
6.4225627006e-01 1.5710802385e-01
4.8043801263e-01 1.1911367572e-01
3.2894736479e-01 8.2640711189e-02
1.9119908205e-01 4.8748852111e-02
7.4515602082e-02 1.8480003205e-02
-3.0818304226e-05 -6.8842792219e-06
