-6.8961456724e-06 1.4575238075e-07
-6.8961456724e-06 1.4575238075e-07
3.2206987543e-01 -2.4323486331e-05
6.3697099246e-01 -9.6086987149e-05
9.4475144248e-01 -2.1836077716e-04
1.2455026097e+00 -3.9914165076e-04
1.5392606737e+00 -6.3845724032e-04
1.8260450875e+00 -9.3980171689e-04
2.1058908959e+00 -1.3046699251e-03
2.3789250662e+00 -1.7420020211e-03
2.6451176870e+00 -2.2527004166e-03
2.9045150948e+00 -2.8336223645e-03
3.1571825136e+00 -3.4862115755e-03
3.4031505431e+00 -4.2153272083e-03
3.6424615791e+00 -5.0130727639e-03
3.8751714009e+00 -5.8927218269e-03
4.1013136605e+00 -6.8645035078e-03
4.3208507176e+00 -7.9330901727e-03
4.5338955791e+00 -9.0746848256e-03
4.7403536911e+00 -1.0297198716e-02
4.9404165935e+00 -1.1609734880e-02
5.1340955222e+00 -1.3005119015e-02
5.3213899337e+00 -1.4479482610e-02
5.5022771180e+00 -1.6037335382e-02
5.6768508763e+00 -1.7670405123e-02
5.8451162862e+00 -1.9376472880e-02
6.0070839761e+00 -2.1161027678e-02
6.1627715395e+00 -2.3019420792e-02
6.3122339785e+00 -2.4953187783e-02
6.4554623132e+00 -2.6955350871e-02
6.5924918043e+00 -2.9020398501e-02
6.7233180877e+00 -3.1143186886e-02
6.8479707255e+00 -3.3325390878e-02
6.9664543597e+00 -3.5556233898e-02
7.0788104184e+00 -3.7831922468e-02
7.1850315386e+00 -4.0151822300e-02
7.2851410026e+00 -4.2513356828e-02
7.3791252226e+00 -4.4906517921e-02
7.4669961631e+00 -4.7329556627e-02
7.5487682115e+00 -4.9774285808e-02
7.6244421209e+00 -5.2236189581e-02
7.6940176867e+00 -5.4708529682e-02
7.7574978896e+00 -5.7186424409e-02
7.8148808287e+00 -5.9659282303e-02
7.8661694937e+00 -6.2127865269e-02
7.9113128171e+00 -6.4582782148e-02
7.9503324577e+00 -6.7012526646e-02
7.9832513494e+00 -6.9407445364e-02
8.0100383474e+00 -7.1765933170e-02
8.0306792986e+00 -7.4083513492e-02
8.0451665370e+00 -7.6351713133e-02
8.0534787784e+00 -7.8562894924e-02
8.0555873489e+00 -8.0711442490e-02
8.0514853134e+00 -8.2789433020e-02
8.0411335405e+00 -8.4786194254e-02
8.0245317715e+00 -8.6700910033e-02
8.0016360925e+00 -8.8520155189e-02
7.9724408812e+00 -9.0241473789e-02
7.9368861437e+00 -9.1854342361e-02
7.8949512714e+00 -9.3354317747e-02
7.8466006953e+00 -9.4733484908e-02
7.7918077279e+00 -9.5987886909e-02
7.7305330080e+00 -9.7103905973e-02
7.6627328031e+00 -9.8081533199e-02
7.5883580815e+00 -9.8909875638e-02
7.5073830539e+00 -9.9588303072e-02
7.4197606841e+00 -1.0011061354e-01
7.3254381618e+00 -1.0044802883e-01
7.2244017470e+00 -1.0065765125e-01
7.1164561626e+00 -1.0069531452e-01
7.0015853678e+00 -1.0051359084e-01
6.8799336425e+00 -1.0015331296e-01
6.7513251059e+00 -9.9623731763e-02
6.6156737266e+00 -9.8900767814e-02
6.4728917908e+00 -9.7973536653e-02
6.3229579758e+00 -9.6851393554e-02
6.1658129359e+00 -9.5529134047e-02
6.0013756023e+00 -9.3998891371e-02
5.8295683580e+00 -9.2270980486e-02
5.6503542012e+00 -9.0329969616e-02
5.4636200514e+00 -8.8169424307e-02
5.2692972323e+00 -8.5795784634e-02
5.0673235742e+00 -8.3207832826e-02
4.8575942711e+00 -8.0410289320e-02
4.6400535573e+00 -7.7395348892e-02
4.4145875521e+00 -7.4166588501e-02
4.1811380024e+00 -7.0720780932e-02
3.9395979990e+00 -6.7061378295e-02
3.6898970875e+00 -6.3186062167e-02
3.4319204315e+00 -5.9096410218e-02
3.1655817329e+00 -5.4795964262e-02
2.8907820255e+00 -5.0283301833e-02
2.6073984527e+00 -4.5561541631e-02
2.3153430703e+00 -4.0630457404e-02
2.0145276626e+00 -3.5481426055e-02
1.7048793490e+00 -3.0123590755e-02
1.3862270346e+00 -2.4573591359e-02
1.0584163432e+00 -1.8825730447e-02
7.2137579841e-01 -1.2864098992e-02
3.7497225964e-01 -6.7132722240e-03
1.9388672854e-02 -3.4692765617e-04
