-2.7175646701e-06 7.0085246977e-09
3.0454676251e-01 -1.6661743512e-05
6.0254935564e-01 -6.7547913727e-05
8.9402529829e-01 -1.5621183493e-04
1.1790562753e+00 -2.8403206330e-04
1.4576468005e+00 -4.6240809899e-04
1.7298421414e+00 -6.9274732195e-04
1.9956769927e+00 -9.7899705545e-04
2.2551726861e+00 -1.3189093188e-03
2.5083803725e+00 -1.7218301468e-03
2.7553198119e+00 -2.1970585898e-03
2.9960263206e+00 -2.7330617528e-03
3.2305272140e+00 -3.3439689001e-03
3.4588387712e+00 -4.0291896578e-03
3.6810039453e+00 -4.7907034709e-03
3.8970433322e+00 -5.6291162851e-03
4.1069781156e+00 -6.5477582359e-03
4.3108359364e+00 -7.5457324244e-03
4.5086274540e+00 -8.6247739307e-03
4.7003912710e+00 -9.7871386994e-03
4.8861346353e+00 -1.1025496654e-02
5.0658810766e+00 -1.2350285299e-02
5.2396505262e+00 -1.3753193630e-02
5.4074597220e+00 -1.5237045746e-02
5.5693302323e+00 -1.6801788696e-02
5.7252579195e+00 -1.8442514399e-02
5.8752730212e+00 -2.0161475989e-02
6.0193931060e+00 -2.1951264652e-02
6.1576286367e+00 -2.3813445867e-02
6.2899574913e+00 -2.5739522170e-02
6.4164428836e+00 -2.7730452799e-02
6.5370508295e+00 -2.9784381582e-02
6.6518185581e+00 -3.1894848387e-02
6.7607254452e+00 -3.4057753521e-02
6.8637979712e+00 -3.6267097095e-02
6.9610342733e+00 -3.8522506358e-02
7.0524288544e+00 -4.0816337413e-02
7.1379731346e+00 -4.3143667278e-02
7.2176996572e+00 -4.5496064961e-02
7.2915800747e+00 -4.7874128389e-02
7.3596032220e+00 -5.0266870869e-02
7.4217930174e+00 -5.2667365175e-02
7.4781181229e+00 -5.5073996746e-02
7.5285906529e+00 -5.7482239245e-02
7.5731821884e+00 -5.9879340781e-02
7.6119037424e+00 -6.2260740232e-02
7.6447414024e+00 -6.4614917743e-02
7.6716586249e+00 -6.6942572497e-02
7.6926700291e+00 -6.9239141491e-02
7.7077459345e+00 -7.1484066681e-02
7.7168497798e+00 -7.3681871538e-02
7.7199840142e+00 -7.5826010501e-02
7.7171421910e+00 -7.7899477304e-02
7.7082596473e+00 -7.9907206706e-02
7.6933170858e+00 -8.1843800675e-02
7.6723741223e+00 -8.3668689659e-02
7.6452666273e+00 -8.5390543242e-02
7.6120882802e+00 -8.7049014538e-02
7.5727120849e+00 -8.8585741797e-02
7.5271110428e+00 -9.0010075332e-02
7.4752325324e+00 -9.1321053002e-02
7.4170918430e+00 -9.2490054670e-02
7.3529173705e+00 -9.3507083699e-02
7.2823346770e+00 -9.4413820617e-02
7.2052273535e+00 -9.5176597801e-02
7.1217353208e+00 -9.5767525612e-02
7.0317103195e+00 -9.6197462515e-02
6.9352218214e+00 -9.6463388665e-02
6.8321745893e+00 -9.6553657371e-02
6.7224665598e+00 -9.6474434863e-02
6.6061257437e+00 -9.6231751459e-02
6.4830682965e+00 -9.5802221825e-02
6.3532025105e+00 -9.5168546394e-02
6.2164964963e+00 -9.4347500804e-02
6.0728814608e+00 -9.3331345965e-02
5.9223230653e+00 -9.2117631944e-02
5.7647182504e+00 -9.0698382267e-02
5.6000336779e+00 -8.9077258756e-02
5.4281672360e+00 -8.7251344761e-02
5.2490547274e+00 -8.5212914722e-02
5.0626473459e+00 -8.2962742282e-02
4.8688559417e+00 -8.0507052050e-02
4.6675752920e+00 -7.7831515842e-02
4.4587788835e+00 -7.4955220824e-02
4.2423445217e+00 -7.1821719021e-02
4.0181854500e+00 -6.8514072182e-02
3.7862082904e+00 -6.4991104380e-02
3.5463904477e+00 -6.1257364970e-02
3.2985560669e+00 -5.7304917249e-02
3.0426445198e+00 -5.3132976603e-02
2.7785539724e+00 -4.8771963918e-02
2.5061646859e+00 -4.4201240196e-02
2.2253788785e+00 -3.9418030429e-02
1.9360924273e+00 -3.4421050075e-02
1.6382169968e+00 -2.9230503929e-02
1.3315992131e+00 -2.3829040866e-02
1.0161406470e+00 -1.8239798919e-02
6.9165803492e-01 -1.2446197957e-02
3.5807452774e-01 -6.4594268772e-03
1.5722577392e-02 -2.8408108743e-04
