4.8452188331e+02
4.8589952073e+02
6.6996726473e+02
4.8721070128e+02
6.6818399335e+02
4.8845410472e+02
6.6613928338e+02
4.8962847905e+02
6.6415729256e+02
4.9073264177e+02
6.6224001661e+02
4.9176548109e+02
6.6038938604e+02
4.9272595702e+02
6.5860726430e+02
4.9361310245e+02
6.5689544582e+02
4.9444496777e+02
6.5525565426e+02
4.9532210094e+02
6.5368954076e+02
4.9613004401e+02
6.5187719468e+02
4.9686798346e+02
6.4997736027e+02
4.9753517623e+02
6.4813318031e+02
4.9813095053e+02
4.9934743933e+02
6.4634651174e+02
5.0181204312e+02
6.4442193405e+02
5.0419141313e+02
6.4057891299e+02
5.0648315353e+02
6.3681359521e+02
5.0868495673e+02
6.3312977206e+02
5.1079460570e+02
6.3022003094e+02
5.1280997620e+02
6.2830251800e+02
5.1472903893e+02
6.2638752872e+02
5.1584217448e+02
6.2447699132e+02
5.1684156490e+02
6.2257282955e+02
5.1844421417e+02
6.2067696075e+02
5.2016916735e+02
6.1879129389e+02
5.2187341214e+02
6.1691772767e+02
5.2355523249e+02
6.1505814863e+02
5.2521293498e+02
6.1323943396e+02
5.2684485042e+02
6.1159346527e+02
5.2844933562e+02
6.0996319654e+02
5.3002477500e+02
6.0835026930e+02
5.3156958222e+02
6.0675630763e+02
5.3298698204e+02
6.0444397098e+02
5.3399810558e+02
6.0182129528e+02
5.3506981312e+02
5.9921585770e+02
5.3628734247e+02
5.9663028171e+02
5.3791346960e+02
5.9406717076e+02
5.4017344032e+02
5.9152910569e+02
5.4243623549e+02
5.8901864210e+02
5.4469957666e+02
5.8653830784e+02
5.4696118485e+02
5.8409060037e+02
5.4921878281e+02
5.8167798434e+02
5.5147009732e+02
5.7930288905e+02
5.5371286150e+02
5.7696770601e+02
5.5594481709e+02
5.7467478656e+02
5.5816371669e+02
5.6036732605e+02
5.7261697304e+02
5.6255342633e+02
5.7107902315e+02
5.6471981632e+02
5.6898476194e+02
5.6686431463e+02
