2.7338364571e+02
2.7338364571e+02
2.7337955210e+02
2.7337545849e+02
2.7337135838e+02
2.7336725021e+02
2.7336231614e+02
2.7335729960e+02
2.7335294679e+02
2.7334867292e+02
2.7334453355e+02
2.7333788913e+02
2.7333097949e+02
2.7332430411e+02
2.7331781817e+02
2.7331049163e+02
2.7330246880e+02
2.7329521433e+02
2.7328735389e+02
2.7327903463e+02
2.7326911991e+02
2.7325962673e+02
2.7324917741e+02
2.7323892366e+02
2.7322567313e+02
2.7321389353e+02
2.7320071315e+02
2.7318725375e+02
2.7317270427e+02
2.7315790768e+02
2.7314185479e+02
2.7312578839e+02
2.7310797880e+02
2.7309016920e+02
2.7307115675e+02
2.7305208483e+02
2.7303124716e+02
2.7301065662e+02
2.7298877246e+02
2.7296648269e+02
2.7294248348e+02
2.7291926606e+02
2.7289419575e+02
2.7286905382e+02
2.7284311127e+02
2.7281677620e+02
2.7278887636e+02
2.7276227425e+02
2.7273376211e+02
2.7270526359e+02
2.7267618410e+02
2.7264613523e+02
2.7261686120e+02
2.7258689582e+02
2.7255624392e+02
2.7252490368e+02
2.7249487036e+02
2.7246357506e+02
2.7243265499e+02
2.7240174269e+02
2.7237032901e+02
2.7233998025e+02
2.7231038165e+02
2.7227938642e+02
2.7224979374e+02
2.7222090185e+02
2.7219164760e+02
2.7216496440e+02
2.7213707678e+02
2.7210994388e+02
2.7208551804e+02
2.7206025961e+02
2.7203632635e+02
2.7201541981e+02
2.7199393374e+02
2.7197412168e+02
2.7195574809e+02
2.7193849795e+02
2.7192514151e+02
2.7191063510e+02
2.7189872571e+02
2.7189072234e+02
2.7188170167e+02
2.7187651146e+02
2.7187373599e+02
2.7187089618e+02
2.7187175461e+02
2.7187441128e+02
2.7188034427e+02
2.7188595282e+02
2.7189574448e+02
2.7190672793e+02
2.7192136824e+02
2.7193519972e+02
2.7195359293e+02
2.7197218718e+02
2.7199343609e+02
2.7201401165e+02
2.7203751496e+02
2.7206402794e+02
2.7208705852e+02
