3.0660717434e-01 -1.1349973938e-01
3.1872946699e-01 -1.2406675703e-01
3.3073414213e-01 -1.3440758730e-01
3.4260822911e-01 -1.4450658022e-01
3.5434941713e-01 -1.5436194227e-01
3.6622218683e-01 -1.6422184055e-01
3.7782568859e-01 -1.7370038303e-01
3.8932119452e-01 -1.8288400376e-01
4.0075982747e-01 -1.9183798625e-01
4.1207787301e-01 -2.0052385809e-01
4.2319277194e-01 -2.0901833745e-01
4.3418295466e-01 -2.1738104538e-01
4.4510993180e-01 -2.2556349392e-01
4.5592476642e-01 -2.3353824145e-01
4.6660884031e-01 -2.4128612004e-01
4.7735331434e-01 -2.4892806069e-01
4.8783751823e-01 -2.5633663610e-01
4.9829839008e-01 -2.6362004951e-01
5.0867618884e-01 -2.7074310356e-01
5.1894425208e-01 -2.7768325364e-01
5.2908942316e-01 -2.8450454774e-01
5.3917294190e-01 -2.9124451520e-01
5.4921872344e-01 -2.9786136617e-01
5.5922370925e-01 -3.0435323489e-01
5.6914834664e-01 -3.1070873356e-01
5.7901046461e-01 -3.1694328019e-01
5.8882798466e-01 -3.2309716782e-01
5.9858524745e-01 -3.2914385949e-01
6.0827576798e-01 -3.3507895356e-01
6.1789644992e-01 -3.4090058132e-01
6.2748539255e-01 -3.4666836283e-01
6.3707716603e-01 -3.5239160573e-01
6.4657790081e-01 -3.5797197064e-01
6.5603160811e-01 -3.6346495430e-01
6.6543856627e-01 -3.6887176275e-01
6.7479684280e-01 -3.7419593089e-01
6.8414283939e-01 -3.7945860740e-01
6.9348563446e-01 -3.8465988468e-01
7.0282167325e-01 -3.8979790670e-01
7.1215798884e-01 -3.9485334850e-01
7.2140869269e-01 -3.9985957202e-01
7.3067076096e-01 -4.0479942449e-01
7.3989883880e-01 -4.0967263934e-01
7.4908803617e-01 -4.1447759882e-01
7.5825943342e-01 -4.1919743123e-01
7.6745643431e-01 -4.2386120208e-01
7.7665855413e-01 -4.2848595829e-01
7.8582541632e-01 -4.3304237289e-01
7.9495381354e-01 -4.3752242755e-01
8.0407042567e-01 -4.4197644883e-01
8.1320394653e-01 -4.4638309266e-01
8.2235032096e-01 -4.5074215058e-01
8.3148580459e-01 -4.5506207590e-01
8.4060068128e-01 -4.5931576040e-01
8.4973584928e-01 -4.6350382075e-01
8.5889150223e-01 -4.6764932967e-01
8.6803340716e-01 -4.7173378375e-01
8.7714735971e-01 -4.7577065893e-01
8.8626827617e-01 -4.7978456742e-01
8.9541497315e-01 -4.8375290694e-01
9.0458339331e-01 -4.8767404827e-01
9.1376945519e-01 -4.9154634693e-01
9.2296544196e-01 -4.9537858091e-01
9.3217048952e-01 -4.9917000363e-01
9.4137956659e-01 -5.0291413265e-01
9.5058852301e-01 -5.0660936605e-01
9.5979318329e-01 -5.1025408607e-01
9.6899696136e-01 -5.1385600158e-01
9.7823994746e-01 -5.1743414361e-01
9.8751986413e-01 -5.2097202490e-01
9.9683232374e-01 -5.2446809627e-01
1.0061673405e+00 -5.2795394688e-01
1.0154998730e+00 -5.3136137980e-01
1.0248760222e+00 -5.3473700138e-01
1.0342645642e+00 -5.3806828939e-01
1.0436550333e+00 -5.4134335097e-01
1.0530420778e+00 -5.4459184184e-01
1.0624707076e+00 -5.4781647632e-01
1.0719465338e+00 -5.5100409818e-01
1.0814648226e+00 -5.5415324870e-01
1.0910208115e+00 -5.5726245276e-01
1.1006093343e+00 -5.6034093747e-01
1.1102065454e+00 -5.6337372404e-01
1.1198287132e+00 -5.6636641875e-01
1.1294710177e+00 -5.6931761371e-01
1.1391286086e+00 -5.7222588392e-01
1.1488095759e+00 -5.7510737059e-01
1.1585480496e+00 -5.7796141464e-01
1.1683408174e+00 -5.8077488722e-01
1.1781768174e+00 -5.8355912884e-01
1.1880275993e+00 -5.8630389492e-01
1.1979015983e+00 -5.8897057246e-01
1.2078382172e+00 -5.9162351011e-01
1.2178036726e+00 -5.9424302074e-01
1.2277838598e+00 -5.9681549869e-01
1.2377777727e+00 -5.9934800543e-01
1.2478316288e+00 -6.0187309596e-01
1.2579454406e+00 -6.0435150147e-01
1.2681075624e+00 -6.0678333372e-01
1.2782999797e+00 -6.0918227911e-01
1.2885098648e+00 -6.1153911004e-01
1.2987577139e+00 -6.1384555876e-01
1.3090745617e+00 -6.1612192492e-01
1.3194417495e+00 -6.1835478163e-01
1.3298267288e+00 -6.2053157674e-01
1.3402553416e+00 -6.2271236509e-01
1.3507488624e+00 -6.2485161912e-01
1.3612700457e+00 -6.2692693378e-01
1.3718278163e+00 -6.2896485865e-01
1.3824189968e+00 -6.3096660897e-01
1.3930357801e+00 -6.3291917696e-01
1.4037211467e+00 -6.3483571642e-01
1.4144732428e+00 -6.3671780220e-01
1.4252710736e+00 -6.3853939660e-01
1.4361072392e+00 -6.4034343625e-01
1.4470033851e+00 -6.4210471627e-01
1.4579307182e+00 -6.4381153140e-01
1.4688844765e+00 -6.4547635455e-01
1.4798578310e+00 -6.4709258155e-01
1.4908829740e+00 -6.4865091371e-01
1.5019798801e+00 -6.5017313343e-01
1.5131418993e+00 -6.5165840710e-01
1.5243379762e+00 -6.5306930701e-01
1.5355992910e+00 -6.5449552981e-01
1.5468933676e+00 -6.5584629341e-01
1.5582191506e+00 -6.5714256259e-01
1.5695712979e+00 -6.5838529883e-01
1.5809364494e+00 -6.5957498259e-01
1.5923608174e+00 -6.6071939484e-01
1.6038614509e+00 -6.6181957123e-01
1.6154313102e+00 -6.6287495302e-01
1.6270515890e+00 -6.6384677693e-01
1.6387310983e+00 -6.6483804898e-01
1.6504280972e+00 -6.6574814977e-01
1.6621425004e+00 -6.6658870611e-01
1.6738905804e+00 -6.6738193820e-01
1.6856652038e+00 -6.6812736173e-01
1.6974810173e+00 -6.6882663755e-01
1.7093646401e+00 -6.6946504299e-01
1.7213087833e+00 -6.7004012856e-01
1.7333176054e+00 -6.7056914763e-01
1.7453485376e+00 -6.7104115548e-01
1.7574017438e+00 -6.7140992660e-01
1.7695195482e+00 -6.7175353071e-01
1.7816462118e+00 -6.7203419924e-01
1.7937744516e+00 -6.7225175888e-01
1.8059424452e+00 -6.7243448271e-01
1.8181884845e+00 -6.7256363476e-01
1.8304797316e+00 -6.7260961538e-01
1.8427902206e+00 -6.7258848317e-01
1.8551375902e+00 -6.7252627121e-01
1.8674721923e+00 -6.7237929478e-01
1.8798687167e+00 -6.7216956068e-01
1.8923246220e+00 -6.7190032813e-01
1.9047859037e+00 -6.7153627707e-01
1.9173154854e+00 -6.7116187846e-01
1.9298643617e+00 -6.7070249487e-01
1.9424081584e+00 -6.7016558335e-01
1.9549489369e+00 -6.6956059028e-01
1.9675141836e+00 -6.6886623850e-01
1.9801381694e+00 -6.6810824994e-01
1.9928036570e+00 -6.6727858817e-01
2.0054575159e+00 -6.6636281100e-01
2.0181114166e+00 -6.6540223992e-01
2.0308042831e+00 -6.6437397027e-01
2.0435296029e+00 -6.6326739204e-01
2.0562744672e+00 -6.6209911319e-01
2.0689859707e+00 -6.6082838653e-01
2.0817270193e+00 -6.5947413583e-01
2.0944994168e+00 -6.5804617581e-01
2.1072490624e+00 -6.5653574230e-01
2.1200418097e+00 -6.5497821143e-01
2.1328734912e+00 -6.5333513395e-01
2.1456598030e+00 -6.5158585958e-01
2.1584369860e+00 -6.4976644627e-01
2.1711965568e+00 -6.4787793485e-01
2.1839496529e+00 -6.4591550340e-01
2.1967183358e+00 -6.4385833137e-01
2.2094936094e+00 -6.4170589501e-01
2.2222762673e+00 -6.3946486397e-01
2.2350895694e+00 -6.3717577914e-01
2.2477956938e+00 -6.3475655856e-01
2.2605314063e+00 -6.3225493219e-01
2.2732546812e+00 -6.2967055157e-01
2.2859268069e+00 -6.2699803519e-01
2.2985622598e+00 -6.2424748673e-01
2.3112652081e+00 -6.2143437588e-01
2.3239163304e+00 -6.1850008656e-01
2.3365176647e+00 -6.1547556763e-01
2.3490862760e+00 -6.1237879932e-01
2.3616101007e+00 -6.0920971846e-01
2.3740890135e+00 -6.0593875166e-01
2.3865458552e+00 -6.0255978372e-01
2.3989720997e+00 -5.9907493807e-01
2.4113772188e+00 -5.9549241515e-01
2.4237825684e+00 -5.9184131245e-01
2.4360590655e+00 -5.8805772164e-01
2.4483280166e+00 -5.8419076896e-01
2.4605219030e+00 -5.8023691583e-01
2.4726270667e+00 -5.7619654336e-01
2.4847349186e+00 -5.7208882346e-01
2.4968158118e+00 -5.6786936729e-01
2.5087884285e+00 -5.6353372455e-01
2.5206986227e+00 -5.5911986553e-01
2.5325435511e+00 -5.5463187069e-01
2.5442976499e+00 -5.5005109518e-01
2.5559815578e+00 -5.4535251741e-01
2.5675885293e+00 -5.4053893339e-01
2.5791308863e+00 -5.3561545402e-01
2.5906668272e+00 -5.3061863190e-01
2.6020161505e+00 -5.2552417543e-01
2.6133081931e+00 -5.2032632170e-01
2.6245266160e+00 -5.1502797544e-01
2.6356270843e+00 -5.0963684184e-01
2.6466916436e+00 -5.0415979979e-01
2.6576242209e+00 -4.9854945627e-01
2.6684352005e+00 -4.9285515630e-01
2.6791435899e+00 -4.8708925493e-01
2.6897414310e+00 -4.8125515218e-01
2.7002325529e+00 -4.7534730996e-01
2.7106151668e+00 -4.6931550741e-01
2.7208751651e+00 -4.6315482065e-01
2.7310128661e+00 -4.5686842455e-01
2.7410897848e+00 -4.5049524101e-01
2.7510609891e+00 -4.4407458960e-01
2.7608522250e+00 -4.3757498915e-01
2.7705044298e+00 -4.3096512066e-01
2.7800103005e+00 -4.2424910995e-01
2.7893623722e+00 -4.1743105378e-01
2.7985584003e+00 -4.1051352118e-01
2.8077300286e+00 -4.0350218526e-01
2.8166872187e+00 -3.9643502776e-01
2.8254996989e+00 -3.8926740103e-01
2.8341603835e+00 -3.8200388390e-01
2.8426620142e+00 -3.7464902920e-01
2.8510082716e+00 -3.6720296613e-01
2.8591990776e+00 -3.5968320249e-01
2.8672302486e+00 -3.5207446255e-01
2.8750950525e+00 -3.4438161228e-01
2.8827865766e+00 -3.3660949490e-01
2.8903116404e+00 -3.2873354246e-01
2.8976669297e+00 -3.2077556104e-01
2.9048422447e+00 -3.1275370600e-01
2.9118325822e+00 -3.0467401217e-01
2.9186515647e+00 -2.9652569676e-01
2.9252912281e+00 -2.8827739426e-01
2.9317545988e+00 -2.7994443029e-01
2.9380297127e+00 -2.7152476970e-01
2.9441248307e+00 -2.6302857847e-01
2.9500218621e+00 -2.5448925656e-01
2.9557007690e+00 -2.4587115447e-01
2.9611559104e+00 -2.3718024204e-01
2.9663710404e+00 -2.2843584970e-01
2.9714240829e+00 -2.1959454152e-01
2.9762765255e+00 -2.1069984375e-01
2.9809279363e+00 -2.0175017586e-01
2.9853738059e+00 -1.9275082890e-01
2.9896094307e+00 -1.8370708946e-01
2.9936575194e+00 -1.7455792595e-01
2.9974221316e+00 -1.6536471339e-01
3.0009800930e+00 -1.5613274161e-01
3.0043369735e+00 -1.4685759503e-01
3.0074887587e+00 -1.3754493454e-01
3.0104432877e+00 -1.2816741239e-01
3.0131300308e+00 -1.1867992390e-01
3.0155264431e+00 -1.0920123349e-01
3.0177316265e+00 -9.9687119043e-02
3.0197423074e+00 -9.0143622601e-02
3.0215549482e+00 -8.0567742145e-02
3.0230971233e+00 -7.0897912990e-02
3.0243267485e+00 -6.1207432158e-02
3.0253368861e+00 -5.1514634732e-02
3.0261439748e+00 -4.1792153655e-02
3.0267454175e+00 -3.2046270454e-02
3.0271255238e+00 -2.2248426630e-02
3.0271880568e+00 -1.2400738231e-02
3.0269617163e+00 -2.5735608837e-03
3.0265280103e+00 7.2678259189e-03
3.0258866522e+00 1.7121618317e-02
3.0250368068e+00 2.6986828516e-02
3.0239161078e+00 3.6908850787e-02
3.0224608228e+00 4.6840849052e-02
3.0207502532e+00 5.6741318167e-02
3.0188365537e+00 6.6650066086e-02
3.0167189782e+00 7.6560377923e-02
3.0143802967e+00 8.6483981060e-02
3.0117223109e+00 9.6427930491e-02
3.0087447407e+00 1.0634935231e-01
3.0055484152e+00 1.1624147246e-01
3.0021476760e+00 1.2613047076e-01
2.9985425642e+00 1.3600963452e-01
2.9946541424e+00 1.4590848795e-01
2.9904294523e+00 1.5578590800e-01
2.9859616150e+00 1.6559987238e-01
2.9812858113e+00 1.7540307314e-01
2.9764031167e+00 1.8518860667e-01
2.9712779761e+00 1.9496842597e-01
2.9658122985e+00 2.0473112872e-01
2.9600792805e+00 2.1441677929e-01
2.9541392001e+00 2.2406599746e-01
2.9479827817e+00 2.3369026712e-01
2.9416118882e+00 2.4328270942e-01
2.9349463720e+00 2.5287145733e-01
2.9279686671e+00 2.6238654910e-01
2.9207886611e+00 2.7182277138e-01
2.9133899554e+00 2.8121871542e-01
2.9057754834e+00 2.9056757215e-01
2.8979352410e+00 2.9987508006e-01
2.8897414187e+00 3.0918004436e-01
2.8813531051e+00 3.1834610324e-01
2.8727567449e+00 3.2745372329e-01
2.8639403743e+00 3.3650862482e-01
2.8549077416e+00 3.4550402371e-01
2.8455735775e+00 3.5447700725e-01
2.8360079236e+00 3.6333585094e-01
2.8262641729e+00 3.7210627410e-01
2.8162906068e+00 3.8081676160e-01
2.8060918447e+00 3.8946084492e-01
2.7956723099e+00 3.9803197758e-01
2.7850271636e+00 4.0652380159e-01
2.7741577498e+00 4.1493063524e-01
2.7630732577e+00 4.2324509777e-01
2.7517801671e+00 4.3146016461e-01
2.7402847648e+00 4.3956871362e-01
2.7285070082e+00 4.4760709337e-01
2.7166291845e+00 4.5556043055e-01
2.7045305921e+00 4.6340930249e-01
2.6922105843e+00 4.7114871929e-01
2.6796759137e+00 4.7877197072e-01
2.6668912465e+00 4.8631039732e-01
2.6539970063e+00 4.9377938576e-01
2.6409598203e+00 5.0110915223e-01
2.6277014172e+00 5.0831743811e-01
2.6142293457e+00 5.1539784303e-01
2.6005210075e+00 5.2237979756e-01
2.5866974679e+00 5.2929437145e-01
2.5727642831e+00 5.3611882353e-01
2.5586281374e+00 5.4278235259e-01
2.5442863025e+00 5.4928228490e-01
2.5298343852e+00 5.5567023636e-01
2.5152008654e+00 5.6196303232e-01
2.5003897379e+00 5.6815359636e-01
2.4854216559e+00 5.7424583511e-01
2.4702584198e+00 5.8020921161e-01
2.4549930206e+00 5.8604032175e-01
2.4396160294e+00 5.9172538187e-01
2.4241379263e+00 5.9725838261e-01
2.4085337151e+00 6.0264290274e-01
2.3927662913e+00 6.0792233012e-01
2.3768500368e+00 6.1309688501e-01
2.3607957244e+00 6.1816107104e-01
2.3445805698e+00 6.2305578607e-01
2.3283045808e+00 6.2784904426e-01
2.3118850278e+00 6.3248761562e-01
2.2953919341e+00 6.3698762169e-01
2.2788374970e+00 6.4134366958e-01
2.2621029043e+00 6.4555248067e-01
2.2452888327e+00 6.4965904653e-01
2.2284099368e+00 6.5363715900e-01
2.2114328546e+00 6.5744369580e-01
2.1943854653e+00 6.6108188278e-01
2.1772809477e+00 6.6460473432e-01
2.1600684803e+00 6.6800932610e-01
2.1427607997e+00 6.7129130479e-01
2.1253271628e+00 6.7442473440e-01
2.1079051471e+00 6.7741451619e-01
2.0904013493e+00 6.8026384023e-01
2.0728399377e+00 6.8296867399e-01
2.0552547425e+00 6.8553479676e-01
2.0376134569e+00 6.8794707557e-01
2.0198623624e+00 6.9022954082e-01
2.0021070848e+00 6.9240454207e-01
1.9843137851e+00 6.9441337600e-01
1.9664878691e+00 6.9624817726e-01
1.9486579125e+00 6.9793554188e-01
1.9307959003e+00 6.9951653355e-01
1.9129126572e+00 7.0098846325e-01
1.8950089007e+00 7.0234083998e-01
1.8769738772e+00 7.0347282460e-01
1.8590156109e+00 7.0449635963e-01
1.8410437482e+00 7.0542107547e-01
1.8230077003e+00 7.0620327873e-01
1.8049972868e+00 7.0685424308e-01
1.7870613825e+00 7.0738627931e-01
1.7690544684e+00 7.0772908774e-01
1.7510458148e+00 7.0796878190e-01
1.7330622882e+00 7.0807448536e-01
1.7151107556e+00 7.0802253783e-01
1.6972184700e+00 7.0783160886e-01
1.6793386428e+00 7.0753565870e-01
1.6614600803e+00 7.0712761525e-01
1.6435987357e+00 7.0660598315e-01
1.6257045275e+00 7.0590437098e-01
1.6078290286e+00 7.0506488515e-01
1.5899788924e+00 7.0417139264e-01
1.5721848363e+00 7.0311602079e-01
1.5544822295e+00 7.0195049826e-01
1.5368850509e+00 7.0067265546e-01
1.5192872316e+00 6.9926098383e-01
1.5017104788e+00 6.9773870408e-01
1.4841493830e+00 6.9607299165e-01
1.4666555885e+00 6.9424932911e-01
1.4492572755e+00 6.9238665351e-01
1.4318341264e+00 6.9038420662e-01
1.4144766787e+00 6.8828402696e-01
1.3972430321e+00 6.8610517720e-01
1.3801023097e+00 6.8377135253e-01
1.3630090651e+00 6.8129263258e-01
1.3459803601e+00 6.7866952612e-01
1.3289487607e+00 6.7597393476e-01
1.3120157508e+00 6.7322172796e-01
1.2951788326e+00 6.7035156050e-01
1.2784579717e+00 6.6736609879e-01
1.2618317840e+00 6.6428660768e-01
1.2452331691e+00 6.6109846949e-01
1.2286787207e+00 6.5780306689e-01
1.2121850783e+00 6.5440169877e-01
1.1957828917e+00 6.5090112615e-01
1.1794708831e+00 6.4730121882e-01
1.1632691958e+00 6.4360954296e-01
1.1471950856e+00 6.3982814905e-01
1.1312274001e+00 6.3596651256e-01
1.1153150735e+00 6.3201651553e-01
1.0994756326e+00 6.2797617407e-01
1.0837258221e+00 6.2384789783e-01
1.0680253252e+00 6.1954439891e-01
1.0524110953e+00 6.1526586212e-01
1.0369088525e+00 6.1084996975e-01
1.0215292664e+00 6.0635353267e-01
1.0062896578e+00 6.0177969469e-01
9.9115934478e-01 5.9713697872e-01
9.7608163965e-01 5.9240745213e-01
9.6108166071e-01 5.8758653252e-01
9.4617598987e-01 5.8267769834e-01
9.3135268125e-01 5.7765191578e-01
9.1664416468e-01 5.7262361287e-01
9.0199669242e-01 5.6748731103e-01
8.8746177788e-01 5.6226941139e-01
8.7306453091e-01 5.5698160072e-01
8.5880898286e-01 5.5162117259e-01
8.4449161206e-01 5.4613185293e-01
8.3040238717e-01 5.4064718367e-01
8.1638423784e-01 5.3505483619e-01
8.0245368930e-01 5.2935979219e-01
7.8864519234e-01 5.2357301114e-01
7.7490686518e-01 5.1777768044e-01
7.6121008473e-01 5.1191293880e-01
7.4764588937e-01 5.0596460604e-01
7.3423113149e-01 4.9993834457e-01
7.2086601051e-01 4.9377683322e-01
7.0756217757e-01 4.8759390993e-01
6.9442694153e-01 4.8141480779e-01
6.8136314823e-01 4.7512067487e-01
6.6838642456e-01 4.6871736140e-01
6.5551250462e-01 4.6221069679e-01
6.4262456658e-01 4.5561066268e-01
6.2989447234e-01 4.4903933231e-01
6.1724921568e-01 4.4237810857e-01
6.0469895321e-01 4.3562942122e-01
5.9225935484e-01 4.2879990169e-01
5.7981290679e-01 4.2184757056e-01
5.6748981125e-01 4.1488906075e-01
5.5525685079e-01 4.0784860890e-01
5.4310932422e-01 4.0071915303e-01
5.3106245981e-01 3.9350787058e-01
5.1901684502e-01 3.8616822869e-01
5.0704118726e-01 3.7880902397e-01
4.9518037684e-01 3.7139084852e-01
4.8340146051e-01 3.6386120320e-01
4.7171912129e-01 3.5622761386e-01
4.6002261018e-01 3.4847883726e-01
4.4837369599e-01 3.4070316038e-01
4.3685667833e-01 3.3288428818e-01
4.2538368242e-01 3.2491296959e-01
4.1396888064e-01 3.1679733389e-01
4.0257729041e-01 3.0855627741e-01
3.9117848920e-01 3.0033397597e-01
3.7986757216e-01 2.9199385389e-01
3.6865826404e-01 2.8353983952e-01
3.5753827737e-01 2.7496199343e-01
3.4637489201e-01 2.6624333492e-01
3.3523504291e-01 2.5748067361e-01
3.2418099737e-01 2.4865001418e-01
3.1316375840e-01 2.3965399374e-01
3.0219664191e-01 2.3050172270e-01
2.9119278658e-01 2.2119921539e-01
2.8018394836e-01 2.1181074550e-01
2.6921856362e-01 2.0230129470e-01
2.5832695450e-01 1.9267737395e-01
2.4751201094e-01 1.8294255263e-01
2.3667187261e-01 1.7307256156e-01
2.2582225747e-01 1.6310396384e-01
2.1495028709e-01 1.5298069889e-01
2.0409487825e-01 1.4268358494e-01
1.9331924942e-01 1.3233015040e-01
1.8257932295e-01 1.2195605526e-01
1.7183217529e-01 1.1148451267e-01
1.6107343193e-01 1.0089491864e-01
1.5023949273e-01 9.0145021692e-02
1.3946631460e-01 7.9573013204e-02
