8.0690691965e-05 8.4655738416e-07
3.1123739896e-01 -2.0299029146e-05
6.1518960332e-01 -8.9131380374e-05
9.1196005886e-01 -2.0659633943e-04
1.2016915979e+00 -3.7447772638e-04
1.4844157068e+00 -6.0226219658e-04
1.7601804010e+00 -8.8962376644e-04
2.0290940667e+00 -1.2476337111e-03
2.2911593714e+00 -1.6703583015e-03
2.5464939862e+00 -2.1606641062e-03
2.7951280486e+00 -2.7278008633e-03
3.0371146150e+00 -3.3720944731e-03
3.2725360001e+00 -4.0977049747e-03
3.5014167287e+00 -4.8991451966e-03
3.7238345758e+00 -5.7834992866e-03
3.9398105076e+00 -6.7544970905e-03
4.1494274581e+00 -7.8125271220e-03
4.3527037978e+00 -8.9561256064e-03
4.5497121026e+00 -1.0186063620e-02
4.7404667698e+00 -1.1506650695e-02
4.9250358455e+00 -1.2914627252e-02
5.1034618897e+00 -1.4409763240e-02
5.2757589080e+00 -1.5992377554e-02
5.4419889633e+00 -1.7659756569e-02
5.6021701492e+00 -1.9411139613e-02
5.7563614575e+00 -2.1244737416e-02
5.9045659038e+00 -2.3161466301e-02
6.0468309810e+00 -2.5154108015e-02
6.1831869157e+00 -2.7224496772e-02
6.3136599581e+00 -2.9366980002e-02
6.4382679446e+00 -3.1580480839e-02
6.5570428345e+00 -3.3858752135e-02
6.6699985047e+00 -3.6200631077e-02
6.7771676373e+00 -3.8599116520e-02
6.8785449478e+00 -4.1053020954e-02
6.9741706622e+00 -4.3553341559e-02
7.0640542314e+00 -4.6098152243e-02
7.1481850300e+00 -4.8681398041e-02
7.2266107846e+00 -5.1297147236e-02
7.2993002270e+00 -5.3938704346e-02
7.3662758734e+00 -5.6604841491e-02
7.4275647282e+00 -5.9285353961e-02
7.4831071594e+00 -6.1970819853e-02
7.5329681371e+00 -6.4662062780e-02
7.5770954361e+00 -6.7346735701e-02
7.6155297336e+00 -7.0019974853e-02
7.6482145113e+00 -7.2678237203e-02
7.6751688140e+00 -7.5309128737e-02
7.6963788351e+00 -7.7901142364e-02
7.7118339478e+00 -8.0467673697e-02
7.7215007067e+00 -8.2969081694e-02
7.7253544892e+00 -8.5433973119e-02
7.7233979586e+00 -8.7804559319e-02
7.7155823225e+00 -9.0140464059e-02
7.7019015593e+00 -9.2378453327e-02
7.6822891895e+00 -9.4536781367e-02
7.6567485608e+00 -9.6596475805e-02
7.6252459320e+00 -9.8552045666e-02
7.5877175241e+00 -1.0040203098e-01
7.5441394122e+00 -1.0213119788e-01
7.4944770322e+00 -1.0373693472e-01
7.4386631861e+00 -1.0521139911e-01
7.3766712733e+00 -1.0654059588e-01
7.3084295535e+00 -1.0771844288e-01
7.2339267012e+00 -1.0875387556e-01
7.1530452338e+00 -1.0961020570e-01
7.0657695312e+00 -1.1030728971e-01
6.9720451016e+00 -1.1083981950e-01
6.8717069818e+00 -1.1114175788e-01
6.7648316944e+00 -1.1129933887e-01
6.6512849256e+00 -1.1123449641e-01
6.5309613649e+00 -1.1096800082e-01
6.4038327727e+00 -1.1049871204e-01
6.2697949400e+00 -1.0980606062e-01
6.1287725406e+00 -1.0889265201e-01
5.9806861966e+00 -1.0775146696e-01
5.8254330383e+00 -1.0637413065e-01
5.6629305955e+00 -1.0475802201e-01
5.4930818833e+00 -1.0290098896e-01
5.3157881663e+00 -1.0079395934e-01
5.1309338030e+00 -9.8433934022e-02
4.9384480282e+00 -9.5816912535e-02
4.7382014368e+00 -9.2938074194e-02
4.5300809635e+00 -8.9792189008e-02
4.3139657595e+00 -8.6375819977e-02
4.0897594518e+00 -8.2691240443e-02
3.8573051706e+00 -7.8720021367e-02
3.6164999190e+00 -7.4475306876e-02
3.3671918995e+00 -6.9949012693e-02
3.1092657290e+00 -6.5134601841e-02
2.8425851994e+00 -6.0032046266e-02
2.5669995426e+00 -5.4633510846e-02
2.2823559696e+00 -4.8945555402e-02
1.9885150025e+00 -4.2953834770e-02
1.6852986506e+00 -3.6660277090e-02
1.3725652902e+00 -3.0063853599e-02
1.0501345159e+00 -2.3170654377e-02
7.1783078345e-01 -1.5903047689e-02
3.7543021340e-01 -8.3868129161e-03
2.3315208515e-02 -5.2155316730e-04
