2.9269814941e+02
2.9269976174e+02
2.9270137406e+02
2.9270180369e+02
2.9270041506e+02
2.9269930307e+02
2.9269782504e+02
2.9269464901e+02
2.9269001677e+02
2.9268235945e+02
2.9267714008e+02
2.9266921643e+02
2.9265963866e+02
2.9264716734e+02
2.9263390270e+02
2.9262094873e+02
2.9260464167e+02
2.9258648849e+02
2.9256510000e+02
2.9254609927e+02
2.9252043091e+02
2.9249482614e+02
2.9246550875e+02
2.9243581718e+02
2.9240517611e+02
2.9236874265e+02
2.9233262057e+02
2.9229080972e+02
2.9224900340e+02
2.9220340381e+02
2.9215580539e+02
2.9210653054e+02
2.9205277849e+02
2.9199869881e+02
2.9193833648e+02
2.9187805142e+02
2.9181438629e+02
2.9174986362e+02
2.9168101514e+02
2.9160994196e+02
2.9153477377e+02
2.9145852999e+02
2.9138129942e+02
2.9130030008e+02
2.9121846007e+02
2.9113265521e+02
2.9104271135e+02
2.9095082435e+02
2.9085995388e+02
2.9076788853e+02
2.9067581793e+02
2.9057765903e+02
2.9048077744e+02
2.9037764145e+02
2.9027204737e+02
2.9016723420e+02
2.9006936217e+02
2.8996993144e+02
2.8986727711e+02
2.8976411143e+02
2.8966130727e+02
2.8955623267e+02
2.8944783484e+02
2.8934691708e+02
2.8924677801e+02
2.8914668186e+02
2.8904736396e+02
2.8895218272e+02
2.8885723335e+02
2.8875911339e+02
2.8866223485e+02
2.8856982184e+02
2.8847676740e+02
2.8839158808e+02
2.8831182800e+02
2.8823227211e+02
2.8815468150e+02
2.8807989374e+02
2.8801550759e+02
2.8794912257e+02
2.8788492460e+02
2.8783068800e+02
2.8777546410e+02
2.8772463989e+02
2.8768233312e+02
2.8764217393e+02
2.8760629696e+02
2.8757575279e+02
2.8755220219e+02
2.8752692721e+02
2.8750888177e+02
2.8749319928e+02
2.8748264276e+02
2.8747560353e+02
2.8747039129e+02
2.8746992729e+02
2.8746964486e+02
2.8746319273e+02
2.8747066201e+02
2.8748068412e+02
