2.9678197252e+02
2.9718500131e+02
2.9637914519e+02
2.9758979560e+02
2.9597591065e+02
2.9799458435e+02
2.9557188189e+02
2.9839939285e+02
2.9516784229e+02
2.9880429007e+02
2.9476575632e+02
2.9920907397e+02
2.9436399252e+02
2.9961200247e+02
2.9396172268e+02
3.0001493159e+02
2.9355830732e+02
3.0041912425e+02
2.9315487567e+02
3.0082446462e+02
2.9275412062e+02
3.0122985410e+02
2.9235395735e+02
3.0163706815e+02
2.9195340176e+02
3.0204427996e+02
2.9155176061e+02
3.0244958909e+02
2.9115009880e+02
3.0285312821e+02
2.9074830208e+02
3.0325668374e+02
2.9034646324e+02
3.0366339711e+02
2.8994585051e+02
3.0407018208e+02
2.8954858403e+02
3.0447649854e+02
2.8915129375e+02
3.0488237440e+02
2.8875141644e+02
3.0528827154e+02
2.8835060775e+02
3.0569402202e+02
2.8795052386e+02
3.0609977385e+02
2.8755291433e+02
3.0650576254e+02
2.8715527496e+02
3.0691218108e+02
2.8675758164e+02
3.0731862430e+02
2.8635985437e+02
3.0772449149e+02
2.8596237338e+02
3.0813030832e+02
2.8556587761e+02
3.0853622576e+02
2.8516934629e+02
3.0894240706e+02
2.8477341829e+02
3.0934861709e+02
2.8437779651e+02
3.0975477667e+02
2.8398230529e+02
3.1016094327e+02
2.8358743978e+02
3.1056701831e+02
2.8319253343e+02
3.1097303467e+02
2.8279835948e+02
3.1137908413e+02
2.8240463445e+02
3.1178513971e+02
2.8201101279e+02
3.1219121359e+02
2.8161811291e+02
3.1259728566e+02
2.8122516679e+02
3.1300347517e+02
2.8083297770e+02
3.1340970153e+02
2.8044134281e+02
3.1381529944e+02
2.8004976176e+02
3.1422073715e+02
3.1462624944e+02
2.7965873180e+02
3.1503206727e+02
2.7926765014e+02
3.1543792518e+02
2.7887749629e+02
3.1584334093e+02
2.7848814941e+02
3.1624861783e+02
2.7809882604e+02
3.1665377695e+02
2.7771023871e+02
3.1705862168e+02
2.7732159448e+02
3.1746351071e+02
2.7693369400e+02
3.1786850503e+02
2.7654656222e+02
3.1827356185e+02
2.7615938495e+02
3.1867853756e+02
2.7577321943e+02
3.1908325945e+02
2.7538696475e+02
3.1948802911e+02
2.7500149370e+02
3.1989228411e+02
2.7461698422e+02
3.2029628558e+02
2.7423242427e+02
3.2070039155e+02
2.7384883946e+02
3.2110524232e+02
2.7346520200e+02
3.2151014434e+02
2.7308235135e+02
3.2191372676e+02
2.7270065058e+02
3.2231650133e+02
2.7231889452e+02
3.2271931504e+02
2.7193642182e+02
3.2312243513e+02
3.2352560926e+02
2.7155373037e+02
3.2392844640e+02
2.7117362188e+02
3.2433104254e+02
2.7079790018e+02
3.2473360853e+02
2.7042211621e+02
3.2513564383e+02
2.7004158865e+02
3.2553773633e+02
2.6966011120e+02
3.2593966673e+02
2.6928140129e+02
3.2634145753e+02
2.6890831651e+02
3.2674325512e+02
2.6853516520e+02
3.2714484180e+02
2.6815823196e+02
3.2754648871e+02
2.6778028356e+02
3.2794763933e+02
2.6740446777e+02
3.2834827669e+02
2.6703393094e+02
3.2874896669e+02
2.6666332163e+02
3.2914874711e+02
2.6629171712e+02
3.2954860039e+02
2.6591969311e+02
3.2994844596e+02
3.3034826240e+02
2.6554753632e+02
3.3074813187e+02
2.6517516831e+02
3.3114793538e+02
2.6480272764e+02
3.3154784188e+02
2.6443544368e+02
3.3194695159e+02
2.6406988759e+02
3.3234490126e+02
2.6370345008e+02
3.3274290936e+02
2.6333400153e+02
3.3314101139e+02
2.6296447025e+02
3.3353922291e+02
2.6259991936e+02
3.3393699491e+02
2.6223744839e+02
3.3433397943e+02
2.6187463551e+02
3.3473102577e+02
2.6151056183e+02
3.3512748933e+02
2.6114639909e+02
3.3552394796e+02
3.3592021917e+02
2.6078440182e+02
3.3631603919e+02
2.6042343216e+02
3.3671192216e+02
2.6006260964e+02
3.3710741035e+02
2.5970335762e+02
3.3750290875e+02
2.5934401383e+02
3.3789817065e+02
2.5898558956e+02
3.3829275342e+02
2.5862760479e+02
3.3868740316e+02
2.5826979108e+02
3.3908119835e+02
2.5791469171e+02
3.3947483677e+02
2.5755949391e+02
3.3986833187e+02
2.5720503368e+02
3.4026124899e+02
3.4065423513e+02
2.5685099514e+02
3.4104609232e+02
2.5649698070e+02
3.4143762962e+02
2.5614548846e+02
3.4182925282e+02
2.5579389213e+02
3.4222097808e+02
2.5544348192e+02
3.4261277326e+02
2.5509399997e+02
3.4300374703e+02
2.5474442029e+02
3.4339445230e+02
2.5439698798e+02
3.4378507214e+02
2.5404944805e+02
3.4417496845e+02
2.5370266257e+02
3.4456493800e+02
3.4495447633e+02
2.5335653452e+02
3.4534387604e+02
2.5301028014e+02
3.4573307195e+02
2.5266751803e+02
3.4612044964e+02
2.5232475573e+02
3.4650790422e+02
2.5198217699e+02
3.4689533286e+02
2.5163970621e+02
3.4728282258e+02
2.5129710373e+02
3.4767028664e+02
2.5095856560e+02
3.4805672747e+02
2.5062022587e+02
3.4844324695e+02
3.4882909985e+02
2.5028225527e+02
3.4921452734e+02
2.4994473794e+02
3.4959998010e+02
2.4960708395e+02
3.4998435280e+02
2.4927195768e+02
3.5036880619e+02
2.4893703730e+02
3.5075238418e+02
2.4860297831e+02
3.5113525153e+02
2.4827034012e+02
3.5151820987e+02
2.4793755937e+02
3.5190149352e+02
3.5228485922e+02
2.4760707714e+02
3.5266743758e+02
2.4727690090e+02
3.5304926405e+02
2.4694730238e+02
3.5343118205e+02
2.4661883084e+02
3.5381241880e+02
2.4629021161e+02
3.5419371873e+02
2.4596421769e+02
3.5457414318e+02
2.4563874583e+02
3.5495353353e+02
2.4531374752e+02
3.5533301816e+02
3.5571072358e+02
2.4498991962e+02
3.5608837513e+02
2.4466593872e+02
3.5646605438e+02
2.4434429663e+02
3.5684379224e+02
2.4402326577e+02
3.5722162499e+02
2.4370271712e+02
3.5759793536e+02
2.4338369620e+02
3.5797413305e+02
2.4306451634e+02
3.5835042109e+02
2.4274752901e+02
3.5872687805e+02
3.5910343207e+02
2.4243127375e+02
3.5947728065e+02
2.4211505221e+02
3.5985072278e+02
2.4179908747e+02
3.6022402754e+02
2.4148295558e+02
3.6059701183e+02
2.4117043728e+02
3.6097009510e+02
2.4085948075e+02
3.6134102089e+02
2.4054892281e+02
3.6171150381e+02
3.6208238888e+02
2.4024074708e+02
3.6245423621e+02
2.3993239703e+02
3.6282618433e+02
2.3962507796e+02
3.6319604843e+02
2.3931825445e+02
3.6356534894e+02
2.3901173469e+02
3.6393422373e+02
2.3870787713e+02
3.6430168562e+02
3.6466925014e+02
2.3840384227e+02
3.6503645297e+02
2.3810139867e+02
3.6540357934e+02
2.3779993679e+02
3.6577041520e+02
2.3749855194e+02
3.6613600271e+02
2.3719892531e+02
3.6650169523e+02
2.3689911495e+02
3.6686598738e+02
2.3660110405e+02
3.6722969485e+02
3.6759319471e+02
2.3630443899e+02
3.6795538138e+02
2.3600777504e+02
3.6831767502e+02
2.3571342883e+02
3.6867909220e+02
2.3541888967e+02
3.6904007381e+02
2.3512518150e+02
3.6940096203e+02
2.3483220940e+02
3.6976084614e+02
3.7012084026e+02
2.3453913148e+02
3.7047977946e+02
2.3425262451e+02
3.7083806975e+02
2.3396591333e+02
3.7119621498e+02
2.3367946331e+02
3.7155201470e+02
2.3339331298e+02
3.7190792799e+02
2.3310697080e+02
3.7226237653e+02
3.7261572328e+02
2.3282457980e+02
3.7296912623e+02
2.3254208975e+02
3.7332196959e+02
2.3226032326e+02
3.7367492770e+02
2.3197951977e+02
3.7402655039e+02
2.3169851961e+02
3.7437697497e+02
3.7472748628e+02
2.3142040495e+02
3.7507937405e+02
2.3114225737e+02
3.7543138290e+02
2.3086496370e+02
3.7577982805e+02
2.3058903547e+02
3.7612448070e+02
2.3031289345e+02
3.7646925612e+02
2.3004241247e+02
3.7681181498e+02
3.7715440908e+02
2.2977241548e+02
3.7749638166e+02
2.2950279015e+02
3.7783754458e+02
2.2923399458e+02
3.7817882599e+02
2.2896497730e+02
3.7851817483e+02
2.2870003207e+02
3.7885750728e+02
3.7919560922e+02
2.2843558576e+02
3.7953183427e+02
2.2817073070e+02
3.7986818143e+02
2.2790528121e+02
3.8020198835e+02
2.2763959354e+02
3.8053559426e+02
2.2738158403e+02
3.8086811234e+02
3.8119863027e+02
2.2712513100e+02
3.8152927428e+02
2.2687101641e+02
3.8185736106e+02
2.2662326128e+02
3.8218512030e+02
2.2637526261e+02
3.8251141131e+02
2.2612254526e+02
3.8283447936e+02
3.8315768045e+02
2.2586811453e+02
3.8347760207e+02
2.2561427213e+02
3.8379684984e+02
2.2536280026e+02
3.8411519355e+02
2.2511103764e+02
3.8443103187e+02
2.2487096441e+02
3.8474700851e+02
3.8505891890e+02
2.2463504656e+02
3.8536971574e+02
2.2440151609e+02
3.8567917233e+02
2.2417838128e+02
3.8598412398e+02
2.2395494840e+02
3.8628922399e+02
2.2372892175e+02
3.8658922613e+02
3.8688741074e+02
2.2350148625e+02
3.8718466935e+02
2.2327469896e+02
3.8747780705e+02
2.2305253186e+02
3.8777110426e+02
2.2283001706e+02
3.8806103309e+02
3.8834956482e+02
2.2261755275e+02
3.8863515180e+02
2.2241025005e+02
3.8890473678e+02
2.2220484660e+02
3.8917450815e+02
2.2201569961e+02
3.8944074512e+02
2.2182611226e+02
3.8970507860e+02
3.8996756905e+02
2.2165461544e+02
3.9021556750e+02
2.2149465553e+02
3.9046378224e+02
2.2133694312e+02
3.9070383133e+02
2.2120991116e+02
3.9093864260e+02
3.9117036179e+02
2.2108234566e+02
3.9136451763e+02
2.2098186012e+02
3.9155896077e+02
2.2090185152e+02
3.9172827128e+02
2.2082820560e+02
3.9187808738e+02
3.9202255388e+02
2.2092002390e+02
3.9203300704e+02
2.2101109909e+02
3.9204384523e+02
2.2188425154e+02
3.9129572710e+02
2.2348577879e+02
3.8984430512e+02
3.8839278301e+02
