1.8165836099e+02
1.8185407768e+02
1.8205390312e+02
1.8224530439e+02
1.8242894708e+02
1.8260232675e+02
1.8276825846e+02
1.8293020060e+02
1.8307881423e+02
1.8323116521e+02
1.8337150240e+02
1.8350365787e+02
1.8363326360e+02
1.8374805698e+02
1.8386189066e+02
1.8396475734e+02
1.8406047538e+02
1.8415735658e+02
1.8424042216e+02
1.8432351430e+02
1.8439776821e+02
1.8446328748e+02
1.8452918358e+02
1.8457864351e+02
1.8462872887e+02
1.8467127477e+02
1.8470455553e+02
1.8473767043e+02
1.8475847194e+02
1.8478121524e+02
1.8479121190e+02
1.8479993304e+02
1.8480889675e+02
1.8479837776e+02
1.8478860178e+02
1.8477339706e+02
1.8475060625e+02
1.8472766888e+02
1.8469544558e+02
1.8466277730e+02
1.8461193448e+02
1.8456572633e+02
1.8451596437e+02
1.8445235583e+02
1.8439239211e+02
1.8431749198e+02
1.8424723601e+02
1.8417161696e+02
1.8407692957e+02
1.8399541247e+02
1.8389797873e+02
1.8379579331e+02
1.8369249828e+02
1.8358074793e+02
1.8346899758e+02
1.8333612945e+02
1.8321894246e+02
1.8308537589e+02
1.8293885935e+02
1.8281314560e+02
1.8265889171e+02
1.8250463783e+02
1.8235032009e+02
1.8218939267e+02
1.8202403318e+02
1.8184115658e+02
1.8167883967e+02
1.8148562887e+02
1.8130493899e+02
1.8111569165e+02
1.8091292722e+02
1.8070971500e+02
1.8051413423e+02
1.8030703091e+02
1.8009312967e+02
1.7985953187e+02
1.7965094114e+02
1.7943229840e+02
1.7918249137e+02
1.7897771676e+02
1.7874254442e+02
1.7849332824e+02
1.7829238320e+02
1.7806297287e+02
1.7783276389e+02
1.7760142398e+02
1.7738625705e+02
1.7714766851e+02
1.7692761078e+02
1.7676104900e+02
1.7650086325e+02
1.7638188824e+02
1.7621126376e+02
1.7602174160e+02
1.7602990700e+02
1.7584546407e+02
1.7578342615e+02
1.7610813791e+02
1.7665723842e+02
1.7720633893e+02
