1.5560507822e-07 3.4239279034e-08
1.8389477721e-02 -3.9890111344e-06
3.6433597039e-02 -1.4839689909e-05
5.4132513557e-02 -3.2517797044e-05
7.1486227276e-02 -5.7023332539e-05
8.8494738195e-02 -8.8356296396e-05
1.0516314065e-01 -1.2594797687e-04
1.2149570709e-01 -1.6959061245e-04
1.3749232439e-01 -2.1931185860e-04
1.5315299254e-01 -2.7511171530e-04
1.6847751192e-01 -3.3616905656e-04
1.8346990105e-01 -4.0207975795e-04
1.9813118041e-01 -4.7301197842e-04
2.1246137057e-01 -5.4905036966e-04
2.2646047154e-01 -6.3019493169e-04
2.4013041682e-01 -7.1571737785e-04
2.5347583511e-01 -8.0568300425e-04
2.6649692052e-01 -9.0022586490e-04
2.7919364006e-01 -9.9923113629e-04
2.9156504232e-01 -1.1011004666e-03
3.0361255702e-01 -1.2075013766e-03
3.1533981366e-01 -1.3170648973e-03
3.2674672538e-01 -1.4296386279e-03
3.3783341943e-01 -1.5457808561e-03
3.4859989579e-01 -1.6654915820e-03
3.5904717327e-01 -1.7880412784e-03
3.6917806885e-01 -1.9134138453e-03
3.7899255102e-01 -2.0416689961e-03
3.8848988180e-01 -2.1720161261e-03
3.9767045479e-01 -2.3046283044e-03
4.0653647457e-01 -2.4394335713e-03
4.1508805758e-01 -2.5763986883e-03
4.2332534594e-01 -2.7155531809e-03
4.3124873268e-01 -2.8563373461e-03
4.3885861089e-01 -2.9985493518e-03
4.4615514827e-01 -3.1422271856e-03
4.5313834303e-01 -3.2873637495e-03
4.5980890838e-01 -3.4335693780e-03
4.6616733633e-01 -3.5806257826e-03
4.7221362687e-01 -3.7285329631e-03
4.7794778002e-01 -3.8772909195e-03
4.8336962467e-01 -4.0268395975e-03
4.8847925146e-01 -4.1764970166e-03
4.9327696628e-01 -4.3261567926e-03
4.9776276911e-01 -4.4758189257e-03
5.0193665996e-01 -4.6254834159e-03
5.0579777950e-01 -4.7749621067e-03
5.0934582746e-01 -4.9238476898e-03
5.1258087960e-01 -5.0721274164e-03
5.1550295292e-01 -5.2197720686e-03
5.1811241062e-01 -5.3663721265e-03
5.2040763652e-01 -5.5119322924e-03
5.2238816459e-01 -5.6556576478e-03
5.2405408456e-01 -5.7977444077e-03
5.2540529930e-01 -5.9384019068e-03
5.2644082559e-01 -6.0772125931e-03
5.2715872151e-01 -6.2137719161e-03
5.2755897602e-01 -6.3481533965e-03
5.2764267670e-01 -6.4799353652e-03
5.2740854610e-01 -6.6092039503e-03
5.2685379538e-01 -6.7348410446e-03
5.2597841296e-01 -6.8570960747e-03
5.2478238337e-01 -6.9763090858e-03
5.2326539389e-01 -7.0922250812e-03
5.2142448776e-01 -7.2038031221e-03
5.1925898594e-01 -7.3109542064e-03
5.1676794141e-01 -7.4142054627e-03
5.1395185423e-01 -7.5126564700e-03
5.1080609067e-01 -7.6062028666e-03
5.0733252017e-01 -7.6943609755e-03
5.0352896019e-01 -7.7773890166e-03
4.9939233914e-01 -7.8537895896e-03
4.9492244014e-01 -7.9239989664e-03
4.9011953636e-01 -7.9886301793e-03
4.8498052776e-01 -8.0460377576e-03
4.7950148857e-01 -8.0965067641e-03
4.7368298516e-01 -8.1395131455e-03
4.6752525877e-01 -8.1749877895e-03
4.6102330590e-01 -8.2016193750e-03
4.5417605208e-01 -8.2194347560e-03
4.4698319999e-01 -8.2291546272e-03
4.3944305458e-01 -8.2297920753e-03
4.3154975842e-01 -8.2201197469e-03
4.2330295458e-01 -8.2001620621e-03
4.1470239755e-01 -8.1698707852e-03
4.0574346335e-01 -8.1282963744e-03
3.9642487685e-01 -8.0751302124e-03
3.8674645647e-01 -8.0104124719e-03
3.7670255459e-01 -7.9329123353e-03
3.6629059634e-01 -7.8414014044e-03
3.5550992408e-01 -7.7373455557e-03
3.4435759830e-01 -7.6184959066e-03
3.3282851898e-01 -7.4852812172e-03
3.2092424603e-01 -7.3364859495e-03
3.0863930446e-01 -7.1721254123e-03
2.9596923823e-01 -6.9896207007e-03
2.8291356162e-01 -6.7910432098e-03
2.6946979503e-01 -6.5741651667e-03
2.5563042129e-01 -6.3385900910e-03
2.4139740350e-01 -6.0830540260e-03
