-4.6498179236e-06 -7.4828479756e-07
3.0591395248e-01 7.8113463265e-04
6.0586132462e-01 3.0908484739e-03
8.9976797865e-01 6.8661073833e-03
1.1875830144e+00 1.2064531918e-02
1.4692402956e+00 1.8633048423e-02
1.7446965388e+00 2.6509497004e-02
2.0138664783e+00 3.5656261359e-02
2.2767044167e+00 4.6008469750e-02
2.5331401106e+00 5.7526857006e-02
2.7831356133e+00 7.0152514501e-02
3.0266132771e+00 8.3836052745e-02
3.2635187618e+00 9.8540098381e-02
3.4937561489e+00 1.1419816318e-01
3.7172904424e+00 1.3077627011e-01
3.9340399381e+00 1.4819786163e-01
4.1439714624e+00 1.6643452928e-01
4.3470258719e+00 1.8542249758e-01
4.5431426032e+00 2.0511905946e-01
4.7322697814e+00 2.2546861253e-01
4.9143489210e+00 2.4641940571e-01
5.0893426309e+00 2.6792717521e-01
5.2571857308e+00 2.8993533736e-01
5.4178437182e+00 3.1238952510e-01
5.5712717889e+00 3.3524526578e-01
5.7174287528e+00 3.5844669910e-01
5.8562646093e+00 3.8193817084e-01
5.9877695894e+00 4.0567765937e-01
6.1118934895e+00 4.2959835202e-01
6.2286210576e+00 4.5366732377e-01
6.3379139154e+00 4.7780545755e-01
6.4397619064e+00 5.0199325041e-01
6.5341420676e+00 5.2615023484e-01
6.6210490144e+00 5.5024437002e-01
6.7004741127e+00 5.7420412949e-01
6.7723776573e+00 5.9799300191e-01
6.8368104080e+00 6.2155081444e-01
6.8937501351e+00 6.4482591738e-01
6.9431906969e+00 6.6776276293e-01
6.9851871788e+00 6.9031102384e-01
7.0197081491e+00 7.1241947387e-01
7.0468189329e+00 7.3403519658e-01
7.0665142819e+00 7.5510764601e-01
7.0788285560e+00 7.7558392566e-01
7.0838251206e+00 7.9540668194e-01
7.0815222223e+00 8.1453132685e-01
7.0719527954e+00 8.3289877759e-01
7.0552249388e+00 8.5046438257e-01
7.0313434203e+00 8.6717327876e-01
7.0004000627e+00 8.8298754544e-01
6.9624623029e+00 8.9783884648e-01
6.9175781895e+00 9.1169249449e-01
6.8658654716e+00 9.2449075778e-01
6.8073984351e+00 9.3619920791e-01
6.7422487731e+00 9.4675465262e-01
6.6705609696e+00 9.5612693498e-01
6.5923760495e+00 9.6425851620e-01
6.5078550757e+00 9.7111419807e-01
6.4170832183e+00 9.7664281543e-01
6.3201989050e+00 9.8081434393e-01
6.2173345089e+00 9.8357590735e-01
6.1086039235e+00 9.8490222258e-01
5.9941601701e+00 9.8474066599e-01
5.8741516172e+00 9.8307820290e-01
5.7487171457e+00 9.7986021928e-01
5.6180501623e+00 9.7507049338e-01
5.4822635122e+00 9.6866991135e-01
5.3415679030e+00 9.6064381374e-01
5.1961562307e+00 9.5096428889e-01
5.0461731957e+00 9.3960419006e-01
4.8918271591e+00 9.2655507441e-01
4.7333366840e+00 9.1179782163e-01
4.5708815290e+00 8.9533013178e-01
4.4047306842e+00 8.7713444523e-01
4.2350508293e+00 8.5722189663e-01
4.0621063369e+00 8.3557994861e-01
3.8861509970e+00 8.1224058056e-01
3.7074258330e+00 7.8719447298e-01
3.5261967614e+00 7.6047445155e-01
3.3427808609e+00 7.3209958449e-01
3.1574222577e+00 7.0210971694e-01
2.9704718543e+00 6.7053708231e-01
2.7822689832e+00 6.3746002952e-01
2.5931293983e+00 6.0290284441e-01
2.4034698124e+00 5.6697978620e-01
2.2136952914e+00 5.2972591912e-01
2.0242225376e+00 4.9130171624e-01
1.8355777711e+00 4.5177831247e-01
1.6482904194e+00 4.1133162711e-01
1.4629708066e+00 3.7008692067e-01
1.2802489572e+00 3.2826216382e-01
1.1010050924e+00 2.8607495133e-01
9.2614099229e-01 2.4386399583e-01
7.5679161113e-01 2.0187802116e-01
5.9430567615e-01 1.6059580020e-01
4.4055838367e-01 1.2058303671e-01
2.9805940136e-01 8.2655293002e-02
1.7053013051e-01 4.8048084350e-02
6.4483046245e-02 1.7601366620e-02
-1.3566917136e-05 -3.0573970239e-06
