-3.8768965344e-05 -7.0564894883e-05
1.9498302455e-01 6.7127311380e-04
3.8417796093e-01 2.5766068317e-03
5.6758600058e-01 5.6842469651e-03
7.4524181107e-01 9.9753669013e-03
9.1722120365e-01 1.5374615272e-02
1.0835624312e+00 2.1817801988e-02
1.2443139069e+00 2.9282939105e-02
1.3995436411e+00 3.7700042381e-02
1.5492878902e+00 4.7037632216e-02
1.6936135686e+00 5.7243508632e-02
1.8325764626e+00 6.8264505250e-02
1.9662189043e+00 8.0070755557e-02
2.0946210081e+00 9.2600935870e-02
2.2178218073e+00 1.0582469584e-01
2.3358778852e+00 1.1968904189e-01
2.4488599605e+00 1.3415359093e-01
2.5568148788e+00 1.4918136497e-01
2.6598023653e+00 1.6471717934e-01
2.7578811495e+00 1.8073436008e-01
2.8511116441e+00 1.9717495395e-01
2.9395463215e+00 2.1401273571e-01
3.0232396193e+00 2.3119418737e-01
3.1022560247e+00 2.4868696216e-01
3.1766475859e+00 2.6644590324e-01
3.2464739694e+00 2.8442852857e-01
3.3117787412e+00 3.0259882217e-01
3.3726322557e+00 3.2091378962e-01
3.4290777221e+00 3.3933210619e-01
3.4811783576e+00 3.5781743365e-01
3.5289768263e+00 3.7632264353e-01
3.5725391724e+00 3.9481534948e-01
3.6119047799e+00 4.1325240897e-01
3.6471304588e+00 4.3158856556e-01
3.6782695094e+00 4.4979151831e-01
3.7053677558e+00 4.6781983811e-01
3.7284812051e+00 4.8562887641e-01
3.7476479288e+00 5.0318094476e-01
3.7629344535e+00 5.2043983243e-01
3.7743672864e+00 5.3736340465e-01
3.7820151044e+00 5.5390498695e-01
3.7859099166e+00 5.7003662272e-01
3.7861104247e+00 5.8571426010e-01
3.7826484191e+00 6.0088985186e-01
3.7755918194e+00 6.1554209289e-01
3.7649646752e+00 6.2959488403e-01
3.7508429299e+00 6.4306990446e-01
3.7332534293e+00 6.5588304423e-01
3.7122217458e+00 6.6799161574e-01
3.6878282771e+00 6.7939235014e-01
3.6601181753e+00 6.9001400068e-01
3.6291199061e+00 6.9983881755e-01
3.5948991073e+00 7.0882539386e-01
3.5574999454e+00 7.1692098783e-01
3.5169705881e+00 7.2412923695e-01
3.4733548263e+00 7.3037780640e-01
3.4267196098e+00 7.3564424212e-01
3.3770971400e+00 7.3990383514e-01
3.3245773187e+00 7.4312573422e-01
3.2691700692e+00 7.4524525109e-01
3.2109745012e+00 7.4628249729e-01
3.1500246926e+00 7.4617290421e-01
3.0864028255e+00 7.4491232597e-01
3.0201434303e+00 7.4246230789e-01
2.9513394345e+00 7.3879177709e-01
2.8800569352e+00 7.3390293289e-01
2.8063655973e+00 7.2776171322e-01
2.7303352427e+00 7.2034961886e-01
2.6520609758e+00 7.1166158456e-01
2.5716027528e+00 7.0166683307e-01
2.4890704375e+00 6.9038409627e-01
2.4045480675e+00 6.7778936038e-01
2.3181412584e+00 6.6387806019e-01
2.2299495617e+00 6.4866517602e-01
2.1400799869e+00 6.3215064597e-01
2.0486433286e+00 6.1435880914e-01
1.9557816878e+00 5.9525865623e-01
1.8616138469e+00 5.7492639351e-01
1.7662829740e+00 5.5336235271e-01
1.6699366226e+00 5.3060004339e-01
1.5727598048e+00 5.0667025909e-01
1.4749306515e+00 4.8163143675e-01
1.3765252842e+00 4.5555711055e-01
1.2779609633e+00 4.2849856198e-01
1.1792516817e+00 4.0045829168e-01
1.0808266649e+00 3.7175311972e-01
9.8282773777e-01 3.4222717559e-01
8.8559431651e-01 3.1209604300e-01
7.8945851427e-01 2.8153359456e-01
6.9484288743e-01 2.5071556445e-01
6.0211732487e-01 2.1967571541e-01
5.1186185458e-01 1.8879905042e-01
4.2453034253e-01 1.5830894611e-01
3.4100770026e-01 1.2847768204e-01
2.6212273817e-01 9.9697909619e-02
1.8896676747e-01 7.2553522833e-02
1.2286774019e-01 4.7578281347e-02
6.6069342224e-02 2.5790196917e-02
2.2352823650e-02 8.3528346353e-03
-5.2250792074e-04 -2.3373221626e-04
