3.6620308826e+02
3.6609422634e+02
3.6598876095e+02
3.6588856604e+02
3.6579276987e+02
3.6570051544e+02
3.6561389549e+02
3.6553072344e+02
3.6545335385e+02
3.6537922935e+02
3.6531142842e+02
3.6524668572e+02
3.6518764329e+02
3.6513252201e+02
3.6508356159e+02
3.6503850357e+02
3.6499970775e+02
3.6496499279e+02
3.6493535517e+02
3.6491122057e+02
3.6489163984e+02
3.6487733117e+02
3.6486830677e+02
3.6486412004e+02
3.6486583452e+02
3.6487323302e+02
3.6488507345e+02
3.6490335836e+02
3.6492630651e+02
3.6495474810e+02
3.6499035017e+02
3.6502957498e+02
3.6507423535e+02
3.6512513854e+02
3.6517989802e+02
3.6524239162e+02
3.6530897098e+02
3.6538202482e+02
3.6545986899e+02
3.6554268138e+02
3.6563317061e+02
3.6572845617e+02
3.6582952726e+02
3.6593571136e+02
3.6604617963e+02
3.6616371839e+02
3.6628445382e+02
3.6641166246e+02
3.6654412764e+02
3.6667869787e+02
3.6682280610e+02
3.6696994657e+02
3.6712261473e+02
3.6728062254e+02
3.6744292884e+02
3.6760875826e+02
3.6778139184e+02
3.6795522887e+02
3.6813681771e+02
3.6832338667e+02
3.6850834286e+02
3.6870357253e+02
3.6890016271e+02
3.6910122627e+02
3.6930790188e+02
3.6951103003e+02
3.6972531424e+02
3.6994107121e+02
3.7015620567e+02
3.7038120517e+02
3.7060157987e+02
3.7083189138e+02
3.7106044945e+02
3.7128927518e+02
3.7152732687e+02
3.7176090289e+02
3.7199920669e+02
3.7224160120e+02
3.7247882405e+02
3.7272553961e+02
3.7296992454e+02
3.7320947749e+02
3.7346362188e+02
3.7370843619e+02
3.7394762922e+02
3.7420759113e+02
3.7445087366e+02
3.7468602181e+02
3.7494621871e+02
3.7518851410e+02
3.7543442975e+02
3.7566962944e+02
3.7589742623e+02
3.7613289225e+02
3.7636648735e+02
3.7654411663e+02
3.7672655845e+02
3.7697984992e+02
3.7681443496e+02
3.7576617536e+02
