4.1292601112e-06 3.5773883183e-05
1.7866491836e-01 -3.4625161724e-04
3.5163370550e-01 -1.3261188406e-03
5.1898621291e-01 -2.9223345483e-03
6.8078535990e-01 -5.1197816643e-03
8.3713129431e-01 -7.8780438916e-03
9.8808510025e-01 -1.1171101321e-02
1.1337506207e+00 -1.4973117335e-02
1.2742014563e+00 -1.9251715721e-02
1.4095205770e+00 -2.3990596956e-02
1.5398074918e+00 -2.9156394121e-02
1.6651314503e+00 -3.4732905494e-02
1.7856006199e+00 -4.0688857381e-02
1.9012791976e+00 -4.7007577808e-02
2.0122760003e+00 -5.3660239352e-02
2.1186586769e+00 -6.0632567874e-02
2.2205332965e+00 -6.7895231496e-02
2.3179648368e+00 -7.5435520087e-02
2.4110485682e+00 -8.3225165759e-02
2.4998684393e+00 -9.1251011669e-02
2.5844999995e+00 -9.9490674797e-02
2.6650438102e+00 -1.0792556453e-01
2.7415548953e+00 -1.1653951853e-01
2.8141329144e+00 -1.2530989147e-01
2.8828281703e+00 -1.3422595726e-01
2.9477304911e+00 -1.4326307677e-01
3.0089192028e+00 -1.5240539554e-01
3.0664470954e+00 -1.6164102712e-01
3.1204037280e+00 -1.7094840003e-01
3.1708400593e+00 -1.8031517989e-01
3.2178173578e+00 -1.8972110116e-01
3.2614054793e+00 -1.9915224128e-01
3.3016586217e+00 -2.0859385611e-01
3.3386410334e+00 -2.1802627865e-01
3.3723907918e+00 -2.2743825891e-01
3.4029837612e+00 -2.3680926520e-01
3.4304431229e+00 -2.4613108502e-01
3.4548284795e+00 -2.5538043945e-01
3.4761948687e+00 -2.6454676786e-01
3.4945577810e+00 -2.7361050629e-01
3.5099781491e+00 -2.8255761181e-01
3.5224765891e+00 -2.9137278990e-01
3.5320862506e+00 -3.0003954610e-01
3.5388542124e+00 -3.0854069952e-01
3.5427905634e+00 -3.1686300075e-01
3.5439339632e+00 -3.2498318720e-01
3.5422976630e+00 -3.3289490762e-01
3.5379082597e+00 -3.4057083729e-01
3.5307833680e+00 -3.4800320956e-01
3.5209479969e+00 -3.5516926448e-01
3.5083864495e+00 -3.6205112852e-01
3.4931363489e+00 -3.6863251697e-01
3.4752075291e+00 -3.7489589594e-01
3.4545884000e+00 -3.8082024029e-01
3.4312997430e+00 -3.8638981032e-01
3.4053456803e+00 -3.9158033992e-01
3.3767168297e+00 -3.9637677994e-01
3.3454383656e+00 -4.0074636743e-01
3.3114724072e+00 -4.0471719640e-01
3.2748708651e+00 -4.0819552680e-01
3.2355789511e+00 -4.1121500408e-01
3.1936128276e+00 -4.1373785358e-01
3.1489779934e+00 -4.1573856103e-01
3.1016675601e+00 -4.1719862342e-01
3.0516702818e+00 -4.1810587777e-01
2.9989822115e+00 -4.1842644554e-01
2.9436122412e+00 -4.1814200502e-01
2.8855443573e+00 -4.1723126584e-01
2.8247930749e+00 -4.1567435588e-01
2.7613456606e+00 -4.1344397205e-01
2.6952197231e+00 -4.1052347980e-01
2.6264042911e+00 -4.0688926340e-01
2.5549222495e+00 -4.0252155649e-01
2.4807750102e+00 -3.9739351076e-01
2.4039865203e+00 -3.9149107293e-01
2.3245820994e+00 -3.8479084334e-01
2.2425853129e+00 -3.7727130945e-01
2.1580242030e+00 -3.6892787610e-01
2.0709456135e+00 -3.5972228792e-01
1.9814074963e+00 -3.4965174754e-01
1.8894574536e+00 -3.3870419024e-01
1.7951681106e+00 -3.2686141551e-01
1.6986396523e+00 -3.1411986128e-01
1.5999711694e+00 -3.0049663071e-01
1.4992561873e+00 -2.8590464573e-01
1.3966721114e+00 -2.7046354754e-01
1.2923438747e+00 -2.5412792872e-01
1.1865565572e+00 -2.3686397264e-01
1.0794493906e+00 -2.1879063289e-01
9.7133735425e-01 -1.9987950237e-01
8.6253918288e-01 -1.8022362885e-01
7.5348785265e-01 -1.5984138025e-01
6.4470027700e-01 -1.3883114962e-01
5.3675169656e-01 -1.1738927478e-01
4.3058193206e-01 -9.5545153031e-02
3.2720978044e-01 -7.3774129703e-02
2.2818114020e-01 -5.2074980792e-02
1.3585286751e-01 -3.1580076257e-02
5.4719054331e-02 -1.2375617524e-02
-6.1351051372e-04 2.0125016801e-04
