-9.9094557113e-07 4.9904705882e-06
2.0813800214e-01 -1.9849245116e-04
4.0962622788e-01 -7.7676284413e-04
6.0457362505e-01 -1.7234386584e-03
7.9308587918e-01 -3.0179205600e-03
9.7527235403e-01 -4.6452444117e-03
1.1512471736e+00 -6.5877781076e-03
1.3211143867e+00 -8.8324912165e-03
1.4850035139e+00 -1.1361034822e-02
1.6430028116e+00 -1.4160422199e-02
1.7952411214e+00 -1.7216136555e-02
1.9418246569e+00 -2.0514247500e-02
2.0828500989e+00 -2.4043018184e-02
2.2184536374e+00 -2.7785221423e-02
2.3487150424e+00 -3.1731388951e-02
2.4737690108e+00 -3.5870105996e-02
2.5936919573e+00 -4.0186452251e-02
2.7086084287e+00 -4.4669315746e-02
2.8186382187e+00 -4.9305585686e-02
2.9238576661e+00 -5.4087327809e-02
3.0243817202e+00 -5.9007703465e-02
3.1202863768e+00 -6.4051473049e-02
3.2116791012e+00 -6.9213010908e-02
3.2986587677e+00 -7.4474720899e-02
3.3813181820e+00 -7.9830934782e-02
3.4597501470e+00 -8.5269360360e-02
3.5340511257e+00 -9.0782488423e-02
3.6042753014e+00 -9.6361391418e-02
3.6705102683e+00 -1.0200055589e-01
3.7328427189e+00 -1.0768730521e-01
3.7913385959e+00 -1.1341026872e-01
3.8460922510e+00 -1.1916336534e-01
3.8971502434e+00 -1.2493851708e-01
3.9445957012e+00 -1.3072976995e-01
3.9884745147e+00 -1.3652266637e-01
4.0288494523e+00 -1.4231240895e-01
4.0658009577e+00 -1.4809409388e-01
4.0993709916e+00 -1.5385274620e-01
4.1295799233e+00 -1.5958058445e-01
4.1564997012e+00 -1.6527169346e-01
4.1801641077e+00 -1.7091482879e-01
4.2006300869e+00 -1.7650766730e-01
4.2179145820e+00 -1.8203296471e-01
4.2320539749e+00 -1.8748671898e-01
4.2430728856e+00 -1.9285660324e-01
4.2510184044e+00 -1.9813650862e-01
4.2558833849e+00 -2.0331830844e-01
4.2577053208e+00 -2.0838786176e-01
4.2564877156e+00 -2.1333864454e-01
4.2522544418e+00 -2.1816000300e-01
4.2449932968e+00 -2.2284039145e-01
4.2347215353e+00 -2.2737305608e-01
4.2214514719e+00 -2.3174603158e-01
4.2051691649e+00 -2.3594841148e-01
4.1858689851e+00 -2.3996910539e-01
4.1635581560e+00 -2.4379648591e-01
4.1382033235e+00 -2.4741677344e-01
4.1097954268e+00 -2.5082007715e-01
4.0783272463e+00 -2.5399383016e-01
4.0437775076e+00 -2.5692401686e-01
4.0061159607e+00 -2.5959745915e-01
3.9653278396e+00 -2.6200668877e-01
3.9213850702e+00 -2.6412967356e-01
3.8742512956e+00 -2.6595593667e-01
3.8238964180e+00 -2.6746628618e-01
3.7703055780e+00 -2.6865141199e-01
3.7134435515e+00 -2.6949612581e-01
3.6532557848e+00 -2.6998094441e-01
3.5897137644e+00 -2.7009086936e-01
3.5227957391e+00 -2.6980981101e-01
3.4524389555e+00 -2.6912017763e-01
3.3786319516e+00 -2.6800290147e-01
3.3013313806e+00 -2.6644283065e-01
3.2204973708e+00 -2.6442093607e-01
3.1361073599e+00 -2.6191653742e-01
3.0481134021e+00 -2.5890889942e-01
2.9565035451e+00 -2.5538446337e-01
2.8612396450e+00 -2.5132267312e-01
2.7622954859e+00 -2.4669927016e-01
2.6596683976e+00 -2.4149571054e-01
2.5533343668e+00 -2.3569055919e-01
2.4432897336e+00 -2.2926732429e-01
2.3295404755e+00 -2.2220567027e-01
2.2121060457e+00 -2.1448545810e-01
2.0910082268e+00 -2.0608734532e-01
1.9662872295e+00 -1.9698485125e-01
1.8380162566e+00 -1.8717104023e-01
1.7062709647e+00 -1.7662867422e-01
1.5711453040e+00 -1.6534011081e-01
1.4328153993e+00 -1.5329668743e-01
1.2914521153e+00 -1.4048936909e-01
1.1473201679e+00 -1.2691720158e-01
1.0007511292e+00 -1.1260245558e-01
8.5220753373e-01 -9.7552979127e-02
7.0224169888e-01 -8.1797084497e-02
5.5174833042e-01 -6.5429445047e-02
4.0209760605e-01 -4.8525967170e-02
2.5520301105e-01 -3.1441938700e-02
1.1526955043e-01 -1.3933825985e-02
-1.4385784553e-04 2.8754676506e-05
