8.4761428986e-04 -8.4130076744e-07
1.3166448715e-03 2.1759954475e-06
7.2079552608e-05 7.9406264032e-07
1.3510970956e-03 6.6655430245e-06
9.2602724973e-04 -2.9565779251e-06
9.5322370221e-04 8.0166789438e-06
1.3377740558e-03 -8.7653708764e-06
1.1697188424e-04 2.4717722225e-06
1.3227702582e-03 -1.4110419720e-05
8.2217791139e-04 9.4556150190e-06
8.7699397887e-04 -1.2550512542e-05
1.3080087900e-03 1.7692587385e-05
2.9651550174e-05 1.2338167627e-07
1.3597341657e-03 2.1937034909e-05
8.9458515436e-04 -1.4143223454e-05
9.8025919462e-04 1.8934334557e-05
1.3248263223e-03 -2.4394268725e-05
1.5765211724e-04 4.7925207993e-06
1.3255293975e-03 -2.7155593793e-05
7.9580781679e-04 1.8580892423e-05
8.9570530522e-04 -2.0217183614e-05
1.3009057611e-03 3.2393699891e-05
3.0288103360e-05 -1.1876321644e-07
1.3654301355e-03 3.6917185351e-05
8.6846270007e-04 -2.2769733316e-05
1.0004100997e-03 3.0044075950e-05
1.3112895943e-03 -3.8030206690e-05
1.9983555804e-04 7.6208513798e-06
1.3249759161e-03 -4.1666562330e-05
7.6422914109e-04 2.2502662122e-05
9.1534784462e-04 -3.0973406718e-05
1.2872831988e-03 4.3101086920e-05
7.3980776368e-05 -2.1540283318e-06
1.3748848020e-03 5.3898052132e-05
8.3455226456e-04 -2.9242891941e-05
1.0284667857e-03 4.4537505157e-05
1.2966723143e-03 -5.0634240324e-05
2.3971963764e-04 1.2911962855e-05
1.3309885326e-03 -5.7326195619e-05
7.3823257364e-04 3.4352013095e-05
9.3156833676e-04 -4.2799168635e-05
1.2782213168e-03 6.1524285006e-05
9.8789911337e-05 -4.5136831241e-06
1.3727619615e-03 7.2091630226e-05
7.2732800013e-04 -3.4486461057e-05
1.0449572814e-03 6.1910591922e-05
1.2430620851e-03 -6.3366265958e-05
2.7932828690e-04 2.0034225507e-05
1.3529678030e-03 -7.4094272465e-05
6.9946016072e-04 4.1422184170e-05
9.5153569875e-04 -5.5903509859e-05
1.2561389972e-03 7.5254076008e-05
1.6188099013e-04 -1.0100879809e-05
1.3769748289e-03 8.5532559323e-05
7.8082054200e-04 -4.7610043039e-05
1.0662421973e-03 6.9252439808e-05
1.2600909521e-03 -7.9572913855e-05
3.1725348385e-04 2.3054688472e-05
1.3113290246e-03 -8.5422162405e-05
6.6596617829e-04 4.6404324795e-05
9.5863485008e-04 -6.4800148351e-05
1.2406173567e-03 8.7955509339e-05
1.9344452795e-04 -1.3747726283e-05
1.3772943409e-03 1.0275528447e-04
7.3635521586e-04 -5.2456635653e-05
1.0857688999e-03 8.7265186290e-05
1.2336656947e-03 -9.0786976028e-05
3.5578195163e-04 3.2074234650e-05
1.3070548019e-03 -1.0011971473e-04
6.2917097111e-04 5.2355771482e-05
9.7215630380e-04 -7.8122231849e-05
1.2179188229e-03 1.0155715706e-04
2.2730406427e-04 -1.9252561975e-05
1.3721729755e-03 1.1751253427e-04
6.9845417053e-04 -5.4773696831e-05
1.1001268899e-03 9.7889179190e-05
1.2099756026e-03 -9.9724704802e-05
3.9332984081e-04 3.7925427638e-05
1.3065576092e-03 -1.1487947680e-04
5.9518083774e-04 5.6432462237e-05
1.0012702029e-03 -9.2877767846e-05
1.1974082146e-03 1.1357690661e-04
2.7175033909e-04 -2.6795286756e-05
1.3674872688e-03 1.3290759746e-04
6.5494244113e-04 -6.1488341354e-05
1.1162472244e-03 1.1244590718e-04
1.1765707192e-03 -1.1278188649e-04
4.2690645240e-04 4.6215975075e-05
1.2961304198e-03 -1.2751134781e-04
5.5675888291e-04 6.0004346386e-05
1.0091598571e-03 -1.0205244959e-04
1.1754633144e-03 1.2557849431e-04
3.0505722743e-04 -3.2114042662e-05
1.3604915609e-03 1.4750195560e-04
6.1786505914e-04 -6.4673712592e-05
1.1218960638e-03 1.2518093898e-04
1.1497648599e-03 -1.2251403749e-04
4.5756944556e-04 5.3924625395e-05
1.2844568354e-03 -1.3994307733e-04
1.0174798159e-03 -1.1368564466e-04
5.2236486644e-04 5.8527139322e-05
3.3692503569e-04 -3.9151430983e-05
1.1534753240e-03 1.3127302827e-04
5.8206187683e-04 -6.7387325383e-05
1.3505986147e-03 1.6263709163e-04
1.1241778103e-03 -1.3193417848e-04
1.1343722262e-03 1.4117575104e-04
1.2689042937e-03 -1.5209117036e-04
4.9091924520e-04 6.4547716699e-05
1.0176324762e-03 -1.2524754415e-04
4.8294476501e-04 6.3726319752e-05
3.6565482046e-04 -4.6805282614e-05
1.1256840725e-03 1.4676842165e-04
5.4984178585e-04 -6.9711852546e-05
1.3364536551e-03 1.7797572011e-04
1.1013226260e-03 -1.4110512592e-04
1.1403538646e-03 1.5605933370e-04
1.2532034191e-03 -1.6394966695e-04
5.2068438811e-04 7.5006651146e-05
1.0151755860e-03 -1.3637996424e-04
4.4291340632e-04 6.4470389967e-05
3.9042596173e-04 -5.4445117585e-05
1.0966811674e-03 1.5642932606e-04
5.1442098010e-04 -7.0892220912e-05
1.3252882733e-03 1.9230981881e-04
1.0750068644e-03 -1.4920426994e-04
1.1449318817e-03 1.6979103300e-04
1.2364358527e-03 -1.7480858895e-04
5.4686303808e-04 8.4742781339e-05
1.0134045535e-03 -1.4637557117e-04
4.0159083830e-04 6.3759921031e-05
4.1414056849e-04 -6.1796696925e-05
1.0664335368e-03 1.6506187311e-04
4.7662813954e-04 -7.1224066753e-05
1.3116043063e-03 2.0572948649e-04
1.0452396404e-03 -1.5660682289e-04
1.1493590910e-03 1.8321062506e-04
1.2177440167e-03 -1.8495490591e-04
5.7345684208e-04 9.4944705593e-05
1.0169705223e-03 -1.5754341197e-04
3.6231473237e-04 6.2327420776e-05
4.4187848434e-04 -7.0674973620e-05
1.0370243904e-03 1.7292447620e-04
4.3482657533e-04 -6.9655303779e-05
1.2946425046e-03 2.1861904138e-04
1.0072199319e-03 -1.6137657696e-04
1.1489803407e-03 1.9918862586e-04
1.1986101813e-03 -1.9594662195e-04
5.9605845438e-04 1.0764345104e-04
1.0200884450e-03 -1.7396339774e-04
3.1965669329e-04 5.9501228205e-05
4.6854857539e-04 -8.3529687218e-05
1.0019555467e-03 1.7928869282e-04
4.0013499275e-04 -6.9264254802e-05
9.7957776479e-04 -1.6808200042e-04
1.2753411818e-03 2.3093663792e-04
1.1803148798e-03 -2.0545472388e-04
1.1526661305e-03 2.1355399210e-04
1.0258834419e-03 -1.8051215200e-04
6.2203745009e-04 1.1961252620e-04
4.9350290821e-04 -8.8847710683e-05
2.7967256266e-04 5.6441065037e-05
3.5283977494e-04 -6.4772164676e-05
9.7051363831e-04 1.8604219726e-04
9.3409147038e-04 -1.7017343833e-04
1.2528652730e-03 2.4230391338e-04
1.1564204193e-03 -2.1306048824e-04
1.1432281910e-03 2.2446557230e-04
1.0194554087e-03 -1.9078399209e-04
6.3909456835e-04 1.2940003894e-04
5.1333173251e-04 -9.8601177854e-05
2.4255843116e-04 5.2470183964e-05
3.1914885636e-04 -6.2421502279e-05
9.3725638118e-04 1.9091952449e-04
9.0445781803e-04 -1.7437487531e-04
1.2305381516e-03 2.5287444021e-04
1.1343550176e-03 -2.2101303242e-04
1.1386688598e-03 2.3798434671e-04
1.0055720072e-03 -1.9943345923e-04
6.5744729849e-04 1.4160101931e-04
5.2398520872e-04 -1.0672189322e-04
2.0132265491e-04 4.7081519866e-05
2.8500297422e-04 -5.8027289271e-05
9.0072470479e-04 1.9478139418e-04
8.7782669346e-04 -1.7627371222e-04
1.2069116516e-03 2.6275885396e-04
1.1148649450e-03 -2.2847507162e-04
1.1339785451e-03 2.5010983002e-04
1.0048994943e-03 -2.0997313431e-04
6.7383418687e-04 1.5262526693e-04
5.4494509909e-04 -1.1658424082e-04
1.5785988961e-04 4.0246785575e-05
2.5285208604e-04 -5.5532221984e-05
8.6552299328e-04 1.9808089895e-04
8.5104314283e-04 -1.8249488408e-04
1.0899840378e-03 -2.3543538183e-04
1.1834520173e-03 2.7262391675e-04
9.8627371002e-04 -2.1523372553e-04
1.1216135072e-03 2.6568360317e-04
5.5027283044e-04 -1.2252806357e-04
6.8506142415e-04 1.6864662880e-04
2.1511792047e-04 -4.9903849770e-05
1.2148402460e-04 3.4460939495e-05
8.1593023032e-04 -1.8325845441e-04
8.2766269487e-04 2.0019241146e-04
1.0649095738e-03 -2.4090235885e-04
1.1532630436e-03 2.7997544385e-04
9.8038832926e-04 -2.2445349196e-04
1.1109458740e-03 2.7289037662e-04
5.6725886224e-04 -1.3258593590e-04
6.9821725295e-04 1.7553513182e-04
1.7830247522e-04 -4.3890765160e-05
8.2275986306e-05 2.5871186658e-05
7.7353236466e-04 -1.8182403796e-04
7.9478333091e-04 2.0196935294e-04
1.0355287215e-03 -2.4506172394e-04
1.1280750843e-03 2.8748731226e-04
9.7510557386e-04 -2.3364875652e-04
1.0952766942e-03 2.8241653601e-04
5.8447866888e-04 -1.4293450881e-04
7.0432652501e-04 1.8575768686e-04
1.4318989004e-04 -3.7562023726e-05
4.5735778815e-05 1.7576964151e-05
7.3694415776e-04 -1.8096393585e-04
7.5508061447e-04 2.0149992961e-04
1.0094216365e-03 -2.4933459202e-04
1.0970029549e-03 2.9323298359e-04
9.6447005040e-04 -2.4113871092e-04
5.9388384922e-04 -1.5146792180e-04
1.0844261564e-03 2.9300414242e-04
1.0933515516e-04 -3.0840106581e-05
7.1602583373e-04 1.9757442304e-04
7.0592686023e-04 -1.8079843447e-04
4.5193195302e-06 7.2895563504e-06
9.8325157905e-04 -2.5306020926e-04
7.1598368291e-04 2.0032570782e-04
9.4998432920e-04 -2.4754001703e-04
1.0669579645e-03 2.9857484324e-04
6.0102965717e-04 -1.5981629849e-04
1.0669499966e-03 3.0153250644e-04
7.6594834883e-05 -2.3841319894e-05
7.1899246687e-04 2.0730184114e-04
6.6973927339e-04 -1.7841037601e-04
2.1817793985e-05 1.2411208924e-05
9.5330538221e-04 -2.5515930864e-04
6.8093318844e-04 1.9913512377e-04
9.3390761548e-04 -2.5473983598e-04
1.0366825327e-03 3.0306851524e-04
6.0636689350e-04 -1.6953250249e-04
1.0481729235e-03 3.0979165094e-04
4.6472275120e-05 -1.6522833653e-05
7.2288707637e-04 2.1797602882e-04
6.4027757482e-04 -1.7802113530e-04
5.7158125904e-05 2.3329088310e-05
9.2800324638e-04 -2.5819732732e-04
6.4322994627e-04 1.9649036884e-04
9.2026983480e-04 -2.5842497082e-04
6.1259321072e-04 -1.7500912525e-04
1.0036727768e-03 3.0627346560e-04
1.4564115088e-05 -8.1018656442e-06
1.0273066752e-03 3.1825489940e-04
6.0868833694e-04 -1.7521393527e-04
7.2338255907e-04 2.2989485595e-04
9.0157863713e-04 -2.5984115629e-04
8.8569992362e-05 3.4429158488e-05
9.0176907181e-04 -2.6214265660e-04
6.0463217160e-04 1.9325444854e-04
6.1201076563e-04 -1.8072060002e-04
9.6903241033e-04 3.0836139418e-04
3.0214967573e-05 -1.2887426351e-05
1.0071606658e-03 3.2270340064e-04
5.7658595164e-04 -1.7212826578e-04
7.2462499404e-04 2.3588237199e-04
8.7285421695e-04 -2.6054706090e-04
1.1589018993e-04 4.3408490534e-05
8.8428522641e-04 -2.6608641371e-04
5.6878719970e-04 1.8900634798e-04
6.1390411966e-04 -1.8759534961e-04
9.3720469095e-04 3.0990688048e-04
5.7153702799e-05 -2.1570498290e-05
9.8284154005e-04 3.2759459880e-04
5.4473089588e-04 -1.6843815814e-04
7.1869160526e-04 2.4366837072e-04
8.4464885120e-04 -2.6076551277e-04
8.6494185243e-04 -2.6906442474e-04
1.4282560761e-04 5.4130773827e-05
6.1212736599e-04 -1.9330749207e-04
5.3284862594e-04 1.8415299086e-04
8.2494011697e-05 -3.0261726446e-05
9.0294887829e-04 3.1012221676e-04
5.1190039649e-04 -1.6372463375e-04
9.5929127417e-04 3.3206362953e-04
8.1457375912e-04 -2.5975768723e-04
7.1533923191e-04 2.5160867295e-04
8.4508273808e-04 -2.7151780350e-04
1.6686301125e-04 6.4107005798e-05
6.1079427126e-04 -1.9920327988e-04
4.9509264557e-04 1.7776382970e-04
1.0671383486e-04 -3.9104167883e-05
8.6767479473e-04 3.0912288773e-04
4.7807124764e-04 -1.5812765562e-04
9.3544227188e-04 3.3530317370e-04
7.8311139602e-04 -2.5777031770e-04
7.1086393187e-04 2.5854767945e-04
8.2694138383e-04 -2.7409797421e-04
1.8867265283e-04 7.3932300686e-05
6.1257192633e-04 -2.0601215058e-04
1.2914164785e-04 -4.7816639556e-05
4.5717887390e-04 1.7056292285e-04
4.4122353216e-04 -1.5093441480e-04
8.3090714186e-04 3.0695157055e-04
7.4917860695e-04 -2.5439913023e-04
9.0935663632e-04 3.3775511859e-04
8.0419955339e-04 -2.7472518784e-04
7.0187132251e-04 2.6426321108e-04
6.0189432089e-04 -2.0864103021e-04
2.0717296903e-04 8.3126549732e-05
1.4703366244e-04 -5.5441931941e-05
4.2168788944e-04 1.6315267421e-04
4.1981167439e-04 -1.4813142478e-04
7.9605401563e-04 3.0435302771e-04
7.2692676592e-04 -2.5420367715e-04
8.8299571321e-04 3.3909748404e-04
7.7732736725e-04 -2.7351099702e-04
6.9470703414e-04 2.7034542195e-04
5.8852492516e-04 -2.1013719171e-04
2.2599749753e-04 9.3224114503e-05
1.6334919665e-04 -6.2870476043e-05
3.8664980079e-04 1.5534121898e-04
3.9009381980e-04 -1.4204976368e-04
6.9665623325e-04 -2.5081215214e-04
7.5927638111e-04 3.0064428223e-04
7.5552025149e-04 -2.7358062974e-04
8.5315425915e-04 3.4033426681e-04
5.8559112050e-04 -2.1512473838e-04
6.8162769208e-04 2.7790115260e-04
1.8091136950e-04 -7.1108782746e-05
2.4061983168e-04 1.0398918623e-04
3.5202067614e-04 -1.3251449007e-04
3.5189020947e-04 1.4685259461e-04
6.5810294376e-04 -2.4394408500e-04
7.2162969023e-04 2.9549779849e-04
7.3473698342e-04 -2.7353075672e-04
8.2267571234e-04 3.3793174069e-04
5.8087694192e-04 -2.1935335567e-04
6.6760249593e-04 2.7730503840e-04
1.9545209648e-04 -7.8627920938e-05
2.5348950078e-04 1.1013036795e-04
3.2637332372e-04 -1.2685177355e-04
3.2012898066e-04 1.3802080115e-04
6.3207071972e-04 -2.4094707980e-04
7.0833186493e-04 -2.7104570988e-04
6.8674953198e-04 2.9015379488e-04
5.6408858775e-04 -2.1910457200e-04
7.9141240453e-04 3.3536937299e-04
2.0529296156e-04 -8.4745799950e-05
6.5127073084e-04 2.7923928138e-04
3.0048152702e-04 -1.2063392195e-04
2.6369673171e-04 1.1790003594e-04
6.0290512046e-04 -2.3622502810e-04
2.8820240008e-04 1.2871359914e-04
6.8149020326e-04 -2.6762362160e-04
6.5016784598e-04 2.8344866188e-04
5.5196263303e-04 -2.1935456144e-04
7.5896289453e-04 3.3174736759e-04
2.1554860344e-04 -9.0470610237e-05
6.3464399867e-04 2.8028279356e-04
2.7318316495e-04 -1.1295214156e-04
2.7212886542e-04 1.2497849931e-04
5.7243537890e-04 -2.3014970917e-04
6.5505283373e-04 -2.6416151607e-04
2.5520514060e-04 1.1842202529e-04
5.3837845558e-04 -2.2029752287e-04
6.1161812004e-04 2.7530081246e-04
2.2201189432e-04 -9.5869080488e-05
7.2788545406e-04 3.2823936302e-04
2.4217585257e-04 -1.0352507127e-04
6.1697938429e-04 2.8098274957e-04
5.3816814124e-04 -2.2208523079e-04
2.7755601764e-04 1.3108523751e-04
6.2933757405e-04 -2.6007505138e-04
2.2391810585e-04 1.0753246637e-04
5.2279646045e-04 -2.1892416352e-04
5.7437640232e-04 2.6618520575e-04
2.2775134297e-04 -1.0027792029e-04
6.9333890494e-04 3.2199106284e-04
2.1669322585e-04 -9.5709692195e-05
5.9699982930e-04 2.7998471544e-04
5.0721771011e-04 -2.1481568336e-04
6.0070248032e-04 -2.5466767644e-04
2.8193706108e-04 1.3687574165e-04
5.0840765699e-04 -2.1806175932e-04
1.9284167965e-04 9.6314711595e-05
2.3314428255e-04 -1.0490581662e-04
5.3418193245e-04 2.5528972842e-04
1.9098058571e-04 -8.7466489273e-05
6.5850387541e-04 3.1488729453e-04
4.7588812291e-04 -2.0690807521e-04
5.7388858204e-04 2.7688629784e-04
5.7216076243e-04 -2.4862672401e-04
2.8212916673e-04 1.4065177219e-04
4.8545782626e-04 -2.1365130784e-04
1.6533282484e-04 8.5921049107e-05
2.3177044603e-04 -1.0700261472e-04
4.9812892970e-04 2.4519005399e-04
1.6860942154e-04 -8.0053213955e-05
4.4670788489e-04 -1.9913524104e-04
6.2083241733e-04 3.0543339627e-04
5.4128607157e-04 -2.4091661548e-04
5.4757057363e-04 2.7151232717e-04
4.6757587774e-04 -2.1032214644e-04
2.8084321648e-04 1.4355579160e-04
2.3378530285e-04 -1.1000101188e-04
1.3910323736e-04 7.5313622107e-05
1.4379649232e-04 -7.1194714479e-05
4.5845276360e-04 2.3237892197e-04
4.1134844634e-04 -1.8830525529e-04
5.8212599008e-04 2.9465552409e-04
5.0884810794e-04 -2.3217560137e-04
5.2083181258e-04 2.6608078226e-04
4.5316111689e-04 -2.0880558992e-04
2.7639271857e-04 1.4575172007e-04
2.3691745730e-04 -1.1414822069e-04
1.1818781025e-04 -6.1882714204e-05
1.1222883679e-04 6.4170646487e-05
3.7655179385e-04 -1.7724372499e-04
4.1889411538e-04 2.1888415315e-04
4.7835178914e-04 -2.2389083244e-04
5.4026715603e-04 2.8153707910e-04
4.2669394368e-04 -2.0232416797e-04
4.8859007129e-04 2.5681515922e-04
2.2867307263e-04 -1.1398616824e-04
2.6789870663e-04 1.4528883292e-04
9.8362754300e-05 -5.5137823768e-05
8.7903452043e-05 5.3523676786e-05
3.4739298191e-04 -1.6856728617e-04
3.7719092021e-04 2.0330009553e-04
4.4376082608e-04 -2.1348649221e-04
4.9576988648e-04 2.6593757684e-04
4.0018542567e-04 -1.9481675375e-04
2.2166377069e-04 -1.1352684383e-04
4.5373031344e-04 2.4548245131e-04
7.7606754524e-05 -4.7246729452e-05
2.5597075629e-04 1.4303386137e-04
3.1305539253e-04 -1.5656475498e-04
6.4956136499e-05 4.3164691236e-05
4.0723656228e-04 -2.0124850805e-04
3.3529308423e-04 1.8665237924e-04
3.7215472305e-04 -1.8595069428e-04
4.4784172729e-04 2.4752825377e-04
2.1235643695e-04 -1.1177469108e-04
4.1332027183e-04 2.3051643937e-04
5.8637009703e-05 -3.9866282070e-05
2.3891106809e-04 1.3794734170e-04
2.7897976724e-04 -1.4424164756e-04
3.6832317518e-04 -1.8738126891e-04
4.4093788656e-05 3.3574813918e-05
3.3772680366e-04 -1.7355586798e-04
2.9162180234e-04 1.6815583651e-04
1.9610202945e-04 -1.0682343248e-04
3.9415582761e-04 2.2495699948e-04
3.9108213814e-05 -3.3186845501e-05
3.6481078393e-04 2.1035024478e-04
2.3969894047e-04 -1.3117415288e-04
2.1516823037e-04 1.2900780591e-04
3.2382414768e-04 -1.7188627451e-04
2.6009560457e-05 2.5332684203e-05
2.9927677560e-04 -1.6056151232e-04
2.4338104752e-04 1.4636567896e-04
1.7615406834e-04 -1.0130604540e-04
2.1879841196e-05 -2.5971780290e-05
3.3202150249e-04 1.9693204097e-04
2.0198594882e-04 -1.1374062501e-04
3.0704013314e-04 1.8540371663e-04
2.7620153287e-04 -1.5111742837e-04
1.8236856649e-04 1.1624568265e-04
2.5765416238e-04 -1.4268358415e-04
6.4609034264e-06 1.7325639958e-05
1.5460512778e-04 -9.2717193922e-05
1.8451665913e-04 1.1903038081e-04
5.9239187852e-06 -2.2762914981e-05
2.5403428967e-04 1.5862343148e-04
1.5834373684e-04 -1.0350333184e-04
2.2904104594e-04 1.4312563838e-04
2.1525846299e-04 -1.3055898801e-04
1.8793786981e-04 -1.1314490801e-04
1.3185490657e-04 8.7789324719e-05
1.0435829636e-04 -7.2184567362e-05
-9.3992747639e-06 1.3021525021e-05
-8.9003933666e-06 -2.1245594011e-05
1.2049207879e-04 9.1579922741e-05
1.1755855658e-04 -8.3666852021e-05
1.5097016502e-04 1.0504045920e-04
1.4320386551e-04 -9.2586974077e-05
8.2102786624e-05 5.9574858676e-05
5.1993448617e-05 -4.5857969352e-05
1.2741676304e-05 1.5525793628e-05
-2.0484761628e-05 -7.1841771281e-06
-2.2635182869e-05 6.6699228498e-06
-2.2022665324e-05 -7.4025655803e-06
