7.9110696523e+02
7.9003762771e+02
7.9110672963e+02
7.9275579992e+02
7.9110649402e+02
7.9037817993e+02
7.9110625842e+02
7.9068793913e+02
7.9110637921e+02
7.9103735100e+02
7.9110670042e+02
7.9113278195e+02
7.9110702164e+02
7.9112881308e+02
7.9110577572e+02
7.9107975790e+02
7.9110615694e+02
7.9108158635e+02
7.9110583571e+02
7.9108081078e+02
7.9110551449e+02
7.9108003520e+02
7.9110511765e+02
7.9108082280e+02
7.9110470613e+02
7.9108176968e+02
7.9110444664e+02
7.9108271657e+02
7.9110438944e+02
7.9108446088e+02
7.9110482634e+02
7.9108628390e+02
7.9110527536e+02
7.9108810691e+02
7.9110578824e+02
7.9108976196e+02
7.9110600003e+02
7.9108958569e+02
7.9110524820e+02
7.9108940942e+02
7.9110397525e+02
7.9108923315e+02
7.9110273462e+02
7.9109047061e+02
7.9110155761e+02
7.9109233938e+02
7.9110038060e+02
7.9109420816e+02
7.9109959885e+02
7.9109573643e+02
7.9109942098e+02
7.9109630644e+02
7.9110129378e+02
7.9109687645e+02
7.9110329523e+02
7.9109744645e+02
7.9110414642e+02
7.9109778588e+02
7.9110369520e+02
7.9109810611e+02
7.9110324398e+02
7.9109842635e+02
7.9110342036e+02
7.9109927272e+02
7.9110345266e+02
7.9110074413e+02
7.9110366571e+02
7.9110221555e+02
7.9110387875e+02
7.9110342387e+02
7.9110421167e+02
7.9110382434e+02
7.9110460901e+02
7.9110422609e+02
7.9110500635e+02
7.9110462785e+02
7.9110518517e+02
7.9110492530e+02
7.9110563641e+02
7.9110516735e+02
7.9110635815e+02
7.9110540940e+02
7.9110707989e+02
7.9110568586e+02
7.9110676206e+02
7.9110645238e+02
7.9110626407e+02
7.9110730859e+02
7.9110576608e+02
7.9110816480e+02
7.9110615295e+02
7.9110797778e+02
7.9110661231e+02
7.9110760081e+02
7.9110710303e+02
7.9110722384e+02
7.9110759375e+02
7.9110740899e+02
7.9110753566e+02
7.9110747355e+02
