-1.7313198143e-05 -3.0991125369e-05
2.4383003919e-01 1.6225543511e-03
4.8221480730e-01 6.3235252738e-03
7.1503471214e-01 1.4116639321e-02
9.4212539182e-01 2.4750403174e-02
1.1634537837e+00 3.8115703676e-02
1.3788048886e+00 5.4175740547e-02
1.5880297656e+00 7.2696872232e-02
1.7911109391e+00 9.3641216419e-02
1.9878913834e+00 1.1680619072e-01
2.1782274903e+00 1.4208231538e-01
2.3620286479e+00 1.6941399517e-01
2.5392559949e+00 1.9853700599e-01
2.7097222686e+00 2.2942193901e-01
2.8733762967e+00 2.6191027477e-01
3.0301459225e+00 2.9581270715e-01
3.1799879672e+00 3.3110414736e-01
3.3227369563e+00 3.6752649536e-01
3.4583955780e+00 4.0501346366e-01
3.5868735810e+00 4.4345571491e-01
3.7082509506e+00 4.8263103675e-01
3.8223019279e+00 5.2248879676e-01
3.9290870177e+00 5.6284267250e-01
4.0286676054e+00 6.0355768964e-01
4.1208355404e+00 6.4454630033e-01
4.2057313859e+00 6.8558747675e-01
4.2833588685e+00 7.2662790428e-01
4.3536868542e+00 7.6753736908e-01
4.4167434726e+00 8.0807934340e-01
4.4725333941e+00 8.4825071926e-01
4.5211971189e+00 8.8787904483e-01
4.5627331498e+00 9.2680377478e-01
4.5971030640e+00 9.6495584640e-01
4.6245693422e+00 1.0021690119e+00
4.6451049781e+00 1.0383639976e+00
4.6587723420e+00 1.0734022461e+00
4.6657594405e+00 1.1071512915e+00
4.6661085740e+00 1.1395923956e+00
4.6600076457e+00 1.1705197527e+00
4.6474688427e+00 1.1998744201e+00
4.6287371579e+00 1.2275728872e+00
4.6039899180e+00 1.2535232553e+00
4.5732132305e+00 1.2776117390e+00
4.5367598544e+00 1.2997635551e+00
4.4946743534e+00 1.3199549238e+00
4.4472255477e+00 1.3380421104e+00
4.3944959178e+00 1.3539899179e+00
4.3367702824e+00 1.3677687533e+00
4.2742425538e+00 1.3792946995e+00
4.2070032365e+00 1.3884995610e+00
4.1354439316e+00 1.3953944768e+00
4.0596204671e+00 1.3999402351e+00
3.9798784066e+00 1.4020639910e+00
3.8963425410e+00 1.4017658515e+00
3.8093025506e+00 1.3990859117e+00
3.7190008880e+00 1.3939665982e+00
3.6255651407e+00 1.3863788310e+00
3.5293930687e+00 1.3764144499e+00
3.4306036271e+00 1.3640533405e+00
3.3294969122e+00 1.3492851076e+00
3.2262822566e+00 1.3321696550e+00
3.1212164918e+00 1.3127784296e+00
3.0145581527e+00 1.2911338378e+00
2.9064576447e+00 1.2672357148e+00
2.7973035833e+00 1.2412231261e+00
2.6872113825e+00 1.2131413136e+00
2.5764600190e+00 1.1830300386e+00
2.4653060626e+00 1.1510377300e+00
2.3539504432e+00 1.1172208448e+00
2.2426261787e+00 1.0816319549e+00
2.1315972904e+00 1.0444673058e+00
2.0209592247e+00 1.0057587037e+00
1.9111395710e+00 9.6569460331e-01
1.8022097051e+00 9.2432590019e-01
1.6944092944e+00 8.8184192045e-01
1.5879471664e+00 8.3840026609e-01
1.4830427300e+00 7.9403616407e-01
1.3799455275e+00 7.4903034145e-01
1.2787482477e+00 7.0346170538e-01
1.1796955515e+00 6.5750949227e-01
1.0830958336e+00 6.1139438942e-01
9.8902643433e-01 5.6523402642e-01
8.9764862512e-01 5.1928799861e-01
8.0933358500e-01 4.7367157634e-01
7.2418283609e-01 4.2863586320e-01
6.4229651913e-01 3.8439090941e-01
5.6404969197e-01 3.4110445719e-01
4.8968215321e-01 2.9911145720e-01
4.1924823235e-01 2.5852342739e-01
3.5304075694e-01 2.1972989427e-01
2.9150715786e-01 1.8296300875e-01
2.3476603134e-01 1.4851255174e-01
1.8301277518e-01 1.1668775317e-01
1.3688603727e-01 8.7825707172e-02
9.6505757725e-02 6.2251310176e-02
6.2316779657e-02 4.0365916191e-02
3.5116193146e-02 2.2752996854e-02
1.5111013634e-02 9.7582895672e-03
3.4085662302e-03 2.2395478213e-03
-4.7698828397e-05 -2.2679380374e-05
