-2.7963154850e-06 7.4113987869e-07
2.6103249608e-01 -2.6800463654e-04
5.1617682772e-01 -1.0575683894e-03
7.6542080328e-01 -2.3508995977e-03
1.0087774775e+00 -4.1199941006e-03
1.2462389606e+00 -6.3497154522e-03
1.4778264139e+00 -9.0190538840e-03
1.7035369392e+00 -1.2108347786e-02
1.9233905986e+00 -1.5593735759e-02
2.1373894100e+00 -1.9462154483e-02
2.3455541705e+00 -2.3689389685e-02
2.5478912980e+00 -2.8258539732e-02
2.7444184740e+00 -3.3151086278e-02
2.9351586803e+00 -3.8346531281e-02
3.1201167362e+00 -4.3830892152e-02
3.2993303682e+00 -4.9583199064e-02
3.4727884108e+00 -5.5586383339e-02
3.6405232038e+00 -6.1824655202e-02
3.8025639616e+00 -6.8278357361e-02
3.9589183761e+00 -7.4935858633e-02
4.1096085994e+00 -8.1777966275e-02
4.2546595187e+00 -8.8787224458e-02
4.3940842858e+00 -9.5951170178e-02
4.5279046886e+00 -1.0324932095e-01
4.6561499363e+00 -1.1067214489e-01
4.7788195818e+00 -1.1820362677e-01
4.8959648526e+00 -1.2582733855e-01
5.0075896978e+00 -1.3352844434e-01
5.1136946939e+00 -1.4129520411e-01
5.2143291054e+00 -1.4911265234e-01
5.3095078132e+00 -1.5696508755e-01
5.3992159076e+00 -1.6484384206e-01
5.4835258897e+00 -1.7273446566e-01
5.5624232216e+00 -1.8061769975e-01
5.6359264475e+00 -1.8848696913e-01
5.7040624548e+00 -1.9632466708e-01
5.7668449112e+00 -2.0411984796e-01
5.8242917560e+00 -2.1186265364e-01
5.8764209586e+00 -2.1953419897e-01
5.9232481385e+00 -2.2712408205e-01
5.9647703426e+00 -2.3462137496e-01
6.0010063717e+00 -2.4201243918e-01
6.0319837379e+00 -2.4928410909e-01
6.0577699829e+00 -2.5641964572e-01
6.0783062769e+00 -2.6341200260e-01
6.0936243301e+00 -2.7025200294e-01
6.1037226954e+00 -2.7691743469e-01
6.1086277091e+00 -2.8340033889e-01
6.1083712296e+00 -2.8968828087e-01
6.1029418404e+00 -2.9577110599e-01
6.0923748486e+00 -3.0163280569e-01
6.0766478352e+00 -3.0725680376e-01
6.0558047897e+00 -3.1263345668e-01
6.0298422146e+00 -3.1774586450e-01
5.9987767185e+00 -3.2258636898e-01
5.9626184308e+00 -3.2713679698e-01
5.9213640049e+00 -3.3138602801e-01
5.8750696056e+00 -3.3531825980e-01
5.8237070227e+00 -3.3891754566e-01
5.7672988416e+00 -3.4217059895e-01
5.7058745649e+00 -3.4506284294e-01
5.6394369044e+00 -3.4757911244e-01
5.5679805285e+00 -3.4969706819e-01
5.4915538723e+00 -3.5141078437e-01
5.4101631224e+00 -3.5269994450e-01
5.3238211208e+00 -3.5354610139e-01
5.2325442866e+00 -3.5393612668e-01
5.1363670905e+00 -3.5385102496e-01
5.0353078865e+00 -3.5327063908e-01
4.9293820971e+00 -3.5217969639e-01
4.8186245707e+00 -3.5055924412e-01
4.7030721604e+00 -3.4839127488e-01
4.5827515474e+00 -3.4565363845e-01
4.4576979870e+00 -3.4232969913e-01
4.3279567610e+00 -3.3839683301e-01
4.1935746126e+00 -3.3383698432e-01
4.0545964520e+00 -3.2862982033e-01
3.9110882725e+00 -3.2275494272e-01
3.7631037393e+00 -3.1619057800e-01
3.6107243976e+00 -3.0891541475e-01
3.4540264181e+00 -3.0090449447e-01
3.2930906930e+00 -2.9213895552e-01
3.1280445407e+00 -2.8259841344e-01
2.9589828008e+00 -2.7225962961e-01
2.7860535668e+00 -2.6111114636e-01
2.6094064041e+00 -2.4912860624e-01
2.4292043200e+00 -2.3628630502e-01
2.2456786631e+00 -2.2258323506e-01
2.0590481273e+00 -2.0798054620e-01
1.8696103874e+00 -1.9250385602e-01
1.6776947210e+00 -1.7611691529e-01
1.4837173114e+00 -1.5883557544e-01
1.2882108561e+00 -1.4067040823e-01
1.0918134970e+00 -1.2168709747e-01
8.9537420842e-01 -1.0186667550e-01
7.0003988887e-01 -8.1314494547e-02
5.0754515785e-01 -6.0219189368e-02
3.2042771154e-01 -3.8927110153e-02
1.4422616966e-01 -1.7208505028e-02
-2.6243479786e-05 5.2093715581e-06
