-2.4134054665e-06 -7.8129872755e-11
3.2475354328e-01 -4.5941582268e-07
6.4287445272e-01 -4.9221153927e-07
9.5436343499e-01 1.0144191487e-07
1.2592199127e+00 7.7111476273e-08
1.5574455652e+00 -3.3573164712e-07
1.8490418837e+00 -5.6489302805e-07
2.1340068922e+00 -3.1210657265e-07
2.4123428514e+00 7.2220055790e-08
2.6840412828e+00 -1.0467268059e-07
2.9491162665e+00 -5.5451188207e-07
3.2075639629e+00 -7.9121810744e-07
3.4593719546e+00 -6.8592103045e-07
3.7045587213e+00 -3.4421347970e-07
3.9431118365e+00 2.4294593427e-07
4.1750365293e+00 9.7268851835e-07
4.4003325847e+00 7.1832058488e-07
4.6189940117e+00 -6.7420612710e-07
4.8310384466e+00 -2.0822726632e-06
5.0364459837e+00 -2.0935962011e-06
5.2352252614e+00 -9.5421731117e-07
5.4273888186e+00 -2.2479823260e-07
5.6129134006e+00 -3.8515759017e-07
5.7918176271e+00 -9.4440237017e-07
5.9640866959e+00 -2.7099887717e-07
6.1297255001e+00 1.3987060313e-06
6.2887342497e+00 3.4194664489e-06
6.4411220658e+00 4.8060999850e-06
6.5868860976e+00 5.5548305635e-06
6.7260254824e+00 5.0613586267e-06
6.8585230804e+00 2.9797513948e-06
6.9844154283e+00 2.9892452548e-06
7.1036717449e+00 2.6676748861e-06
7.2162967609e+00 1.8908681898e-06
7.3222973671e+00 8.7033849625e-07
7.4216892786e+00 1.1870679584e-07
7.5144294498e+00 -4.0486438622e-07
7.6005527404e+00 -1.3881665870e-06
7.6800680265e+00 -2.9989447366e-06
7.7529462167e+00 -3.9411355640e-06
7.8192026359e+00 -3.2133140886e-06
7.8788270795e+00 -2.0258634287e-06
7.9318321605e+00 -2.4933957000e-06
7.9782073599e+00 -5.1949255832e-06
8.0179653539e+00 -6.1382639688e-06
8.0510778985e+00 -5.0699251710e-06
8.0775645704e+00 -3.5496745170e-06
8.0974444582e+00 -3.4998108387e-06
8.1107104475e+00 -4.8695246461e-06
8.1173362753e+00 -6.0683299420e-06
8.1173339695e+00 -5.8935696919e-06
8.1107189960e+00 -5.2562531161e-06
8.0974665426e+00 -5.4080503099e-06
8.0775888193e+00 -4.8245079435e-06
8.0510981982e+00 -4.8498969598e-06
8.0179667170e+00 -4.3480842607e-06
7.9782218113e+00 -3.4661909703e-06
7.9318469539e+00 -3.7973090788e-06
7.8788307325e+00 -4.4371294074e-06
7.8192054722e+00 -4.7331861121e-06
7.7529625436e+00 -4.5744329364e-06
7.6800970045e+00 -3.6390808552e-06
7.6005972562e+00 -3.4769489818e-06
7.5144557728e+00 -4.2637231132e-06
7.4217111601e+00 -4.5922781415e-06
7.3223307704e+00 -4.1141958999e-06
7.2163182933e+00 -2.7522350135e-06
7.1036868435e+00 -2.0453870410e-06
6.9844272114e+00 -2.3108959468e-06
6.8585568116e+00 -3.0651692839e-06
6.7260466976e+00 -2.8528707638e-06
6.5869043170e+00 -1.4438707206e-06
6.4411582427e+00 -6.6547556679e-07
6.2887591154e+00 -4.1099611711e-07
6.1297294324e+00 -7.3052403318e-07
5.9640885648e+00 -1.0469035059e-06
5.7918283213e+00 -8.4210930602e-07
5.6129207903e+00 -1.0844089303e-06
5.4273961929e+00 -1.3427155635e-06
5.2352378723e+00 -1.1682724968e-06
5.0364520120e+00 -6.5187589820e-07
4.8310529342e+00 3.6421060392e-07
4.6190138264e+00 1.0997944599e-06
4.4003431232e+00 8.7228149677e-07
4.1750466831e+00 -1.8203907964e-07
3.9431221587e+00 -5.7177695936e-07
3.7045570867e+00 -8.4631045108e-08
3.4593762041e+00 3.3662322404e-07
3.2075626080e+00 4.6981143319e-07
2.9491166215e+00 1.3236088653e-07
2.6840436361e+00 -1.6514102949e-07
2.4123409655e+00 -4.3184799788e-07
2.1340067765e+00 -5.1162230526e-07
1.8490422513e+00 -3.4708969158e-07
1.5574481497e+00 1.2085059555e-07
1.2592216495e+00 4.4870804338e-07
9.5436184438e-01 2.6599239769e-07
6.4287331848e-01 -1.3315891519e-07
3.2475230428e-01 -2.5880139764e-07
-2.6590781815e-06 -4.0956956182e-12
