3.1153107623e+02
3.1152491532e+02
3.1151875442e+02
3.1151057226e+02
3.1150182698e+02
3.1149194687e+02
3.1148240393e+02
3.1147032361e+02
3.1145708925e+02
3.1144404917e+02
3.1142871994e+02
3.1141302859e+02
3.1139415582e+02
3.1137528305e+02
3.1135271006e+02
3.1132982865e+02
3.1130474025e+02
3.1127605014e+02
3.1124792136e+02
3.1121404847e+02
3.1118044957e+02
3.1114319747e+02
3.1110425462e+02
3.1106440581e+02
3.1101680363e+02
3.1096876444e+02
3.1091791306e+02
3.1086489511e+02
3.1080866572e+02
3.1075051448e+02
3.1068370588e+02
3.1061689746e+02
3.1054382052e+02
3.1046938992e+02
3.1039467176e+02
3.1032022919e+02
3.1023581896e+02
3.1015054936e+02
3.1006136957e+02
3.0996853353e+02
3.0987540522e+02
3.0977964427e+02
3.0967455325e+02
3.0956822438e+02
3.0946257988e+02
3.0935510103e+02
3.0924275443e+02
3.0913036051e+02
3.0901744763e+02
3.0890444883e+02
3.0877595393e+02
3.0864839849e+02
3.0852445625e+02
3.0839599340e+02
3.0827033924e+02
3.0814570112e+02
3.0801915968e+02
3.0789239283e+02
3.0776203356e+02
3.0763361489e+02
3.0750604183e+02
3.0737936051e+02
3.0725063312e+02
3.0712358133e+02
3.0699887749e+02
3.0687757772e+02
3.0675729795e+02
3.0663454254e+02
3.0651682672e+02
3.0640565556e+02
3.0629570869e+02
3.0618771282e+02
3.0608287485e+02
3.0598417042e+02
3.0589095107e+02
3.0579999613e+02
3.0571447109e+02
3.0563303675e+02
3.0555534166e+02
3.0548756465e+02
3.0542059682e+02
3.0536194531e+02
3.0531015537e+02
3.0526266871e+02
3.0522028987e+02
3.0518614543e+02
3.0515734227e+02
3.0513254436e+02
3.0511794533e+02
3.0510827785e+02
3.0509978453e+02
3.0510092647e+02
3.0510696870e+02
3.0511499188e+02
3.0512798721e+02
3.0514638054e+02
3.0516516227e+02
3.0519186843e+02
3.0521089525e+02
3.0523340203e+02
