1.3045526701e-03 -1.8059015497e-05
1.9178695745e-03 -2.3738027589e-06
1.5510963091e-04 1.0771542964e-05
1.9522519222e-03 4.3428869913e-05
1.3497220691e-03 2.5619548580e-05
1.3950969305e-03 5.8428433525e-05
1.9359366235e-03 6.9797718005e-06
2.1608155216e-04 2.2000457211e-05
1.9359327615e-03 -2.8074483449e-05
1.2530547147e-03 1.6943255515e-05
1.3495874513e-03 -3.3282276002e-05
1.8903421450e-03 3.4829592542e-05
1.5815482073e-04 3.4212815696e-06
1.9393355220e-03 6.0212729986e-05
1.3112977968e-03 -2.5522861727e-06
1.3945295217e-03 6.0508788820e-05
1.9217707609e-03 -2.7321981685e-05
2.6615708663e-04 2.7632686114e-05
1.9490889443e-03 -5.5058064317e-05
1.2394455576e-03 9.1337930091e-06
1.3891685130e-03 -5.0926685950e-05
1.8929205253e-03 4.1639297177e-05
2.1874450142e-04 -5.8925458960e-06
1.9437448316e-03 9.6202967718e-05
1.2700755523e-03 -2.8225929212e-05
1.4213227064e-03 9.7296207030e-05
1.9033434116e-03 -5.9846805253e-05
3.1584851277e-04 4.2175351999e-05
1.9553917189e-03 -1.0570806663e-04
1.1842638488e-03 4.8119221661e-05
1.4282410671e-03 -1.1326370380e-04
1.8631948430e-03 8.5880117269e-05
2.8376466040e-04 -2.5173468248e-05
1.9524632799e-03 1.3055101345e-04
1.2190083222e-03 -4.7086631111e-05
1.4676197803e-03 1.2914132909e-04
1.8744703998e-03 -8.8470270747e-05
3.7099929215e-04 5.7500626893e-05
1.9560553949e-03 -1.2022474684e-04
1.1210601228e-03 7.3542563382e-05
1.4468650546e-03 -1.0553898780e-04
1.8239820406e-03 1.2055051599e-04
3.3686751369e-04 -3.1033088702e-05
1.9425099153e-03 1.7145371702e-04
1.1815948517e-03 -6.7816643051e-05
1.4823108918e-03 1.7830970153e-04
1.8566829848e-03 -1.1690027438e-04
4.2112843092e-04 8.1573525997e-05
1.9502013602e-03 -1.5730148430e-04
1.0694646081e-03 1.0264573173e-04
1.4687382456e-03 -1.5283111186e-04
1.7891947581e-03 1.5745190848e-04
3.9460553118e-04 -5.1311783740e-05
1.9267529281e-03 1.8540443243e-04
1.1435312586e-03 -7.8297100847e-05
1.4817009974e-03 1.6490929374e-04
1.8348766293e-03 -1.3925849025e-04
4.6468296758e-04 8.0870301499e-05
1.9468872946e-03 -1.8208628778e-04
1.0308042705e-03 1.1043458129e-04
1.4902032142e-03 -1.6252650477e-04
1.7678477719e-03 1.7639991926e-04
4.4713887471e-04 -6.2101109492e-05
1.9150202706e-03 2.1480557221e-04
1.0874542053e-03 -9.7868648653e-05
1.4980478296e-03 1.9732064155e-04
1.7983384028e-03 -1.6657565441e-04
5.0667902289e-04 9.9367798304e-05
1.9344310740e-03 -2.1927150711e-04
9.7257831705e-04 1.2319468030e-04
1.5019357670e-03 -2.2335116609e-04
1.7282039275e-03 2.0013915648e-04
4.9619076710e-04 -9.2856724928e-05
1.8980928812e-03 2.4406905659e-04
1.0443799019e-03 -9.9429682805e-05
1.5129854406e-03 2.2616345350e-04
1.7686272282e-03 -1.7882641471e-04
5.5263225805e-04 1.1754240673e-04
1.9250108218e-03 -2.3941926540e-04
9.0844737421e-04 1.3451720326e-04
1.5217334331e-03 -2.2056962105e-04
1.6763416360e-03 2.2257164743e-04
5.4479624049e-04 -9.8714726075e-05
1.8759934732e-03 2.7248661001e-04
9.9478289263e-04 -1.2918946299e-04
1.5281176412e-03 2.5581253147e-04
1.7359492099e-03 -2.1889971888e-04
5.9533710215e-04 1.3625718224e-04
1.9068451403e-03 -2.5931132376e-04
8.4606786022e-04 1.3936112850e-04
1.5238748349e-03 -2.2649474919e-04
1.6285417811e-03 2.3840686601e-04
5.8469041219e-04 -1.0639524622e-04
1.8503152039e-03 3.0056914955e-04
9.3946894870e-04 -1.3509716123e-04
1.5280221399e-03 2.9410242328e-04
1.6940951539e-03 -2.3610621687e-04
6.2861741914e-04 1.6207826208e-04
1.8861449166e-03 -2.9026590593e-04
7.8660423335e-04 1.5378503571e-04
1.5427048687e-03 -2.8044347244e-04
1.5824578560e-03 2.6514475827e-04
6.3258124756e-04 -1.4122377950e-04
1.8210483790e-03 3.2345418304e-04
8.8375460552e-04 -1.5089895508e-04
1.5178608165e-03 3.1560792007e-04
1.6497775828e-03 -2.6273692350e-04
6.6114436468e-04 1.8037993589e-04
1.8599139455e-03 -3.1276385062e-04
7.3360563007e-04 1.5696625542e-04
1.5228618837e-03 -2.8761956386e-04
1.5348321418e-03 2.7682988734e-04
6.5978794715e-04 -1.5051234826e-04
1.7868892208e-03 3.4400552028e-04
8.4646626235e-04 -1.4245999122e-04
1.5041130313e-03 3.2730035093e-04
1.6258989461e-03 -2.6093468661e-04
6.8378908905e-04 1.9124003527e-04
1.8366892049e-03 -3.3632511472e-04
6.7644328422e-04 1.6259567829e-04
1.5323007249e-03 -3.1009970544e-04
1.4918557569e-03 2.9464160792e-04
6.9732266752e-04 -1.6715485523e-04
1.7549853074e-03 3.6671611345e-04
7.8510866591e-04 -1.5807410242e-04
1.4993473453e-03 3.5062692614e-04
1.5758702957e-03 -2.9084019812e-04
7.0986979797e-04 2.0973813984e-04
1.8067263742e-03 -3.5424754250e-04
6.1313134685e-04 1.6589677638e-04
1.5227272562e-03 -3.3499934390e-04
1.4394702063e-03 3.1111024470e-04
7.2690158131e-04 -1.8960297153e-04
1.7204947442e-03 3.8789530453e-04
7.2753392968e-04 -1.5591430183e-04
1.5233749684e-03 -2.9561058572e-04
1.4872118605e-03 3.7068000274e-04
1.7766660147e-03 -3.7935616027e-04
7.3193495763e-04 2.2661264910e-04
1.5292620315e-03 -3.5462486541e-04
5.4968490466e-04 1.6886384275e-04
7.6067626522e-04 -2.0488742914e-04
1.3812879908e-03 3.2739309441e-04
6.6799347154e-04 -1.6483342441e-04
1.6804320990e-03 4.0719217427e-04
1.4741436088e-03 -3.2055609166e-04
1.4739234575e-03 3.9015025778e-04
1.7462060098e-03 -3.9820437978e-04
7.5179345946e-04 2.4318561443e-04
1.5263187034e-03 -3.8068575314e-04
4.8724450198e-04 1.6755865940e-04
7.9078026396e-04 -2.2874404099e-04
1.3268419276e-03 3.3883447200e-04
6.0604292772e-04 -1.6887607730e-04
1.6413004728e-03 4.2423757773e-04
1.4138255135e-03 -3.3607389772e-04
1.4503324417e-03 4.0796473438e-04
1.7105195229e-03 -4.1611708828e-04
7.6245357342e-04 2.5989127925e-04
1.5101157184e-03 -3.9717573617e-04
4.2900429743e-04 1.6655561680e-04
8.1056543956e-04 -2.4528935213e-04
1.2760367705e-03 3.5029035268e-04
5.5343573151e-04 -1.6796918406e-04
1.5974430308e-03 4.3921181645e-04
1.3655384223e-03 -3.4475400218e-04
1.4330584429e-03 4.2547169264e-04
1.6720374869e-03 -4.3226642427e-04
7.8251137823e-04 2.7757971481e-04
1.4999870914e-03 -4.1778298945e-04
3.6544678194e-04 1.6202678166e-04
8.3457085279e-04 -2.6428327925e-04
1.1996457078e-03 3.5465584449e-04
4.9786214926e-04 -1.6431491642e-04
1.5454146796e-03 4.5070457719e-04
1.3121253997e-03 -3.5252856921e-04
1.4065349386e-03 4.4141049603e-04
1.6336598526e-03 -4.4812692386e-04
7.8894572465e-04 2.9358692689e-04
1.4796301287e-03 -4.3873770212e-04
3.1011557367e-04 1.5385307108e-04
8.4677766507e-04 -2.8527767917e-04
1.1548562996e-03 3.5666194398e-04
4.4712356421e-04 -1.6414989281e-04
1.5014703197e-03 4.6256809737e-04
1.2711958216e-03 -3.6508179993e-04
1.3856645676e-03 4.6159215500e-04
1.5964062560e-03 -4.6122246389e-04
8.0301942736e-04 3.1357833945e-04
1.4487448854e-03 -4.4835556567e-04
2.4839361572e-04 1.4590481422e-04
8.5084317592e-04 -2.9725110202e-04
1.0810083014e-03 3.6076820155e-04
3.9694500860e-04 -1.5799339005e-04
1.4473304984e-03 4.7124515536e-04
1.2202948343e-03 -3.6615190273e-04
1.3562637519e-03 4.7124507642e-04
1.5551465681e-03 -4.6922869260e-04
8.0620790804e-04 3.2599240361e-04
1.4256700582e-03 -4.5956511988e-04
1.9443968862e-04 1.3707419092e-04
8.5900874896e-04 -3.1064696452e-04
1.0289669718e-03 3.5967845423e-04
3.4462517656e-04 -1.4366972498e-04
1.4009290482e-03 4.7885025834e-04
1.1727313192e-03 -3.4683810178e-04
1.3215737987e-03 4.8355290472e-04
1.5152267493e-03 -4.7365786094e-04
8.0164427864e-04 3.3950425746e-04
1.4212210070e-03 -4.8772092002e-04
1.3908929769e-04 1.2615186669e-04
8.8564192242e-04 -3.3980186495e-04
9.7126654983e-04 3.6117885862e-04
2.8483740613e-04 -1.4270921611e-04
1.3512550968e-03 4.8577455654e-04
1.0945463289e-03 -3.7039546167e-04
1.2941002562e-03 4.9334280381e-04
1.4610240393e-03 -4.9116109228e-04
8.0514261608e-04 3.5187243964e-04
1.3900871333e-03 -5.0889341856e-04
8.4231578047e-05 1.1425296916e-04
8.8651391141e-04 -3.6771480065e-04
9.1676309243e-04 3.6138563738e-04
2.3782430615e-04 -1.3790415529e-04
1.3019962325e-03 4.8936954838e-04
1.0457392259e-03 -3.7492151173e-04
1.4168379050e-03 -4.9976662342e-04
1.2509099248e-03 4.9815703115e-04
1.3628937378e-03 -5.0876389983e-04
7.9172984635e-04 3.6047920986e-04
8.8874313595e-04 -3.6763696059e-04
3.8686093434e-05 9.7343051372e-05
1.8873191848e-04 -1.2794255266e-04
8.6623085959e-04 3.4147806044e-04
9.9157219770e-04 -3.7186036495e-04
1.2524029061e-03 4.8296905981e-04
1.3709705340e-03 -5.0172435631e-04
1.2243158459e-03 5.1136947660e-04
1.3381132499e-03 -5.1758613735e-04
7.9739796775e-04 3.8062023962e-04
8.9422144572e-04 -3.8147749559e-04
-1.2989105521e-05 8.6606894810e-05
1.4300067329e-04 -1.1298717843e-04
8.0422237043e-04 3.5252445166e-04
9.5189424218e-04 -3.6774304184e-04
1.1972345318e-03 4.9433658279e-04
1.3303393578e-03 -5.0438863408e-04
1.1803122671e-03 5.0964690266e-04
1.3059370717e-03 -5.2632369843e-04
7.7924471014e-04 3.7880186859e-04
8.9272342773e-04 -3.9844086867e-04
1.2054688214e-06 9.3780224896e-05
9.9517386883e-05 -1.0722472499e-04
7.5115759989e-04 3.4581589689e-04
8.9541898987e-04 -3.7025360545e-04
1.1459280254e-03 4.9369145925e-04
1.2802032896e-03 -5.0966546995e-04
1.1430908286e-03 5.1596126619e-04
1.2640224907e-03 -5.2328841118e-04
7.7094226488e-04 3.9139364233e-04
8.7231524142e-04 -3.9463632382e-04
3.2335887760e-05 1.0831083607e-04
1.1397298224e-04 -1.1725749492e-04
6.8858714904e-04 3.3472076064e-04
8.5450979468e-04 -3.5311418840e-04
1.0880879092e-03 4.8866805423e-04
1.2402898709e-03 -5.0128966369e-04
1.1083600111e-03 5.1795333646e-04
1.2275213275e-03 -5.2989275330e-04
7.6376562103e-04 3.9860214532e-04
8.5789565441e-04 -4.0712328314e-04
6.1577852143e-05 1.2038701543e-04
1.4320492370e-04 -1.3163748743e-04
6.3265770996e-04 3.3148237326e-04
8.0106941310e-04 -3.3866882748e-04
1.0333128860e-03 4.8687325551e-04
1.1908262967e-03 -4.9667053806e-04
1.0643098057e-03 5.0642718203e-04
1.2063585526e-03 -5.4459993460e-04
7.4271972667e-04 3.8785150631e-04
8.7123541292e-04 -4.3055318499e-04
8.6605764794e-05 1.2857270292e-04
1.7467937578e-04 -1.4975807504e-04
5.8769015593e-04 3.1255064595e-04
7.3613202774e-04 -3.5681241818e-04
9.8531213321e-04 4.7630741053e-04
1.1314422387e-03 -5.1392038836e-04
1.0307971069e-03 5.1819599231e-04
1.1674266015e-03 -5.4487824198e-04
7.4317798697e-04 4.1436347462e-04
8.5543017991e-04 -4.3451047217e-04
1.9879611655e-04 -1.6553017280e-04
1.0775366885e-04 1.4376401349e-04
6.8640415234e-04 -3.4687882528e-04
5.2309269575e-04 3.0417494191e-04
1.0815157572e-03 -5.0874426975e-04
9.2508038904e-04 4.7431214791e-04
1.1299755587e-03 -5.4753973230e-04
9.8584736252e-04 5.1944784486e-04
8.4547732129e-04 -4.4471842800e-04
7.1275561467e-04 4.2389264331e-04
2.2255262112e-04 -1.8086677797e-04
1.2413996653e-04 1.6035473493e-04
6.3625121346e-04 -3.3534621752e-04
4.7536833017e-04 2.9419972617e-04
1.0319689906e-03 -5.0296175831e-04
8.7357753658e-04 4.6605181966e-04
1.0946509268e-03 -5.5126073680e-04
9.4316286650e-04 5.0978396854e-04
8.3307841106e-04 -4.5612111113e-04
6.9189764282e-04 4.1235476544e-04
2.4225836239e-04 -1.9681948532e-04
1.4115492067e-04 1.6433037601e-04
5.8308016251e-04 -3.2874648518e-04
4.3254585060e-04 2.7997204813e-04
9.7822128086e-04 -5.0011218034e-04
8.2653647702e-04 4.5624345553e-04
1.0510287478e-03 -5.4939090869e-04
9.0188487888e-04 5.0461083598e-04
8.0495436149e-04 -4.6057802742e-04
6.7642640076e-04 4.1573300118e-04
2.5410074644e-04 -2.1085327573e-04
1.5640335441e-04 1.7475106893e-04
5.4333488327e-04 -3.2400692586e-04
3.8560491758e-04 2.6778116397e-04
9.3571728412e-04 -4.9735001072e-04
7.7679293996e-04 4.4701759702e-04
1.0059993055e-03 -5.4050566955e-04
8.5810996646e-04 4.9550470056e-04
7.7722347826e-04 -4.5203875232e-04
6.4585022689e-04 4.1214568567e-04
2.6769491716e-04 -2.2017574237e-04
1.6591109357e-04 1.8396333604e-04
5.0260699027e-04 -3.0909995959e-04
3.4312390911e-04 2.5081440295e-04
8.8937169112e-04 -4.8411574664e-04
7.2704520468e-04 4.3100955134e-04
9.6612744517e-04 -5.3716296944e-04
8.1769907748e-04 4.8939116651e-04
7.6371390396e-04 -4.5535722837e-04
6.3667605152e-04 4.1724934491e-04
2.8086637151e-04 -2.3047145183e-04
4.5283278208e-04 -2.9571168406e-04
1.8210565206e-04 1.9362928126e-04
8.3532956934e-04 -4.7456901805e-04
2.9258397621e-04 2.3558948317e-04
9.2466289138e-04 -5.3659444201e-04
6.6943830496e-04 4.1864324595e-04
7.4562612053e-04 -4.6997973143e-04
7.7526569193e-04 4.7835965934e-04
2.8862608364e-04 -2.4832900453e-04
6.0780507312e-04 4.0955723411e-04
3.9988313381e-04 -2.8790018784e-04
1.8633969406e-04 1.9835943272e-04
7.7731222370e-04 -4.6864739454e-04
2.5554765496e-04 2.2033694102e-04
8.7848647989e-04 -5.2798367362e-04
6.2532872035e-04 4.0449262157e-04
7.1421328043e-04 -4.6366584545e-04
7.3088637197e-04 4.6883696805e-04
2.9107554015e-04 -2.5665977426e-04
5.9388159725e-04 4.1274287710e-04
3.5761483437e-04 -2.7682115924e-04
1.9902276678e-04 2.0717995291e-04
7.2766276320e-04 -4.5676324951e-04
2.1239292307e-04 2.0328417267e-04
8.3268246930e-04 -5.1926229215e-04
5.7251958631e-04 3.8984969521e-04
6.8513187482e-04 -4.6332866595e-04
6.8850882410e-04 4.5856060306e-04
2.9174836240e-04 -2.6636685405e-04
5.5328146415e-04 4.0852345913e-04
3.1676484222e-04 -2.6569781101e-04
1.9114647767e-04 2.1497758653e-04
6.7948023557e-04 -4.4627239069e-04
1.8053584121e-04 1.9380098321e-04
7.8482371376e-04 -5.1069165036e-04
5.3505438977e-04 3.7922660583e-04
6.5873093208e-04 -4.6020282161e-04
6.4468584578e-04 4.4224387105e-04
2.9345405959e-04 -2.7189317332e-04
5.1671945104e-04 3.8582713485e-04
2.7430678396e-04 -2.5287288951e-04
1.8668624802e-04 2.0863008553e-04
6.2677398194e-04 -4.3503236378e-04
1.4845451327e-04 1.7480647432e-04
7.3655583064e-04 -4.9932552260e-04
6.1950033972e-04 -4.4836242741e-04
4.9041790299e-04 3.5666735085e-04
2.8270706324e-04 -2.7305598884e-04
5.9723682585e-04 4.3002866666e-04
2.3376479475e-04 -2.4147804722e-04
5.0251776260e-04 3.9005729610e-04
5.7807294503e-04 -4.2298046255e-04
1.9698428296e-04 2.1903428553e-04
6.8604373640e-04 -4.8664884428e-04
1.0888514244e-04 1.6102948626e-04
5.8253459704e-04 -4.4527782985e-04
4.3409285738e-04 3.4400256079e-04
2.7456984203e-04 -2.8092735991e-04
5.5196765155e-04 4.1577838675e-04
1.9286563603e-04 -2.2749459169e-04
4.6398399787e-04 3.7906469045e-04
5.2279461300e-04 -4.0553512645e-04
1.8516738743e-04 2.1982605782e-04
6.3408462988e-04 -4.7530434943e-04
7.6582557205e-05 1.4863387965e-04
5.5264703756e-04 -4.4312453901e-04
3.9035408479e-04 3.2915421340e-04
2.6863866160e-04 -2.8669193438e-04
5.0585404339e-04 3.9865083051e-04
1.5054309256e-04 -2.1253997288e-04
4.3324143480e-04 3.6372289392e-04
4.6619520177e-04 -3.8811746489e-04
1.7972326038e-04 2.1699479039e-04
5.7986552496e-04 -4.5929661248e-04
4.7073397250e-05 1.3513550508e-04
5.0682585494e-04 -4.3654407554e-04
3.4610897991e-04 3.1155453053e-04
2.4845438792e-04 -2.9221730986e-04
4.5831567624e-04 3.8074439383e-04
1.0765463319e-04 -2.0028531385e-04
3.9814000294e-04 3.5645494677e-04
4.0702842433e-04 -3.6987693705e-04
1.6964817978e-04 2.2138700628e-04
5.2434609591e-04 -4.4290126362e-04
1.6442805151e-05 1.2209579512e-04
4.5964545680e-04 -4.2419997921e-04
2.2528881500e-04 -2.9246391459e-04
2.9697138271e-04 2.9303797922e-04
7.2712165887e-05 -1.9230535952e-04
4.0731638466e-04 3.6377082250e-04
3.5970980892e-04 -3.5611294369e-04
3.5450226855e-04 3.4282384850e-04
4.6524401476e-04 -4.2174426427e-04
1.5012200650e-04 2.1921065858e-04
4.0856898665e-04 -4.0124335724e-04
-1.1311962233e-05 1.1215344728e-04
2.0067635289e-04 -2.8280133558e-04
2.5257194869e-04 2.7594143281e-04
3.5531962070e-05 -1.7977908936e-04
3.5605320582e-04 3.4133082449e-04
2.9914573997e-04 -3.3711039863e-04
3.0801445826e-04 3.2138255196e-04
3.9827604970e-04 -4.0139927193e-04
1.2734272444e-04 2.1175763955e-04
3.5465778988e-04 -3.8745714718e-04
-3.7661576812e-05 1.0322208768e-04
1.7223045007e-04 -2.8110893423e-04
2.0489338468e-04 2.5915554642e-04
-3.5601756230e-06 -1.6818091423e-04
2.9720573239e-04 3.1827304189e-04
2.3701986283e-04 -3.1399073765e-04
2.5787963858e-04 3.0143176674e-04
3.2979718752e-04 -3.7651563283e-04
1.0183842776e-04 2.0727952775e-04
2.9136743493e-04 -3.6717540614e-04
-6.5725064365e-05 9.9470815037e-05
1.3195760879e-04 -2.7361669821e-04
1.4984359496e-04 2.4323148494e-04
-4.0735488483e-05 -1.6013095403e-04
2.2917461573e-04 2.9715118394e-04
1.8039540370e-04 -2.9671576099e-04
2.0203235934e-04 2.8633291056e-04
2.5840944726e-04 -3.4507202836e-04
2.1952262821e-04 -3.2944956492e-04
7.2370935871e-05 2.0529866205e-04
8.4117729806e-05 -2.5460254930e-04
-9.5871582550e-05 9.3613225207e-05
-7.9959056042e-05 -1.5847345904e-04
8.9520161286e-05 2.2501528408e-04
1.0645374876e-04 -2.8106077844e-04
1.5274597689e-04 2.6984704928e-04
1.6350594862e-04 -3.1988084439e-04
1.2344449556e-04 2.6408732430e-04
1.3510702797e-04 -3.0829759826e-04
1.6761581923e-05 2.0140936287e-04
2.9389597204e-05 -2.4764014805e-04
-1.3372104350e-04 9.4958143349e-05
-1.2847804194e-04 -1.5103715300e-04
-4.2729119340e-07 1.9812030388e-04
1.0643108632e-05 -2.5035574806e-04
4.3160542382e-05 2.2711018625e-04
4.1144903238e-05 -2.7989411344e-04
3.5136919917e-05 2.0772882487e-04
3.6874002876e-05 -2.6996654882e-04
-3.7650884718e-05 1.6466697225e-04
-3.5626031251e-05 -2.3193286006e-04
-1.7501365766e-04 1.1362106258e-04
-2.0414014227e-04 -1.7707891351e-04
-3.5558007840e-05 2.6535163348e-04
-3.9583280336e-05 -3.5366661156e-04
-5.2929145344e-05 1.9886046397e-04
-7.3343431629e-05 -2.5218184070e-04
-3.3161377352e-04 -7.3249823733e-05
-4.8199306617e-04 1.1764976180e-04
-4.6835897069e-04 -2.0768353235e-04
-6.6746083999e-04 2.8993886676e-04
-2.6420360540e-04 1.1314774093e-04
-2.2515876331e-04 -9.5164158727e-05
