3.9781316679e-06 2.5657091965e-06
3.1268107799e-01 -5.5354910724e-04
6.1836042667e-01 -2.1844151788e-03
9.1697589747e-01 -4.8441062088e-03
1.2085210924e+00 -8.4938393880e-03
1.4929688670e+00 -1.3087241345e-02
1.7703112703e+00 -1.8576805081e-02
2.0405135264e+00 -2.4926436704e-02
2.3035810873e+00 -3.2085902838e-02
2.5595136138e+00 -4.0017967796e-02
2.8082971075e+00 -4.8679101267e-02
3.0499384960e+00 -5.8026187228e-02
3.2844379851e+00 -6.8024845541e-02
3.5118129933e+00 -7.8627819481e-02
3.7320569589e+00 -8.9805608861e-02
3.9451997835e+00 -1.0150877422e-01
4.1512384845e+00 -1.1371001828e-01
4.3501942947e+00 -1.2636126437e-01
4.5420743190e+00 -1.3943716603e-01
4.7269086506e+00 -1.5289399993e-01
4.9047241873e+00 -1.6670316618e-01
5.0755198647e+00 -1.8082642483e-01
5.2393240756e+00 -1.9523193351e-01
5.3961626552e+00 -2.0988559825e-01
5.5460526219e+00 -2.2475697669e-01
5.6890259711e+00 -2.3981134329e-01
5.8251075224e+00 -2.5501703196e-01
5.9543046269e+00 -2.7034819999e-01
6.0766497687e+00 -2.8577207423e-01
6.1921621460e+00 -3.0125729417e-01
6.3008841962e+00 -3.1677533599e-01
6.4028188623e+00 -3.3229950517e-01
6.4980118929e+00 -3.4779880696e-01
6.5864953987e+00 -3.6325030838e-01
6.6682585429e+00 -3.7861805436e-01
6.7433571661e+00 -3.9388146733e-01
6.8117959051e+00 -4.0901389663e-01
6.8736186709e+00 -4.2398542481e-01
6.9288410443e+00 -4.3877187692e-01
6.9774846913e+00 -4.5334419529e-01
7.0195852807e+00 -4.6768204284e-01
7.0551505180e+00 -4.8175307741e-01
7.0842335185e+00 -4.9553315940e-01
7.1068272092e+00 -5.0900239836e-01
7.1229872141e+00 -5.2212528423e-01
7.1327304060e+00 -5.3488427417e-01
7.1360776495e+00 -5.4725251754e-01
7.1330643429e+00 -5.5920304460e-01
7.1236906906e+00 -5.7070870853e-01
7.1080241488e+00 -5.8174583107e-01
7.0860554123e+00 -5.9228845109e-01
7.0578396531e+00 -6.0231288220e-01
7.0234033005e+00 -6.1178950112e-01
6.9827559295e+00 -6.2069130718e-01
6.9359545171e+00 -6.2899674134e-01
6.8830126094e+00 -6.3667474976e-01
6.8239728305e+00 -6.4370075079e-01
6.7588764621e+00 -6.5004715607e-01
6.6877463390e+00 -6.5568754050e-01
6.6106269890e+00 -6.6058750326e-01
6.5275687679e+00 -6.6472440284e-01
6.4385917488e+00 -6.6807186998e-01
6.3437500426e+00 -6.7059681776e-01
6.2431132983e+00 -6.7227599194e-01
6.1367025112e+00 -6.7307144146e-01
6.0245787189e+00 -6.7295831971e-01
5.9068169543e+00 -6.7190535479e-01
5.7834538257e+00 -6.6988922074e-01
5.6545658594e+00 -6.6686824097e-01
5.5202393415e+00 -6.6282286462e-01
5.3805367622e+00 -6.5771206484e-01
5.2355495419e+00 -6.5151744659e-01
5.0853719559e+00 -6.4419250247e-01
4.9300831758e+00 -6.3572349388e-01
4.7698098491e+00 -6.2607395913e-01
4.6046486219e+00 -6.1521430769e-01
4.4347494226e+00 -6.0311704670e-01
4.2602350035e+00 -5.8974692114e-01
4.0812574158e+00 -5.7508667592e-01
3.8980014779e+00 -5.5910476028e-01
3.7106421437e+00 -5.4179391773e-01
3.5193812967e+00 -5.2310715413e-01
3.3244447272e+00 -5.0304987284e-01
3.1260758030e+00 -4.8159558109e-01
2.9245711101e+00 -4.5873769327e-01
2.7202510977e+00 -4.3447919071e-01
2.5134557545e+00 -4.0880514180e-01
2.3046123090e+00 -3.8174790057e-01
2.0941749975e+00 -3.5334530850e-01
1.8826914765e+00 -3.2359593709e-01
1.6707488243e+00 -2.9258041472e-01
1.4591600888e+00 -2.6035619159e-01
1.2488225654e+00 -2.2714188130e-01
1.0408048456e+00 -1.9295067819e-01
8.3655722122e-01 -1.5811711914e-01
6.3792651632e-01 -1.2302431918e-01
4.4771356821e-01 -8.7991446600e-02
2.6983245616e-01 -5.3937082144e-02
1.1168995968e-01 -2.1899279217e-02
-7.2916666739e-05 1.3577622593e-05
