2.6946779909e+02
2.6946779909e+02
2.6946213095e+02
2.6945646280e+02
2.6944979948e+02
2.6944224152e+02
2.6943595107e+02
2.6942893711e+02
2.6942179655e+02
2.6941089329e+02
2.6940023206e+02
2.6938917094e+02
2.6937773295e+02
2.6936457835e+02
2.6935064043e+02
2.6933424462e+02
2.6931749659e+02
2.6930116619e+02
2.6928034723e+02
2.6925804277e+02
2.6923372846e+02
2.6920911047e+02
2.6918358946e+02
2.6915398444e+02
2.6912316860e+02
2.6908898565e+02
2.6905420800e+02
2.6901766564e+02
2.6897963953e+02
2.6893659245e+02
2.6889310769e+02
2.6884814947e+02
2.6880118168e+02
2.6874981145e+02
2.6869711518e+02
2.6864199362e+02
2.6858559366e+02
2.6852497933e+02
2.6846451181e+02
2.6839481284e+02
2.6832649774e+02
2.6826021455e+02
2.6819486764e+02
2.6811824491e+02
2.6804203509e+02
2.6796680846e+02
2.6788863579e+02
2.6780094674e+02
2.6771401791e+02
2.6763477695e+02
2.6755205656e+02
2.6746539657e+02
2.6737807305e+02
2.6729026519e+02
2.6720041745e+02
2.6711009803e+02
2.6701741471e+02
2.6692549710e+02
2.6683357851e+02
2.6673683150e+02
2.6664749980e+02
2.6655658916e+02
2.6645379759e+02
2.6636397694e+02
2.6627937184e+02
2.6618146614e+02
2.6608976684e+02
2.6600765332e+02
2.6592382642e+02
2.6584210745e+02
2.6575939565e+02
2.6568152977e+02
2.6559939043e+02
2.6552803851e+02
2.6546376604e+02
2.6539136011e+02
2.6532396166e+02
2.6527612178e+02
2.6520872336e+02
2.6515104040e+02
2.6510386716e+02
2.6506155545e+02
2.6502584202e+02
2.6498755038e+02
2.6495744034e+02
2.6492954600e+02
2.6490703425e+02
2.6489178831e+02
2.6487704947e+02
2.6487105426e+02
2.6486474527e+02
2.6486599815e+02
2.6487231648e+02
2.6488075443e+02
2.6489400941e+02
2.6490897824e+02
2.6492918546e+02
2.6495015522e+02
2.6498110695e+02
2.6499951730e+02
2.6502027666e+02
