-1.1725327385e-05 1.6789752543e-05
1.9748207056e-01 -9.2575781698e-04
3.9018901868e-01 -3.6237332346e-03
5.7805039628e-01 -8.0576893303e-03
7.6092485626e-01 -1.4085061926e-02
9.3877585643e-01 -2.1706856976e-02
1.1115503251e+00 -3.0811246170e-02
1.2792092635e+00 -4.1295558857e-02
1.4417513804e+00 -5.3137896214e-02
1.5990884970e+00 -6.6188256071e-02
1.7511989974e+00 -8.0423835165e-02
1.8980764629e+00 -9.5760563063e-02
2.0396975662e+00 -1.1209150437e-01
2.1761162520e+00 -1.2937600493e-01
2.3072519877e+00 -1.4749818648e-01
2.4331086919e+00 -1.6641275459e-01
2.5537433586e+00 -1.8604774831e-01
2.6691681608e+00 -2.0628024922e-01
2.7793726402e+00 -2.2710755332e-01
2.8843628485e+00 -2.4840414042e-01
2.9842018297e+00 -2.7011461770e-01
3.0789089313e+00 -2.9219199032e-01
3.1684919958e+00 -3.1452039538e-01
3.2529868964e+00 -3.3708128567e-01
3.3324520200e+00 -3.5977348402e-01
3.4069241496e+00 -3.8253763272e-01
3.4764230659e+00 -4.0533753668e-01
3.5409798409e+00 -4.2806563964e-01
3.6006836633e+00 -4.5070457625e-01
3.6555608769e+00 -4.7316213746e-01
3.7056594670e+00 -4.9538479862e-01
3.7510025752e+00 -5.1734445147e-01
3.7916940940e+00 -5.3893729807e-01
3.8277520300e+00 -5.6015472234e-01
3.8592448081e+00 -5.8091327179e-01
3.8862096583e+00 -6.0116005941e-01
3.9087245887e+00 -6.2087842664e-01
3.9268551786e+00 -6.3997733904e-01
3.9406207187e+00 -6.5844071260e-01
3.9501272617e+00 -6.7619871977e-01
3.9554165052e+00 -6.9323099070e-01
3.9565468786e+00 -7.0946584594e-01
3.9535778890e+00 -7.2489024868e-01
3.9466001929e+00 -7.3943580654e-01
3.9356468112e+00 -7.5309321719e-01
3.9208222412e+00 -7.6580247907e-01
3.9021689814e+00 -7.7753579203e-01
3.8797402215e+00 -7.8826716366e-01
3.8536478696e+00 -7.9793185871e-01
3.8239403739e+00 -8.0655185559e-01
3.7906936339e+00 -8.1406076766e-01
3.7540006065e+00 -8.2043510827e-01
3.7138951752e+00 -8.2566689050e-01
3.6705138753e+00 -8.2971070944e-01
3.6238702109e+00 -8.3256075867e-01
3.5740752401e+00 -8.3419576045e-01
3.5212374437e+00 -8.3456222274e-01
3.4653804757e+00 -8.3370302042e-01
3.4066358364e+00 -8.3158119005e-01
3.3451101360e+00 -8.2818454955e-01
3.2808322685e+00 -8.2350511615e-01
3.2139550040e+00 -8.1752846689e-01
3.1445013433e+00 -8.1025507194e-01
3.0726264720e+00 -8.0167920865e-01
2.9984273334e+00 -7.9180352787e-01
2.9219444899e+00 -7.8065271254e-01
2.8433823290e+00 -7.6823135124e-01
2.7627547226e+00 -7.5453344244e-01
2.6802283583e+00 -7.3956820476e-01
2.5958998940e+00 -7.2336111576e-01
2.5098221191e+00 -7.0592712184e-01
2.4222434967e+00 -6.8729651352e-01
2.3331861321e+00 -6.6749765693e-01
2.2428150597e+00 -6.4657840124e-01
2.1512801518e+00 -6.2457344731e-01
2.0586499431e+00 -6.0148008363e-01
1.9651675111e+00 -5.7738469964e-01
1.8708454410e+00 -5.5231663892e-01
1.7759584190e+00 -5.2633174721e-01
1.6806473494e+00 -4.9951797068e-01
1.5849797293e+00 -4.7194708530e-01
1.4892528051e+00 -4.4365901651e-01
1.3935938048e+00 -4.1477285756e-01
1.2981284393e+00 -3.8536427702e-01
1.2032054100e+00 -3.5554804772e-01
1.1088599727e+00 -3.2541466575e-01
1.0154170812e+00 -2.9510261158e-01
9.2318604858e-01 -2.6474527682e-01
8.3214984627e-01 -2.3450732076e-01
7.4286329193e-01 -2.0467425456e-01
6.5540787785e-01 -1.7527352632e-01
5.7028067605e-01 -1.4663534046e-01
4.8757830511e-01 -1.1912077629e-01
4.0761835121e-01 -9.2970589411e-02
3.3111789385e-01 -6.8680081539e-02
2.5777361702e-01 -4.6756654397e-02
1.8824549827e-01 -2.8123372749e-02
1.2234665596e-01 -1.3016093817e-02
5.9672384228e-02 -3.5122866448e-03
-3.5309719630e-05 3.7199169777e-05
