3.7693830265e+02
3.7686975242e+02
3.7680291799e+02
3.7674063258e+02
3.7668040178e+02
3.7662138989e+02
3.7656804621e+02
3.7651591469e+02
3.7646773057e+02
3.7641971652e+02
3.7637708956e+02
3.7633494930e+02
3.7629852293e+02
3.7626389293e+02
3.7623150059e+02
3.7620381794e+02
3.7617853725e+02
3.7615618561e+02
3.7613822874e+02
3.7612194486e+02
3.7611146999e+02
3.7610214256e+02
3.7609387464e+02
3.7609496783e+02
3.7609682149e+02
3.7609959648e+02
3.7610878815e+02
3.7612070030e+02
3.7613581121e+02
3.7615500213e+02
3.7617831915e+02
3.7620460514e+02
3.7623409941e+02
3.7626918288e+02
3.7630735333e+02
3.7634747365e+02
3.7639359535e+02
3.7644266279e+02
3.7649331682e+02
3.7655180216e+02
3.7661169831e+02
3.7667413322e+02
3.7674278218e+02
3.7681433266e+02
3.7688980950e+02
3.7697017078e+02
3.7705291953e+02
3.7713861410e+02
3.7722928404e+02
3.7732209503e+02
3.7741954919e+02
3.7752016037e+02
3.7762544773e+02
3.7773363256e+02
3.7784418643e+02
3.7795720628e+02
3.7807818696e+02
3.7819855298e+02
3.7832116075e+02
3.7845119450e+02
3.7857993089e+02
3.7871341852e+02
3.7885104727e+02
3.7899151801e+02
3.7913246227e+02
3.7927713348e+02
3.7942614636e+02
3.7957499955e+02
3.7972807044e+02
3.7988479368e+02
3.8004296361e+02
3.8020056423e+02
3.8036372122e+02
3.8052864426e+02
3.8069492154e+02
3.8086292767e+02
3.8103075171e+02
3.8120601296e+02
3.8137882671e+02
3.8155278487e+02
3.8173478812e+02
3.8191122638e+02
3.8208722939e+02
3.8227551741e+02
3.8245356446e+02
3.8263996225e+02
3.8282402437e+02
3.8300954084e+02
3.8320932281e+02
3.8338200686e+02
3.8358394333e+02
3.8378353317e+02
3.8396153168e+02
3.8416063029e+02
3.8436771888e+02
3.8452978571e+02
3.8480467230e+02
3.8489495384e+02
3.8493135481e+02
3.8380176238e+02
