3.0611525984e+02
3.0654359694e+02
3.0568425412e+02
3.0697233307e+02
3.0524857598e+02
3.0740457170e+02
3.0481287062e+02
3.0783679922e+02
3.0438700832e+02
3.0827082882e+02
3.0396276749e+02
3.0870627822e+02
3.0353480531e+02
3.0914130951e+02
3.0309920877e+02
3.0956973203e+02
3.0266357384e+02
3.0999815222e+02
3.0223861322e+02
3.1042874871e+02
3.0181601852e+02
3.1086128821e+02
3.0139200822e+02
3.1129391267e+02
3.0096452230e+02
3.1173009683e+02
3.0053701005e+02
3.1216626994e+02
3.0011113527e+02
3.1260206712e+02
2.9968572222e+02
3.1303770004e+02
2.9925981584e+02
3.1347335170e+02
2.9883221153e+02
3.1390634455e+02
2.9840457202e+02
3.1433928872e+02
2.9798144668e+02
3.1477118224e+02
2.9755992335e+02
3.1520192937e+02
2.9713712480e+02
3.1563269463e+02
2.9670937178e+02
3.1607371077e+02
2.9628157672e+02
3.1651538212e+02
2.9585936357e+02
3.1695222446e+02
2.9543956498e+02
3.1738264929e+02
2.9501992731e+02
3.1781310112e+02
2.9460089328e+02
3.1825285702e+02
2.9418181698e+02
3.1869366114e+02
2.9376040968e+02
3.1913223534e+02
2.9333777255e+02
3.1956741410e+02
2.9291594984e+02
3.2000262668e+02
2.9249894772e+02
3.2043836844e+02
2.9208189381e+02
3.2087421345e+02
2.9166433137e+02
3.2131068846e+02
2.9124644865e+02
3.2174856478e+02
2.9082855100e+02
3.2218648054e+02
2.9040973843e+02
3.2262139628e+02
2.8999086273e+02
3.2305566041e+02
2.8957621574e+02
3.2349002537e+02
3.2392477076e+02
2.8916468495e+02
3.2435955361e+02
2.8875302954e+02
3.2479878861e+02
2.8833815292e+02
3.2523930504e+02
2.8792320368e+02
3.2567818191e+02
2.8750913076e+02
3.2611265037e+02
2.8709583111e+02
3.2654716371e+02
2.8668264718e+02
3.2698369518e+02
2.8627482307e+02
3.2742095989e+02
2.8586693150e+02
3.2785842765e+02
2.8545784733e+02
3.2829690111e+02
2.8504755748e+02
3.2873542546e+02
2.8463721329e+02
3.2917131710e+02
2.8422899290e+02
3.2960608013e+02
2.8382068050e+02
3.3004114347e+02
2.8341459075e+02
3.3047778337e+02
2.8301119726e+02
3.3091447559e+02
2.8260774584e+02
3.3135153794e+02
2.8219933450e+02
3.3178880822e+02
2.8179038413e+02
3.3222567978e+02
2.8138567988e+02
3.3266026344e+02
2.8098703523e+02
3.3309490513e+02
3.3353099700e+02
2.8058832339e+02
3.3396800065e+02
2.8018690926e+02
3.3440478808e+02
2.7978498781e+02
3.3483985733e+02
2.7938357313e+02
3.3527498748e+02
2.7898309050e+02
3.3571087088e+02
2.7858253845e+02
3.3614731503e+02
2.7818775055e+02
3.3658370310e+02
2.7779377307e+02
3.3701939744e+02
2.7739865447e+02
3.3745515707e+02
2.7700136412e+02
3.3789026158e+02
2.7660399999e+02
3.3832479809e+02
2.7620751167e+02
3.3875932531e+02
2.7581101826e+02
3.3919256709e+02
2.7541678167e+02
3.3962587679e+02
2.7502815095e+02
3.4006008026e+02
3.4049518454e+02
2.7463943006e+02
3.4093034344e+02
2.7425007508e+02
3.4136370103e+02
2.7386037885e+02
3.4179713435e+02
2.7347126031e+02
3.4223060868e+02
2.7308407677e+02
3.4266410889e+02
2.7269680353e+02
3.4309766704e+02
2.7231160111e+02
3.4352972788e+02
2.7192696639e+02
3.4396180841e+02
2.7154200262e+02
3.4439442495e+02
2.7115614117e+02
3.4482775928e+02
2.7077018242e+02
3.4526115360e+02
2.7039038378e+02
3.4569429007e+02
2.7001315167e+02
3.4612753067e+02
3.4656004871e+02
2.6963500806e+02
3.4699129630e+02
2.6925293844e+02
3.4742261149e+02
2.6887076779e+02
3.4785190621e+02
2.6849331797e+02
3.4828096423e+02
2.6811819678e+02
3.4871113122e+02
2.6774302838e+02
3.4914342954e+02
2.6736827603e+02
3.4957579520e+02
2.6699341646e+02
3.5000608984e+02
2.6662028405e+02
3.5043603911e+02
2.6624805182e+02
3.5086586260e+02
2.6587594700e+02
3.5129525771e+02
3.5172472545e+02
2.6550633655e+02
3.5215251066e+02
2.6513661313e+02
3.5257991706e+02
2.6476820580e+02
3.5300785601e+02
2.6440058794e+02
3.5343719586e+02
2.6403299089e+02
3.5386660762e+02
2.6366829843e+02
3.5429418175e+02
2.6330348698e+02
3.5472121756e+02
2.6293983437e+02
3.5514864261e+02
2.6257700793e+02
3.5557726715e+02
3.5600596978e+02
2.6221406950e+02
3.5642901350e+02
2.6185443278e+02
3.5684963356e+02
2.6149467134e+02
3.5727190504e+02
2.6113585539e+02
3.5770179625e+02
2.6077782561e+02
3.5813175499e+02
2.6041964248e+02
3.5855867407e+02
2.6006404620e+02
3.5898415235e+02
2.5970840107e+02
3.5940946171e+02
2.5935493184e+02
3.5983312001e+02
3.6025686345e+02
2.5900398135e+02
3.6067807734e+02
2.5865287353e+02
3.6109776824e+02
2.5830222965e+02
3.6151805325e+02
2.5795149014e+02
3.6194342104e+02
2.5760222296e+02
3.6236886085e+02
2.5725495444e+02
3.6279188821e+02
2.5690752041e+02
3.6321328795e+02
2.5656321127e+02
3.6363491051e+02
3.6405896897e+02
2.5621916380e+02
3.6448311792e+02
2.5587586464e+02
3.6490316678e+02
2.5553374201e+02
3.6531966308e+02
2.5519144746e+02
3.6573629714e+02
2.5485272690e+02
3.6615670861e+02
2.5451451957e+02
3.6657721077e+02
2.5417635140e+02
3.6699625198e+02
2.5383816827e+02
3.6741386177e+02
3.6783157473e+02
2.5349980539e+02
3.6824921633e+02
2.5316534306e+02
3.6866694441e+02
2.5283168278e+02
3.6908444766e+02
2.5249960868e+02
3.6950177707e+02
2.5217149388e+02
3.6991921342e+02
2.5184319494e+02
3.7033348867e+02
2.5151402133e+02
3.7074761151e+02
3.7116206766e+02
2.5118446847e+02
3.7157707222e+02
2.5085618308e+02
3.7199218506e+02
2.5053178000e+02
3.7240581620e+02
2.5020718434e+02
3.7281934720e+02
2.4988554311e+02
3.7323220250e+02
2.4956490556e+02
3.7364395618e+02
2.4924438144e+02
3.7405582081e+02
3.7446753130e+02
2.4892437445e+02
3.7487929607e+02
2.4860416723e+02
3.7529044252e+02
2.4828539143e+02
3.7570035657e+02
2.4796717532e+02
3.7611038428e+02
2.4765028596e+02
3.7651932848e+02
2.4734030290e+02
3.7692809274e+02
3.7733646228e+02
2.4703011494e+02
3.7774385659e+02
2.4671755464e+02
3.7815136688e+02
2.4640361697e+02
3.7855832597e+02
2.4609071623e+02
3.7896519080e+02
2.4578550023e+02
3.7937158371e+02
2.4548007038e+02
3.7977649891e+02
2.4517467319e+02
3.8018153303e+02
3.8058628692e+02
2.4486923536e+02
3.8099100387e+02
2.4456401094e+02
3.8139521523e+02
2.4426205106e+02
3.8179735453e+02
2.4395986825e+02
3.8219961621e+02
2.4365948884e+02
3.8259985840e+02
3.8299923985e+02
2.4336045186e+02
3.8339874922e+02
2.4306150525e+02
3.8379865468e+02
2.4276729912e+02
3.8419868478e+02
2.4247286168e+02
3.8459666642e+02
2.4217841668e+02
3.8499357723e+02
2.4188395021e+02
3.8539047388e+02
3.8578690123e+02
2.4158936508e+02
3.8618345617e+02
2.4130344073e+02
3.8657854647e+02
2.4101727595e+02
3.8697272363e+02
2.4073368846e+02
3.8736680609e+02
2.4045287859e+02
3.8775915832e+02
2.4017186051e+02
3.8815164179e+02
3.8854310961e+02
2.3988189261e+02
3.8893382305e+02
2.3959122106e+02
3.8932445986e+02
2.3930564754e+02
3.8971171519e+02
2.3902651630e+02
3.9009910483e+02
2.3874714515e+02
3.9048640653e+02
3.9087363692e+02
2.3847101502e+02
3.9126093601e+02
2.3819483006e+02
3.9164403567e+02
2.3792003421e+02
3.9202727413e+02
2.3764742406e+02
3.9240977336e+02
2.3737456686e+02
3.9279147363e+02
3.9317330569e+02
2.3710348855e+02
3.9355120362e+02
2.3683229342e+02
3.9392912808e+02
2.3656254015e+02
3.9430729844e+02
2.3629552606e+02
3.9468573723e+02
2.3602824508e+02
3.9506431219e+02
3.9543306226e+02
2.3576237211e+02
3.9580117679e+02
2.3549639825e+02
3.9617128690e+02
2.3523428166e+02
3.9654425838e+02
2.3498057359e+02
3.9691735698e+02
2.3472657545e+02
3.9728605514e+02
3.9765440409e+02
2.3447396320e+02
3.9802081545e+02
2.3422142783e+02
3.9838371804e+02
2.3396744272e+02
3.9874676782e+02
2.3371024491e+02
3.9911218189e+02
3.9947823388e+02
2.3345275115e+02
3.9984047145e+02
2.3320424071e+02
4.0019454633e+02
2.3295810035e+02
4.0054878786e+02
2.3271259071e+02
4.0089431066e+02
2.3246977763e+02
4.0123782777e+02
4.0158331029e+02
2.3222662528e+02
4.0193351473e+02
2.3198885336e+02
4.0228387856e+02
2.3175274108e+02
4.0262866063e+02
2.3151799554e+02
4.0297193518e+02
4.0331270335e+02
2.3128976599e+02
4.0364525092e+02
2.3106115887e+02
4.0397797932e+02
2.3083384520e+02
4.0430428282e+02
2.3060667924e+02
4.0462828705e+02
4.0495228486e+02
2.3038159218e+02
4.0527568980e+02
2.3016905270e+02
4.0559928074e+02
2.2995605975e+02
4.0591676511e+02
2.2975073975e+02
4.0623167126e+02
2.2954921976e+02
4.0654404368e+02
4.0684237000e+02
2.2935048685e+02
4.0714091753e+02
2.2917510152e+02
4.0742712252e+02
2.2899918358e+02
4.0770662132e+02
2.2882783429e+02
4.0798549650e+02
4.0825837027e+02
2.2865904247e+02
4.0853147796e+02
2.2849461164e+02
4.0879594139e+02
2.2838580354e+02
4.0905506983e+02
2.2827635349e+02
4.0931168563e+02
4.0953678160e+02
2.2818877177e+02
4.0976221278e+02
2.2811712530e+02
4.0995266748e+02
2.2804360700e+02
4.1011630157e+02
2.2794381944e+02
4.1028327069e+02
4.1052016540e+02
2.2784278119e+02
4.1075772738e+02
2.2897804409e+02
4.0974630575e+02
2.3126460041e+02
4.0757705971e+02
2.3355152355e+02
4.0540761996e+02
