-5.3896162335e-07 1.7388143140e-06
2.4770359580e-01 -8.0409969546e-04
4.8954616146e-01 -3.1750478607e-03
7.2545160104e-01 -7.0320750231e-03
9.5538757531e-01 -1.2328665890e-02
1.1793153254e+00 -1.8977991851e-02
1.3972101705e+00 -2.6934690566e-02
1.6090339981e+00 -3.6114380166e-02
1.8147749446e+00 -4.6460989192e-02
2.0144164375e+00 -5.7916077817e-02
2.2079591659e+00 -7.0399131761e-02
2.3953799445e+00 -8.3870938988e-02
2.5766936520e+00 -9.8246433644e-02
2.7518927964e+00 -1.1348495669e-01
2.9209955989e+00 -1.2951544780e-01
3.0840052645e+00 -1.4627647488e-01
3.2409323258e+00 -1.6372327404e-01
3.3917982238e+00 -1.8178165538e-01
3.5366202095e+00 -2.0040860121e-01
3.6754227379e+00 -2.1954561274e-01
3.8082223462e+00 -2.3913903596e-01
3.9350501119e+00 -2.5912955495e-01
4.0559184536e+00 -2.7947064598e-01
4.1708612170e+00 -3.0011252506e-01
4.2799210068e+00 -3.2099745975e-01
4.3831187408e+00 -3.4208688768e-01
4.4804757046e+00 -3.6331967474e-01
4.5720424913e+00 -3.8465242907e-01
4.6578290320e+00 -4.0604474904e-01
4.7378902264e+00 -4.2743770165e-01
4.8122648590e+00 -4.4879628441e-01
4.8809680083e+00 -4.7007113962e-01
4.9440515386e+00 -4.9121286314e-01
5.0015399365e+00 -5.1218859031e-01
5.0534856266e+00 -5.3294441021e-01
5.0999066954e+00 -5.5343737791e-01
5.1408479661e+00 -5.7363995857e-01
5.1763658139e+00 -5.9349383353e-01
5.2064748794e+00 -6.1296743543e-01
5.2312336869e+00 -6.3201278111e-01
5.2506734406e+00 -6.5059503757e-01
5.2648226776e+00 -6.6867350997e-01
5.2737559241e+00 -6.8620771362e-01
5.2774818343e+00 -7.0315857294e-01
5.2760541589e+00 -7.1948825328e-01
5.2695320839e+00 -7.3515641585e-01
5.2579372599e+00 -7.5012649637e-01
5.2413258636e+00 -7.6436141834e-01
5.2197314124e+00 -7.7781786831e-01
5.1932330047e+00 -7.9046955882e-01
5.1618511641e+00 -8.0227246151e-01
5.1256457980e+00 -8.1318965944e-01
5.0846660159e+00 -8.2318886092e-01
5.0389763839e+00 -8.3222944905e-01
4.9886251817e+00 -8.4028456862e-01
4.9336686760e+00 -8.4731386738e-01
4.8741671168e+00 -8.5328000944e-01
4.8101855531e+00 -8.5815700854e-01
4.7417915793e+00 -8.6190972468e-01
4.6690462989e+00 -8.6450155855e-01
4.5920262356e+00 -8.6590174962e-01
4.5108176705e+00 -8.6608709229e-01
4.4254833345e+00 -8.6501616743e-01
4.3361114758e+00 -8.6266952139e-01
4.2427905313e+00 -8.5901459761e-01
4.1456316668e+00 -8.5403058255e-01
4.0447047762e+00 -8.4769102013e-01
3.9401149503e+00 -8.3996322446e-01
3.8320042108e+00 -8.3084438108e-01
3.7204456281e+00 -8.2029588751e-01
3.6055856080e+00 -8.0830625187e-01
3.4875592912e+00 -7.9487920198e-01
3.3664896515e+00 -7.7996863991e-01
3.2425285162e+00 -7.6359691441e-01
3.1158496131e+00 -7.4573628559e-01
2.9866016198e+00 -7.2639999714e-01
2.8549702576e+00 -7.0559060578e-01
2.7211473398e+00 -6.8330134819e-01
2.5853565018e+00 -6.5957271447e-01
2.4477909032e+00 -6.3439079262e-01
2.3086987387e+00 -6.0780267528e-01
2.1683443700e+00 -5.7984584388e-01
2.0270179020e+00 -5.5054094614e-01
1.8849957655e+00 -5.1997203894e-01
1.7426058361e+00 -4.8817085347e-01
1.6002315237e+00 -4.5523961295e-01
1.4582698020e+00 -4.2126532663e-01
1.3171198981e+00 -3.8635269100e-01
1.1772910432e+00 -3.5064977798e-01
1.0393649358e+00 -3.1429368111e-01
9.0388426169e-01 -2.7751553069e-01
7.7159416953e-01 -2.4048736773e-01
6.4331509027e-01 -2.0355140866e-01
5.2006186512e-01 -1.6701114259e-01
4.0301663859e-01 -1.3137839190e-01
2.9368781681e-01 -9.7133133888e-02
1.9412237928e-01 -6.5129015589e-02
1.0717937568e-01 -3.6514505147e-02
3.7935794412e-02 -1.2534393316e-02
-1.9567627076e-05 6.3219465143e-06
