5.1655640208e+02
5.7758071559e+02
5.7753379858e+02
5.7748688158e+02
5.1993796625e+02
5.7743996457e+02
5.7738754302e+02
5.2331953099e+02
5.7733590882e+02
5.7729456075e+02
5.2670109574e+02
5.7725195126e+02
5.7720049996e+02
5.2890078198e+02
5.7714904866e+02
5.7710456999e+02
5.2955134182e+02
5.7705328151e+02
5.7699971500e+02
5.3020190166e+02
5.7694416079e+02
5.3199460720e+02
5.7688860657e+02
5.7682196587e+02
5.3488666537e+02
5.7675374277e+02
5.3606463712e+02
5.7668682009e+02
5.7661989741e+02
5.3723253280e+02
5.7653509029e+02
5.3835352527e+02
5.7644701817e+02
5.7635894606e+02
5.3923773672e+02
5.7627091643e+02
5.4054527806e+02
5.7616592152e+02
5.7605619019e+02
5.4216898245e+02
5.7594645886e+02
5.4361885759e+02
5.7583672754e+02
5.4449583449e+02
5.7570257107e+02
5.4552530595e+02
5.7556218272e+02
5.7542040178e+02
5.4682413924e+02
5.7526954304e+02
5.4812297253e+02
5.7509264823e+02
5.4912132456e+02
5.7490744246e+02
5.5002926976e+02
5.7472883632e+02
5.5097088552e+02
5.7455582862e+02
5.7435806679e+02
5.5191250129e+02
5.7413784853e+02
5.5290966884e+02
5.7390919011e+02
5.5402452660e+02
5.7368053169e+02
5.5495591953e+02
5.7342233250e+02
5.5585753457e+02
5.7315108894e+02
5.5675914960e+02
5.7287984539e+02
5.5761566528e+02
5.7260600575e+02
5.5840143795e+02
5.7227331407e+02
5.5918721063e+02
5.7195352617e+02
5.7163373826e+02
5.5997298330e+02
5.7131395036e+02
5.6065358028e+02
5.7096056388e+02
5.6135153277e+02
5.7059282650e+02
5.6207977786e+02
5.7020068422e+02
5.6280802295e+02
5.6979629925e+02
5.6350908412e+02
5.6934603499e+02
5.6416363280e+02
5.6887822480e+02
5.6475189161e+02
5.6841041461e+02
5.6534015042e+02
5.6797288753e+02
5.6591396902e+02
5.6750468548e+02
5.6644420784e+02
5.6697444666e+02
