3.0925443269e-06 1.3928309343e-07
3.1252707399e-01 -2.4333382966e-05
6.1811138736e-01 -9.4672846279e-05
9.1680152291e-01 -2.1587782912e-04
1.2086543261e+00 -3.9280713658e-04
1.4937061744e+00 -6.2224656495e-04
1.7720047611e+00 -9.1366638092e-04
2.0435958088e+00 -1.2658608478e-03
2.3085139334e+00 -1.6833668449e-03
2.5668086597e+00 -2.1677211482e-03
2.8185090825e+00 -2.7195032534e-03
3.0636592549e+00 -3.3438969049e-03
3.3023082736e+00 -4.0395567848e-03
3.5344806520e+00 -4.8064805575e-03
3.7602193606e+00 -5.6486371650e-03
3.9795448686e+00 -6.5642308227e-03
4.1925129187e+00 -7.5551751344e-03
4.3991243913e+00 -8.6216377844e-03
4.5994482334e+00 -9.7604128235e-03
4.7934923061e+00 -1.0975898078e-02
4.9812786303e+00 -1.2266752370e-02
5.1628562553e+00 -1.3630784197e-02
5.3382390646e+00 -1.5066430794e-02
5.5074672246e+00 -1.6573247938e-02
5.6705242277e+00 -1.8149532430e-02
5.8275011600e+00 -1.9795417357e-02
5.9783704691e+00 -2.1506735780e-02
6.1231443401e+00 -2.3276771760e-02
6.2618606421e+00 -2.5106512622e-02
6.3945425659e+00 -2.6996208680e-02
6.5212101534e+00 -2.8938379306e-02
6.6418705547e+00 -3.0929898074e-02
6.7565476012e+00 -3.2966493769e-02
6.8652176370e+00 -3.5045174916e-02
6.9679429865e+00 -3.7161331168e-02
7.0647003758e+00 -3.9308888420e-02
7.1555019211e+00 -4.1487217726e-02
7.2403640507e+00 -4.3688744029e-02
7.3192820928e+00 -4.5907666135e-02
7.3922766995e+00 -4.8140718006e-02
7.4593296264e+00 -5.0379301689e-02
7.5204520832e+00 -5.2618479849e-02
7.5756523584e+00 -5.4854875904e-02
7.6249134792e+00 -5.7080559944e-02
7.6682345867e+00 -5.9291315961e-02
7.7056023548e+00 -6.1479617305e-02
7.7370267554e+00 -6.3639602851e-02
7.7624796316e+00 -6.5762968443e-02
7.7819682551e+00 -6.7846646762e-02
7.7954641727e+00 -6.9885585633e-02
7.8029597131e+00 -7.1868164171e-02
7.8044337171e+00 -7.3789105180e-02
7.7998550614e+00 -7.5641652061e-02
7.7892491332e+00 -7.7426557937e-02
7.7725449573e+00 -7.9135568508e-02
7.7497431123e+00 -8.0753882730e-02
7.7208063020e+00 -8.2280113238e-02
7.6857129094e+00 -8.3709642186e-02
7.6444483575e+00 -8.5036756201e-02
7.5969675506e+00 -8.6255524309e-02
7.5432168468e+00 -8.7357894461e-02
7.4831952598e+00 -8.8337904660e-02
7.4168497473e+00 -8.9192363283e-02
7.3441488808e+00 -8.9910369140e-02
7.2650527152e+00 -9.0491135931e-02
7.1795241483e+00 -9.0935307279e-02
7.0875080902e+00 -9.1228237407e-02
6.9889277750e+00 -9.1367306888e-02
6.8838008420e+00 -9.1348985941e-02
6.7720565795e+00 -9.1176662591e-02
6.6536133903e+00 -9.0832434671e-02
6.5284477771e+00 -9.0320615973e-02
6.3964854705e+00 -8.9634573657e-02
6.2576995115e+00 -8.8770937331e-02
6.1120040326e+00 -8.7731272385e-02
5.9593342499e+00 -8.6509176614e-02
5.7996427199e+00 -8.5107237548e-02
5.6329011199e+00 -8.3506331482e-02
5.4589716302e+00 -8.1729428815e-02
5.2778222633e+00 -7.9757671210e-02
5.0893615594e+00 -7.7593348508e-02
4.8935868683e+00 -7.5241072858e-02
4.6903523184e+00 -7.2691724834e-02
4.4796098695e+00 -6.9960171531e-02
4.2612827161e+00 -6.7024786786e-02
4.0352766876e+00 -6.3897083294e-02
3.8015664541e+00 -6.0585497902e-02
3.5599995361e+00 -5.7063419505e-02
3.3105208166e+00 -5.3365809936e-02
3.0530565485e+00 -4.9473040253e-02
2.7875036108e+00 -4.5390461985e-02
2.5137669782e+00 -4.1117233476e-02
2.2317437269e+00 -3.6658143313e-02
1.9413740041e+00 -3.2015642215e-02
1.6425377784e+00 -2.7183885386e-02
1.3351308434e+00 -2.2172769195e-02
1.0190507770e+00 -1.6972331514e-02
6.9419148211e-01 -1.1594079347e-02
3.6043463843e-01 -6.0388404288e-03
1.7936269571e-02 -3.0087407696e-04
