1.2468788810e-03 1.7384971977e-06
1.2128373063e-03 -1.5269275668e-06
8.7940363735e-04 3.6353996306e-06
7.7945181134e-04 -2.8165244305e-06
9.8967497590e-05 1.0105493533e-06
6.2498012155e-05 2.0190685709e-07
7.5257106090e-04 4.8189882650e-06
8.4943791704e-04 -4.6019280169e-06
1.2062708372e-03 1.0538863907e-05
1.2330826603e-03 -1.0249489593e-05
1.2583047970e-03 1.4193099233e-05
1.2188020643e-03 -1.3417925680e-05
9.0568719556e-04 1.2596132358e-05
8.0210543385e-04 -1.0738682035e-05
1.3884480849e-04 2.7270384086e-06
1.8334418025e-05 6.3525024839e-08
7.2871774995e-04 1.2457407557e-05
8.2217167848e-04 -1.2944780115e-05
1.1997293166e-03 2.2802752794e-05
1.2213867268e-03 -2.2414597975e-05
1.2654927169e-03 2.7205786064e-05
1.2204909522e-03 -2.5391950948e-05
9.2875811134e-04 2.2931802630e-05
8.2022111268e-04 -1.8979474866e-05
1.7987477382e-04 5.4820323974e-06
1.7201175649e-05 -2.0077469517e-07
7.0093958783e-04 1.8603420117e-05
7.9437153103e-04 -2.0062125718e-05
1.1879739974e-03 3.4063737930e-05
1.2062043050e-03 -3.3767380457e-05
1.2732459540e-03 3.9833636391e-05
1.2222597874e-03 -3.7399676190e-05
9.5429877244e-04 3.2479268119e-05
8.4305896482e-04 -2.7870867590e-05
2.1709173231e-04 8.4520682066e-06
5.8073682459e-05 -2.2086185428e-06
6.7535463099e-04 2.4911849704e-05
7.6441407818e-04 -2.7179887148e-05
1.1797337411e-03 4.5951739642e-05
1.1896947033e-03 -4.5343183857e-05
1.2742464346e-03 5.3931215946e-05
1.2193042984e-03 -5.1823646101e-05
9.6951852439e-04 4.5652146970e-05
8.5919989664e-04 -4.1064967944e-05
2.5665455265e-04 1.3796630211e-05
9.9819233445e-05 -5.9092728161e-06
6.4561415352e-04 3.0882613877e-05
7.3031864165e-04 -3.2972929702e-05
1.1632502849e-03 5.7339046336e-05
1.1691682078e-03 -5.5824274022e-05
1.2142009125e-03 -6.3219879496e-05
1.2761967948e-03 6.5548646710e-05
8.6754490975e-04 -4.9318943732e-05
9.9022150370e-04 5.3401781827e-05
1.3586673040e-04 -8.6650079718e-06
2.9322967879e-04 1.7044716029e-05
7.0380046776e-04 -3.9492076042e-05
6.1536014879e-04 3.5256227359e-05
1.1534159026e-03 -6.6717324429e-05
1.1504155689e-03 6.7950103993e-05
1.2153102193e-03 -7.2412647916e-05
1.2810692058e-03 7.8861388121e-05
8.9306532440e-04 -5.4943535784e-05
1.0108631668e-03 6.5557125400e-05
1.7250935099e-04 -1.1060446314e-05
3.2798220508e-04 2.2873621375e-05
6.6630141458e-04 -4.2946026288e-05
5.8247572811e-04 3.9410264393e-05
1.1297586947e-03 -7.5391783975e-05
1.1347249681e-03 7.8533683953e-05
1.2079670087e-03 -8.3991570473e-05
1.2829756061e-03 9.2046703764e-05
9.0103768758e-04 -6.5692294000e-05
1.0288976738e-03 7.7118682309e-05
2.0753780301e-04 -1.5974985449e-05
3.6232477977e-04 2.8816649883e-05
6.4100830773e-04 -4.7261038541e-05
5.5255441010e-04 4.3308550150e-05
1.1141442774e-03 -8.4489827020e-05
1.1202733816e-03 8.9217053555e-05
1.1988152736e-03 -9.3707056975e-05
1.2786318880e-03 1.0467127287e-04
9.0736719883e-04 -7.2915999989e-05
1.0409035124e-03 8.8160951557e-05
2.3914172885e-04 -1.9566546238e-05
3.9382508916e-04 3.5022636887e-05
6.0422581991e-04 -4.8878346520e-05
5.1661068106e-04 4.6125025289e-05
1.0889574935e-03 -9.1600048391e-05
1.0992556913e-03 9.9112951033e-05
1.1939988814e-03 -1.0464791510e-04
1.2757999168e-03 1.1744398643e-04
9.2133033979e-04 -8.3240643333e-05
1.0513764620e-03 1.0008509638e-04
2.7055273135e-04 -2.5153128928e-05
4.2624546285e-04 4.2453485869e-05
5.7112905591e-04 -5.2805609799e-05
4.8507644711e-04 4.7682952384e-05
1.0672217334e-03 -1.0111913453e-04
1.0793430556e-03 1.0754950194e-04
1.1827625102e-03 -1.1529629707e-04
1.2690949000e-03 1.3071221758e-04
9.2495243891e-04 -9.3175123999e-05
1.0661633487e-03 1.1520921640e-04
2.9940542092e-04 -3.1317462107e-05
4.5898485166e-04 5.2279660432e-05
5.3918174226e-04 -5.5284858949e-05
4.4876269410e-04 4.9851340995e-05
1.0432843222e-03 -1.0891934414e-04
1.0550507596e-03 1.1705466033e-04
1.1681114635e-03 -1.2502003449e-04
1.2584421077e-03 1.4268030966e-04
9.3007461273e-04 -1.0249134454e-04
1.0725873685e-03 1.2520480898e-04
3.2892897826e-04 -3.7403637770e-05
4.8789210789e-04 5.9113633097e-05
5.0088620924e-04 -5.6041443389e-05
4.1608729906e-04 4.7915625622e-05
1.0123543677e-03 -1.1516348866e-04
1.0350069643e-03 1.2156260816e-04
1.1581063309e-03 -1.3468760422e-04
1.2502037462e-03 1.5426485999e-04
9.4418797641e-04 -1.1248372306e-04
3.5992298460e-04 -4.4237760413e-05
1.0836202783e-03 1.3702384789e-04
4.6642824976e-04 -5.6860026036e-05
5.1690195878e-04 6.7360782586e-05
9.8738378539e-04 -1.2186184265e-04
3.7736401128e-04 4.9771847878e-05
1.1447180976e-03 -1.4491748064e-04
1.0081506134e-03 1.3295616743e-04
9.5046238789e-04 -1.2764927970e-04
1.2417311178e-03 1.6662878114e-04
3.8771632096e-04 -5.5087258526e-05
1.0900842283e-03 1.4924282214e-04
4.2824019519e-04 -5.6506750798e-05
5.4217776738e-04 7.6540456036e-05
9.5510994386e-04 -1.2654365561e-04
3.3956574718e-04 4.8958205033e-05
1.1309418566e-03 -1.5383150896e-04
9.8288573012e-04 1.4026970228e-04
9.4613028177e-04 -1.3488989826e-04
1.2302880247e-03 1.7811021619e-04
4.0789367181e-04 -6.0653632912e-05
1.0916411695e-03 1.6118445433e-04
3.9733539466e-04 -5.6778077198e-05
5.6444947808e-04 8.5697070324e-05
9.3173229197e-04 -1.3306340121e-04
3.0398110911e-04 4.6648382967e-05
1.1149771369e-03 -1.6118614624e-04
9.5846341549e-04 1.4589569996e-04
9.4505735098e-04 -1.3808417692e-04
1.2156607160e-03 1.8862399973e-04
4.2789422902e-04 -6.3677426917e-05
1.0959683711e-03 1.7663399794e-04
3.6633808234e-04 -5.4991839241e-05
5.9093526304e-04 9.9114784533e-05
9.1093964966e-04 -1.3754948525e-04
2.6679937353e-04 4.4814860796e-05
1.0980880944e-03 -1.6844194966e-04
9.2678428475e-04 1.5227508751e-04
9.4235155866e-04 -1.4757165333e-04
1.1987899455e-03 1.9915676728e-04
4.4738073491e-04 -7.1899309751e-05
1.0969607159e-03 1.8417341217e-04
3.3391883274e-04 -5.3638422511e-05
8.8594819518e-04 -1.4199391158e-04
6.1200004598e-04 1.0455749843e-04
1.0806228087e-03 -1.7540474739e-04
2.2872689825e-04 4.0542165996e-05
9.3987127558e-04 -1.5490708834e-04
8.9947190748e-04 1.5696367536e-04
4.6649617660e-04 -7.8388171861e-05
1.1839387852e-03 2.0873713666e-04
2.9447476945e-04 -4.8615570619e-05
1.0924728518e-03 1.9505217020e-04
8.4696057810e-04 -1.4098262731e-04
6.2888341900e-04 1.1453775561e-04
1.0611325365e-03 -1.8118817373e-04
1.9480708742e-04 3.7120943655e-05
9.4734416744e-04 -1.6483017847e-04
8.7187147018e-04 1.6163812480e-04
4.9288741918e-04 -8.7526645301e-05
1.1649377626e-03 2.1837367571e-04
2.5944373969e-04 -4.6535821824e-05
1.0908420995e-03 2.0848002101e-04
8.1492660929e-04 -1.4543073530e-04
6.4816850594e-04 1.2707592224e-04
1.0405977949e-03 -1.8839420799e-04
1.5445317050e-04 3.2040663497e-05
9.4009105586e-04 -1.7706070410e-04
8.3682616846e-04 1.6435229752e-04
5.0771072094e-04 -9.9497285631e-05
1.1432274967e-03 2.2663493967e-04
2.2432038708e-04 -4.3089410264e-05
1.0847222990e-03 2.1823249814e-04
7.7963741308e-04 -1.4602343207e-04
6.6305887434e-04 1.3610636942e-04
1.0181897203e-03 -1.9360433077e-04
9.3232526392e-04 -1.8209125317e-04
1.1887683172e-04 2.6237271004e-05
5.2103893640e-04 -1.0474451577e-04
8.0712444950e-04 1.6730120066e-04
1.9682447461e-04 -3.9944568106e-05
1.1221288049e-03 2.3451955096e-04
7.6119463763e-04 -1.4998575471e-04
1.0781986501e-03 2.2816600029e-04
1.0013858796e-03 -1.9896896453e-04
6.7747403649e-04 1.4597010531e-04
9.2124993217e-04 -1.8534345878e-04
8.1581672573e-05 1.9593358407e-05
5.2827217943e-04 -1.0805550574e-04
7.7498116815e-04 1.6902705164e-04
1.6254375791e-04 -3.3303953406e-05
1.1002332522e-03 2.4202314950e-04
7.3292637858e-04 -1.4798209841e-04
1.0726330370e-03 2.3957201301e-04
9.8076172431e-04 -2.0194959931e-04
6.9195753070e-04 1.5773814821e-04
9.1299905357e-04 -1.9151659322e-04
4.2408936959e-05 1.2008542601e-05
5.3997851972e-04 -1.1516275650e-04
7.3834216532e-04 1.6930254629e-04
1.3315102609e-04 -2.9226776462e-05
1.0765582401e-03 2.4852223623e-04
7.0624472191e-04 -1.5120935448e-04
1.0637637939e-03 2.4838317025e-04
9.5778817414e-04 -2.0679950436e-04
9.0215793671e-04 -1.9713382917e-04
7.0119971248e-04 1.6641594281e-04
5.4971632809e-04 -1.2200917889e-04
6.8828012284e-06 3.8905884091e-06
9.9227930208e-05 -2.3046124585e-05
7.0834070017e-04 1.6992459220e-04
6.6934390963e-04 -1.4898732838e-04
1.0527710143e-03 2.5465676704e-04
9.3245664351e-04 -2.0940750735e-04
1.0505102773e-03 2.6029734822e-04
8.9731059851e-04 -2.0436271609e-04
7.0908858201e-04 1.8142861737e-04
5.6333805757e-04 -1.3033181107e-04
2.4110302173e-05 9.9447605876e-06
6.6301655251e-05 -1.6284051671e-05
6.7451278697e-04 1.7082908342e-04
6.4108236744e-04 -1.4807189772e-04
1.0251829668e-03 2.6027096906e-04
9.1080872664e-04 -2.1236485155e-04
1.0353816517e-03 2.6528588723e-04
8.8609605271e-04 -2.1041127680e-04
7.1418493263e-04 1.8545716025e-04
5.7161050245e-04 -1.3856083012e-04
5.9313092317e-05 1.7542186477e-05
3.7935780357e-05 -1.0578501401e-05
6.0570425607e-04 -1.4593760739e-04
6.4175825176e-04 1.6862921221e-04
8.8311396898e-04 -2.1400663967e-04
9.9852157373e-04 2.6336583538e-04
8.7769826331e-04 -2.1470013899e-04
1.0234401599e-03 2.7154050729e-04
5.8270925108e-04 -1.4427972224e-04
7.2313199030e-04 1.9382180757e-04
8.0901692063e-06 -3.3502023073e-06
8.8534594006e-05 2.5744653148e-05
5.7226484498e-04 -1.4296292689e-04
6.0678320055e-04 1.6650425561e-04
8.5584494986e-04 -2.1460131756e-04
9.7142290874e-04 2.6743452600e-04
8.6354834970e-04 -2.1761571250e-04
1.0069982646e-03 2.8004844386e-04
5.8589746804e-04 -1.4896472991e-04
7.2426872030e-04 2.0496745882e-04
2.0037712831e-05 -6.4743869914e-06
1.1818701291e-04 3.6198528121e-05
5.4544306440e-04 -1.4105039181e-04
5.6915965614e-04 1.6268410541e-04
8.3285072854e-04 -2.1626306526e-04
9.3925369013e-04 2.6888967341e-04
8.4449222469e-04 -2.2184100642e-04
5.8278111110e-04 -1.5581232115e-04
9.9008199111e-04 2.8565115438e-04
4.7154654358e-05 -1.4855371539e-05
7.2691271526e-04 2.1226027696e-04
5.1641718628e-04 -1.3814017957e-04
1.4588743260e-04 4.4748121472e-05
8.0805260915e-04 -2.1677186799e-04
5.3582070939e-04 1.5891536009e-04
8.2770922068e-04 -2.2447638290e-04
9.1009302565e-04 2.7068609958e-04
5.8043891700e-04 -1.5969078464e-04
9.7097571922e-04 2.9136802355e-04
7.1309676734e-05 -2.1309898377e-05
7.2625893202e-04 2.2102122168e-04
4.9250120800e-04 -1.3551343961e-04
1.7046661050e-04 5.4378779015e-05
7.8674006974e-04 -2.1736438405e-04
5.0108399168e-04 1.5499894682e-04
8.1129765240e-04 -2.2671308714e-04
8.7966347821e-04 2.7211211805e-04
5.8071531980e-04 -1.6490334797e-04
9.5359900493e-05 -2.9238036784e-05
9.5118771246e-04 2.9604805984e-04
4.6345672553e-04 -1.3245538407e-04
7.2333531649e-04 2.2773594149e-04
7.5991824409e-04 -2.1729041692e-04
1.9305396618e-04 6.3365533759e-05
7.9274898713e-04 -2.2857300188e-04
4.6821663538e-04 1.5052864615e-04
5.7818871809e-04 -1.6901598269e-04
8.4973525202e-04 2.7276008137e-04
1.1749899350e-04 -3.6478776452e-05
9.2861165330e-04 3.0021419445e-04
4.3436617317e-04 -1.2787808409e-04
7.1677835085e-04 2.3521680106e-04
7.3311047369e-04 -2.1567447634e-04
2.1518749975e-04 7.3463455091e-05
7.7660495019e-04 -2.3004962752e-04
4.3514778689e-04 1.4464466367e-04
5.7884533226e-04 -1.7346112055e-04
1.3696467802e-04 -4.2982510312e-05
8.1630997038e-04 2.7088637161e-04
3.9873378824e-04 -1.2086480931e-04
9.0445256946e-04 3.0269960645e-04
7.0029064984e-04 -2.1195249854e-04
7.1372286567e-04 2.4227251186e-04
7.6006000801e-04 -2.3135523627e-04
2.3442102918e-04 8.2551426216e-05
5.8056916630e-04 -1.7863566346e-04
4.0126013861e-04 1.3844728966e-04
1.5693294918e-04 -5.0493711503e-05
7.8539062668e-04 2.7012598575e-04
3.6940362017e-04 -1.1583889244e-04
8.8129079163e-04 3.0687429688e-04
6.7188990975e-04 -2.0969143608e-04
7.0329481361e-04 2.5293878816e-04
7.4099085996e-04 -2.3258694479e-04
2.5133283245e-04 9.4618695743e-05
5.7808857090e-04 -1.8416463531e-04
1.7396174224e-04 -5.8003852297e-05
3.6729042410e-04 1.3122374020e-04
3.3967524483e-04 -1.0949402896e-04
7.4854298458e-04 2.6567117718e-04
6.4314393782e-04 -2.0580602787e-04
8.5383167604e-04 3.0531816546e-04
7.2107058302e-04 -2.3186214525e-04
6.9720776099e-04 2.5174642888e-04
5.7078588872e-04 -1.8557502780e-04
2.6887294365e-04 9.9411873982e-05
1.8896644014e-04 -6.3361762372e-05
3.3323183851e-04 1.2327651645e-04
3.1357276818e-04 -1.0341763068e-04
7.1368973222e-04 2.6216953955e-04
6.1565380404e-04 -2.0171090958e-04
8.3098163877e-04 3.0565110191e-04
6.9808402902e-04 -2.2905706067e-04
6.8487423920e-04 2.5364096670e-04
5.6163448558e-04 -1.8525411991e-04
2.0162487464e-04 -6.8039150782e-05
2.7949726527e-04 1.0586347767e-04
2.8844984105e-04 -9.7855948854e-05
3.0454206256e-04 1.1716794900e-04
5.8965981646e-04 -1.9869917275e-04
6.8409046119e-04 2.6044083648e-04
6.7554512582e-04 -2.2824662836e-04
8.0019807383e-04 3.0496058956e-04
5.5257637801e-04 -1.8939243461e-04
6.6967995611e-04 2.5930525062e-04
2.1300228250e-04 -7.5383468203e-05
2.8901858759e-04 1.1483912083e-04
2.5933773331e-04 -9.0585534384e-05
2.7250305421e-04 1.0699369099e-04
5.5789624379e-04 -1.9240532250e-04
6.4907040314e-04 2.5252896557e-04
6.5317294001e-04 -2.2569280956e-04
5.4461707250e-04 -1.8964729286e-04
7.7184692035e-04 3.0285454612e-04
2.2398298248e-04 -8.0070401618e-05
6.5663469332e-04 2.6103605814e-04
2.3734017055e-04 -8.4931759061e-05
2.9891107546e-04 1.2205070727e-04
5.3469117333e-04 -1.8897264733e-04
2.4158067955e-04 9.9831591428e-05
6.2870280221e-04 -2.2371930988e-04
6.1255848273e-04 2.4815015681e-04
5.2513749547e-04 -1.9693345378e-04
7.3953855536e-04 3.0006562743e-04
2.2764092008e-04 -8.9944235861e-05
6.3543945810e-04 2.6074143647e-04
2.0662077188e-04 -7.6585748372e-05
4.9535778860e-04 -1.7946212453e-04
3.0329601279e-04 1.2725082690e-04
6.0193962797e-04 -2.1880448135e-04
2.1197235039e-04 8.9731847343e-05
5.1571797756e-04 -1.8826840048e-04
5.7444565071e-04 2.3838196706e-04
2.3694290729e-04 -8.8481966579e-05
7.0647709386e-04 2.9329845865e-04
1.8642848548e-04 -7.1431849178e-05
6.1829948306e-04 2.5719161347e-04
4.7219901433e-04 -1.7642476069e-04
3.0826045515e-04 1.2974989229e-04
5.7705465681e-04 -2.1512328242e-04
1.8498233813e-04 8.0018743632e-05
5.0130599451e-04 -1.8933337179e-04
2.4042445674e-04 -9.3575443938e-05
5.4267925119e-04 2.3141618139e-04
1.6271046833e-04 -6.4097245558e-05
6.7385951411e-04 2.8799428778e-04
4.4387830252e-04 -1.6870566150e-04
5.9313231595e-04 2.5655440716e-04
5.4950383709e-04 -2.0863469995e-04
3.0645391158e-04 1.3529968566e-04
4.8293242574e-04 -1.8409255525e-04
1.5683705322e-04 7.0118523749e-05
2.4145343629e-04 -9.4286708355e-05
5.0423613867e-04 2.2029426494e-04
1.4331498289e-04 -5.8490937155e-05
6.3763743171e-04 2.8079844302e-04
4.2035460164e-04 -1.6455191358e-04
5.2238135098e-04 -2.0490826343e-04
5.6982210765e-04 2.5756011501e-04
4.5929565702e-04 -1.9026580331e-04
3.0577679378e-04 1.4277571725e-04
2.3684554539e-04 -1.0489934015e-04
1.2883855975e-04 6.1559521515e-05
1.1845246869e-04 -5.1445502742e-05
4.6154547331e-04 2.0979351073e-04
3.8468752164e-04 -1.5332928879e-04
5.9596243129e-04 2.7018829215e-04
4.9142385569e-04 -1.9707716540e-04
5.4208680660e-04 2.4593040844e-04
4.3716129283e-04 -1.8260296491e-04
3.0096806763e-04 1.3832410722e-04
2.3374436524e-04 -1.0241992610e-04
9.7786638159e-05 -4.2733645128e-05
1.0514140728e-04 5.1367127422e-05
3.5036433684e-04 -1.4181190391e-04
4.2838850188e-04 1.9939358882e-04
4.5869046008e-04 -1.8593197750e-04
5.5726309045e-04 2.6009495936e-04
4.1833378435e-04 -1.7144793306e-04
5.0533682310e-04 2.4441901271e-04
2.3290765816e-04 -9.7749420271e-05
2.8670378650e-04 1.4468735345e-04
8.0521676323e-05 -3.6379554627e-05
7.9316933740e-05 4.1088623430e-05
3.2360938210e-04 -1.3491803180e-04
3.8027242921e-04 1.8052800989e-04
4.2674081468e-04 -1.7715348204e-04
3.9492882131e-04 -1.6502158364e-04
5.0741615604e-04 2.4207803047e-04
2.2696856842e-04 -9.7071654384e-05
4.7164894495e-04 2.2795407472e-04
6.0538861656e-05 -2.9550023195e-05
2.7755092328e-04 1.3673291875e-04
2.9017341960e-04 -1.2478858274e-04
5.7916005599e-05 3.1718720949e-05
3.9049414767e-04 -1.6554600768e-04
3.3695985915e-04 1.6615879298e-04
3.6679414620e-04 -1.5483007468e-04
4.5587918148e-04 2.2454671805e-04
2.1715794212e-04 -9.3344687922e-05
4.4926866264e-05 -2.3925287497e-05
4.2622436149e-04 2.1154325580e-04
2.6134714489e-04 -1.1620113232e-04
2.5613528047e-04 1.2990626101e-04
3.5308356164e-04 -1.5442222318e-04
3.7592586440e-05 2.5135471438e-05
3.2848250447e-04 -1.4517778137e-04
2.8815872122e-04 1.5144416132e-04
1.9667770808e-04 -9.0269569551e-05
3.9310315424e-04 2.0248802308e-04
2.8613962279e-05 -1.8226477244e-05
3.6678033870e-04 1.8815752176e-04
2.2265376794e-04 -1.0077117646e-04
3.0719253974e-04 -1.3657126855e-04
2.2309844690e-04 1.1796365017e-04
2.8831293830e-04 -1.2830344946e-04
2.0172194221e-05 2.0807009813e-05
1.7573539527e-04 -8.0783745264e-05
2.3830526004e-04 1.3409923183e-04
1.6272043122e-05 -1.5862301031e-05
3.2081819216e-04 1.7165101728e-04
1.8956377837e-04 -9.5914376244e-05
2.7805193584e-04 1.4416566089e-04
2.5542203242e-04 -1.1874152784e-04
1.5794489019e-04 8.4526196505e-05
2.1606262555e-04 -8.9117330569e-05
1.1960939233e-04 -4.6932404673e-05
5.6928200667e-06 1.6467965352e-05
8.1909205884e-06 -1.4441956189e-05
1.9843863927e-04 1.0731859768e-04
1.9315450758e-04 -8.7819461550e-05
2.3434588433e-04 1.2305318211e-04
2.1639549559e-04 -9.5159065657e-05
1.2877484106e-04 7.4849941667e-05
1.0006514654e-04 -5.3070017874e-05
3.7829494462e-05 2.8526049584e-05
1.6307552768e-05 -1.9241312642e-05
-6.8935591530e-06 -9.9426950306e-07
-8.2799222800e-06 4.7496688257e-07
