-2.2953531686e-05 -4.4333900712e-05
2.0336763641e-01 4.0396593728e-04
4.0049970347e-01 1.5329640580e-03
5.9147712980e-01 3.3920767848e-03
7.7635340448e-01 5.9448588567e-03
9.5524156850e-01 9.1607446061e-03
1.1282254904e+00 1.3005006273e-02
1.2953771359e+00 1.7450182089e-02
1.4568028083e+00 2.2475429815e-02
1.6125840451e+00 2.8042062961e-02
1.7627935044e+00 3.4138864798e-02
1.9075323635e+00 4.0727958285e-02
2.0468713415e+00 4.7792641499e-02
2.1809062769e+00 5.5304525412e-02
2.3097213945e+00 6.3239182412e-02
2.4333910533e+00 7.1577096180e-02
2.5520146215e+00 8.0289346911e-02
2.6656570001e+00 8.9359677437e-02
2.7743978158e+00 9.8763902438e-02
2.8783321045e+00 1.0847506037e-01
2.9775240433e+00 1.1847686612e-01
3.0720494961e+00 1.2875004256e-01
3.1619955788e+00 1.3926721750e-01
3.2474184467e+00 1.5000910025e-01
3.3283981822e+00 1.6096031400e-01
3.4050139517e+00 1.7209424246e-01
3.4773090785e+00 1.8339234636e-01
3.5453712252e+00 1.9483670942e-01
3.6092580964e+00 2.0640030769e-01
3.6690205820e+00 2.1806983302e-01
3.7247468394e+00 2.2981831293e-01
3.7764650347e+00 2.4163336429e-01
3.8242456153e+00 2.5348958406e-01
3.8681340006e+00 2.6536356512e-01
3.9081959787e+00 2.7724214393e-01
3.9444676652e+00 2.8909511514e-01
3.9769912712e+00 3.0090937918e-01
4.0058356490e+00 3.1266194476e-01
4.0310118821e+00 3.2432634237e-01
4.0525881697e+00 3.3588962941e-01
4.0705921494e+00 3.4732084991e-01
4.0850433381e+00 3.5860490248e-01
4.0960002581e+00 3.6971801355e-01
4.1034825417e+00 3.8063203110e-01
4.1075244182e+00 3.9133129429e-01
4.1081430861e+00 4.0178783130e-01
4.1053821062e+00 4.1197787154e-01
4.0992446350e+00 4.2188231336e-01
4.0897723752e+00 4.3146874722e-01
4.0769733679e+00 4.4072012514e-01
4.0608660215e+00 4.4961059986e-01
4.0414682015e+00 4.5810705409e-01
4.0188040160e+00 4.6619515671e-01
3.9928758418e+00 4.7384030609e-01
3.9637066697e+00 4.8101639583e-01
3.9313072091e+00 4.8770551744e-01
3.8956878127e+00 4.9386887472e-01
3.8568605346e+00 4.9949058611e-01
3.8148272485e+00 5.0453311649e-01
3.7696143163e+00 5.0897449447e-01
3.7212134129e+00 5.1279036833e-01
3.6696565348e+00 5.1593828667e-01
3.6149158394e+00 5.1839808667e-01
3.5570567301e+00 5.2017044851e-01
3.4960584501e+00 5.2117257931e-01
3.4319400787e+00 5.2141441555e-01
3.3647103227e+00 5.2085139303e-01
3.2943887891e+00 5.1947139557e-01
3.2210049355e+00 5.1723366482e-01
3.1445712656e+00 5.1411805971e-01
3.0651109291e+00 5.1009588419e-01
2.9826679080e+00 5.0514474882e-01
2.8972600067e+00 4.9923614418e-01
2.8089288778e+00 4.9234746601e-01
2.7177185378e+00 4.8446302281e-01
2.6236722054e+00 4.7554972189e-01
2.5268619539e+00 4.6560362347e-01
2.4273358867e+00 4.5459052974e-01
2.3251702034e+00 4.4251430453e-01
2.2204512774e+00 4.2935035550e-01
2.1132775153e+00 4.1508657261e-01
2.0037557483e+00 3.9973830977e-01
1.8920008358e+00 3.8328386629e-01
1.7781555558e+00 3.6573705770e-01
1.6623951130e+00 3.4710253752e-01
1.5449073439e+00 3.2741171375e-01
1.4258698116e+00 3.0667539961e-01
1.3055834542e+00 2.8492369531e-01
1.1843128819e+00 2.6223158825e-01
1.0623970963e+00 2.3864725067e-01
9.4021592070e-01 2.1422729925e-01
8.1833961543e-01 1.8914096563e-01
6.9732687916e-01 1.6343488398e-01
5.7799132730e-01 1.3715574541e-01
4.6098770345e-01 1.1112205318e-01
3.4798956033e-01 8.4988575121e-02
2.4061717681e-01 5.9635033460e-02
1.4166971062e-01 3.5487064953e-02
5.6262783358e-02 1.3813210507e-02
-8.1710138112e-04 -1.7841368989e-04
