-1.6958869134e-06 1.6838279230e-09
4.0908224502e-06 -2.7309980073e-09
3.3103172248e-01 -2.2484715766e-07
3.3104114266e-01 2.1307090944e-07
6.5451427908e-01 -3.5604914049e-07
6.5453468293e-01 2.0315716180e-07
9.7045176062e-01 -3.9633694650e-07
9.7047893335e-01 -8.5222330324e-08
1.2788842918e+00 -3.9799059904e-07
1.2789139254e+00 -6.5363008584e-07
1.5798861457e+00 -4.1370761379e-07
1.5799313402e+00 -1.2259728871e-06
1.8734619470e+00 -3.9917451772e-07
1.8735346166e+00 -1.7777499956e-06
2.1596885524e+00 -5.6526598882e-07
2.1597569325e+00 -2.7154706875e-06
2.4385845140e+00 -1.0235701645e-06
2.4386767560e+00 -3.8175106590e-06
2.7102005587e+00 -1.6700557862e-06
2.7103029520e+00 -4.6197737448e-06
2.9745944011e+00 -2.0849753702e-06
2.9746792557e+00 -5.1974742356e-06
3.2317677089e+00 -2.2083510584e-06
3.2318816115e+00 -5.7758814965e-06
3.4817699769e+00 -2.4371719520e-06
3.4819098904e+00 -6.3698048715e-06
3.7246848952e+00 -2.9809172157e-06
3.7247897319e+00 -6.5222313719e-06
3.9605137265e+00 -3.5188755542e-06
3.9606271950e+00 -6.8421469912e-06
4.1892715935e+00 -4.1102630369e-06
4.1894280403e+00 -7.8116276222e-06
4.4110539522e+00 -4.7136157574e-06
4.4111934022e+00 -9.3981756892e-06
4.6258757705e+00 -5.2094128198e-06
4.6260025210e+00 -1.0836843617e-05
4.8337361918e+00 -5.4285897698e-06
4.8339021940e+00 -1.1820207486e-05
5.0347081683e+00 -5.8176851823e-06
5.0348897256e+00 -1.2159513104e-05
5.2288500914e+00 -6.4309105644e-06
5.2290042269e+00 -1.1745114653e-05
5.4161638576e+00 -7.1486717273e-06
5.4163228600e+00 -1.1786980689e-05
5.5966616257e+00 -7.9523886696e-06
5.5968428951e+00 -1.2008926885e-05
5.7704263762e+00 -8.5870949279e-06
5.7705751163e+00 -1.2312311267e-05
5.9374730947e+00 -8.9914909950e-06
5.9376058444e+00 -1.2194922195e-05
6.0978034765e+00 -9.1129670727e-06
6.0979509695e+00 -1.1656698059e-05
6.2514675405e+00 -9.1970596231e-06
6.2516134542e+00 -1.0576155530e-05
6.3985283908e+00 -9.5208647922e-06
6.3986486407e+00 -9.2819917103e-06
6.5389854178e+00 -1.0110881630e-05
6.5390989467e+00 -8.3733684185e-06
6.6728458510e+00 -1.0947509986e-05
6.6729591904e+00 -7.5974961890e-06
6.8001671663e+00 -1.1519114807e-05
6.8002477829e+00 -7.0489446901e-06
6.9209576116e+00 -1.1735831383e-05
6.9210328157e+00 -6.6898498788e-06
7.0352235775e+00 -1.1530201088e-05
7.0353172843e+00 -6.3962129194e-06
7.1430324731e+00 -1.1598963500e-05
7.1431033602e+00 -6.1178436256e-06
7.2443883215e+00 -1.2034967402e-05
7.2444471532e+00 -5.9426389778e-06
7.3392912226e+00 -1.2836957161e-05
7.3393659509e+00 -6.1223060085e-06
7.4277768229e+00 -1.3803152415e-05
7.4278599384e+00 -6.6535526677e-06
7.5098797880e+00 -1.4691659776e-05
7.5099428620e+00 -7.6265231695e-06
7.5855978209e+00 -1.5510170432e-05
7.5856609389e+00 -8.6354129103e-06
7.6549333738e+00 -1.6320189500e-05
7.6550177986e+00 -9.5342468282e-06
7.7179286384e+00 -1.7038224778e-05
7.7180150160e+00 -1.0073036839e-05
7.7745997918e+00 -1.7407776422e-05
7.7746790496e+00 -1.0945155868e-05
7.8249468341e+00 -1.7428844431e-05
7.8250112884e+00 -1.2086260587e-05
7.8689751258e+00 -1.7419132777e-05
7.8690117323e+00 -1.3496350996e-05
7.9066940265e+00 -1.7614494705e-05
7.9067171680e+00 -1.4975820703e-05
7.9381036620e+00 -1.8009381155e-05
7.9381279384e+00 -1.5982004479e-05
7.9632146475e+00 -1.8532820799e-05
7.9632354718e+00 -1.6484991564e-05
7.9820504415e+00 -1.8780793622e-05
7.9820553731e+00 -1.6705521582e-05
7.9946088462e+00 -1.8691397601e-05
7.9946165413e+00 -1.7262406037e-05
8.0008902291e+00 -1.8274723674e-05
8.0008948267e+00 -1.7785473401e-05
