2.8529803588e+02
2.8449398536e+02
2.8610029262e+02
2.8369818755e+02
2.8687257409e+02
2.8291112649e+02
2.8764480139e+02
2.8212388901e+02
2.8842696405e+02
2.8134881012e+02
2.8921842753e+02
2.8057506053e+02
2.9000997288e+02
2.7979926183e+02
2.9080186294e+02
2.7901890441e+02
2.9159370974e+02
2.7823836082e+02
2.9238913351e+02
2.7747151004e+02
2.9318969985e+02
2.7670690367e+02
2.9399044321e+02
2.7593130050e+02
2.9477677284e+02
2.7513104978e+02
2.9556282274e+02
2.7433045227e+02
2.9634586493e+02
2.7357374640e+02
2.9712625006e+02
2.7282667957e+02
2.9790677010e+02
2.7207580726e+02
2.9872132650e+02
2.7131511286e+02
2.9953800361e+02
2.7055414479e+02
3.0034713112e+02
2.6979326131e+02
3.0114868468e+02
2.6903231513e+02
3.0195051021e+02
2.6827155747e+02
3.0273559625e+02
2.6750874645e+02
3.0351891289e+02
2.6674556089e+02
3.0431183355e+02
2.6599714333e+02
3.0512183006e+02
2.6525387363e+02
3.0593211672e+02
2.6451024506e+02
3.0672023539e+02
2.6376346243e+02
3.0750483098e+02
2.6301629239e+02
3.0829409677e+02
2.6227338872e+02
3.0909393696e+02
2.6153221709e+02
3.0989410316e+02
2.6079319031e+02
3.1068851980e+02
2.6006194715e+02
3.1148178558e+02
2.5933025597e+02
3.1227653978e+02
2.5860207865e+02
3.1307669290e+02
2.5787568031e+02
3.1387722160e+02
2.5714811717e+02
3.1466850003e+02
2.5640719290e+02
3.1545730490e+02
2.5566569694e+02
3.1624583633e+02
2.5495227195e+02
3.1703489417e+02
2.5425631272e+02
3.1782435529e+02
2.5355830830e+02
3.1861290118e+02
2.5283725548e+02
3.1940126879e+02
2.5211567520e+02
3.2019268274e+02
2.5140248825e+02
3.2099711686e+02
3.2180200519e+02
2.5069543113e+02
3.2258281227e+02
2.4998942065e+02
3.2335333895e+02
2.4929875870e+02
3.2412690115e+02
2.4860751546e+02
3.2491544972e+02
2.4791357020e+02
3.2570449201e+02
2.4721731611e+02
3.2648508420e+02
2.4652148153e+02
3.2726139745e+02
2.4583902123e+02
3.2803920606e+02
2.4515592696e+02
3.2882994095e+02
2.4447594608e+02
3.2962128396e+02
2.4379927320e+02
3.3039631421e+02
2.4312212364e+02
3.3116126047e+02
2.4245120876e+02
3.3192707181e+02
2.4177919721e+02
3.3270251648e+02
2.4111318585e+02
3.3347853002e+02
2.4045460828e+02
3.3424906075e+02
2.3979550381e+02
3.3501559985e+02
2.3913384819e+02
3.3578209347e+02
2.3847072698e+02
3.3654893239e+02
2.3781897613e+02
3.3731635131e+02
2.3718370024e+02
3.3808136434e+02
2.3654784838e+02
3.3884428585e+02
2.3589686189e+02
3.3960716638e+02
2.3524255432e+02
3.4036516656e+02
2.3460118281e+02
3.4112377506e+02
2.3398215977e+02
3.4188101133e+02
2.3336252038e+02
3.4263674699e+02
2.3274871824e+02
3.4339297246e+02
2.3213467853e+02
3.4414727215e+02
3.4490268761e+02
2.3151676194e+02
3.4565457159e+02
2.3089207444e+02
3.4640200629e+02
2.3026692445e+02
3.4714997942e+02
2.2966334802e+02
3.4787486278e+02
2.2906287901e+02
3.4859901326e+02
2.2845996171e+02
3.4933708049e+02
2.2785229568e+02
3.5009442130e+02
2.2724395729e+02
3.5085217042e+02
2.2665662675e+02
3.5158899565e+02
2.2607423700e+02
3.5232500257e+02
2.2548974751e+02
3.5305872555e+02
2.2490072737e+02
3.5378808495e+02
2.2431098261e+02
3.5451804533e+02
2.2375320935e+02
3.5525113370e+02
2.2320625803e+02
3.5598591217e+02
2.2265216277e+02
3.5671323820e+02
2.2207384207e+02
3.5742483372e+02
2.2149492675e+02
3.5813704143e+02
2.2093108935e+02
3.5885316304e+02
2.2037217298e+02
3.5957115113e+02
3.6028781742e+02
2.1981708042e+02
3.6100022657e+02
2.1928381575e+02
3.6171325960e+02
2.1874981393e+02
3.6242132489e+02
2.1820304052e+02
3.6312894663e+02
2.1764791740e+02
3.6383594187e+02
2.1709781847e+02
3.6453957809e+02
2.1658635451e+02
3.6524385807e+02
2.1607410496e+02
3.6593135002e+02
2.1555650837e+02
3.6661347602e+02
2.1503432291e+02
3.6730124129e+02
2.1451241028e+02
3.6800794944e+02
2.1400174185e+02
3.6871525117e+02
2.1349027971e+02
3.6940686695e+02
2.1299141632e+02
3.7009271574e+02
2.1250109556e+02
3.7077821682e+02
2.1200962637e+02
3.7145910428e+02
2.1151285519e+02
3.7214066330e+02
3.7281836899e+02
2.1101528646e+02
3.7349489880e+02
2.1052848591e+02
3.7417139072e+02
2.1005025121e+02
3.7484325344e+02
2.0957115247e+02
3.7551579146e+02
2.0909762500e+02
3.7618356537e+02
2.0862327649e+02
3.7684917022e+02
2.0815541695e+02
3.7751473476e+02
2.0769352728e+02
3.7817286253e+02
2.0723070109e+02
3.7883167862e+02
2.0677727661e+02
3.7949163379e+02
2.0632334014e+02
3.8015335147e+02
2.0587347930e+02
3.8081487311e+02
2.0542797530e+02
3.8145837702e+02
2.0498153030e+02
3.8210257917e+02
3.8275012413e+02
2.0454717517e+02
3.8340145148e+02
2.0411296365e+02
3.8405340612e+02
2.0368130014e+02
3.8468860900e+02
2.0325286708e+02
3.8532454184e+02
2.0282349008e+02
3.8595746363e+02
2.0240666398e+02
3.8658770955e+02
2.0199066671e+02
3.8721875105e+02
2.0157688609e+02
3.8785047596e+02
2.0116667270e+02
3.8848292713e+02
2.0075551439e+02
3.8910727559e+02
2.0035528320e+02
3.8972214198e+02
1.9995630386e+02
3.9033781268e+02
1.9956060892e+02
3.9095966293e+02
3.9158265333e+02
1.9917176320e+02
3.9219705104e+02
1.9878197880e+02
3.9279937086e+02
1.9839753213e+02
3.9340249467e+02
1.9801371088e+02
3.9401337245e+02
1.9763364782e+02
3.9462584998e+02
1.9726317264e+02
3.9522827461e+02
1.9689175464e+02
3.9581356882e+02
1.9652452239e+02
3.9639965220e+02
1.9615798454e+02
3.9700140321e+02
1.9579489406e+02
3.9760652337e+02
1.9544283109e+02
3.9820080781e+02
3.9877309919e+02
1.9508983165e+02
3.9934618307e+02
1.9474010211e+02
3.9993332699e+02
1.9439110077e+02
4.0052431844e+02
1.9404365500e+02
4.0111021134e+02
1.9370292994e+02
4.0168399367e+02
1.9336126700e+02
4.0225858965e+02
1.9302816212e+02
4.0282758873e+02
1.9269851432e+02
4.0339540921e+02
1.9237026982e+02
4.0396142701e+02
1.9205122778e+02
4.0452133657e+02
1.9173125998e+02
4.0508206613e+02
4.0563774852e+02
1.9141254636e+02
4.0619199072e+02
1.9109415808e+02
4.0674483052e+02
1.9077800736e+02
4.0729133759e+02
1.9048114530e+02
4.0783866552e+02
1.9018337812e+02
4.0838228341e+02
1.8988703720e+02
4.0892459997e+02
1.8959138093e+02
4.0946583658e+02
1.8929506119e+02
4.1000006914e+02
1.8899412680e+02
4.1053512462e+02
1.8869223398e+02
4.1106565930e+02
4.1159405828e+02
1.8840716874e+02
4.1212015372e+02
1.8813488806e+02
4.1262633584e+02
1.8786186381e+02
4.1313331890e+02
1.8758447309e+02
4.1364887730e+02
1.8730614977e+02
4.1417023100e+02
1.8703577216e+02
4.1468951076e+02
1.8677254105e+02
4.1518275240e+02
1.8650860911e+02
4.1567680030e+02
1.8625670691e+02
4.1617618295e+02
4.1667978476e+02
1.8600385268e+02
4.1718294619e+02
1.8575390127e+02
4.1766930895e+02
1.8550715167e+02
4.1815649130e+02
1.8525957537e+02
4.1864052364e+02
1.8501257297e+02
4.1912176082e+02
1.8476439821e+02
4.1960357396e+02
1.8452509450e+02
4.2006751051e+02
1.8429715563e+02
4.2053228432e+02
1.8406835849e+02
4.2099472708e+02
4.2145460166e+02
1.8384512285e+02
4.2191524250e+02
1.8362136507e+02
4.2237216518e+02
1.8340072508e+02
4.2282998073e+02
1.8318514619e+02
4.2327854141e+02
1.8296871135e+02
4.2371530462e+02
1.8276388975e+02
4.2415287074e+02
1.8255964909e+02
4.2458079707e+02
1.8235708061e+02
4.2500878098e+02
1.8215815098e+02
4.2543275663e+02
4.2585040768e+02
1.8195837159e+02
4.2626885559e+02
1.8176362255e+02
4.2667585168e+02
1.8156876849e+02
4.2708219351e+02
1.8138153068e+02
4.2748384651e+02
1.8121128822e+02
4.2787665116e+02
1.8104017533e+02
4.2827025474e+02
1.8087346821e+02
4.2865155126e+02
1.8070700751e+02
4.2903137401e+02
4.2940725042e+02
1.8054040042e+02
4.2977393829e+02
1.8037483729e+02
4.3014143078e+02
1.8020839607e+02
4.3049349404e+02
1.8006313547e+02
4.3084253439e+02
1.7992362873e+02
4.3118763852e+02
1.7978692469e+02
4.3152146251e+02
1.7966098329e+02
4.3185609230e+02
4.3217632540e+02
1.7953417344e+02
4.3249281068e+02
1.7940807246e+02
4.3280493022e+02
1.7928124174e+02
4.3310161114e+02
1.7916047411e+02
4.3339910941e+02
1.7906650172e+02
4.3367875526e+02
1.7897159714e+02
4.3395219751e+02
1.7888734207e+02
4.3422127135e+02
1.7880735904e+02
4.3447058347e+02
4.3472071975e+02
1.7873221109e+02
4.3495789751e+02
1.7868623122e+02
4.3518973015e+02
1.7863931854e+02
4.3541428687e+02
1.7860363744e+02
4.3559745341e+02
1.7857331360e+02
4.3578147997e+02
1.7854824277e+02
4.3594866880e+02
1.7856766279e+02
4.3610694336e+02
4.3625969313e+02
1.7858608023e+02
4.3636690820e+02
1.7863362571e+02
4.3647501689e+02
1.7869992211e+02
4.3654340925e+02
1.7877090788e+02
4.3658584327e+02
1.7890606942e+02
4.3662291449e+02
1.7904016003e+02
4.3658956049e+02
1.7925946573e+02
4.3655712185e+02
4.3644524901e+02
1.7954556137e+02
4.3627129932e+02
1.7983318589e+02
4.3609719899e+02
1.8018059122e+02
4.3589898992e+02
1.8052671886e+02
4.3570202943e+02
1.8162251405e+02
4.3446790307e+02
1.8342963632e+02
4.3226035697e+02
4.3005159656e+02
1.8523839256e+02
