4.0874491502e+02
4.0861822382e+02
4.0849307249e+02
4.0837674654e+02
4.0826539455e+02
4.0815878459e+02
4.0805746073e+02
4.0796297633e+02
4.0787190175e+02
4.0778918495e+02
4.0770706180e+02
4.0763456002e+02
4.0756508714e+02
4.0750271706e+02
4.0744601480e+02
4.0739463124e+02
4.0735087769e+02
4.0731037737e+02
4.0728001520e+02
4.0725260642e+02
4.0723328971e+02
4.0721884443e+02
4.0720846353e+02
4.0720798599e+02
4.0721295999e+02
4.0722307633e+02
4.0724205371e+02
4.0726698222e+02
4.0729806979e+02
4.0733655781e+02
4.0737719702e+02
4.0742946698e+02
4.0748506106e+02
4.0754897591e+02
4.0761972044e+02
4.0769546167e+02
4.0778126139e+02
4.0787233166e+02
4.0796908877e+02
4.0807302192e+02
4.0818134411e+02
4.0829954702e+02
4.0842226744e+02
4.0855315011e+02
4.0868891489e+02
4.0883202864e+02
4.0898087563e+02
4.0913743079e+02
4.0929782372e+02
4.0946787288e+02
4.0964060810e+02
4.0982363861e+02
4.1000820710e+02
4.1019935914e+02
4.1039502355e+02
4.1059899727e+02
4.1080555421e+02
4.1102031021e+02
4.1123779427e+02
4.1146200636e+02
4.1168953070e+02
4.1192468539e+02
4.1216168266e+02
4.1240450621e+02
4.1264910968e+02
4.1289875897e+02
4.1315311787e+02
4.1341016028e+02
4.1367521169e+02
4.1393944877e+02
4.1420688468e+02
4.1447296230e+02
4.1474919824e+02
4.1502260989e+02
4.1530272789e+02
4.1558477735e+02
4.1586736924e+02
4.1614875697e+02
4.1643109904e+02
4.1672157585e+02
4.1700689795e+02
4.1729953201e+02
4.1758246838e+02
4.1787654652e+02
4.1815866914e+02
4.1844844652e+02
4.1874255531e+02
4.1903031216e+02
4.1931351836e+02
4.1959368812e+02
4.1986426827e+02
4.2015237764e+02
4.2041466390e+02
4.2067860087e+02
4.2095759098e+02
4.2115059583e+02
4.2134122206e+02
4.2164767964e+02
4.2140182376e+02
4.1977724051e+02
