3.8451964808e+02
3.8433417616e+02
3.8415432193e+02
3.8398624975e+02
3.8382329884e+02
3.8366611438e+02
3.8352322963e+02
3.8338385564e+02
3.8325135401e+02
3.8313288055e+02
3.8301474722e+02
3.8291126553e+02
3.8281507528e+02
3.8272189757e+02
3.8264425308e+02
3.8257135830e+02
3.8250598667e+02
3.8245153185e+02
3.8240463591e+02
3.8236652312e+02
3.8233470372e+02
3.8231574683e+02
3.8230340894e+02
3.8229726643e+02
3.8230290976e+02
3.8231583843e+02
3.8233984373e+02
3.8236945800e+02
3.8241033442e+02
3.8245849843e+02
3.8251253883e+02
3.8258326187e+02
3.8265558691e+02
3.8273702569e+02
3.8283140508e+02
3.8293103694e+02
3.8303778891e+02
3.8315467309e+02
3.8328226691e+02
3.8341763120e+02
3.8355726245e+02
3.8370922004e+02
3.8386749995e+02
3.8403635191e+02
3.8420959460e+02
3.8438894305e+02
3.8458381256e+02
3.8477898684e+02
3.8498178069e+02
3.8519716795e+02
3.8541640263e+02
3.8563968742e+02
3.8587456876e+02
3.8611636706e+02
3.8635845268e+02
3.8661118474e+02
3.8687195654e+02
3.8713476632e+02
3.8740206899e+02
3.8767782792e+02
3.8795925447e+02
3.8824180120e+02
3.8853142572e+02
3.8882592804e+02
3.8912280021e+02
3.8942295731e+02
3.8972958391e+02
3.9003655746e+02
3.9034488584e+02
3.9066296212e+02
3.9097588509e+02
3.9129025297e+02
3.9161689897e+02
3.9193039580e+02
3.9225437763e+02
3.9257615004e+02
3.9289061089e+02
3.9321979376e+02
3.9353601059e+02
3.9385265214e+02
3.9417652390e+02
3.9448004137e+02
3.9480122178e+02
3.9510421407e+02
3.9540717163e+02
3.9571426613e+02
3.9599098294e+02
3.9628610333e+02
3.9656205970e+02
3.9682387480e+02
3.9708336362e+02
3.9731031412e+02
3.9754377961e+02
3.9774374072e+02
3.9790800985e+02
3.9805002045e+02
3.9809435617e+02
3.9817821005e+02
3.9785178150e+02
3.9667124544e+02
