2.6665840632e+02
2.6608889206e+02
2.6722864489e+02
2.6551703131e+02
2.6780992482e+02
2.6494112710e+02
2.6839113902e+02
2.6436513766e+02
2.6897680893e+02
2.6379244975e+02
2.6956713493e+02
2.6322013897e+02
2.7015703968e+02
2.6264799973e+02
2.7072333271e+02
2.6207517455e+02
2.7128961532e+02
2.6150224367e+02
2.7187190333e+02
2.6093434930e+02
2.7247158067e+02
2.6036725955e+02
2.7307144226e+02
2.5979558465e+02
2.7362977698e+02
2.5921345269e+02
2.7418726548e+02
2.5863113099e+02
2.7476278860e+02
2.5807441617e+02
2.7536021914e+02
2.5752333876e+02
2.7595775375e+02
2.5696902981e+02
2.7652687669e+02
2.5640649674e+02
2.7709419585e+02
2.5584381335e+02
2.7767585389e+02
2.5528231473e+02
2.7827851687e+02
2.5472111807e+02
2.7888135233e+02
2.5416003998e+02
2.7944600682e+02
2.5359799410e+02
2.8000641864e+02
2.5303576596e+02
2.8057937325e+02
2.5247873478e+02
2.8117355750e+02
2.5192349812e+02
2.8176787957e+02
2.5137347975e+02
2.8234486897e+02
2.5084174271e+02
2.8291904913e+02
2.5030983928e+02
2.8349748425e+02
2.4975075209e+02
2.8408520361e+02
2.4917991431e+02
2.8467308760e+02
2.4861340229e+02
2.8525392882e+02
2.4806158238e+02
2.8583325370e+02
2.4750949832e+02
2.8641485138e+02
2.4696202196e+02
2.8700302224e+02
2.4641690916e+02
2.8759138718e+02
2.4587344578e+02
2.8817016893e+02
2.4533879577e+02
2.8874628386e+02
2.4480387074e+02
2.8932365472e+02
2.4426957237e+02
2.8990544134e+02
2.4373566502e+02
2.9048742440e+02
2.9106877399e+02
2.4320066814e+02
2.9164997077e+02
2.4265158435e+02
2.9223035726e+02
2.4210220390e+02
2.9280876533e+02
2.4157105200e+02
2.9338739248e+02
2.4105332303e+02
2.9396652450e+02
2.4053425669e+02
2.9454594253e+02
2.3998741803e+02
2.9512518786e+02
2.3944022489e+02
2.9570476930e+02
2.3891474040e+02
2.9628459301e+02
2.3840813306e+02
2.9686101340e+02
2.3790137442e+02
2.9743571502e+02
2.3739118948e+02
2.9801202076e+02
2.3688071191e+02
2.9860149392e+02
2.3636196188e+02
2.9919130893e+02
2.3583487906e+02
2.9976068608e+02
2.3530764047e+02
3.0031734759e+02
2.3479813692e+02
3.0087593173e+02
2.3428819244e+02
3.0145350874e+02
2.3377782999e+02
3.0203136408e+02
2.3326708775e+02
3.0260444668e+02
2.3275608866e+02
3.0317402381e+02
2.3225036371e+02
3.0374359481e+02
2.3174425736e+02
3.0431572064e+02
2.3124203808e+02
3.0488814682e+02
2.3074553324e+02
3.0545772451e+02
2.3024873825e+02
3.0602481110e+02
2.2975133117e+02
3.0659177741e+02
2.2925309314e+02
3.0714963216e+02
2.2875835697e+02
3.0770777231e+02
2.2826982533e+02
3.0827176559e+02
2.2778098490e+02
3.0884166741e+02
3.0941177639e+02
2.2729692490e+02
3.0999119487e+02
2.2681295414e+02
3.1057176765e+02
2.2632937055e+02
3.1113536513e+02
2.2584702889e+02
3.1167843791e+02
2.2536435901e+02
3.1222177513e+02
2.2488804369e+02
3.1278470860e+02
2.2441248874e+02
3.1334955667e+02
2.2393728661e+02
3.1391101747e+02
2.2346357665e+02
3.1446751191e+02
2.2298951264e+02
3.1502428363e+02
2.2253248285e+02
3.1558076831e+02
2.2207994147e+02
3.1613778252e+02
2.2162179051e+02
3.1669243002e+02
2.2114789687e+02
3.1724284159e+02
2.2067368903e+02
3.1779354906e+02
2.2021009151e+02
3.1835448757e+02
2.1974935058e+02
3.1891798049e+02
2.1929089027e+02
3.1947150009e+02
2.1884222972e+02
3.2000459317e+02
2.1839316965e+02
3.2053800170e+02
2.1794612281e+02
3.2108437001e+02
3.2163421243e+02
2.1749913566e+02
3.2218223928e+02
2.1705291332e+02
3.2272533142e+02
2.1661241076e+02
3.2326873923e+02
2.1617150842e+02
3.2381046423e+02
2.1573820414e+02
3.2435225119e+02
2.1530838628e+02
3.2489341095e+02
2.1487740602e+02
3.2543193193e+02
2.1444140225e+02
3.2597077980e+02
2.1400498207e+02
3.2650796399e+02
2.1358094828e+02
3.2704509281e+02
2.1316432561e+02
3.2758182713e+02
2.1274598021e+02
3.2811600149e+02
2.1231465947e+02
3.2865051905e+02
2.1188289820e+02
3.2918163646e+02
2.1146344147e+02
3.2971175585e+02
2.1105260121e+02
3.3024212608e+02
2.1064156330e+02
3.3077214061e+02
3.3130250935e+02
2.1023620387e+02
3.3183420643e+02
2.0983041155e+02
3.3236742128e+02
2.0942555471e+02
3.3289844754e+02
2.0902090396e+02
3.3341232539e+02
2.0861579225e+02
3.3392657355e+02
2.0821585843e+02
3.3444409697e+02
2.0781546920e+02
3.3496413638e+02
2.0741958705e+02
3.3548438372e+02
2.0702776184e+02
3.3600291463e+02
2.0663538952e+02
3.3652181532e+02
2.0624789093e+02
3.3703771268e+02
2.0586009162e+02
3.3755183015e+02
2.0547802388e+02
3.3806627915e+02
2.0510255176e+02
3.3857928582e+02
3.3909267460e+02
2.0472654165e+02
3.3959742059e+02
2.0434449305e+02
3.4009479127e+02
2.0396154144e+02
3.4059276222e+02
2.0358809755e+02
3.4110917164e+02
2.0322820177e+02
3.4162592603e+02
2.0286777513e+02
3.4213369094e+02
2.0249907908e+02
3.4263276404e+02
2.0212894018e+02
3.4313227550e+02
2.0175774194e+02
3.4363639114e+02
2.0138340107e+02
3.4414103205e+02
2.0100840761e+02
3.4463666915e+02
2.0066837375e+02
3.4512148371e+02
2.0033417712e+02
3.4560672918e+02
3.4610750296e+02
1.9999338295e+02
3.4660979060e+02
1.9963904098e+02
3.4710712423e+02
1.9928412998e+02
3.4759791677e+02
1.9894482592e+02
3.4808916256e+02
1.9860885365e+02
3.4857765083e+02
1.9826851653e+02
3.4906615628e+02
1.9791627347e+02
3.4955080926e+02
1.9756336678e+02
3.5002894786e+02
1.9724112508e+02
3.5050754246e+02
1.9692782563e+02
3.5099259970e+02
1.9661094314e+02
3.5147915344e+02
1.9628343075e+02
3.5196028426e+02
3.5243025259e+02
1.9595533519e+02
3.5290067711e+02
1.9563528348e+02
3.5337799921e+02
1.9531795432e+02
3.5385728687e+02
1.9500039312e+02
3.5433210883e+02
1.9468184910e+02
3.5479570010e+02
1.9436270740e+02
3.5525976255e+02
1.9405342703e+02
3.5572786754e+02
1.9374836865e+02
3.5619748313e+02
1.9344399605e+02
3.5666520083e+02
1.9314416691e+02
3.5712717527e+02
3.5758963910e+02
1.9284374734e+02
3.5804647882e+02
1.9254484065e+02
3.5850146865e+02
1.9224654167e+02
3.5895776787e+02
1.9194886358e+02
3.5941881614e+02
1.9165678292e+02
3.5988035887e+02
1.9136409663e+02
3.6033074481e+02
1.9107645018e+02
3.6077628643e+02
1.9079191288e+02
3.6122112676e+02
1.9050766626e+02
3.6166114458e+02
1.9022966549e+02
3.6210165020e+02
1.8995105662e+02
3.6254545608e+02
3.6299125280e+02
1.8967451531e+02
3.6343682758e+02
1.8939946609e+02
3.6388017151e+02
1.8912431851e+02
3.6432403452e+02
1.8885306288e+02
3.6475530257e+02
1.8858118431e+02
3.6517852750e+02
1.8831554541e+02
3.6560295980e+02
1.8805552484e+02
3.6603818313e+02
1.8779506767e+02
3.6647394258e+02
1.8754366474e+02
3.6689890500e+02
3.6731566085e+02
1.8729161600e+02
3.6773261491e+02
1.8703874676e+02
3.6814598905e+02
1.8678510317e+02
3.6855987340e+02
1.8653092654e+02
3.6897486949e+02
1.8627833584e+02
3.6939090190e+02
1.8602484553e+02
3.6980723307e+02
1.8577994663e+02
3.7020826919e+02
1.8554597645e+02
3.7060982429e+02
1.8531140936e+02
3.7101200960e+02
3.7141481465e+02
1.8507813654e+02
3.7181811429e+02
1.8484425836e+02
3.7220873863e+02
1.8461258998e+02
3.7259949035e+02
1.8438450841e+02
3.7298919025e+02
1.8415582792e+02
3.7337743528e+02
1.8393369598e+02
3.7376618643e+02
1.8371165165e+02
3.7414704034e+02
1.8349220463e+02
3.7452785742e+02
3.7490544953e+02
1.8327782058e+02
3.7527801531e+02
1.8306281822e+02
3.7565109871e+02
1.8285473760e+02
3.7601370951e+02
1.8264723263e+02
3.7637550694e+02
1.8244124487e+02
3.7673710271e+02
1.8223917239e+02
3.7709793156e+02
1.8203645589e+02
3.7745928946e+02
1.8184376636e+02
3.7780315103e+02
3.7814430050e+02
1.8165285025e+02
3.7848644225e+02
1.8146266570e+02
3.7883005247e+02
1.8127540494e+02
3.7917420091e+02
1.8108748021e+02
3.7950062392e+02
1.8091102318e+02
3.7982323404e+02
1.8073741779e+02
3.8014559413e+02
1.8056499733e+02
3.8046645281e+02
1.8039781842e+02
3.8078787052e+02
3.8109514339e+02
1.8022994679e+02
3.8139857745e+02
1.8007194991e+02
3.8169906257e+02
1.7991699098e+02
3.8198906446e+02
1.7976435242e+02
3.8227964616e+02
1.7962312274e+02
3.8255907793e+02
1.7948114942e+02
3.8283476475e+02
1.7935430654e+02
3.8310736551e+02
1.7923389692e+02
3.8336596331e+02
3.8362516985e+02
1.7911437691e+02
3.8386946271e+02
1.7900276867e+02
3.8410731236e+02
1.7889037473e+02
3.8434232876e+02
1.7879659427e+02
3.8455996329e+02
1.7871240732e+02
3.8477824538e+02
1.7863119000e+02
3.8497587466e+02
1.7857691797e+02
3.8516246379e+02
3.8534607568e+02
1.7852176003e+02
3.8550384249e+02
1.7849266991e+02
3.8566231751e+02
1.7848004917e+02
3.8579243579e+02
1.7847129279e+02
3.8590433287e+02
1.7851659187e+02
3.8601208646e+02
1.7856085897e+02
3.8606479376e+02
1.7869092144e+02
3.8611833125e+02
3.8607713644e+02
1.7888840670e+02
3.8596155736e+02
1.7907919205e+02
3.8585517371e+02
1.7913256600e+02
3.8594978206e+02
1.7918420670e+02
3.8604579083e+02
1.8031904268e+02
3.8486293463e+02
1.8247199726e+02
3.8248550979e+02
1.8462601331e+02
3.8010727883e+02
