2.7499851161e+02
2.7499858360e+02
2.7499865559e+02
2.7499866656e+02
2.7499861785e+02
2.7499858739e+02
2.7499858683e+02
2.7499860046e+02
2.7499864545e+02
2.7499869041e+02
2.7499867170e+02
2.7499865090e+02
2.7499863263e+02
2.7499861791e+02
2.7499860319e+02
2.7499859381e+02
2.7499858776e+02
2.7499859809e+02
2.7499864767e+02
2.7499869726e+02
2.7499869007e+02
2.7499865923e+02
2.7499863382e+02
2.7499865353e+02
2.7499867324e+02
2.7499866350e+02
2.7499863298e+02
2.7499860246e+02
2.7499860277e+02
2.7499860385e+02
2.7499860447e+02
2.7499860329e+02
2.7499860211e+02
2.7499866781e+02
2.7499875991e+02
2.7499883697e+02
2.7499876221e+02
2.7499868514e+02
2.7499862492e+02
2.7499857537e+02
2.7499854706e+02
2.7499855355e+02
2.7499855955e+02
2.7499861434e+02
2.7499870933e+02
2.7499873139e+02
2.7499871996e+02
2.7499870108e+02
2.7499865332e+02
2.7499859080e+02
2.7499853540e+02
2.7499854885e+02
2.7499855631e+02
2.7499861236e+02
2.7499870783e+02
2.7499880347e+02
2.7499875189e+02
2.7499869474e+02
2.7499864910e+02
2.7499862239e+02
2.7499860046e+02
2.7499862368e+02
2.7499865004e+02
2.7499866792e+02
2.7499866169e+02
2.7499865546e+02
2.7499865746e+02
2.7499866751e+02
2.7499867236e+02
2.7499863891e+02
2.7499861574e+02
2.7499862241e+02
2.7499865460e+02
2.7499870467e+02
2.7499871216e+02
2.7499871716e+02
2.7499869911e+02
2.7499865424e+02
2.7499862434e+02
2.7499866212e+02
2.7499872223e+02
2.7499876527e+02
2.7499874103e+02
2.7499871940e+02
2.7499872832e+02
2.7499874607e+02
2.7499875514e+02
2.7499873432e+02
2.7499869544e+02
2.7499871179e+02
2.7499876054e+02
2.7499878061e+02
2.7499874547e+02
2.7499867523e+02
2.7499861800e+02
2.7499862489e+02
2.7499863177e+02
2.7499860595e+02
2.7499855876e+02
2.7499851156e+02
