2.6359993452e+02
2.6286462409e+02
2.6437127103e+02
2.6213163603e+02
2.6514238037e+02
2.6139645795e+02
2.6589749206e+02
2.6065721298e+02
2.6664139632e+02
2.5991783280e+02
2.6738569271e+02
2.5916854492e+02
2.6814232138e+02
2.5841818408e+02
2.6889890841e+02
2.5767652102e+02
2.6965480076e+02
2.5694710701e+02
2.7041119299e+02
2.5621750670e+02
2.7116771169e+02
2.5547025353e+02
2.7191653273e+02
2.5472013119e+02
2.7266524418e+02
2.5397884340e+02
2.7341409320e+02
2.5325241051e+02
2.7416399059e+02
2.5252576142e+02
2.7491405592e+02
2.5179209272e+02
2.7567930460e+02
2.5105676514e+02
2.7644551440e+02
2.5032497721e+02
2.7720660587e+02
2.4960006998e+02
2.7796269627e+02
2.4887487639e+02
2.7871902503e+02
2.4815218627e+02
2.7947143802e+02
2.4743011366e+02
2.8022352561e+02
2.4670898709e+02
2.8097964122e+02
2.4598843753e+02
2.8174394787e+02
2.4526753109e+02
2.8250857452e+02
2.4455687779e+02
2.8326299826e+02
2.4384981151e+02
2.8401589518e+02
2.4314139358e+02
2.8476660026e+02
2.4242389954e+02
2.8551404584e+02
2.4170593329e+02
2.8626180940e+02
2.4099424319e+02
2.8701552509e+02
2.4028518563e+02
2.8777072192e+02
2.3958067704e+02
2.8852763656e+02
2.3889572823e+02
2.8929043259e+02
2.3821036651e+02
2.9005363674e+02
2.3751369949e+02
2.9079608203e+02
2.3681098753e+02
2.9153274918e+02
2.3611080790e+02
2.9227551758e+02
2.3542492323e+02
2.9303782357e+02
2.3473855606e+02
2.9380056825e+02
2.3405581956e+02
2.9454664107e+02
2.3337526011e+02
2.9528696383e+02
2.3269492718e+02
2.9602820100e+02
2.3201400863e+02
2.9677373729e+02
2.3133255526e+02
2.9751972466e+02
2.3066197084e+02
2.9826216022e+02
2.2999936554e+02
2.9900321535e+02
2.2933696456e+02
2.9974335110e+02
2.2867429046e+02
3.0048043943e+02
2.2801104715e+02
3.0121800461e+02
2.2734741271e+02
3.0195739842e+02
2.2668352687e+02
3.0269787589e+02
2.2602045584e+02
3.0343749199e+02
2.2538675935e+02
3.0417380797e+02
2.2475248407e+02
3.0491064845e+02
2.2410563711e+02
3.0564420449e+02
2.2344614783e+02
3.0637582911e+02
2.2278631217e+02
3.0710647563e+02
2.2215299208e+02
3.0782854366e+02
2.2151866307e+02
3.0855115637e+02
3.0927850833e+02
2.2088427298e+02
3.1000939968e+02
2.2025004431e+02
3.1073940670e+02
2.1961528720e+02
3.1145641954e+02
2.1899978814e+02
3.1217400634e+02
2.1838445044e+02
3.1289328742e+02
2.1776696232e+02
3.1361403377e+02
2.1714681110e+02
3.1433465810e+02
2.1652610087e+02
3.1504937049e+02
2.1592436128e+02
3.1576470188e+02
2.1532363547e+02
3.1647797286e+02
2.1472187252e+02
3.1718905545e+02
2.1411896994e+02
3.1790065824e+02
2.1351549861e+02
3.1859823866e+02
2.1292682531e+02
3.1929634888e+02
2.1233940402e+02
3.1999778864e+02
2.1175349875e+02
3.2070303909e+02
2.1117150762e+02
3.2140881303e+02
2.1058897529e+02
3.2211407010e+02
2.1000979350e+02
3.2282042666e+02
2.0942976629e+02
3.2351635902e+02
2.0885397237e+02
3.2419720120e+02
2.0828961694e+02
3.2487862128e+02
2.0772462605e+02
3.2556881755e+02
2.0716212510e+02
3.2626114875e+02
2.0659904087e+02
3.2695204825e+02
2.0604014372e+02
3.2763998781e+02
3.2832851181e+02
2.0549531510e+02
3.2899309656e+02
2.0494981382e+02
3.2965445451e+02
2.0440409227e+02
3.3032462090e+02
2.0385705503e+02
3.3101163723e+02
2.0331458954e+02
3.3169917415e+02
2.0279145477e+02
3.3236860707e+02
2.0226765262e+02
3.3303518360e+02
2.0173393190e+02
3.3370135973e+02
2.0119425632e+02
3.3436551206e+02
2.0065970185e+02
3.3503028156e+02
2.0015331412e+02
3.3569074182e+02
1.9964618822e+02
3.3635092420e+02
1.9913294369e+02
3.3700956038e+02
1.9861522501e+02
3.3766214035e+02
1.9810043774e+02
3.3831535816e+02
1.9761011110e+02
3.3896529936e+02
1.9711901584e+02
3.3961501788e+02
1.9662745452e+02
3.4026349293e+02
1.9613461844e+02
3.4090527230e+02
1.9564202596e+02
3.4154771070e+02
3.4218725819e+02
1.9515991055e+02
3.4282641362e+02
1.9467702028e+02
3.4346468712e+02
1.9420033920e+02
3.4409577136e+02
1.9372744174e+02
3.4472752653e+02
1.9325399148e+02
3.4535477744e+02
1.9278595385e+02
3.4598044702e+02
1.9231709682e+02
3.4660625697e+02
1.9185490967e+02
3.4722867964e+02
1.9139786162e+02
3.4785177456e+02
1.9094008351e+02
3.4846937100e+02
1.9050015502e+02
3.4908429348e+02
1.9005940827e+02
3.4969991763e+02
1.8961929520e+02
3.5031561438e+02
1.8917927780e+02
3.5093200786e+02
1.8873835769e+02
3.5153500743e+02
1.8831378316e+02
3.5212850661e+02
3.5272338796e+02
1.8788896128e+02
3.5333071612e+02
1.8746220844e+02
3.5393872612e+02
1.8703225198e+02
3.5453819324e+02
1.8660137892e+02
3.5513085720e+02
1.8619410472e+02
3.5572425853e+02
1.8578788015e+02
3.5631407253e+02
1.8538215134e+02
3.5690459686e+02
1.8497673675e+02
3.5748615323e+02
1.8457041833e+02
3.5805874058e+02
1.8417570239e+02
3.5863209153e+02
1.8378175039e+02
3.5921821926e+02
1.8338942351e+02
3.5980539867e+02
1.8299938453e+02
3.6037909136e+02
1.8260843658e+02
3.6093683882e+02
3.6149535235e+02
1.8222931179e+02
3.6206953043e+02
1.8185163779e+02
3.6264548796e+02
1.8147518691e+02
3.6321356435e+02
1.8110116055e+02
3.6377121625e+02
1.8072622652e+02
3.6432965478e+02
1.8036185025e+02
3.6488282127e+02
1.7999934335e+02
3.6543594313e+02
1.7964423954e+02
3.6598706287e+02
1.7930865034e+02
3.6653505414e+02
1.7897220727e+02
3.6708383836e+02
1.7862038778e+02
3.6762657825e+02
1.7826345721e+02
3.6816881343e+02
1.7790923885e+02
3.6870926978e+02
3.6924624876e+02
1.7756193533e+02
3.6978402327e+02
1.7721372722e+02
3.7031392279e+02
1.7688496463e+02
3.7084250037e+02
1.7656298652e+02
3.7136923256e+02
1.7624286242e+02
3.7189105489e+02
1.7593196366e+02
3.7241366903e+02
1.7562021001e+02
3.7293158651e+02
1.7530230294e+02
3.7344857385e+02
1.7498123152e+02
3.7396472630e+02
1.7466202583e+02
3.7447789862e+02
1.7435205988e+02
3.7499186851e+02
1.7404120989e+02
3.7549824601e+02
3.7600222974e+02
1.7374427745e+02
3.7650459792e+02
1.7345462279e+02
3.7699945386e+02
1.7316338929e+02
3.7749510205e+02
1.7286378488e+02
3.7798931624e+02
1.7256329066e+02
3.7848326649e+02
1.7227734319e+02
3.7897502158e+02
1.7200060494e+02
3.7945376285e+02
1.7172349845e+02
3.7993329280e+02
1.7144804120e+02
3.8041663327e+02
1.7117171395e+02
3.8090238496e+02
1.7090225745e+02
3.8138541607e+02
3.8184610364e+02
1.7063794509e+02
3.8230757747e+02
1.7037326277e+02
3.8277269687e+02
1.7011042035e+02
3.8324042982e+02
1.6984671054e+02
3.8370742099e+02
1.6959174717e+02
3.8416115103e+02
1.6934466430e+02
3.8461567512e+02
1.6909692600e+02
3.8506504063e+02
1.6884731832e+02
3.8551059450e+02
1.6859679594e+02
3.8595647139e+02
1.6835770261e+02
3.8639744307e+02
3.8683920849e+02
1.6813088274e+02
3.8727279480e+02
1.6790330936e+02
3.8769902530e+02
1.6766777295e+02
3.8812586904e+02
1.6743077844e+02
3.8855226445e+02
1.6720154218e+02
3.8897943602e+02
1.6698226666e+02
3.8939893586e+02
1.6676219993e+02
3.8981020302e+02
1.6654994579e+02
3.9022220196e+02
1.6633737675e+02
3.9061992604e+02
1.6612589995e+02
3.9101801807e+02
3.9141717306e+02
1.6591646437e+02
3.9181740353e+02
1.6570622505e+02
3.9221832440e+02
1.6551947274e+02
3.9260612966e+02
1.6533503981e+02
3.9299392476e+02
1.6514732176e+02
3.9337672230e+02
1.6495454565e+02
3.9375175102e+02
1.6476105963e+02
3.9412753215e+02
1.6457645576e+02
3.9448075322e+02
1.6439229668e+02
3.9483170959e+02
3.9518835414e+02
1.6421025004e+02
3.9555435869e+02
1.6403356249e+02
3.9592108914e+02
1.6385604821e+02
3.9626166712e+02
1.6370348962e+02
3.9659824936e+02
1.6355639574e+02
3.9692909760e+02
1.6340688910e+02
3.9724706521e+02
1.6325258267e+02
3.9756578253e+02
1.6309749749e+02
3.9788072556e+02
1.6295524658e+02
3.9819532515e+02
3.9850688235e+02
1.6281604402e+02
3.9880958261e+02
1.6267993547e+02
3.9911305171e+02
1.6255534808e+02
3.9939797548e+02
1.6242993405e+02
3.9967779545e+02
1.6231591857e+02
3.9995070140e+02
1.6220550499e+02
4.0020028875e+02
1.6209817203e+02
4.0045063155e+02
1.6200562204e+02
4.0069100400e+02
4.0092789805e+02
1.6191222176e+02
4.0116461318e+02
1.6183505357e+02
4.0139847849e+02
1.6176487213e+02
4.0163310847e+02
1.6169704838e+02
4.0183766173e+02
1.6164513107e+02
4.0202883067e+02
1.6159234789e+02
4.0221559259e+02
1.6155745297e+02
4.0237610404e+02
1.6153182758e+02
4.0253740505e+02
4.0267774637e+02
1.6151072522e+02
4.0280688449e+02
1.6152821996e+02
4.0293007811e+02
1.6154479591e+02
4.0300505637e+02
1.6159096943e+02
4.0308082235e+02
1.6165636182e+02
4.0313576731e+02
1.6172671951e+02
4.0317728656e+02
1.6186331923e+02
4.0321145489e+02
1.6199898848e+02
4.0315363064e+02
4.0309661347e+02
1.6219822550e+02
4.0298760241e+02
1.6244732282e+02
4.0283845796e+02
1.6270011936e+02
4.0268438063e+02
1.6306110137e+02
4.0239330876e+02
1.6342111771e+02
4.0210318560e+02
1.6439377611e+02
4.0104431619e+02
1.6594859673e+02
3.9926290846e+02
3.9748047226e+02
1.6750495469e+02
