1.5216621402e-04 3.5879766830e-06
2.8539421629e-01 -4.2891480313e-05
5.6508005372e-01 -1.8469438349e-04
8.3920967850e-01 -4.2182073285e-04
1.1077830906e+00 -7.5427052840e-04
1.3708002902e+00 -1.1820437701e-03
1.6282845803e+00 -1.7040658085e-03
1.8804107848e+00 -2.3196192525e-03
2.1272055681e+00 -3.0312758747e-03
2.3686689300e+00 -3.8390356751e-03
2.6048008706e+00 -4.7428986538e-03
2.8356009883e+00 -5.7286319029e-03
3.0611495486e+00 -6.8137762144e-03
3.2814885947e+00 -8.0032185377e-03
3.4966181269e+00 -9.2969588731e-03
3.7065381449e+00 -1.0694997220e-02
3.9112833786e+00 -1.2199922797e-02
4.1109449672e+00 -1.3783842107e-02
4.3055271619e+00 -1.5440005057e-02
4.4950326130e+00 -1.7170968861e-02
4.6794961596e+00 -1.9021605918e-02
4.8588976020e+00 -2.0988278047e-02
5.0332785754e+00 -2.3036370721e-02
5.2027106071e+00 -2.5171097839e-02
5.3671936970e+00 -2.7392459402e-02
5.5267278451e+00 -2.9700455409e-02
5.6812912165e+00 -3.2084587124e-02
5.8309488676e+00 -3.4561695689e-02
5.9757113370e+00 -3.7107373700e-02
6.1156026067e+00 -3.9731298345e-02
6.2506226767e+00 -4.2433469624e-02
6.3807715469e+00 -4.5213887538e-02
6.5060678206e+00 -4.8072209243e-02
6.6265458363e+00 -5.0991026600e-02
6.7422036140e+00 -5.3966299896e-02
6.8530426153e+00 -5.7005568480e-02
6.9590795845e+00 -6.0110771811e-02
7.0603003790e+00 -6.3261901966e-02
7.1567398012e+00 -6.6456377711e-02
7.2483978510e+00 -6.9694199047e-02
7.3352745285e+00 -7.2975365972e-02
7.4173611554e+00 -7.6295007499e-02
7.4946742046e+00 -7.9654459036e-02
7.5671905617e+00 -8.3036031897e-02
7.6349341497e+00 -8.6432504827e-02
7.6979049685e+00 -8.9843877827e-02
7.7561030182e+00 -9.3270150896e-02
7.8095280620e+00 -9.6709427698e-02
7.8581534904e+00 -1.0014661247e-01
7.9019640699e+00 -1.0358096032e-01
7.9409612019e+00 -1.0701217423e-01
7.9751675341e+00 -1.1042558863e-01
8.0045849605e+00 -1.1381320355e-01
8.0291741107e+00 -1.1717370415e-01
8.0488918787e+00 -1.2049105335e-01
8.0637399230e+00 -1.2376372889e-01
8.0737182436e+00 -1.2699173078e-01
8.0788268406e+00 -1.3017505901e-01
8.0790550227e+00 -1.3331019326e-01
8.0743410683e+00 -1.3636972765e-01
8.0646704571e+00 -1.3934282555e-01
8.0500431892e+00 -1.4222948694e-01
8.0304592645e+00 -1.4502971184e-01
8.0059123868e+00 -1.4773796564e-01
7.9762939807e+00 -1.5033874279e-01
7.9415678354e+00 -1.5285203285e-01
7.9017552996e+00 -1.5525619784e-01
7.8568533469e+00 -1.5751386262e-01
7.8068618898e+00 -1.5962490780e-01
7.7517041018e+00 -1.6159459389e-01
7.6912699393e+00 -1.6342121321e-01
7.6255594023e+00 -1.6510476576e-01
7.5545696113e+00 -1.6664403429e-01
7.4782645086e+00 -1.6797793787e-01
7.3966660028e+00 -1.6913089221e-01
7.3096001011e+00 -1.7008526003e-01
7.2170640263e+00 -1.7083978419e-01
7.1190581366e+00 -1.7140162647e-01
7.0155521810e+00 -1.7174448149e-01
6.9063722014e+00 -1.7186954426e-01
6.7915238702e+00 -1.7177032962e-01
6.6710071876e+00 -1.7144683754e-01
6.5447819121e+00 -1.7089605308e-01
6.4127058039e+00 -1.7006455019e-01
6.2748571244e+00 -1.6897582302e-01
6.1309483590e+00 -1.6757219281e-01
5.9809780191e+00 -1.6585362080e-01
5.8249949372e+00 -1.6386601872e-01
5.6630043746e+00 -1.6161412813e-01
5.4947976305e+00 -1.5897176809e-01
5.3201655477e+00 -1.5609407394e-01
5.1391810773e+00 -1.5293215194e-01
4.9518140288e+00 -1.4939616971e-01
4.7580644024e+00 -1.4548612726e-01
4.5578080856e+00 -1.4120035844e-01
4.3507017785e+00 -1.3653690137e-01
4.1367289139e+00 -1.3149613660e-01
3.9158896842e+00 -1.2607882271e-01
3.6882516872e+00 -1.2025841079e-01
3.4534908447e+00 -1.1399490072e-01
