-1.0590791463e-06 -4.3155008132e-08
3.2306749674e-01 6.1600827459e-04
6.3982094429e-01 2.4345649342e-03
9.5019295410e-01 5.4167880779e-03
1.2541630754e+00 9.5205652329e-03
1.5516715572e+00 1.4694289935e-02
1.8426715500e+00 2.0916845167e-02
2.1271136205e+00 2.8131470347e-02
2.4049535689e+00 3.6308231997e-02
2.6761438204e+00 4.5406483063e-02
2.9406318990e+00 5.5381443909e-02
3.1983651598e+00 6.6203695237e-02
3.4492949815e+00 7.7823647436e-02
3.6933739655e+00 9.0213445372e-02
3.9305559551e+00 1.0332736713e-01
4.1607806806e+00 1.1712743910e-01
4.3840095930e+00 1.3157938595e-01
4.6001861805e+00 1.4664018214e-01
4.8092631943e+00 1.6227527983e-01
5.0112207281e+00 1.7844733000e-01
5.2059946257e+00 1.9510989393e-01
5.3935337871e+00 2.1223796885e-01
5.5738086836e+00 2.2977914688e-01
5.7467853928e+00 2.4770591650e-01
5.9124105581e+00 2.6596943130e-01
6.0706645004e+00 2.8453974830e-01
6.2215133859e+00 3.0337279842e-01
6.3649112262e+00 3.2243118882e-01
6.5008369708e+00 3.4167876784e-01
6.6292539345e+00 3.6106914279e-01
6.7501567816e+00 3.8057317753e-01
6.8635060165e+00 4.0014738222e-01
6.9693073749e+00 4.1974730673e-01
7.0675108445e+00 4.3934010936e-01
7.1581302815e+00 4.5888312159e-01
7.2411440101e+00 4.7833329066e-01
7.3165337130e+00 4.9765760390e-01
7.3843409309e+00 5.1681483122e-01
7.4445128384e+00 5.3576105320e-01
7.4970896100e+00 5.5446244525e-01
7.5420667929e+00 5.7287266484e-01
7.5794479246e+00 5.9095376064e-01
7.6092415582e+00 6.0866602625e-01
7.6314847688e+00 6.2596979505e-01
7.6461962254e+00 6.4281904380e-01
7.6534005654e+00 6.5918406922e-01
7.6531289035e+00 6.7501451557e-01
7.6454064070e+00 6.9027105738e-01
7.6302958770e+00 7.0492558116e-01
7.6078215103e+00 7.1891760752e-01
7.5780242037e+00 7.3222086802e-01
7.5409541662e+00 7.4479372862e-01
7.4966998671e+00 7.5658795247e-01
7.4453142890e+00 7.6757587016e-01
7.3868441522e+00 7.7770997298e-01
7.3213724608e+00 7.8695335454e-01
7.2489796706e+00 7.9526061062e-01
7.1697259308e+00 8.0260045243e-01
7.0837339392e+00 8.0893115884e-01
6.9910681265e+00 8.1421690073e-01
6.8918320465e+00 8.1842060546e-01
6.7861342385e+00 8.2149867536e-01
6.6740666843e+00 8.2342986711e-01
6.5557690759e+00 8.2416876853e-01
6.4313337154e+00 8.2367584221e-01
6.3008970785e+00 8.2193001202e-01
6.1645846771e+00 8.1889066271e-01
6.0225338953e+00 8.1453288154e-01
5.8749092196e+00 8.0882212924e-01
5.7218253417e+00 8.0173158684e-01
5.5634629306e+00 7.9323943317e-01
5.3999907012e+00 7.8331370137e-01
5.2315737116e+00 7.7194352889e-01
5.0583697175e+00 7.5909894555e-01
4.8805903184e+00 7.4477037972e-01
4.6984438116e+00 7.2893371370e-01
4.5121178938e+00 7.1159461678e-01
4.3218275389e+00 6.9272987627e-01
4.1278213826e+00 6.7234430535e-01
3.9303449107e+00 6.5043705684e-01
3.7296288862e+00 6.2701462965e-01
3.5259822561e+00 6.0209021449e-01
3.3196921363e+00 5.7567453837e-01
3.1110694490e+00 5.4780885043e-01
2.9004408126e+00 5.1850654362e-01
2.6881981658e+00 4.8783009924e-01
2.4747671083e+00 4.5580608988e-01
2.2605818351e+00 4.2254510866e-01
2.0461331862e+00 3.8807654175e-01
1.8320104984e+00 3.5253506629e-01
1.6188761685e+00 3.1601437282e-01
1.4075367639e+00 2.7874648900e-01
1.1988218330e+00 2.4080616647e-01
9.9389244256e-01 2.0250100959e-01
7.9419519568e-01 1.6411110262e-01
6.0156967251e-01 1.2612310673e-01
4.1869794966e-01 8.9022644108e-02
2.4944740613e-01 5.3805172604e-02
1.0152745660e-01 2.1401714830e-02
-2.4621203311e-06 5.3374030894e-07
