5.2290139681e-06 1.5775570390e-06
9.8334199974e-05 2.7456302683e-05
2.3805323289e-01 -6.8543791326e-05
4.7078647906e-01 -2.5879011850e-04
5.5148404893e-01 -2.7612589268e-03
6.9820496754e-01 -5.6916142448e-04
9.2040516994e-01 -9.9743042475e-04
1.0343524020e+00 -8.6215092794e-03
1.1374924864e+00 -1.5765656777e-03
1.3494851453e+00 -2.2615294573e-03
1.4487033879e+00 -1.7553297462e-02
1.5564169233e+00 -3.0337554093e-03
1.7583810449e+00 -3.9168150960e-03
1.8050287415e+00 -2.8963715748e-02
1.9554448144e+00 -4.9259383967e-03
2.1377672705e+00 -3.9422375563e-02
2.1476244327e+00 -6.0338580453e-03
2.3349412393e+00 -7.2465834424e-03
2.4455108869e+00 -4.8421255138e-02
2.5175439470e+00 -8.5523350163e-03
2.6954319714e+00 -9.9537376692e-03
2.7282828271e+00 -5.7329597848e-02
2.8685928568e+00 -1.1460771531e-02
2.9877493544e+00 -6.9719223820e-02
3.0371010180e+00 -1.3053981403e-02
3.2010674117e+00 -1.4760656554e-02
3.2271401834e+00 -8.0388399626e-02
3.3604926597e+00 -1.6557911490e-02
3.4517736302e+00 -9.0383390208e-02
3.5153784452e+00 -1.8430565311e-02
3.6609467895e+00 -9.9313135787e-02
3.6657594980e+00 -2.0395635248e-02
3.8117531948e+00 -2.2454304405e-02
3.8558237814e+00 -1.0723009925e-01
3.9533653879e+00 -2.4604728622e-02
4.0393952775e+00 -1.1442991422e-01
4.0905959884e+00 -2.6847213350e-02
4.2120926917e+00 -1.2123821193e-01
4.2234863770e+00 -2.9180052595e-02
4.3521076317e+00 -3.1586984393e-02
4.3743343714e+00 -1.2755742411e-01
4.4764609840e+00 -3.4066986585e-02
4.5273483399e+00 -1.3323678562e-01
4.5965464340e+00 -3.6620059170e-02
4.6713906810e+00 -1.3824672590e-01
4.7124027766e+00 -3.9241544910e-02
4.8074135609e+00 -1.4266503771e-01
4.8241192363e+00 -4.1949921186e-02
4.9317011987e+00 -4.4745832981e-02
4.9357995413e+00 -1.4657752019e-01
5.0351222285e+00 -4.7590722266e-02
5.0566832822e+00 -1.5007943987e-01
5.1344103696e+00 -5.0509357450e-02
5.1704655142e+00 -1.5307931217e-01
5.2296437995e+00 -5.3490103462e-02
5.2778285018e+00 -1.5538276235e-01
5.3208133908e+00 -5.6529275233e-02
5.3789863564e+00 -1.5727640567e-01
5.4079179732e+00 -5.9634552657e-02
5.4739284865e+00 -1.5873523780e-01
5.4910091684e+00 -6.2775344333e-02
5.5627393078e+00 -1.5979229691e-01
5.5700924148e+00 -6.5984192925e-02
5.6451671700e+00 -6.9231793881e-02
5.6460548897e+00 -1.6053360663e-01
5.7162543403e+00 -7.2507852499e-02
5.7240122612e+00 -1.6086886279e-01
5.7833596620e+00 -7.5818213016e-02
5.7966385625e+00 -1.6090056507e-01
5.8465261238e+00 -7.9171223813e-02
5.8639962493e+00 -1.6061514675e-01
5.9057595468e+00 -8.2566404331e-02
5.9264017286e+00 -1.6001870274e-01
5.9610651572e+00 -8.5996329707e-02
5.9838805012e+00 -1.5913858369e-01
6.0123818579e+00 -8.9444312063e-02
6.0364325673e+00 -1.5797478960e-01
6.0597485755e+00 -9.2893767340e-02
6.0842117749e+00 -1.5658384039e-01
6.1031668157e+00 -9.6345014928e-02
6.1274749799e+00 -1.5493652866e-01
6.1426365785e+00 -9.9798054826e-02
6.1662390820e+00 -1.5310980346e-01
6.1781872699e+00 -1.0322291878e-01
6.2005046374e+00 -1.5107890866e-01
6.2098108827e+00 -1.0665795752e-01
6.2302946465e+00 -1.4890655521e-01
6.2374877082e+00 -1.1008822447e-01
6.2557377287e+00 -1.4658901700e-01
6.2612025023e+00 -1.1345721850e-01
6.2769263651e+00 -1.4404666914e-01
6.2809710595e+00 -1.1681132978e-01
6.2938860305e+00 -1.4142225669e-01
6.2967471755e+00 -1.2012947929e-01
6.3066276533e+00 -1.3870174226e-01
6.3085190834e+00 -1.2339551308e-01
6.3152323665e+00 -1.3583857811e-01
6.3162681384e+00 -1.2664107498e-01
6.3197027209e+00 -1.3286416977e-01
6.3200387166e+00 -1.2977851723e-01
