3.1015398206e+02
3.1014717189e+02
3.1014036172e+02
3.1013339182e+02
3.1012627526e+02
3.1011328306e+02
3.1010017834e+02
3.1008781649e+02
3.1007638340e+02
3.1006125756e+02
3.1004425876e+02
3.1002346146e+02
3.1000496543e+02
3.0998439545e+02
3.0996050163e+02
3.0993294779e+02
3.0990384473e+02
3.0987482627e+02
3.0984340516e+02
3.0981053833e+02
3.0977052124e+02
3.0973050416e+02
3.0968411720e+02
3.0963721355e+02
3.0958690188e+02
3.0953302513e+02
3.0947750817e+02
3.0941698684e+02
3.0935548255e+02
3.0928791386e+02
3.0921833168e+02
3.0914409556e+02
3.0906927126e+02
3.0899420030e+02
3.0890719795e+02
3.0881453320e+02
3.0872232057e+02
3.0863002526e+02
3.0852938209e+02
3.0841948383e+02
3.0831059972e+02
3.0821042399e+02
3.0810394933e+02
3.0798541364e+02
3.0786434867e+02
3.0774330643e+02
3.0761997118e+02
3.0749447898e+02
3.0736260178e+02
3.0723597810e+02
3.0709861964e+02
3.0696001527e+02
3.0682328737e+02
3.0668753758e+02
3.0655066439e+02
3.0641024360e+02
3.0626642024e+02
3.0611983541e+02
3.0597779639e+02
3.0583587827e+02
3.0569235151e+02
3.0554929655e+02
3.0540612775e+02
3.0526967535e+02
3.0512942806e+02
3.0499161640e+02
3.0485825270e+02
3.0472421403e+02
3.0459836191e+02
3.0447204977e+02
3.0434727387e+02
3.0423386827e+02
3.0411610308e+02
3.0400530271e+02
3.0390211788e+02
3.0379923633e+02
3.0370658415e+02
3.0361704160e+02
3.0353294493e+02
3.0345656207e+02
3.0338350405e+02
3.0332157233e+02
3.0326244261e+02
3.0321236047e+02
3.0317211610e+02
3.0313081700e+02
3.0310306455e+02
3.0308003902e+02
3.0306679607e+02
3.0305482189e+02
3.0305296339e+02
3.0305854717e+02
3.0306769967e+02
3.0308332531e+02
3.0310167825e+02
3.0313016827e+02
3.0314991266e+02
3.0319604065e+02
3.0320411564e+02
3.0324330578e+02
