-4.3585914469e-03 -1.1167373675e-02
-4.3288828542e-03 -9.7851581346e-03
1.1152925935e-04 -6.5499938999e-03
3.7338851926e-03 -1.3078748905e-02
6.6355031806e-03 1.1445518231e-03
1.4619064650e-02 1.1151206652e-02
1.5262823449e-02 -3.7221788828e-02
2.3389100946e-02 2.4461677866e-02
3.6224678785e-02 -7.2809195456e-02
3.8993339089e-02 4.8531136208e-02
6.2363805912e-02 -1.1644169778e-01
6.4927884231e-02 8.0801534520e-02
9.1952990268e-02 -1.6577732793e-01
1.0001417547e-01 1.2093933477e-01
1.2871549291e-01 -2.2925404624e-01
1.3804545110e-01 1.6485814882e-01
1.7815966698e-01 2.1163045825e-01
1.8959684417e-01 -3.2100712324e-01
2.3304432648e-01 2.6815659577e-01
2.6947896749e-01 -4.2276828220e-01
3.0224385673e-01 3.2990815068e-01
3.6259317250e-01 -5.3553152452e-01
3.8390724282e-01 3.9589365716e-01
4.6107470097e-01 -6.5353441663e-01
4.7782686514e-01 4.6976983684e-01
5.6467610810e-01 -7.7631710303e-01
5.7756766123e-01 5.5079517296e-01
6.8579446042e-01 6.3015943523e-01
7.0226376411e-01 -9.1854236018e-01
8.1169198229e-01 7.0906723946e-01
8.5951495155e-01 -1.0606890017e+00
9.5246343180e-01 7.8756080983e-01
1.0338074229e+00 -1.2016231509e+00
1.1056936579e+00 8.6485690187e-01
1.2287938310e+00 -1.3541948448e+00
1.2694485694e+00 9.4076032092e-01
1.4319794769e+00 -1.5141148078e+00
1.4484638362e+00 1.0297559488e+00
1.6307411515e+00 1.1050737915e+00
1.6447995902e+00 -1.6683180790e+00
1.8282728696e+00 1.1741680554e+00
1.8765378169e+00 -1.8132819619e+00
2.0383747224e+00 1.2369282936e+00
2.1214471340e+00 -1.9493324343e+00
2.2582658694e+00 1.2931339550e+00
2.3767875055e+00 -2.0760382713e+00
2.4850820433e+00 1.3424552401e+00
2.6396619309e+00 -2.1926991015e+00
2.7216186696e+00 1.3885776440e+00
2.9222959870e+00 -2.3140364349e+00
2.9634342415e+00 1.4274878309e+00
3.2021138246e+00 -2.4220866854e+00
3.2122672649e+00 1.4516720735e+00
3.4704502870e+00 1.4673374734e+00
3.4843958102e+00 -2.5111020407e+00
3.7306442421e+00 1.4722060752e+00
3.7718737393e+00 -2.5858598236e+00
3.9910927662e+00 1.4669142995e+00
4.0622570899e+00 -2.6467738431e+00
4.2499104170e+00 1.4520581563e+00
4.3519325185e+00 -2.6943841987e+00
4.5199213617e+00 1.4268527926e+00
4.6385934495e+00 -2.7281442432e+00
4.7795501865e+00 1.3872746271e+00
4.9149272678e+00 -2.7485096471e+00
5.0321490839e+00 1.3356336137e+00
5.1871847984e+00 -2.7533829676e+00
5.2832575980e+00 1.2729958246e+00
5.4542843925e+00 -2.7434346649e+00
5.5312395255e+00 1.2004534007e+00
5.7149324600e+00 -2.7192324239e+00
5.7742942017e+00 1.1190637888e+00
5.9676288970e+00 -2.6812383364e+00
6.0166346744e+00 1.0214504541e+00
6.2090557643e+00 -2.6259303114e+00
6.2365152374e+00 9.1372362179e-01
6.4374075037e+00 7.9876333441e-01
6.4403280187e+00 -2.5579072158e+00
6.6309932123e+00 6.7355471413e-01
6.6396049962e+00 -2.4715829788e+00
6.8162488696e+00 5.3954088021e-01
6.8275590864e+00 -2.3740827887e+00
6.9919597668e+00 3.9815390382e-01
7.0036451957e+00 -2.2667574573e+00
7.1561857353e+00 2.5007064990e-01
7.1670655817e+00 -2.1508751299e+00
7.2950442598e+00 8.9223945018e-02
7.3154358561e+00 -2.0242301289e+00
7.4259529565e+00 -7.0278950134e-02
7.4386901638e+00 -1.8840278404e+00
7.5199875436e+00 -2.3621650383e-01
7.5333288036e+00 -1.7349002966e+00
7.5979227565e+00 -4.0529886715e-01
7.6072627572e+00 -1.5812190454e+00
7.6605180612e+00 -5.7595186317e-01
7.6673134908e+00 -1.4226756506e+00
7.7074390491e+00 -7.4659399709e-01
7.7132874829e+00 -1.2608095811e+00
7.7377356923e+00 -9.2071671947e-01
7.7412739931e+00 -1.0946712610e+00
