-3.0401598883e-05 -3.9102676981e-05
2.9060511241e-01 1.6998892922e-03
5.7475589268e-01 6.6597757029e-03
8.5235249521e-01 1.4836440040e-02
1.1232057820e+00 2.5988376166e-02
1.3873086219e+00 4.0096285432e-02
1.6444766480e+00 5.6985845154e-02
1.8945941941e+00 7.6486333433e-02
2.1375669250e+00 9.8585158097e-02
2.3732876447e+00 1.2301605475e-01
2.6016272496e+00 1.4972418317e-01
2.8224932705e+00 1.7861158599e-01
3.0357447269e+00 2.0944368494e-01
3.2413646679e+00 2.4220503869e-01
3.4392249181e+00 2.7667054303e-01
3.6291962535e+00 3.1273474715e-01
3.8112280465e+00 3.5032604769e-01
3.9853016922e+00 3.8919827969e-01
4.1512267236e+00 4.2931716994e-01
4.3090203596e+00 4.7048735405e-01
4.4585874794e+00 5.1256507561e-01
4.5999515362e+00 5.5550171412e-01
4.7330027825e+00 5.9903722175e-01
4.8576887321e+00 6.4313061184e-01
4.9740162325e+00 6.8761590283e-01
5.0820151238e+00 7.3233058467e-01
5.1815536030e+00 7.7719738021e-01
5.2727237325e+00 8.2199876566e-01
5.3555252521e+00 8.6669623730e-01
5.4299999131e+00 9.1108783657e-01
5.4961254266e+00 9.5505911177e-01
5.5538951389e+00 9.9849198146e-01
5.6034882359e+00 1.0412349477e+00
5.6448646483e+00 1.0832080199e+00
5.6781049603e+00 1.1241974854e+00
5.7032665683e+00 1.1641735287e+00
5.7205600949e+00 1.2029722306e+00
5.7299347077e+00 1.2404885846e+00
5.7315796267e+00 1.2765687870e+00
5.7255938336e+00 1.3111217819e+00
5.7121008967e+00 1.3441022971e+00
5.6912880254e+00 1.3753061044e+00
5.6631454603e+00 1.4046740387e+00
5.6280502656e+00 1.4321169550e+00
5.5860850817e+00 1.4575551893e+00
5.5373055837e+00 1.4808632175e+00
5.4821030559e+00 1.5019442840e+00
5.4205111142e+00 1.5207909468e+00
5.3528621851e+00 1.5372918248e+00
5.2792754351e+00 1.5513446286e+00
5.1999238847e+00 1.5629262875e+00
5.1152383862e+00 1.5720120504e+00
5.0252203169e+00 1.5784943081e+00
4.9302773887e+00 1.5823352224e+00
4.8306062747e+00 1.5835340677e+00
4.7264108285e+00 1.5820772493e+00
4.6180716203e+00 1.5778923162e+00
4.5056624032e+00 1.5709644280e+00
4.3896677913e+00 1.5613573927e+00
4.2702348043e+00 1.5490317928e+00
4.1476060550e+00 1.5339551134e+00
4.0222335520e+00 1.5162067281e+00
3.8941694973e+00 1.4958055416e+00
3.7639019139e+00 1.4728000790e+00
3.6315751884e+00 1.4471602432e+00
3.4975319231e+00 1.4190009459e+00
3.3621077606e+00 1.3884419509e+00
3.2254439289e+00 1.3554128548e+00
3.0880325689e+00 1.3200924875e+00
2.9499938984e+00 1.2825313403e+00
2.8116531850e+00 1.2428890079e+00
2.6733633517e+00 1.2012180314e+00
2.5352968596e+00 1.1575717220e+00
2.3978397448e+00 1.1122256040e+00
2.2612107360e+00 1.0652602340e+00
2.1256646564e+00 1.0167157454e+00
1.9916126980e+00 9.6688094780e-01
1.8591306482e+00 9.1585195274e-01
1.7286075529e+00 8.6388287261e-01
1.6003570342e+00 8.1102254354e-01
1.4746178373e+00 7.5757018239e-01
1.3515875854e+00 7.0376582313e-01
1.2316020457e+00 6.4969679194e-01
1.1150816947e+00 5.9572620053e-01
1.0020904116e+00 5.4194910778e-01
8.9295780734e-01 4.8881759663e-01
7.8814742268e-01 4.3648872367e-01
6.8788038415e-01 3.8518293738e-01
5.9248011576e-01 3.3537114849e-01
5.0215767152e-01 2.8720193359e-01
4.1751402213e-01 2.4110249371e-01
3.3914882121e-01 1.9768696806e-01
2.6694331026e-01 1.5689412317e-01
2.0187378692e-01 1.1960294303e-01
1.4432408147e-01 8.6181339673e-02
9.4890714376e-02 5.6954873184e-02
5.4834406039e-02 3.3090806818e-02
2.4533539927e-02 1.4807870085e-02
6.1015363969e-03 3.6071300173e-03
-7.6637276016e-05 -3.9243465945e-05
