3.5438422672e+02
3.5431730591e+02
3.5425166521e+02
3.5419123509e+02
3.5413134861e+02
3.5407340588e+02
3.5402068703e+02
3.5396804498e+02
3.5392094078e+02
3.5387539356e+02
3.5383168362e+02
3.5379238616e+02
3.5375525520e+02
3.5372106960e+02
3.5369004812e+02
3.5366054392e+02
3.5363708972e+02
3.5361512880e+02
3.5359537057e+02
3.5358032764e+02
3.5356634385e+02
3.5355874125e+02
3.5355256768e+02
3.5354807055e+02
3.5354983364e+02
3.5355363368e+02
3.5356006678e+02
3.5357122075e+02
3.5358512832e+02
3.5360163510e+02
3.5362370086e+02
3.5364845292e+02
3.5367435923e+02
3.5370723566e+02
3.5374213938e+02
3.5378030526e+02
3.5382265628e+02
3.5386667267e+02
3.5391919694e+02
3.5397130313e+02
3.5402425052e+02
3.5408719380e+02
3.5415112025e+02
3.5421538136e+02
3.5428679104e+02
3.5436152891e+02
3.5443847628e+02
3.5452067573e+02
3.5460413727e+02
3.5469162324e+02
3.5478370470e+02
3.5487858887e+02
3.5497618840e+02
3.5507764839e+02
3.5518314005e+02
3.5529073022e+02
3.5540019898e+02
3.5551630718e+02
3.5563234189e+02
3.5575422880e+02
3.5587629876e+02
3.5600235004e+02
3.5613243471e+02
3.5626354889e+02
3.5639854003e+02
3.5653768873e+02
3.5667569497e+02
3.5681910139e+02
3.5696359862e+02
3.5711046608e+02
3.5726185412e+02
3.5741287949e+02
3.5756596620e+02
3.5772508674e+02
3.5788193568e+02
3.5804438578e+02
3.5820360947e+02
3.5836855484e+02
3.5853674814e+02
3.5870291246e+02
3.5887172869e+02
3.5904237063e+02
3.5921815533e+02
3.5938856227e+02
3.5956663057e+02
3.5974498081e+02
3.5991791413e+02
3.6010232923e+02
3.6027892861e+02
3.6046776011e+02
3.6064369905e+02
3.6083469646e+02
3.6102260364e+02
3.6118374026e+02
3.6140329479e+02
3.6157505959e+02
3.6168520380e+02
3.6194918920e+02
3.6183528184e+02
3.6084381384e+02
