1.8350332245e+02
1.8365473539e+02
1.8380292943e+02
1.8394301286e+02
1.8408125642e+02
1.8420884117e+02
1.8433454768e+02
1.8445651470e+02
1.8456880025e+02
1.8468156018e+02
1.8478365783e+02
1.8488347138e+02
1.8497923580e+02
1.8506854790e+02
1.8515475891e+02
1.8523277814e+02
1.8530919429e+02
1.8538050069e+02
1.8544624833e+02
1.8550772207e+02
1.8556447005e+02
1.8561875471e+02
1.8566610005e+02
1.8570912541e+02
1.8574971177e+02
1.8578453846e+02
1.8581648826e+02
1.8584310329e+02
1.8586338126e+02
1.8588431624e+02
1.8589853311e+02
1.8590856908e+02
1.8591614220e+02
1.8591844140e+02
1.8591606042e+02
1.8591065066e+02
1.8590266461e+02
1.8588847920e+02
1.8586949788e+02
1.8584983022e+02
1.8582571582e+02
1.8579609655e+02
1.8576277979e+02
1.8572649852e+02
1.8568639170e+02
1.8563998432e+02
1.8559179594e+02
1.8554106951e+02
1.8548651840e+02
1.8542233849e+02
1.8536061683e+02
1.8529405720e+02
1.8521957452e+02
1.8514373815e+02
1.8506533345e+02
1.8498056267e+02
1.8489219985e+02
1.8479970482e+02
1.8470481950e+02
1.8460390756e+02
1.8449671327e+02
1.8439264799e+02
1.8427890261e+02
1.8416346025e+02
1.8404134867e+02
1.8391380178e+02
1.8378600355e+02
1.8365093180e+02
1.8351021134e+02
1.8337242739e+02
1.8322338322e+02
1.8307316083e+02
1.8291756039e+02
1.8275894128e+02
1.8259774531e+02
1.8242888216e+02
1.8226097685e+02
1.8208390304e+02
1.8190716129e+02
1.8172998806e+02
1.8154223606e+02
1.8136034433e+02
1.8116740238e+02
1.8098209946e+02
1.8078677091e+02
1.8059376181e+02
1.8041390889e+02
1.8020662915e+02
1.8003140281e+02
1.7983555293e+02
1.7965406516e+02
1.7949009882e+02
1.7931126706e+02
1.7918319057e+02
1.7902259887e+02
1.7891096631e+02
1.7884059599e+02
1.7877584741e+02
1.7925549886e+02
1.8023275674e+02
