1.6439983866e+02
1.6273963643e+02
1.6439751181e+02
1.6439518495e+02
1.6280941081e+02
1.6439285810e+02
1.6439082952e+02
1.6287918526e+02
1.6438920125e+02
1.6438757299e+02
1.6294895971e+02
1.6438618600e+02
1.6307495435e+02
1.6438477746e+02
1.6438298461e+02
1.6365682474e+02
1.6438119176e+02
1.6351101449e+02
1.6437940527e+02
1.6437762028e+02
1.6322097219e+02
1.6437645672e+02
1.6321554924e+02
1.6437478630e+02
1.6338235002e+02
1.6437266285e+02
1.6354305163e+02
1.6437053940e+02
1.6335890086e+02
1.6436844179e+02
1.6339318964e+02
1.6436680192e+02
1.6436535928e+02
1.6342747842e+02
1.6436391665e+02
1.6348121772e+02
1.6436234310e+02
1.6357291054e+02
1.6435996135e+02
1.6359246418e+02
1.6435755581e+02
1.6361201782e+02
1.6435512761e+02
1.6363157147e+02
1.6435258604e+02
1.6368322403e+02
1.6434982622e+02
1.6373869387e+02
1.6434706641e+02
1.6373858067e+02
1.6434407198e+02
1.6374260787e+02
1.6434028110e+02
1.6377563936e+02
1.6433622927e+02
1.6380867086e+02
1.6433230408e+02
1.6384059725e+02
1.6432855065e+02
1.6384469278e+02
1.6432473773e+02
1.6386316100e+02
1.6432024390e+02
1.6388549765e+02
1.6431575007e+02
1.6391042368e+02
1.6431124308e+02
1.6394104597e+02
1.6430541416e+02
1.6395674244e+02
1.6429958525e+02
1.6397238649e+02
1.6429282423e+02
1.6398803054e+02
1.6428624968e+02
1.6401064435e+02
1.6428038318e+02
1.6403309961e+02
1.6427451667e+02
1.6404352665e+02
1.6426865017e+02
1.6426128291e+02
1.6405534406e+02
1.6425247116e+02
1.6407143382e+02
1.6424365942e+02
1.6408752358e+02
1.6423484767e+02
1.6410361334e+02
1.6422792245e+02
1.6411354194e+02
1.6422038226e+02
1.6412524660e+02
1.6420926766e+02
1.6413842828e+02
1.6419821256e+02
1.6415160996e+02
1.6418774398e+02
1.6416629957e+02
1.6417727540e+02
