3.9204629046e+01
3.9211617729e+01
3.9218608307e+01
3.9225600797e+01
3.9232595217e+01
3.9235273594e+01
3.9230052459e+01
3.9224818560e+01
3.9219592660e+01
3.9214374829e+01
3.9209165137e+01
3.9200181339e+01
3.9189140520e+01
3.9176854383e+01
3.9163807639e+01
3.9150771497e+01
3.9137746046e+01
3.9122189157e+01
3.9105976977e+01
3.9089777195e+01
3.9072425193e+01
3.9054099865e+01
3.9035786523e+01
3.9015789174e+01
3.8995707587e+01
3.8975639053e+01
3.8955583671e+01
3.8935422403e+01
3.8913254828e+01
3.8890473838e+01
3.8868143891e+01
3.8846059772e+01
3.8823987560e+01
3.8801475495e+01
3.8778044842e+01
3.8753880082e+01
3.8729727668e+01
3.8705587686e+01
3.8681284443e+01
3.8656182461e+01
3.8631093492e+01
3.8605961783e+01
3.8580404616e+01
3.8554599193e+01
3.8528063924e+01
3.8501542047e+01
3.8475033652e+01
3.8448538825e+01
3.8422057656e+01
3.8395580115e+01
3.8367838848e+01
3.8340110415e+01
3.8312394897e+01
3.8284692376e+01
3.8257002934e+01
3.8229326650e+01
3.8201026122e+01
3.8172696593e+01
3.8143940964e+01
3.8115126678e+01
3.8086325971e+01
3.8057112042e+01
3.8027680092e+01
3.7998262240e+01
3.7968858568e+01
3.7939407528e+01
3.7909285270e+01
3.7878950483e+01
3.7848630105e+01
3.7818503248e+01
3.7788412159e+01
3.7758334924e+01
3.7727775617e+01
3.7696779988e+01
3.7665723468e+01
3.7634681174e+01
3.7603653185e+01
3.7572270789e+01
3.7540731628e+01
3.7509207255e+01
3.7477572949e+01
3.7445619417e+01
3.7413561308e+01
3.7381252822e+01
3.7348959490e+01
3.7316681393e+01
3.7284418609e+01
3.7251713603e+01
3.7218828956e+01
3.7185959147e+01
3.7153104253e+01
3.7120264351e+01
3.7087069817e+01
3.7053657745e+01
3.7020242705e+01
3.6986560113e+01
3.6952892950e+01
3.6918930110e+01
3.6884885594e+01
3.6850856978e+01
3.6816844338e+01
3.6782552632e+01
3.6747762947e+01
3.6713217236e+01
3.6678687070e+01
3.6644172524e+01
3.6609408736e+01
3.6574331762e+01
3.6539178075e+01
3.6503895223e+01
3.6468628421e+01
3.6433188496e+01
3.6397385598e+01
3.6361599262e+01
3.6325829564e+01
3.6290076579e+01
3.6254066746e+01
3.6217576486e+01
3.6180994587e+01
3.6144659096e+01
3.6108362151e+01
3.6072081444e+01
3.6035448765e+01
3.5998588559e+01
3.5961445419e+01
3.5924318849e+01
3.5887208921e+01
3.5849933140e+01
3.5812362678e+01
3.5774809368e+01
3.5737273283e+01
3.5699579624e+01
3.5661629893e+01
3.5623349746e+01
3.5585087047e+01
3.5546841869e+01
3.5508653567e+01
3.5470646890e+01
3.5431985248e+01
3.5393145547e+01
3.5354322727e+01
3.5315516858e+01
3.5276728007e+01
3.5237496974e+01
3.5198244096e+01
3.5159008742e+01
3.5119491648e+01
3.5079892725e+01
3.5040060547e+01
3.5000114278e+01
3.4960185808e+01
3.4920275207e+01
3.4880382544e+01
3.4839937938e+01
3.4799507217e+01
3.4759093477e+01
3.4718696783e+01
3.4678317199e+01
3.4637570657e+01
3.4596726107e+01
3.4555618092e+01
3.4514493851e+01
3.4473386942e+01
3.4431888030e+01
3.4390369590e+01
3.4348868926e+01
3.4307386103e+01
3.4265660118e+01
3.4223580050e+01
3.4181355916e+01
3.4139211587e+01
3.4097269907e+01
3.4055345025e+01
3.4013172290e+01
3.3970650675e+01
3.3927891904e+01
3.3885149937e+01
3.3842424832e+01
3.3799589597e+01
3.3756576160e+01
3.3713579966e+01
3.3670601076e+01
3.3627116071e+01
3.3583581731e+01
3.3539862013e+01
3.3496159522e+01
3.3452474317e+01
3.3408806457e+01
3.3365104043e+01
3.3320943791e+01
3.3276799412e+01
3.3232670959e+01
3.3188558486e+01
3.3144441602e+01
3.3100085797e+01
3.3055428819e+01
3.3010648400e+01
3.2965883789e+01
3.2921074417e+01
3.2876079774e+01
3.2831101267e+01
3.2786138947e+01
3.2740878685e+01
3.2695321027e+01
3.2649774612e+01
3.2604243923e+01
3.2558729010e+01
3.2513229924e+01
3.2467640519e+01
3.2421658304e+01
3.2375693076e+01
3.2329742021e+01
3.2283805184e+01
3.2237861038e+01
3.2191790589e+01
3.2145545033e+01
3.2098938880e+01
3.2052346500e+01
3.2005759920e+01
3.1959130416e+01
3.1912514853e+01
3.1865913274e+01
3.1819008183e+01
3.1771782611e+01
3.1724609569e+01
3.1677492748e+01
3.1630389094e+01
3.1583298645e+01
3.1536221442e+01
3.1488526673e+01
3.1440922494e+01
3.1393330562e+01
3.1345750914e+01
3.1298227150e+01
3.1250763986e+01
3.1203067954e+01
3.1155096076e+01
3.1107134447e+01
3.1059183096e+01
3.1011232511e+01
3.0963260296e+01
3.0915298469e+01
3.0867209116e+01
3.0818905973e+01
3.0770463016e+01
3.0721608643e+01
3.0673182345e+01
3.0624895539e+01
3.0576617665e+01
3.0528348747e+01
3.0479478906e+01
3.0430445936e+01
3.0381711855e+01
3.0332986668e+01
3.0284269373e+01
3.0235559993e+01
3.0186858548e+01
3.0137502621e+01
3.0088388372e+01
3.0039453609e+01
2.9990524447e+01
2.9941600903e+01
2.9892682992e+01
2.9843263183e+01
2.9793561298e+01
2.9744547137e+01
2.9695537168e+01
2.9646531403e+01
2.9597152251e+01
2.9547283437e+01
2.9497687379e+01
2.9448585089e+01
2.9399485522e+01
2.9350388684e+01
2.9300512690e+01
2.9250532592e+01
2.9200969376e+01
2.9151774601e+01
2.9102580930e+01
2.9053037332e+01
2.9003025794e+01
2.8953014509e+01
2.8903696500e+01
2.8854445214e+01
2.8805193466e+01
2.8755154064e+01
2.8705050908e+01
2.8655355239e+01
2.8605976834e+01
2.8556596257e+01
2.8507165144e+01
2.8456999370e+01
2.8406997730e+01
2.8357549949e+01
2.8308098279e+01
2.8258642710e+01
2.8209183233e+01
2.8158935714e+01
2.8109010902e+01
2.8059531041e+01
2.8010044719e+01
2.7960551920e+01
2.7911052628e+01
2.7861546827e+01
2.7811595115e+01
2.7762138936e+01
2.7712673693e+01
2.7663199367e+01
2.7613715934e+01
2.7564223374e+01
2.7514695817e+01
2.7465345086e+01
2.7415976293e+01
2.7366596537e+01
2.7317205791e+01
2.7267804030e+01
2.7218616283e+01
2.7169352158e+01
2.7120045903e+01
2.7070726325e+01
2.7021393395e+01
2.6972106202e+01
2.6923697004e+01
2.6874781141e+01
2.6825635994e+01
2.6776474760e+01
2.6727297401e+01
2.6678461051e+01
2.6629631589e+01
2.6580785923e+01
2.6532118700e+01
2.6483845737e+01
2.6435174592e+01
2.6386485063e+01
2.6337777107e+01
2.6289050683e+01
2.6241146978e+01
2.6192637742e+01
2.6144107680e+01
2.6095556744e+01
2.6047205814e+01
2.5999682048e+01
2.5951886465e+01
2.5903689888e+01
2.5855470164e+01
2.5807227242e+01
2.5759386473e+01
2.5712267350e+01
2.5664655740e+01
2.5616827049e+01
2.5568972468e+01
2.5521091939e+01
2.5474245162e+01
2.5427506207e+01
2.5380564650e+01
2.5332990778e+01
2.5285387890e+01
2.5238130091e+01
2.5190961736e+01
2.5144139441e+01
2.5097768288e+01
2.5051366494e+01
2.5004900575e+01
2.4958328400e+01
2.4911725275e+01
2.4865091133e+01
2.4818700658e+01
2.4773044750e+01
2.4727156246e+01
2.4681234422e+01
2.4635279208e+01
2.4589290533e+01
2.4543691042e+01
2.4498398103e+01
2.4452990416e+01
2.4407547038e+01
2.4362067896e+01
2.4316681200e+01
2.4271719490e+01
2.4226630593e+01
2.4181502365e+01
2.4136334723e+01
2.4091973472e+01
2.4047809906e+01
2.4003607202e+01
2.3959365278e+01
2.3914587956e+01
2.3870804494e+01
2.3826977798e+01
2.3783107778e+01
2.3739194349e+01
2.3695146528e+01
2.3651986534e+01
2.3608780615e+01
2.3565528679e+01
2.3522230634e+01
2.3478886388e+01
2.3435583473e+01
2.3392548905e+01
2.3350304263e+01
2.3308011895e+01
2.3265671705e+01
2.3223161971e+01
2.3180581620e+01
2.3138656719e+01
2.3097095391e+01
2.3055486775e+01
2.3013848250e+01
2.2972159857e+01
2.2930552370e+01
2.2889863530e+01
2.2849136787e+01
2.2808444245e+01
2.2767700188e+01
2.2726904515e+01
2.2686057129e+01
2.2646126163e+01
2.2606622703e+01
2.2567009560e+01
2.2526934683e+01
2.2486802390e+01
2.2446683015e+01
2.2407033397e+01
2.2368280808e+01
2.2329556405e+01
2.2290773069e+01
2.2251930688e+01
2.2213443778e+01
2.2174918730e+01
2.2136621381e+01
2.2099101261e+01
2.2061520481e+01
2.2024273612e+01
2.1987107215e+01
2.1949880679e+01
2.1912593893e+01
2.1876031278e+01
2.1840088223e+01
2.1804375320e+01
2.1768601111e+01
2.1732765484e+01
2.1696293531e+01
2.1660009765e+01
2.1625200795e+01
2.1590616086e+01
2.1555962721e+01
2.1521240575e+01
2.1486449524e+01
2.1452400150e+01
2.1418367507e+01
2.1385115925e+01
2.1352332391e+01
2.1319478796e+01
2.1287260039e+01
2.1255198553e+01
2.1223068282e+01
2.1190956493e+01
2.1160639548e+01
2.1130173251e+01
2.1099211655e+01
2.1068177282e+01
2.1038263239e+01
2.1009795329e+01
2.0981255624e+01
2.0952643995e+01
2.0924266572e+01
2.0898258525e+01
2.0870935577e+01
2.0843530122e+01
2.0816043687e+01
2.0788914961e+01
2.0763507271e+01
2.0740465583e+01
2.0717550684e+01
2.0694556323e+01
2.0671487796e+01
2.0648382823e+01
2.0625982419e+01
2.0606757095e+01
2.0587455122e+01
2.0568754942e+01
2.0550232856e+01
2.0533416075e+01
2.0520519888e+01
2.0507554119e+01
2.0494518653e+01
2.0481413370e+01
2.0469066013e+01
2.0465131313e+01
2.0461140739e+01
2.0454093362e+01
2.0446878224e+01
2.0439572332e+01
2.0438477319e+01
2.0447133469e+01
2.0456760620e+01
2.0466325435e+01
2.0475827810e+01
2.0485267642e+01
2.0494644826e+01
