1.5848589018e-06 -2.7156121720e-09
2.7716326901e-01 -4.5825698651e-07
5.4823208074e-01 -3.7550856261e-07
8.1321996399e-01 -2.7234525861e-08
1.0721615000e+00 2.8708609530e-07
1.3250641993e+00 2.4848313250e-07
1.5719655347e+00 3.6389650101e-07
1.8128794401e+00 3.6729708098e-07
2.0478366668e+00 4.7498270909e-07
2.2768442541e+00 6.2941138229e-07
2.4999395841e+00 6.9344023740e-07
2.7171420837e+00 5.9648864249e-07
2.9284670967e+00 5.0894795805e-07
3.1339424610e+00 1.0070511713e-06
3.3335753024e+00 1.9420414556e-06
3.5274169244e+00 2.4179341084e-06
3.7154584431e+00 1.7819439638e-06
3.8977267137e+00 3.4431179414e-07
4.0742461789e+00 -1.5654155279e-07
4.2450174143e+00 6.0162736818e-07
4.4101103963e+00 1.5035200184e-06
4.5695039303e+00 1.3711283922e-06
4.7232075269e+00 7.0588878532e-08
4.8712670576e+00 -5.4970162601e-07
5.0136774081e+00 -3.1753439747e-07
5.1504752554e+00 1.2272861718e-07
5.2816683943e+00 -3.2688625728e-07
5.4072591691e+00 -1.7176810782e-06
5.5272854344e+00 -2.1386745167e-06
5.6417430707e+00 -1.6478164009e-06
5.7506525919e+00 -7.7149753688e-07
5.8540419495e+00 -5.3687481065e-07
5.9519082265e+00 -7.4527241492e-07
6.0442679339e+00 -9.1288146230e-07
6.1311278328e+00 -7.8104663534e-07
6.2125016670e+00 -4.5869987578e-07
6.2884095419e+00 -2.7309704903e-07
6.3588500601e+00 -5.3856009288e-07
6.4238387718e+00 -1.0065384933e-06
6.4833796728e+00 -1.4901968228e-06
6.5374774845e+00 -2.3028644121e-06
6.5861509217e+00 -2.7453813944e-06
6.6293968095e+00 -2.5645978454e-06
6.6672217509e+00 -1.8091093776e-06
6.6996362026e+00 -1.6737260381e-06
6.7266412574e+00 -1.7394460394e-06
6.7482409085e+00 -2.0977642349e-06
6.7644335288e+00 -2.6798041030e-06
6.7752341929e+00 -2.9607496169e-06
6.7806247887e+00 -2.7107147326e-06
6.7806188543e+00 -1.7886710096e-06
6.7752289575e+00 -1.5193871712e-06
6.7644263790e+00 -2.2299512056e-06
6.7482278622e+00 -3.1142487791e-06
6.7266248590e+00 -3.1765322610e-06
6.6996139079e+00 -2.2173001777e-06
6.6671944702e+00 -1.6566147592e-06
6.6293619134e+00 -2.0992358276e-06
6.5861170933e+00 -3.0238646132e-06
6.5374370096e+00 -3.0487894233e-06
6.4833243979e+00 -2.1680873312e-06
6.4238004130e+00 -1.4432222448e-06
6.3588090751e+00 -1.1779384461e-06
6.2883614827e+00 -1.3050767485e-06
6.2124519313e+00 -1.4189419747e-06
6.1310718792e+00 -1.4399993371e-06
6.0442145325e+00 -1.5578143847e-06
5.9518523345e+00 -1.7247102774e-06
5.8539896206e+00 -1.8726496227e-06
5.7506014251e+00 -1.6284477599e-06
5.6416747146e+00 -7.3969048108e-07
5.5272243424e+00 6.3495073224e-08
5.4072023265e+00 4.4670307816e-07
5.2816078776e+00 1.0112859594e-06
5.1504282020e+00 1.0114711742e-06
5.0136329474e+00 5.4581142143e-08
4.8712255074e+00 -8.9086412752e-07
4.7231695833e+00 -1.2149782628e-06
4.5694555162e+00 -3.5869793681e-07
4.4100680582e+00 3.8284757237e-07
4.2449875084e+00 2.3473314179e-08
4.0742085364e+00 -8.4489504177e-07
3.8976896366e+00 -8.1060955005e-07
3.7154143306e+00 9.5950018834e-08
3.5273788262e+00 9.2652231295e-07
3.3335453526e+00 1.0945795955e-06
3.1339084075e+00 2.3841748469e-07
2.9284283451e+00 -2.3462947338e-07
2.7171150729e+00 -3.6496686996e-08
2.4999191452e+00 7.4491545150e-08
2.2768205386e+00 3.5035345689e-07
2.0478142981e+00 5.2324205602e-07
1.8128602721e+00 5.5487175322e-07
1.5719444914e+00 3.9646799904e-07
1.3250559342e+00 1.1928035314e-07
1.0721460421e+00 8.1923356645e-08
8.1321253524e-01 1.2642903590e-07
5.4822976616e-01 2.8718008333e-07
2.7715675120e-01 2.5302041304e-07
-7.0357546834e-06 -3.0215974063e-09
