1.0455936521e-05 1.4378828687e-08
3.0686447825e-01 -1.7773312406e-05
6.0695293167e-01 -7.3082359749e-05
9.0028514444e-01 -1.6734668862e-04
1.1869740267e+00 -3.0922419110e-04
1.4670500911e+00 -5.0013080023e-04
1.7405190349e+00 -7.4796817693e-04
2.0074739940e+00 -1.0552355642e-03
2.2679542030e+00 -1.4221115637e-03
2.5219685112e+00 -1.8507117906e-03
2.7695946575e+00 -2.3520464461e-03
3.0108648764e+00 -2.9296776665e-03
3.2457962756e+00 -3.5785471330e-03
3.4744551715e+00 -4.3041374423e-03
3.6968442014e+00 -5.1100322452e-03
3.9130436682e+00 -6.0020009537e-03
4.1230494560e+00 -6.9741221207e-03
4.3269154049e+00 -8.0300908112e-03
4.5246641761e+00 -9.1754074517e-03
4.7163080916e+00 -1.0404824180e-02
4.9019118438e+00 -1.1719561571e-02
5.0814706976e+00 -1.3121257056e-02
5.2550342612e+00 -1.4611135910e-02
5.4226058868e+00 -1.6186580893e-02
5.5842160913e+00 -1.7845378694e-02
5.7399003978e+00 -1.9586910049e-02
5.8896666967e+00 -2.1411011004e-02
6.0335371027e+00 -2.3314168564e-02
6.1715142994e+00 -2.5291505986e-02
6.3036297517e+00 -2.7344415368e-02
6.4299052538e+00 -2.9470477401e-02
6.5503317165e+00 -3.1659926356e-02
6.6649342225e+00 -3.3913880494e-02
6.7737403818e+00 -3.6229043277e-02
6.8767290031e+00 -3.8599095760e-02
6.9739220897e+00 -4.1019768073e-02
7.0653267239e+00 -4.3485738691e-02
7.1509473902e+00 -4.5990627557e-02
7.2307758538e+00 -4.8531603151e-02
7.3048117463e+00 -5.1101799804e-02
7.3730811287e+00 -5.3697481091e-02
7.4355452067e+00 -5.6308190909e-02
7.4922339354e+00 -5.8931352368e-02
7.5431272641e+00 -6.1555818943e-02
7.5882115895e+00 -6.4180728409e-02
7.6274778440e+00 -6.6793791922e-02
7.6609234250e+00 -6.9391383940e-02
7.6885189836e+00 -7.1967663501e-02
7.7102905347e+00 -7.4513146913e-02
7.7261653100e+00 -7.7018700800e-02
7.7361688327e+00 -7.9478121865e-02
7.7402508944e+00 -8.1887007312e-02
7.7384092494e+00 -8.4233383950e-02
7.7306090996e+00 -8.6510756228e-02
7.7168289549e+00 -8.8709026394e-02
7.6970331000e+00 -9.0827330296e-02
7.6711896841e+00 -9.2852036735e-02
7.6392639215e+00 -9.4774864359e-02
7.6012530272e+00 -9.6590499193e-02
7.5570648746e+00 -9.8291806056e-02
7.5066975191e+00 -9.9868633263e-02
7.4501051118e+00 -1.0131143995e-01
7.3872780311e+00 -1.0262193726e-01
7.3180867129e+00 -1.0378230145e-01
7.2425497053e+00 -1.0479012693e-01
7.1605681277e+00 -1.0563646688e-01
7.0721686041e+00 -1.0631611305e-01
6.9771670127e+00 -1.0681615706e-01
6.8757590143e+00 -1.0714071290e-01
6.7674984175e+00 -1.0728722806e-01
6.6526048177e+00 -1.0722081991e-01
6.5309184753e+00 -1.0694576814e-01
6.4023845264e+00 -1.0648413765e-01
6.2669970365e+00 -1.0581516651e-01
6.1245775212e+00 -1.0491669241e-01
5.9751277386e+00 -1.0379034715e-01
5.8185567808e+00 -1.0245361057e-01
5.6548063773e+00 -1.0087643434e-01
5.4836672072e+00 -9.9053424345e-02
5.3051777127e+00 -9.6989299328e-02
5.1192002560e+00 -9.4687383300e-02
4.9256558797e+00 -9.2143873173e-02
4.7244360276e+00 -8.9328709330e-02
4.5154574532e+00 -8.6263495074e-02
4.2986296489e+00 -8.2956558316e-02
4.0738062899e+00 -7.9366569760e-02
3.8408890237e+00 -7.5515763806e-02
3.5997939785e+00 -7.1404882345e-02
3.3503508920e+00 -6.7019605184e-02
3.0924898651e+00 -6.2363870754e-02
2.8260408584e+00 -5.7431199174e-02
2.5509189925e+00 -5.2235139146e-02
2.2669478399e+00 -4.6747185549e-02
1.9740062627e+00 -4.0986553836e-02
1.6719596342e+00 -3.4944073817e-02
1.3606390982e+00 -2.8620733895e-02
1.0398937220e+00 -2.2010532061e-02
7.0951192279e-01 -1.5108763518e-02
3.6940856983e-01 -7.8972238737e-03
2.0056313669e-02 -4.3032691758e-04
