2.6726055161e+02
2.6726055161e+02
2.4769586252e+02
2.6723186377e+02
2.6720317592e+02
2.4838925906e+02
2.6717448808e+02
2.6714580023e+02
2.4908265578e+02
2.6711641367e+02
2.4977605250e+02
2.6708671604e+02
2.6705701841e+02
2.5040646461e+02
2.6703715451e+02
2.6701435039e+02
2.5050201667e+02
2.6698895842e+02
2.5060229867e+02
2.6695899633e+02
2.6692866198e+02
2.5126471965e+02
2.6689586560e+02
2.6686155464e+02
2.5192714064e+02
2.6683189244e+02
2.5211427118e+02
2.6680223025e+02
2.6676876699e+02
2.5226103910e+02
2.6673039894e+02
2.5267375177e+02
2.6669203089e+02
2.6665366285e+02
2.5308646443e+02
2.6661436318e+02
2.5349917709e+02
2.6656397189e+02
2.5371670881e+02
2.6651358060e+02
2.6646318930e+02
2.5404386154e+02
2.6641279801e+02
2.5437101427e+02
2.6635632228e+02
2.5473534167e+02
2.6629559754e+02
2.6623048561e+02
2.5511897249e+02
2.6616537368e+02
2.5555143828e+02
2.6609608060e+02
2.5587423554e+02
2.6601787397e+02
2.5619703280e+02
2.6593966733e+02
2.6585230319e+02
2.5651983006e+02
2.6576435166e+02
2.5685710915e+02
2.6567065720e+02
2.5724651062e+02
2.6557033864e+02
2.5759736226e+02
2.6547002008e+02
2.5787075731e+02
2.6536970151e+02
2.5814415236e+02
2.6525805197e+02
2.6512731954e+02
2.5845611180e+02
2.6499504261e+02
2.5878038814e+02
2.6486505010e+02
2.5910466449e+02
2.6473734923e+02
2.5940265879e+02
2.6460958285e+02
2.5964747230e+02
2.6445996599e+02
2.5991320716e+02
2.6429804858e+02
2.6017894203e+02
2.6413613116e+02
2.6046271690e+02
2.6397421375e+02
2.6075338892e+02
2.6381297995e+02
2.6104243771e+02
2.6365387004e+02
2.6128657356e+02
2.6345660854e+02
2.6152219650e+02
2.6325934704e+02
2.6175781943e+02
2.6306208554e+02
2.6286796334e+02
2.6199373092e+02
2.6267714439e+02
2.6223173419e+02
2.6246973746e+02
