6.5666706027e-06 2.1935841229e-06
1.4360559555e-04 5.0053247574e-05
3.2943589801e-01 -1.1276411098e-04
6.5153442002e-01 -4.3029524983e-04
7.7189296706e-01 -5.3873853531e-03
9.6630213270e-01 -9.5039983241e-04
1.2738651630e+00 -1.6696886689e-03
1.4475659362e+00 -1.6332541894e-02
1.5743636089e+00 -2.6288873545e-03
1.8678220412e+00 -3.7703362312e-03
2.0271625056e+00 -3.2785420155e-02
2.1542847455e+00 -5.0704455591e-03
2.4338769458e+00 -6.5588950127e-03
2.5253922551e+00 -5.3671307881e-02
2.7066891524e+00 -8.2547077071e-03
2.9727432506e+00 -1.0123127922e-02
2.9903967507e+00 -7.3238740333e-02
3.2320685398e+00 -1.2170972113e-02
3.4201455361e+00 -9.0751560757e-02
3.4848667880e+00 -1.4383931463e-02
3.7311381427e+00 -1.6764669938e-02
3.8147694449e+00 -1.0811079107e-01
3.9708666444e+00 -1.9325091402e-02
4.1768795049e+00 -1.3019342662e-01
4.2041531963e+00 -2.2042354423e-02
4.4311511866e+00 -2.4950383081e-02
4.5106517937e+00 -1.4947170920e-01
4.6518632659e+00 -2.8018700778e-02
4.8236489059e+00 -1.6754083013e-01
4.8662919165e+00 -3.1227444758e-02
5.0744854728e+00 -3.4598526215e-02
5.1148713797e+00 -1.8382517250e-01
5.2766081844e+00 -3.8134416457e-02
5.3859150542e+00 -1.9839176651e-01
5.4726682709e+00 -4.1832820252e-02
5.6410056603e+00 -2.1161173192e-01
5.6626656067e+00 -4.5694108365e-02
5.8466598962e+00 -4.9715913000e-02
5.8807614539e+00 -2.2392566633e-01
6.0247547855e+00 -5.3874056063e-02
6.1057603997e+00 -2.3522151098e-01
6.1969520926e+00 -5.8166902000e-02
6.3177557808e+00 -2.4534219661e-01
6.3632518175e+00 -6.2594450811e-02
6.5171281094e+00 -2.5422604867e-01
6.5237099223e+00 -6.7151958263e-02
6.6784547059e+00 -7.1863218195e-02
6.7051956159e+00 -2.6198939829e-01
6.8274939167e+00 -7.6729031480e-02
6.8824770087e+00 -2.6878620085e-01
6.9707920234e+00 -8.1698302232e-02
7.0491907001e+00 -2.7475274927e-01
7.1083891742e+00 -8.6798721976e-02
7.2059403136e+00 -2.7978136167e-01
7.2403997032e+00 -9.2016828984e-02
7.3536740198e+00 -2.8360778201e-01
7.3668113654e+00 -9.7347781927e-02
7.4876235179e+00 -1.0279953021e-01
7.4926989135e+00 -2.8666733542e-01
7.6029110287e+00 -1.0833531576e-01
7.6229970207e+00 -2.8892202727e-01
7.7126874441e+00 -1.1399459298e-01
7.7446892823e+00 -2.9041058230e-01
7.8169511227e+00 -1.1973371920e-01
7.8587057139e+00 -2.9129280156e-01
7.9157306089e+00 -1.2553928588e-01
7.9652454016e+00 -2.9146300605e-01
8.0090366692e+00 -1.3141844180e-01
8.0643528853e+00 -2.9107034493e-01
8.0969347911e+00 -1.3738276022e-01
8.1561184341e+00 -2.9009930872e-01
8.1794331514e+00 -1.4343189952e-01
8.2409960695e+00 -2.8858244938e-01
8.2565392160e+00 -1.4955626457e-01
8.3190212020e+00 -2.8656227997e-01
8.3281703796e+00 -1.5572826691e-01
8.3901938316e+00 -2.8403880048e-01
8.3943826550e+00 -1.6191967204e-01
8.4547594283e+00 -2.8110478625e-01
8.4551791498e+00 -1.6812997673e-01
8.5105598642e+00 -1.7435918098e-01
8.5130844144e+00 -2.7774780585e-01
8.5605680557e+00 -1.8056860622e-01
8.5651917059e+00 -2.7407634002e-01
8.6051971535e+00 -1.8680835767e-01
8.6110800996e+00 -2.7005585719e-01
8.6444193146e+00 -1.9305477973e-01
8.6507870035e+00 -2.6577467107e-01
8.6782063434e+00 -1.9922253625e-01
8.6844965817e+00 -2.6123870211e-01
8.7065826252e+00 -2.0537219886e-01
8.7123473988e+00 -2.5635178552e-01
8.7294853634e+00 -2.1147300609e-01
8.7343846495e+00 -2.5132086334e-01
8.7468973979e+00 -2.1750314402e-01
8.7506237295e+00 -2.4612705646e-01
8.7587937660e+00 -2.2350400346e-01
8.7611776112e+00 -2.4071261348e-01
8.7652381685e+00 -2.2935728584e-01
8.7660490909e+00 -2.3512268994e-01
