1.8635806829e+02
1.8650481156e+02
1.8665061481e+02
1.8678627346e+02
1.8691784886e+02
1.8704675860e+02
1.8716678295e+02
1.8728591541e+02
1.8739657566e+02
1.8750582464e+02
1.8760750187e+02
1.8770636375e+02
1.8779994044e+02
1.8788930672e+02
1.8797416077e+02
1.8805436477e+02
1.8813021736e+02
1.8820147056e+02
1.8826884025e+02
1.8833114592e+02
1.8839034501e+02
1.8844496057e+02
1.8849633684e+02
1.8854274285e+02
1.8858655039e+02
1.8862467199e+02
1.8865983329e+02
1.8869073054e+02
1.8871828928e+02
1.8874259333e+02
1.8876160251e+02
1.8877790651e+02
1.8879317967e+02
1.8880154364e+02
1.8880863842e+02
1.8880948293e+02
1.8880891052e+02
1.8880410703e+02
1.8879523711e+02
1.8878509671e+02
1.8876756443e+02
1.8875045312e+02
1.8872739183e+02
1.8870048761e+02
1.8867225204e+02
1.8863874976e+02
1.8860193636e+02
1.8856459367e+02
1.8852013836e+02
1.8847498894e+02
1.8842321323e+02
1.8836838297e+02
1.8831289109e+02
1.8824823496e+02
1.8818732266e+02
1.8811304892e+02
1.8804260106e+02
1.8796551532e+02
1.8788360526e+02
1.8780139976e+02
1.8770999146e+02
1.8761924411e+02
1.8752006162e+02
1.8742013870e+02
1.8731713729e+02
1.8720469982e+02
1.8709241132e+02
1.8697414223e+02
1.8685059734e+02
1.8672582356e+02
1.8659280954e+02
1.8645847943e+02
1.8632186569e+02
1.8617756606e+02
1.8602798993e+02
1.8587798378e+02
1.8571559427e+02
1.8556024543e+02
1.8539401707e+02
1.8522405737e+02
1.8505650752e+02
1.8487774391e+02
1.8469830002e+02
1.8452301920e+02
1.8433392805e+02
1.8415357984e+02
1.8396736407e+02
1.8377912014e+02
1.8359533328e+02
1.8340891936e+02
1.8323244753e+02
1.8305771501e+02
1.8287315329e+02
1.8274142900e+02
1.8259889170e+02
1.8242098233e+02
1.8239594489e+02
1.8238979424e+02
1.8221953269e+02
1.8401665531e+02
