4.6577534623e+02
4.6577535969e+02
4.6577525261e+02
4.6577534853e+02
4.6577515898e+02
4.6577531294e+02
4.6577506535e+02
4.6577527735e+02
4.6577502733e+02
4.6577525093e+02
4.6577501325e+02
4.6577523111e+02
4.6577499918e+02
4.6577521129e+02
4.6577500160e+02
4.6577519347e+02
4.6577501260e+02
4.6577517496e+02
4.6577502360e+02
4.6577515646e+02
4.6577507152e+02
4.6577513796e+02
4.6577513241e+02
4.6577518534e+02
4.6577527119e+02
4.6577513298e+02
4.6577531717e+02
4.6577513354e+02
4.6577526266e+02
4.6577514354e+02
4.6577520016e+02
4.6577508273e+02
4.6577512552e+02
4.6577504547e+02
4.6577514827e+02
4.6577500822e+02
4.6577519998e+02
4.6577495321e+02
4.6577523386e+02
4.6577484263e+02
4.6577527533e+02
4.6577473206e+02
4.6577533143e+02
4.6577473081e+02
4.6577532602e+02
4.6577469835e+02
4.6577525110e+02
4.6577489012e+02
4.6577524361e+02
4.6577508188e+02
4.6577520369e+02
4.6577517258e+02
4.6577500899e+02
4.6577518901e+02
4.6577499663e+02
4.6577517434e+02
4.6577513114e+02
4.6577528653e+02
4.6577517305e+02
4.6577522964e+02
4.6577513858e+02
4.6577517312e+02
4.6577521739e+02
4.6577511660e+02
4.6577519205e+02
4.6577519104e+02
4.6577512124e+02
4.6577540550e+02
4.6577504232e+02
4.6577561995e+02
4.6577495910e+02
4.6577565564e+02
4.6577486153e+02
4.6577543189e+02
4.6577478025e+02
4.6577509266e+02
4.6577479678e+02
4.6577475342e+02
4.6577488585e+02
4.6577470478e+02
4.6577497813e+02
4.6577483491e+02
4.6577493983e+02
4.6577497044e+02
4.6577486836e+02
4.6577509364e+02
4.6577480566e+02
4.6577498061e+02
4.6577477490e+02
4.6577489888e+02
4.6577477810e+02
4.6577481716e+02
4.6577475381e+02
4.6577485191e+02
4.6577473249e+02
4.6577492449e+02
4.6577483414e+02
4.6577499071e+02
4.6577500783e+02
4.6577493580e+02
