3.4080702022e+02
3.4073713831e+02
3.4066725639e+02
3.4059737447e+02
3.4052749256e+02
3.4045735875e+02
3.4038674618e+02
3.4031613361e+02
3.4025482000e+02
3.4019840256e+02
3.4014120288e+02
3.4007880235e+02
3.4001640182e+02
3.3995400128e+02
3.3989169346e+02
3.3982971515e+02
3.3976766732e+02
3.3970561949e+02
3.3964357166e+02
3.3958003390e+02
3.3951561738e+02
3.3945120087e+02
3.3938783652e+02
3.3932520176e+02
3.3925713974e+02
3.3918907772e+02
3.3911960825e+02
3.3904964886e+02
3.3897690221e+02
3.3890218519e+02
3.3882710910e+02
3.3875203301e+02
3.3867391795e+02
3.3859243562e+02
3.3851095329e+02
3.3842947096e+02
3.3834656606e+02
3.3825806142e+02
3.3816863812e+02
3.3807921481e+02
3.3798835512e+02
3.3789402949e+02
3.3779970386e+02
3.3770537823e+02
3.3760529116e+02
3.3750478948e+02
3.3740428781e+02
3.3730190289e+02
3.3719896252e+02
3.3709602215e+02
3.3699307172e+02
3.3688596867e+02
3.3677959313e+02
3.3667321759e+02
3.3656697523e+02
3.3646169969e+02
3.3635642414e+02
3.3625114859e+02
3.3614333836e+02
3.3604036250e+02
3.3593738663e+02
3.3583441077e+02
3.3573785911e+02
3.3564494440e+02
3.3555202968e+02
3.3544885019e+02
3.3535871021e+02
3.3527661262e+02
3.3519451504e+02
3.3511033216e+02
3.3502598837e+02
3.3496580912e+02
3.3490813428e+02
3.3485217924e+02
3.3479622421e+02
3.3473535472e+02
3.3469784454e+02
3.3466424364e+02
3.3463064274e+02
3.3462128384e+02
3.3462010648e+02
3.3460930089e+02
3.3459989068e+02
3.3462273444e+02
3.3464721737e+02
3.3467672122e+02
3.3473422408e+02
3.3479841847e+02
3.3485306214e+02
3.3491543623e+02
3.3501859243e+02
3.3512174862e+02
3.3522540126e+02
3.3536307462e+02
3.3550459263e+02
3.3564611065e+02
3.3580101055e+02
3.3599485149e+02
3.3618869242e+02
3.3637458419e+02
