-1.3798091692e-05 7.9581078128e-09
-9.5278973138e-06 7.5468444334e-09
-2.5204862802e-06 6.3607740197e-09
6.7309914473e-06 4.2779484351e-09
1.1174575780e-05 1.0143978308e-09
1.3708662862e-05 -1.4932611565e-09
1.4333252694e-05 -3.2450285266e-09
1.3048345275e-05 -4.2409042797e-09
9.8539406058e-06 -4.4808884157e-09
4.7500386863e-06 -3.9649809346e-09
-2.2633604836e-06 -2.6931818364e-09
-7.6873721854e-06 -3.9145471284e-10
-1.0214186798e-05 1.6796671961e-09
-1.1174016732e-05 3.1186266348e-09
-1.0566861987e-05 3.9254236032e-09
-8.3927225621e-06 4.1000581013e-09
-1.3920734900e-06 1.1143357251e-10
-2.4413421330e-06 -6.1679494286e-10
-2.9361343798e-06 3.2136038675e-10
-2.8795343540e-06 1.2278270683e-09
-2.2715420559e-06 2.1026051018e-09
-1.1121574854e-06 2.9456944872e-09
5.9861935768e-07 3.7570952246e-09
2.8607884732e-06 4.5368073139e-09
5.6743498611e-06 5.2848307551e-09
3.5129779855e-06 4.2425695674e-09
1.7744037293e-06 3.2871622371e-09
5.4202198617e-07 2.4463457962e-09
-1.8416724411e-07 1.7201202446e-09
-4.0416396142e-07 1.1084855824e-09
-1.1796816579e-07 6.1144180957e-10
-1.5331069413e-05 7.5945641580e-09
2.4440220359e-06 -1.2724702415e-09
4.9354287000e-07 -1.1847031119e-09
-2.8918457717e-06 -9.6644710650e-10
-5.9238374774e-06 -1.1516635572e-09
-3.6356776654e-06 -2.8171270401e-09
-1.8744976395e-06 -3.9593671875e-09
-6.4029739949e-07 -4.5783839994e-09
6.6923054426e-08 -4.6741774758e-09
2.4716372237e-07 -4.2467476166e-09
-9.9575395632e-08 -3.2960944220e-09
-9.7329429965e-07 -1.8222178918e-09
-4.6242726078e-07 -1.6936414853e-10
5.7886498289e-08 9.7567021945e-10
3.4344708741e-08 1.5947406406e-09
-5.3305262935e-07 1.6878471150e-09
-1.6443055161e-06 1.2549896425e-09
1.1439340729e-06 -5.7512115081e-10
1.1544461810e-06 -5.4897199359e-10
7.8795529611e-07 -3.2113648005e-10
4.4461418372e-08 1.0838538981e-10
-6.6863247180e-07 8.3033811198e-10
9.9825483943e-07 2.0718076749e-09
1.8457376457e-06 2.8871107511e-09
1.8738159468e-06 3.2762473405e-09
1.0824897430e-06 3.2392174432e-09
-5.2824096583e-07 2.7760210591e-09
-2.9583761797e-06 1.8866581883e-09
-6.2079158986e-06 5.7112883068e-10
-4.1031560595e-06 -3.1865000148e-10
-3.1399732182e-07 -7.5283837524e-10
2.0402519399e-06 -1.0565378732e-09
2.9595917258e-06 -1.2297484952e-09
2.6762453637e-06 4.8812386564e-09
3.4082317622e-06 5.5138966840e-09
3.1695160136e-06 5.5513180059e-09
1.9600981180e-06 4.9935026219e-09
-2.2002192459e-07 3.8404505320e-09
-3.2847459296e-06 2.1060244757e-09
-1.4124688060e-06 1.1242433082e-09
-6.7071851002e-08 4.0037347289e-10
7.5144493565e-07 -6.5585030316e-11
1.0430815537e-06 -2.7363220138e-10
8.0783800330e-07 -2.2376804031e-10
4.5714284382e-08 8.4007452908e-11
-1.2432896030e-06 6.4969427827e-10
-1.1496202089e-06 5.5654951547e-10
-8.0991220403e-09 -2.2360396278e-11
7.5641897186e-07 -3.9958395171e-10
-2.3856810996e-06 -2.8882094095e-09
2.2180001048e-08 -2.9544343683e-09
1.1949406302e-06 -2.7762544847e-09
1.1326007879e-06 -2.3536697589e-09
-1.6483952583e-07 -1.6866801906e-09
-2.6973803110e-06 -7.7528578003e-10
-6.4650215677e-06 3.8051347290e-10
-3.8518745968e-06 6.5504868374e-10
-1.3701836476e-06 7.9008749445e-10
2.4756656602e-07 8.8354613558e-10
1.0013760440e-06 9.3542460715e-10
8.9124478657e-07 9.4572290915e-10
-8.2827206371e-08 9.1444104159e-10
-1.9208399348e-06 8.4157900446e-10
-1.6998338744e-06 1.8302124836e-09
9.7355681820e-07 3.6533439229e-09
-6.2355646728e-06 -3.9391906625e-10
-3.5445158851e-06 -9.8937130070e-10
-1.4930267876e-06 -1.4069655750e-09
-8.1097380293e-08 -1.6467018892e-09
6.9127233695e-07 -1.7085802433e-09
8.2408236407e-07 -1.5926006372e-09
3.1733270106e-07 -1.2987630710e-09
-8.2897665208e-07 -8.2706754465e-10
-4.2241491250e-07 -5.6102964322e-10
-2.4906538077e-08 -4.8376000954e-10
-1.5322517184e-07 -5.3240089383e-10
-8.0737081359e-07 -7.0695229608e-10
-1.9873434635e-06 -1.0074142163e-09
-3.6931431215e-06 -1.4337866545e-09
-5.9247697877e-06 -1.9860696106e-09
-6.0286426717e-06 -2.5775796083e-09
-1.4424323421e-07 7.0334603900e-10
-7.3291227651e-07 2.9765340902e-10
9.2319414507e-07 3.9300312979e-11
1.7920251176e-06 -1.1726439368e-10
1.8735806409e-06 -1.7204071095e-10
1.1678607151e-06 -1.2502863884e-10
-3.2513465979e-07 2.3771822660e-11
-2.6054054838e-06 2.7436067354e-10
-5.6729517570e-06 6.2673791380e-10
-3.7442038795e-06 1.1083718206e-09
-5.5884674561e-07 1.4559134227e-09
1.3488316821e-06 1.6142408771e-09
1.9788314035e-06 1.5833541838e-09
1.3311524185e-06 1.3632533429e-09
-5.9420527260e-07 9.5393835420e-10
-3.7972416700e-06 3.5540921785e-10
1.9113060138e-06 4.9330438236e-09
-2.6230816559e-07 3.7282312007e-09
-3.1535170975e-06 1.9455619191e-09
-1.5130461776e-06 6.4276715305e-10
-3.3928047653e-07 -2.9613209280e-10
3.6778000594e-07 -8.7113581842e-10
6.0813526978e-07 -1.0822440238e-09
3.8178531492e-07 -9.2945670903e-10
-3.1126985853e-07 -4.1277387400e-10
-1.4710302507e-06 4.6780448125e-10
-1.2448877750e-06 1.0918477421e-09
-1.5257037334e-07 1.2873099296e-09
5.7619637039e-07 1.3786871286e-09
9.4141245613e-07 1.3659793390e-09
9.4307788398e-07 1.2491865609e-09
5.8119265389e-07 1.0283087942e-09
1.2232877443e-06 -2.9729204340e-09
-1.4693536312e-07 -2.2550299363e-09
-2.7781688509e-06 -1.2497890088e-09
-6.6704127189e-06 4.2802348634e-11
-3.8041655755e-06 4.8505303981e-10
-1.3165910578e-06 7.7616254201e-10
2.9461808316e-07 9.7709575628e-10
1.0294618474e-06 1.0878526826e-09
8.8794023485e-07 1.1084333211e-09
-1.2994675445e-07 1.0388376716e-09
-2.0241991205e-06 8.7906573416e-10
-1.6657017991e-06 1.8823391657e-09
9.7571025810e-07 3.7024491336e-09
2.6541170681e-06 4.9175745834e-09
3.3695186307e-06 5.5277155149e-09
3.1219149459e-06 5.5328719284e-09
9.8782689128e-08 -2.6047690725e-09
8.4654467266e-07 -2.6597832593e-09
9.3869093442e-07 -2.5048745889e-09
3.7522147429e-07 -2.1400430614e-09
-8.4386370759e-07 -1.5652886768e-09
-4.4579679321e-07 -1.3288895635e-09
-1.1937376447e-07 -1.2710164893e-09
-2.9873125188e-07 -1.3090798142e-09
-9.8386925548e-07 -1.4430795380e-09
-2.1747877752e-06 -1.6730156608e-09
-3.8714868112e-06 -1.9988881826e-09
-6.0739663633e-06 -2.4206971033e-09
-5.9059236290e-06 -2.9709781260e-09
-2.2321052152e-06 -3.4024893478e-09
1.8070281830e-07 -3.5466501398e-09
1.3325004714e-06 -3.4034605018e-09
1.7546565469e-06 1.9449120789e-10
1.7895270346e-06 1.8076333472e-10
1.0348011526e-06 2.1058666064e-10
-5.0952109899e-07 2.8396118563e-10
-2.8434397202e-06 4.0088690970e-10
-5.9669547112e-06 5.6136383285e-10
-3.7621582568e-06 7.4000647904e-10
-5.3728993030e-07 8.1603658534e-10
1.3923324883e-06 7.7754587420e-10
2.0267089990e-06 6.2453434563e-10
1.3658396018e-06 3.5700199963e-10
-5.9027570329e-07 -2.5051163804e-11
-3.8416369162e-06 -5.2162514467e-10
-6.0781975922e-06 -1.1801893692e-09
-3.3635884433e-06 -1.8649721275e-09
-1.3045950161e-06 -2.3398320286e-09
-1.5570258367e-06 4.5696545837e-10
-4.6498983904e-07 -2.9640359611e-10
1.8560121854e-07 -7.3623455041e-10
3.9474733586e-07 -8.6252740451e-10
1.6244851294e-07 -6.7528215842e-10
-5.1129525019e-07 -1.7449881214e-10
-1.6264839535e-06 6.3982263433e-10
-1.2122769815e-06 1.1436501943e-09
-3.1056050640e-08 1.2682242410e-09
7.5216481128e-07 1.3112896329e-09
1.1373856043e-06 1.2728463699e-09
1.1246063286e-06 1.1528944521e-09
7.1382698406e-07 9.5143387944e-10
-9.4952429362e-08 6.6846465192e-10
-6.8387353767e-07 3.5260055147e-10
9.3018968949e-07 2.5177028014e-10
-6.4115589974e-06 -1.2575021398e-09
-3.6578748710e-06 -1.2799252039e-10
-1.4543986982e-06 7.3202481811e-10
-4.9494267358e-08 1.3299904586e-09
5.5683842148e-07 1.6659044012e-09
3.6459936825e-07 1.7397666458e-09
-6.2621142687e-07 1.5515771924e-09
-2.4155939640e-06 1.1013360411e-09
-1.6969549296e-06 1.8480620893e-09
1.0832417720e-06 3.4468023482e-09
2.8506747989e-06 4.4946102592e-09
3.6053441510e-06 4.9914858222e-09
3.3472498285e-06 4.9374290374e-09
2.0763918313e-06 4.3324399046e-09
-2.0722984066e-07 3.1765184239e-09
-3.0905067746e-06 1.5238726130e-09
4.9492254434e-07 2.1378027863e-09
-9.7982911799e-07 -6.3047560180e-10
-7.4482505350e-07 -3.5738196622e-09
-6.0770722594e-07 -5.7270344158e-09
-9.2920234284e-07 -7.0793782290e-09
-1.7093104042e-06 -7.6308511021e-09
-2.9480314102e-06 -7.3814530348e-09
-4.6453653607e-06 -6.3311840273e-09
-6.8013122557e-06 -4.4800440796e-09
-6.1278754401e-06 -3.4281895776e-09
-1.9945612268e-06 -4.1323476058e-09
7.4747284141e-07 -4.4984202229e-09
2.0982267642e-06 -4.5264074287e-09
2.0577005417e-06 -4.2163092233e-09
6.2589417402e-07 -3.5681256067e-09
-2.1971923390e-06 -2.5818565788e-09
5.5285233320e-07 1.6419760709e-10
-2.4260003909e-06 1.0582456735e-09
-6.4883759260e-06 2.2412809391e-09
-4.5941771045e-06 3.4916735332e-09
-1.6505227048e-06 4.3384744477e-09
1.2366770562e-07 4.7667335459e-09
7.2839412647e-07 4.7764508278e-09
1.6365655780e-07 4.3676262934e-09
-1.5705450004e-06 3.5402599428e-09
-4.4742105480e-06 2.2943517758e-09
-6.0751914818e-06 1.9935301495e-09
-3.1446220011e-06 4.0120926087e-09
-9.4827271121e-07 5.2328482600e-09
5.1385638840e-07 5.6557971035e-09
1.2417652975e-06 5.2809391390e-09
1.2354540161e-06 4.1082743666e-09
4.9046982570e-07 -6.6737012383e-10
2.1769426751e-07 -6.1337399876e-10
-5.2359891806e-07 -3.1067470751e-10
-1.7334097309e-06 2.4072774995e-10
-1.0728991212e-06 3.7593426905e-10
3.1635140869e-07 2.3760362562e-10
1.2065209510e-06 1.3710187773e-10
1.5976095058e-06 7.4429025370e-11
1.4896170730e-06 4.9585068537e-11
8.8254365274e-07 6.2570007235e-11
-2.2361075520e-07 1.1338384146e-10
-8.0572621079e-07 2.8765261332e-11
1.6330351199e-06 -5.2212266772e-10
2.9882736397e-06 -7.8402339766e-10
3.2599893486e-06 -7.5693692851e-10
2.4481822463e-06 -4.4086326026e-10
1.9350826837e-07 2.6673005909e-09
8.1340283033e-07 3.0433378609e-09
5.8660464307e-07 2.9525621964e-09
-4.8688629335e-07 2.3949735974e-09
-2.4070699790e-06 1.3705720639e-09
-1.5991434144e-06 1.7653224224e-09
1.1333957945e-06 3.2040482888e-09
2.8553711740e-06 4.1522893120e-09
3.5667827244e-06 4.6100454919e-09
3.2676304455e-06 4.5773168285e-09
1.9579143373e-06 4.0541033219e-09
-3.6236560024e-07 3.0404049720e-09
-3.1036042146e-06 1.6036770379e-09
-1.5023092636e-06 6.6286049814e-10
-3.6953193979e-07 -2.9252875374e-11
2.9472775664e-07 -4.7266308270e-10
-1.2504737715e-05 -1.0157796562e-09
-1.1694248938e-05 -1.0165382361e-09
-8.9476561371e-06 -8.7477600528e-10
-4.2649593114e-06 -5.9049296369e-10
2.3538415389e-06 -1.6368911134e-10
6.4085280439e-06 -5.5545295969e-10
5.3959516048e-06 -1.7854053396e-09
4.3121071853e-06 -2.5901478079e-09
3.1569947852e-06 -2.9696803646e-09
1.9306144047e-06 -2.9240030097e-09
6.3296604377e-07 -2.4531157431e-09
-7.3595029763e-07 -1.5570185649e-09
-2.1761346195e-06 -2.3571147510e-10
-6.7463319128e-06 -1.2616888260e-09
-3.5863591032e-06 5.1478724747e-10
-1.2730790428e-06 1.8244503864e-09
5.1839465887e-06 -2.3887643011e-09
4.1055991323e-06 -3.1851941518e-09
2.9215562539e-06 -3.4191171918e-09
1.6318179533e-06 -3.0905334212e-09
2.3638423061e-07 -2.1994428399e-09
-1.2647449141e-06 -7.4584544787e-10
4.6340003784e-08 1.2293039240e-09
5.5668029655e-06 2.8988526535e-09
9.0951270747e-06 3.9550446727e-09
1.0631312331e-05 4.3978799818e-09
1.0175358736e-05 4.2273585807e-09
7.7272662875e-06 3.4434804694e-09
3.2870349869e-06 2.0462456479e-09
-3.1453351661e-06 3.5654116212e-11
-8.3174031936e-06 -5.8670006403e-10
-1.1379122466e-05 -8.7250026548e-10
2.1839469754e-06 1.6579551774e-09
7.0349400805e-06 2.9532517522e-09
9.8874809250e-06 3.7026469292e-09
1.0741569509e-05 3.9061407084e-09
9.5972058313e-06 3.5637330898e-09
6.4543898933e-06 2.6754240734e-09
1.3131216946e-06 1.2412136591e-09
-5.2702954204e-06 -2.4941167861e-10
-9.6348152006e-06 -3.4859690987e-10
-1.2051838087e-05 -3.8486605416e-10
-1.2521364081e-05 -3.5821911147e-10
-1.1043393181e-05 -2.6865608181e-10
-7.6179253874e-06 -1.1617696519e-10
-2.2449607006e-06 9.9218238415e-11
5.0755008797e-06 3.7752952899e-10
6.1565986230e-06 -1.0298276398e-09
-9.2328510276e-07 1.0369929731e-10
-7.0215968143e-06 -5.7268919140e-10
-1.0731082097e-05 -4.1095420934e-10
-1.2486001201e-05 -2.5500705560e-10
-1.2286354124e-05 -1.0484773019e-10
-1.0132140869e-05 3.9523766905e-11
-6.0233614330e-06 1.7810743568e-10
3.9984182258e-08 3.1090327612e-10
6.7512650012e-06 1.5065885657e-10
5.8309431374e-06 -1.5502542306e-09
4.8099481226e-06 -2.6992656623e-09
3.6882799567e-06 -3.2963754386e-09
2.4659386399e-06 -3.3415835595e-09
1.1429241720e-06 -2.8348900250e-09
-2.8076344683e-07 -1.7762948351e-09
-1.8051242167e-06 -1.6579798976e-10
-4.1983456523e-06 4.1104256227e-10
2.5432888087e-06 2.8692918972e-10
6.4251351259e-06 -9.5948683612e-10
5.4744209380e-06 -2.8562752906e-09
4.4240581740e-06 -4.0716918977e-09
3.2740468339e-06 -4.6057366573e-09
2.0243869176e-06 -4.4584095695e-09
6.7507842520e-07 -3.6297106342e-09
-7.7387864335e-07 -2.1196398515e-09
-2.0596562479e-06 4.9311356271e-11
4.1160032989e-06 1.5598667088e-09
8.2872225750e-06 2.5694935125e-09
1.0454001581e-05 3.0781917673e-09
1.0616340316e-05 3.0859614731e-09
8.7742387800e-06 2.5928026301e-09
4.9276969740e-06 1.5987152382e-09
1.5650734969e-06 -3.5919539924e-09
1.7544108840e-07 -2.5671666713e-09
-1.3098801751e-06 -9.0798423754e-10
2.8209195427e-07 1.0797200127e-09
5.7936355736e-06 2.3983853923e-09
9.2936547137e-06 3.2014246090e-09
1.0782149375e-05 3.4888376628e-09
1.0259119556e-05 3.2606245538e-09
7.7245652589e-06 2.5167852820e-09
3.1784864822e-06 1.2573198474e-09
-3.3791167737e-06 -5.1777175012e-10
-8.5202727398e-06 -2.9703115073e-10
-1.1574053351e-05 2.1735668636e-11
-1.2668750948e-05 2.5192644962e-10
-1.1804365531e-05 3.9354119222e-10
-8.9808970988e-06 4.4657989643e-10
1.1477077553e-05 3.0282242830e-09
1.0155424368e-05 2.7135575368e-09
6.7231288601e-06 1.9593733351e-09
1.1801910277e-06 7.6567167794e-10
-5.7038159335e-06 -2.7934679272e-10
-1.0017864860e-05 6.4142438693e-11
-1.2366353191e-05 3.2567713268e-10
-1.2749280926e-05 5.0525728925e-10
-1.1166648065e-05 6.0288290840e-10
-7.6184546095e-06 6.1855399012e-10
-2.1047005581e-06 5.5227053442e-10
5.3746140889e-06 4.0403254129e-10
6.1667145803e-06 -1.3471521506e-09
5.1598375921e-06 -2.8599452800e-09
4.0572717488e-06 -3.7383432968e-09
2.8590170504e-06 -3.9823462009e-09
-1.2311428298e-05 3.3647523205e-10
-1.2010167685e-05 4.6974253257e-10
-9.8056093578e-06 5.3494627088e-10
-5.6977533174e-06 5.3208644697e-10
3.1340043660e-07 4.6116306085e-10
6.6169283022e-06 4.5785043317e-11
5.4998093260e-06 -1.5093633652e-09
4.3569396177e-06 -2.5564183223e-09
3.1883191773e-06 -3.0953798280e-09
1.9939480048e-06 -3.1262478822e-09
7.7382610033e-07 -2.6490224851e-09
-4.7204653624e-07 -1.6637036364e-09
-1.7436699049e-06 -1.7029133641e-10
2.7781831623e-06 1.3351197885e-09
7.7884569499e-06 2.3390054088e-09
1.0688088413e-05 2.9033735737e-09
5.1491388384e-06 -1.6070559243e-09
4.0168823197e-06 -2.2875936884e-09
2.8481137608e-06 -2.5593513379e-09
1.6428331618e-06 -2.4223288727e-09
4.0104052266e-07 -1.8765262929e-09
-8.7726415661e-07 -9.2194359847e-10
-1.6717859108e-06 4.3373219905e-10
4.6135360209e-06 1.6427546217e-09
8.8272634267e-06 2.4407733607e-09
1.0969396306e-05 2.8277884162e-09
1.1039934660e-05 2.8037997882e-09
9.0388784870e-06 2.3688074766e-09
4.9662277883e-06 1.5228114814e-09
-1.1780174366e-06 2.6581180264e-10
-7.2040563841e-06 -1.3425005562e-10
-1.0709391198e-05 1.3514436933e-10
7.4688713389e-07 4.3188193713e-10
6.3267290531e-06 1.1316408885e-09
9.8309523543e-06 1.5459812190e-09
1.1259557037e-05 1.6749029288e-09
1.0612543103e-05 1.5184060178e-09
7.8899105496e-06 1.0764904859e-09
3.0916593786e-06 3.4915633330e-10
-3.7822104104e-06 -6.6359644012e-10
-8.6497184370e-06 -4.5537870832e-10
-1.1508362178e-05 -2.2830859918e-10
-1.2460328585e-05 -4.7647133364e-11
-1.1505617657e-05 8.6605689146e-11
-8.6442293947e-06 1.7444986835e-10
-3.8761637975e-06 2.1588540423e-10
2.7985791344e-06 2.1091229681e-10
6.2448833169e-06 -5.1773804550e-10
9.7549448001e-07 -1.3259196029e-10
-5.6987397872e-06 -6.0677253414e-10
-9.8316458108e-06 6.7707384316e-13
-1.2053532497e-05 4.4774478111e-10
-1.2364399846e-05 7.3443058766e-10
-1.0764247857e-05 8.6073449349e-10
-7.2530765309e-06 8.2665649861e-10
-1.8308858673e-06 6.3219660302e-10
5.5023241337e-06 2.7735480671e-10
5.8543476662e-06 -9.6246694740e-10
4.7545063531e-06 -1.9598631363e-09
3.6174453265e-06 -2.5449750089e-09
2.4431645868e-06 -2.7178025654e-09
1.2316641337e-06 -2.4783458056e-09
-1.7056032708e-08 -1.8266047295e-09
-1.3029959124e-06 -7.6257933727e-10
-4.6515984583e-06 3.6425301291e-09
6.5651032470e-07 2.5528396867e-09
5.9255226467e-06 7.6798791085e-10
5.1006364515e-06 -1.1798208571e-09
4.1853739767e-06 -2.5355462141e-09
3.1797352220e-06 -3.2991881602e-09
2.0837201875e-06 -3.4707466953e-09
8.9732887335e-07 -3.0502218195e-09
-3.7943872059e-07 -2.0376135327e-09
-1.7465825943e-06 -4.3292183500e-10
2.8533055366e-06 6.1669712034e-10
7.6994184124e-06 1.1288955099e-09
1.0481898734e-05 1.3862619382e-09
1.1200746502e-05 1.3887964054e-09
9.8559617153e-06 1.1364989113e-09
6.4475443747e-06 6.2936945612e-10
-3.2994139514e-06 2.9616822324e-10
-5.4983779353e-06 -1.1886171428e-09
-6.3947432829e-06 -2.8732539815e-09
-4.1791241684e-06 -3.7354805408e-09
-2.6895375091e-06 -4.0978543977e-09
-1.9259833049e-06 -3.9603755522e-09
-1.8884615557e-06 -3.3230440042e-09
-2.5769722617e-06 -2.1858597539e-09
-3.9915154228e-06 -5.4882280107e-10
-6.1320910389e-06 1.5880668541e-09
-4.4398742223e-06 2.8997987511e-09
-2.6536385925e-06 3.6171190437e-09
-1.3787104992e-06 3.8616202075e-09
-6.1508994238e-07 3.6333022422e-09
-3.6277692188e-07 2.9321651479e-09
-6.2177143775e-07 1.7582089247e-09
-1.4126830480e-05 6.4562134691e-09
-1.0185374890e-05 4.5430557459e-09
-3.5067026444e-06 1.8550909885e-09
6.7442014282e-07 2.2898892608e-10
