1.1906733329e-01
2.2982904200e-01
3.3318803515e-01
4.2917896855e-01
5.1783055649e-01
5.9916660074e-01
6.7320559043e-01
7.3996452169e-01
7.9945663571e-01
8.5169433286e-01
8.9668470572e-01
9.3443650340e-01
9.6495240959e-01
9.8823670826e-01
1.0042861777e+00
1.0131063515e+00
1.0146860000e+00
1.0090191802e+00
9.9609740236e-01
9.7589902727e-01
9.4839713827e-01
9.1355909171e-01
8.7132623153e-01
8.2161296250e-01
7.6429480753e-01
6.9912210049e-01
6.2572843294e-01
5.4333824434e-01
4.5033934112e-01
3.4251055473e-01
2.0604029750e-01
