1.7559209538e-05 -3.9358295271e-08
1.7559209973e-05 -3.9358025720e-08
3.7325300193e-05 -1.0079865859e-05
6.0411557496e-01 -3.3260249576e-04
1.1953897790e+00 -1.2671359265e-03
1.2906024148e+00 -9.9624299863e-03
1.7738401715e+00 -2.8036396504e-03
2.3394667522e+00 -4.9421136676e-03
2.4693888514e+00 -3.5042456240e-02
2.8923312482e+00 -7.6813152370e-03
3.4329032529e+00 -1.1074961921e-02
3.5363966231e+00 -7.5250164817e-02
3.9612470209e+00 -1.5133262041e-02
4.4773802227e+00 -1.9753859287e-02
4.4946135780e+00 -1.3024123422e-01
4.9812598023e+00 -2.4975302149e-02
5.3953203937e+00 -1.8784105369e-01
5.4732459296e+00 -3.0830638185e-02
5.9534187628e+00 -3.7295895456e-02
6.2364712474e+00 -2.4321773320e-01
6.4217524593e+00 -4.4404603894e-02
6.8783529025e+00 -5.2127114376e-02
7.0160137922e+00 -3.0157660197e-01
7.3235574614e+00 -6.0518650726e-02
7.7462493876e+00 -3.6566132545e-01
7.7574294131e+00 -6.9568043614e-02
8.1798372302e+00 -7.9179996735e-02
8.4266996794e+00 -4.2868163747e-01
8.5908895051e+00 -8.9377808905e-02
8.9909737492e+00 -1.0021455154e-01
9.0601485013e+00 -4.8670782082e-01
9.3800894408e+00 -1.1167832016e-01
9.6534565033e+00 -5.4182077340e-01
9.7582365801e+00 -1.2376911477e-01
1.0125425592e+01 -1.3648889109e-01
1.0211692581e+01 -5.9507561595e-01
1.0481950169e+01 -1.4980482622e-01
1.0734856736e+01 -6.4647234849e-01
1.0827887313e+01 -1.6368741650e-01
1.1163237024e+01 -1.7813666193e-01
1.1224877101e+01 -6.9466532438e-01
1.1487999304e+01 -1.9315256250e-01
1.1682767773e+01 -7.3817328802e-01
1.1802407684e+01 -2.0872757299e-01
1.2106567756e+01 -2.2491244488e-01
1.2114144847e+01 -7.7820439833e-01
1.2400356911e+01 -2.4160600679e-01
1.2518848685e+01 -8.1477934330e-01
1.2683929688e+01 -2.5876742100e-01
1.2896379574e+01 -8.4783059437e-01
1.2957307849e+01 -2.7640455090e-01
1.3220716537e+01 -2.9456892029e-01
1.3249469524e+01 -8.7783330383e-01
1.3474212819e+01 -3.1326575753e-01
1.3580085648e+01 -9.0396332250e-01
1.3717874381e+01 -3.3244433735e-01
1.3889785609e+01 -9.2671903667e-01
1.3951621564e+01 -3.5198883638e-01
1.4175445391e+01 -3.7190670587e-01
1.4178569407e+01 -9.4610044633e-01
1.4389545567e+01 -3.9221885397e-01
1.4446675542e+01 -9.6219059154e-01
1.4593999708e+01 -4.1292171328e-01
1.4696424144e+01 -9.7558697832e-01
1.4788807815e+01 -4.3401528379e-01
1.4928030840e+01 -9.8609569628e-01
1.4973949858e+01 -4.5542045561e-01
1.5142456262e+01 -9.9367753435e-01
1.5149295888e+01 -4.7706488474e-01
1.5315055108e+01 -4.9892227169e-01
1.5340229354e+01 -9.9866589528e-01
1.5471247982e+01 -5.2099559777e-01
1.5521787748e+01 -1.0009658299e+00
1.5617873910e+01 -5.4329052162e-01
1.5688288533e+01 -1.0010073537e+00
1.5754928218e+01 -5.6577694233e-01
1.5839792285e+01 -9.9887110732e-01
1.5882420627e+01 -5.8838160895e-01
1.5976494092e+01 -9.9462914620e-01
1.6000212899e+01 -6.1097742049e-01
1.6099303132e+01 -9.8851587133e-01
1.6108304405e+01 -6.3352765287e-01
1.6206695146e+01 -6.5603230609e-01
1.6208736074e+01 -9.8039112417e-01
1.6295387514e+01 -6.7847398809e-01
1.6305551142e+01 -9.7078703108e-01
1.6374429194e+01 -7.0082711984e-01
1.6389773494e+01 -9.5965985999e-01
1.6443542847e+01 -7.2305100991e-01
1.6461269743e+01 -9.4693758731e-01
1.6502570242e+01 -7.4489995725e-01
1.6520366856e+01 -9.3306750216e-01
1.6551511381e+01 -7.6637396188e-01
1.6567682045e+01 -9.1781247061e-01
1.6590418982e+01 -7.8742243837e-01
1.6603811422e+01 -9.0161473557e-01
1.6619224453e+01 -8.0807626780e-01
1.6628789221e+01 -8.8454808220e-01
1.6637772265e+01 -8.2835501970e-01
1.6642625796e+01 -8.6661841041e-01
1.6645591447e+01 -8.4789355635e-01
