-2.5455501884e-06 -1.3196326932e-07
2.8596005412e-01 1.0202429899e-03
5.6639254346e-01 4.0337569571e-03
8.4118357871e-01 8.9683149039e-03
1.1102707748e+00 1.5749348152e-02
1.3735677220e+00 2.4325280545e-02
1.6309789962e+00 3.4601015069e-02
1.8824411404e+00 4.6531954942e-02
2.1278335744e+00 6.0034069758e-02
2.3671030092e+00 7.5040738259e-02
2.6001488344e+00 9.1488191816e-02
2.8268721125e+00 1.0929797162e-01
3.0472330317e+00 1.2841034310e-01
3.2611086764e+00 1.4874615404e-01
3.4684301388e+00 1.7024210426e-01
3.6691453039e+00 1.9282667915e-01
3.8631283264e+00 2.1641935275e-01
4.0503509066e+00 2.4096681015e-01
4.2307227563e+00 2.6638026668e-01
4.4041743993e+00 2.9260181181e-01
4.5706414133e+00 3.1955195244e-01
4.7300496026e+00 3.4715660318e-01
4.8823872646e+00 3.7534787697e-01
5.0275532300e+00 4.0405483651e-01
5.1655045230e+00 4.3319579725e-01
5.2962201215e+00 4.6270436184e-01
5.4196313288e+00 4.9250843264e-01
5.5357138620e+00 5.2252794776e-01
5.6444288942e+00 5.5268973008e-01
5.7457725587e+00 5.8292941516e-01
5.8396818239e+00 6.1316314018e-01
5.9261721058e+00 6.4331946256e-01
6.0052316217e+00 6.7333031840e-01
6.0768340230e+00 7.0311438695e-01
6.1410045036e+00 7.3260262851e-01
6.1977435855e+00 7.6172642132e-01
6.2470423505e+00 7.9040220974e-01
6.2889590023e+00 8.1856709898e-01
6.3234851543e+00 8.4615066677e-01
6.3506731218e+00 8.7307346021e-01
6.3705503281e+00 8.9926899550e-01
6.3831703343e+00 9.2467781336e-01
6.3885650754e+00 9.4921404521e-01
6.3868311481e+00 9.7281657981e-01
6.3780046373e+00 9.9542487002e-01
6.3621682129e+00 1.0169688197e+00
6.3394008282e+00 1.0373801247e+00
6.3097894582e+00 1.0566019192e+00
6.2734099500e+00 1.0745675287e+00
6.2303875112e+00 1.0912185504e+00
6.1808243753e+00 1.1064976602e+00
6.1248341312e+00 1.1203523384e+00
6.0625364296e+00 1.1327197984e+00
5.9940627899e+00 1.1435521148e+00
5.9195420920e+00 1.1528014329e+00
5.8391019462e+00 1.1604054336e+00
5.7529294945e+00 1.1663342942e+00
5.6611518838e+00 1.1705468339e+00
5.5639519625e+00 1.1729907309e+00
5.4614642741e+00 1.1736311814e+00
5.3538836151e+00 1.1724438622e+00
5.2413851521e+00 1.1693898078e+00
5.1241761698e+00 1.1644424753e+00
5.0024119448e+00 1.1575803357e+00
4.8763394082e+00 1.1487803062e+00
4.7461338050e+00 1.1380304037e+00
4.6120088216e+00 1.1253231667e+00
4.4742107358e+00 1.1106463965e+00
4.3329100064e+00 1.0939989576e+00
4.1883979297e+00 1.0753815191e+00
4.0408581212e+00 1.0548129664e+00
3.8905671971e+00 1.0323023880e+00
3.7377683744e+00 1.0078634586e+00
3.5827053661e+00 9.8153577890e-01
3.4256668857e+00 9.5334546181e-01
3.2669156555e+00 9.2333377659e-01
3.1066999779e+00 8.9154861042e-01
2.9453411711e+00 8.5805622971e-01
2.7831361906e+00 8.2289798996e-01
2.6203757486e+00 7.8618226343e-01
2.4573860555e+00 7.4795658306e-01
2.2944931554e+00 7.0833850229e-01
2.1320577111e+00 6.6744106283e-01
1.9704391199e+00 6.2536621682e-01
1.8100190697e+00 5.8224692341e-01
1.6512178079e+00 5.3826623193e-01
1.4944807056e+00 4.9356576311e-01
1.3402362983e+00 4.4831530221e-01
1.1890380245e+00 4.0276514911e-01
1.0414578578e+00 3.5715225438e-01
8.9814201015e-01 3.1172754785e-01
7.5975957493e-01 2.6685217714e-01
6.2715731685e-01 2.2283261934e-01
5.0134041759e-01 1.8012054397e-01
3.8354353057e-01 1.3937153102e-01
2.7523804573e-01 1.0109271932e-01
1.7831601804e-01 6.6148365772e-02
9.5818170841e-02 3.5859028938e-02
3.2362139701e-02 1.1901405963e-02
-1.8886258388e-06 -2.4770217086e-08
