-3.6967848143e-06 1.6644166878e-07
2.8737801873e-01 -1.3876758879e-04
5.6906681552e-01 -5.3881486970e-04
8.4506269361e-01 -1.1999754011e-03
1.1153656530e+00 -2.1222491829e-03
1.3800049520e+00 -3.3021019131e-03
1.6391090324e+00 -4.7265566518e-03
1.8926867188e+00 -6.3955542518e-03
2.1407274206e+00 -8.3074838460e-03
2.3832604248e+00 -1.0449117111e-02
2.6203249606e+00 -1.2822242158e-02
2.8519252790e+00 -1.5423641116e-02
3.0781474806e+00 -1.8250185644e-02
3.2990243030e+00 -2.1317326705e-02
3.5145472893e+00 -2.4603867863e-02
3.7247126110e+00 -2.8080279176e-02
3.9295601491e+00 -3.1766478190e-02
4.1291754491e+00 -3.5654757148e-02
4.3235614807e+00 -3.9738991505e-02
4.5127144414e+00 -4.4022082448e-02
4.6966314664e+00 -4.8509172970e-02
4.8753866250e+00 -5.3177274244e-02
5.0489790695e+00 -5.8018037134e-02
5.2174210416e+00 -6.3026195109e-02
5.3807125413e+00 -6.8201748170e-02
5.5389205118e+00 -7.3540451231e-02
5.6920639413e+00 -7.9033406662e-02
5.8401401558e+00 -8.4680443225e-02
5.9831493088e+00 -9.0475580275e-02
6.1211116208e+00 -9.6409823204e-02
6.2540675467e+00 -1.0246626673e-01
6.3820140134e+00 -1.0864311072e-01
6.5049497318e+00 -1.1494228062e-01
6.6228730062e+00 -1.2135284075e-01
6.7358412365e+00 -1.2786300384e-01
6.8438595673e+00 -1.3446985491e-01
6.9469010325e+00 -1.4115824181e-01
7.0449680762e+00 -1.4792967618e-01
7.1381039367e+00 -1.5476859108e-01
7.2262957666e+00 -1.6165904031e-01
7.3095444239e+00 -1.6860124624e-01
7.3878649190e+00 -1.7559727677e-01
7.4612397137e+00 -1.8263631960e-01
7.5296803338e+00 -1.8968684918e-01
7.5931982804e+00 -1.9674504805e-01
7.6517688023e+00 -2.0381097327e-01
7.7053942532e+00 -2.1088350704e-01
7.7540776719e+00 -2.1793270320e-01
7.7977953620e+00 -2.2494733200e-01
7.8365605080e+00 -2.3192667207e-01
7.8703876261e+00 -2.3886606007e-01
7.8992119107e+00 -2.4573705549e-01
7.9230640714e+00 -2.5252698621e-01
7.9419105085e+00 -2.5923863353e-01
7.9557568010e+00 -2.6586765567e-01
7.9645736417e+00 -2.7237691310e-01
7.9683377032e+00 -2.7875799615e-01
7.9670489853e+00 -2.8501090482e-01
7.9606846349e+00 -2.9112854833e-01
7.9491983233e+00 -2.9707523066e-01
7.9325871722e+00 -3.0284332442e-01
7.9108511817e+00 -3.0843282960e-01
7.8839504883e+00 -3.1383157594e-01
7.8518368617e+00 -3.1899202466e-01
7.8145017329e+00 -3.2391447637e-01
7.7719105443e+00 -3.2861660797e-01
7.7240633131e+00 -3.3305918677e-01
7.6708488167e+00 -3.3721425683e-01
7.6122760529e+00 -3.4107965068e-01
7.5483773884e+00 -3.4464560261e-01
7.4790042762e+00 -3.4788782876e-01
7.4041726180e+00 -3.5076222561e-01
7.3238326579e+00 -3.5329508437e-01
7.2379828801e+00 -3.5548082489e-01
7.1465122223e+00 -3.5725671381e-01
7.0493661060e+00 -3.5860583555e-01
6.9465445314e+00 -3.5952819013e-01
6.8380226517e+00 -3.6002381805e-01
6.7236638315e+00 -3.6004338484e-01
6.6034477301e+00 -3.5957069884e-01
6.4773743475e+00 -3.5860576004e-01
6.3453697369e+00 -3.5713576130e-01
6.2072937066e+00 -3.5507912298e-01
6.0631404315e+00 -3.5242931512e-01
5.9128580775e+00 -3.4923574148e-01
5.7564338495e+00 -3.4542245237e-01
5.5936310135e+00 -3.4096035782e-01
5.4244894957e+00 -3.3583537031e-01
5.2490300137e+00 -3.3003928809e-01
5.0670201901e+00 -3.2352900673e-01
4.8784332084e+00 -3.1622589095e-01
4.6832206468e+00 -3.0819702291e-01
4.4813530950e+00 -2.9940763583e-01
4.2726018072e+00 -2.8975833524e-01
4.0569238283e+00 -2.7924846323e-01
3.8343636322e+00 -2.6786272052e-01
3.6046968694e+00 -2.5553688588e-01
3.3678395545e+00 -2.4224429418e-01
3.1237626550e+00 -2.2800445222e-01
2.8724041580e+00 -2.1278974641e-01
