3.9690332921e+02
3.9809055887e+02
5.5138657652e+02
3.9922159010e+02
5.4993022594e+02
4.0029528402e+02
5.4825939041e+02
4.0131055953e+02
5.4664146081e+02
4.0226639432e+02
5.4507806626e+02
4.0316182596e+02
5.4357078098e+02
4.0399595281e+02
5.4212112267e+02
4.0476793499e+02
5.4073055100e+02
4.0549757622e+02
5.3940046618e+02
4.0629429053e+02
5.3813220748e+02
4.0703388425e+02
5.3668415994e+02
4.0771561268e+02
5.3517633816e+02
4.0833878936e+02
5.3371696311e+02
4.0890278683e+02
5.3230750423e+02
4.0997381832e+02
5.3077904294e+02
4.1206513503e+02
5.2759360350e+02
4.1408574042e+02
5.2447511591e+02
4.1603359991e+02
5.2142672020e+02
4.1790675218e+02
5.1903129225e+02
4.1970331112e+02
5.1747238463e+02
4.2142146774e+02
5.1591693970e+02
4.2305949202e+02
5.1436652367e+02
4.2402113931e+02
5.1282269767e+02
4.2488795108e+02
5.1128701620e+02
4.2625600603e+02
4.2772601244e+02
5.0976102557e+02
4.2917921356e+02
5.0824626232e+02
4.3061414615e+02
5.0674425168e+02
4.3202936535e+02
5.0527485579e+02
4.3342344616e+02
5.0393499159e+02
4.3479498485e+02
5.0260954378e+02
4.3614260040e+02
5.0129984699e+02
4.3746493587e+02
5.0000721995e+02
4.3867864043e+02
4.9810137945e+02
4.3954351227e+02
4.9593100721e+02
4.4045457050e+02
4.9377601526e+02
4.4147758762e+02
4.9163857349e+02
4.4283955653e+02
4.8952083413e+02
4.4472705458e+02
4.8742492956e+02
4.4661733365e+02
4.8535297017e+02
4.4850849040e+02
4.8330704227e+02
4.5039862058e+02
4.8128920591e+02
4.5228582100e+02
4.7930149289e+02
4.5416819141e+02
4.7734590468e+02
4.5604383642e+02
4.7542441037e+02
4.5791086741e+02
4.7353894476e+02
4.5976740444e+02
4.7185035289e+02
4.6161157814e+02
4.7058254419e+02
4.6344153157e+02
4.6882772695e+02
4.6525542214e+02
4.6705142341e+02
