3.0447158613e+02
3.0470741537e+02
3.0494324462e+02
3.0517901546e+02
3.0541419247e+02
3.0564936948e+02
3.0588454650e+02
3.0611972351e+02
3.0635490052e+02
3.0659007753e+02
3.0682525455e+02
3.0706073594e+02
3.0729638721e+02
3.0753203848e+02
3.0776768975e+02
3.0800334103e+02
2.9976154187e+02
2.9999704023e+02
3.0023258332e+02
3.0046812642e+02
3.0070366952e+02
3.0093921261e+02
3.0117475571e+02
3.0141029880e+02
3.0164584190e+02
3.0188111104e+02
3.0211637603e+02
3.0235164101e+02
3.0258690600e+02
3.0282217099e+02
3.0305743598e+02
3.0423575688e+02
2.9222615336e+02
2.9246163232e+02
2.9269711128e+02
2.9293259921e+02
2.9316811825e+02
2.9340363730e+02
2.9363915634e+02
2.9387467538e+02
2.9411019443e+02
2.9434571347e+02
2.9458123251e+02
2.9481667981e+02
2.9505210640e+02
2.9528753300e+02
2.9552295959e+02
2.9575838619e+02
2.8845883435e+02
2.8869431976e+02
2.8892980518e+02
2.8916529059e+02
2.8940076931e+02
2.8963619867e+02
2.8987162804e+02
2.9010705740e+02
2.9034248676e+02
2.9057791613e+02
2.9081334549e+02
2.9104877486e+02
2.9128423753e+02
2.9151971649e+02
2.9175519545e+02
2.9199067440e+02
2.8469126822e+02
2.8492668115e+02
2.8516209409e+02
2.8539750703e+02
2.8563291996e+02
2.8586833431e+02
2.8610384131e+02
2.8633934832e+02
2.8657485533e+02
2.8681036234e+02
2.8704586934e+02
2.8728137635e+02
2.8751688336e+02
2.8775237812e+02
2.8798786353e+02
2.8822334894e+02
2.8092362310e+02
2.8115910327e+02
2.8139458344e+02
2.8163006361e+02
2.8186554378e+02
2.8210102395e+02
2.8233650412e+02
2.8257199993e+02
2.8280749728e+02
2.8304299464e+02
2.8327849199e+02
2.8351398934e+02
2.8374948670e+02
2.8398498405e+02
2.8422044234e+02
2.8445585528e+02
2.7715599167e+02
2.7739148381e+02
2.7762697596e+02
2.7786246810e+02
2.7809796025e+02
2.7833345239e+02
2.7856894453e+02
2.7880443668e+02
2.7903990430e+02
2.7927536602e+02
2.7951082773e+02
2.7974628945e+02
2.7998175117e+02
2.8021721288e+02
2.8045267460e+02
2.8068814293e+02
2.7338870797e+02
2.7362416773e+02
2.7385962402e+02
2.7409508031e+02
2.7433053659e+02
2.7456599288e+02
2.7480144917e+02
2.7503690545e+02
2.7527236174e+02
2.7550781525e+02
2.7574326758e+02
2.7597871991e+02
2.7621417224e+02
2.7644962458e+02
2.7668507691e+02
2.7692052924e+02
2.6962108132e+02
2.6985649032e+02
2.7009190379e+02
2.7032741265e+02
2.7056292151e+02
2.7079843036e+02
2.7103393922e+02
2.7126944808e+02
2.7150495694e+02
2.7174046580e+02
2.7197594572e+02
2.7221140609e+02
2.7244686647e+02
2.7268232684e+02
2.7291778722e+02
2.7315324759e+02
2.6585359691e+02
2.6608908042e+02
2.6632456393e+02
2.6656004744e+02
2.6679555083e+02
2.6703105549e+02
2.6726656015e+02
2.6750206481e+02
2.6773756946e+02
2.6797307412e+02
2.6820857878e+02
2.6844403632e+02
2.6867944532e+02
2.6891485432e+02
2.6915026332e+02
2.6938567232e+02
2.6208613511e+02
2.6232163449e+02
2.6255713387e+02
2.6279263324e+02
2.6302813262e+02
2.6326358053e+02
2.6349901833e+02
2.6373445613e+02
2.6396989393e+02
2.6420533173e+02
2.6444076953e+02
2.6467620733e+02
2.6491166287e+02
2.6514714638e+02
2.6538262989e+02
2.6561811340e+02
2.5831869033e+02
2.5855415612e+02
2.5878962191e+02
2.5902508770e+02
2.5926055349e+02
2.5949601928e+02
2.5973147347e+02
2.5996692339e+02
2.6020237332e+02
2.6043782325e+02
2.6067327317e+02
2.6090872310e+02
2.6114417303e+02
2.6137963698e+02
2.6161513635e+02
2.6185063573e+02
2.5455104307e+02
2.5478656995e+02
2.5502209684e+02
2.5525762372e+02
2.5549315060e+02
2.5572867748e+02
2.5596420437e+02
2.5619967656e+02
2.5643511620e+02
2.5667055585e+02
2.5690599549e+02
2.5714143514e+02
2.5737687478e+02
2.5761231442e+02
2.5784775875e+02
2.5808322454e+02
2.5078358113e+02
2.5101909378e+02
2.5125460852e+02
2.5149012325e+02
2.5172563799e+02
2.5196115273e+02
2.5219666747e+02
2.5243218220e+02
2.5266764189e+02
2.5290305125e+02
2.5313846061e+02
2.5337386998e+02
2.5360927934e+02
2.5384468870e+02
2.5408009806e+02
2.5431551619e+02
2.4701618288e+02
2.4725164787e+02
2.4748712539e+02
2.4772260486e+02
2.4795808433e+02
2.4819356380e+02
2.4842904327e+02
2.4866452274e+02
2.4890000220e+02
2.4913546720e+02
2.4937091205e+02
2.4960635690e+02
2.4984180174e+02
2.5007724659e+02
2.5031269143e+02
2.5054813628e+02
2.4324872260e+02
2.4348414479e+02
2.4371956698e+02
2.4395503363e+02
2.4419051423e+02
2.4442599484e+02
2.4466147544e+02
2.4489695604e+02
2.4513243664e+02
2.4536791724e+02
2.4560339295e+02
2.4583885794e+02
2.4607432292e+02
2.4630978791e+02
2.4654525290e+02
2.4678071789e+02
2.3948126531e+02
2.3971678578e+02
2.3995230625e+02
2.4018782671e+02
2.4042331559e+02
2.4065878795e+02
2.4089426031e+02
2.4112973267e+02
2.4136520504e+02
2.4160067740e+02
2.4183614976e+02
2.4207161164e+02
2.4230703383e+02
2.4254245602e+02
2.4277787821e+02
2.4301330040e+02
2.3571375462e+02
2.3594927400e+02
2.3618479337e+02
2.3642031275e+02
2.3665583212e+02
2.3689129190e+02
2.3712670335e+02
2.3736211480e+02
2.3759752625e+02
2.3783293771e+02
2.3806834916e+02
2.3830376061e+02
2.3853918345e+02
2.3877470392e+02
2.3901022438e+02
2.3924574485e+02
3.4968242292e+02
3.4991804253e+02
3.5015366213e+02
3.5038928174e+02
3.5062490135e+02
3.5086043714e+02
3.5109586956e+02
3.5133130198e+02
3.5156673441e+02
3.5180216683e+02
3.5203759925e+02
3.5227303167e+02
3.5250846409e+02
2.3500719650e+02
2.3524271587e+02
2.3547823525e+02
3.4591534819e+02
3.4615075999e+02
3.4638617178e+02
3.4662158358e+02
3.4685699537e+02
3.4709240717e+02
3.4732781363e+02
3.4756320989e+02
3.4779860615e+02
3.4803400240e+02
3.4826939866e+02
3.4850479492e+02
3.4874019118e+02
3.4897558744e+02
3.4921118371e+02
3.4944680331e+02
3.4214731946e+02
3.4238271630e+02
3.4261811315e+02
3.4285351000e+02
3.4308890685e+02
3.4332430369e+02
3.4355970054e+02
3.4379515037e+02
3.4403076908e+02
3.4426638780e+02
3.4450200651e+02
3.4473762522e+02
3.4497324394e+02
3.4520886265e+02
3.4544448136e+02
3.4567993639e+02
3.3837920782e+02
3.3861473570e+02
3.3885036101e+02
3.3908598631e+02
3.3932161161e+02
3.3955723691e+02
3.3979286222e+02
3.4002848752e+02
3.4026408326e+02
3.4049948851e+02
3.4073489375e+02
3.4097029900e+02
3.4120570424e+02
3.4144110949e+02
3.4167651473e+02
3.4191191998e+02
3.3461246675e+02
3.3484809566e+02
3.3508361828e+02
3.3531902466e+02
3.3555443104e+02
3.3578983741e+02
3.3602524379e+02
3.3626065017e+02
3.3649605655e+02
3.3673146250e+02
3.3696685469e+02
3.3720224688e+02
3.3743763907e+02
3.3767303126e+02
3.3790842344e+02
3.3814381563e+02
3.3084467887e+02
3.3108009353e+02
3.3131550820e+02
3.3155091704e+02
3.3178631610e+02
3.3202171516e+02
3.3225711421e+02
3.3249251327e+02
3.3272791233e+02
3.3296331138e+02
3.3319871044e+02
3.3343432220e+02
3.3366995111e+02
3.3390558002e+02
3.3414120893e+02
3.3437683784e+02
3.2707660811e+02
3.2731198626e+02
3.2754736441e+02
3.2778274256e+02
3.2801818724e+02
3.2825381303e+02
3.2848943881e+02
3.2872506459e+02
3.2896069038e+02
3.2919631616e+02
3.2943194194e+02
3.2966756773e+02
3.2990302021e+02
3.3013843487e+02
3.3037384954e+02
3.3060926420e+02
3.2330899147e+02
3.2354460561e+02
3.2378021976e+02
3.2401583391e+02
3.2425144806e+02
3.2448703283e+02
3.2472246804e+02
3.2495790326e+02
3.2519333847e+02
3.2542877369e+02
3.2566420890e+02
3.2589964412e+02
3.2613507933e+02
3.2637047367e+02
3.2660585181e+02
3.2684122996e+02
3.1954203447e+02
3.1977746084e+02
3.2001288721e+02
3.2024831358e+02
3.2048373995e+02
3.2071916633e+02
3.2095458985e+02
3.2118996850e+02
3.2142534715e+02
3.2166072580e+02
3.2189610445e+02
3.2213148311e+02
3.2236686176e+02
3.2260224041e+02
3.2283776317e+02
3.2307337732e+02
3.1577405760e+02
3.1600944148e+02
3.1624482536e+02
3.1648020923e+02
3.1671559311e+02
3.1695097699e+02
3.1718636087e+02
3.1742174474e+02
3.1765735573e+02
3.1789297737e+02
3.1812859900e+02
3.1836422064e+02
3.1859984228e+02
3.1883546391e+02
3.1907108555e+02
3.1930660810e+02
3.1200596052e+02
3.1224141791e+02
3.1247702965e+02
3.1271264138e+02
3.1294825311e+02
3.1318386485e+02
3.1341947658e+02
3.1365508831e+02
3.1389070005e+02
3.1412614678e+02
3.1436156456e+02
3.1459698235e+02
3.1483240013e+02
3.1506781791e+02
3.1530323570e+02
3.1553865348e+02
3.0823899230e+02
3.0847464357e+02
3.0871025053e+02
3.0894567340e+02
3.0918109627e+02
3.0941651914e+02
3.0965194201e+02
3.0988736489e+02
3.1012278776e+02
3.1035821063e+02
3.1059361025e+02
3.1082900196e+02
3.1106439367e+02
3.1129978539e+02
3.1153517710e+02
3.1177056881e+02
2.9599381278e+02
2.9622923938e+02
2.9646469440e+02
2.9670020757e+02
2.9693572074e+02
2.9717123391e+02
2.9740674708e+02
2.9764226025e+02
2.9787777342e+02
2.9811328659e+02
2.9834875665e+02
2.9858422085e+02
2.9881968506e+02
2.9905514926e+02
2.9929061347e+02
2.9952607767e+02
3.0399992763e+02
3.0376409838e+02
3.0352826914e+02
3.0329270096e+02
