-3.0426056220e-06 3.3084072263e-07
2.7815024226e-01 -3.5219113867e-04
5.5032658817e-01 -1.3926519120e-03
8.1650402921e-01 -3.0875879044e-03
1.0766601634e+00 -5.4176196127e-03
1.3307732407e+00 -8.3491752413e-03
1.5788364092e+00 -1.1860899924e-02
1.8208294585e+00 -1.5921008221e-02
2.0567478589e+00 -2.0505515320e-02
2.2865755798e+00 -2.5590552244e-02
2.5103161913e+00 -3.1143078420e-02
2.7279512282e+00 -3.7146900930e-02
2.9394862022e+00 -4.3573336481e-02
3.1449192655e+00 -5.0396883300e-02
3.3442531244e+00 -5.7596836655e-02
3.5374916978e+00 -6.5143406374e-02
3.7246174971e+00 -7.3016964012e-02
3.9056551083e+00 -8.1197436225e-02
4.0806084342e+00 -8.9656599168e-02
4.2494834162e+00 -9.8376522181e-02
4.4122817237e+00 -1.0733304913e-01
4.5690147131e+00 -1.1650515002e-01
4.7196848825e+00 -1.2587590371e-01
4.8643056735e+00 -1.3541659553e-01
5.0028811169e+00 -1.4511253637e-01
5.1354272897e+00 -1.5494357954e-01
5.2619694083e+00 -1.6488831096e-01
5.3824813366e+00 -1.7492734192e-01
5.4970063654e+00 -1.8504469235e-01
5.6055521299e+00 -1.9521658877e-01
5.7081077595e+00 -2.0542870641e-01
5.8047129625e+00 -2.1566173673e-01
5.8953641080e+00 -2.2589536280e-01
5.9800797643e+00 -2.3611560458e-01
6.0588710887e+00 -2.4630139311e-01
6.1317377705e+00 -2.5643712570e-01
6.1987313635e+00 -2.6650755896e-01
6.2598333721e+00 -2.7648914291e-01
6.3150575659e+00 -2.8636960813e-01
6.3644187206e+00 -2.9613392547e-01
6.4079482648e+00 -3.0576138947e-01
6.4456485248e+00 -3.1523348363e-01
6.4775368044e+00 -3.2454453973e-01
6.5036126108e+00 -3.3366447633e-01
6.5239064366e+00 -3.4258027121e-01
6.5384290965e+00 -3.5128174379e-01
6.5471981148e+00 -3.5974721773e-01
6.5502329373e+00 -3.6796158295e-01
6.5475325945e+00 -3.7590430907e-01
6.5391394317e+00 -3.8356214479e-01
6.5250495494e+00 -3.9092001825e-01
6.5052876986e+00 -3.9795793735e-01
6.4798684442e+00 -4.0465921834e-01
6.4488224835e+00 -4.1100758785e-01
6.4121531955e+00 -4.1698138404e-01
6.3699056960e+00 -4.2256628927e-01
6.3220550291e+00 -4.2774651831e-01
6.2686671010e+00 -4.3250142402e-01
6.2097508112e+00 -4.3681096935e-01
6.1453257601e+00 -4.4065770988e-01
6.0754158468e+00 -4.4402377597e-01
6.0000589245e+00 -4.4689044052e-01
5.9192970849e+00 -4.4923514680e-01
5.8331406023e+00 -4.5103988199e-01
5.7416177871e+00 -4.5228372133e-01
5.6447670765e+00 -4.5294358126e-01
5.5426399345e+00 -4.5300562815e-01
5.4352649599e+00 -4.5244185876e-01
5.3226772480e+00 -4.5123053975e-01
5.2049504146e+00 -4.4935546829e-01
5.0821145039e+00 -4.4678765788e-01
4.9542172800e+00 -4.4350708779e-01
4.8213317868e+00 -4.3949275106e-01
4.6835380197e+00 -4.3471673969e-01
4.5408860662e+00 -4.2916300942e-01
4.3934470207e+00 -4.2279931677e-01
4.2413043422e+00 -4.1560457827e-01
4.0845623217e+00 -4.0755957094e-01
3.9233189250e+00 -3.9863264266e-01
3.7576826050e+00 -3.8880781891e-01
3.5877690846e+00 -3.7805435705e-01
3.4137327485e+00 -3.6635930723e-01
3.2357067538e+00 -3.5368462211e-01
3.0538642973e+00 -3.4002394325e-01
2.8684081365e+00 -3.2536314878e-01
2.6795462461e+00 -3.0965915293e-01
2.4875118905e+00 -2.9292765632e-01
2.2926041606e+00 -2.7513725263e-01
2.0951521091e+00 -2.5629123313e-01
1.8955069169e+00 -2.3638797341e-01
1.6941230543e+00 -2.1543070559e-01
1.4915593166e+00 -1.9346859466e-01
1.2884683970e+00 -1.7048660046e-01
1.0856320195e+00 -1.4660321088e-01
8.8409778737e-01 -1.2190707860e-01
6.8536408233e-01 -9.6510433045e-02
4.9146992937e-01 -7.0663418895e-02
3.0563363026e-01 -4.4973808739e-02
1.3353885191e-01 -1.9613950153e-02
-1.5881035394e-05 2.1491321416e-07
