2.6701642140e+02
2.6641704057e+02
2.6761835139e+02
2.6581783151e+02
2.6822025514e+02
2.6522025584e+02
2.6882054493e+02
2.6462456680e+02
2.6941992128e+02
2.6402883921e+02
2.7001933128e+02
2.6343221809e+02
2.7061830066e+02
2.6283547439e+02
2.7121729225e+02
2.6223873171e+02
2.7181664957e+02
2.6164155014e+02
2.7241672100e+02
2.6104429218e+02
2.7301686358e+02
2.6045158372e+02
2.7361982729e+02
2.5985958622e+02
2.7422287533e+02
2.5926629122e+02
2.7482308863e+02
2.5866984521e+02
2.7542049415e+02
2.5807328427e+02
2.7601799613e+02
2.5748210371e+02
2.7662004272e+02
2.5689205124e+02
2.7722244567e+02
2.5630267798e+02
2.7782259843e+02
2.5571450772e+02
2.7842009820e+02
2.5512620027e+02
2.7901772554e+02
2.5453919025e+02
2.7961691660e+02
2.5395246420e+02
2.8021637534e+02
2.5336605188e+02
2.8081490284e+02
2.5278021064e+02
2.8141230958e+02
2.5219420077e+02
2.8200987344e+02
2.5161225838e+02
2.8260733510e+02
2.5103167746e+02
2.8320488654e+02
2.5045066997e+02
2.8380156703e+02
2.4986763452e+02
2.8439696866e+02
2.4928439781e+02
2.8499255514e+02
2.4870738369e+02
2.8558709321e+02
2.4813297923e+02
2.8618151831e+02
2.4755840978e+02
2.8677559535e+02
2.4698284829e+02
2.8736926730e+02
2.4640705862e+02
2.8796315326e+02
2.4583354871e+02
2.8855446012e+02
2.4526115838e+02
2.8914516410e+02
2.4468981425e+02
2.8973596918e+02
2.4412448776e+02
2.9032727614e+02
2.4355890914e+02
2.9091881961e+02
2.4298994438e+02
2.9150550343e+02
2.4241880019e+02
2.9209058434e+02
2.4184873459e+02
2.9267576603e+02
2.4128797047e+02
2.9326156154e+02
2.4072690364e+02
2.9384761706e+02
2.4016916012e+02
2.9443203314e+02
2.9501586572e+02
2.3961380182e+02
2.9559911996e+02
2.3905835039e+02
2.9617967581e+02
2.3850398456e+02
2.9676051707e+02
2.3794930368e+02
2.9734010701e+02
2.3739674662e+02
2.9791915939e+02
2.3684600850e+02
2.9849773133e+02
2.3629522106e+02
2.9907291516e+02
2.3575056262e+02
2.9964840468e+02
2.3520556598e+02
3.0022268229e+02
2.3466107640e+02
3.0079630068e+02
2.3411714289e+02
3.0136969620e+02
2.3357291328e+02
3.0194018914e+02
2.3303532388e+02
3.0251100940e+02
2.3249735238e+02
3.0308006432e+02
2.3196051496e+02
3.0364788854e+02
2.3142512768e+02
3.0421562241e+02
2.3088940480e+02
3.0477935280e+02
2.3036075265e+02
3.0534343153e+02
2.2983206016e+02
3.0590607574e+02
2.2930441953e+02
3.0646750558e+02
2.2877844772e+02
3.0702909092e+02
2.2825211625e+02
3.0758801697e+02
2.2773153723e+02
3.0814730963e+02
2.2721109148e+02
3.0870282321e+02
2.2669231216e+02
3.0925445904e+02
2.2617662195e+02
3.0980644219e+02
2.2566054631e+02
3.1035827997e+02
2.2514919181e+02
3.1091053484e+02
2.2463812145e+02
3.1146196826e+02
2.2412848193e+02
3.1201232771e+02
2.2362215537e+02
3.1256303236e+02
3.1310535702e+02
2.2311542896e+02
3.1364764924e+02
2.2261278758e+02
3.1418880374e+02
2.2211052728e+02
3.1472815884e+02
2.2161008667e+02
3.1526787713e+02
2.2111469349e+02
3.1580726643e+02
2.2061887123e+02
3.1634710799e+02
2.2012684533e+02
3.1688406996e+02
2.1963541928e+02
3.1741593595e+02
2.1914510271e+02
3.1794820201e+02
2.1865901353e+02
3.1847541616e+02
2.1817247825e+02
3.1900216403e+02
2.1769270742e+02
3.1952954446e+02
2.1721496316e+02
3.2005774891e+02
2.1673548007e+02
3.2058632677e+02
2.1625085704e+02
3.2110728897e+02
2.1576578922e+02
3.2162708796e+02
2.1529611330e+02
3.2214649355e+02
2.1483266419e+02
3.2266431911e+02
2.1436849172e+02
3.2318255477e+02
2.1390283653e+02
3.2369605970e+02
2.1343672545e+02
3.2420863398e+02
2.1297497591e+02
3.2472044626e+02
3.2522912119e+02
2.1251502977e+02
3.2573821917e+02
2.1205528674e+02
3.2624412748e+02
2.1159977271e+02
3.2674928381e+02
2.1114375917e+02
3.2725357471e+02
2.1069345521e+02
3.2775341933e+02
2.1024634506e+02
3.2825369709e+02
2.0979920932e+02
3.2875119381e+02
2.0935673328e+02
3.2924784217e+02
2.0891375806e+02
3.2974421001e+02
2.0847510841e+02
3.3023745833e+02
2.0803943160e+02
3.3073115106e+02
2.0760333233e+02
3.3121990110e+02
2.0716866184e+02
3.3170640660e+02
2.0673351806e+02
3.3219260682e+02
2.0630438506e+02
3.3267408917e+02
2.0588002669e+02
3.3315601485e+02
2.0545514253e+02
3.3363635312e+02
2.0503187157e+02
3.3411597745e+02
3.3459532085e+02
2.0460809857e+02
3.3506765536e+02
2.0418895056e+02
3.3554042425e+02
2.0377417366e+02
3.3601326636e+02
2.0335882928e+02
3.3648644371e+02
2.0294961731e+02
3.3695962141e+02
2.0254008648e+02
3.3742461028e+02
2.0213281988e+02
3.3789006325e+02
2.0172816304e+02
3.3835278801e+02
2.0132294131e+02
3.3881320513e+02
2.0092466268e+02
3.3927405803e+02
2.0052641640e+02
3.3973189457e+02
2.0013035407e+02
3.4019017987e+02
1.9973740527e+02
3.4064427308e+02
1.9934388431e+02
3.4109419100e+02
1.9895569879e+02
3.4154458538e+02
3.4199492200e+02
1.9856770422e+02
3.4244566718e+02
1.9818212457e+02
3.4289274807e+02
1.9780083043e+02
3.4333569896e+02
1.9741896348e+02
3.4377913140e+02
1.9704181230e+02
3.4421663758e+02
1.9666505944e+02
3.4465410929e+02
1.9629024554e+02
3.4509167131e+02
1.9591962596e+02
3.4552931777e+02
1.9554842827e+02
3.4596743345e+02
1.9518352010e+02
3.4639816978e+02
1.9481968843e+02
3.4682840430e+02
1.9445527801e+02
3.4725658572e+02
1.9409001023e+02
3.4768095481e+02
1.9372416871e+02
3.4810580741e+02
3.4852712347e+02
1.9337262383e+02
3.4894818913e+02
1.9302504961e+02
3.4936825248e+02
1.9267657492e+02
3.4978596315e+02
1.9232577671e+02
3.5020415674e+02
1.9197440494e+02
3.5061483676e+02
1.9162873471e+02
3.5102408967e+02
1.9128484991e+02
3.5143301385e+02
1.9094282182e+02
3.5184024940e+02
1.9060922016e+02
3.5224793910e+02
1.9027503242e+02
3.5265284152e+02
1.8994186600e+02
3.5305721034e+02
1.8960892528e+02
3.5346022286e+02
3.5385870416e+02
1.8927667774e+02
3.5425766817e+02
1.8894841481e+02
3.5465193326e+02
1.8861958438e+02
3.5504472398e+02
1.8829462681e+02
3.5543681233e+02
1.8797152447e+02
3.5582501663e+02
1.8764929792e+02
3.5621369401e+02
1.8733573237e+02
3.5660005457e+02
1.8702156007e+02
3.5698560536e+02
1.8671252525e+02
3.5736983542e+02
1.8640666175e+02
3.5774602800e+02
1.8610031724e+02
3.5812269998e+02
1.8579390578e+02
3.5849892823e+02
3.5887509439e+02
1.8548693430e+02
3.5925059439e+02
1.8518586351e+02
3.5962004172e+02
1.8488919137e+02
3.5998996655e+02
1.8459209425e+02
3.6035554171e+02
1.8429799859e+02
3.6071844039e+02
1.8400334813e+02
3.6108135838e+02
1.8371327209e+02
3.6144046449e+02
1.8342727422e+02
3.6180003681e+02
1.8314075842e+02
3.6215613000e+02
1.8285303491e+02
3.6250964528e+02
1.8256471445e+02
3.6286329802e+02
3.6321187319e+02
1.8228649971e+02
3.6356090835e+02
1.8201910090e+02
3.6390724953e+02
1.8175117897e+02
3.6425118966e+02
1.8148070999e+02
3.6459547538e+02
1.8120946422e+02
3.6493316447e+02
1.8094052912e+02
3.6527133147e+02
1.8067463060e+02
3.6560764737e+02
1.8040817521e+02
3.6594196633e+02
1.8015070641e+02
3.6627675162e+02
1.7989332411e+02
3.6660087223e+02
3.6692512348e+02
1.7963873511e+02
3.6724657719e+02
1.7938856741e+02
3.6756438948e+02
1.7913784027e+02
3.6788265052e+02
1.7889299942e+02
3.6819535873e+02
1.7864836999e+02
3.6850805074e+02
1.7840653302e+02
3.6881841530e+02
1.7817002237e+02
3.6912512290e+02
1.7793294403e+02
3.6943227217e+02
1.7770251361e+02
3.6973468612e+02
3.7003697179e+02
1.7747281056e+02
3.7033380799e+02
1.7724410975e+02
3.7062075500e+02
1.7701814349e+02
3.7090816101e+02
1.7679160455e+02
3.7119285475e+02
1.7657690995e+02
3.7147730065e+02
1.7636452274e+02
3.7175861578e+02
1.7615583181e+02
3.7203291112e+02
1.7595748275e+02
3.7230765210e+02
1.7575858150e+02
3.7257465467e+02
3.7284002949e+02
1.7555905784e+02
3.7310296278e+02
1.7535893420e+02
3.7335904645e+02
1.7516207368e+02
3.7361556613e+02
1.7497656930e+02
3.7386468543e+02
1.7479046222e+02
3.7411188630e+02
1.7461854981e+02
3.7435506665e+02
1.7445184054e+02
3.7458471586e+02
1.7428702604e+02
3.7481480528e+02
1.7413142658e+02
3.7503711449e+02
3.7525649135e+02
1.7397526826e+02
3.7547374491e+02
1.7383071764e+02
3.7568145973e+02
1.7369133485e+02
3.7588961620e+02
1.7355449158e+02
3.7608124339e+02
1.7343314157e+02
3.7626536527e+02
1.7331126213e+02
3.7644717111e+02
1.7320276560e+02
3.7661513568e+02
1.7310124230e+02
3.7678353116e+02
3.7693432336e+02
1.7300351758e+02
3.7707551265e+02
1.7293694546e+02
3.7721358256e+02
1.7286979522e+02
3.7732629625e+02
1.7282675677e+02
3.7743944455e+02
1.7279958361e+02
3.7752617567e+02
1.7277655219e+02
3.7759550267e+02
1.7280656211e+02
3.7766101921e+02
1.7283602037e+02
3.7767871000e+02
3.7769682117e+02
1.7291514532e+02
3.7766880549e+02
1.7303348377e+02
3.7760470791e+02
1.7315965688e+02
3.7753167812e+02
1.7348320362e+02
3.7723696634e+02
1.7380656481e+02
3.7694253363e+02
1.7438615804e+02
3.7632940727e+02
1.7520812398e+02
3.7541650984e+02
1.7603078708e+02
3.7450303942e+02
