-1.6536365599e-06 3.1167515675e-06
8.3402790420e-04 -4.5056923245e-05
4.6139770301e-01 -4.4138022398e-05
9.1028349319e-01 -1.7874035773e-04
1.1348214610e+00 -1.7611511109e-02
1.3466557169e+00 -4.0069025443e-04
1.7705865364e+00 -7.0846404041e-04
2.0752966406e+00 -3.3678774977e-02
2.1826156129e+00 -1.0995514833e-03
2.5828528970e+00 -1.5751988502e-03
2.8222595430e+00 -4.8246854030e-02
2.9712920616e+00 -2.1297773618e-03
3.3481929809e+00 -2.7637758650e-03
3.3865346221e+00 -6.2070139114e-02
3.7139192087e+00 -3.4750574127e-03
3.9278004664e+00 -8.4193720662e-02
4.0684808867e+00 -4.2674716114e-03
4.4120397258e+00 -5.1345201819e-03
4.4141529462e+00 -1.0550738772e-01
4.7450029558e+00 -6.0959798184e-03
4.8543835382e+00 -1.2194804525e-01
5.0672930680e+00 -7.1335068381e-03
5.2570858019e+00 -1.3479716760e-01
5.3791598135e+00 -8.2379946227e-03
5.6350631192e+00 -1.4635163380e-01
5.6809745211e+00 -9.4265927223e-03
5.9727292966e+00 -1.0700051364e-02
5.9879526183e+00 -1.5668428091e-01
6.2543712791e+00 -1.2061020632e-02
6.3169186805e+00 -1.6659582571e-01
6.5263231397e+00 -1.3507537800e-02
6.6283444354e+00 -1.7352621910e-01
6.7888570262e+00 -1.5030688971e-02
6.9233837732e+00 -1.7952735366e-01
7.0420174243e+00 -1.6627699248e-02
7.2019953270e+00 -1.8449954293e-01
7.2858130815e+00 -1.8298084642e-02
7.4648537871e+00 -1.8897693319e-01
7.5205642573e+00 -2.0053115020e-02
7.7148263827e+00 -1.9173358197e-01
7.7464456144e+00 -2.1904487192e-02
7.9526508077e+00 -1.9405960751e-01
7.9635513210e+00 -2.3832013121e-02
8.1718969027e+00 -2.5830878257e-02
8.1783270623e+00 -1.9595500980e-01
8.3718031126e+00 -2.7916135187e-02
8.3923196478e+00 -1.9736288500e-01
8.5634158892e+00 -3.0094899670e-02
8.5954090412e+00 -1.9773079060e-01
8.7467481108e+00 -3.2362454335e-02
8.7881319271e+00 -1.9739026586e-01
8.9218661867e+00 -3.4700019769e-02
8.9708230233e+00 -1.9705957749e-01
9.0890780484e+00 -3.7124930707e-02
9.1441151999e+00 -1.9597168464e-01
9.2484628643e+00 -3.9637298509e-02
9.3081014999e+00 -1.9435225315e-01
9.3999942255e+00 -4.2235459532e-02
9.4627777630e+00 -1.9220914715e-01
9.5438425959e+00 -4.4921577445e-02
9.6084619371e+00 -1.8997717204e-01
9.6801996165e+00 -4.7688728615e-02
9.7460227570e+00 -1.8730601673e-01
9.8091351444e+00 -5.0521948201e-02
9.8753136790e+00 -1.8443159211e-01
9.9306492422e+00 -5.3421191674e-02
9.9963947901e+00 -1.8130695816e-01
1.0044893727e+01 -5.6404961753e-02
1.0109338957e+01 -1.7810869242e-01
1.0152005037e+01 -5.9500215659e-02
1.0214646929e+01 -1.7451288207e-01
1.0252016846e+01 -6.2672616601e-02
1.0312440525e+01 -1.7089730674e-01
1.0344924731e+01 -6.5899143477e-02
1.0402719531e+01 -1.6726276991e-01
1.0430870133e+01 -6.9205255682e-02
1.0485581190e+01 -1.6350456225e-01
1.0510009694e+01 -7.2588933683e-02
1.0561190443e+01 -1.5951988400e-01
1.0582343412e+01 -7.6050177481e-02
1.0629642819e+01 -1.5546145507e-01
1.0647804237e+01 -7.9589456684e-02
1.0691056029e+01 -1.5148101526e-01
1.0706505008e+01 -8.3194659002e-02
1.0745526598e+01 -1.4740379143e-01
1.0758536863e+01 -8.6861909553e-02
1.0793133966e+01 -1.4325663992e-01
1.0803899803e+01 -9.0591208337e-02
1.0833878133e+01 -1.3903956073e-01
1.0842639819e+01 -9.4378282723e-02
1.0867747514e+01 -1.3485278852e-01
1.0874837376e+01 -9.8266811664e-02
1.0894955421e+01 -1.3066714682e-01
1.0900292282e+01 -1.0218359853e-01
1.0915536207e+01 -1.2650570944e-01
1.0919166937e+01 -1.0610304123e-01
1.0929491467e+01 -1.2236136391e-01
1.0931551852e+01 -1.1007252466e-01
1.0936667934e+01 -1.1826049991e-01
1.0937379021e+01 -1.1412716983e-01
