-4.2029521907e-07 -9.5398342903e-08
4.8417953980e-02 1.6237751577e-04
9.5822387937e-02 6.1290903484e-04
1.4221288158e-01 1.3514991589e-03
1.8758943490e-01 2.3781478879e-03
2.3193622243e-01 3.6822952863e-03
2.7521426314e-01 5.2277503743e-03
3.1742229825e-01 7.0114894711e-03
3.5856032775e-01 9.0335125769e-03
3.9862227480e-01 1.1292477969e-02
4.3758296555e-01 1.3752310751e-02
4.7544166958e-01 1.6403069715e-02
5.1219838690e-01 1.9244754861e-02
5.4785100969e-01 2.2275777083e-02
5.8237363950e-01 2.5466731854e-02
6.1575887350e-01 2.8806589593e-02
6.4800671171e-01 3.2295350298e-02
6.7911710256e-01 3.5932033549e-02
7.0907974873e-01 3.9686571465e-02
7.3788818361e-01 4.3545345570e-02
7.6554240720e-01 4.7508355866e-02
7.9204225549e-01 5.1574890611e-02
8.1737740116e-01 5.5718998507e-02
8.4154181715e-01 5.9927648403e-02
8.6453550346e-01 6.4200840301e-02
8.8636021324e-01 6.8536447548e-02
9.0701791796e-01 7.2906163778e-02
9.2650248064e-01 7.7298886978e-02
9.4481390129e-01 8.1714617147e-02
9.6195334276e-01 8.6150414673e-02
9.7792000312e-01 9.0578521291e-02
9.9271114486e-01 9.4992131154e-02
1.0063304048e+00 9.9390545830e-02
1.0187865301e+00 1.0376786160e-01
1.0300838318e+00 1.0809773800e-01
1.0402218245e+00 1.1237292815e-01
1.0491959312e+00 1.1659353083e-01
1.0570135490e+00 1.2075100427e-01
1.0636849645e+00 1.2481822148e-01
1.0692090618e+00 1.2879319773e-01
1.0735979680e+00 1.3267473315e-01
1.0768501818e+00 1.3645705311e-01
1.0789912749e+00 1.4011394379e-01
1.0800200493e+00 1.4363975354e-01
1.0799285771e+00 1.4703357706e-01
1.0787347818e+00 1.5028512965e-01
1.0764591407e+00 1.5337064508e-01
1.0731046048e+00 1.5628937210e-01
1.0686821222e+00 1.5904413878e-01
1.0631957434e+00 1.6161897455e-01
1.0566841887e+00 1.6399818080e-01
1.0491340898e+00 1.6617827290e-01
1.0405533775e+00 1.6815452209e-01
1.0309814411e+00 1.6990517773e-01
1.0204228549e+00 1.7142719916e-01
1.0088883547e+00 1.7272444936e-01
9.9639450717e-01 1.7378520395e-01
9.8298678837e-01 1.7459507202e-01
9.6865967732e-01 1.7515337418e-01
9.5341312597e-01 1.7545247905e-01
9.3730528259e-01 1.7547337552e-01
9.2034848830e-01 1.7521852807e-01
9.0254815583e-01 1.7469013657e-01
8.8392720944e-01 1.7387940155e-01
8.6454791238e-01 1.7277477208e-01
8.4441236380e-01 1.7137622464e-01
8.2352204788e-01 1.6968248177e-01
8.0194112275e-01 1.6768388299e-01
7.7970018808e-01 1.6538215109e-01
7.5679924385e-01 1.6277728607e-01
7.3327757545e-01 1.5986394113e-01
7.0919815733e-01 1.5663016826e-01
6.8457121867e-01 1.5308811589e-01
6.5942482738e-01 1.4924852273e-01
6.3382933034e-01 1.4510723243e-01
6.0780614813e-01 1.4066454094e-01
5.8134745398e-01 1.3591809852e-01
5.5457068385e-01 1.3088593125e-01
5.2753326312e-01 1.2557712955e-01
5.0023519181e-01 1.1999169344e-01
4.7268435357e-01 1.1412855457e-01
4.4498499076e-01 1.0801850992e-01
4.1723725131e-01 1.0170090476e-01
3.8945772898e-01 9.5167284249e-02
3.6164641001e-01 8.8417648092e-02
3.3391736425e-01 8.1491531488e-02
3.0642759029e-01 7.4429382710e-02
2.7914294853e-01 6.7238519113e-02
2.5208755857e-01 5.9973220982e-02
2.2548032303e-01 5.2728907085e-02
1.9935619628e-01 4.5522568567e-02
1.7372968606e-01 3.8343730104e-02
1.4888979573e-01 3.1320515376e-02
1.2488235733e-01 2.4631806980e-02
1.0155599504e-01 1.8336504907e-02
7.9031830298e-02 1.2477356710e-02
5.7962212276e-02 7.3555322462e-03
3.7939040532e-02 3.4165798908e-03
1.8617965522e-02 9.6463261740e-04
-1.0127515793e-06 -3.0957415670e-07
