-1.3499770234e-05 -2.0976823281e-06
-7.6594850270e-06 -1.2295485226e-06
5.4158104374e-01 3.3459381355e-04
5.4309033373e-01 2.5150856717e-04
1.0709453610e+00 1.3235757325e-03
1.0753527481e+00 9.8260354329e-04
1.5880794520e+00 2.9648480746e-03
1.5967795835e+00 2.1920553799e-03
2.0930445980e+00 5.2658769232e-03
2.1073591773e+00 3.8815493649e-03
2.5860296306e+00 8.1950116879e-03
2.6070075758e+00 6.0301722283e-03
3.0670459720e+00 1.1750594977e-02
3.0957095525e+00 8.6307971991e-03
3.5362340671e+00 1.5910143362e-02
3.5734651076e+00 1.1683424277e-02
3.9937362143e+00 2.0623083265e-02
4.0402638881e+00 1.5195121024e-02
4.4395661945e+00 2.5921393714e-02
4.4960368993e+00 1.9130082279e-02
4.8738810088e+00 3.1744930837e-02
4.9407690392e+00 2.3471498943e-02
5.2968138175e+00 3.8068840655e-02
5.3744603078e+00 2.8219371017e-02
5.7083236748e+00 4.4888228692e-02
5.7970862765e+00 3.3356698287e-02
6.1086127570e+00 5.2149753942e-02
6.2085320994e+00 3.8866915589e-02
6.4977410191e+00 5.9780321606e-02
6.6088190731e+00 4.4731480518e-02
6.8757988560e+00 6.7805802982e-02
6.9979743347e+00 5.0935747210e-02
7.2428186327e+00 7.6204922513e-02
7.3759095522e+00 5.7459018880e-02
7.5989788932e+00 8.4859119558e-02
7.7425816673e+00 6.4262600832e-02
7.9443199285e+00 9.3752876731e-02
8.0979906802e+00 7.1346493065e-02
8.2788155647e+00 1.0288379725e-01
8.4421108443e+00 7.8697797239e-02
8.6026376871e+00 1.1217329126e-01
8.7749000229e+00 8.6257492639e-02
8.9158646006e+00 1.2156827756e-01
9.0963595539e+00 9.4019196050e-02
9.2185110082e+00 1.3106548740e-01
9.4064820152e+00 1.0198037752e-01
9.5105955473e+00 1.4061711656e-01
9.7051771313e+00 1.1008107678e-01
9.7921991330e+00 1.5012370170e-01
9.9924254090e+00 1.1829571742e-01
1.0063341820e+01 1.5957883710e-01
1.0268306839e+01 1.2661475331e-01
1.0324114268e+01 1.6896409500e-01
1.0532721145e+01 1.3502224300e-01
1.0574505417e+01 1.7819605247e-01
1.0785667246e+01 1.4344203764e-01
1.0814556618e+01 1.8721600408e-01
1.1027155349e+01 1.5187228320e-01
1.1044252136e+01 1.9604818812e-01
1.1257172347e+01 1.6031043297e-01
1.1263633278e+01 2.0461677528e-01
1.1472657734e+01 2.1287947600e-01
1.1475677690e+01 1.6867662831e-01
1.1671383873e+01 2.2080229978e-01
1.1682670123e+01 1.7695623791e-01
1.1859819671e+01 2.2837309482e-01
1.1878178416e+01 1.8514611670e-01
1.2037912298e+01 2.3553184882e-01
1.2062213098e+01 1.9320706329e-01
1.2205631660e+01 2.4225063595e-01
1.2234752459e+01 2.0106740450e-01
1.2362970311e+01 2.4853591411e-01
1.2395794617e+01 2.0872586621e-01
1.2509928697e+01 2.5434134901e-01
1.2545347488e+01 2.1617622585e-01
1.2646457049e+01 2.5963091337e-01
1.2683474816e+01 2.2334735063e-01
1.2772549168e+01 2.6439553965e-01
1.2810179627e+01 2.3022536629e-01
1.2888175732e+01 2.6862272620e-01
1.2925456330e+01 2.3681044172e-01
1.2993206569e+01 2.7229613975e-01
1.3029325728e+01 2.4304309407e-01
1.3087630459e+01 2.7542332528e-01
1.3121834166e+01 2.4887429732e-01
1.3171475407e+01 2.7795756331e-01
1.3203044216e+01 2.5432586217e-01
1.3244647613e+01 2.7992060848e-01
1.3272898982e+01 2.5937516601e-01
1.3307061593e+01 2.8128850834e-01
1.3331503174e+01 2.6395573406e-01
1.3358750474e+01 2.8207525943e-01
1.3378893857e+01 2.6806488272e-01
1.3399656410e+01 2.8227396636e-01
1.3415072807e+01 2.7169828372e-01
1.3429661468e+01 2.8191930738e-01
1.3440113657e+01 2.7481127132e-01
1.3448748261e+01 2.8098674548e-01
1.3454058808e+01 2.7740008045e-01
1.3456908260e+01 2.7946471114e-01
