1.2637825872e-05 1.1561379565e-06
4.8202679166e-02 -2.0271966254e-05
9.5430435932e-02 -7.7165101085e-05
1.4169590812e-01 -1.6952326654e-04
1.8699909574e-01 -2.9734646261e-04
2.3133999879e-01 -4.6063468930e-04
2.7471861726e-01 -6.5938794661e-04
3.1714838329e-01 -8.9261912080e-04
3.5866588875e-01 -1.1548476415e-03
3.9927210437e-01 -1.4452583657e-03
4.3896703016e-01 -1.7638512936e-03
4.7775066610e-01 -2.1106264251e-03
5.1562509393e-01 -2.4874209189e-03
5.5259346435e-01 -2.8944456110e-03
5.8868265411e-01 -3.3237681506e-03
6.2390320149e-01 -3.7777268152e-03
6.5825195052e-01 -4.2537866244e-03
6.9172890122e-01 -4.7519475785e-03
7.2433405357e-01 -5.2722096773e-03
7.5606810678e-01 -5.8147925978e-03
7.8695520730e-01 -6.3783578103e-03
8.1700667812e-01 -6.9597840055e-03
8.4622251923e-01 -7.5590711832e-03
8.7460273064e-01 -8.1762193436e-03
9.0214796813e-01 -8.8129319028e-03
1.1694434294e+00 -1.7497098088e-02
1.1865636950e+00 -1.8287138956e-02
1.2029054363e+00 -1.9082002702e-02
1.2184687947e+00 -1.9881134637e-02
1.2332537702e+00 -2.0684534759e-02
1.2472603627e+00 -2.1492203069e-02
1.2604885723e+00 -2.2304139567e-02
1.2729530290e+00 -2.3119243566e-02
1.2846431376e+00 -2.3934628319e-02
1.2955645885e+00 -2.4750285288e-02
1.3057224673e+00 -2.5565637719e-02
1.3151104418e+00 -2.6380412973e-02
1.3237258267e+00 -2.7193667372e-02
1.3315738257e+00 -2.8002605923e-02
1.3386567452e+00 -2.8807052114e-02
1.3449745852e+00 -2.9607005946e-02
1.3505243996e+00 -3.0402624586e-02
1.3553009640e+00 -3.1191181824e-02
1.3593061063e+00 -3.1971120773e-02
1.3625409040e+00 -3.2742228190e-02
1.3650053572e+00 -3.3504504075e-02
1.3666999992e+00 -3.4256411981e-02
1.3676165659e+00 -3.4994461172e-02
1.3677546126e+00 -3.5718570226e-02
1.3671103684e+00 -3.6429476062e-02
1.3656884800e+00 -3.7125371224e-02
1.3634757628e+00 -3.7804375263e-02
1.3604733670e+00 -3.8465018580e-02
1.3566832489e+00 -3.9106773803e-02
1.3521049155e+00 -3.9729610183e-02
1.3467261113e+00 -4.0329005637e-02
1.3405432141e+00 -4.0903469412e-02
1.3335527546e+00 -4.1453663102e-02
1.3257545779e+00 -4.1979847299e-02
1.3171391685e+00 -4.2476962759e-02
1.3076981994e+00 -4.2944930396e-02
1.2974362414e+00 -4.3381742364e-02
1.2863537699e+00 -4.3787820841e-02
1.2744321453e+00 -4.4158084720e-02
1.2616617889e+00 -4.4489324698e-02
1.2480418498e+00 -4.4783763579e-02
1.2335762922e+00 -4.5041878524e-02
1.2182509083e+00 -4.5258127695e-02
1.2020590490e+00 -4.5429960484e-02
1.1849932652e+00 -4.5553492694e-02
1.1670548099e+00 -4.5628307724e-02
1.1482171463e+00 -4.5652902000e-02
1.0863016147e+00 -4.5411929683e-02
1.0638156656e+00 -4.5210273740e-02
1.0403910604e+00 -4.4947279006e-02
1.0160543216e+00 -4.4619809943e-02
9.9075452649e-01 -4.4223989460e-02
9.6449528733e-01 -4.3757046912e-02
9.3727873344e-01 -4.3217953584e-02
9.0907498707e-01 -4.2598193350e-02
8.7988399765e-01 -4.1897937812e-02
8.4969602302e-01 -4.1114994155e-02
8.1848982423e-01 -4.0243959232e-02
7.8626791467e-01 -3.9281395389e-02
7.5301449532e-01 -3.8225913000e-02
7.1870548097e-01 -3.7066256780e-02
6.8333789401e-01 -3.5801772311e-02
9.2885702377e-01 -9.4679810447e-03
9.5475222248e-01 -1.0137126362e-02
9.7983898923e-01 -1.0820337819e-02
1.0041154790e+00 -1.1516253686e-02
1.0275816917e+00 -1.2224873962e-02
1.0502376274e+00 -1.2946198648e-02
1.0720853044e+00 -1.3680254137e-02
1.0931395239e+00 -1.4424884776e-02
1.1134024918e+00 -1.5178916298e-02
1.1328742083e+00 -1.5942348703e-02
1.1515546732e+00 -1.6715181991e-02
1.1284730682e+00 -4.5626539261e-02
1.1078306183e+00 -4.5547292661e-02
