2.0130007116e+02
2.0142968524e+02
2.0156020269e+02
2.0169212286e+02
2.0181527442e+02
2.0193478896e+02
2.0204819826e+02
2.0215747254e+02
2.0226089526e+02
2.0236142425e+02
2.0245401526e+02
2.0254372366e+02
2.0262866375e+02
2.0270847044e+02
2.0278591321e+02
2.0285473616e+02
2.0292088888e+02
2.0298439704e+02
2.0304120522e+02
2.0309424812e+02
2.0314344990e+02
2.0318862468e+02
2.0322884775e+02
2.0326600620e+02
2.0329592516e+02
2.0332463350e+02
2.0334939152e+02
2.0336804680e+02
2.0338379008e+02
2.0339529128e+02
2.0340451881e+02
2.0341019632e+02
2.0340806576e+02
2.0340315209e+02
2.0339724322e+02
2.0338460507e+02
2.0336765735e+02
2.0335118955e+02
2.0332708773e+02
2.0329975282e+02
2.0326968945e+02
2.0323428653e+02
2.0319811836e+02
2.0315607241e+02
2.0310917957e+02
2.0306005748e+02
2.0300644325e+02
2.0294999231e+02
2.0288707355e+02
2.0282168067e+02
2.0275462544e+02
2.0267992596e+02
2.0260406668e+02
2.0252431810e+02
2.0243950020e+02
2.0235154129e+02
2.0225689963e+02
2.0216310473e+02
2.0206370635e+02
2.0195680300e+02
2.0184960486e+02
2.0173775165e+02
2.0161893493e+02
2.0149850490e+02
2.0137470923e+02
2.0124289618e+02
2.0111201395e+02
2.0097510768e+02
2.0083197045e+02
2.0068559776e+02
2.0053524853e+02
2.0038242864e+02
2.0022026210e+02
2.0006356441e+02
1.9989273850e+02
1.9972308101e+02
1.9954925681e+02
1.9937172339e+02
1.9918976428e+02
1.9900232129e+02
1.9882270608e+02
1.9862414574e+02
1.9843256785e+02
1.9823727861e+02
1.9804257587e+02
1.9783862759e+02
1.9764075793e+02
1.9745338935e+02
1.9724377206e+02
1.9705451658e+02
1.9687206696e+02
1.9667450584e+02
1.9649096388e+02
1.9632038582e+02
1.9617306101e+02
1.9605717209e+02
1.9599133263e+02
1.9587538515e+02
1.9601495373e+02
1.9710747645e+02
