1.9984556366e+02
2.0001569240e+02
2.0018231364e+02
2.0034037146e+02
2.0049412938e+02
2.0064336541e+02
2.0078251934e+02
2.0092120410e+02
2.0104634081e+02
2.0116878647e+02
2.0128792489e+02
2.0139736504e+02
2.0150352055e+02
2.0160102581e+02
2.0169471200e+02
2.0178212205e+02
2.0186248893e+02
2.0194137074e+02
2.0201006418e+02
2.0207705637e+02
2.0213428240e+02
2.0218884263e+02
2.0224095155e+02
2.0228183052e+02
2.0231968916e+02
2.0235518479e+02
2.0238283982e+02
2.0240628913e+02
2.0242302648e+02
2.0243647164e+02
2.0244485466e+02
2.0244400901e+02
2.0244437358e+02
2.0243816549e+02
2.0242432585e+02
2.0240840602e+02
2.0238769659e+02
2.0236035574e+02
2.0232844381e+02
2.0229101600e+02
2.0225197747e+02
2.0220655550e+02
2.0215442863e+02
2.0209913196e+02
2.0204056400e+02
2.0197630291e+02
2.0190469995e+02
2.0183462398e+02
2.0175456784e+02
2.0166953677e+02
2.0158307277e+02
2.0148994046e+02
2.0139233450e+02
2.0128876580e+02
2.0118332841e+02
2.0107279149e+02
2.0095304168e+02
2.0083439153e+02
2.0071040477e+02
2.0057857548e+02
2.0044453583e+02
2.0030500153e+02
2.0015989776e+02
2.0001288321e+02
1.9985912689e+02
1.9970055815e+02
1.9953921461e+02
1.9937273157e+02
1.9920020861e+02
1.9902530798e+02
1.9884608031e+02
1.9866052642e+02
1.9847386481e+02
1.9828147119e+02
1.9808628198e+02
1.9788705873e+02
1.9768387707e+02
1.9747925439e+02
1.9726938123e+02
1.9705781178e+02
1.9684671182e+02
1.9662895123e+02
1.9641734216e+02
1.9619323570e+02
1.9597975915e+02
1.9577136400e+02
1.9554597495e+02
1.9534319159e+02
1.9512916857e+02
1.9492869157e+02
1.9474457747e+02
1.9454955557e+02
1.9438429729e+02
1.9422339973e+02
1.9409532180e+02
1.9398108703e+02
1.9397867931e+02
1.9390616488e+02
1.9425839390e+02
1.9541068207e+02
