2.6760414443e+02
2.6760414443e+02
2.5256697353e+02
2.6758335082e+02
2.6756255721e+02
2.5310195755e+02
2.6754176360e+02
2.5363694172e+02
2.6752096999e+02
2.6749917605e+02
2.5417192589e+02
2.6747693675e+02
2.6745469745e+02
2.5465511859e+02
2.6744132742e+02
2.6742531927e+02
2.5469850244e+02
2.6740698371e+02
2.5474606449e+02
2.6738461721e+02
2.6736192236e+02
2.5529019379e+02
2.6733717722e+02
2.6731117398e+02
2.5583432309e+02
2.6728944460e+02
2.5595401889e+02
2.6726771522e+02
2.6724289285e+02
2.5603906334e+02
2.6721407938e+02
2.5636770842e+02
2.6718526591e+02
2.6715645244e+02
2.5669635350e+02
2.6712689439e+02
2.5702499858e+02
2.6708864432e+02
2.5717656714e+02
2.6705039424e+02
2.6701214417e+02
2.5742891996e+02
2.6697389409e+02
2.5768127278e+02
2.6693101259e+02
2.5796473418e+02
2.6688486809e+02
2.6683521535e+02
2.5826434910e+02
2.6678556260e+02
2.5861097905e+02
2.6673273183e+02
2.5885776913e+02
2.6667312598e+02
2.5910455921e+02
2.6661352014e+02
2.6654637208e+02
2.5935134929e+02
2.6647874025e+02
2.5961202081e+02
2.6640701132e+02
2.5992265382e+02
2.6633055665e+02
2.6019821719e+02
2.6625410199e+02
2.6040331657e+02
2.6617764732e+02
2.6060841596e+02
2.6609164685e+02
2.6599109214e+02
2.6085061422e+02
2.6588941646e+02
2.6110466133e+02
2.6578958641e+02
2.6135870843e+02
2.6569160782e+02
2.6158913418e+02
2.6559402309e+02
2.6177272799e+02
2.6547970729e+02
2.6197729961e+02
2.6535496670e+02
2.6218187122e+02
2.6523022610e+02
2.6240144028e+02
2.6510548550e+02
2.6262674325e+02
2.6498173892e+02
2.6285327850e+02
2.6486188032e+02
2.6304092663e+02
2.6470928582e+02
2.6322097802e+02
2.6455669132e+02
2.6440409682e+02
2.6340102941e+02
2.6425555237e+02
2.6358172930e+02
2.6411126950e+02
2.6376713028e+02
2.6395253127e+02
