2.7415201971e+02
2.7414658378e+02
2.7414114785e+02
2.7413450552e+02
2.7412653975e+02
2.7411857397e+02
2.7410988361e+02
2.7410030596e+02
2.7408755071e+02
2.7407571702e+02
2.7406470613e+02
2.7404841459e+02
2.7403212304e+02
2.7401485869e+02
2.7399541051e+02
2.7397566087e+02
2.7395048591e+02
2.7392742066e+02
2.7390184864e+02
2.7387314894e+02
2.7384264382e+02
2.7380812060e+02
2.7377450207e+02
2.7373526767e+02
2.7369511166e+02
2.7365237370e+02
2.7360727590e+02
2.7356068461e+02
2.7350784556e+02
2.7345635468e+02
2.7339762807e+02
2.7333939550e+02
2.7327820040e+02
2.7321104385e+02
2.7314321393e+02
2.7307347371e+02
2.7300126040e+02
2.7292330445e+02
2.7284538559e+02
2.7276152944e+02
2.7267760208e+02
2.7259023603e+02
2.7249843139e+02
2.7240763760e+02
2.7231225095e+02
2.7221484865e+02
2.7211396257e+02
2.7201210426e+02
2.7190765198e+02
2.7180418996e+02
2.7169564385e+02
2.7158565560e+02
2.7147260185e+02
2.7136209671e+02
2.7125053183e+02
2.7113836624e+02
2.7102463254e+02
2.7090889799e+02
2.7079634692e+02
2.7067870225e+02
2.7056074338e+02
2.7044726140e+02
2.7033688978e+02
2.7022545630e+02
2.7011358572e+02
2.7000399393e+02
2.6989554627e+02
2.6979009489e+02
2.6968545744e+02
2.6958439744e+02
2.6948497580e+02
2.6939201539e+02
2.6930108547e+02
2.6921296872e+02
2.6912823689e+02
2.6904845097e+02
2.6897403245e+02
2.6890035950e+02
2.6883886027e+02
2.6877288242e+02
2.6871729803e+02
2.6866723787e+02
2.6861952888e+02
2.6858349821e+02
2.6854704900e+02
2.6851924545e+02
2.6849691051e+02
2.6848088534e+02
2.6846811591e+02
2.6846433399e+02
2.6846311749e+02
2.6846687353e+02
2.6847667794e+02
2.6849407510e+02
2.6850932919e+02
2.6853126365e+02
2.6855613125e+02
2.6856200715e+02
2.6860367289e+02
2.6864166879e+02
