2.5501028902e+02
2.5501043513e+02
2.5501056934e+02
2.5501061319e+02
2.5501052835e+02
2.5501049558e+02
2.5501053214e+02
2.5501049471e+02
2.5501048259e+02
2.5501046081e+02
2.5501044037e+02
2.5501043826e+02
2.5501047652e+02
2.5501059906e+02
2.5501063257e+02
2.5501022966e+02
2.5500987174e+02
2.5500988864e+02
2.5501032134e+02
2.5501075403e+02
2.5501042208e+02
2.5501006721e+02
2.5500998292e+02
2.5501024982e+02
2.5501051672e+02
2.5501030545e+02
2.5501000971e+02
2.5500987420e+02
2.5501018626e+02
2.5501049833e+02
2.5501049838e+02
2.5501032997e+02
2.5501025709e+02
2.5501030642e+02
2.5501040868e+02
2.5501042545e+02
2.5501035282e+02
2.5501029099e+02
2.5501027174e+02
2.5501019453e+02
2.5501020294e+02
2.5501032758e+02
2.5501047037e+02
2.5501047449e+02
2.5501043251e+02
2.5501034916e+02
2.5501022204e+02
2.5501008946e+02
2.5501032849e+02
2.5501058045e+02
2.5501057524e+02
2.5501019291e+02
2.5500982885e+02
2.5501004841e+02
2.5501037795e+02
2.5501056135e+02
2.5501030598e+02
2.5501005061e+02
2.5501017625e+02
2.5501046386e+02
2.5501068908e+02
2.5501053360e+02
2.5501037812e+02
2.5501029310e+02
2.5501025508e+02
2.5501021448e+02
2.5501009840e+02
2.5500998233e+02
2.5501006044e+02
2.5501034623e+02
2.5501063202e+02
2.5501052627e+02
2.5501029379e+02
2.5501005481e+02
2.5500989799e+02
2.5500992630e+02
2.5501006611e+02
2.5501026526e+02
2.5501046155e+02
2.5501045622e+02
2.5501028181e+02
2.5501038798e+02
2.5501066754e+02
2.5501062318e+02
2.5501066837e+02
2.5501047341e+02
2.5501032316e+02
2.5501047072e+02
2.5501038507e+02
2.5501041333e+02
2.5501036738e+02
2.5501029843e+02
2.5501028671e+02
2.5501027380e+02
2.5501029086e+02
2.5501030010e+02
2.5501030676e+02
2.5501026414e+02
2.5501021348e+02
2.5501016283e+02
