2.9558185390e+02
2.9557666766e+02
2.9557148143e+02
2.9556586159e+02
2.9555996568e+02
2.9555158115e+02
2.9554407867e+02
2.9553726774e+02
2.9552887571e+02
2.9551804531e+02
2.9550930203e+02
2.9549672627e+02
2.9548549282e+02
2.9547319156e+02
2.9545784553e+02
2.9544318181e+02
2.9542705902e+02
2.9540818428e+02
2.9538996122e+02
2.9536957517e+02
2.9534757889e+02
2.9532418179e+02
2.9529954125e+02
2.9527234373e+02
2.9524300525e+02
2.9521438945e+02
2.9518190865e+02
2.9514852002e+02
2.9511288177e+02
2.9507635990e+02
2.9503638599e+02
2.9499521380e+02
2.9495112602e+02
2.9490759790e+02
2.9485932102e+02
2.9481101007e+02
2.9475905876e+02
2.9470672797e+02
2.9465114973e+02
2.9459618236e+02
2.9453614608e+02
2.9447566791e+02
2.9441257621e+02
2.9434945650e+02
2.9428301298e+02
2.9421615631e+02
2.9414732951e+02
2.9407764257e+02
2.9400530097e+02
2.9393330949e+02
2.9385857058e+02
2.9378512522e+02
2.9370830428e+02
2.9363115567e+02
2.9355407183e+02
2.9347605407e+02
2.9339680697e+02
2.9331952555e+02
2.9324042021e+02
2.9316123169e+02
2.9308380260e+02
2.9300444538e+02
2.9292885341e+02
2.9285098821e+02
2.9277616591e+02
2.9270174830e+02
2.9262792498e+02
2.9255674541e+02
2.9248610538e+02
2.9241821060e+02
2.9235090574e+02
2.9228731613e+02
2.9222363780e+02
2.9216685615e+02
2.9210812610e+02
2.9205712965e+02
2.9200619784e+02
2.9195945419e+02
2.9191618214e+02
2.9187799326e+02
2.9184009960e+02
2.9180804599e+02
2.9177850200e+02
2.9175507466e+02
2.9173389714e+02
2.9171879603e+02
2.9170438478e+02
2.9169845004e+02
2.9169449993e+02
2.9169526627e+02
2.9170002886e+02
2.9170750531e+02
2.9171838233e+02
2.9173408409e+02
2.9174948181e+02
2.9177135195e+02
2.9179414120e+02
2.9181812867e+02
2.9184533380e+02
2.9187063917e+02
