7.2046118285e+00 9.5560819807e-06
7.2575831450e+00 1.0197881999e-05
7.3050577156e+00 7.9341102061e-06
7.3470054478e+00 2.9610437358e-06
7.3833909720e+00 -1.1850292650e-06
7.4142812578e+00 -2.7939991504e-06
7.4396708143e+00 -2.4148125534e-06
7.4595478787e+00 -4.1679944723e-06
7.4739138162e+00 -6.8547679068e-06
7.4827566156e+00 -6.7699166507e-06
7.4861191950e+00 -5.2832170851e-06
7.4839424472e+00 -2.4070978022e-06
7.4762438797e+00 -1.5388799179e-06
7.4630465192e+00 -4.9915926233e-06
7.4443264036e+00 -9.5729542833e-06
7.4200978404e+00 -1.1865678317e-05
7.3903639397e+00 -1.2108890983e-05
7.3551131218e+00 -1.1869407017e-05
7.3143476214e+00 -1.2045718350e-05
7.2680732645e+00 -1.2316050657e-05
7.2162902834e+00 -1.2322790625e-05
7.1589852113e+00 -1.2603890841e-05
7.0961731772e+00 -1.2417164565e-05
7.0278461682e+00 -1.2572359020e-05
6.9539930480e+00 -1.2505405653e-05
6.8746392815e+00 -1.2458920768e-05
6.7897695389e+00 -1.2785918500e-05
6.6993892534e+00 -1.3232928746e-05
6.6034988685e+00 -1.3805843963e-05
6.5020803045e+00 -1.4202575991e-05
6.3951561020e+00 -1.4504263166e-05
6.2827272627e+00 -1.4738252584e-05
6.1647575069e+00 -1.4139904480e-05
6.0412986030e+00 -1.2636498739e-05
5.9123225470e+00 -1.2041291145e-05
5.7778137090e+00 -1.2339409980e-05
5.6377962006e+00 -1.2284546158e-05
5.4922697757e+00 -1.1314834220e-05
5.3412260174e+00 -1.0217747006e-05
5.1846594481e+00 -8.9247219629e-06
5.0225795845e+00 -7.6076986696e-06
4.8549876815e+00 -6.2272281410e-06
4.6818707186e+00 -5.5652959703e-06
4.5032263200e+00 -5.9394921815e-06
4.3190800509e+00 -6.0809229991e-06
4.1294076241e+00 -5.2824442245e-06
3.9342136438e+00 -3.6412933495e-06
3.7335102184e+00 -2.5420343884e-06
3.5272869681e+00 -2.6272406011e-06
3.3155423943e+00 -3.5412159523e-06
3.0982792732e+00 -3.9993060294e-06
2.8754879624e+00 -3.6434848742e-06
2.6471868142e+00 -2.1941686872e-06
2.4133576815e+00 -1.4755498544e-06
2.1740054827e+00 -1.3620232924e-06
1.9291353524e+00 -1.4036331775e-06
1.6787432419e+00 -1.2695530746e-06
1.4228274627e+00 -8.8609584131e-07
-7.7728249215e-06 8.6921297724e-12
2.8469852691e-01 -1.8208811999e-07
5.6387613575e-01 -2.4649869338e-07
8.3752676586e-01 -2.1574756415e-07
1.1056558022e+00 2.2149370834e-09
1.3682623086e+00 4.6712707471e-07
1.6253414970e+00 8.2734341876e-07
1.8768932248e+00 8.2782670876e-07
2.1229354467e+00 8.9779541077e-07
2.3634481399e+00 1.2057183800e-06
2.5984388744e+00 1.6751650132e-06
2.8279111832e+00 2.0845139492e-06
3.0518582033e+00 2.3966931053e-06
3.2702866192e+00 2.6497919069e-06
3.4831965686e+00 2.7448638219e-06
3.6905879920e+00 2.6767671157e-06
3.8924581402e+00 2.8563935037e-06
4.0888090939e+00 3.5583198938e-06
4.2796420615e+00 4.6708203403e-06
4.4649551583e+00 5.4835157767e-06
4.6447457014e+00 5.8790458912e-06
4.8190266847e+00 5.8296393475e-06
4.9877841719e+00 6.1358041173e-06
5.1510104487e+00 6.7471146544e-06
5.3087454005e+00 7.5439384481e-06
5.4609578011e+00 8.0566251075e-06
5.6076460471e+00 8.2334430306e-06
5.7488260707e+00 8.2838674587e-06
5.8844894676e+00 8.5684121225e-06
6.0146313032e+00 8.7896200278e-06
6.1392558850e+00 8.6265357752e-06
6.2583681581e+00 8.2103514980e-06
6.3719705384e+00 7.3649818321e-06
6.4800579312e+00 6.5423745135e-06
6.5826298280e+00 5.6725115858e-06
6.6796795955e+00 5.4729872920e-06
6.7712212766e+00 5.1605236348e-06
6.8572517024e+00 4.9188651401e-06
6.9377639905e+00 4.2513287838e-06
7.0127355263e+00 3.9736565973e-06
7.0822017264e+00 4.3407114662e-06
7.1461635379e+00 6.3043577562e-06
