3.9213370180e+02
3.9200671234e+02
3.9187972288e+02
3.9175542788e+02
3.9164021951e+02
3.9152501115e+02
3.9141675857e+02
3.9131883085e+02
3.9121811140e+02
3.9113150317e+02
3.9105064056e+02
3.9097076348e+02
3.9090132508e+02
3.9083071715e+02
3.9077370885e+02
3.9072018266e+02
3.9066931576e+02
3.9063291277e+02
3.9059505469e+02
3.9056782672e+02
3.9054306857e+02
3.9052392280e+02
3.9051887211e+02
3.9051219026e+02
3.9051949438e+02
3.9053021104e+02
3.9054247318e+02
3.9056744517e+02
3.9059234698e+02
3.9063206511e+02
3.9067450158e+02
3.9072386152e+02
3.9078463080e+02
3.9084023082e+02
3.9091188709e+02
3.9098600777e+02
3.9106806682e+02
3.9115876694e+02
3.9125085488e+02
3.9136003336e+02
3.9146434081e+02
3.9157624378e+02
3.9169723961e+02
3.9182099041e+02
3.9195674102e+02
3.9209345564e+02
3.9224365481e+02
3.9239208443e+02
3.9254319404e+02
3.9270562190e+02
3.9286961116e+02
3.9304538787e+02
3.9322147988e+02
3.9340946500e+02
3.9359514027e+02
3.9378134462e+02
3.9397718412e+02
3.9417729199e+02
3.9438591344e+02
3.9459567280e+02
3.9481049514e+02
3.9502337542e+02
3.9524120085e+02
3.9546536147e+02
3.9569829723e+02
3.9592636082e+02
3.9615212336e+02
3.9638421931e+02
3.9662374449e+02
3.9686315996e+02
3.9710257542e+02
3.9734850853e+02
3.9759013702e+02
3.9782744004e+02
3.9807154845e+02
3.9832386153e+02
3.9857079412e+02
3.9881723258e+02
3.9906374800e+02
3.9931026342e+02
3.9954341225e+02
3.9979072659e+02
4.0004722319e+02
4.0028989673e+02
4.0050475665e+02
4.0075505831e+02
4.0099368840e+02
4.0122166429e+02
4.0147041244e+02
4.0167652010e+02
4.0188631841e+02
4.0210390747e+02
4.0231346543e+02
4.0254275644e+02
4.0263149324e+02
4.0286473299e+02
4.0316097832e+02
4.0310141987e+02
4.0251335195e+02
4.0192528402e+02
