-2.7270124688e-06 -4.8915337145e-07
2.6656315171e-01 3.5743587384e-04
5.2765944842e-01 1.4140301119e-03
7.8326348043e-01 3.1425194941e-03
1.0333693819e+00 5.5198126295e-03
1.2779522516e+00 8.5222486736e-03
1.5169946018e+00 1.2123984403e-02
1.7504858822e+00 1.6303875551e-02
1.9784040109e+00 2.1037208124e-02
2.2007289178e+00 2.6301826995e-02
2.4174482089e+00 3.2076151194e-02
2.6285353636e+00 3.8334276068e-02
2.8339831431e+00 4.5059937807e-02
3.0337653934e+00 5.2226949557e-02
3.2278673177e+00 5.9812443130e-02
3.4162680590e+00 6.7799387154e-02
3.5989641238e+00 7.6161296518e-02
3.7759199119e+00 8.4879974463e-02
3.9471316869e+00 9.3934717449e-02
4.1125810423e+00 1.0329927521e-01
4.2722627305e+00 1.1295794214e-01
4.4261405792e+00 1.2288813640e-01
4.5742071912e+00 1.3306595307e-01
4.7164570825e+00 1.4347309777e-01
4.8528804026e+00 1.5408697184e-01
4.9834519180e+00 1.6488693044e-01
5.1081728087e+00 1.7585248661e-01
5.2270143445e+00 1.8696211423e-01
5.3399862818e+00 1.9819311345e-01
5.4470854189e+00 2.0952815315e-01
5.5482751978e+00 2.2094187986e-01
5.6435744669e+00 2.3241326595e-01
5.7329831589e+00 2.4392524356e-01
5.8164677010e+00 2.5545068599e-01
5.8940406409e+00 2.6697106197e-01
5.9657121713e+00 2.7846869287e-01
6.0314751123e+00 2.8991431629e-01
6.0913169208e+00 3.0129010375e-01
6.1452474295e+00 3.1257413045e-01
6.1932699336e+00 3.2374263839e-01
6.2353945975e+00 3.3477834345e-01
6.2716190435e+00 3.4565568999e-01
6.3019657103e+00 3.5635105342e-01
6.3264468891e+00 3.6684497723e-01
6.3450416747e+00 3.7711304438e-01
6.3577999825e+00 3.8713398476e-01
6.3647122608e+00 3.9688593780e-01
6.3658126655e+00 4.0634463496e-01
6.3610979216e+00 4.1548699058e-01
6.3506073200e+00 4.2429194143e-01
6.3343531623e+00 4.3273313598e-01
6.3123769870e+00 4.4078931394e-01
6.2846813458e+00 4.4843894597e-01
6.2513100703e+00 4.5565709682e-01
6.2122851861e+00 4.6241838135e-01
6.1676505549e+00 4.6870234005e-01
6.1174367773e+00 4.7448476727e-01
6.0616739669e+00 4.7973924470e-01
6.0004229223e+00 4.8444625056e-01
5.9336936559e+00 4.8858033736e-01
5.8615497752e+00 4.9211484491e-01
5.7840507921e+00 4.9503073768e-01
5.7012319986e+00 4.9730386015e-01
5.6131445979e+00 4.9890750436e-01
5.5198636514e+00 4.9982184285e-01
5.4214198264e+00 5.0002023285e-01
5.3179048457e+00 4.9948357330e-01
5.2093730193e+00 4.9818714881e-01
5.0958983550e+00 4.9610776688e-01
4.9775469063e+00 4.9322280047e-01
4.8544077382e+00 4.8951599469e-01
4.7265804950e+00 4.8496330205e-01
4.5941122709e+00 4.7954175863e-01
4.4571318795e+00 4.7323746559e-01
4.3157288525e+00 4.6602920131e-01
4.1700059333e+00 4.5789227091e-01
4.0200779411e+00 4.4882057569e-01
3.8660681259e+00 4.3879694995e-01
3.7080970534e+00 4.2779851930e-01
3.5463117694e+00 4.1582695850e-01
3.3808512794e+00 4.0286121279e-01
3.2118763934e+00 3.8889214020e-01
3.0395770222e+00 3.7392335323e-01
2.8641148213e+00 3.5794214913e-01
2.6857153602e+00 3.4095211958e-01
2.5046162189e+00 3.2296193233e-01
2.3210662100e+00 3.0397899829e-01
2.1353452616e+00 2.8401203551e-01
1.9477898927e+00 2.6308950089e-01
1.7587615080e+00 2.4124841993e-01
1.5687459224e+00 2.1850127990e-01
1.3782120645e+00 1.9494883672e-01
1.1877843494e+00 1.7063157012e-01
9.9828991199e-01 1.4563703837e-01
8.1076524225e-01 1.2013840162e-01
6.2650523337e-01 9.4328188139e-02
4.4739982632e-01 6.8491399916e-02
2.7681378047e-01 4.3183362577e-02
1.2069635316e-01 1.8552510120e-02
-1.4489226645e-05 -2.1504625114e-06
