2.7924854883e+02
2.7981384704e+02
2.7868334613e+02
2.8038055525e+02
2.7811752783e+02
2.8094725490e+02
2.7755054317e+02
2.8151546687e+02
2.7698352522e+02
2.8208529226e+02
2.7641974112e+02
2.8265512316e+02
2.7585630934e+02
2.8322327132e+02
2.7529181593e+02
2.8379143923e+02
2.7472516088e+02
2.8435832008e+02
2.7415844463e+02
2.8492414675e+02
2.7359668439e+02
2.8549002588e+02
2.7303570536e+02
2.8605844003e+02
2.7247408247e+02
2.8662694792e+02
2.7191083125e+02
2.8719484808e+02
2.7134749503e+02
2.8776229607e+02
2.7078762280e+02
2.8832982172e+02
2.7022847488e+02
2.8889912183e+02
2.6967006836e+02
2.8946858398e+02
2.6911306855e+02
2.9003752712e+02
2.6855596870e+02
2.9060617605e+02
2.6799630591e+02
2.9117493026e+02
2.6743586048e+02
2.9174046430e+02
2.6687696121e+02
2.9230572366e+02
2.6632185810e+02
2.9287089297e+02
2.6576661638e+02
2.9343609230e+02
2.6521328254e+02
2.9400141653e+02
2.6466056348e+02
2.9456711394e+02
2.6410814600e+02
2.9513296309e+02
2.6355643625e+02
2.9569834216e+02
2.6300457199e+02
2.9626308035e+02
2.6245497994e+02
2.9682796612e+02
2.6190629889e+02
2.9739047381e+02
2.6135798108e+02
2.9795254706e+02
2.6081121318e+02
2.9851466427e+02
2.6026426697e+02
2.9907717065e+02
2.5971865306e+02
2.9963984164e+02
2.5917366632e+02
3.0020298249e+02
2.5862921099e+02
3.0076633950e+02
2.5808801226e+02
3.0132809957e+02
2.5754661290e+02
3.0188584205e+02
2.5700648875e+02
3.0244377189e+02
2.5646709970e+02
3.0300245928e+02
2.5592794451e+02
3.0356151866e+02
2.5539106208e+02
3.0411987729e+02
2.5485395561e+02
3.0467590464e+02
2.5431920775e+02
3.0523213884e+02
2.5378615400e+02
3.0578765652e+02
2.5325309398e+02
3.0634296324e+02
2.5272066453e+02
3.0689777197e+02
2.5218798556e+02
3.0745027664e+02
2.5165959761e+02
3.0800300612e+02
2.5113490920e+02
3.0855472501e+02
2.5061005827e+02
3.0910600680e+02
2.5008462590e+02
3.0965692948e+02
3.1020532152e+02
2.4955892876e+02
3.1075395407e+02
2.4903498374e+02
3.1130185581e+02
2.4851284251e+02
3.1184937653e+02
2.4799045027e+02
3.1239682840e+02
2.4747528181e+02
3.1294317502e+02
2.4695987990e+02
3.1348978262e+02
2.4644503923e+02
3.1403319224e+02
2.4593095350e+02
3.1457431055e+02
2.4541660609e+02
3.1511549107e+02
2.4490493344e+02
3.1565477595e+02
2.4439302254e+02
3.1619433636e+02
2.4388377879e+02
3.1673274650e+02
2.4337844423e+02
3.1727018282e+02
2.4287281959e+02
3.1780773100e+02
2.4236966557e+02
3.1834131257e+02
2.4186638726e+02
3.1887517908e+02
2.4136459461e+02
3.1940903816e+02
2.4086552518e+02
3.1994286319e+02
2.4036614793e+02
3.2047694511e+02
2.3986836494e+02
3.2100401823e+02
2.3937045430e+02
3.2153134059e+02
2.3887577156e+02
3.2205926654e+02
2.3838789957e+02
3.2258783251e+02
2.3789971005e+02
3.2311666338e+02
2.3741431448e+02
3.2363972797e+02
2.3692911926e+02
3.2416283697e+02
2.3644366879e+02
3.2468528413e+02
3.2520665446e+02
2.3595814603e+02
3.2572831892e+02
2.3547231964e+02
3.2624583196e+02
2.3499337158e+02
3.2676324059e+02
2.3451585194e+02
3.2727974448e+02
2.3403902294e+02
3.2779449932e+02
2.3356500108e+02
3.2830955369e+02
2.3309062602e+02
3.2882234571e+02
2.3262119962e+02
3.2933516008e+02
2.3215316754e+02
3.2984646441e+02
2.3168436537e+02
3.3035440643e+02
2.3121377854e+02
3.3086266934e+02
2.3074282680e+02
3.3136845020e+02
2.3028117528e+02
3.3187403778e+02
2.2982322678e+02
3.3237867539e+02
2.2936544147e+02
3.3288051887e+02
2.2891001879e+02
3.3338269328e+02
2.2845420655e+02
3.3388186339e+02
2.2800117610e+02
3.3438051055e+02
2.2754927501e+02
3.3487838969e+02
2.2709763234e+02
3.3537328835e+02
3.3586852611e+02
2.2665007881e+02
3.3636005877e+02
2.2620212584e+02
3.3685052271e+02
2.2575798064e+02
3.3734117653e+02
2.2531589222e+02
3.3783155825e+02
2.2487384841e+02
3.3832225470e+02
2.2443619653e+02
3.3880729805e+02
2.2399812872e+02
3.3929027216e+02
2.2356320665e+02
3.3977342735e+02
2.2313037218e+02
3.4025603813e+02
2.2269738118e+02
3.4073896965e+02
2.2226937308e+02
3.4121818015e+02
2.2184094658e+02
3.4169581293e+02
2.2141514316e+02
3.4217356191e+02
2.2099138157e+02
3.4265001976e+02
2.2056722144e+02
3.4312683634e+02
2.2014804180e+02
3.4359789184e+02
3.4406553957e+02
2.1972842321e+02
3.4453353615e+02
2.1931214897e+02
3.4500158410e+02
2.1889918565e+02
3.4546996509e+02
2.1848575620e+02
3.4593527248e+02
2.1807504546e+02
3.4639861173e+02
2.1766399143e+02
3.4686214533e+02
2.1725740033e+02
3.4732267959e+02
2.1685609090e+02
3.4778357218e+02
2.1645430162e+02
3.4824203041e+02
2.1605265608e+02
3.4869858298e+02
2.1565062290e+02
3.4915547262e+02
2.1525242703e+02
3.4960771468e+02
2.1485949362e+02
3.5006033360e+02
2.1446606992e+02
3.5051081992e+02
3.5095920214e+02
2.1407668243e+02
3.5140797850e+02
2.1368740490e+02
3.5185280209e+02
2.1329943146e+02
3.5229786667e+02
2.1291372006e+02
3.5274104366e+02
2.1252752217e+02
3.5318194640e+02
2.1214869509e+02
3.5362324038e+02
2.1177079508e+02
3.5406126486e+02
2.1139311124e+02
3.5449938789e+02
2.1101629929e+02
3.5493569476e+02
2.1063900458e+02
3.5536939778e+02
2.1026797776e+02
3.5580349840e+02
2.0989806576e+02
3.5623404430e+02
2.0952978176e+02
3.5666448333e+02
3.5709346872e+02
2.0916609624e+02
3.5751986462e+02
2.0880190776e+02
3.5794666481e+02
2.0844139966e+02
3.5836975096e+02
2.0808167450e+02
3.5879249864e+02
2.0772309193e+02
3.5921268475e+02
2.0736869872e+02
3.5962729794e+02
2.0701380418e+02
3.6004231440e+02
2.0666269238e+02
3.6045776883e+02
2.0631270733e+02
3.6087358430e+02
2.0596357807e+02
3.6128761579e+02
2.0561860645e+02
3.6169717523e+02
2.0527312801e+02
3.6210711986e+02
3.6251521731e+02
2.0493117482e+02
3.6292301796e+02
2.0459056269e+02
3.6332949755e+02
2.0425046928e+02
3.6373152595e+02
2.0391449326e+02
3.6413395621e+02
2.0357799745e+02
3.6453426034e+02
2.0324839077e+02
3.6493401123e+02
2.0292233491e+02
3.6533308078e+02
2.0259579462e+02
3.6572876994e+02
2.0226901906e+02
3.6612487302e+02
2.0194175220e+02
3.6651558600e+02
2.0161913310e+02
3.6690406490e+02
3.6729183165e+02
2.0129935568e+02
3.6767412412e+02
2.0097972601e+02
3.6805681317e+02
2.0066592891e+02
3.6844011087e+02
2.0035161481e+02
3.6882389664e+02
2.0003914563e+02
3.6920678330e+02
1.9972798469e+02
3.6958227258e+02
1.9941686113e+02
3.6995816619e+02
1.9911449925e+02
3.7033301385e+02
1.9881160447e+02
3.7070730235e+02
1.9851120649e+02
3.7108122715e+02
3.7144884046e+02
1.9821304291e+02
3.7181686311e+02
1.9791443559e+02
3.7218221239e+02
1.9762211842e+02
3.7254558909e+02
1.9732929008e+02
3.7290906243e+02
1.9703868883e+02
3.7326773680e+02
1.9675050821e+02
3.7362681406e+02
1.9646185380e+02
3.7398296060e+02
1.9617814943e+02
3.7433649028e+02
1.9589402214e+02
3.7469034552e+02
3.7503856038e+02
1.9561285595e+02
3.7538718633e+02
1.9533552088e+02
3.7573349566e+02
1.9505767964e+02
3.7607731132e+02
1.9478647855e+02
3.7642152319e+02
1.9451526167e+02
3.7675920487e+02
1.9424652569e+02
3.7709706900e+02
1.9398171453e+02
3.7743252961e+02
1.9371639475e+02
3.7776487594e+02
1.9345757910e+02
3.7809761452e+02
3.7842402872e+02
1.9319911247e+02
3.7875032859e+02
1.9294281974e+02
3.7907458084e+02
1.9269073725e+02
3.7939561898e+02
1.9243815024e+02
3.7971705353e+02
1.9219206563e+02
3.8003513958e+02
1.9194669921e+02
3.8035323001e+02
1.9170338122e+02
3.8066572096e+02
1.9146492973e+02
3.8096810093e+02
1.9122596590e+02
3.8127089990e+02
3.8157125898e+02
1.9099387611e+02
3.8187140952e+02
1.9076299053e+02
3.8216900128e+02
1.9053471071e+02
3.8246081239e+02
1.9031386093e+02
3.8275303771e+02
1.9009248466e+02
3.8303672996e+02
1.8987830300e+02
3.8331860225e+02
1.8966595468e+02
3.8359800644e+02
1.8945503714e+02
3.8387052666e+02
3.8414344613e+02
1.8924972854e+02
3.8440940673e+02
1.8904388147e+02
3.8467352450e+02
1.8885011177e+02
3.8493501091e+02
1.8866042821e+02
3.8518740436e+02
1.8847354125e+02
3.8544019973e+02
1.8829944248e+02
3.8568318692e+02
1.8812479791e+02
3.8592266135e+02
1.8796049862e+02
3.8615979543e+02
3.8638649467e+02
1.8780064933e+02
3.8661359514e+02
1.8764377094e+02
3.8683050247e+02
1.8750467195e+02
3.8704300584e+02
1.8736503079e+02
3.8725075104e+02
1.8723986026e+02
3.8743202811e+02
1.8712270051e+02
3.8761372376e+02
1.8700819877e+02
3.8778634899e+02
3.8795371516e+02
1.8691618345e+02
3.8811779249e+02
1.8682364261e+02
3.8825585568e+02
1.8675744793e+02
3.8839433581e+02
1.8670835116e+02
3.8850733097e+02
1.8666319076e+02
3.8860348755e+02
1.8666864270e+02
3.8869588905e+02
1.8667354245e+02
3.8874136540e+02
3.8878724826e+02
1.8672764747e+02
3.8877814509e+02
1.8682038989e+02
3.8872608314e+02
1.8692176473e+02
3.8866506962e+02
1.8724017252e+02
3.8838196184e+02
1.8755824796e+02
3.8809908515e+02
1.8821333368e+02
3.8746008798e+02
1.8918698944e+02
3.8648804165e+02
3.8551555571e+02
1.9016144386e+02
