-1.4653873161e-05 1.0610552876e-08
5.7853997984e-05 -3.0481720187e-08
6.7712186525e-01 -6.0089647447e-05
6.8300383385e-01 -4.9305002907e-05
1.3404275364e+00 -2.1601198906e-04
1.3519786754e+00 -1.8935542246e-04
1.9899891217e+00 -4.6750031106e-04
2.0069098708e+00 -4.2014064810e-04
2.6257785241e+00 -8.1454095252e-04
2.6478055691e+00 -7.3900238946e-04
3.2478072311e+00 -1.2465567717e-03
3.2746619628e+00 -1.1339872447e-03
3.8560862949e+00 -1.7629340292e-03
3.8874675202e+00 -1.6037604462e-03
4.4506098383e+00 -2.3627149613e-03
4.4862222878e+00 -2.1497656688e-03
5.0313903354e+00 -3.0388621367e-03
5.0709443352e+00 -2.7599997739e-03
5.5984217971e+00 -3.7757380357e-03
5.6416256056e+00 -3.4291741132e-03
6.1517177023e+00 -4.5704182300e-03
6.1982627002e+00 -4.1538083900e-03
6.6912740813e+00 -5.4255616522e-03
6.7408382720e+00 -4.9362499358e-03
7.2170782893e+00 -6.3348033945e-03
7.2693816115e+00 -5.7623299077e-03
7.7291548761e+00 -7.2877464898e-03
7.7838984998e+00 -6.6307195030e-03
8.2275047547e+00 -8.2797305724e-03
8.2843929149e+00 -7.5407300201e-03
8.7121142738e+00 -9.3089064750e-03
8.7708461959e+00 -8.4850235074e-03
9.1829641085e+00 -1.0364704518e-02
9.2432876767e+00 -9.4556722202e-03
9.6400727720e+00 -1.1443464413e-02
9.7017155009e+00 -1.0452673420e-02
1.0083461320e+01 -1.2542661490e-02
1.0146101364e+01 -1.1473516990e-02
1.0513101418e+01 -1.3657167551e-02
1.0576478980e+01 -1.2507470910e-02
1.0928981853e+01 -1.4776835850e-02
1.0992875639e+01 -1.3552286238e-02
1.1331103542e+01 -1.5900227912e-02
1.1395259026e+01 -1.4608978010e-02
1.1719469063e+01 -1.7027783210e-02
1.1783651182e+01 -1.5670541989e-02
1.2094096496e+01 -1.8143291583e-02
1.2158031458e+01 -1.6731452485e-02
1.2454957647e+01 -1.9248271043e-02
1.2518402903e+01 -1.7790658513e-02
1.2802050434e+01 -2.0343288815e-02
1.2864811920e+01 -1.8840711950e-02
1.3135379557e+01 -2.1424215497e-02
1.3197246614e+01 -1.9881278886e-02
1.3454941922e+01 -2.2479396819e-02
1.3515694946e+01 -2.0911221662e-02
1.3760721998e+01 -2.3509222068e-02
1.3820185867e+01 -2.1927590697e-02
1.4052707274e+01 -2.4515251320e-02
1.4110712582e+01 -2.2923434580e-02
1.4330925799e+01 -2.5488853470e-02
1.4387262505e+01 -2.3895026885e-02
1.4595368309e+01 -2.6422815833e-02
1.4649855158e+01 -2.4842040160e-02
1.4846013293e+01 -2.7316174605e-02
1.4898484502e+01 -2.5757534986e-02
1.5082839072e+01 -2.8169134704e-02
1.5133177488e+01 -2.6641960544e-02
1.5305897158e+01 -2.8979225022e-02
1.5353935139e+01 -2.7494760857e-02
1.5515135579e+01 -2.9745676940e-02
1.5560758495e+01 -2.8311532638e-02
1.5710572531e+01 -3.0468878958e-02
1.5753647135e+01 -2.9089124628e-02
1.5892191791e+01 -3.1144746670e-02
1.5932595952e+01 -2.9827206795e-02
1.6060025259e+01 -3.1764553520e-02
1.6097608335e+01 -3.0526684263e-02
1.6214037378e+01 -3.2331261361e-02
1.6248733374e+01 -3.1177583358e-02
1.6354231403e+01 -3.2845209055e-02
1.6385913184e+01 -3.1781269504e-02
1.6480603209e+01 -3.3304944689e-02
1.6509155360e+01 -3.2336422401e-02
1.6593138037e+01 -3.3706162744e-02
1.6618502890e+01 -3.2840257054e-02
1.6691829740e+01 -3.4053481439e-02
1.6713994488e+01 -3.3291490931e-02
1.6776679101e+01 -3.4345605570e-02
1.6795561802e+01 -3.3691776977e-02
1.6847685470e+01 -3.4579517571e-02
1.6863206530e+01 -3.4037189979e-02
1.6904851716e+01 -3.4754977971e-02
1.6916975940e+01 -3.4326544396e-02
1.6948206856e+01 -3.4868502253e-02
1.6956859395e+01 -3.4560610506e-02
1.6977664475e+01 -3.4921925236e-02
1.6982855002e+01 -3.4739525641e-02
1.6993255720e+01 -3.4918359299e-02
1.6994989866e+01 -3.4858459975e-02
