2.1036479697e+02
2.1053244859e+02
2.1069561104e+02
2.1085104984e+02
2.1100246532e+02
2.1114682912e+02
2.1128619004e+02
2.1141956492e+02
2.1154736139e+02
2.1166958663e+02
2.1178650601e+02
2.1189866935e+02
2.1200532420e+02
2.1210729930e+02
2.1220363872e+02
2.1229532827e+02
2.1238077213e+02
2.1246242941e+02
2.1253879641e+02
2.1261016094e+02
2.1267841193e+02
2.1274090595e+02
2.1279940519e+02
2.1285300694e+02
2.1290202246e+02
2.1294798045e+02
2.1298779119e+02
2.1302552515e+02
2.1305636187e+02
2.1308486065e+02
2.1310880516e+02
2.1312862509e+02
2.1314386509e+02
2.1315485629e+02
2.1316472308e+02
2.1316606511e+02
2.1316744780e+02
2.1316232254e+02
2.1315528885e+02
2.1314280977e+02
2.1312697565e+02
2.1310564991e+02
2.1308040297e+02
2.1305492522e+02
2.1302057902e+02
2.1298834092e+02
2.1294610074e+02
2.1290353586e+02
2.1285533922e+02
2.1280365826e+02
2.1274749799e+02
2.1268818896e+02
2.1262625263e+02
2.1255472987e+02
2.1248379357e+02
2.1241066860e+02
2.1232545394e+02
2.1224326848e+02
2.1215319696e+02
2.1205863156e+02
2.1196258734e+02
2.1185585471e+02
2.1175260499e+02
2.1163759855e+02
2.1152064705e+02
2.1140480366e+02
2.1127265545e+02
2.1114441658e+02
2.1100777246e+02
2.1086343789e+02
2.1072589244e+02
2.1056861122e+02
2.1041504986e+02
2.1025332745e+02
2.1009389939e+02
2.0992059576e+02
2.0974426304e+02
2.0956891642e+02
2.0938351519e+02
2.0919588679e+02
2.0900679857e+02
2.0880858779e+02
2.0861185790e+02
2.0841486582e+02
2.0820988607e+02
2.0800480906e+02
2.0779862931e+02
2.0759534683e+02
2.0738327467e+02
2.0718152788e+02
2.0699027716e+02
2.0680485981e+02
2.0658886267e+02
2.0644201566e+02
2.0630807825e+02
2.0610686338e+02
2.0607824882e+02
2.0610434458e+02
2.0620129767e+02
2.0796958103e+02
