3.9105319940e+02
3.9091277536e+02
3.9077601434e+02
3.9064805914e+02
3.9052493314e+02
3.9040391376e+02
3.9029365550e+02
3.9018906799e+02
3.9008876897e+02
3.8999571099e+02
3.8990493908e+02
3.8982432384e+02
3.8974840154e+02
3.8967905510e+02
3.8961908902e+02
3.8956282658e+02
3.8951609148e+02
3.8947101842e+02
3.8943203037e+02
3.8940127476e+02
3.8937775536e+02
3.8936339684e+02
3.8935105943e+02
3.8935010429e+02
3.8935199234e+02
3.8936300460e+02
3.8938207824e+02
3.8940654435e+02
3.8944060490e+02
3.8947862929e+02
3.8952168476e+02
3.8957565120e+02
3.8963638246e+02
3.8970215077e+02
3.8977819645e+02
3.8985725266e+02
3.8994461339e+02
3.9003997067e+02
3.9014475894e+02
3.9025367841e+02
3.9036706335e+02
3.9049111754e+02
3.9062077469e+02
3.9075684475e+02
3.9090083066e+02
3.9105168976e+02
3.9120845633e+02
3.9136987272e+02
3.9154041503e+02
3.9171648697e+02
3.9189768937e+02
3.9209090205e+02
3.9228582788e+02
3.9248476578e+02
3.9268815082e+02
3.9290151878e+02
3.9311889687e+02
3.9334015877e+02
3.9357193954e+02
3.9380330280e+02
3.9404112413e+02
3.9428566597e+02
3.9453072767e+02
3.9478326003e+02
3.9503645538e+02
3.9529720608e+02
3.9556299216e+02
3.9582806561e+02
3.9610206000e+02
3.9637292302e+02
3.9664937997e+02
3.9693093179e+02
3.9721263709e+02
3.9749526946e+02
3.9778406457e+02
3.9806910331e+02
3.9835968041e+02
3.9864945730e+02
3.9894592080e+02
3.9923348378e+02
3.9952501285e+02
3.9982567744e+02
4.0011516351e+02
4.0040563198e+02
4.0069843316e+02
4.0098509411e+02
4.0128454667e+02
4.0156154772e+02
4.0183376496e+02
4.0212710590e+02
4.0240724456e+02
4.0265899662e+02
4.0291101932e+02
4.0315546449e+02
4.0338189879e+02
4.0365631783e+02
4.0374898648e+02
4.0394688688e+02
4.0334799797e+02
4.0219651121e+02
