2.7200894034e+02
2.7200911939e+02
2.7200928446e+02
2.7200933906e+02
2.7200923545e+02
2.7200920005e+02
2.7200925544e+02
2.7200920945e+02
2.7200918815e+02
2.7200915157e+02
2.7200913560e+02
2.7200913685e+02
2.7200920505e+02
2.7200935417e+02
2.7200939143e+02
2.7200888033e+02
2.7200841826e+02
2.7200843122e+02
2.7200893971e+02
2.7200944819e+02
2.7200908232e+02
2.7200869023e+02
2.7200862209e+02
2.7200894137e+02
2.7200926065e+02
2.7200900332e+02
2.7200864413e+02
2.7200844655e+02
2.7200882659e+02
2.7200920663e+02
2.7200922164e+02
2.7200903956e+02
2.7200895520e+02
2.7200904314e+02
2.7200915538e+02
2.7200913600e+02
2.7200897902e+02
2.7200882553e+02
2.7200886695e+02
2.7200881111e+02
2.7200884681e+02
2.7200900678e+02
2.7200919902e+02
2.7200917288e+02
2.7200910108e+02
2.7200900989e+02
2.7200889817e+02
2.7200880515e+02
2.7200901697e+02
2.7200926606e+02
2.7200924639e+02
2.7200883260e+02
2.7200845286e+02
2.7200870314e+02
2.7200907969e+02
2.7200928452e+02
2.7200897373e+02
2.7200866294e+02
2.7200882901e+02
2.7200919964e+02
2.7200948948e+02
2.7200928638e+02
2.7200908328e+02
2.7200898192e+02
2.7200894961e+02
2.7200891461e+02
2.7200880093e+02
2.7200868725e+02
2.7200879205e+02
2.7200912137e+02
2.7200945069e+02
2.7200929022e+02
2.7200900062e+02
2.7200872866e+02
2.7200839497e+02
2.7200840623e+02
2.7200860535e+02
2.7200891551e+02
2.7200927299e+02
2.7200918931e+02
2.7200894267e+02
2.7200906909e+02
2.7200943933e+02
2.7200945724e+02
2.7200942455e+02
2.7200912081e+02
2.7200891800e+02
2.7200912763e+02
2.7200910238e+02
2.7200912822e+02
2.7200906252e+02
2.7200897565e+02
2.7200895673e+02
2.7200893367e+02
2.7200892826e+02
2.7200891566e+02
2.7200890105e+02
2.7200886600e+02
2.7200882763e+02
2.7200878926e+02
