4.9999773233e+01
4.9999772053e+01
4.9999770873e+01
4.9999769947e+01
4.9999769876e+01
4.9999769806e+01
4.9999764795e+01
4.9999759432e+01
4.9999762754e+01
4.9999772669e+01
4.9999782432e+01
4.9999777281e+01
4.9999771472e+01
4.9999766073e+01
4.9999763423e+01
4.9999760773e+01
4.9999757557e+01
4.9999755403e+01
4.9999753248e+01
4.9999757305e+01
4.9999769318e+01
4.9999781331e+01
4.9999782368e+01
4.9999775023e+01
4.9999767677e+01
4.9999768639e+01
4.9999773596e+01
4.9999778218e+01
4.9999772536e+01
4.9999765089e+01
4.9999757641e+01
4.9999757508e+01
4.9999757578e+01
4.9999757729e+01
4.9999757650e+01
4.9999757579e+01
4.9999760726e+01
4.9999785443e+01
4.9999810159e+01
4.9999825700e+01
4.9999804317e+01
4.9999782935e+01
4.9999766018e+01
4.9999754389e+01
4.9999742761e+01
4.9999743701e+01
4.9999743961e+01
4.9999744222e+01
4.9999765155e+01
4.9999790278e+01
4.9999794640e+01
4.9999792089e+01
4.9999786972e+01
4.9999777645e+01
4.9999762048e+01
4.9999745910e+01
4.9999740977e+01
4.9999742362e+01
4.9999743346e+01
4.9999761724e+01
4.9999786719e+01
4.9999811704e+01
4.9999802453e+01
4.9999787273e+01
4.9999772093e+01
4.9999764677e+01
4.9999757454e+01
4.9999755988e+01
4.9999762410e+01
4.9999769408e+01
4.9999773966e+01
4.9999772527e+01
4.9999771088e+01
4.9999769937e+01
4.9999771934e+01
4.9999773930e+01
4.9999770505e+01
4.9999763113e+01
4.9999761400e+01
4.9999763473e+01
4.9999768756e+01
4.9999779562e+01
4.9999783426e+01
4.9999786346e+01
4.9999789747e+01
4.9999776247e+01
4.9999766488e+01
4.9999761678e+01
4.9999773308e+01
4.9999789293e+01
4.9999799421e+01
4.9999793358e+01
4.9999788605e+01
4.9999787911e+01
4.9999791923e+01
4.9999795129e+01
4.9999794595e+01
4.9999791194e+01
4.9999783590e+01
4.9999787568e+01
