-1.6391646493e-07 -1.2970342811e-08
2.9230138696e-02 7.5940567924e-05
5.7855954919e-02 2.9571114476e-04
8.5877284752e-02 6.5929876016e-04
1.1328204676e-01 1.1614293675e-03
1.4007465321e-01 1.7853735522e-03
1.6624185381e-01 2.5345810925e-03
1.9177551410e-01 3.4103901397e-03
2.1667580558e-01 4.3968059028e-03
2.4093206720e-01 5.4881624309e-03
2.6454429895e-01 6.6844597239e-03
2.8751315397e-01 7.9832101304e-03
3.0982748704e-01 9.3698234941e-03
3.3148526920e-01 1.0841447823e-02
3.5248616465e-01 1.2398246747e-02
3.7282937537e-01 1.4035827441e-02
3.9250103863e-01 1.5741213035e-02
4.1149823691e-01 1.7513684803e-02
4.2983063206e-01 1.9349563130e-02
4.4749280665e-01 2.1246706887e-02
4.6447799006e-01 2.3191086289e-02
4.8078816484e-01 2.5180404942e-02
4.9641774159e-01 2.7215980607e-02
5.1137024041e-01 2.9291812529e-02
5.2563655128e-01 3.1395873242e-02
5.3921784634e-01 3.3526936215e-02
5.5212309714e-01 3.5682830701e-02
5.6434394655e-01 3.7859947402e-02
5.7588142571e-01 4.0045579592e-02
5.8673658265e-01 4.2239069115e-02
5.9690277819e-01 4.4441599686e-02
6.0639027232e-01 4.6641951425e-02
6.1518863114e-01 4.8833243764e-02
6.2330850701e-01 5.1013609551e-02
6.3074943030e-01 5.3182916910e-02
6.3750889058e-01 5.5331045307e-02
6.4359120147e-01 5.7451390695e-02
6.4899636298e-01 5.9543953075e-02
6.5372417526e-01 6.1607398036e-02
6.5778121314e-01 6.3628355012e-02
6.6117055490e-01 6.5603707327e-02
6.6389220053e-01 6.7533454983e-02
6.6594768863e-01 6.9413522157e-02
6.6734407139e-01 7.1232269500e-02
6.6808211281e-01 7.2988983120e-02
6.6816674120e-01 7.4682801314e-02
6.6759850777e-01 7.6307448377e-02
6.6639355836e-01 7.7852785279e-02
6.6454629699e-01 7.9318873760e-02
6.6205788225e-01 8.0704732521e-02
6.5894189856e-01 8.1998642070e-02
6.5520202751e-01 8.3197365367e-02
6.5084692837e-01 8.4300608862e-02
6.4587375282e-01 8.5306679406e-02
6.4030368915e-01 8.6204475081e-02
6.3413720207e-01 8.6992289187e-02
6.2737158781e-01 8.7668926921e-02
6.2002875905e-01 8.8224185487e-02
6.1211323533e-01 8.8654221512e-02
6.0363198507e-01 8.8961295883e-02
5.9458930155e-01 8.9142959755e-02
5.8501091883e-01 8.9189300944e-02
5.7490035317e-01 8.9099465368e-02
5.6425365012e-01 8.8872561350e-02
5.5310033204e-01 8.8497651355e-02
5.4145098295e-01 8.7975765551e-02
5.2930774280e-01 8.7307464619e-02
5.1668303146e-01 8.6489533734e-02
5.0361016432e-01 8.5514960710e-02
4.9009084459e-01 8.4383500254e-02
4.7612978156e-01 8.3095127297e-02
4.6176607731e-01 8.1648167090e-02
4.4700850037e-01 8.0040358389e-02
4.3185701261e-01 7.8271667492e-02
4.1634615038e-01 7.6338930439e-02
4.0051091664e-01 7.4241307838e-02
3.8435369926e-01 7.1978770562e-02
3.6788178165e-01 6.9559572215e-02
3.5115613402e-01 6.6987802255e-02
3.3418695975e-01 6.4260698358e-02
3.1697233546e-01 6.1375547032e-02
2.9957436638e-01 5.8338466392e-02
2.8203736070e-01 5.5152773365e-02
2.6435236856e-01 5.1831537136e-02
2.4654571605e-01 4.8385572465e-02
2.2871838587e-01 4.4831330214e-02
2.1087679760e-01 4.1169825420e-02
1.9301937932e-01 3.7399830686e-02
1.7522108647e-01 3.3540389080e-02
1.5760952167e-01 2.9653941914e-02
1.4015677645e-01 2.5745843126e-02
1.2292488705e-01 2.1803373926e-02
1.0599275275e-01 1.7918030054e-02
8.9348336926e-02 1.4177002495e-02
7.3174409972e-02 1.0578565518e-02
5.7561860734e-02 7.1313160385e-03
4.2505782551e-02 4.2620823710e-03
2.7893515626e-02 2.1171221318e-03
1.3725059956e-02 6.9643532095e-04
4.1554383223e-07 2.1938362248e-08
