2.1980851751e+02
2.1996452370e+02
2.2011516163e+02
2.2026114941e+02
2.2039928682e+02
2.2053570411e+02
2.2066270745e+02
2.2078813270e+02
2.2090851404e+02
2.2102418797e+02
2.2113577050e+02
2.2123851197e+02
2.2133953266e+02
2.2143263762e+02
2.2152370780e+02
2.2160950669e+02
2.2169054052e+02
2.2176836188e+02
2.2184109929e+02
2.2191089683e+02
2.2197572096e+02
2.2203673677e+02
2.2209538852e+02
2.2214760476e+02
2.2219651577e+02
2.2224116420e+02
2.2228289710e+02
2.2232082893e+02
2.2235428281e+02
2.2238482122e+02
2.2241094797e+02
2.2243337542e+02
2.2245193424e+02
2.2246851088e+02
2.2248091293e+02
2.2249039215e+02
2.2249622401e+02
2.2249745549e+02
2.2249598360e+02
2.2249140118e+02
2.2248472649e+02
2.2247223018e+02
2.2245880667e+02
2.2243817341e+02
2.2241622300e+02
2.2239000753e+02
2.2236254902e+02
2.2232992849e+02
2.2229511686e+02
2.2225467485e+02
2.2221113214e+02
2.2216589171e+02
2.2211617572e+02
2.2206351374e+02
2.2200152413e+02
2.2194133755e+02
2.2187510464e+02
2.2180788186e+02
2.2173204724e+02
2.2165355154e+02
2.2157174279e+02
2.2148498910e+02
2.2139585582e+02
2.2130021762e+02
2.2120263022e+02
2.2109789544e+02
2.2098928060e+02
2.2087529054e+02
2.2075792185e+02
2.2063427405e+02
2.2050981606e+02
2.2037241913e+02
2.2023517222e+02
2.2009318698e+02
2.1994733209e+02
2.1979094805e+02
2.1963382519e+02
2.1947080274e+02
2.1930634973e+02
2.1912792175e+02
2.1895366617e+02
2.1877196401e+02
2.1858855742e+02
2.1839284183e+02
2.1820160861e+02
2.1800974859e+02
2.1780489128e+02
2.1761027239e+02
2.1741155936e+02
2.1720130184e+02
2.1701280554e+02
2.1680497356e+02
2.1664495280e+02
2.1642561628e+02
2.1626709058e+02
2.1615249395e+02
2.1603360205e+02
2.1585844375e+02
2.1619870741e+02
2.1771874971e+02
