2.7518655244e-07 -1.0317355588e-07
3.0230204582e-01 6.9224586228e-04
5.9869647440e-01 2.7445810057e-03
8.8913663236e-01 6.0995339294e-03
1.1735575140e+00 1.0720596823e-02
1.4519210991e+00 1.6549376570e-02
1.7241633804e+00 2.3550781192e-02
1.9902306170e+00 3.1674946549e-02
2.2500767956e+00 4.0869482379e-02
2.5036477136e+00 5.1099689473e-02
2.7509160350e+00 6.2321118820e-02
2.9917656477e+00 7.4509136898e-02
3.2261391127e+00 8.7586409129e-02
3.4539857623e+00 1.0150993657e-01
3.6752772247e+00 1.1623674500e-01
3.8899758323e+00 1.3172200625e-01
4.0980163653e+00 1.4793100983e-01
4.2993484525e+00 1.6481307280e-01
4.4938967499e+00 1.8233878985e-01
4.6816478481e+00 2.0045400217e-01
4.8625254663e+00 2.1911140434e-01
5.0365139957e+00 2.3827293064e-01
5.2035461980e+00 2.5788431636e-01
5.3635795986e+00 2.7791094999e-01
5.5165991453e+00 2.9830155642e-01
5.6625253747e+00 3.1901171912e-01
5.8013715378e+00 3.4000177336e-01
5.9330657278e+00 3.6122037666e-01
6.0576116620e+00 3.8262598065e-01
6.1749637536e+00 4.0417070642e-01
6.2850984907e+00 4.2580336419e-01
6.3880013018e+00 4.4749162174e-01
6.4836535567e+00 4.6917079675e-01
6.5720339640e+00 4.9081708870e-01
6.6531473197e+00 5.1236776262e-01
6.7269734977e+00 5.3378570615e-01
6.7935344122e+00 5.5502240200e-01
6.8527964532e+00 5.7602869007e-01
6.9047748579e+00 5.9676709644e-01
6.9494881638e+00 6.1718528535e-01
6.9869509391e+00 6.3723590500e-01
7.0171590021e+00 6.5687458376e-01
7.0401519257e+00 6.7605596101e-01
7.0559465443e+00 6.9473401543e-01
7.0645819948e+00 7.1286715623e-01
7.0660859496e+00 7.3039878806e-01
7.0605052479e+00 7.4730092697e-01
7.0478629035e+00 7.6351107719e-01
7.0282397753e+00 7.7899195257e-01
7.0016580306e+00 7.9369705825e-01
6.9681703162e+00 8.0757865884e-01
6.9278802726e+00 8.2059778497e-01
6.8808284296e+00 8.3271578742e-01
6.8270989884e+00 8.4387316817e-01
6.7667525934e+00 8.5404131744e-01
6.6999001447e+00 8.6317710624e-01
6.6266103756e+00 8.7123213770e-01
6.5469520921e+00 8.7816367432e-01
6.4610836685e+00 8.8394293283e-01
6.3690756421e+00 8.8851947492e-01
6.2710545468e+00 8.9186814112e-01
6.1671170427e+00 8.9393806851e-01
6.0574031620e+00 8.9470704361e-01
5.9420294161e+00 8.9413228166e-01
5.8211274294e+00 8.9218235425e-01
5.6948547181e+00 8.8881816678e-01
5.5633394345e+00 8.8402437190e-01
5.4267502140e+00 8.7776438499e-01
5.2852249737e+00 8.7001319388e-01
5.1389408334e+00 8.6075128011e-01
4.9880665940e+00 8.4995023754e-01
4.8327998046e+00 8.3760518632e-01
4.6733081190e+00 8.2368841410e-01
4.5097903239e+00 8.0819571514e-01
4.3424650527e+00 7.9110803580e-01
4.1715333714e+00 7.7243702400e-01
3.9972185263e+00 7.5216652984e-01
3.8197582264e+00 7.3031009583e-01
3.6394155992e+00 7.0686739220e-01
3.4564272442e+00 6.8187293921e-01
3.2710671606e+00 6.5532319409e-01
3.0836394906e+00 6.2726737058e-01
2.8944638227e+00 5.9772178018e-01
2.7038469631e+00 5.6675329281e-01
2.5121563100e+00 5.3439147318e-01
2.3197832569e+00 5.0073355187e-01
2.1271408399e+00 4.6582355846e-01
1.9346892852e+00 4.2977709475e-01
1.7429588418e+00 3.9269311474e-01
1.5525343063e+00 3.5472315465e-01
1.3640753349e+00 3.1600330457e-01
1.1783508387e+00 2.7676526594e-01
9.9623942940e-01 2.3721007664e-01
8.1887255972e-01 1.9764505344e-01
6.4762997068e-01 1.5843582572e-01
4.8437773179e-01 1.2009844107e-01
3.3157368572e-01 8.3312492434e-02
1.9269907475e-01 4.9128195392e-02
7.5045461875e-02 1.8612585970e-02
-4.6923433859e-06 4.2968555122e-08
