4.3452462053e+02
4.3436296112e+02
4.3420852824e+02
4.3406129806e+02
4.3391991257e+02
4.3378421656e+02
4.3365790266e+02
4.3353676880e+02
4.3342678351e+02
4.3331764130e+02
4.3321821873e+02
4.3312770384e+02
4.3304189397e+02
4.3296701830e+02
4.3289505663e+02
4.3283185658e+02
4.3277895056e+02
4.3273129699e+02
4.3269236001e+02
4.3265977287e+02
4.3263353559e+02
4.3262060576e+02
4.3261262578e+02
4.3260944143e+02
4.3261948702e+02
4.3263576579e+02
4.3265793499e+02
4.3269111835e+02
4.3273286857e+02
4.3278077181e+02
4.3283979052e+02
4.3290554780e+02
4.3297415044e+02
4.3306095053e+02
4.3315223210e+02
4.3324717036e+02
4.3335485983e+02
4.3347016109e+02
4.3359184070e+02
4.3372547284e+02
4.3386452779e+02
4.3400894973e+02
4.3416703597e+02
4.3433101154e+02
4.3450126508e+02
4.3468207883e+02
4.3486908899e+02
4.3506174893e+02
4.3526377992e+02
4.3547549989e+02
4.3569220895e+02
4.3591501298e+02
4.3614389686e+02
4.3638438567e+02
4.3662737379e+02
4.3687825547e+02
4.3713496980e+02
4.3739871383e+02
4.3766552884e+02
4.3794051073e+02
4.3822180508e+02
4.3850734288e+02
4.3879644578e+02
4.3909073745e+02
4.3939358918e+02
4.3969630732e+02
4.4000544851e+02
4.4031540017e+02
4.4063497728e+02
4.4095187542e+02
4.4127352897e+02
4.4160081029e+02
4.4192452623e+02
4.4225471715e+02
4.4259059927e+02
4.4291999672e+02
4.4325882491e+02
4.4358929938e+02
4.4392525427e+02
4.4426576551e+02
4.4459814877e+02
4.4494268420e+02
4.4526616002e+02
4.4561571433e+02
4.4593347514e+02
4.4627410018e+02
4.4659140716e+02
4.4692067352e+02
4.4724543366e+02
4.4754661085e+02
4.4786565811e+02
4.4814819207e+02
4.4844604352e+02
4.4874589087e+02
4.4897091827e+02
4.4918691758e+02
4.4933525714e+02
4.4961996497e+02
4.4929344993e+02
4.4761416611e+02
