1.3657576315e-03 -2.4680879049e-06
2.0707692307e-03 3.3496786933e-06
2.8851426396e-05 3.8215323141e-07
2.0970992416e-03 1.5549734982e-05
1.3980438168e-03 -9.2541623925e-06
1.4520360826e-03 1.9914950448e-05
2.0790750094e-03 -1.9874665322e-05
1.0657532832e-04 2.9889495539e-06
2.0849840387e-03 -2.4365417390e-05
1.3085623999e-03 1.7897652986e-05
1.4067455728e-03 -1.9814617296e-05
2.0433720848e-03 3.2854000880e-05
3.3081162277e-05 -7.5534553464e-07
2.1080554468e-03 3.7734229479e-05
1.3597217667e-03 -2.8695578333e-05
1.4869006402e-03 2.9722846619e-05
2.0667419394e-03 -4.8064929465e-05
1.6950527815e-04 3.7680462131e-06
2.0823225299e-03 -5.2485192890e-05
1.2775942379e-03 3.4927369296e-05
1.4256135248e-03 -3.9831907332e-05
2.0359952658e-03 6.0186300296e-05
1.0248574198e-04 -2.6605290222e-06
2.1065381072e-03 6.6215978657e-05
1.3235403037e-03 -3.8756305667e-05
1.5092955114e-03 5.1648481599e-05
2.0486654564e-03 -7.0173009570e-05
2.3061400485e-04 8.5461208248e-06
2.0850797380e-03 -8.1422630092e-05
1.2303232971e-03 4.7173371550e-05
1.4629747315e-03 -6.1697220503e-05
2.0125982861e-03 8.4375885646e-05
1.8395174526e-04 -8.2652038637e-06
2.1108674968e-03 9.6245853591e-05
1.2510284342e-03 -5.9117511964e-05
1.5494788354e-03 7.5471011907e-05
1.9972640821e-03 -1.0042954747e-04
3.0277569702e-04 1.5937766653e-05
2.1013323417e-03 -1.1060383340e-04
1.1655765779e-03 6.3881383946e-05
1.5247760710e-03 -8.3797608479e-05
1.9729415899e-03 1.1272613716e-04
2.2727826850e-04 -1.3017094980e-05
2.1095258300e-03 1.2468490193e-04
1.2081376001e-03 -7.2883465730e-05
1.5717015536e-03 9.7110229693e-05
1.9912724393e-03 -1.2578013162e-04
3.5897372308e-04 2.2855546389e-05
2.0936841550e-03 -1.3863662600e-04
1.1195084914e-03 7.1810709536e-05
1.5314823841e-03 -1.0638409355e-04
1.9480933243e-03 1.3315582496e-04
2.9669082399e-04 -2.1364548452e-05
2.1012223833e-03 1.5293590498e-04
1.1590692651e-03 -8.4972138091e-05
1.5958445110e-03 1.2086473874e-04
1.9566533361e-03 -1.4982923513e-04
4.2083719667e-04 3.2903918255e-05
2.0868176288e-03 -1.6614580812e-04
1.0591340480e-03 8.6851678308e-05
1.5587005537e-03 -1.2822652958e-04
1.9067511091e-03 1.6130360040e-04
3.5886243504e-04 -3.0390660962e-05
2.0908028639e-03 1.8139840447e-04
1.1041927674e-03 -9.7457310372e-05
1.6243406429e-03 1.4565730964e-04
1.9225809410e-03 -1.7473865999e-04
4.8046821292e-04 4.4659757253e-05
2.0782805245e-03 -1.9381664790e-04
9.9006512009e-04 9.5453547294e-05
1.5832310001e-03 -1.5223567219e-04
1.8574687366e-03 1.8320381584e-04
4.1515138114e-04 -4.1350468274e-05
2.0770452896e-03 2.0888168704e-04
1.0489721781e-03 -1.0709968238e-04
1.6370404699e-03 1.6971745243e-04
1.8904384065e-03 -1.9750085577e-04
5.3178099318e-04 5.7027890544e-05
2.0651241596e-03 -2.2053934473e-04
9.3980470484e-04 1.0303775895e-04
1.5873345072e-03 -1.7429440455e-04
1.8252644373e-03 2.0451429454e-04
4.6453145302e-04 -5.2443057517e-05
2.0574277920e-03 2.3554012766e-04
9.8874249973e-04 -1.1300191465e-04
1.6418641396e-03 1.9285207220e-04
1.8457076224e-03 -2.1648720063e-04
5.7856152562e-04 6.9690804925e-05
2.0475241912e-03 -2.4628072990e-04
8.8459158405e-04 1.0763154562e-04
1.6136262458e-03 -2.0000888122e-04
1.7867407674e-03 2.2299634970e-04
5.2662727982e-04 -6.7279909780e-05
2.0355034629e-03 2.6099383522e-04
9.2823246509e-04 -1.1989700858e-04
1.6430973137e-03 2.1551997507e-04
1.7994087391e-03 -2.3666317139e-04
6.2367187252e-04 8.3972580488e-05
2.0273895549e-03 -2.7145678859e-04
8.2537910860e-04 1.1386963809e-04
1.6198647639e-03 -2.2165830441e-04
1.7390715092e-03 2.4391209966e-04
5.7242174532e-04 -7.9916212502e-05
2.0070777465e-03 2.8739361599e-04
8.6712814885e-04 -1.2274495912e-04
1.6595150882e-03 2.4703708690e-04
1.7535671201e-03 -2.5300830109e-04
6.7341149543e-04 1.0369341820e-04
2.0037413332e-03 -2.9497438885e-04
7.6684093835e-04 1.1754640057e-04
1.6281745590e-03 -2.4501773424e-04
1.6977834509e-03 2.6283003721e-04
6.1968242674e-04 -9.5239982331e-05
1.9783470176e-03 3.0995115267e-04
8.0545276591e-04 -1.2583140936e-04
1.6553156530e-03 2.6599272490e-04
1.7043866036e-03 -2.7012095696e-04
7.1279578072e-04 1.1761974623e-04
1.9775369532e-03 -3.1737084020e-04
6.9136700871e-04 1.1502891344e-04
1.6327740024e-03 -2.6590574424e-04
1.6236166444e-03 2.7301268236e-04
6.6314837976e-04 -1.0975003193e-04
1.9461688217e-03 3.3332102599e-04
7.4735655980e-04 -1.2694101578e-04
1.6625586436e-03 2.9034091775e-04
1.6588654282e-03 -2.8528861002e-04
7.5649507770e-04 1.3502524930e-04
1.9466053288e-03 -3.3836325353e-04
6.3008844390e-04 1.1385639180e-04
1.6294759316e-03 -2.8765822018e-04
1.5726402328e-03 2.8688180309e-04
7.0288402662e-04 -1.2608382057e-04
1.9120833221e-03 3.5361324066e-04
6.8722132740e-04 -1.2468511229e-04
1.6532088973e-03 3.0894695098e-04
1.6063421267e-03 -2.9608952788e-04
7.8842696474e-04 1.4947446007e-04
1.9153813298e-03 -3.6027262656e-04
5.7147767210e-04 1.1103844464e-04
1.6272794591e-03 -3.1516266542e-04
1.5214524153e-03 2.9883210359e-04
7.3802105680e-04 -1.4695422309e-04
1.8743377200e-03 3.7271383458e-04
6.2178336001e-04 -1.2279698633e-04
1.6388528827e-03 3.3021380063e-04
1.5501296794e-03 -3.0815911756e-04
8.1405817449e-04 1.6718261052e-04
1.8794939055e-03 -3.7841878950e-04
5.0919733376e-04 1.0688389040e-04
1.6243396659e-03 -3.2954141996e-04
1.4668838378e-03 3.0922321973e-04
7.7398801577e-04 -1.5874304878e-04
1.8323535182e-03 3.9177928974e-04
5.6225638259e-04 -1.1780334480e-04
1.6334996082e-03 3.5924322092e-04
1.4983367884e-03 -3.1738896077e-04
1.8447497553e-03 -3.9533221990e-04
8.4942947563e-04 1.9219579242e-04
1.6118395574e-03 -3.4846468869e-04
4.4971086046e-04 1.0193755586e-04
8.0156977581e-04 -1.7535591786e-04
1.4103768764e-03 3.1825913149e-04
5.0419746205e-04 -1.1234218846e-04
1.7931408034e-03 4.0845950772e-04
1.4450908371e-03 -3.2496982434e-04
1.6112904742e-03 3.6936062143e-04
1.8027283320e-03 -4.1004529842e-04
8.6416761173e-04 2.0024950576e-04
1.5991690012e-03 -3.6762421820e-04
3.9315552537e-04 9.3007002264e-05
8.3150962438e-04 -1.9364002525e-04
1.3650408738e-03 3.2526660154e-04
4.4527917086e-04 -1.0536329846e-04
1.7523172389e-03 4.2266856457e-04
1.3840569283e-03 -3.2975364530e-04
1.5834172740e-03 3.8634685107e-04
1.7609885788e-03 -4.2409158792e-04
8.7635707988e-04 2.1670018892e-04
1.5866129759e-03 -3.8609114026e-04
3.3342197959e-04 8.3943740995e-05
8.5500516105e-04 -2.1061326448e-04
1.3018964921e-03 3.2910770866e-04
3.8550610080e-04 -9.6429066924e-05
1.7053174505e-03 4.3550976048e-04
1.3315906153e-03 -3.3498256563e-04
1.5713953299e-03 4.0406222460e-04
1.7198015680e-03 -4.3684398011e-04
9.0265065478e-04 2.3442639474e-04
1.5666136734e-03 -4.0082608737e-04
2.7728219590e-04 7.3323144350e-05
8.7216210123e-04 -2.2534837251e-04
1.2478744119e-03 3.3227591722e-04
3.2695003344e-04 -8.6130299199e-05
1.6573749063e-03 4.4701527985e-04
1.2750804907e-03 -3.3772359525e-04
1.5488296257e-03 4.2846517133e-04
1.6765979003e-03 -4.4809085239e-04
9.2169589551e-04 2.6155379445e-04
1.5471967591e-03 -4.1720174085e-04
2.1715030042e-04 6.1912318827e-05
8.9058679901e-04 -2.4283251612e-04
1.1665832339e-03 3.2852637427e-04
2.7220614607e-04 -7.5407833180e-05
1.5982064445e-03 4.5421995915e-04
1.2178183619e-03 -3.3828140802e-04
1.5209505486e-03 4.3530727011e-04
1.6291935495e-03 -4.5699218775e-04
9.2872197722e-04 2.6823881820e-04
1.5257551329e-03 -4.3429740045e-04
1.6243991669e-04 4.8096187215e-05
9.0568519456e-04 -2.6209691116e-04
1.1183804248e-03 3.3049185550e-04
2.1235500831e-04 -6.2050439915e-05
1.5495890791e-03 4.6180188467e-04
1.1544048357e-03 -3.3618689340e-04
1.4836444909e-03 4.4554830341e-04
1.5837050577e-03 -4.6514841825e-04
9.3041054278e-04 2.8213378955e-04
1.5026941169e-03 -4.4435727880e-04
1.1022167862e-04 3.4187270378e-05
9.1525752755e-04 -2.7297861235e-04
1.0440119867e-03 3.2333796517e-04
1.6056963150e-04 -4.8923660717e-05
1.4902379074e-03 4.6516356754e-04
1.1043366501e-03 -3.3637747264e-04
1.4550237644e-03 4.5683321448e-04
1.5360065063e-03 -4.7128018212e-04
9.3591140080e-04 2.9631209776e-04
1.4748931006e-03 -4.5529383863e-04
5.9440863073e-05 1.9452731227e-05
9.2556449661e-04 -2.8806262410e-04
9.8987366656e-04 3.2082430613e-04
1.1033696228e-04 -3.5131095598e-05
1.4387368097e-03 4.6986550802e-04
1.0446673785e-03 -3.3138257978e-04
1.4215291430e-03 4.6752662812e-04
1.4858428020e-03 -4.7503177431e-04
1.4466096911e-03 -4.6614259302e-04
9.3869453928e-04 3.1163751282e-04
9.3087966945e-04 -3.0274396704e-04
1.1599842259e-05 4.5150114343e-06
6.0327828913e-05 -2.0221246945e-05
9.3009036733e-04 3.1482257472e-04
9.8620254404e-04 -3.2567314679e-04
1.3850671334e-03 4.7204063717e-04
1.4334121128e-03 -4.7682135734e-04
1.3886734278e-03 4.7577176288e-04
1.4165302992e-03 -4.7439395226e-04
9.3801001056e-04 3.2378735735e-04
9.3725643967e-04 -3.1660655844e-04
3.3162902442e-05 1.1930953597e-05
1.4453963345e-05 -5.4819317421e-06
8.7946329754e-04 3.1005898830e-04
9.3230038688e-04 -3.2074989049e-04
1.3351058466e-03 4.7408360858e-04
1.3848669295e-03 -4.7919687322e-04
1.3479192551e-03 4.8200153119e-04
1.3828643661e-03 -4.8075984841e-04
9.2865942480e-04 3.3510346365e-04
9.3085857884e-04 -3.2583043235e-04
7.4898591574e-05 2.7858931939e-05
3.2100257848e-05 -1.1763579746e-05
8.2125340443e-04 3.0155363807e-04
8.7765287356e-04 -3.1298102781e-04
1.2789753854e-03 4.7244063040e-04
1.3352279698e-03 -4.7907501589e-04
1.3065773231e-03 4.8486559790e-04
1.3495319763e-03 -4.8687117616e-04
9.1724731924e-04 3.4278135584e-04
9.2909476525e-04 -3.3760322550e-04
1.1443817199e-04 4.3763741776e-05
7.6335491581e-05 -2.8396753329e-05
7.6375923691e-04 2.9240297348e-04
8.2661034909e-04 -3.0536843677e-04
1.2196300054e-03 4.6950846582e-04
1.2869905794e-03 -4.7847686927e-04
1.2648284982e-03 4.9234093807e-04
1.3152684248e-03 -4.9234725643e-04
9.1224233314e-04 3.6149927930e-04
9.2444121446e-04 -3.4907757262e-04
1.5212278663e-04 6.2529939785e-05
1.1432250549e-04 -4.4199198058e-05
6.9932533670e-04 2.7818131556e-04
7.7107697353e-04 -2.9533833222e-04
1.1569273730e-03 4.6175021554e-04
1.2329870257e-03 -4.7464199425e-04
1.2282807197e-03 4.9141897659e-04
1.2792833261e-03 -4.9476877165e-04
9.0194571905e-04 3.6258093501e-04
9.2078678667e-04 -3.5834452048e-04
1.8201215843e-04 7.4102610649e-05
1.5096782166e-04 -5.9554805941e-05
6.5624458947e-04 2.7016002808e-04
7.1804430616e-04 -2.8414305143e-04
1.1103883529e-03 4.5938430588e-04
1.1813296471e-03 -4.6989635200e-04
1.1798852314e-03 4.9241834899e-04
1.2416440294e-03 -4.9650620229e-04
9.0998549074e-04 -3.6648549995e-04
8.7994061166e-04 3.7313870008e-04
1.8157594092e-04 -7.4060783985e-05
2.0820130151e-04 9.0546675491e-05
6.6802975515e-04 -2.7283439269e-04
6.0032066109e-04 2.5545028563e-04
1.1321135796e-03 -4.6480974765e-04
1.0522837514e-03 4.4970780261e-04
1.2023368830e-03 -4.9621856160e-04
1.1387902575e-03 4.8958592076e-04
8.9574505088e-04 -3.7203229304e-04
8.6282344348e-04 3.7372152959e-04
2.1287026015e-04 -8.9313942602e-05
2.3211006888e-04 1.0172571937e-04
6.1448860554e-04 -2.5916713958e-04
5.5083438559e-04 2.4241055054e-04
1.0745599789e-03 -4.5540567547e-04
9.9777312813e-04 4.4099238181e-04
1.1606304574e-03 -4.9420022238e-04
1.0930419576e-03 4.8501088189e-04
8.8146010615e-04 -3.7770409960e-04
8.4199538104e-04 3.7578564158e-04
2.3718873633e-04 -1.0275374689e-04
2.5102190979e-04 1.1309673276e-04
5.6743438577e-04 -2.4706124626e-04
5.0668011732e-04 2.3009561254e-04
1.0250321058e-03 -4.4786998679e-04
9.4967354995e-04 4.3325759294e-04
1.1182609545e-03 -4.9016263458e-04
1.0482595400e-03 4.8070952982e-04
8.6394799414e-04 -3.8049136945e-04
8.2044180638e-04 3.7915243916e-04
2.5899650892e-04 -1.1519640767e-04
2.7061928874e-04 1.2636455999e-04
5.1875252050e-04 -2.3329066471e-04
4.5647858342e-04 2.1419989836e-04
9.7234503894e-04 -4.3815613970e-04
8.9059157481e-04 4.1947027674e-04
1.0753705307e-03 -4.8557303126e-04
1.0040242833e-03 4.7461450334e-04
8.4318313623e-04 -3.8278642404e-04
8.0249973442e-04 3.8126282234e-04
2.7697473404e-04 -1.2730368681e-04
2.8764142860e-04 1.3767088665e-04
4.7329561371e-04 -2.1938130820e-04
4.1193601435e-04 1.9914143729e-04
9.2204702209e-04 -4.2755883605e-04
8.3803165356e-04 4.0682433579e-04
1.0320789901e-03 -4.7974626328e-04
8.1959905241e-04 -3.8390263200e-04
9.5665603195e-04 4.6656809834e-04
2.9333400121e-04 -1.3885503709e-04
7.7177659364e-04 3.7941528836e-04
4.2821169350e-04 -2.0241740459e-04
2.9587169844e-04 1.4680433741e-04
8.6819310705e-04 -4.1189085948e-04
3.7135952708e-04 1.8473245357e-04
9.8670522232e-04 -4.7112002093e-04
7.8929774518e-04 3.9423161844e-04
7.9973402638e-04 -3.8570605290e-04
9.1065033139e-04 4.5715974180e-04
3.0696282549e-04 -1.4962977953e-04
7.4603283087e-04 3.7719984070e-04
3.8370674148e-04 -1.8664094897e-04
3.0418850317e-04 1.5514301115e-04
8.1722016060e-04 -3.9859841432e-04
3.2985889976e-04 1.6936707414e-04
9.4406210674e-04 -4.6221169241e-04
7.3748140434e-04 3.7969952752e-04
7.7712295410e-04 -3.8213373412e-04
8.6237873381e-04 4.4575537091e-04
3.1805357635e-04 -1.5735091824e-04
7.1936158515e-04 3.7370474382e-04
3.4185637217e-04 -1.7069662834e-04
3.1151356320e-04 1.6280438943e-04
7.6461505057e-04 -3.8289244138e-04
2.8909924975e-04 1.5219664229e-04
8.9491535145e-04 -4.4982478060e-04
6.8393853776e-04 3.6157221113e-04
7.4887998548e-04 -3.7835526746e-04
8.1575739126e-04 4.3349432610e-04
3.2458164903e-04 -1.6522212437e-04
6.8723798983e-04 3.6703359202e-04
3.0167764459e-04 -1.5475669308e-04
3.1192561614e-04 1.6782168822e-04
7.1300909442e-04 -3.6621855293e-04
2.5431083617e-04 1.3815958678e-04
8.4639977945e-04 -4.3648952361e-04
6.3836761264e-04 3.4747695438e-04
7.1935906941e-04 -3.7268497670e-04
7.6687911849e-04 4.1913328060e-04
3.2855487682e-04 -1.7136590548e-04
2.6356519868e-04 -1.3827273955e-04
6.5538568296e-04 3.6016170517e-04
6.6225737258e-04 -3.4810830502e-04
3.1199093809e-04 1.7272789463e-04
7.9843453694e-04 -4.2172492658e-04
2.1644504195e-04 1.2064103754e-04
6.8428284603e-04 -3.6299832608e-04
5.8359817523e-04 3.2590665554e-04
3.2673377188e-04 -1.7441761023e-04
7.1688457411e-04 4.0237825980e-04
2.2821128795e-04 -1.2286803363e-04
6.2435413175e-04 3.5192609349e-04
6.1181982745e-04 -3.2980359037e-04
3.1048785424e-04 1.7616238216e-04
7.4694140732e-04 -4.0429205140e-04
1.8446928483e-04 1.0594150461e-04
6.4861016447e-04 -3.5262012014e-04
5.3813631895e-04 3.0905459031e-04
3.2317230009e-04 -1.7687601965e-04
6.6845809705e-04 3.8518470246e-04
1.9413931819e-04 -1.0724101575e-04
5.8530700369e-04 3.3875147475e-04
5.6166600650e-04 -3.1002498880e-04
3.0178329411e-04 1.7575954117e-04
6.9587007818e-04 -3.8557340338e-04
1.5525174187e-04 9.1085855653e-05
6.1113699067e-04 -3.4021462464e-04
4.9135774143e-04 2.8865640805e-04
3.1572894750e-04 -1.7693801475e-04
6.1749517361e-04 3.6451119213e-04
1.6073064326e-04 -9.0946344102e-05
5.4986298156e-04 3.2581527147e-04
5.1018749937e-04 -2.8805363779e-04
2.9456047633e-04 1.7543541615e-04
6.4240601502e-04 -3.6384881773e-04
1.2522224105e-04 7.5431452053e-05
5.7312894120e-04 -3.2546384864e-04
4.4145482602e-04 2.6614851251e-04
3.0828599866e-04 -1.7580065593e-04
1.3044980078e-04 -7.5298659180e-05
5.6423725225e-04 3.4163909235e-04
4.5614184860e-04 -2.6318665466e-04
5.0721668831e-04 3.0854189294e-04
5.8673609111e-04 -3.3942759456e-04
2.8030838046e-04 1.7158564756e-04
5.3011216114e-04 -3.0752061576e-04
9.7982857674e-05 6.1011162654e-05
2.9320746382e-04 -1.7087703315e-04
3.9023166406e-04 2.4173684326e-04
1.0152988493e-04 -6.0127319100e-05
5.0804421843e-04 3.1533499699e-04
4.0738316127e-04 -2.4033756927e-04
4.6297277888e-04 2.8816487280e-04
5.3155199612e-04 -3.1421010431e-04
2.6368652624e-04 1.6496096783e-04
4.8288494670e-04 -2.8644353750e-04
7.3825895096e-05 4.6985772407e-05
2.7364656340e-04 -1.6342444976e-04
3.4181018825e-04 2.1610335065e-04
7.5715040561e-05 -4.6714926340e-05
4.5089034569e-04 2.8631012843e-04
3.5637246468e-04 -2.1553811821e-04
4.1507209619e-04 2.6688720849e-04
4.7079460788e-04 -2.8490912161e-04
2.4343723201e-04 1.5844979627e-04
4.2839046386e-04 -2.6209851635e-04
5.1814024096e-05 3.3930400506e-05
2.4755050815e-04 -1.5364021789e-04
2.8716185744e-04 1.8571055420e-04
5.2625032890e-05 -3.4783581140e-05
3.8674879295e-04 2.5138028878e-04
3.0117805651e-04 -1.9051178367e-04
3.6001428853e-04 2.3605127335e-04
4.0267354221e-04 -2.5098029255e-04
3.7017414267e-04 -2.2915529052e-04
2.1533071110e-04 1.4239955167e-04
2.1996023579e-04 -1.3676258511e-04
3.1684402179e-05 2.2563778588e-05
3.4381937330e-05 -2.2344251851e-05
2.3223705160e-04 1.5693436745e-04
2.4571780793e-04 -1.5386629222e-04
3.1587526728e-04 2.1152381026e-04
3.3243523455e-04 -2.0828031904e-04
2.9384986353e-04 1.9534941119e-04
3.0659275546e-04 -1.9330960820e-04
1.7809927140e-04 1.1816845397e-04
1.8496947071e-04 -1.1715305341e-04
1.7154779058e-05 1.2245079336e-05
1.7837047981e-05 -1.1991788086e-05
1.7457157320e-04 1.1924307881e-04
1.8556145387e-04 -1.1863769880e-04
2.3544726240e-04 1.5956473548e-04
2.5029313983e-04 -1.5911128697e-04
2.1071756281e-04 1.4177929556e-04
2.2431040157e-04 -1.4192609365e-04
1.2442147148e-04 8.2968684640e-05
1.3314682100e-04 -8.3570221110e-05
5.6952516615e-06 5.5598244757e-06
5.3034205460e-06 -5.8735427404e-06
1.0783336040e-04 7.8129085359e-05
1.1953079536e-04 -8.1417362689e-05
1.3165830946e-04 9.3707720108e-05
1.4729857890e-04 -9.6398360313e-05
8.9363343907e-05 5.9092373610e-05
9.6499722477e-05 -5.5700298544e-05
3.9901298379e-05 2.2892186249e-05
4.0048989748e-05 -1.7544284412e-05
-1.2850884706e-06 8.1302716014e-08
-1.5645428768e-06 1.6447341109e-06
