1.2907279838e-03 -3.0287227823e-05
7.6610764624e-05 3.0826615577e-06
1.9285785073e-03 -1.1645580712e-05
1.3138182946e-03 1.1320241896e-05
1.9569140390e-03 2.7208449352e-05
1.9294705731e-03 -3.2490532238e-06
1.3686300809e-03 3.2941136514e-05
1.9615593928e-03 -3.1713716853e-05
1.3271315708e-04 1.0021502019e-05
1.3622226480e-03 -3.5872783199e-05
1.2384842465e-03 1.4941179703e-05
7.7122869888e-05 4.1856743193e-07
1.9074499894e-03 3.5850866512e-05
1.2777937283e-03 -1.3639403264e-05
1.9605028829e-03 7.7937093106e-05
1.9206217510e-03 -3.5534469071e-05
1.3993367417e-03 9.1962459259e-05
1.9475409540e-03 -5.6901903574e-05
1.9776941937e-04 2.6789203259e-05
1.3562857165e-03 -5.1581984944e-05
1.1895461684e-03 4.3205414269e-05
1.3961838177e-04 -5.1675803087e-06
1.8793887455e-03 7.0595007468e-05
1.2440875622e-03 -2.6957413330e-05
1.9554205302e-03 8.8092559440e-05
1.9055378722e-03 -5.8981166205e-05
1.4123110604e-03 7.7389410880e-05
1.9510821365e-03 -8.6670432866e-05
2.5086668706e-04 2.5219835245e-05
1.3894917325e-03 -7.6712913667e-05
1.1564188883e-03 5.1373759196e-05
2.0081931104e-04 -1.3655667768e-05
1.8679354112e-03 9.1195682246e-05
1.2020634227e-03 -4.3932104514e-05
1.9594813619e-03 1.2096811783e-04
1.8868554455e-03 -8.6683497593e-05
1.4482274883e-03 1.1020438713e-04
1.9544475568e-03 -1.2270433639e-04
3.1053317391e-04 3.7180455884e-05
1.4185264531e-03 -1.1148083974e-04
1.0926084939e-03 7.1600761086e-05
2.5929002000e-04 -2.5852266011e-05
1.8259265428e-03 1.2110654361e-04
1.1465758186e-03 -6.2694374544e-05
1.9524110751e-03 1.4548772643e-04
1.8532766488e-03 -1.1562617854e-04
1.4701056545e-03 1.2576379238e-04
1.9548401839e-03 -1.4497881531e-04
3.6731620926e-04 4.5629996183e-05
1.4492276481e-03 -1.2025440068e-04
1.0527662974e-03 7.9163971860e-05
3.1671256082e-04 -3.2732873519e-05
1.8012577421e-03 1.4180283602e-04
1.1016319091e-03 -8.4125545750e-05
1.9395354869e-03 1.7961981054e-04
1.8280187231e-03 -1.4685703499e-04
1.4879976615e-03 1.5800978231e-04
1.9431120283e-03 -1.8068487219e-04
4.1872298860e-04 6.0816563043e-05
1.4664184837e-03 -1.6432706807e-04
1.0003879323e-03 9.7114659370e-05
3.7449299864e-04 -5.3069024749e-05
1.7687338198e-03 1.7084019586e-04
1.0478418404e-03 -9.5785302474e-05
1.9259893530e-03 2.0759702164e-04
1.7896715710e-03 -1.6842994195e-04
1.4916655819e-03 1.8382065073e-04
1.9269443037e-03 -1.9956930212e-04
4.5977247091e-04 7.5942864067e-05
1.4673176062e-03 -1.6685314767e-04
9.4399008670e-04 1.0357986240e-04
4.1787004682e-04 -5.6672785073e-05
1.7309760494e-03 1.8804718569e-04
1.0095590130e-03 -8.9990986910e-05
1.9078976173e-03 2.3896792893e-04
1.7703006164e-03 -1.7560612119e-04
1.5054038389e-03 2.2556155018e-04
1.9188663515e-03 -2.2954921958e-04
5.0943660287e-04 9.7440747486e-05
1.4927959690e-03 -1.9940297555e-04
8.8230579748e-04 1.1859567899e-04
4.7032936649e-04 -7.4263398746e-05
1.6798322135e-03 2.1760060143e-04
9.4630870097e-04 -1.1753061268e-04
1.8851891414e-03 2.6193397342e-04
1.7231750796e-03 -2.1511344384e-04
1.5209451082e-03 2.3271574800e-04
1.8985666729e-03 -2.5198667284e-04
5.5500285947e-04 1.0492233262e-04
1.4977511328e-03 -2.1151901060e-04
8.2600886968e-04 1.2763570364e-04
5.1531373665e-04 -8.3907177983e-05
1.6405280764e-03 2.3963234811e-04
8.9745993749e-04 -1.2489374778e-04
1.8626214940e-03 2.8751385638e-04
1.6888105786e-03 -2.3456418328e-04
1.5114997369e-03 2.5670286190e-04
1.8767560062e-03 -2.8038758788e-04
5.8697944879e-04 1.2193100533e-04
1.5082396770e-03 -2.5324485037e-04
7.7239787572e-04 1.3258803945e-04
5.6161847035e-04 -1.0918060359e-04
1.6009183783e-03 2.5568188655e-04
8.3527364020e-04 -1.3103398742e-04
1.8344388298e-03 3.1084698394e-04
1.6364111331e-03 -2.5371281464e-04
1.5065017875e-03 2.8756066899e-04
1.8515277400e-03 -3.0592991216e-04
6.2324705121e-04 1.4156499985e-04
1.5199861909e-03 -2.7658554129e-04
6.0912816230e-04 -1.2644858146e-04
7.1240425208e-04 1.3982538909e-04
7.7278286682e-04 -1.3624298699e-04
1.5463209353e-03 2.7909696783e-04
1.5817361156e-03 -2.7077177014e-04
1.7973056867e-03 3.3076895349e-04
1.8277111721e-03 -3.2708455794e-04
1.5072239327e-03 3.1359115691e-04
1.5185732540e-03 -2.8528692772e-04
6.5907943564e-04 1.6238658896e-04
6.4159648440e-04 -1.3391632815e-04
6.4581866478e-04 1.2659665552e-04
7.1907260077e-04 -1.4027718011e-04
1.4868322456e-03 2.7090069847e-04
1.5427617097e-03 -2.8914889506e-04
1.7657260192e-03 3.5459189035e-04
1.7958927009e-03 -3.4775698329e-04
1.5127836205e-03 3.3761177828e-04
1.5140781475e-03 -3.1757565246e-04
6.9831891339e-04 1.8227250604e-04
6.7569386839e-04 -1.5998274230e-04
5.8292443391e-04 1.4027887400e-04
6.6051893842e-04 -1.4134045699e-04
1.4279283230e-03 3.0414146495e-04
1.4903795042e-03 -3.0068851606e-04
1.7313110792e-03 3.7703981725e-04
1.7621641565e-03 -3.7168064280e-04
1.4906065310e-03 3.4182345584e-04
1.5046183833e-03 -3.4286642302e-04
7.1551666971e-04 1.8595408773e-04
7.0476394494e-04 -1.8032625605e-04
5.3159977869e-04 1.3975694924e-04
6.0392257168e-04 -1.4041393416e-04
1.3859588521e-03 3.1744528373e-04
1.4402973107e-03 -3.1129533973e-04
1.6917183262e-03 3.9216741442e-04
1.7278278467e-03 -3.9000194425e-04
1.4726468107e-03 3.5883378272e-04
1.4955050826e-03 -3.5961443154e-04
7.3663229312e-04 2.0150727232e-04
7.3227011848e-04 -1.9470570678e-04
4.7383753945e-04 1.3570575343e-04
5.4718443319e-04 -1.3896569503e-04
1.3307064796e-03 3.2609797743e-04
1.3890256241e-03 -3.2385349896e-04
1.6500180759e-03 4.0811223025e-04
1.6918420830e-03 -4.0785374644e-04
1.4562569671e-03 3.7743551675e-04
1.4846193737e-03 -3.8154532021e-04
7.5708477817e-04 2.1826824111e-04
7.5720280922e-04 -2.1450159317e-04
4.1532426702e-04 1.3005111924e-04
4.8684126979e-04 -1.3583215476e-04
1.2730633979e-03 3.3304706905e-04
1.3294402611e-03 -3.3298249609e-04
1.6069425735e-03 4.2353703257e-04
1.6510381960e-03 -4.2399670786e-04
1.4415493955e-03 3.9954800585e-04
1.4698894218e-03 -4.1345173767e-04
7.7546205591e-04 2.3821558026e-04
7.7884364265e-04 -2.4473374531e-04
3.4900863192e-04 1.2156256514e-04
4.2717041602e-04 -1.3136863587e-04
1.2049510930e-03 3.3653623755e-04
1.2680197657e-03 -3.3859516058e-04
1.5608206673e-03 4.3631584769e-04
1.6064441140e-03 -4.3550374107e-04
1.4239408714e-03 4.1448630833e-04
1.4512209138e-03 -4.1270552222e-04
7.9324772763e-04 2.5275211574e-04
7.9771579984e-04 -2.4615838561e-04
2.9580309734e-04 1.1384766859e-04
3.7953414461e-04 -1.2462704096e-04
1.1499651014e-03 3.4191933044e-04
1.2246754784e-03 -3.4424125562e-04
1.5105911480e-03 4.4454369603e-04
1.5661233069e-03 -4.4706656676e-04
1.3838524664e-03 4.1962600966e-04
1.4276849338e-03 -4.3029147977e-04
7.9242981741e-04 2.6163613964e-04
8.0983117624e-04 -2.6509568827e-04
2.5015563009e-04 1.0094349819e-04
3.2626097581e-04 -1.1626971252e-04
1.1089850860e-03 3.2749323798e-04
1.1717925977e-03 -3.4605537781e-04
1.4654078588e-03 4.4955825940e-04
1.5230026323e-03 -4.5795870406e-04
1.3613633190e-03 4.4552876270e-04
1.4073721070e-03 -4.4794514508e-04
8.0419060670e-04 2.8805765847e-04
8.2330114579e-04 -2.8413513426e-04
1.9172324075e-04 9.5269049359e-05
2.7126746977e-04 -1.0820514705e-04
1.0407411041e-03 3.4274479835e-04
1.1116972281e-03 -3.4976678488e-04
1.4123862778e-03 4.6381727395e-04
1.4767140240e-03 -4.6605051973e-04
1.3327180518e-03 4.5846807715e-04
1.3775709180e-03 -4.5257303770e-04
8.0949206210e-04 3.0388805085e-04
8.2585219106e-04 -2.9122686533e-04
1.3843816304e-04 8.4110195267e-05
2.2131116406e-04 -9.7364716218e-05
9.7990596517e-04 3.4162300222e-04
1.0616059394e-03 -3.5019969906e-04
1.3604834350e-03 4.6977003229e-04
1.4317971539e-03 -4.7261894454e-04
1.3015097762e-03 4.6838775153e-04
1.3534133498e-03 -4.6540752712e-04
8.1124739990e-04 3.1666596499e-04
8.3526084658e-04 -3.0803646444e-04
8.8318410927e-05 7.0957740043e-05
1.7117821636e-04 -8.6271713140e-05
9.2027166022e-04 3.3824171216e-04
1.0065844968e-03 -3.4893565847e-04
1.3075880282e-03 4.7339839263e-04
1.3844687717e-03 -4.7840335133e-04
1.3241009098e-03 -4.7621098896e-04
1.2678604963e-03 4.7677099776e-04
8.3819971202e-04 -3.2249203098e-04
8.1039909723e-04 3.2918304456e-04
1.2423949357e-04 -7.3973185013e-05
4.2721403656e-05 5.7573394251e-05
9.5142455803e-04 -3.4625325344e-04
8.6088304865e-04 3.3333596414e-04
1.3367412133e-03 -4.8096309687e-04
1.2536565334e-03 4.7477387813e-04
1.2945138833e-03 -4.7638329204e-04
1.2342926076e-03 4.8169146345e-04
8.3893191323e-04 -3.2490694948e-04
8.0845500090e-04 3.3829737184e-04
8.0641724238e-05 -5.9115988602e-05
-1.4888135007e-06 4.3011745644e-05
9.0299669884e-04 -3.4218631759e-04
8.0558694653e-04 3.2784878894e-04
1.2904827785e-03 -4.8314629102e-04
1.2003526039e-03 4.7447816779e-04
1.2621979959e-03 -4.8528964975e-04
1.1949703207e-03 4.8462874907e-04
8.3751260894e-04 -3.4046869386e-04
7.9891018983e-04 3.4652919405e-04
3.6371066357e-05 -4.7008277262e-05
1.4679513279e-05 5.0269045231e-05
8.5123692835e-04 -3.3367550019e-04
7.5576743145e-04 3.2106388088e-04
1.2423359602e-03 -4.8296964003e-04
1.1510730065e-03 4.7498689269e-04
1.2311273722e-03 -4.9295329252e-04
1.1545633590e-03 4.9331595117e-04
8.3550669963e-04 -3.5187963016e-04
7.8508484850e-04 3.6176500352e-04
5.3735413533e-05 -5.4405273337e-05
4.7072055192e-05 6.6373681006e-05
7.9734858928e-04 -3.3049508951e-04
7.0178729578e-04 3.1154799204e-04
1.1915255607e-03 -4.8449161065e-04
1.0983816168e-03 4.7076867487e-04
1.1961251865e-03 -4.9971421264e-04
1.1172327259e-03 4.9352947377e-04
8.2974043851e-04 -3.6733379927e-04
7.7660084530e-04 3.6701431343e-04
8.6810899859e-05 -7.2049196209e-05
8.0590758738e-05 7.9018201973e-05
7.4101116211e-04 -3.2165363855e-04
6.4687470466e-04 3.0197184614e-04
1.1398579634e-03 -4.8237744225e-04
1.0429100024e-03 4.6489820101e-04
1.1612768846e-03 -5.0350828254e-04
1.0782010802e-03 4.8588254574e-04
8.2035110361e-04 -3.7552583522e-04
7.6571058153e-04 3.6219178770e-04
1.1809656584e-04 -8.7103545621e-05
1.0956698921e-04 8.8633831186e-05
6.8969679167e-04 -3.1279559311e-04
5.9850701834e-04 2.8973600175e-04
1.0898223487e-03 -4.7896080700e-04
9.9264718147e-04 4.5933878232e-04
1.1248198890e-03 -5.0462103620e-04
1.0389123684e-03 4.9166608136e-04
8.0972019658e-04 -3.8283156243e-04
7.5392233200e-04 3.8111289156e-04
1.4737968596e-04 -1.0239502975e-04
1.3436361254e-04 1.0715141508e-04
6.4112063841e-04 -3.0268216025e-04
5.4275710331e-04 2.7708759624e-04
1.0403865892e-03 -4.7390248471e-04
9.3512865288e-04 4.5061048547e-04
1.0887432106e-03 -5.0615642167e-04
9.9611690682e-04 4.8721015809e-04
8.0067027958e-04 -3.9192702286e-04
7.3397377939e-04 3.7939871196e-04
1.7270129849e-04 -1.1688901624e-04
5.9279091443e-04 -2.9128330548e-04
1.5562767696e-04 1.1713960682e-04
9.9159466345e-04 -4.6859913103e-04
4.9849410476e-04 2.6461027835e-04
1.0480051452e-03 -5.1282228855e-04
8.8622185473e-04 4.4204110662e-04
7.8106432682e-04 -4.1403279135e-04
9.5378150052e-04 4.8301653800e-04
1.9423287096e-04 -1.3856046613e-04
7.1554420488e-04 3.8274494128e-04
5.3840047430e-04 -2.7906352211e-04
1.7415924282e-04 1.2853040058e-04
9.3410411500e-04 -4.5825869228e-04
4.5280993728e-04 2.5107752806e-04
1.0101953483e-03 -5.0233446736e-04
8.3669330703e-04 4.3196096083e-04
7.6947694762e-04 -4.0058370658e-04
9.1327286294e-04 4.7641908661e-04
2.1624663201e-04 -1.4428242943e-04
6.9638212034e-04 3.8223547970e-04
4.9829033615e-04 -2.6856767365e-04
1.9068997566e-04 1.3855834510e-04
8.8897853695e-04 -4.5133784096e-04
4.0986109949e-04 2.3853400590e-04
9.6776022335e-04 -4.9681331354e-04
7.8869997895e-04 4.2208844915e-04
7.5072257213e-04 -4.0357607601e-04
8.6992009275e-04 4.6957798638e-04
2.3323145358e-04 -1.5637167643e-04
6.6563892221e-04 3.8549429340e-04
4.5305047693e-04 -2.5613121469e-04
1.9884426255e-04 1.4784678203e-04
8.3971594249e-04 -4.4146620502e-04
3.7325071551e-04 2.2332169991e-04
9.2762204833e-04 -4.8792541623e-04
7.4540206347e-04 4.1093065510e-04
7.2635686689e-04 -3.9759601656e-04
8.2711851679e-04 4.6173407381e-04
2.4445873237e-04 -1.6537684432e-04
6.5152001973e-04 3.8801652959e-04
4.1553331751e-04 -2.4353606518e-04
2.1486740493e-04 1.6125991274e-04
7.9643057599e-04 -4.3156826088e-04
3.2166131433e-04 2.0647270756e-04
8.8396929817e-04 -4.8568273668e-04
6.8399457000e-04 3.9249885485e-04
7.0417709266e-04 -4.0797978071e-04
7.8754017151e-04 4.4924160831e-04
2.5449580871e-04 -1.7964501932e-04
6.3096705742e-04 3.7357418570e-04
3.6797749863e-04 -2.2857981843e-04
2.2458030100e-04 1.5950222960e-04
7.4223509442e-04 -4.1802190655e-04
2.8964323311e-04 1.8796500341e-04
8.4268126709e-04 -4.7525233888e-04
6.4524178948e-04 3.7653928528e-04
6.7744937198e-04 -4.0109072282e-04
7.4417297837e-04 4.3688734877e-04
2.5968418178e-04 -1.8486253894e-04
3.2959011091e-04 -2.1361576901e-04
6.0498832847e-04 3.7878871341e-04
6.9727109137e-04 -4.0427167754e-04
2.2932401047e-04 1.7463573321e-04
7.9983708989e-04 -4.6408266496e-04
2.4842189358e-04 1.7652394125e-04
6.5618097387e-04 -3.9936603775e-04
5.9287270862e-04 3.6425773688e-04
2.6679171699e-04 -1.9379572718e-04
7.0118899121e-04 4.2644785192e-04
2.8920294193e-04 -2.0047822529e-04
5.7892746595e-04 3.6695020284e-04
6.4708417930e-04 -3.9192922197e-04
2.3226177400e-04 1.7467489773e-04
7.5288061590e-04 -4.5366166013e-04
2.1664595619e-04 1.6038551453e-04
6.2707125382e-04 -3.9577360469e-04
5.5229417880e-04 3.4852613256e-04
2.6915165258e-04 -2.0216302480e-04
6.5614527029e-04 4.1415164408e-04
2.5113498932e-04 -1.8716767706e-04
5.4355156225e-04 3.7308145557e-04
5.9705287176e-04 -3.7659456043e-04
2.2760891395e-04 1.9063436383e-04
7.0695105465e-04 -4.4195702305e-04
1.7822756581e-04 1.4907109833e-04
5.9312608334e-04 -3.9202790706e-04
4.9953082852e-04 3.3327187326e-04
2.6452422623e-04 -2.0976470281e-04
6.1256850201e-04 3.9711375954e-04
2.1437034070e-04 -1.7496931555e-04
5.1950363816e-04 3.4466147763e-04
5.4945077711e-04 -3.6165129786e-04
2.2963576240e-04 1.7746571468e-04
6.6029620439e-04 -4.2448665060e-04
1.5311997581e-04 1.3416734749e-04
5.6278615172e-04 -3.7278775120e-04
4.6522585375e-04 3.2034718741e-04
2.6367278142e-04 -2.0508146481e-04
5.6991953018e-04 3.8580155552e-04
1.8359383616e-04 -1.6137529827e-04
4.8080892381e-04 3.5494753118e-04
5.0392830692e-04 -3.4687918478e-04
2.1831969777e-04 1.9658236816e-04
6.1170127626e-04 -4.0827095949e-04
1.1639078227e-04 1.1976001970e-04
5.2801166495e-04 -3.6392394786e-04
4.0920808616e-04 2.9629536537e-04
2.5688478697e-04 -2.0750937572e-04
5.2287575991e-04 3.6294709169e-04
1.4868314823e-04 -1.4494982022e-04
4.5181749295e-04 -3.2535441095e-04
4.5440407662e-04 3.2174481805e-04
5.6284977584e-04 -3.8854530983e-04
2.1746608626e-04 1.7728312518e-04
4.9277798912e-04 -3.4655992635e-04
9.6560368753e-05 1.0331796347e-04
2.4746636884e-04 -2.0171452215e-04
3.7719804550e-04 2.7897998822e-04
1.2112151973e-04 -1.2837059800e-04
4.7989471522e-04 3.4429144640e-04
4.1223484424e-04 -3.0595586754e-04
4.2091951522e-04 3.1503389231e-04
5.1512704411e-04 -3.6990438903e-04
2.0840673465e-04 1.8265975530e-04
4.5296693525e-04 -3.4191311491e-04
6.7171898724e-05 8.9274311713e-05
2.3283092282e-04 -2.0954641837e-04
3.2654063221e-04 2.5537208457e-04
8.5998268046e-05 -1.1441151509e-04
4.3022415281e-04 3.2137620326e-04
3.5352864958e-04 -2.7983030248e-04
3.8617332865e-04 2.9421388077e-04
4.6027983993e-04 -3.4583945361e-04
1.9756748424e-04 1.7455927816e-04
4.1397254110e-04 -3.1900737299e-04
4.5630542199e-05 7.8748505690e-05
2.1889124733e-04 -1.9905950002e-04
2.8960632191e-04 2.4103665289e-04
6.1159100164e-05 -1.0213607416e-04
3.8229813503e-04 3.0255445505e-04
3.1099959717e-04 -2.6304984878e-04
3.3917574578e-04 2.8461543755e-04
4.0635838882e-04 -3.2414904353e-04
1.7337118298e-04 1.7781636685e-04
3.6645717736e-04 -3.0635720406e-04
1.8577713757e-05 6.6548711224e-05
1.9579788988e-04 -2.0053764945e-04
2.3894947313e-04 2.1328452388e-04
3.0996553283e-05 -9.1098437006e-05
3.2687270211e-04 2.7507031536e-04
2.5630692545e-04 -2.3722363310e-04
2.9428576985e-04 2.6176242097e-04
3.4710927980e-04 -2.9645121053e-04
1.5303816884e-04 1.6828320889e-04
3.1528259817e-04 -2.8118989525e-04
1.6869603932e-04 -1.8799708798e-04
-1.2027286574e-06 5.8645440166e-05
6.4163930676e-06 -7.9223029969e-05
1.9052351191e-04 1.9256185015e-04
2.0559302235e-04 -2.1192868573e-04
2.6945657699e-04 2.4535185497e-04
2.8539691656e-04 -2.6468127682e-04
2.4506585712e-04 2.3067819106e-04
2.5855464748e-04 -2.5129558472e-04
1.2674571153e-04 1.5091053288e-04
1.3630555217e-04 -1.7215313353e-04
-2.0705369966e-05 4.7520950794e-05
-1.6459606394e-05 -6.7932333569e-05
1.4237736637e-04 1.6412467962e-04
1.4919144693e-04 -1.8264084658e-04
2.0595780315e-04 2.0941949423e-04
2.1497553562e-04 -2.2564400098e-04
1.8342658941e-04 1.9951363593e-04
1.9828555091e-04 -2.1252451099e-04
8.9001648591e-05 1.3544102281e-04
1.0188019282e-04 -1.4986860345e-04
-3.9122882569e-05 4.0526337892e-05
-3.9887226685e-05 -6.2241307574e-05
8.7420179880e-05 1.3392574026e-04
8.7528022222e-05 -1.6485215467e-04
1.2996798406e-04 1.6402678393e-04
1.2872642386e-04 -1.8910290611e-04
1.0993158693e-04 1.4609172273e-04
1.1451111357e-04 -1.6347170740e-04
4.3208876148e-05 1.0298001435e-04
4.8251765186e-05 -1.2346890556e-04
-5.5854904150e-05 5.4060992428e-05
-6.4787957860e-05 -8.3381397434e-05
3.2646787480e-05 1.6331603437e-04
2.7522395648e-05 -2.1972690726e-04
4.2547290945e-05 1.3557888919e-04
3.2138424768e-05 -1.7290771794e-04
-1.0918265420e-04 5.0208907008e-08
-1.5653973398e-04 1.6668046274e-05
-1.9895578896e-04 -6.6073101770e-05
-2.6243968397e-04 1.0093855965e-04
-9.0910399511e-05 3.3402917787e-05
-6.8821131654e-05 -2.6797506318e-05
