2.9872236145e+02
2.9872417260e+02
2.9872598375e+02
2.9872661570e+02
2.9872507080e+02
2.9872483779e+02
2.9872094469e+02
2.9871759072e+02
2.9871422671e+02
2.9870683406e+02
2.9870010650e+02
2.9869090364e+02
2.9868141360e+02
2.9866929222e+02
2.9865417146e+02
2.9864198211e+02
2.9862457158e+02
2.9860647468e+02
2.9858393827e+02
2.9856219620e+02
2.9853863886e+02
2.9851129235e+02
2.9848396162e+02
2.9845011013e+02
2.9841646305e+02
2.9837899322e+02
2.9834164803e+02
2.9830007135e+02
2.9825578464e+02
2.9820931245e+02
2.9816011203e+02
2.9810858117e+02
2.9805301588e+02
2.9799651277e+02
2.9793445327e+02
2.9787372520e+02
2.9780695959e+02
2.9773968886e+02
2.9766765103e+02
2.9759424275e+02
2.9751715304e+02
2.9743860310e+02
2.9735816430e+02
2.9727473883e+02
2.9718628739e+02
2.9709727038e+02
2.9700898098e+02
2.9691634631e+02
2.9682136159e+02
2.9672340520e+02
2.9662606568e+02
2.9652695315e+02
2.9642308137e+02
2.9631926678e+02
2.9621661758e+02
2.9611073062e+02
2.9600274494e+02
2.9589743665e+02
2.9579274858e+02
2.9568243303e+02
2.9557061414e+02
2.9546707130e+02
2.9536450070e+02
2.9525594503e+02
2.9514402980e+02
2.9504046496e+02
2.9494090941e+02
2.9483714242e+02
2.9473442135e+02
2.9463631859e+02
2.9454039346e+02
2.9444516659e+02
2.9435271770e+02
2.9426381944e+02
2.9417688059e+02
2.9409215340e+02
2.9401765512e+02
2.9394126894e+02
2.9386961432e+02
2.9380130833e+02
2.9373652480e+02
2.9368058600e+02
2.9362310796e+02
2.9357207069e+02
2.9352840074e+02
2.9348635539e+02
2.9344795177e+02
2.9341450106e+02
2.9338838230e+02
2.9336392927e+02
2.9335027932e+02
2.9333587993e+02
2.9332147370e+02
2.9331433634e+02
2.9331200139e+02
2.9330719059e+02
2.9330680264e+02
2.9330731576e+02
2.9331192109e+02
2.9332490740e+02
