1.1411482014e-06 6.2846958474e-06
1.8522433383e-01 -2.4920252553e-04
3.6453270204e-01 -9.7418964043e-04
5.3801737831e-01 -2.1585610241e-03
7.0575698018e-01 -3.7823400408e-03
8.6786252474e-01 -5.8197930804e-03
1.0244000229e+00 -8.2556505508e-03
1.1754906933e+00 -1.1065428009e-02
1.3212145115e+00 -1.4233400006e-02
1.4616735958e+00 -1.7739278008e-02
1.5969605648e+00 -2.1566944183e-02
1.7271721749e+00 -2.5696138631e-02
1.8523996319e+00 -3.0112806790e-02
1.9727435798e+00 -3.4797381506e-02
2.0882925789e+00 -3.9736111093e-02
2.1991483686e+00 -4.4910283359e-02
2.3053892893e+00 -5.0307724705e-02
2.4071311885e+00 -5.5912123150e-02
2.5044363771e+00 -6.1711059616e-02
2.5974177582e+00 -6.7688882731e-02
2.6861445518e+00 -7.3831577485e-02
2.7707199691e+00 -8.0125512522e-02
2.8512176930e+00 -8.6558563059e-02
2.9277150631e+00 -9.3119396319e-02
3.0003048973e+00 -9.9793084773e-02
3.0690566795e+00 -1.0656692793e-01
3.1340482379e+00 -1.1343010358e-01
3.1953648514e+00 -1.2036865736e-01
3.2530570499e+00 -1.2737686889e-01
3.3072212700e+00 -1.3443535394e-01
3.3578910283e+00 -1.4153847190e-01
3.4051623007e+00 -1.4867185076e-01
3.4490734720e+00 -1.5582754766e-01
3.4896858198e+00 -1.6299182258e-01
3.5270709397e+00 -1.7015230308e-01
3.5612720232e+00 -1.7729796072e-01
3.5923430760e+00 -1.8442266608e-01
3.6203190837e+00 -1.9151014539e-01
3.6452473661e+00 -1.9855274634e-01
3.6671816287e+00 -2.0553603877e-01
3.6861502744e+00 -2.1245004683e-01
3.7021971940e+00 -2.1928599230e-01
3.7153550530e+00 -2.2602945230e-01
3.7256379840e+00 -2.3266866291e-01
3.7330809321e+00 -2.3919545306e-01
3.7377237019e+00 -2.4559582046e-01
3.7395621193e+00 -2.5185461186e-01
3.7386288249e+00 -2.5796356782e-01
3.7349340433e+00 -2.6390995294e-01
3.7284910088e+00 -2.6968055526e-01
3.7193097650e+00 -2.7526212802e-01
3.7073925229e+00 -2.8064023449e-01
3.6927469822e+00 -2.8580287740e-01
3.6753798605e+00 -2.9073644683e-01
3.6552872528e+00 -2.9542403775e-01
3.6324594057e+00 -2.9985290986e-01
3.6069059658e+00 -3.0401088630e-01
3.5786064728e+00 -3.0787767578e-01
3.5475503471e+00 -3.1144187539e-01
3.5137290363e+00 -3.1468908413e-01
3.4771402260e+00 -3.1759474768e-01
3.4377572432e+00 -3.2015049478e-01
3.3955674153e+00 -3.2233689425e-01
3.3505529867e+00 -3.2413576189e-01
3.3027085637e+00 -3.2553181700e-01
3.2519933399e+00 -3.2650383165e-01
3.1984014618e+00 -3.2703641907e-01
3.1419133546e+00 -3.2710817133e-01
3.0825077192e+00 -3.2670187580e-01
3.0201698675e+00 -3.2579722484e-01
2.9548705046e+00 -3.2437549956e-01
2.8866032236e+00 -3.2241635434e-01
2.8153535403e+00 -3.1990082119e-01
2.7411010413e+00 -3.1680459328e-01
2.6638465824e+00 -3.1311221501e-01
2.5835767569e+00 -3.0880246758e-01
2.5002796824e+00 -3.0384856622e-01
2.4139700190e+00 -2.9823874510e-01
2.3246542017e+00 -2.9195401847e-01
2.2323382533e+00 -2.8496661465e-01
2.1370466411e+00 -2.7726225585e-01
2.0388147606e+00 -2.6882381321e-01
1.9376787244e+00 -2.5962926643e-01
1.8337010315e+00 -2.4967015100e-01
1.7269411616e+00 -2.3892827609e-01
1.6174981072e+00 -2.2739130508e-01
1.5054792657e+00 -2.1504954180e-01
1.3910097171e+00 -2.0189526166e-01
1.2742687790e+00 -1.8793279892e-01
1.1554638621e+00 -1.7316457644e-01
1.0348542508e+00 -1.5760046105e-01
9.1276883986e-01 -1.4127370287e-01
7.8961593470e-01 -1.2421970927e-01
6.6592763875e-01 -1.0649666201e-01
5.4242753080e-01 -8.8199715608e-02
4.2011863244e-01 -6.9473781921e-02
3.0043348511e-01 -5.0552814970e-02
1.8567480727e-01 -3.1787712977e-02
8.0207588849e-02 -1.3475247116e-02
-1.6395894560e-04 3.2530541565e-05
