3.2083238347e+02
3.2082621668e+02
3.2082004990e+02
3.2081220341e+02
3.2080548020e+02
3.2079738689e+02
3.2078810213e+02
3.2077898012e+02
3.2076857589e+02
3.2075847698e+02
3.2074757999e+02
3.2073449994e+02
3.2072154445e+02
3.2070769406e+02
3.2069215174e+02
3.2067688997e+02
3.2065875427e+02
3.2063830985e+02
3.2061796151e+02
3.2059447115e+02
3.2057192711e+02
3.2054871776e+02
3.2052187613e+02
3.2049492509e+02
3.2046351938e+02
3.2042933744e+02
3.2039463923e+02
3.2035835406e+02
3.2031980566e+02
3.2028188550e+02
3.2023730221e+02
3.2019192113e+02
3.2014516530e+02
3.2009794720e+02
3.2004744190e+02
3.1999444548e+02
3.1993856968e+02
3.1988460457e+02
3.1982810434e+02
3.1976658716e+02
3.1970423790e+02
3.1964114841e+02
3.1957773764e+02
3.1950417801e+02
3.1942998287e+02
3.1936121797e+02
3.1928569629e+02
3.1920741364e+02
3.1913651290e+02
3.1906357276e+02
3.1898120122e+02
3.1889856693e+02
3.1881842285e+02
3.1873620373e+02
3.1865354489e+02
3.1856992856e+02
3.1848630324e+02
3.1840295644e+02
3.1831896602e+02
3.1823573503e+02
3.1815156893e+02
3.1806853362e+02
3.1798654561e+02
3.1790489382e+02
3.1782473458e+02
3.1774604700e+02
3.1766801136e+02
3.1759081017e+02
3.1751706580e+02
3.1744377822e+02
3.1737349505e+02
3.1730558185e+02
3.1724018735e+02
3.1717818897e+02
3.1711760229e+02
3.1706141378e+02
3.1700650918e+02
3.1695723978e+02
3.1690937271e+02
3.1686719373e+02
3.1682712259e+02
3.1678943701e+02
3.1675919798e+02
3.1673101180e+02
3.1670843410e+02
3.1668812819e+02
3.1667333431e+02
3.1666211224e+02
3.1665334188e+02
3.1665046307e+02
3.1665099333e+02
3.1665410446e+02
3.1666110053e+02
3.1667089407e+02
3.1668265605e+02
3.1669713967e+02
3.1671424460e+02
3.1673178229e+02
3.1675124366e+02
3.1677120451e+02
