-1.1878509290e-06 4.1490732058e-08
3.0786711172e-01 -8.1611241089e-04
6.0877719050e-01 -3.2216053051e-03
9.0265267609e-01 -7.1428032887e-03
1.1894492916e+00 -1.2521453406e-02
1.4691015418e+00 -1.9278725911e-02
1.7415887053e+00 -2.7366405034e-02
2.0068691104e+00 -3.6691897027e-02
2.2649103934e+00 -4.7217042386e-02
2.5156938863e+00 -5.8864182737e-02
2.7592044944e+00 -7.1563810543e-02
2.9954170297e+00 -8.5269063680e-02
3.2243358322e+00 -9.9904089433e-02
3.4459667033e+00 -1.1541544387e-01
3.6602833712e+00 -1.3174135795e-01
3.8673120962e+00 -1.4881965007e-01
4.0670655017e+00 -1.6659847852e-01
4.2595274532e+00 -1.8501470880e-01
4.4447283011e+00 -2.0401766194e-01
4.6226975321e+00 -2.2355224785e-01
4.7934224697e+00 -2.4355847574e-01
4.9569469764e+00 -2.6399090048e-01
5.1132719465e+00 -2.8479497146e-01
5.2624490638e+00 -3.0591918621e-01
5.4044734934e+00 -3.2731204998e-01
5.5393900862e+00 -3.4893253150e-01
5.6672120859e+00 -3.7071920258e-01
5.7879728113e+00 -3.9263744027e-01
5.9017128088e+00 -4.1463481855e-01
6.0084566826e+00 -4.3666585369e-01
6.1082223827e+00 -4.5869042711e-01
6.2010539710e+00 -4.8065781830e-01
6.2869760835e+00 -5.0252524062e-01
6.3660282439e+00 -5.2425771261e-01
6.4382393395e+00 -5.4580710735e-01
6.5036587322e+00 -5.6713016146e-01
6.5622809715e+00 -5.8818919804e-01
6.6141971125e+00 -6.0894476396e-01
6.6593994093e+00 -6.2935247300e-01
6.6979417823e+00 -6.4937680639e-01
6.7298515334e+00 -6.6897697917e-01
6.7551697121e+00 -6.8811052852e-01
6.7739470253e+00 -7.0674590438e-01
6.7862029319e+00 -7.2483998714e-01
6.7919848557e+00 -7.4235268863e-01
6.7913232055e+00 -7.5925366865e-01
6.7842940824e+00 -7.7550277998e-01
6.7709079610e+00 -7.9105837750e-01
6.7511993695e+00 -8.0587940720e-01
6.7252511840e+00 -8.1994053331e-01
6.6930851876e+00 -8.3319928551e-01
6.6547440137e+00 -8.4561688581e-01
6.6102919056e+00 -8.5715701560e-01
6.5597795439e+00 -8.6778713505e-01
6.5032462403e+00 -8.7746412579e-01
6.4407558259e+00 -8.8614790489e-01
6.3723832760e+00 -8.9381509778e-01
6.2981590730e+00 -9.0042112915e-01
6.2181764273e+00 -9.0592985499e-01
6.1324662853e+00 -9.1030149148e-01
6.0411297196e+00 -9.1350376833e-01
5.9442339761e+00 -9.1550447409e-01
5.8418593622e+00 -9.1626358634e-01
5.7340864275e+00 -9.1574928493e-01
5.6209931630e+00 -9.1392372858e-01
5.5026815683e+00 -9.1075403133e-01
5.3792444933e+00 -9.0620183384e-01
5.2507788334e+00 -9.0024204302e-01
5.1174219981e+00 -8.9283945294e-01
4.9792853953e+00 -8.8396885383e-01
4.8364684737e+00 -8.7358912190e-01
4.6891338920e+00 -8.6168090924e-01
4.5374191681e+00 -8.4821956133e-01
4.3814925385e+00 -8.3317964491e-01
4.2215004857e+00 -8.1653311107e-01
4.0576220442e+00 -7.9826812247e-01
3.8900629434e+00 -7.7837319659e-01
3.7190407100e+00 -7.5682295823e-01
3.5447574443e+00 -7.3361553863e-01
3.3674629791e+00 -7.0875838159e-01
3.1874286358e+00 -6.8223566363e-01
3.0049502243e+00 -6.5408820636e-01
2.8203267465e+00 -6.2428677783e-01
2.6338921265e+00 -5.9289534123e-01
2.4460595759e+00 -5.5995483399e-01
2.2572439354e+00 -5.2548789453e-01
2.0678644369e+00 -4.8956655208e-01
1.8784567635e+00 -4.5229455314e-01
1.6896242296e+00 -4.1376102105e-01
1.5020104670e+00 -3.7409108963e-01
1.3163673414e+00 -3.3344736361e-01
1.1335617013e+00 -2.9207351977e-01
9.5464852392e-01 -2.5021184884e-01
7.8083588282e-01 -2.0819045929e-01
6.1362942211e-01 -1.6640892193e-01
4.5506562549e-01 -1.2553906033e-01
3.0785472483e-01 -8.6417274618e-02
1.7604239202e-01 -5.0099243418e-02
6.6445263410e-02 -1.8520397125e-02
-1.1336417168e-06 -1.2468355941e-06
