6.9053754779e-05 6.0527289836e-07
2.8008118032e-01 -1.7621682045e-05
5.5359795733e-01 -7.2934689501e-05
8.2066558875e-01 -1.6351184553e-04
1.0813812436e+00 -2.9999828872e-04
1.3357802858e+00 -4.8389339967e-04
1.5839246498e+00 -7.1796185374e-04
1.8258814242e+00 -9.9685646638e-04
2.0616897530e+00 -1.3376975498e-03
2.2914344162e+00 -1.7317784756e-03
2.5151321193e+00 -2.1849666827e-03
2.7328713182e+00 -2.7026504899e-03
2.9446701430e+00 -3.2831248865e-03
3.1506045049e+00 -3.9285980435e-03
3.3507008956e+00 -4.6398813343e-03
3.5450087029e+00 -5.4233049040e-03
3.7335840887e+00 -6.2705686935e-03
3.9164604344e+00 -7.1902982102e-03
4.0936856834e+00 -8.1796741204e-03
4.2652876764e+00 -9.2400920623e-03
4.4313185887e+00 -1.0368790297e-02
4.5917976779e+00 -1.1569516777e-02
4.7467924621e+00 -1.2840966201e-02
4.8962987738e+00 -1.4181121878e-02
5.0403777263e+00 -1.5590407629e-02
5.1790437067e+00 -1.7063889330e-02
5.3123378618e+00 -1.8602515353e-02
5.4402717826e+00 -2.0204404357e-02
5.5628855340e+00 -2.1867132715e-02
5.6802004516e+00 -2.3589259705e-02
5.7922285982e+00 -2.5368668347e-02
5.8990221124e+00 -2.7196515018e-02
6.0005678398e+00 -2.9077146687e-02
6.0968876366e+00 -3.1004371255e-02
6.1880109519e+00 -3.2972819348e-02
6.2739436336e+00 -3.4979579620e-02
6.3546937025e+00 -3.7022561330e-02
6.4302791172e+00 -3.9095630644e-02
6.5007178078e+00 -4.1193837023e-02
6.5660004700e+00 -4.3316189577e-02
6.6261306213e+00 -4.5452161355e-02
6.6811127121e+00 -4.7602068152e-02
6.7309680168e+00 -4.9761767960e-02
6.7756597074e+00 -5.1919679464e-02
6.8152312217e+00 -5.4069277758e-02
6.8496186321e+00 -5.6212812636e-02
6.8788809913e+00 -5.8342096004e-02
6.9029511688e+00 -6.0450920627e-02
6.9218587030e+00 -6.2530279399e-02
6.9355669554e+00 -6.4578916933e-02
6.9440735315e+00 -6.6588561206e-02
6.9473604047e+00 -6.8550727666e-02
6.9453958727e+00 -7.0469588907e-02
6.9381609669e+00 -7.2319474515e-02
6.9256163252e+00 -7.4111460979e-02
6.9077644641e+00 -7.5834456736e-02
6.8845667134e+00 -7.7485223801e-02
6.8560112752e+00 -7.9044964649e-02
6.8220145556e+00 -8.0512123112e-02
6.7825940635e+00 -8.1887852494e-02
6.7376845252e+00 -8.3166142429e-02
6.6872563397e+00 -8.4339083507e-02
6.6312698792e+00 -8.5395082386e-02
6.5696560440e+00 -8.6330047107e-02
6.5023914610e+00 -8.7144570156e-02
6.4294015963e+00 -8.7821552781e-02
6.3506693104e+00 -8.8368833633e-02
6.2661135677e+00 -8.8764537334e-02
6.1756762139e+00 -8.9018271775e-02
6.0793109139e+00 -8.9115500306e-02
5.9769613874e+00 -8.9057479291e-02
5.8685277201e+00 -8.8830929091e-02
5.7539808992e+00 -8.8445247621e-02
5.6332429070e+00 -8.7874749354e-02
5.5061998302e+00 -8.7130311271e-02
5.3728352081e+00 -8.6187847754e-02
5.2330339759e+00 -8.5071037273e-02
5.0867163291e+00 -8.3770068866e-02
4.9338067076e+00 -8.2265472186e-02
4.7742239603e+00 -8.0565016907e-02
4.6078593866e+00 -7.8661452538e-02
4.4346465488e+00 -7.6557624317e-02
4.2544688716e+00 -7.4233620545e-02
4.0672270498e+00 -7.1710299336e-02
3.8728270080e+00 -6.8960958105e-02
3.6711555761e+00 -6.6003805444e-02
3.4621103041e+00 -6.2819602241e-02
3.2455770618e+00 -5.9418184365e-02
3.0214275357e+00 -5.5787663180e-02
2.7895574953e+00 -5.1938216282e-02
2.5498206882e+00 -4.7841468698e-02
2.3021317688e+00 -4.3538205468e-02
2.0463063235e+00 -3.8987884035e-02
1.7822980247e+00 -3.4207964454e-02
1.5098040254e+00 -2.9175125923e-02
1.2288553384e+00 -2.3872491505e-02
9.3919649072e-01 -1.8390812739e-02
6.4069472037e-01 -1.2602502342e-02
3.3321100941e-01 -6.6169200263e-03
1.6994818809e-02 -3.3470724465e-04
