-7.2022856513e-07 6.9141054592e-07
2.8898329877e-01 -7.8724399294e-04
5.7130902037e-01 -3.1162886832e-03
8.4695627350e-01 -6.9059355755e-03
1.1158300102e+00 -1.2104208497e-02
1.3779250776e+00 -1.8641462344e-02
1.6331961172e+00 -2.6452971299e-02
1.8816011299e+00 -3.5478062271e-02
2.1231502944e+00 -4.5652171555e-02
2.3577938430e+00 -5.6910609426e-02
2.5855432372e+00 -6.9194421571e-02
2.8063838006e+00 -8.2441473226e-02
3.0203018112e+00 -9.6592522111e-02
3.2273191520e+00 -1.1159212748e-01
3.4274161559e+00 -1.2737682344e-01
3.6206259452e+00 -1.4389236958e-01
3.8069440081e+00 -1.6108611110e-01
3.9863901100e+00 -1.7889805058e-01
4.1589836701e+00 -1.9727750717e-01
4.3247238606e+00 -2.1616873355e-01
4.4836582923e+00 -2.3552094462e-01
4.6357802178e+00 -2.5528877726e-01
4.7811474630e+00 -2.7540952642e-01
4.9197688825e+00 -2.9584451631e-01
5.0516791249e+00 -3.1654184337e-01
5.1768800320e+00 -3.3745060263e-01
5.2954241262e+00 -3.5852862354e-01
5.4073373054e+00 -3.7973056991e-01
5.5126656997e+00 -4.0101112778e-01
5.6114068772e+00 -4.2231940049e-01
5.7036155032e+00 -4.4362172233e-01
5.7893302489e+00 -4.6486918991e-01
5.8685551578e+00 -4.8601843910e-01
5.9413576859e+00 -5.0703191358e-01
6.0077430819e+00 -5.2786676799e-01
6.0677715810e+00 -5.4848079273e-01
6.1214565901e+00 -5.6883669064e-01
6.1688457028e+00 -5.8889381770e-01
6.2099908329e+00 -6.0861532894e-01
6.2448869252e+00 -6.2795862278e-01
6.2736020100e+00 -6.4688810108e-01
6.2961765062e+00 -6.6536556280e-01
6.3126354253e+00 -6.8335114446e-01
6.3230230923e+00 -7.0080981203e-01
6.3273507914e+00 -7.1769949703e-01
6.3257046133e+00 -7.3398605153e-01
6.3180974461e+00 -7.4963388103e-01
6.3045617066e+00 -7.6460301733e-01
6.2851741227e+00 -7.7886388059e-01
6.2599524149e+00 -7.9236789459e-01
6.2289538292e+00 -8.0509024895e-01
6.1922132927e+00 -8.1699176888e-01
6.1497935022e+00 -8.2803352223e-01
6.1017256621e+00 -8.3817918665e-01
6.0480678746e+00 -8.4739628610e-01
5.9888965443e+00 -8.5564888152e-01
5.9242310530e+00 -8.6289569829e-01
5.8541492949e+00 -8.6910993423e-01
5.7787117173e+00 -8.7425442847e-01
5.6979768456e+00 -8.7828894568e-01
5.6120211042e+00 -8.8117979193e-01
5.5209063391e+00 -8.8289953351e-01
5.4247163641e+00 -8.8340674010e-01
5.3235270022e+00 -8.8267550809e-01
5.2174176107e+00 -8.8066389597e-01
5.1064645990e+00 -8.7733969253e-01
4.9907923111e+00 -8.7268187893e-01
4.8704700785e+00 -8.6665330475e-01
4.7456209091e+00 -8.5922324010e-01
4.6163606400e+00 -8.5036620193e-01
4.4827987970e+00 -8.4005485214e-01
4.3450695783e+00 -8.2826254231e-01
4.2033069566e+00 -8.1496834730e-01
4.0576660377e+00 -8.0015158140e-01
3.9082986091e+00 -7.8378904015e-01
3.7553671356e+00 -7.6586116432e-01
3.5990848340e+00 -7.4636336744e-01
3.4396340436e+00 -7.2529429324e-01
3.2772100450e+00 -7.0264005987e-01
3.1120831220e+00 -6.7839972355e-01
2.9444747966e+00 -6.5257689221e-01
2.7746576610e+00 -6.2519398181e-01
2.6029401566e+00 -5.9627246847e-01
2.4296589643e+00 -5.6584007884e-01
2.2551593415e+00 -5.3394183857e-01
2.0798103286e+00 -5.0062126316e-01
1.9040913711e+00 -4.6595270014e-01
1.7284828113e+00 -4.3001543506e-01
1.5534928114e+00 -3.9291677477e-01
1.3797723709e+00 -3.5479756038e-01
1.2080519969e+00 -3.1584993769e-01
1.0391568924e+00 -2.7624155576e-01
8.7396856244e-01 -2.3621168651e-01
7.1369568915e-01 -1.9611413513e-01
5.5987642526e-01 -1.5639403723e-01
4.1428673287e-01 -1.1768374719e-01
2.7943746894e-01 -8.0744417678e-02
1.5893708108e-01 -4.6740136061e-02
5.9340635749e-02 -1.7002725235e-02
-1.1187669002e-05 3.4681806665e-06
