3.9245747424e-06 1.5910764884e-07
3.7279905779e-02 -2.3246656184e-05
7.3880979203e-02 -7.8887283072e-05
1.0980714485e-01 -1.6676277302e-04
1.4505840271e-01 -2.8687312602e-04
1.7963475280e-01 -4.3921834208e-04
2.1353619510e-01 -6.2379842119e-04
2.4676272963e-01 -8.4061336336e-04
2.7931435637e-01 -1.0896631686e-03
3.1119873939e-01 -1.3687256469e-03
3.4243986709e-01 -1.6739985269e-03
3.7303688237e-01 -2.0069208005e-03
4.0298978525e-01 -2.3674924677e-03
4.3229857571e-01 -2.7557135284e-03
4.6096325377e-01 -3.1715839826e-03
4.8898048793e-01 -3.6050821107e-03
5.1634960893e-01 -4.0573123524e-03
5.4307692335e-01 -4.5354179973e-03
5.6917581369e-01 -5.0340165598e-03
5.9464670534e-01 -5.5515726161e-03
6.1948959829e-01 -6.0880861662e-03
6.4370361692e-01 -6.6443718041e-03
6.6728785754e-01 -7.2212182249e-03
6.9024360582e-01 -7.8175346532e-03
7.1258370618e-01 -8.4290612808e-03
7.3430417537e-01 -9.0578419122e-03
7.5540721002e-01 -9.6996362500e-03
7.7589281016e-01 -1.0354444294e-02
7.9576097576e-01 -1.1022266045e-02
8.1501170684e-01 -1.1703101502e-02
8.3364796783e-01 -1.2396624434e-02
8.5167733024e-01 -1.3102196972e-02
8.6909998883e-01 -1.3819845145e-02
8.8591387351e-01 -1.4548029445e-02
9.0211774456e-01 -1.5283757735e-02
9.1771177055e-01 -1.6026953240e-02
9.3269595148e-01 -1.6777615961e-02
9.4707261157e-01 -1.7535800905e-02
9.6084646063e-01 -1.8300100908e-02
9.7401761714e-01 -1.9070300364e-02
9.8658583710e-01 -1.9846278367e-02
9.9854805839e-01 -2.0625910167e-02
1.0099034700e+00 -2.1408429043e-02
1.0206520613e+00 -2.2193857234e-02
1.0307955250e+00 -2.2981071777e-02
1.0403361173e+00 -2.3767641440e-02
1.0492738380e+00 -2.4553566223e-02
1.0576086873e+00 -2.5338846124e-02
1.0653386968e+00 -2.6123119674e-02
1.0724589696e+00 -2.6905499185e-02
1.0789705650e+00 -2.7686155106e-02
1.0848776166e+00 -2.8461964905e-02
1.0901740406e+00 -2.9231924542e-02
1.0948598368e+00 -2.9996034019e-02
1.0989371896e+00 -3.0753145819e-02
1.1024075773e+00 -3.1502582252e-02
1.1052659742e+00 -3.2243351566e-02
1.1075068822e+00 -3.2973759913e-02
1.1091303010e+00 -3.3693807293e-02
1.1101362308e+00 -3.4403493705e-02
1.1105232012e+00 -3.5101339646e-02
1.1102950046e+00 -3.5783832186e-02
1.1094429570e+00 -3.6450367569e-02
1.1079635671e+00 -3.7100399412e-02
1.1058568348e+00 -3.7733927714e-02
1.1031227601e+00 -3.8350952476e-02
1.0997580711e+00 -3.8950430355e-02
1.0957644599e+00 -3.9526730303e-02
1.0911314298e+00 -4.0079732641e-02
1.0858557986e+00 -4.0609308551e-02
1.0799375665e+00 -4.1115458033e-02
1.0733767334e+00 -4.1598181086e-02
1.0661675882e+00 -4.2055432547e-02
1.0583117920e+00 -4.2481038361e-02
1.0498011612e+00 -4.2875396547e-02
1.0406275470e+00 -4.3236543594e-02
1.0307910157e+00 -4.3564520280e-02
1.0202932738e+00 -4.3860702159e-02
1.0091277158e+00 -4.4122596430e-02
9.9728513851e-01 -4.4345980513e-02
9.8476272461e-01 -4.4526208581e-02
9.7156047408e-01 -4.4663280634e-02
9.5767830977e-01 -4.4757169922e-02
9.4309794671e-01 -4.4806863758e-02
9.2782259463e-01 -4.4813399507e-02
9.1184511717e-01 -4.4766372198e-02
8.9516428261e-01 -4.4665294730e-02
8.7777702222e-01 -4.4509635640e-02
8.5966444553e-01 -4.4301429178e-02
8.4083263061e-01 -4.4036305086e-02
8.2127179297e-01 -4.3705804397e-02
8.0098193260e-01 -4.3309927111e-02
7.7995187269e-01 -4.2847449510e-02
7.5817055186e-01 -4.2322199804e-02
7.3563715254e-01 -4.1722050994e-02
7.1234672704e-01 -4.1043474601e-02
6.8829722040e-01 -4.0285925103e-02
6.6346291812e-01 -3.9449924041e-02
6.3785208275e-01 -3.8533457673e-02
6.1145342538e-01 -3.7523319902e-02
