-8.1911912834e-06 -3.3537702265e-06
2.6458421892e-01 7.0673976681e-04
5.2376311315e-01 2.7672997457e-03
7.7748721605e-01 6.1711092266e-03
1.0257267722e+00 1.0829658785e-02
1.2684575665e+00 1.6711851931e-02
1.5055774383e+00 2.3769216381e-02
1.7371205674e+00 3.1948698047e-02
1.9629817456e+00 4.1190122299e-02
2.1831456046e+00 5.1481374449e-02
2.3975600902e+00 6.2743360800e-02
2.6061878648e+00 7.4930375526e-02
2.8090061263e+00 8.8022974939e-02
3.0059064452e+00 1.0195407073e-01
3.1969269106e+00 1.1667789092e-01
3.3819841845e+00 1.3215475352e-01
3.5610040327e+00 1.4833928658e-01
3.7340402371e+00 1.6518746533e-01
3.9010018994e+00 1.8264137180e-01
4.0618417111e+00 2.0067645320e-01
4.2165709525e+00 2.1924261634e-01
4.3651014340e+00 2.3827145567e-01
4.5074327047e+00 2.5775562334e-01
4.6435037863e+00 2.7762741574e-01
4.7733281928e+00 2.9784105836e-01
4.8968733611e+00 3.1836760463e-01
5.0140725757e+00 3.3914741724e-01
5.1249825933e+00 3.6014240554e-01
5.2295195360e+00 3.8129416028e-01
5.3276913503e+00 4.0257920540e-01
5.4195006597e+00 4.2394287565e-01
5.5049061129e+00 4.4532592033e-01
5.5839128462e+00 4.6672130659e-01
5.6565061761e+00 4.8804414733e-01
5.7227109881e+00 5.0926201438e-01
5.7825176206e+00 5.3034008322e-01
5.8358896430e+00 5.5121783656e-01
5.8829028192e+00 5.7186587260e-01
5.9235247165e+00 5.9221694942e-01
5.9577590410e+00 6.1225003965e-01
5.9856641967e+00 6.3191236988e-01
6.0072479445e+00 6.5114143939e-01
6.0225313816e+00 6.6992226991e-01
6.0315183572e+00 6.8817985281e-01
6.0342765256e+00 7.0588314484e-01
6.0308458511e+00 7.2298475217e-01
6.0212293084e+00 7.3943604798e-01
6.0055107936e+00 7.5520425227e-01
5.9837204581e+00 7.7022192555e-01
5.9559019851e+00 7.8447736676e-01
5.9221277252e+00 7.9789819173e-01
5.8824821151e+00 8.1044609488e-01
5.8369736069e+00 8.2208909202e-01
5.7857448836e+00 8.3276390469e-01
5.7288213141e+00 8.4245164200e-01
5.6662822442e+00 8.5108751832e-01
5.5982475373e+00 8.5864500323e-01
5.5247959405e+00 8.6507702175e-01
5.4460007333e+00 8.7034226615e-01
5.3620137915e+00 8.7441267091e-01
5.2729172197e+00 8.7723299201e-01
5.1787707964e+00 8.7879115718e-01
5.0798080196e+00 8.7902339407e-01
4.9760569174e+00 8.7791626666e-01
4.8676725376e+00 8.7541979191e-01
4.7548218723e+00 8.7151322085e-01
4.6376188965e+00 8.6616667813e-01
4.5162015216e+00 8.5933765813e-01
4.3907316702e+00 8.5103544231e-01
4.2614188452e+00 8.4120335598e-01
4.1283618005e+00 8.2984527063e-01
3.9918021655e+00 8.1694933994e-01
3.8518695732e+00 8.0248178250e-01
3.7087932809e+00 7.8641751304e-01
3.5627783469e+00 7.6878305002e-01
3.4139938736e+00 7.4958677663e-01
3.2627405344e+00 7.2881058254e-01
3.1091276837e+00 7.0645729137e-01
2.9535695751e+00 6.8255902420e-01
2.7961471520e+00 6.5712896092e-01
2.6372798863e+00 6.3018136951e-01
2.4771607746e+00 6.0177819317e-01
2.3161366170e+00 5.7195085266e-01
2.1545884091e+00 5.4075552632e-01
1.9927290784e+00 5.0826206025e-01
1.8311411514e+00 4.7454800179e-01
1.6700188122e+00 4.3973742140e-01
1.5100452025e+00 4.0392310546e-01
1.3514896553e+00 3.6720525239e-01
1.1951889892e+00 3.2983903717e-01
1.0414438060e+00 2.9191980034e-01
8.9138310983e-01 2.5374773246e-01
7.4555015099e-01 2.1546634057e-01
6.0515241175e-01 1.7759909434e-01
4.7140697907e-01 1.4051743592e-01
3.4528290288e-01 1.0458431584e-01
2.3086125890e-01 7.0665675610e-02
1.2849759299e-01 3.9055846803e-02
4.9529863136e-02 1.4641667251e-02
-3.1397621428e-05 -7.2527275722e-06
