4.0919948421e+02
4.0912656153e+02
4.0905507622e+02
4.0898642336e+02
4.0892070760e+02
4.0885586385e+02
4.0879794293e+02
4.0874175789e+02
4.0868733124e+02
4.0863760377e+02
4.0859043479e+02
4.0854713387e+02
4.0850598339e+02
4.0847014635e+02
4.0843686255e+02
4.0840520139e+02
4.0837999407e+02
4.0835591860e+02
4.0833604046e+02
4.0832207480e+02
4.0830962637e+02
4.0830008490e+02
4.0829534102e+02
4.0829366314e+02
4.0829790943e+02
4.0830350380e+02
4.0831436324e+02
4.0833029833e+02
4.0834794958e+02
4.0837059653e+02
4.0839687369e+02
4.0842693638e+02
4.0846144087e+02
4.0850021772e+02
4.0854240484e+02
4.0858969328e+02
4.0864171238e+02
4.0869502142e+02
4.0875558219e+02
4.0881883501e+02
4.0888542285e+02
4.0895719087e+02
4.0903249486e+02
4.0911529301e+02
4.0919876891e+02
4.0928375699e+02
4.0937724946e+02
4.0947289978e+02
4.0957281702e+02
4.0967718835e+02
4.0978443474e+02
4.0989725760e+02
4.1001199877e+02
4.1013120252e+02
4.1025647639e+02
4.1038144752e+02
4.1051238664e+02
4.1064810980e+02
4.1078441504e+02
4.1092647923e+02
4.1106947845e+02
4.1121826663e+02
4.1137161366e+02
4.1152398738e+02
4.1168116409e+02
4.1184288668e+02
4.1200682663e+02
4.1217113306e+02
4.1234048282e+02
4.1251513248e+02
4.1268593652e+02
4.1286337799e+02
4.1304595632e+02
4.1322466572e+02
4.1340863469e+02
4.1359577397e+02
4.1378172982e+02
4.1397043545e+02
4.1416744390e+02
4.1435636304e+02
4.1455262815e+02
4.1475066127e+02
4.1494488133e+02
4.1515197125e+02
4.1534602450e+02
4.1555251933e+02
4.1575304019e+02
4.1596692167e+02
4.1616478675e+02
4.1637740109e+02
4.1659059091e+02
4.1677546051e+02
4.1701000934e+02
4.1721879569e+02
4.1739601134e+02
4.1769027677e+02
4.1782052036e+02
4.1798954237e+02
4.1835260104e+02
4.1687001543e+02
