1.7277526184e-04 2.8999487199e-06
2.3071834155e-01 -1.8761904504e-05
4.5499252389e-01 -7.6241054202e-05
6.7298693857e-01 -1.6517171133e-04
8.8493156648e-01 -3.1309692783e-04
1.0908545887e+00 -4.8831552751e-04
1.2909013891e+00 -7.0995370718e-04
1.4851384393e+00 -9.7464640570e-04
1.6736706937e+00 -1.2793942248e-03
1.8565985415e+00 -1.6418600631e-03
2.0339876041e+00 -2.0415408487e-03
2.2059932789e+00 -2.4883003917e-03
2.3726319402e+00 -2.9817453451e-03
2.5340306646e+00 -3.5221208139e-03
2.6902929767e+00 -4.1150719417e-03
2.8414514833e+00 -4.7547027284e-03
2.9876665791e+00 -5.4412863938e-03
3.1288791656e+00 -6.1812976917e-03
3.2652931589e+00 -6.9629390119e-03
3.3968860629e+00 -7.7968429442e-03
3.5238150610e+00 -8.6748810599e-03
3.6460873820e+00 -9.6050141824e-03
3.7638388279e+00 -1.0582455252e-02
3.8770326497e+00 -1.1597577726e-02
3.9859159895e+00 -1.2664698906e-02
4.0902875439e+00 -1.3771572159e-02
4.1904115142e+00 -1.4927880000e-02
4.2862041996e+00 -1.6124829199e-02
4.3778047916e+00 -1.7356864567e-02
4.4652837588e+00 -1.8630823061e-02
4.5486133572e+00 -1.9946500879e-02
4.6278692071e+00 -2.1279154013e-02
4.7031031925e+00 -2.2686384638e-02
4.7743409334e+00 -2.4058143564e-02
4.8416301963e+00 -2.5514549974e-02
4.9049983259e+00 -2.6970895857e-02
4.9644837460e+00 -2.8461519404e-02
5.0201011859e+00 -2.9967313000e-02
5.0718780557e+00 -3.1496149123e-02
5.1198558656e+00 -3.3038411136e-02
5.1640442938e+00 -3.4593007230e-02
5.2044552811e+00 -3.6158792989e-02
5.2411002932e+00 -3.7728637297e-02
5.2740000299e+00 -3.9305109737e-02
5.3031717708e+00 -4.0880298703e-02
5.3285982134e+00 -4.2449919567e-02
5.3502946113e+00 -4.4015140556e-02
5.3682569494e+00 -4.5567537351e-02
5.3824864342e+00 -4.7103720834e-02
5.3929725279e+00 -4.8627588549e-02
5.3997029430e+00 -5.0123285754e-02
5.4026627181e+00 -5.1594269514e-02
5.4018498482e+00 -5.3034721161e-02
5.3972310954e+00 -5.4442664882e-02
5.3887969958e+00 -5.5811165305e-02
5.3765072811e+00 -5.7137612888e-02
5.3603430937e+00 -5.8416397196e-02
5.3402626601e+00 -5.9643072693e-02
5.3162342626e+00 -6.0814408080e-02
5.2882223304e+00 -6.1926209660e-02
5.2561826898e+00 -6.2970616571e-02
5.2200782351e+00 -6.3947160373e-02
5.1798384034e+00 -6.4851377632e-02
5.1354382161e+00 -6.5672467521e-02
5.0867952521e+00 -6.6415176938e-02
5.0338769519e+00 -6.7065023607e-02
4.9765818631e+00 -6.7623912223e-02
4.9148954576e+00 -6.8086237579e-02
4.8487078450e+00 -6.8443146202e-02
4.7779571843e+00 -6.8694781840e-02
4.7025629606e+00 -6.8833137766e-02
4.6224611886e+00 -6.8851941913e-02
4.5375423863e+00 -6.8753738006e-02
4.4477407934e+00 -6.8524588763e-02
4.3529483053e+00 -6.8164674623e-02
4.2530893283e+00 -6.7667423955e-02
4.1480391095e+00 -6.7027054242e-02
4.0377258742e+00 -6.6241266620e-02
3.9220162330e+00 -6.5300644726e-02
3.8008138304e+00 -6.4204285373e-02
3.6739988729e+00 -6.2943907276e-02
3.5414445372e+00 -6.1514866394e-02
3.4030533142e+00 -5.9911901605e-02
3.2586776837e+00 -5.8133842820e-02
3.1081911777e+00 -5.6167380875e-02
2.9514681591e+00 -5.4009094694e-02
2.7883594004e+00 -5.1662858926e-02
2.6187308288e+00 -4.9106318783e-02
2.4424303228e+00 -4.6348913221e-02
2.2593085372e+00 -4.3376327656e-02
2.0692064936e+00 -4.0181856100e-02
1.8719766187e+00 -3.6760170771e-02
1.6674345706e+00 -3.3114873604e-02
1.4553943965e+00 -2.9217650195e-02
1.2357467458e+00 -2.5071018264e-02
1.0082644396e+00 -2.0682774863e-02
7.7282767317e-01 -1.6010537642e-02
5.2907152160e-01 -1.1064141561e-02
2.7701298567e-01 -5.8631178279e-03
1.6598371057e-02 -3.5553460362e-04
