2.5722045750e+02
2.5648271795e+02
2.5798124146e+02
2.5574649746e+02
2.5874177488e+02
2.5500976845e+02
2.5949952007e+02
2.5427117967e+02
2.6025731607e+02
2.5353247702e+02
2.6101506180e+02
2.5278789785e+02
2.6176461703e+02
2.5204263925e+02
2.6251415407e+02
2.5129680595e+02
2.6325777287e+02
2.5054825148e+02
2.6399670839e+02
2.4979947120e+02
2.6473579948e+02
2.4907247638e+02
2.6550262399e+02
2.4834905274e+02
2.6626985859e+02
2.4761438248e+02
2.6702415272e+02
2.4685398912e+02
2.6776577821e+02
2.4609317889e+02
2.6850757168e+02
2.4537794843e+02
2.6927798742e+02
2.4467276492e+02
2.7005022382e+02
2.4396143818e+02
2.7081047597e+02
2.4323443503e+02
2.7155611468e+02
2.4250715667e+02
2.7230197171e+02
2.4178268361e+02
2.7306474069e+02
2.4105887990e+02
2.7382947975e+02
2.4033624049e+02
2.7458961396e+02
2.3961510281e+02
2.7534412713e+02
2.3889358921e+02
2.7609894669e+02
2.3818421999e+02
2.7685522583e+02
2.3747907006e+02
2.7761185134e+02
2.3676947970e+02
2.7836677976e+02
2.3603951206e+02
2.7912033456e+02
2.3530899966e+02
2.7987424100e+02
2.3460998151e+02
2.8062446564e+02
2.3392454399e+02
2.8137399131e+02
2.3323712099e+02
2.8212709138e+02
2.3253588338e+02
2.8289107954e+02
2.3183402200e+02
2.8365548898e+02
2.3113720885e+02
2.8440481903e+02
2.3044301347e+02
2.8515000393e+02
2.2975333914e+02
2.8589497261e+02
2.2908790891e+02
2.8664123683e+02
2.2842193616e+02
2.8738795338e+02
2.2773651309e+02
2.8813129133e+02
2.2703895750e+02
2.8887354252e+02
2.2634286084e+02
2.8961725257e+02
2.2565085200e+02
2.9036914488e+02
2.2495816848e+02
2.9112152248e+02
2.2429384230e+02
2.9186663156e+02
2.9260873797e+02
2.2365038684e+02
2.9334938872e+02
2.2300579157e+02
2.9408512081e+02
2.2234268035e+02
2.9482136837e+02
2.2167896947e+02
2.9556077598e+02
2.2101793385e+02
2.9630196711e+02
2.2035923610e+02
2.9704136782e+02
2.1970095741e+02
2.9777171221e+02
2.1906769002e+02
2.9850261151e+02
2.1843378987e+02
2.9923532512e+02
2.1778892349e+02
2.9996926520e+02
2.1713301548e+02
3.0070241964e+02
2.1647665533e+02
3.0143104906e+02
2.1584900006e+02
3.0216028155e+02
2.1522048123e+02
3.0288547073e+02
2.1458913780e+02
3.0360772948e+02
2.1395467026e+02
3.0432970320e+02
2.1331963909e+02
3.0504766105e+02
2.1271108892e+02
3.0576622398e+02
2.1210308117e+02
3.0648514585e+02
2.1149046801e+02
3.0720437568e+02
2.1087175819e+02
3.0792352837e+02
2.1025245502e+02
3.0864185967e+02
2.0965145985e+02
3.0936085669e+02
2.0905124503e+02
3.1007225882e+02
2.0845219190e+02
3.1077580924e+02
2.0785572144e+02
3.1147990656e+02
2.0725861410e+02
3.1218701154e+02
2.0667186519e+02
3.1289577177e+02
2.0608551645e+02
3.1360030476e+02
2.0550171210e+02
3.1429942916e+02
2.0492392695e+02
3.1499910069e+02
3.1568350583e+02
2.0434548452e+02
3.1636791102e+02
2.0376878757e+02
3.1705819731e+02
2.0319102596e+02
3.1775643896e+02
2.0262016547e+02
3.1845523612e+02
2.0206727874e+02
3.1915536494e+02
2.0151369250e+02
3.1985732430e+02
2.0095561857e+02
3.2054718258e+02
2.0039491713e+02
3.2121609091e+02
1.9983696314e+02
3.2188564051e+02
1.9928890857e+02
3.2254975783e+02
1.9874010758e+02
3.2321390523e+02
1.9821661258e+02
3.2388590135e+02
1.9770136221e+02
3.2457274628e+02
1.9717830259e+02
3.2526014949e+02
1.9662865185e+02
3.2591999363e+02
1.9607832798e+02
3.2657480534e+02
1.9556280242e+02
3.2723467284e+02
1.9506155498e+02
3.2790563796e+02
1.9455558869e+02
3.2857724358e+02
1.9403010670e+02
3.2923560919e+02
1.9350392106e+02
3.2989120536e+02
1.9299131585e+02
3.3054589229e+02
3.3119630466e+02
1.9248425712e+02
3.3184738338e+02
1.9197868001e+02
3.3249701457e+02
1.9148831453e+02
3.3314725412e+02
1.9099714191e+02
3.3379487856e+02
1.9051582294e+02
3.3443054520e+02
1.9003999023e+02
3.3506690249e+02
1.8956253754e+02
3.3570319859e+02
1.8907694948e+02
3.3634044887e+02
1.8859056189e+02
3.3697635516e+02
1.8812073071e+02
3.3760266490e+02
1.8766224870e+02
3.3822967358e+02
1.8720257308e+02
3.3885384572e+02
1.8673737196e+02
3.3947730552e+02
1.8627143759e+02
3.4010077825e+02
1.8582010127e+02
3.4071990572e+02
1.8538035851e+02
3.4133973889e+02
1.8493958599e+02
3.4195823533e+02
1.8448723576e+02
3.4257690042e+02
3.4319448402e+02
1.8403410209e+02
3.4379370192e+02
1.8359509553e+02
3.4439361971e+02
1.8316978435e+02
3.4500376048e+02
1.8274354324e+02
3.4562301604e+02
1.8231739945e+02
3.4624119881e+02
1.8189046644e+02
3.4682320416e+02
1.8146643025e+02
3.4740596077e+02
1.8104493534e+02
3.4799282390e+02
1.8062246615e+02
3.4858399386e+02
1.8022350676e+02
3.4917593513e+02
1.7982557056e+02
3.4976233621e+02
1.7942612005e+02
3.5034947149e+02
1.7902385134e+02
3.5092437076e+02
1.7862062773e+02
3.5148694224e+02
1.7823135939e+02
3.5205030740e+02
3.5263744777e+02
1.7784310469e+02
3.5322597819e+02
1.7745805030e+02
3.5380290733e+02
1.7707800026e+02
3.5436672128e+02
1.7669698863e+02
3.5493136308e+02
1.7632455619e+02
3.5549360580e+02
1.7595297862e+02
3.5605634582e+02
1.7558371261e+02
3.5662054771e+02
1.7521890074e+02
3.5718784106e+02
1.7485313582e+02
3.5775602670e+02
1.7449411987e+02
3.5829760688e+02
1.7413606518e+02
3.5883653474e+02
1.7378359709e+02
3.5937703732e+02
1.7344517567e+02
3.5992022317e+02
1.7310580445e+02
3.6046424382e+02
3.6100190545e+02
1.7276685549e+02
3.6153905075e+02
1.7242751103e+02
3.6207608086e+02
1.7208827990e+02
3.6261302586e+02
1.7174872467e+02
3.6315082339e+02
1.7140820525e+02
3.6367433752e+02
1.7108381154e+02
3.6419504348e+02
1.7076495520e+02
3.6471581782e+02
1.7045060545e+02
3.6523702437e+02
1.7015575123e+02
3.6575912929e+02
1.6986002680e+02
3.6627129366e+02
1.6954603154e+02
3.6678095215e+02
1.6922336110e+02
3.6728939572e+02
3.6779361816e+02
1.6890399451e+02
3.6829867228e+02
1.6859940563e+02
3.6880049266e+02
1.6829386099e+02
3.6930157569e+02
1.6800248916e+02
3.6980127811e+02
1.6771852917e+02
3.7029458372e+02
1.6743455793e+02
3.7078873605e+02
1.6715440326e+02
3.7127665146e+02
1.6687336292e+02
3.7176212310e+02
1.6659484269e+02
3.7224516600e+02
1.6631769904e+02
3.7271370298e+02
1.6604026768e+02
3.7318304929e+02
1.6576256028e+02
3.7365952017e+02
3.7414019339e+02
1.6548388760e+02
3.7461921693e+02
1.6522267593e+02
3.7508504460e+02
1.6497475514e+02
3.7555170576e+02
1.6472585468e+02
3.7601198515e+02
1.6446415030e+02
3.7646836488e+02
1.6420149064e+02
3.7692473255e+02
1.6395191397e+02
3.7737587069e+02
1.6371416518e+02
3.7782785049e+02
1.6347574942e+02
3.7827351625e+02
1.6324135485e+02
3.7871447960e+02
1.6300601405e+02
3.7915558754e+02
3.7958856371e+02
1.6277503558e+02
3.8002237810e+02
1.6254882704e+02
3.8045233705e+02
1.6232183041e+02
3.8087884594e+02
1.6209509716e+02
3.8130592024e+02
1.6186715003e+02
3.8172155225e+02
1.6164575745e+02
3.8213803706e+02
1.6143283944e+02
3.8255191801e+02
1.6121910161e+02
3.8296295412e+02
1.6101709291e+02
3.8337478306e+02
1.6081510125e+02
3.8376509176e+02
3.8415544719e+02
1.6061337891e+02
3.8454892383e+02
1.6041249983e+02
3.8494608543e+02
1.6021080579e+02
3.8534403422e+02
1.6001803292e+02
3.8572230194e+02
1.5982541469e+02
3.8609988526e+02
1.5963782673e+02
3.8647285831e+02
1.5945974533e+02
3.8683860005e+02
1.5928083758e+02
3.8720512259e+02
1.5910725999e+02
3.8756858427e+02
3.8793257291e+02
1.5893376975e+02
3.8828764382e+02
1.5876366127e+02
3.8862645632e+02
1.5860162474e+02
3.8896606367e+02
1.5843876033e+02
3.8930455646e+02
1.5828465855e+02
3.8964374778e+02
1.5813189590e+02
3.8997516908e+02
1.5798178647e+02
3.9028936143e+02
1.5783975585e+02
3.9060435161e+02
1.5769688677e+02
3.9091258384e+02
3.9121996864e+02
1.5755836347e+02
3.9152194791e+02
1.5742021732e+02
3.9180890591e+02
1.5728829921e+02
3.9209666124e+02
1.5717783614e+02
3.9237329232e+02
1.5706651811e+02
3.9264717391e+02
1.5696103440e+02
3.9291663459e+02
1.5685705952e+02
3.9317050838e+02
1.5675588063e+02
3.9342518980e+02
1.5666840324e+02
3.9366601527e+02
3.9390224520e+02
1.5658005167e+02
3.9413364791e+02
1.5650738815e+02
3.9434345254e+02
1.5644135664e+02
3.9455407218e+02
1.5637839248e+02
3.9474668480e+02
1.5633518936e+02
3.9493148539e+02
1.5629109092e+02
3.9511246686e+02
1.5626573539e+02
3.9527010643e+02
1.5625023712e+02
3.9542857568e+02
3.9556143442e+02
1.5623878415e+02
3.9568048246e+02
1.5626251619e+02
3.9579553486e+02
1.5628532192e+02
3.9587629273e+02
1.5633700716e+02
3.9595790082e+02
1.5640741686e+02
3.9600384150e+02
1.5648236272e+02
3.9602657635e+02
1.5661876549e+02
3.9604419781e+02
1.5675421437e+02
3.9599454232e+02
3.9594577383e+02
1.5696633530e+02
3.9580572146e+02
1.5723901301e+02
3.9559367408e+02
1.5751205795e+02
3.9538462193e+02
1.5781305201e+02
3.9522906226e+02
1.5811290575e+02
3.9507472469e+02
1.5910234264e+02
3.9398882745e+02
1.6074752102e+02
3.9202746698e+02
1.6239444489e+02
3.9006494649e+02
