5.2935234172e+02
5.2709828206e+02
5.2443009681e+02
8.4187466032e+02
5.2169550137e+02
8.4429307295e+02
5.1889724925e+02
5.1641684745e+02
8.4726919575e+02
5.1492902047e+02
8.5037307225e+02
5.1326806533e+02
8.5360157711e+02
5.1060892339e+02
8.5570960123e+02
5.0784929908e+02
8.5555271892e+02
5.0515646524e+02
5.0410437898e+02
8.5549549068e+02
5.0293329966e+02
8.5543165582e+02
5.0164440646e+02
8.5552437479e+02
5.0003785727e+02
8.5539076700e+02
4.9807687497e+02
8.5255624187e+02
4.9731637516e+02
8.4992511248e+02
4.9685528209e+02
8.4750002817e+02
4.9624433245e+02
4.9548414143e+02
8.4408204931e+02
4.9459093527e+02
8.4004613310e+02
4.9429493849e+02
8.3487705571e+02
4.9505109172e+02
8.2909499864e+02
4.9564583752e+02
8.2351458986e+02
4.9607857704e+02
8.1814144840e+02
4.9634887453e+02
4.9645645784e+02
8.1298098453e+02
4.9657600585e+02
8.0637884693e+02
4.9853343785e+02
7.9833998971e+02
5.0057487615e+02
7.9040270362e+02
5.0217488726e+02
7.8262456068e+02
5.0367366454e+02
7.7501339284e+02
5.0506969885e+02
7.6777558947e+02
5.0636158450e+02
7.6027498907e+02
5.0832320684e+02
7.5144981228e+02
5.1133778793e+02
7.4265184471e+02
5.1467368855e+02
5.1792039697e+02
7.3388994517e+02
5.2107464405e+02
7.2517293614e+02
5.2413325372e+02
7.1650959492e+02
5.2745629815e+02
7.0832671347e+02
5.3140807272e+02
7.0049603926e+02
5.3663156783e+02
6.9131371866e+02
5.4178644651e+02
6.8212355835e+02
5.4686751822e+02
6.7293481207e+02
5.5186966677e+02
6.6375673209e+02
5.5674684673e+02
6.5561998021e+02
5.6114378032e+02
6.4856254157e+02
5.6712842687e+02
6.4096698005e+02
5.7404181307e+02
6.3238000308e+02
5.8097375094e+02
6.2376488228e+02
5.8786780052e+02
6.1513029234e+02
5.9471702010e+02
6.0725514160e+02
6.0110045156e+02
