-3.3252599973e-06 1.6794797305e-08
1.2269828988e-05 -6.8730513046e-08
1.5869853746e-01 -1.3917822101e-05
3.1422367726e-01 -5.6340601491e-05
3.9089530668e-01 -3.3811558747e-03
4.6657209413e-01 -1.2725154337e-04
6.1575033704e-01 -2.2577640486e-04
7.1692122268e-01 -5.8100784712e-03
7.6179678580e-01 -3.4925535796e-04
9.0471716357e-01 -4.9791374078e-04
9.7809000959e-01 -7.2868384394e-03
1.0445088195e+00 -6.6884312669e-04
1.1780830812e+00 -8.1016444251e-03
1.1811744929e+00 -8.6328611829e-04
1.3147374450e+00 -1.0784337008e-03
1.3711073109e+00 -1.1937849840e-02
1.4452036599e+00 -1.3157531111e-03
1.5464150384e+00 -1.6026677931e-02
1.5725745794e+00 -1.5739375015e-03
1.6968859036e+00 -1.8568786037e-03
1.7069076279e+00 -1.8907374347e-02
1.8180954150e+00 -2.1580108447e-03
1.8554216540e+00 -2.0972633192e-02
1.9362598044e+00 -2.4748776815e-03
1.9961500018e+00 -2.2904249612e-02
2.0513803753e+00 -2.8130305567e-03
2.1289597136e+00 -2.4703359534e-02
2.1634290067e+00 -3.1714094695e-03
2.2541595872e+00 -2.6673071549e-02
2.2723927550e+00 -3.5514344385e-03
2.3738051734e+00 -2.7945973408e-02
2.3783310901e+00 -3.9512330044e-03
2.4812355052e+00 -4.3673819381e-03
2.4882034306e+00 -2.9116676763e-02
2.5811133578e+00 -4.7982330606e-03
2.5973463384e+00 -3.0159230190e-02
2.6779633766e+00 -5.2433623131e-03
2.7014262509e+00 -3.1262945980e-02
2.7717874054e+00 -5.7056801155e-03
2.8012599953e+00 -3.1975847212e-02
2.8626035828e+00 -6.1906485333e-03
2.8970376472e+00 -3.2680623345e-02
2.9504129624e+00 -6.6888656197e-03
2.9887592065e+00 -3.3377274377e-02
3.0352058956e+00 -7.1985039976e-03
3.0765230816e+00 -3.4046763194e-02
3.1169936569e+00 -7.7250687476e-03
3.1605218755e+00 -3.4483401774e-02
3.1957967658e+00 -8.2706437279e-03
3.2408814720e+00 -3.4779617868e-02
3.2716117958e+00 -8.8323394617e-03
3.3176806116e+00 -3.5151033042e-02
3.3444194327e+00 -9.4029221286e-03
3.3910685550e+00 -3.5333462968e-02
3.4142356655e+00 -9.9894359504e-03
3.4610325391e+00 -3.5401696962e-02
3.4810681586e+00 -1.0590260658e-02
3.5275703324e+00 -3.5358771964e-02
3.5449139388e+00 -1.1205846098e-02
3.5907254626e+00 -3.5338436156e-02
3.6057810947e+00 -1.1833292966e-02
3.6507176701e+00 -3.5186443762e-02
3.6636662559e+00 -1.2472917539e-02
3.7074715167e+00 -3.4995121079e-02
3.7185767006e+00 -1.3117947209e-02
3.7610138228e+00 -3.4744147298e-02
3.7705123377e+00 -1.3768347816e-02
3.8113340045e+00 -3.4504644646e-02
3.8194680503e+00 -1.4428383128e-02
3.8585293622e+00 -3.4136173800e-02
3.8654568135e+00 -1.5108996213e-02
3.9026199410e+00 -3.3761913935e-02
3.9084786998e+00 -1.5796031516e-02
3.9436056639e+00 -3.3382175427e-02
3.9485191004e+00 -1.6483294532e-02
3.9814776281e+00 -3.2967361385e-02
3.9855780655e+00 -1.7179958640e-02
4.0162681196e+00 -3.2478738767e-02
4.0196909973e+00 -1.7882263634e-02
4.0479877704e+00 -3.1958936973e-02
4.0508578958e+00 -1.8590209516e-02
4.0766659614e+00 -3.1452303454e-02
4.0790378314e+00 -1.9303776243e-02
4.1023010405e+00 -3.0897620917e-02
4.1042228381e+00 -2.0019702507e-02
4.1249110979e+00 -3.0308819185e-02
4.1264450322e+00 -2.0737133289e-02
4.1444961335e+00 -2.9685898257e-02
4.1457044137e+00 -2.1456068591e-02
4.1610295900e+00 -2.9060146052e-02
4.1619951270e+00 -2.2170597980e-02
4.1745632022e+00 -2.8410719701e-02
4.1753314171e+00 -2.2897084217e-02
4.1851099227e+00 -2.7751867113e-02
4.1856341118e+00 -2.3611941450e-02
4.1926705726e+00 -2.7078585425e-02
4.1929640472e+00 -2.4308056569e-02
4.1971813455e+00 -2.6408707099e-02
4.1973446788e+00 -2.5002321157e-02
4.1987481475e+00 -2.5703579710e-02
