6.7168746369e-01 -1.3771270450e-01
6.8529751620e-01 -1.4774564220e-01
6.9887763527e-01 -1.5763223872e-01
7.1233974119e-01 -1.6736193044e-01
7.2570813830e-01 -1.7664936197e-01
7.3916313487e-01 -1.8556578445e-01
7.5228842559e-01 -1.9414277933e-01
7.6513951897e-01 -2.0234966941e-01
7.7776382308e-01 -2.1019583143e-01
7.9016867628e-01 -2.1773109077e-01
8.0241956219e-01 -2.2502907315e-01
8.1452652295e-01 -2.3208014487e-01
8.2645111818e-01 -2.3887194319e-01
8.3809580207e-01 -2.4535870649e-01
8.4954538085e-01 -2.5151395575e-01
8.6085907545e-01 -2.5746439013e-01
8.7202249268e-01 -2.6322312424e-01
8.8298280505e-01 -2.6874881948e-01
8.9373156235e-01 -2.7405129568e-01
9.0434576679e-01 -2.7925181111e-01
9.1482639560e-01 -2.8427197173e-01
9.2512451058e-01 -2.8910540979e-01
9.3523493117e-01 -2.9376349645e-01
9.4518652521e-01 -2.9825396753e-01
9.5504259016e-01 -3.0262192609e-01
9.6480391775e-01 -3.0687082473e-01
9.7442639619e-01 -3.1097508583e-01
9.8388952505e-01 -3.1493987228e-01
9.9323587040e-01 -3.1885156868e-01
1.0024950521e+00 -3.2265050076e-01
1.0116456852e+00 -3.2633128670e-01
1.0206734581e+00 -3.2990822188e-01
1.0295871813e+00 -3.3337452698e-01
1.0384284872e+00 -3.3674024338e-01
1.0472002974e+00 -3.4003176727e-01
1.0558603424e+00 -3.4322554201e-01
1.0643984461e+00 -3.4632869554e-01
1.0728574807e+00 -3.4937342379e-01
1.0812598333e+00 -3.5234777174e-01
1.0896037450e+00 -3.5525110560e-01
1.0978839372e+00 -3.5809365300e-01
1.1060931169e+00 -3.6083192600e-01
1.1142262630e+00 -3.6351639293e-01
1.1222712636e+00 -3.6613417382e-01
1.1302263328e+00 -3.6868464326e-01
1.1381062613e+00 -3.7117412178e-01
1.1459462815e+00 -3.7360836431e-01
1.1537455878e+00 -3.7598555568e-01
1.1615023210e+00 -3.7830510672e-01
1.1692228935e+00 -3.8057902218e-01
1.1768847401e+00 -3.8278008112e-01
1.1844888883e+00 -3.8493734106e-01
1.1920269656e+00 -3.8704034526e-01
1.1994971062e+00 -3.8908851979e-01
1.2069084010e+00 -3.9108834031e-01
1.2142934440e+00 -3.9304585107e-01
1.2216497379e+00 -3.9495447170e-01
1.2289753629e+00 -3.9681367143e-01
1.2362742885e+00 -3.9863285746e-01
1.2435166887e+00 -4.0039364202e-01
1.2507299614e+00 -4.0212064286e-01
1.2578964202e+00 -4.0380268063e-01
1.2650141387e+00 -4.0543924183e-01
1.2720843141e+00 -4.0703401338e-01
1.2791334232e+00 -4.0859851316e-01
1.2861622661e+00 -4.1011967684e-01
1.2931688743e+00 -4.1159702992e-01
1.3001455431e+00 -4.1303818385e-01
1.3070836960e+00 -4.1442720345e-01
1.3140063850e+00 -4.1577996348e-01
1.3208968073e+00 -4.1710065732e-01
1.3277471432e+00 -4.1838132736e-01
1.3345565410e+00 -4.1962348714e-01
1.3413498147e+00 -4.2084201640e-01
1.3481297124e+00 -4.2201989383e-01
1.3548941928e+00 -4.2315670061e-01
1.3616406868e+00 -4.2426388296e-01
1.3683523958e+00 -4.2533186951e-01
1.3750380021e+00 -4.2635265475e-01
1.3817206022e+00 -4.2734780021e-01
1.3883758980e+00 -4.2830769117e-01
1.3949980822e+00 -4.2922897199e-01
1.4015931251e+00 -4.3012475871e-01
1.4081820937e+00 -4.3099711385e-01
1.4147618927e+00 -4.3183099496e-01
1.4213279632e+00 -4.3262711656e-01
1.4278730182e+00 -4.3339400427e-01
1.4343970687e+00 -4.3413148586e-01
1.4408947525e+00 -4.3481712670e-01
1.4473947281e+00 -4.3547589682e-01
1.4538827188e+00 -4.3610674692e-01
1.4603405802e+00 -4.3670194396e-01
1.4667750394e+00 -4.3727086916e-01
1.4732144392e+00 -4.3782287637e-01
1.4796466619e+00 -4.3833434326e-01
1.4860563766e+00 -4.3880965119e-01
1.4924542444e+00 -4.3926130658e-01
1.4988252982e+00 -4.3967845358e-01
1.5051903613e+00 -4.4006257081e-01
1.5115549029e+00 -4.4041691983e-01
1.5179097598e+00 -4.4073510378e-01
1.5242479814e+00 -4.4102443735e-01
1.5305916465e+00 -4.4129418915e-01
1.5369145611e+00 -4.4152512021e-01
1.5432189343e+00 -4.4172842524e-01
1.5495024240e+00 -4.4190386561e-01
1.5557669686e+00 -4.4204035379e-01
1.5620362853e+00 -4.4214928964e-01
1.5683088980e+00 -4.4223154293e-01
1.5745705066e+00 -4.4227595054e-01
1.5808145979e+00 -4.4229281101e-01
1.5870706365e+00 -4.4229795718e-01
1.5933070470e+00 -4.4225871689e-01
1.5995291126e+00 -4.4219268814e-01
1.6057347511e+00 -4.4210008773e-01
1.6119170688e+00 -4.4197621373e-01
1.6180939432e+00 -4.4181794641e-01
1.6242751775e+00 -4.4162926308e-01
1.6304583113e+00 -4.4141005705e-01
1.6366408661e+00 -4.4116021809e-01
1.6428140914e+00 -4.4088095809e-01
1.6489717337e+00 -4.4057236598e-01
1.6551164807e+00 -4.4023514042e-01
1.6612458810e+00 -4.3986921281e-01
1.6673574647e+00 -4.3947451113e-01
1.6734632678e+00 -4.3905627323e-01
1.6795707249e+00 -4.3860626800e-01
1.6856752789e+00 -4.3812201624e-01
1.6917779788e+00 -4.3761022236e-01
1.6978658098e+00 -4.3706945220e-01
1.7039365575e+00 -4.3648245132e-01
1.7100156353e+00 -4.3587665768e-01
1.7160775039e+00 -4.3524104726e-01
1.7221186005e+00 -4.3457451447e-01
1.7281505077e+00 -4.3388965483e-01
1.7341820829e+00 -4.3317371493e-01
1.7402081940e+00 -4.3242041429e-01
1.7462309899e+00 -4.3163566927e-01
1.7522485303e+00 -4.3082952757e-01
1.7582345874e+00 -4.2998830821e-01
1.7642122332e+00 -4.2911092733e-01
1.7701935792e+00 -4.2820307147e-01
1.7761679606e+00 -4.2726207150e-01
1.7821170997e+00 -4.2628641386e-01
1.7880849093e+00 -4.2530060721e-01
1.7940301767e+00 -4.2427071763e-01
1.7999584454e+00 -4.2321083904e-01
1.8058717360e+00 -4.2212493175e-01
1.8117671940e+00 -4.2101310184e-01
1.8176395119e+00 -4.1986566638e-01
1.8235115977e+00 -4.1868538039e-01
1.8293807523e+00 -4.1747249095e-01
1.8352442547e+00 -4.1622724197e-01
1.8410993612e+00 -4.1494987409e-01
1.8469387032e+00 -4.1363838670e-01
1.8527634551e+00 -4.1229524202e-01
1.8585707961e+00 -4.1092472870e-01
1.8643580386e+00 -4.0952714342e-01
1.8701224718e+00 -4.0810277980e-01
1.8758774476e+00 -4.0665070731e-01
1.8816231190e+00 -4.0516026807e-01
1.8873567256e+00 -4.0363178663e-01
1.8930824241e+00 -4.0206871369e-01
1.8988079526e+00 -4.0048543126e-01
1.9044773398e+00 -3.9886014346e-01
1.9101475974e+00 -3.9720313749e-01
1.9158059775e+00 -3.9551622303e-01
1.9214377401e+00 -3.9379750285e-01
1.9270514194e+00 -3.9205210916e-01
1.9326609020e+00 -3.9027564525e-01
1.9382498802e+00 -3.8845861108e-01
1.9438190551e+00 -3.8661352173e-01
1.9493681916e+00 -3.8474465641e-01
1.9548763313e+00 -3.8283919274e-01
1.9603739143e+00 -3.8089700876e-01
1.9658589618e+00 -3.7891888279e-01
1.9713278985e+00 -3.7690521872e-01
1.9767570722e+00 -3.7485592415e-01
1.9821885494e+00 -3.7278182247e-01
1.9875813801e+00 -3.7067192537e-01
1.9929500467e+00 -3.6853435085e-01
1.9982917794e+00 -3.6636971901e-01
2.0036098850e+00 -3.6417725680e-01
2.0089086294e+00 -3.6194733163e-01
2.0141830985e+00 -3.5967878098e-01
2.0194305208e+00 -3.5737228181e-01
2.0246625510e+00 -3.5503432213e-01
2.0298508004e+00 -3.5265680599e-01
2.0350250040e+00 -3.5024782726e-01
2.0401678497e+00 -3.4781039476e-01
2.0452731523e+00 -3.4534414571e-01
2.0503381732e+00 -3.4284981302e-01
2.0553912447e+00 -3.4032891118e-01
2.0604162986e+00 -3.3776626195e-01
2.0654074441e+00 -3.3516199020e-01
2.0703751659e+00 -3.3253047508e-01
2.0753136506e+00 -3.2987623510e-01
2.0801928201e+00 -3.2718333977e-01
2.0850483680e+00 -3.2445270251e-01
2.0898775328e+00 -3.2168525783e-01
2.0946771169e+00 -3.1888186826e-01
2.0994105923e+00 -3.1604138264e-01
2.1041574080e+00 -3.1317527560e-01
2.1088395427e+00 -3.1027197614e-01
2.1134830244e+00 -3.0734198621e-01
2.1180851709e+00 -3.0438628908e-01
2.1226442260e+00 -3.0140604285e-01
2.1271716806e+00 -2.9839338053e-01
2.1316600063e+00 -2.9533887558e-01
2.1361065792e+00 -2.9224357343e-01
2.1405210289e+00 -2.8911317165e-01
2.1449058263e+00 -2.8596077070e-01
2.1492149473e+00 -2.8276956231e-01
2.1534945917e+00 -2.7954358995e-01
2.1577345560e+00 -2.7628611266e-01
2.1619190929e+00 -2.7300091615e-01
2.1660756466e+00 -2.6968839036e-01
2.1701868543e+00 -2.6633318776e-01
2.1742378120e+00 -2.6294619378e-01
2.1782445752e+00 -2.5953900386e-01
2.1822040631e+00 -2.5611287021e-01
2.1861059394e+00 -2.5265605175e-01
2.1899604563e+00 -2.4915741564e-01
2.1937651100e+00 -2.4561826318e-01
2.1975173611e+00 -2.4203989514e-01
2.2012505049e+00 -2.3842670067e-01
2.2048830241e+00 -2.3479667024e-01
2.2084824385e+00 -2.3113345526e-01
2.2120307328e+00 -2.2744306230e-01
2.2155198325e+00 -2.2372741694e-01
2.2189556793e+00 -2.1998661627e-01
2.2223567758e+00 -2.1620645608e-01
2.2256791000e+00 -2.1238599247e-01
2.2289431506e+00 -2.0854282980e-01
2.2321577363e+00 -2.0468336152e-01
2.2353143851e+00 -2.0080789227e-01
2.2384014274e+00 -1.9689903781e-01
2.2414273093e+00 -1.9295188204e-01
2.2443897601e+00 -1.8896796583e-01
2.2472864699e+00 -1.8494883094e-01
2.2501570052e+00 -1.8089489686e-01
2.2529234186e+00 -1.7683451822e-01
2.2556372458e+00 -1.7274130873e-01
2.2582899636e+00 -1.6862157170e-01
2.2608729533e+00 -1.6447983797e-01
2.2633877544e+00 -1.6031671554e-01
2.2658661454e+00 -1.5611282488e-01
2.2682489898e+00 -1.5187510067e-01
2.2705627926e+00 -1.4762147425e-01
2.2728133286e+00 -1.4335575608e-01
2.2750070196e+00 -1.3907991516e-01
2.2771564596e+00 -1.3477913212e-01
2.2792143716e+00 -1.3044249395e-01
2.2811789030e+00 -1.2607177188e-01
2.2830494914e+00 -1.2166727475e-01
2.2848695124e+00 -1.1722873428e-01
2.2866202365e+00 -1.1279925988e-01
2.2883013532e+00 -1.0834071618e-01
2.2899091591e+00 -1.0385553510e-01
2.2914312176e+00 -9.9352345869e-02
2.2928839063e+00 -9.4828356831e-02
2.2942728143e+00 -9.0265562373e-02
2.2955678959e+00 -8.5691487937e-02
2.2967906950e+00 -8.1108642545e-02
2.2979395671e+00 -7.6518985424e-02
2.2990134802e+00 -7.1913401550e-02
2.3000044465e+00 -6.7279133003e-02
2.3009102919e+00 -6.2618238693e-02
2.3017294914e+00 -5.7932692082e-02
2.3024955347e+00 -5.3233677616e-02
2.3031563180e+00 -4.8502347021e-02
2.3037423640e+00 -4.3774721259e-02
2.3042448949e+00 -3.9031026992e-02
2.3046626396e+00 -3.4273404840e-02
2.3049942809e+00 -2.9504002299e-02
2.3052398942e+00 -2.4722632951e-02
2.3053973753e+00 -1.9908178479e-02
2.3054732345e+00 -1.5086075731e-02
2.3054664130e+00 -1.0258424547e-02
2.3053758069e+00 -5.4273326701e-03
2.3052114952e+00 -5.8466620720e-04
2.3049598147e+00 4.2892822415e-03
2.3045913819e+00 9.1734037028e-03
2.3041454322e+00 1.4057574580e-02
2.3036277864e+00 1.8940632623e-02
2.3030353932e+00 2.3826818144e-02
2.3023406168e+00 2.8730047749e-02
2.3015394658e+00 3.3648870114e-02
2.3006374562e+00 3.8585313920e-02
2.2996851102e+00 4.3541002562e-02
2.2986285193e+00 4.8469110936e-02
2.2974750034e+00 5.3406281319e-02
2.2962281827e+00 5.8354077877e-02
2.2948874887e+00 6.3310134637e-02
2.2934505492e+00 6.8269760123e-02
2.2919181991e+00 7.3236814140e-02
2.2902967895e+00 7.8200609558e-02
2.2885877350e+00 8.3160597010e-02
2.2867906927e+00 8.8114460023e-02
2.2849116126e+00 9.3067573984e-02
2.2829422060e+00 9.8047300227e-02
2.2808461000e+00 1.0301885722e-01
2.2786687381e+00 1.0798069964e-01
2.2764187469e+00 1.1293541707e-01
2.2740927007e+00 1.1788233140e-01
2.2716562029e+00 1.2283015361e-01
2.2691016815e+00 1.2777840832e-01
2.2664392132e+00 1.3273082965e-01
2.2637178071e+00 1.3768486045e-01
2.2609149484e+00 1.4260973523e-01
2.2580028753e+00 1.4752655617e-01
2.2549847916e+00 1.5244138877e-01
2.2518609925e+00 1.5735175708e-01
2.2486505891e+00 1.6227876369e-01
2.2453530173e+00 1.6716211033e-01
2.2419591416e+00 1.7204247915e-01
2.2384682880e+00 1.7691460502e-01
2.2348817497e+00 1.8176867993e-01
2.2312086091e+00 1.8661840272e-01
2.2274255320e+00 1.9146993224e-01
2.2235463986e+00 1.9629020704e-01
2.2195855761e+00 2.0108911060e-01
2.2155439246e+00 2.0586411501e-01
2.2114255242e+00 2.1063199098e-01
2.2071912973e+00 2.1540024000e-01
2.2028310447e+00 2.2014933560e-01
2.1983908274e+00 2.2487033548e-01
2.1938806385e+00 2.2957473204e-01
2.1892991874e+00 2.3425964315e-01
2.1846075025e+00 2.3892398141e-01
2.1797933286e+00 2.4356738801e-01
2.1748640773e+00 2.4819127635e-01
2.1698705312e+00 2.5279877925e-01
2.1648223733e+00 2.5738028868e-01
2.1596779687e+00 2.6192657793e-01
2.1544220638e+00 2.6644893507e-01
2.1490562172e+00 2.7094488539e-01
2.1435821451e+00 2.7543280744e-01
2.1380563437e+00 2.7989853711e-01
2.1324576761e+00 2.8431580590e-01
2.1267546366e+00 2.8870642615e-01
2.1209491626e+00 2.9306789469e-01
2.1150431481e+00 2.9739768430e-01
2.1090469545e+00 3.0172707824e-01
2.1029873166e+00 3.0599766173e-01
2.0968316073e+00 3.1024079752e-01
2.0905821406e+00 3.1445396946e-01
2.0842452529e+00 3.1862873254e-01
2.0778167587e+00 3.2277938321e-01
2.0713111628e+00 3.2689005672e-01
2.0647214032e+00 3.3096652566e-01
2.0580499235e+00 3.3500644451e-01
2.0512991292e+00 3.3900744243e-01
2.0444484492e+00 3.4299153817e-01
2.0375067596e+00 3.4692453324e-01
2.0304958960e+00 3.5081260128e-01
2.0234096483e+00 3.5466368782e-01
2.0162507821e+00 3.5847545655e-01
2.0090062081e+00 3.6225851140e-01
2.0016419974e+00 3.6600527025e-01
1.9942184597e+00 3.6968772620e-01
1.9867258516e+00 3.7333146193e-01
1.9791673279e+00 3.7693417102e-01
1.9715338298e+00 3.8050668672e-01
1.9637847824e+00 3.8404250335e-01
1.9559768899e+00 3.8751080089e-01
1.9481028476e+00 3.9093496639e-01
1.9401529437e+00 3.9431796091e-01
1.9321280052e+00 3.9766775049e-01
1.9240058598e+00 4.0098134647e-01
1.9158168028e+00 4.0423278678e-01
1.9075698333e+00 4.0741923689e-01
1.8992439346e+00 4.1054480536e-01
1.8908533213e+00 4.1363903760e-01
1.8823979145e+00 4.1669708678e-01
1.8738506974e+00 4.1969241597e-01
1.8652158005e+00 4.2262416007e-01
1.8565296875e+00 4.2551275451e-01
1.8478053254e+00 4.2835912162e-01
1.8390178686e+00 4.3115966392e-01
1.8301389081e+00 4.3389400542e-01
1.8211738147e+00 4.3656140264e-01
1.8121516374e+00 4.3918334098e-01
1.8030904320e+00 4.4176076939e-01
1.7939768004e+00 4.4428974103e-01
1.7847761841e+00 4.4674974649e-01
1.7754929659e+00 4.4913904712e-01
1.7661596412e+00 4.5147870945e-01
1.7567916436e+00 4.5377173899e-01
1.7473727900e+00 4.5601382223e-01
1.7378717252e+00 4.5818485052e-01
1.7282941610e+00 4.6028156621e-01
1.7186656543e+00 4.6232302224e-01
1.7090007687e+00 4.6431642457e-01
1.6992971424e+00 4.6625993679e-01
1.6895173876e+00 4.6813375455e-01
1.6796632404e+00 4.6992786542e-01
1.6697608613e+00 4.7165936585e-01
1.6598241349e+00 4.7334049510e-01
1.6498548957e+00 4.7497028025e-01
1.6398093359e+00 4.7653353118e-01
1.6296904280e+00 4.7801320557e-01
1.6195351465e+00 4.7942348283e-01
1.6093471957e+00 4.8078113665e-01
1.5991315908e+00 4.8208488893e-01
1.5888478915e+00 4.8332625236e-01
1.5784902821e+00 4.8448121621e-01
1.5680972781e+00 4.8555912057e-01
1.5576735073e+00 4.8658070774e-01
1.5472194187e+00 4.8754524486e-01
1.5367117169e+00 4.8844994175e-01
1.5261236292e+00 4.8926717925e-01
1.5155179476e+00 4.9000268383e-01
1.5048815200e+00 4.9067828856e-01
1.4942085784e+00 4.9129329480e-01
1.4835024004e+00 4.9184647967e-01
1.4726820229e+00 4.9230865345e-01
1.4618908994e+00 4.9269910065e-01
1.4510478548e+00 4.9302223386e-01
1.4401514368e+00 4.9327617986e-01
1.4292110287e+00 4.9345299418e-01
1.4182510555e+00 4.9353869783e-01
1.4072619328e+00 4.9355524064e-01
1.3962501871e+00 4.9350211194e-01
1.3851887813e+00 4.9338459393e-01
1.3740602983e+00 4.9318257810e-01
1.3629028348e+00 4.9290431887e-01
1.3517395602e+00 4.9256352710e-01
1.3405442126e+00 4.9213171410e-01
1.3293011302e+00 4.9160944373e-01
1.3180105803e+00 4.9099610068e-01
1.3066740502e+00 4.9031214600e-01
1.2953269889e+00 4.8957117386e-01
1.2839584067e+00 4.8874375027e-01
1.2725455854e+00 4.8781580535e-01
1.2610954886e+00 4.8678735175e-01
1.2495972456e+00 4.8567357357e-01
1.2380774066e+00 4.8450005794e-01
1.2265393850e+00 4.8325524700e-01
1.2149581653e+00 4.8190350729e-01
1.2033362595e+00 4.8044298470e-01
1.1916811098e+00 4.7888879067e-01
1.1799978694e+00 4.7726579231e-01
1.1682887296e+00 4.7557235692e-01
1.1565239581e+00 4.7376786296e-01
1.1447214146e+00 4.7184139107e-01
1.1329170912e+00 4.6982096399e-01
1.1210673656e+00 4.6772017794e-01
1.1091799516e+00 4.6554006703e-01
1.0972620945e+00 4.6328135522e-01
1.0852410265e+00 4.6087441196e-01
1.0732276434e+00 4.5834207868e-01
1.0611926032e+00 4.5571549328e-01
1.0491115887e+00 4.5299560744e-01
1.0369924295e+00 4.5018382489e-01
1.0248429813e+00 4.4728152736e-01
1.0125768551e+00 4.4422069889e-01
1.0003474619e+00 4.4107371854e-01
9.8804349717e-01 4.3779887884e-01
9.7568240324e-01 4.3439838097e-01
9.6329615105e-01 4.3088442867e-01
9.5084750799e-01 4.2724154801e-01
9.3832607515e-01 4.2348354379e-01
9.2576913317e-01 4.1959167516e-01
9.1316318760e-01 4.1555115913e-01
9.0051667850e-01 4.1136424431e-01
8.8778532157e-01 4.0702774541e-01
8.7498832681e-01 4.0257374682e-01
8.6211695775e-01 3.9798200316e-01
8.4917881788e-01 3.9320303817e-01
8.3620186717e-01 3.8825158536e-01
8.2316127329e-01 3.8315669168e-01
8.1003395564e-01 3.7791117027e-01
7.9682862062e-01 3.7251823765e-01
7.8346266084e-01 3.6689178342e-01
7.7005988588e-01 3.6105801456e-01
7.5661340099e-01 3.5506695218e-01
7.4306031856e-01 3.4888777776e-01
7.2940920555e-01 3.4252417466e-01
7.1565059609e-01 3.3596327386e-01
7.0165874285e-01 3.2905515641e-01
6.8766634071e-01 3.2206629841e-01
6.7349297977e-01 3.1476392106e-01
6.5923645785e-01 3.0722731983e-01
6.4491915723e-01 2.9947717664e-01
6.3047948591e-01 2.9141482598e-01
6.1580530449e-01 2.8299352652e-01
6.0097672200e-01 2.7430884535e-01
5.8605918223e-01 2.6531781189e-01
5.7105962449e-01 2.5601680050e-01
5.5595141253e-01 2.4647327759e-01
5.4062857810e-01 2.3653388763e-01
5.2509689563e-01 2.2619616508e-01
5.0934889904e-01 2.1543178112e-01
4.9344402110e-01 2.0423792167e-01
4.7748651970e-01 1.9289648882e-01
4.6133055300e-01 1.8114660212e-01
4.4498072927e-01 1.6899832289e-01
4.2849374403e-01 1.5651482149e-01
4.1183520284e-01 1.4354553717e-01
