8.7119536896e-04 8.9218086860e-09
9.0533537414e-04 1.3485191448e-06
5.5836300041e-04 -9.7947740377e-07
6.4564454384e-04 1.9934792232e-06
4.7566027259e-05 2.2808931060e-08
7.5844665760e-05 4.2015709512e-07
6.1212035692e-04 -2.3013921967e-06
5.4275863331e-04 3.7224343194e-06
8.8855277146e-04 -5.6212277077e-06
8.6952563257e-04 7.4834899037e-06
8.8324172492e-04 -7.8388744384e-06
9.1062554180e-04 9.6012134861e-06
5.8690283459e-04 -6.4845722049e-06
6.5961458372e-04 8.5740484935e-06
2.0921912251e-05 -7.4123419721e-08
1.0464543272e-04 1.7978846851e-06
5.9424793557e-04 -7.7070490709e-06
5.2206180234e-04 7.8895769211e-06
8.8194740820e-04 -1.3409955998e-05
8.6147138449e-04 1.4668507397e-05
8.8328161619e-04 -1.5216501064e-05
9.1613179785e-04 1.7503064698e-05
5.9411765289e-04 -1.1379952609e-05
6.7553957888e-04 1.4374581718e-05
1.4367112159e-05 -2.7535466460e-07
1.3055870327e-04 3.2447665764e-06
5.7377475965e-04 -1.2494779468e-05
5.1139827289e-04 1.2388898205e-05
8.7208211855e-04 -2.0872422176e-05
8.6388259728e-04 2.2397186853e-05
8.8306092460e-04 -2.3705669470e-05
9.1850758339e-04 2.5676116234e-05
6.0827994146e-04 -1.8279449772e-05
6.8384838354e-04 2.0777638222e-05
4.4297467675e-05 -1.6506415425e-06
1.5645214353e-04 5.3350225053e-06
5.5100536850e-04 -1.7164158358e-05
4.9525381753e-04 1.6073116121e-05
8.5736768707e-04 -2.8026967525e-05
8.6012322968e-04 2.9584467864e-05
8.8188423760e-04 -3.0020656896e-05
6.2313338726e-04 -2.2189613141e-05
9.2177378282e-04 3.4049407920e-05
7.1964960845e-05 -2.5692825134e-06
6.9498544971e-04 2.7596932702e-05
5.3028380855e-04 -2.0146778480e-05
1.8075150709e-04 7.8925793538e-06
8.4707561737e-04 -3.4090196387e-05
4.7482618381e-04 2.0168633638e-05
8.8206876247e-04 -3.7588010064e-05
8.5316735797e-04 3.7278682138e-05
6.3526457019e-04 -2.8526362460e-05
9.2609725869e-04 4.1631943116e-05
9.7948087064e-05 -4.6118642879e-06
7.1060193417e-04 3.3123561164e-05
5.0941266574e-04 -2.3945958639e-05
2.0784438357e-04 1.0080273797e-05
8.3618957476e-04 -4.0963021410e-05
4.5621101609e-04 2.2436303182e-05
8.7972972491e-04 -4.4938887739e-05
8.4635865466e-04 4.3434100805e-05
6.4522596509e-04 -3.4379339264e-05
9.2776277241e-04 4.9813912601e-05
1.2547059329e-04 -7.0159632986e-06
7.2607025544e-04 4.0629866909e-05
4.8591199120e-04 -2.7215090341e-05
2.3711849758e-04 1.4000897657e-05
8.2063108115e-04 -4.7181381868e-05
4.2401868300e-04 2.5149626771e-05
8.7514440388e-04 -5.1557016551e-05
8.2112137757e-04 5.0032447646e-05
6.5413840164e-04 -3.9705515708e-05
9.2667143900e-04 5.8732300636e-05
1.5035360754e-04 -9.0271516927e-06
7.4671527146e-04 5.0321921864e-05
4.6151710677e-04 -2.6555550583e-05
2.6462137526e-04 1.8848890139e-05
8.0592900961e-04 -5.0055771519e-05
4.0789822615e-04 2.7722763685e-05
8.7265363957e-04 -5.8661186308e-05
8.2151099437e-04 5.7110962689e-05
6.6239432684e-04 -4.6273774265e-05
9.2887454929e-04 6.6686147925e-05
1.7453708089e-04 -1.2493261526e-05
7.5052592635e-04 5.5915160672e-05
4.3905084602e-04 -3.1296626039e-05
2.8463757391e-04 2.2099020623e-05
7.9097409218e-04 -5.8250854364e-05
3.8233265152e-04 2.9714861974e-05
8.6698077490e-04 -6.6668484434e-05
8.0631960238e-04 6.3696788301e-05
6.7305786701e-04 -5.4796203697e-05
9.2768127402e-04 7.4970910176e-05
1.9796535877e-04 -1.7003972987e-05
7.6300229606e-04 6.3576708115e-05
4.1148435767e-04 -3.3535556186e-05
3.0892098171e-04 2.6709074386e-05
7.7243405605e-04 -6.3940234695e-05
3.5674170042e-04 3.0942576371e-05
8.6236193556e-04 -7.2545425482e-05
7.9140380270e-04 6.9575793861e-05
6.7975412269e-04 -5.8198429347e-05
9.2465268510e-04 8.3206066330e-05
2.2101579351e-04 -1.9278764371e-05
7.7262456708e-04 7.1770485170e-05
3.9226778705e-04 -3.4861436768e-05
3.3235151162e-04 3.1982594781e-05
7.6037210086e-04 -6.8806102511e-05
3.2996259697e-04 3.1776563597e-05
8.5470379886e-04 -7.8708273450e-05
7.7276318469e-04 7.5073454649e-05
6.8642187749e-04 -6.4649940116e-05
9.1886724514e-04 9.1225965567e-05
2.4330492894e-04 -2.3460405798e-05
7.8863337478e-04 7.9775366067e-05
3.6660865098e-04 -3.5464277085e-05
3.6009682009e-04 3.7413081671e-05
7.4168123828e-04 -7.2944472783e-05
3.0178596888e-04 3.2043217749e-05
8.4746584573e-04 -8.4952798714e-05
7.5326343771e-04 8.0304679459e-05
6.8934346066e-04 -7.0680670932e-05
2.6107990158e-04 -2.7423553692e-05
9.1548533441e-04 9.8856071129e-05
3.4230954487e-04 -3.6086660214e-05
7.9193880306e-04 8.6491729611e-05
7.2549255645e-04 -7.7443981290e-05
3.7785665866e-04 4.2060150627e-05
8.3798817534e-04 -9.0825449542e-05
2.7076214985e-04 3.0601016717e-05
6.9280140936e-04 -7.6578985747e-05
7.2766787512e-04 8.3228104468e-05
2.8177876766e-04 -3.1846384004e-05
9.0876690586e-04 1.0613105920e-04
3.1776452897e-04 -3.6078105435e-05
7.9736341188e-04 9.4763574883e-05
7.0544739283e-04 -8.0939137331e-05
3.9679615471e-04 4.8310812711e-05
8.2791198226e-04 -9.6390999229e-05
2.4854240479e-04 3.0943482131e-05
6.9653731007e-04 -8.2716763504e-05
7.1749825162e-04 8.9300373065e-05
3.0010871281e-04 -3.6405252757e-05
9.0124290562e-04 1.1393986091e-04
2.9259380220e-04 -3.5413192780e-05
8.0720818644e-04 1.0543178400e-04
6.8784276091e-04 -8.4177689893e-05
4.2109327462e-04 5.6754376100e-05
8.2077556882e-04 -1.0251445128e-04
2.2886882686e-04 3.0677066076e-05
6.9537194504e-04 -8.8572479933e-05
7.1349575376e-04 9.5434406321e-05
3.1392245506e-04 -4.0997715257e-05
8.9881444156e-04 1.2198246252e-04
2.6732705569e-04 -3.4818597997e-05
8.0213216041e-04 1.1117849094e-04
6.6820188986e-04 -8.7418065886e-05
4.2967576049e-04 6.1017555741e-05
8.0752569662e-04 -1.0759735587e-04
1.9711570615e-04 2.8375584418e-05
7.0053018084e-04 -9.6640402000e-05
6.8591530014e-04 9.8133491664e-05
3.3323272042e-04 -4.7539816308e-05
8.8659783100e-04 1.2833921324e-04
2.4166808429e-04 -3.3824037387e-05
8.0386224906e-04 1.1771996578e-04
6.4958535149e-04 -9.0527233495e-05
7.9951309722e-04 -1.1255521174e-04
4.4572693679e-04 6.6483381559e-05
6.9509258812e-04 -9.8552578475e-05
1.6911947353e-04 2.6101129759e-05
3.4450551505e-04 -4.9520361885e-05
6.6530125556e-04 1.0143679843e-04
2.1930451141e-04 -3.2097444993e-05
8.7714470902e-04 1.3529371706e-04
6.2897781338e-04 -9.2329614732e-05
8.0730759326e-04 1.2683837258e-04
7.8323993227e-04 -1.1648832880e-04
4.6309408759e-04 7.4452571004e-05
6.9843878479e-04 -1.0770785508e-04
1.4292720695e-04 2.3680501811e-05
3.6308389388e-04 -5.7789481771e-05
6.4597149632e-04 1.0451907405e-04
1.9505670830e-04 -3.0309251087e-05
8.6534210698e-04 1.4154351201e-04
6.1110640539e-04 -9.4560335489e-05
8.1027708954e-04 1.3613150849e-04
7.7068780664e-04 -1.2062908484e-04
4.8130967111e-04 8.3330471939e-05
6.9631461962e-04 -1.1050931297e-04
1.1457015041e-04 2.0192239751e-05
3.7672392059e-04 -6.0737939400e-05
6.1939092675e-04 1.0598626472e-04
1.6825285279e-04 -2.7476156671e-05
8.4981809425e-04 1.4689075178e-04
5.8443325517e-04 -9.5183283524e-05
8.1340851625e-04 1.4183308804e-04
7.5957366729e-04 -1.2473491805e-04
5.0052013053e-04 8.8306438881e-05
6.8979653162e-04 -1.1421608054e-04
8.8825153129e-05 1.6350415544e-05
3.8201071278e-04 -6.3999060011e-05
1.4593560741e-04 -2.4662113865e-05
5.9961563188e-04 1.0814754909e-04
5.7157021038e-04 -9.6793677642e-05
8.3766802047e-04 1.5251561295e-04
7.4428502912e-04 -1.2784387112e-04
8.1254893877e-04 1.4948991368e-04
6.9019462836e-04 -1.2039979439e-04
5.1444885474e-04 9.5976999707e-05
4.0158234729e-04 -7.1086606887e-05
6.1024765337e-05 1.2176595208e-05
1.2288085384e-04 -2.2014051743e-05
5.7150719662e-04 1.0873865112e-04
5.4118074058e-04 -9.6482429449e-05
8.2210516431e-04 1.5740384995e-04
7.2849188380e-04 -1.3093235661e-04
8.0904307114e-04 1.5579729671e-04
6.8647919777e-04 -1.2432772221e-04
5.2165251778e-04 1.0151377207e-04
4.0829254673e-04 -7.4831673385e-05
3.1242138662e-05 6.7382249186e-06
9.5812211905e-05 -1.8190215679e-05
5.6441701542e-04 1.1222826161e-04
5.2389172164e-04 -9.7369841063e-05
8.1634376824e-04 1.6367445540e-04
7.1609749120e-04 -1.3430726951e-04
7.9435187824e-04 1.6081758999e-04
6.7891687619e-04 -1.3018193238e-04
5.1772696475e-04 1.0618183316e-04
4.1484831562e-04 -8.1384419556e-05
3.8767550670e-06 1.5578342574e-06
7.3760718532e-05 -1.4841517214e-05
5.0142616794e-04 -9.7686488759e-05
5.4179392442e-04 1.1304707431e-04
7.0046615044e-04 -1.3703178700e-04
8.0080973235e-04 1.6835382576e-04
6.7562680394e-04 -1.3328579068e-04
7.9058690753e-04 1.6797864548e-04
4.2494268147e-04 -8.4903093208e-05
5.2988856264e-04 1.1425629247e-04
5.0255183338e-05 -1.0578842381e-05
1.8943604860e-05 5.0986524882e-06
4.8086103742e-04 -9.6756735150e-05
5.1114187522e-04 1.1181867037e-04
6.8492966444e-04 -1.3897422885e-04
7.7924944301e-04 1.7152195351e-04
6.6868153366e-04 -1.3734718860e-04
7.8705302833e-04 1.7485182106e-04
4.3164651218e-04 -8.9872627122e-05
5.4117867572e-04 1.2188354068e-04
2.7721883054e-05 -6.3026628558e-06
4.5009749844e-05 1.1299874031e-05
4.5872983373e-04 -9.5842319851e-05
4.8804535232e-04 1.1157538779e-04
6.6847968742e-04 -1.4065915125e-04
7.6039773821e-04 1.7484896765e-04
6.6070730429e-04 -1.4062449234e-04
4.3650831202e-04 -9.4325780252e-05
7.7842468891e-04 1.8087246764e-04
5.5951398860e-06 -2.1055144121e-06
5.4877614009e-04 1.2941643039e-04
4.3745466443e-04 -9.4339770141e-05
6.8436836361e-05 1.7444487841e-05
6.5163259933e-04 -1.4196298619e-04
4.5955641026e-04 1.0982747293e-04
6.5208302561e-04 -1.4435376618e-04
7.3904231954e-04 1.7714037051e-04
4.4012523911e-04 -9.8911147637e-05
7.7222386919e-04 1.8615049481e-04
1.5749646731e-05 -4.3021990054e-06
5.5816350879e-04 1.3581684000e-04
4.1482768617e-04 -9.3071829933e-05
9.2967078324e-05 2.3537180202e-05
6.3404937641e-04 -1.4310318865e-04
4.3713545250e-04 1.0829080828e-04
6.4510734918e-04 -1.4709995847e-04
7.2217720371e-04 1.7969924271e-04
4.4683705992e-04 -1.0324795726e-04
7.6172645864e-04 1.9086049779e-04
3.6254521466e-05 -9.2273177286e-06
5.5762976362e-04 1.4122451113e-04
3.9469081666e-04 -9.1715008510e-05
6.1648509063e-04 -1.4374548293e-04
1.1364791793e-04 2.9778888517e-05
6.3270263326e-04 -1.4829515039e-04
4.1216931784e-04 1.0617503701e-04
4.4655265063e-04 -1.0537094203e-04
7.0149912623e-04 1.8139924129e-04
5.6119628295e-05 -1.3739689832e-05
7.5259949658e-04 1.9580905918e-04
3.7478651845e-04 -8.9756642050e-05
5.6411323965e-04 1.4817977464e-04
6.0066863685e-04 -1.4447446238e-04
1.3259255997e-04 3.5947904565e-05
6.2408444091e-04 -1.5109834301e-04
3.9598531687e-04 1.0605531349e-04
4.4935016551e-04 -1.0989304888e-04
6.9023321424e-04 1.8530893773e-04
7.4431964713e-05 -1.8999333700e-05
7.3613577287e-04 1.9897040576e-04
3.5237130112e-04 -8.7277173968e-05
5.5317868577e-04 1.5114223481e-04
5.8097041398e-04 -1.4423040272e-04
1.4838375188e-04 4.1646500617e-05
6.1284983316e-04 -1.5303674839e-04
4.5121588221e-04 -1.1374780866e-04
3.7010148902e-04 1.0253474065e-04
9.1904000791e-05 -2.3957006860e-05
6.6663561969e-04 1.8529121506e-04
3.3099586511e-04 -8.4365814686e-05
7.2374710322e-04 2.0285131952e-04
5.6146701480e-04 -1.4346147520e-04
5.6029435211e-04 1.5902018903e-04
5.9955035017e-04 -1.5409859179e-04
1.6921381914e-04 4.9257950082e-05
4.4955741412e-04 -1.1655966201e-04
3.3822406852e-04 9.7477579000e-05
1.0564124273e-04 -2.8288901178e-05
6.3708288008e-04 1.8371705772e-04
3.1191003481e-04 -8.1958550285e-05
7.1156903908e-04 2.0606692514e-04
5.4593454647e-04 -1.4366817655e-04
5.6425118597e-04 1.6458082710e-04
5.8780770506e-04 -1.5589905071e-04
4.4842775371e-04 -1.2046372175e-04
1.8761450992e-04 5.5640143555e-05
1.2212193167e-04 -3.3925896532e-05
3.1591755532e-04 9.3947584915e-05
2.8874650261e-04 -7.8285583380e-05
6.1740079235e-04 1.8390367604e-04
5.2382482017e-04 -1.4183052718e-04
6.9560296152e-04 2.0823929333e-04
5.7546414730e-04 -1.5646920634e-04
5.5706068035e-04 1.6820704395e-04
4.4495450745e-04 -1.2190192529e-04
1.9902184539e-04 6.1152795108e-05
1.3325539361e-04 -3.7381928157e-05
2.9095804997e-04 8.9566761995e-05
2.7068637421e-04 -7.5142631788e-05
5.9512089810e-04 1.8323458707e-04
5.0821218571e-04 -1.4109339801e-04
6.8022043274e-04 2.1042586245e-04
5.6177850017e-04 -1.5702134477e-04
5.5165529004e-04 1.7224921304e-04
4.4225126524e-04 -1.2500316072e-04
1.4705585910e-04 -4.2471185244e-05
2.1194781360e-04 6.7245462992e-05
2.4770017269e-04 -7.0485585848e-05
2.6594870872e-04 8.4478038000e-05
4.8472605003e-04 -1.3794832571e-04
5.6946033186e-04 1.8091699352e-04
5.4845514119e-04 -1.5707432539e-04
6.6190028395e-04 2.1133121646e-04
4.3957709707e-04 -1.2726501325e-04
5.4487704871e-04 1.7542892204e-04
1.5751829914e-04 -4.6888697920e-05
2.2301314638e-04 7.2899464877e-05
2.2865692755e-04 -6.8054369377e-05
2.4254348702e-04 7.9723695133e-05
4.6630655069e-04 -1.3756074351e-04
5.4607372331e-04 1.7915813638e-04
5.3178601837e-04 -1.5691996905e-04
4.3355179654e-04 -1.2940704622e-04
6.4383852209e-04 2.1205855678e-04
1.6788345660e-04 -5.1289041084e-05
5.3905851997e-04 1.7917193199e-04
2.0870648364e-04 -6.3047385905e-05
2.3336778638e-04 7.8799585170e-05
4.4513601079e-04 -1.3351238193e-04
2.1966723893e-04 7.4628525038e-05
5.1699107787e-04 -1.5535743835e-04
5.2332619777e-04 1.7703580115e-04
4.2916467238e-04 -1.2947889769e-04
6.2484595385e-04 2.1235202759e-04
1.7651210610e-04 -5.4154796499e-05
5.2959439565e-04 1.8133400013e-04
1.9020469885e-04 -5.9419856020e-05
2.4139044977e-04 8.3864344139e-05
4.2681954411e-04 -1.3205555817e-04
5.0017691939e-04 -1.5456140125e-04
1.9581507892e-04 6.8610669795e-05
4.1936140616e-04 -1.3121313208e-04
4.9616074500e-04 1.7289416234e-04
1.8254896121e-04 -5.8377581748e-05
6.0280846324e-04 2.1101957970e-04
1.7047719142e-04 -5.4362914105e-05
5.1853927638e-04 1.8296501175e-04
4.0394321846e-04 -1.2716363770e-04
2.4791546474e-04 8.8658357600e-05
4.8199871165e-04 -1.5174103917e-04
1.7149429626e-04 6.1942788677e-05
4.1342450760e-04 -1.3035794204e-04
4.6703270625e-04 1.6751642289e-04
1.9014204052e-04 -6.0594265466e-05
5.8046025084e-04 2.0879461452e-04
1.5167418486e-04 -4.9121381043e-05
3.8336109088e-04 -1.2329901932e-04
5.0773287080e-04 1.8341515386e-04
4.6588897204e-04 -1.5040003282e-04
2.5345743454e-04 9.2446011710e-05
4.0282928287e-04 -1.3164677486e-04
1.5243502083e-04 5.6555172816e-05
1.9302305608e-04 -6.4819472974e-05
4.4665465637e-04 1.6475217959e-04
1.3332568736e-04 -4.6408946642e-05
5.5751896677e-04 2.0640893227e-04
3.6225037942e-04 -1.2168918913e-04
4.8988633501e-04 1.8285156588e-04
4.4640055235e-04 -1.4843516149e-04
2.5279716645e-04 9.5668726273e-05
3.8769713274e-04 -1.3050413730e-04
1.3137115424e-04 5.0542414268e-05
1.9292113754e-04 -6.6258237221e-05
1.1628738204e-04 -3.9536453054e-05
4.2185731385e-04 1.6013321776e-04
3.4062608531e-04 -1.1382063486e-04
5.3259304569e-04 2.0284728296e-04
4.2603820999e-04 -1.4311283004e-04
4.7394568840e-04 1.8167425869e-04
3.7756501715e-04 -1.2777639345e-04
2.5383986881e-04 9.8469815104e-05
1.9620999278e-04 -6.7402476132e-05
1.0959207714e-04 4.3519272613e-05
9.9774079840e-05 -3.5383966410e-05
3.9147953453e-04 1.5277875089e-04
3.1947953061e-04 -1.1034731271e-04
5.0458086397e-04 1.9747034768e-04
4.0385003285e-04 -1.3914795655e-04
3.6476386207e-04 -1.2644479730e-04
4.5619874207e-04 1.7954561977e-04
1.9772286944e-04 -6.9478094905e-05
2.5304543669e-04 1.0087210203e-04
8.2930030834e-05 -2.9680949928e-05
9.0135552066e-05 3.7665379288e-05
2.9591379662e-04 -1.0315307568e-04
3.6364910775e-04 1.4678485513e-04
3.8369739974e-04 -1.3406730088e-04
4.7439831903e-04 1.9116032575e-04
3.4572139327e-04 -1.2171585621e-04
4.3032717001e-04 1.7472123795e-04
1.9103815976e-04 -6.8006151088e-05
2.4463653395e-04 1.0079671004e-04
6.7980297073e-05 -2.4664632457e-05
2.7416764435e-04 -9.7377324600e-05
7.1073703871e-05 3.0249050641e-05
3.5891339940e-04 -1.2804763551e-04
3.3333774089e-04 1.3645637784e-04
3.3110345061e-04 -1.1900747578e-04
4.4164623583e-04 1.8156081565e-04
1.9096090575e-04 -6.9747984322e-05
4.0372018000e-04 1.6819673430e-04
5.3279322885e-05 -2.1511509812e-05
2.3577333558e-04 9.9843729539e-05
2.4953974599e-04 -9.3130138299e-05
5.3325815045e-05 2.3642622950e-05
3.3227380976e-04 -1.2287933372e-04
2.9811426993e-04 1.2544600232e-04
3.0772149914e-04 -1.1491467446e-04
1.8146513748e-04 -6.9551552868e-05
4.0168996391e-04 1.6943687046e-04
3.9769877270e-05 -1.7174355050e-05
3.7358733455e-04 1.5929720875e-04
2.2327815784e-04 -8.4002499834e-05
2.2474190853e-04 9.7214825205e-05
3.0286599347e-04 -1.1359630723e-04
3.6060047268e-05 1.7126303073e-05
2.8537408910e-04 -1.0820115425e-04
2.6203119906e-04 1.1337454014e-04
1.7276782575e-04 -6.6875549988e-05
3.5556906097e-04 1.5422719509e-04
2.5287538191e-05 -1.1990893450e-05
1.9683127234e-04 -7.6093934184e-05
3.3228073013e-04 1.4770946591e-04
2.7165236674e-04 -1.0400523883e-04
2.0441610448e-04 9.3746968429e-05
2.5456824413e-04 -9.7851754875e-05
1.9853690278e-05 1.2375713307e-05
1.5612796185e-04 -6.0821624667e-05
2.1524044586e-04 9.8043890849e-05
1.5769205143e-05 -8.3108945670e-06
2.9551404423e-04 1.3195503276e-04
1.6170964144e-04 -6.5050977043e-05
2.6736044085e-04 1.1605175133e-04
2.2439170084e-04 -8.7784398387e-05
2.1280357930e-04 -7.7739010865e-05
1.6007721078e-04 6.9123006625e-05
1.3367947326e-04 -4.8140176413e-05
9.5276076723e-06 1.2088064062e-05
6.5867342817e-06 -1.5163186659e-05
1.7991119145e-04 8.9043193272e-05
1.5224460016e-04 -9.7711220799e-05
2.2219495356e-04 1.0503935413e-04
1.8263732864e-04 -9.7062944824e-05
1.4162608810e-04 6.5227078695e-05
9.1221691372e-05 -3.6008473419e-05
5.7909369911e-05 2.7550438370e-05
1.2845071038e-05 -1.6576428265e-06
-6.4880661208e-06 -5.5983908126e-07
-3.1983652661e-06 2.9673483297e-07
