-5.8529479923e-06 -1.1335178326e-05
2.4776122129e-01 2.9612254767e-04
4.8965750623e-01 1.1644668865e-03
7.2571046090e-01 2.5785284692e-03
9.5593961663e-01 4.5285553970e-03
1.1803867229e+00 6.9852440099e-03
1.3990666979e+00 9.9341641335e-03
1.6120111162e+00 1.3349331482e-02
1.8192513259e+00 1.7216844210e-02
2.0207952728e+00 2.1516475809e-02
2.2166916385e+00 2.6225715846e-02
2.4069527824e+00 3.1331989152e-02
2.5916065390e+00 3.6812239291e-02
2.7706857471e+00 4.2653030030e-02
2.9441973262e+00 4.8834172713e-02
3.1121902816e+00 5.5338679892e-02
3.2746562135e+00 6.2148387744e-02
3.4316503109e+00 6.9245653342e-02
3.5831775333e+00 7.6617770307e-02
3.7292753615e+00 8.4243129326e-02
3.8699526416e+00 9.2107002639e-02
4.0052378073e+00 1.0019527477e-01
4.1351523849e+00 1.0848681398e-01
4.2597221440e+00 1.1696984320e-01
4.3789695114e+00 1.2562368528e-01
4.4929081159e+00 1.3443424541e-01
4.6015654547e+00 1.4338603270e-01
4.7049662846e+00 1.5245773702e-01
4.8031120146e+00 1.6163981727e-01
4.8960401066e+00 1.7091279879e-01
4.9837642784e+00 1.8026156096e-01
5.0663086523e+00 1.8966909422e-01
5.1436788815e+00 1.9911524885e-01
5.2158943492e+00 2.0859044375e-01
5.2829898681e+00 2.1807355227e-01
5.3449722730e+00 2.2754625132e-01
5.4018529922e+00 2.3699727738e-01
5.4536696923e+00 2.4640616983e-01
5.5004223726e+00 2.5575737141e-01
5.5421325613e+00 2.6503484611e-01
5.5788093019e+00 2.7421773127e-01
5.6104796278e+00 2.8329429605e-01
5.6371483998e+00 2.9224133595e-01
5.6588374612e+00 3.0104415409e-01
5.6755692363e+00 3.0968383650e-01
5.6873442268e+00 3.1814184780e-01
5.6941833283e+00 3.2640196733e-01
5.6961142803e+00 3.3444432803e-01
5.6931287872e+00 3.4225365096e-01
5.6852754028e+00 3.4980836992e-01
5.6725380064e+00 3.5708822709e-01
5.6549384640e+00 3.6407765645e-01
5.6325050917e+00 3.7075218891e-01
5.6052453147e+00 3.7709752943e-01
5.5731817367e+00 3.8309379702e-01
5.5363198007e+00 3.8871361027e-01
5.4947013385e+00 3.9394595503e-01
5.4483177551e+00 3.9876925872e-01
5.3971955406e+00 4.0315987729e-01
5.3413650142e+00 4.0709639498e-01
5.2808371883e+00 4.1055994811e-01
5.2156359638e+00 4.1352981906e-01
5.1458082312e+00 4.1598649417e-01
5.0713381156e+00 4.1790392847e-01
4.9922683475e+00 4.1926260403e-01
4.9086366010e+00 4.2004227154e-01
4.8204615079e+00 4.2021934105e-01
4.7277819069e+00 4.1977565174e-01
4.6306278567e+00 4.1868678557e-01
4.5290365575e+00 4.1693612013e-01
4.4230409116e+00 4.1449581747e-01
4.3126965050e+00 4.1134858943e-01
4.1980514879e+00 4.0747060559e-01
4.0791451884e+00 4.0284744609e-01
3.9560290070e+00 3.9745561257e-01
3.8287707917e+00 3.9126975083e-01
3.6974421187e+00 3.8428493311e-01
3.5620918925e+00 3.7646989923e-01
3.4228168730e+00 3.6781014521e-01
3.2797127056e+00 3.5829416353e-01
3.1328425860e+00 3.4789902941e-01
2.9823459818e+00 3.3661806340e-01
2.8283265877e+00 3.2443348813e-01
2.6709250160e+00 3.1134381528e-01
2.5102811205e+00 2.9732573049e-01
2.3465652331e+00 2.8239540402e-01
2.1799814929e+00 2.6653593689e-01
2.0107544183e+00 2.4974905963e-01
1.8391343977e+00 2.3206304202e-01
1.6654247136e+00 2.1347697139e-01
1.4899818634e+00 1.9402605781e-01
1.3132790754e+00 1.7371240549e-01
1.1358207894e+00 1.5266429203e-01
9.5829209062e-01 1.3086402181e-01
7.8154878678e-01 1.0844239343e-01
6.0692859679e-01 8.5597019715e-02
4.3602463295e-01 6.2627740131e-02
2.7190047906e-01 3.9639026432e-02
1.2013519535e-01 1.7136626127e-02
-3.2518136833e-04 -3.9971081071e-05
