1.5029814881e-01 -1.9483081099e-02
1.5206866952e-01 -2.0759902539e-02
1.5382313102e-01 -2.1992923839e-02
1.5556145101e-01 -2.3182124805e-02
1.5728649501e-01 -2.4323263588e-02
1.5899480297e-01 -2.5414643932e-02
1.6067858443e-01 -2.6464241902e-02
1.6233774796e-01 -2.7472032343e-02
1.6397461078e-01 -2.8437980928e-02
1.6559664942e-01 -2.9355157043e-02
1.6717450071e-01 -3.0212247514e-02
1.6871319942e-01 -3.1025761765e-02
1.7021264405e-01 -3.1795664344e-02
1.7167273205e-01 -3.2521918857e-02
1.7310881897e-01 -3.3214866734e-02
1.7452327424e-01 -3.3877747322e-02
1.7591227570e-01 -3.4507224769e-02
1.7726768298e-01 -3.5105619910e-02
1.7858842951e-01 -3.5676501018e-02
1.7987514148e-01 -3.6217114017e-02
1.8114054638e-01 -3.6734438995e-02
1.8238528436e-01 -3.7229109421e-02
1.8360923095e-01 -3.7701085853e-02
1.8481557700e-01 -3.8153553525e-02
1.8599356458e-01 -3.8585643141e-02
1.8715013935e-01 -3.9000307342e-02
1.8828803813e-01 -3.9400648589e-02
1.8940361462e-01 -3.9784390361e-02
1.9049674039e-01 -4.0151493277e-02
1.9157705462e-01 -4.0508613121e-02
1.9264731761e-01 -4.0854111474e-02
1.9369368875e-01 -4.1181542276e-02
1.9472398629e-01 -4.1498509179e-02
1.9573823290e-01 -4.1805067726e-02
1.9673650616e-01 -4.2101370316e-02
1.9772261837e-01 -4.2388137064e-02
1.9869725030e-01 -4.2664007699e-02
1.9966026209e-01 -4.2928945349e-02
2.0061355769e-01 -4.3185171715e-02
2.0155635725e-01 -4.3435189635e-02
2.0248104896e-01 -4.3674926579e-02
2.0339620603e-01 -4.3906669371e-02
2.0430282520e-01 -4.4130855098e-02
2.0520075695e-01 -4.4347448052e-02
2.0608985041e-01 -4.4556412089e-02
2.0696889067e-01 -4.4757328313e-02
2.0784067967e-01 -4.4953968774e-02
2.0870373392e-01 -4.5144344907e-02
2.0955775682e-01 -4.5328490431e-02
2.1040259511e-01 -4.5506370737e-02
2.1123809429e-01 -4.5677950840e-02
2.1206733297e-01 -4.5843081268e-02
2.1289436067e-01 -4.6003493442e-02
2.1371276646e-01 -4.6160335506e-02
2.1452331268e-01 -4.6310869150e-02
2.1532584367e-01 -4.6455061368e-02
2.1612162026e-01 -4.6593289935e-02
2.1691393806e-01 -4.6728009054e-02
2.1770169106e-01 -4.6859548896e-02
2.1848207885e-01 -4.6986901358e-02
2.1925748129e-01 -4.7109092615e-02
2.2002866702e-01 -4.7226180353e-02
2.2079547386e-01 -4.7338133947e-02
2.2156021049e-01 -4.7447410892e-02
2.2231592251e-01 -4.7550257090e-02
2.2306959845e-01 -4.7649948102e-02
2.2381865984e-01 -4.7746126137e-02
2.2456209082e-01 -4.7838347857e-02
2.2530092778e-01 -4.7927402694e-02
2.2603868145e-01 -4.8014081690e-02
2.2677287418e-01 -4.8095824938e-02
2.2750159257e-01 -4.8172752770e-02
2.2822718224e-01 -4.8246978226e-02
2.2894947022e-01 -4.8318473893e-02
2.2966759805e-01 -4.8386709692e-02
2.3038276151e-01 -4.8450928089e-02
2.3109537545e-01 -4.8511168661e-02
2.3180526613e-01 -4.8567405692e-02
2.3251415799e-01 -4.8620778314e-02
2.3321933628e-01 -4.8671383515e-02
2.3391990833e-01 -4.8717988523e-02
2.3461892074e-01 -4.8761588717e-02
2.3531566140e-01 -4.8802023000e-02
2.3600870029e-01 -4.8839096015e-02
2.3669882376e-01 -4.8873220958e-02
2.3739124065e-01 -4.8905750803e-02
2.3807865220e-01 -4.8933757142e-02
2.3876328766e-01 -4.8958987274e-02
2.3944506042e-01 -4.8981459303e-02
2.4012403118e-01 -4.9001247431e-02
2.4080190960e-01 -4.9018279627e-02
2.4147834813e-01 -4.9031946672e-02
2.4215316227e-01 -4.9042228828e-02
2.4282693444e-01 -4.9049827493e-02
2.4349911020e-01 -4.9055456015e-02
2.4416684724e-01 -4.9056876538e-02
2.4483392317e-01 -4.9055583840e-02
2.4550009202e-01 -4.9051537020e-02
2.4616372209e-01 -4.9044381007e-02
2.4682430951e-01 -4.9034202210e-02
2.4748797481e-01 -4.9023042572e-02
2.4814797597e-01 -4.9007731003e-02
2.4880596450e-01 -4.8989932407e-02
2.4946186904e-01 -4.8969695195e-02
2.5011552311e-01 -4.8947040048e-02
2.5076792320e-01 -4.8921790498e-02
2.5141941320e-01 -4.8893277414e-02
2.5206979687e-01 -4.8861487906e-02
2.5272029402e-01 -4.8827276439e-02
2.5336920002e-01 -4.8790906288e-02
2.5401459110e-01 -4.8751174970e-02
2.5465963871e-01 -4.8708759246e-02
2.5530414032e-01 -4.8663648937e-02
2.5594762575e-01 -4.8615714784e-02
2.5659045843e-01 -4.8565420102e-02
2.5723171622e-01 -4.8511890014e-02
2.5787121005e-01 -4.8455960812e-02
2.5850873614e-01 -4.8397624303e-02
2.5914408939e-01 -4.8336872240e-02
2.5977817056e-01 -4.8273980276e-02
2.6041206365e-01 -4.8208211860e-02
2.6104532966e-01 -4.8139269219e-02
2.6167788790e-01 -4.8067216954e-02
2.6231017973e-01 -4.7993090318e-02
2.6294054797e-01 -4.7916724859e-02
2.6356800363e-01 -4.7836927412e-02
2.6419542126e-01 -4.7754403501e-02
2.6482258672e-01 -4.7669151859e-02
2.6544771233e-01 -4.7580855540e-02
2.6607131364e-01 -4.7490264958e-02
2.6669595772e-01 -4.7397935887e-02
2.6731814408e-01 -4.7302193770e-02
2.6793837544e-01 -4.7204183431e-02
2.6855660834e-01 -4.7102888017e-02
2.6917463627e-01 -4.6998886238e-02
2.6979222264e-01 -4.6892367119e-02
2.7040721287e-01 -4.6782864260e-02
2.7102331526e-01 -4.6671815528e-02
2.7163844316e-01 -4.6557364000e-02
2.7225126920e-01 -4.6439980576e-02
2.7286244744e-01 -4.6320394296e-02
2.7347160652e-01 -4.6198575555e-02
2.7407898603e-01 -4.6073932698e-02
2.7468596280e-01 -4.5946342029e-02
2.7529231379e-01 -4.5815813754e-02
2.7589781452e-01 -4.5682358092e-02
2.7650235365e-01 -4.5546099517e-02
2.7710492871e-01 -4.5406884830e-02
2.7770675874e-01 -4.5265091602e-02
2.7830699242e-01 -4.5120737311e-02
2.7890540720e-01 -4.4973835346e-02
2.7950177907e-01 -4.4824399118e-02
2.8009604426e-01 -4.4672466484e-02
2.8069266523e-01 -4.4518063547e-02
2.8128671178e-01 -4.4359736716e-02
2.8187841696e-01 -4.4198746185e-02
2.8246847563e-01 -4.4035756607e-02
2.8305665465e-01 -4.3870786382e-02
2.8364244068e-01 -4.3703216531e-02
2.8422695558e-01 -4.3532210804e-02
2.8481010828e-01 -4.3357792054e-02
2.8539166617e-01 -4.3179982797e-02
2.8597310273e-01 -4.2999190559e-02
2.8655350404e-01 -4.2816591079e-02
2.8712948908e-01 -4.2631054066e-02
2.8770482058e-01 -4.2442563954e-02
2.8827893739e-01 -4.2251214711e-02
2.8885055989e-01 -4.2057097821e-02
2.8942091833e-01 -4.1860663591e-02
2.8999098807e-01 -4.1661352169e-02
2.9055709451e-01 -4.1458517267e-02
2.9112152160e-01 -4.1253448658e-02
2.9168403181e-01 -4.1046178418e-02
2.9224424896e-01 -4.0836425659e-02
2.9280248313e-01 -4.0623250556e-02
2.9335891408e-01 -4.0406753984e-02
2.9391330420e-01 -4.0186971236e-02
2.9446741503e-01 -3.9964585692e-02
2.9501883914e-01 -3.9740054525e-02
2.9556564820e-01 -3.9511915599e-02
2.9611150734e-01 -3.9280756741e-02
2.9665588684e-01 -3.9046797628e-02
2.9719730925e-01 -3.8810085001e-02
2.9773596293e-01 -3.8570728371e-02
2.9827557686e-01 -3.8328708308e-02
2.9880998277e-01 -3.8082751269e-02
2.9934172007e-01 -3.7834457055e-02
2.9987084691e-01 -3.7583963750e-02
3.0039712135e-01 -3.7331318365e-02
3.0092135338e-01 -3.7076362683e-02
3.0144343928e-01 -3.6817824748e-02
3.0196255275e-01 -3.6555543822e-02
3.0247845508e-01 -3.6289570730e-02
3.0299381975e-01 -3.6020734246e-02
3.0350775026e-01 -3.5750162208e-02
3.0401524481e-01 -3.5476838878e-02
3.0452066250e-01 -3.5200230096e-02
3.0502376131e-01 -3.4920394572e-02
3.0552429728e-01 -3.4637391148e-02
3.0602127610e-01 -3.4351289627e-02
3.0651520683e-01 -3.4061602984e-02
3.0700574740e-01 -3.3769578617e-02
3.0749313462e-01 -3.3475405272e-02
3.0797712825e-01 -3.3179145107e-02
3.0845810222e-01 -3.2880843352e-02
3.0893672411e-01 -3.2579126993e-02
3.0941150024e-01 -3.2273359067e-02
3.0988250312e-01 -3.1963621564e-02
3.1035168130e-01 -3.1651392372e-02
3.1081889449e-01 -3.1337482862e-02
3.1127950370e-01 -3.1021333626e-02
3.1173690891e-01 -3.0701616489e-02
3.1219087265e-01 -3.0378406751e-02
3.1264115534e-01 -3.0051779891e-02
3.1308913165e-01 -2.9721722934e-02
3.1353055227e-01 -2.9389551484e-02
3.1397015753e-01 -2.9054476247e-02
3.1440593006e-01 -2.8716867761e-02
3.1483763680e-01 -2.8376804263e-02
3.1526556035e-01 -2.8034314782e-02
3.1569141333e-01 -2.7688354281e-02
3.1611165152e-01 -2.7338705348e-02
3.1652753815e-01 -2.6986758034e-02
3.1693957626e-01 -2.6632911884e-02
3.1734731044e-01 -2.6276902158e-02
3.1775066513e-01 -2.5917405282e-02
3.1814982802e-01 -2.5554490574e-02
3.1854456913e-01 -2.5188249335e-02
3.1893519188e-01 -2.4818800479e-02
3.1932309905e-01 -2.4447266640e-02
3.1970394117e-01 -2.4072887665e-02
3.2008154027e-01 -2.3695507477e-02
3.2045418039e-01 -2.3315620989e-02
3.2082137266e-01 -2.2933351716e-02
3.2118395712e-01 -2.2548718596e-02
3.2154519554e-01 -2.2160507807e-02
3.2189857363e-01 -2.1768773576e-02
3.2224702149e-01 -2.1375053423e-02
3.2259108822e-01 -2.0979579613e-02
3.2293058641e-01 -2.0582391678e-02
3.2326514993e-01 -2.0182092738e-02
3.2359417407e-01 -1.9778244815e-02
3.2391744265e-01 -1.9370957591e-02
3.2423561701e-01 -1.8960223247e-02
3.2455217993e-01 -1.8547147596e-02
3.2485939717e-01 -1.8132725910e-02
3.2516249413e-01 -1.7715133318e-02
3.2546087431e-01 -1.7294655568e-02
3.2575300339e-01 -1.6872047495e-02
3.2603987428e-01 -1.6447337921e-02
3.2632438571e-01 -1.6019114398e-02
3.2659960348e-01 -1.5588071115e-02
3.2686978963e-01 -1.5155398955e-02
3.2713509951e-01 -1.4721224767e-02
3.2739510538e-01 -1.4285377978e-02
3.2764889629e-01 -1.3846218438e-02
3.2789645458e-01 -1.3403717529e-02
3.2813758241e-01 -1.2958003057e-02
3.2837501855e-01 -1.2509270855e-02
3.2860666796e-01 -1.2059646697e-02
3.2883023275e-01 -1.1608020538e-02
3.2904841260e-01 -1.1153454747e-02
3.2926101349e-01 -1.0696089562e-02
3.2946669168e-01 -1.0236527333e-02
3.2966734538e-01 -9.7745251013e-03
3.2986006580e-01 -9.3098819073e-03
3.3004666657e-01 -8.8437879618e-03
3.3022729288e-01 -8.3763442981e-03
3.3040176194e-01 -7.9076940602e-03
3.3057110288e-01 -7.4369090999e-03
3.3073328764e-01 -6.9627585688e-03
3.3088726218e-01 -6.4855482748e-03
3.3103623765e-01 -6.0061694850e-03
3.3118076268e-01 -5.5255205414e-03
3.3131686424e-01 -5.0442512768e-03
3.3144533756e-01 -4.5603134088e-03
3.3156621138e-01 -4.0737567293e-03
3.3167931702e-01 -3.5847359454e-03
3.3179065057e-01 -3.0922782879e-03
3.3189168298e-01 -2.6005660470e-03
3.3198594168e-01 -2.1063925820e-03
3.3207356338e-01 -1.6097905516e-03
3.3215303875e-01 -1.1115993487e-03
3.3222539571e-01 -6.1185164024e-04
3.3229297198e-01 -1.0818340020e-04
3.3235099300e-01 3.9581153928e-04
3.3240229920e-01 9.0065607905e-04
3.3244674811e-01 1.4061835096e-03
3.3248484666e-01 1.9124912615e-03
3.3251718875e-01 2.4216709659e-03
3.3253976193e-01 2.9333292189e-03
3.3255371490e-01 3.4470751145e-03
3.3256266373e-01 3.9615619235e-03
3.3256572892e-01 4.4760962808e-03
3.3255922816e-01 4.9912616912e-03
3.3254453888e-01 5.5087151219e-03
3.3252154022e-01 6.0282780508e-03
3.3249010826e-01 6.5497711666e-03
3.3245392710e-01 7.0733643719e-03
3.3240950014e-01 7.5975919592e-03
3.3235843278e-01 8.1221632707e-03
3.3229835991e-01 8.6477100559e-03
3.3222917894e-01 9.1740472635e-03
3.3215078420e-01 9.7009889663e-03
3.3206578360e-01 1.0231605744e-02
3.3197498140e-01 1.0761424113e-02
3.3187551539e-01 1.1291483163e-02
3.3176734277e-01 1.1822790184e-02
3.3165037529e-01 1.2355151428e-02
3.3152452155e-01 1.2888372196e-02
3.3139238977e-01 1.3424755052e-02
3.3125234746e-01 1.3958981221e-02
3.3110386768e-01 1.4494349470e-02
3.3094675409e-01 1.5030555407e-02
3.3078079215e-01 1.5566856975e-02
3.3060624828e-01 1.6103344205e-02
3.3042471980e-01 1.6642850585e-02
3.3023411024e-01 1.7180873617e-02
3.3003541769e-01 1.7719064724e-02
3.2982859147e-01 1.8257226850e-02
3.2961357781e-01 1.8795161852e-02
3.2939223200e-01 1.9336589369e-02
3.2915884593e-01 1.9877411478e-02
3.2891690564e-01 2.0416810912e-02
3.2866764835e-01 2.0955828097e-02
3.2841104166e-01 2.1494255634e-02
3.2814780402e-01 2.2033890176e-02
3.2787377806e-01 2.2574843782e-02
3.2758789372e-01 2.3115096872e-02
3.2729464003e-01 2.3654181952e-02
3.2699479371e-01 2.4193197199e-02
3.2668843188e-01 2.4732087045e-02
3.2637291465e-01 2.5271648697e-02
3.2604532735e-01 2.5810789158e-02
3.2570652245e-01 2.6349691207e-02
3.2536132093e-01 2.6887993966e-02
3.2501040599e-01 2.7425257341e-02
3.2465178233e-01 2.7961099120e-02
3.2428168092e-01 2.8496207419e-02
3.2390011827e-01 2.9030372817e-02
3.2350793114e-01 2.9564673844e-02
3.2310996084e-01 3.0099587789e-02
3.2270691754e-01 3.0632783349e-02
3.2229403866e-01 3.1163881238e-02
3.2186994448e-01 3.1693731439e-02
3.2143467500e-01 3.2222119726e-02
3.2098921160e-01 3.2751919762e-02
3.2053897050e-01 3.3280771229e-02
3.2008188374e-01 3.3806331954e-02
3.1961358625e-01 3.4330458317e-02
3.1913414276e-01 3.4852933082e-02
3.1864355665e-01 3.5373786717e-02
3.1814448060e-01 3.5896614793e-02
3.1764168655e-01 3.6416493338e-02
3.1712918549e-01 3.6933639911e-02
3.1660560905e-01 3.7448601932e-02
3.1607104632e-01 3.7961159546e-02
3.1552542677e-01 3.8472442003e-02
3.1497273033e-01 3.8985168820e-02
3.1441374301e-01 3.9492731098e-02
3.1384426423e-01 3.9998448565e-02
3.1326441123e-01 4.0502099819e-02
3.1267429805e-01 4.1003461678e-02
3.1207414322e-01 4.1505405144e-02
3.1146891996e-01 4.2002278764e-02
3.1085311086e-01 4.2496888634e-02
3.1022685828e-01 4.2989013943e-02
3.0959030142e-01 4.3478432010e-02
3.0894280351e-01 4.3967325565e-02
3.0829004795e-01 4.4452553961e-02
3.0762761835e-01 4.4934195599e-02
3.0695465755e-01 4.5413050168e-02
3.0627133262e-01 4.5888897195e-02
3.0557780751e-01 4.6361514233e-02
3.0487528686e-01 4.6833916396e-02
3.0416556382e-01 4.7300895451e-02
3.0344539313e-01 4.7764823064e-02
3.0271497303e-01 4.8225482207e-02
3.0197449876e-01 4.8682653789e-02
3.0122386866e-01 4.9136634184e-02
3.0046527678e-01 4.9587660714e-02
2.9969742265e-01 5.0033988876e-02
2.9891922844e-01 5.0476965963e-02
2.9813092298e-01 5.0916378290e-02
2.9733273219e-01 5.1352010005e-02
2.9652397873e-01 5.1784859555e-02
2.9570805064e-01 5.2213256204e-02
2.9488179739e-01 5.2637096064e-02
2.9404518329e-01 5.3056460310e-02
2.9319846968e-01 5.3471141593e-02
2.9234191504e-01 5.3880930286e-02
2.9147345923e-01 5.4288216103e-02
2.9059962647e-01 5.4690120439e-02
2.8971455041e-01 5.5087171703e-02
2.8881851934e-01 5.5479174283e-02
2.8791181889e-01 5.5865930239e-02
2.8699327872e-01 5.6248692391e-02
2.8606741456e-01 5.6627855628e-02
2.8513311392e-01 5.7000040132e-02
2.8418757346e-01 5.7366738653e-02
2.8323111675e-01 5.7727765636e-02
2.8226406481e-01 5.8082933105e-02
2.8128340319e-01 5.8434315105e-02
2.8029657816e-01 5.8781350423e-02
2.7930093420e-01 5.9120991879e-02
2.7829365266e-01 5.9454042538e-02
2.7727508878e-01 5.9780328819e-02
2.7624559539e-01 6.0099674634e-02
2.7520090066e-01 6.0415662727e-02
2.7415232105e-01 6.0725957261e-02
2.7309379103e-01 6.1028375052e-02
2.7202330884e-01 6.1323281026e-02
2.7094126131e-01 6.1610517350e-02
2.6984481980e-01 6.1891269618e-02
2.6873806367e-01 6.2168157703e-02
2.6762681942e-01 6.2437055712e-02
2.6650244314e-01 6.2697431608e-02
2.6536535173e-01 6.2949145746e-02
2.6421450502e-01 6.3192681331e-02
2.6305133103e-01 6.3431468874e-02
2.6188327742e-01 6.3663523763e-02
2.6070367727e-01 6.3886081409e-02
2.5951042760e-01 6.4099327959e-02
2.5830397586e-01 6.4303143129e-02
2.5708328308e-01 6.4502464139e-02
2.5585528101e-01 6.4691173665e-02
2.5461456469e-01 6.4868795195e-02
2.5336039103e-01 6.5038560757e-02
2.5209369307e-01 6.5198963569e-02
2.5081354092e-01 6.5350355790e-02
2.4952137128e-01 6.5493653066e-02
2.4822190171e-01 6.5625300867e-02
2.4690847796e-01 6.5747980716e-02
2.4558161791e-01 6.5861624126e-02
2.4424183828e-01 6.5966160119e-02
2.4288480530e-01 6.6060367561e-02
2.4152002891e-01 6.6142332383e-02
2.4013950824e-01 6.6213091991e-02
2.3874495693e-01 6.6272334613e-02
2.3733789009e-01 6.6320039293e-02
2.3591570291e-01 6.6356303060e-02
2.3447738353e-01 6.6383515020e-02
2.3302842711e-01 6.6397524439e-02
2.3156454059e-01 6.6397314360e-02
2.3008634418e-01 6.6382867365e-02
2.2859151781e-01 6.6353963356e-02
2.2707528942e-01 6.6313915049e-02
2.2554999618e-01 6.6265134820e-02
2.2401232053e-01 6.6200711613e-02
2.2245743532e-01 6.6118690012e-02
2.2088599214e-01 6.6019092985e-02
2.1929675424e-01 6.5902754199e-02
2.1768950289e-01 6.5774061813e-02
2.1606535197e-01 6.5633544924e-02
2.1442213023e-01 6.5477734776e-02
2.1275847187e-01 6.5300468483e-02
2.1108055503e-01 6.5102320937e-02
2.0938747530e-01 6.4887859577e-02
2.0767477548e-01 6.4658272612e-02
2.0594320142e-01 6.4413666255e-02
2.0418288422e-01 6.4148033064e-02
2.0240164795e-01 6.3857378729e-02
2.0061240025e-01 6.3550586273e-02
1.9879674208e-01 6.3221723094e-02
1.9695541571e-01 6.2870954320e-02
1.9509698038e-01 6.2500600875e-02
1.9321114831e-01 6.2106138748e-02
1.9130017476e-01 6.1689002830e-02
1.8936965037e-01 6.1245010670e-02
1.8741403829e-01 6.0772208076e-02
1.8543418590e-01 6.0270821070e-02
1.8342660497e-01 5.9740133878e-02
1.8137900023e-01 5.9182541379e-02
1.7931215386e-01 5.8604291280e-02
1.7722188178e-01 5.7991679927e-02
1.7510340207e-01 5.7341054928e-02
1.7295758374e-01 5.6652706939e-02
1.7077900381e-01 5.5925967188e-02
1.6856197615e-01 5.5164892872e-02
1.6630917585e-01 5.4371229562e-02
1.6401756104e-01 5.3536832200e-02
1.6169153294e-01 5.2651596139e-02
1.5933524171e-01 5.1718177731e-02
1.5695041343e-01 5.0743705746e-02
1.5452497822e-01 4.9720411185e-02
1.5205986383e-01 4.8648737768e-02
1.4955600239e-01 4.7529128726e-02
1.4698516499e-01 4.6328594124e-02
1.4438139145e-01 4.5064575087e-02
1.4176141640e-01 4.3768822277e-02
1.3909251328e-01 4.2395148879e-02
1.3637547267e-01 4.0943979094e-02
1.3361109000e-01 3.9415737296e-02
1.3078625258e-01 3.7792955181e-02
1.2792107462e-01 3.6095092315e-02
1.2504712881e-01 3.4365397107e-02
1.2213428362e-01 3.2554449041e-02
1.1918313267e-01 3.0662528665e-02
1.1619427437e-01 2.8689917052e-02
1.1316831197e-01 2.6636895797e-02
