1.8698949405e+02
1.8710890802e+02
1.8722529261e+02
1.8733563065e+02
1.8744326552e+02
1.8754806940e+02
1.8764599895e+02
1.8773878702e+02
1.8782954445e+02
1.8791355193e+02
1.8799596732e+02
1.8807192830e+02
1.8814564837e+02
1.8821393304e+02
1.8827879923e+02
1.8833931079e+02
1.8839609487e+02
1.8844962408e+02
1.8849914808e+02
1.8854404516e+02
1.8858554323e+02
1.8862325072e+02
1.8865762124e+02
1.8868805296e+02
1.8871538867e+02
1.8873902382e+02
1.8875935024e+02
1.8877642299e+02
1.8878849982e+02
1.8879838073e+02
1.8880354421e+02
1.8880662087e+02
1.8880544210e+02
1.8880131990e+02
1.8879248252e+02
1.8878185750e+02
1.8876698020e+02
1.8874951406e+02
1.8872855374e+02
1.8870367181e+02
1.8867646058e+02
1.8864438975e+02
1.8861155028e+02
1.8857222253e+02
1.8853158653e+02
1.8848709054e+02
1.8843954170e+02
1.8839000045e+02
1.8833452771e+02
1.8827777981e+02
1.8821471709e+02
1.8815074424e+02
1.8808324170e+02
1.8801067456e+02
1.8793714477e+02
1.8785665772e+02
1.8777537177e+02
1.8768871620e+02
1.8759939633e+02
1.8750808981e+02
1.8741072405e+02
1.8731134102e+02
1.8720632591e+02
1.8709811876e+02
1.8698817440e+02
1.8687220312e+02
1.8675377820e+02
1.8663205398e+02
1.8650522721e+02
1.8637409737e+02
1.8624201894e+02
1.8610285749e+02
1.8596129185e+02
1.8581716572e+02
1.8566811253e+02
1.8551381984e+02
1.8536080154e+02
1.8520052442e+02
1.8503350530e+02
1.8487274118e+02
1.8470149845e+02
1.8452464095e+02
1.8436073994e+02
1.8417611694e+02
1.8399911049e+02
1.8382238471e+02
1.8363193016e+02
1.8346009777e+02
1.8327955146e+02
1.8308639539e+02
1.8292958137e+02
1.8274896493e+02
1.8256612046e+02
1.8243888259e+02
1.8228832683e+02
1.8213485207e+02
1.8204775399e+02
1.8207788176e+02
1.8194625672e+02
1.8342698791e+02
