-1.0038324211e-08 7.8508374184e-10
4.9833754401e-07 7.3202994763e-10
1.4107497970e-06 5.4879323143e-10
2.7271984347e-06 2.3537359322e-10
3.1365942070e-06 2.0918963815e-11
2.7263630735e-06 -1.6602002186e-11
2.5132182710e-06 -2.7988491887e-11
2.4971597996e-06 -1.3240505290e-11
2.6781876590e-06 2.7641957606e-11
3.0563018494e-06 9.4658896802e-11
3.6315023708e-06 1.8781031230e-10
4.0324371139e-06 2.9055063251e-10
1.7713378044e-06 2.6128634399e-10
2.9384227638e-07 2.2860428031e-10
-4.0004947019e-07 1.9250444148e-10
-3.1033743532e-07 1.5298682750e-10
7.7932443638e-06 3.4954495408e-11
-1.2647746962e-06 -2.1631311942e-11
-8.9454122885e-06 -3.0877381034e-11
-1.3772161940e-05 -3.4155214326e-11
-1.5745023652e-05 -3.1464811817e-11
-1.4863997423e-05 -2.2806173507e-11
-1.1129083254e-05 -8.1792993969e-12
-4.5402811443e-06 1.2415810515e-11
3.8569093058e-06 -1.7008887666e-10
1.0125743955e-05 -5.1882416258e-10
1.4147080697e-05 -7.4326819131e-10
1.5920919530e-05 -8.4342096285e-10
1.5447260456e-05 -8.1928247721e-10
1.2726103472e-05 -6.7085273438e-10
7.7574485811e-06 -3.9813173437e-10
-1.1437780764e-07 7.0795461404e-10
1.3580479400e-05 -7.4819587989e-10
9.4363497556e-06 -5.1697153210e-10
3.1017001732e-06 -1.5988911778e-10
5.0040715467e-07 2.3423884779e-10
5.6722737068e-07 5.1438719206e-10
9.9813064991e-07 6.8406403575e-10
1.7931169922e-06 7.4326937884e-10
2.9521863976e-06 6.9200322136e-10
4.4753388661e-06 5.3026556329e-10
6.3625743978e-06 2.5805640464e-10
5.3376532078e-06 -2.4456323473e-11
-4.2223236693e-06 -2.7571682606e-11
-1.0925695488e-05 -2.7204314141e-11
-1.4772462249e-05 -2.3354218077e-11
-1.5762623951e-05 -1.6021394414e-11
-1.3896180595e-05 -5.2058431539e-12
2.2851310612e-06 7.0818110679e-10
3.5603029006e-06 6.2095421922e-10
5.1790852676e-06 4.2786535038e-10
7.1414781619e-06 1.2891450027e-10
1.7070583858e-06 -9.2831929388e-12
-6.9347624328e-06 1.6938186091e-11
-1.2696813707e-05 3.6994919897e-11
-1.5579095437e-05 5.0887008479e-11
-1.5581607622e-05 5.8614451836e-11
-1.2704350263e-05 6.0177249969e-11
-6.9473233593e-06 5.5575402879e-11
1.4433285461e-06 -1.6446620817e-11
8.2517985934e-06 -4.1451260570e-10
1.2869748702e-05 -6.8672052405e-10
1.5297178873e-05 -8.3307037586e-10
1.5534089106e-05 -8.5356216114e-10
-1.4530179964e-05 1.3448666589e-10
-1.6435772444e-05 1.4851286514e-10
-1.5377313635e-05 1.4467725458e-10
-1.1354803537e-05 1.2297983420e-10
-4.3682421485e-06 8.3420604013e-11
4.1383204266e-06 -1.6901900115e-10
1.0211833071e-05 -5.4166306130e-10
1.4082043768e-05 -7.8198212316e-10
1.5748952519e-05 -8.8997618672e-10
1.5212559324e-05 -8.6564525199e-10
1.2472864181e-05 -7.0898931896e-10
7.5298670926e-06 -4.2000838764e-10
6.2054897838e-07 -1.5311556688e-12
5.2127870789e-07 3.3468988185e-10
7.6561896476e-07 5.6504893810e-10
1.3535697492e-06 6.8954601308e-10
1.1859395379e-05 -6.5666430999e-10
1.5042701899e-05 -8.3556194442e-10
1.5984400766e-05 -8.8793631087e-10
1.4684491981e-05 -8.1378740933e-10
1.1142975545e-05 -6.1311523979e-10
5.3598514559e-06 -2.8591980227e-10
5.6695589517e-07 1.1982688880e-10
7.0846558776e-07 4.1401761913e-10
1.1522238075e-06 6.0534947875e-10
1.8982305547e-06 6.9382246767e-10
2.9464858289e-06 6.7943658589e-10
4.2969896305e-06 5.6219183341e-10
5.9497419592e-06 3.4208821023e-10
7.9047428152e-06 1.9125716345e-11
-1.8268411363e-06 5.2848837949e-11
-9.6605361950e-06 1.0259865683e-10
-6.8900976504e-08 2.4785320559e-10
-1.6104745977e-07 5.5916154159e-10
2.1425343782e-07 7.5033849801e-10
1.0570017164e-06 8.2138407486e-10
2.3671973761e-06 7.7229827212e-10
4.1448404168e-06 6.0308108982e-10
6.3899308386e-06 3.1373252793e-10
5.1955164013e-06 2.4739232726e-11
-4.5935617197e-06 1.9920098608e-11
-1.1434645714e-05 1.5276542266e-11
-1.5327735581e-05 1.0808563702e-11
-1.6272831322e-05 6.5161629154e-12
-1.4269932935e-05 2.3993399065e-12
-9.3190404220e-06 -1.5419053252e-12
-1.4201537820e-06 -5.3075727791e-12
6.4344812079e-06 -3.5124340756e-10
7.5414695739e-06 1.5997389256e-10
1.1338497879e-06 2.7198009783e-11
-8.4318881397e-06 7.1757283355e-11
-1.4769738234e-05 1.0380882655e-10
-1.7879700495e-05 1.2335263938e-10
-1.7761774923e-05 1.3038872183e-10
-1.4415961517e-05 1.2491707391e-10
-7.8422602783e-06 1.0693769562e-10
1.6741295617e-06 3.8344739105e-12
9.5863030334e-06 -4.0059314655e-10
1.4919387003e-05 -6.7860595306e-10
1.7673381469e-05 -8.3020394561e-10
1.7848286434e-05 -8.5538712420e-10
1.5444101895e-05 -7.5415548883e-10
1.0460827854e-05 -5.2650903951e-10
2.8984643111e-06 -1.7244777622e-10
-1.2598906509e-05 5.4981956816e-11
-4.8557782489e-06 3.0511170493e-11
4.7049831649e-06 -2.2604085769e-10
1.1730201947e-05 -5.9862179435e-10
1.6173593000e-05 -8.3712449894e-10
1.8035156324e-05 -9.4154897143e-10
1.7314891918e-05 -9.1189521185e-10
1.4012799783e-05 -7.4816322018e-10
8.1288799180e-06 -4.5035299642e-10
2.1068235271e-07 -2.0566529674e-11
-6.3974576325e-08 3.7401570560e-10
1.0200591022e-07 6.4566769208e-10
7.0862381203e-07 7.9438942976e-10
1.7558791293e-06 8.2018091865e-10
3.2437718621e-06 7.2304215875e-10
5.1723020102e-06 5.0297315005e-10
1.6505550550e-05 -9.2199417109e-10
1.2294143794e-05 -7.0409640894e-10
5.4989358699e-06 -3.4274680350e-10
7.7466952679e-08 1.1940996816e-10
3.7395436987e-08 4.7391537698e-10
4.1024185804e-07 7.0397825136e-10
1.1960062158e-06 8.0959859130e-10
2.3946885102e-06 7.9077639680e-10
4.0062887414e-06 6.4751166786e-10
6.0308069093e-06 3.7980440448e-10
8.4682430138e-06 -1.2345393334e-11
-2.5713223058e-06 8.1954545555e-12
-1.1075935880e-05 4.0104812858e-11
-1.6331001088e-05 6.0738142235e-11
-1.8336517928e-05 7.0095442688e-11
-1.7092486402e-05 6.8176714215e-11
2.0396973575e-06 8.0300791534e-10
3.3458480891e-06 7.4240675750e-10
4.9836269189e-06 5.6126123842e-10
6.9530338470e-06 2.5957135808e-10
4.6444999509e-06 6.6043102666e-12
-6.2160626200e-06 9.2479244769e-11
-1.3743350586e-05 1.5270097570e-10
-1.7937363946e-05 1.8726950306e-10
-1.8798102701e-05 1.9618482685e-10
-1.6325566851e-05 1.7944694707e-10
-1.0519756396e-05 1.3705586372e-10
-1.3806713353e-06 6.9011576797e-11
7.5131658874e-06 -3.5906678681e-10
1.3636963806e-05 -7.1497639781e-10
1.7176960555e-05 -9.2743416552e-10
1.8133156137e-05 -9.9644008995e-10
-1.6915937953e-05 4.5861752444e-10
-1.9773061532e-05 5.3206327769e-10
-1.9232760178e-05 5.3196209913e-10
-1.5295033892e-05 4.5831398877e-10
-7.9598826746e-06 3.1111894659e-10
2.2597415825e-06 2.3039873519e-11
1.0153590616e-05 -4.8003564458e-10
1.5427465757e-05 -8.2507521270e-10
1.8081367005e-05 -1.0120788309e-09
1.8115294360e-05 -1.0410464990e-09
1.5529247822e-05 -9.1197821726e-10
1.0323227392e-05 -6.2487398551e-10
2.4972330695e-06 -1.7973380378e-10
1.1101375204e-07 2.6154522133e-10
4.2228018896e-07 5.6257714725e-10
1.0651747241e-06 7.4306471192e-10
5.6103709446e-06 -1.0328478211e-10
6.6299443523e-06 -1.0188242583e-10
6.9301101696e-06 -7.0362800989e-11
6.5108683962e-06 -8.7259075913e-12
5.3722190323e-06 8.3028254366e-11
3.5141620780e-06 2.0489968488e-10
1.4339909641e-06 3.4938207527e-10
3.8049043326e-06 4.1056248426e-10
5.6669103895e-06 4.3374940896e-10
7.0200091346e-06 4.1894284938e-10
7.8642005679e-06 3.6614280552e-10
8.1994846896e-06 2.7534927737e-10
8.0258614995e-06 1.4656226494e-10
7.3433309977e-06 -2.0218231770e-11
-1.0094160018e-06 9.1085222527e-11
-1.0661389443e-05 3.1162483939e-10
1.9883316135e-06 1.6098955444e-10
-2.6147375065e-06 2.4375282944e-10
-5.4608142910e-06 3.0300713334e-10
-6.5498987402e-06 3.3875246614e-10
-5.8819908538e-06 3.5098882786e-10
-3.4570906318e-06 3.3971621848e-10
7.2480192558e-07 3.0493463802e-10
6.6636868185e-06 2.4664408646e-10
2.0697650336e-06 1.6505736124e-10
-1.4031727643e-06 9.6356526380e-11
-3.5722994482e-06 4.0811979007e-11
-4.4376150185e-06 -1.5762808781e-12
-3.9991194750e-06 -3.0808253277e-11
-2.2568128177e-06 -4.6883938188e-11
7.8930495326e-07 -4.9803335613e-11
3.8713899462e-06 -7.4569869827e-11
-4.3283293263e-06 9.3113211157e-11
6.0615199243e-07 -2.4929500048e-10
2.4105675041e-06 -5.6847713734e-10
3.6735614318e-06 -7.7402652163e-10
4.3951337755e-06 -8.6594315336e-10
4.5752845354e-06 -8.4422703252e-10
4.2140137115e-06 -7.0887815912e-10
3.3113213035e-06 -4.5989653316e-10
1.8672073118e-06 -9.7282154640e-11
1.5899620035e-06 1.5552180175e-10
1.6445765353e-06 3.2546795323e-10
1.8401579378e-06 4.3230173164e-10
2.1767062111e-06 4.7602313696e-10
2.6542213551e-06 4.5663216920e-10
3.2727033698e-06 3.7412882837e-10
4.0321522553e-06 2.2851311445e-10
2.8152628414e-06 -2.0584845086e-10
2.8403828465e-06 -8.2800241193e-11
3.7088518916e-06 -1.1667327341e-11
7.3309691386e-06 -2.0509871773e-10
9.7703102420e-06 -3.4681028943e-10
1.1026875202e-05 -4.3680204244e-10
1.1100664018e-05 -4.7507397677e-10
9.9916766913e-06 -4.6162609241e-10
7.6999132207e-06 -3.9645838935e-10
4.2253736065e-06 -2.7957086761e-10
-2.2213140380e-06 2.2001452986e-11
-7.5488445819e-06 2.8020767220e-10
-1.0885830594e-05 4.3987218761e-10
-1.2232272075e-05 5.0099499921e-10
-1.1588169024e-05 4.6357610700e-10
-8.9535214408e-06 3.2761551098e-10
-4.6859685857e-06 3.6570879462e-10
-4.1738235377e-06 3.3828465132e-10
-2.8654390632e-06 2.6968952330e-10
-4.9234628293e-07 1.7482434134e-10
3.4994389868e-06 1.6472212604e-10
6.2193882229e-06 1.4210632152e-10
7.6675014250e-06 1.0697692778e-10
7.8437785934e-06 5.9333944818e-11
6.7482197282e-06 -8.2262735962e-13
4.3808248291e-06 -7.3492788755e-11
7.4159389627e-07 -1.5867653937e-10
-8.7650251789e-09 -2.5472593922e-10
9.1583092698e-07 -3.2046558288e-10
1.6605316897e-06 -3.4844765587e-10
2.2253372630e-06 -3.3867215820e-10
2.6102476469e-06 -2.9113908986e-10
-8.7494909785e-06 3.4404685164e-10
-8.1115151972e-06 3.7410481247e-10
-5.4463327531e-06 3.7436616869e-10
-7.5394364617e-07 3.4483092028e-10
5.8612767166e-06 2.8295285430e-10
6.4367404263e-06 6.5899051910e-11
6.7176904315e-06 -9.6864536761e-11
6.7041267324e-06 -2.0533791171e-10
6.3960493289e-06 -2.5952107294e-10
5.7934582209e-06 -2.5941402044e-10
4.8963534084e-06 -2.0501675423e-10
3.7047348916e-06 -9.6329274289e-11
1.2278454870e-06 6.3695520750e-11
-1.4449671709e-06 2.0095531628e-10
-3.3215404023e-06 2.9704412710e-10
-4.4018742072e-06 3.5196195321e-10
1.8260587562e-06 -7.2638932732e-10
2.5190988462e-06 -7.6112884470e-10
2.8995334410e-06 -7.0459828052e-10
2.9673625402e-06 -5.5679763478e-10
2.7225861440e-06 -3.1772690749e-10
2.1652042525e-06 1.2613901365e-11
2.0783275990e-06 2.6451498408e-10
2.1636442455e-06 4.3243093896e-10
2.3632411963e-06 5.2562191955e-10
2.6771184513e-06 5.4408792585e-10
3.1052760107e-06 4.8782895785e-10
3.6477138744e-06 3.5684501555e-10
4.3044320424e-06 1.5113609897e-10
1.4998216542e-06 7.5093341406e-11
-3.9438225528e-06 1.9454111611e-10
-7.3602600971e-06 2.8419228618e-10
1.8680041631e-06 -6.9123814726e-13
1.5217112535e-06 5.8925770201e-12
1.4748858483e-06 5.9629244714e-12
1.7275279478e-06 -4.8019579294e-13
2.2796375519e-06 -1.3436783773e-11
3.1312146606e-06 -3.2906839469e-11
4.2822592740e-06 -5.8890362881e-11
1.1389821599e-06 -9.3678117932e-12
-2.1376094984e-06 3.2632618872e-11
-4.3692837077e-06 4.5135704638e-11
-5.5560404677e-06 2.8141445503e-11
-5.6978797787e-06 -1.8350158532e-11
-4.7948016405e-06 -9.4339107466e-11
-2.8468060532e-06 -1.9982540130e-10
-4.9783791030e-07 -3.8310004789e-10
8.2041317071e-07 -6.0037972838e-10
8.4849877964e-07 2.0401675518e-11
6.3897315516e-06 -3.6002709096e-10
9.9959673492e-06 -6.2509438948e-10
1.1667206172e-05 -7.7480022003e-10
1.1403448021e-05 -8.0914458262e-10
9.2046928953e-06 -7.2812747724e-10
5.0709407952e-06 -5.3174890390e-10
-9.9780827933e-07 -2.2000886260e-10
1.4164753727e-06 -9.2783828484e-12
6.5211017873e-06 9.5255322231e-11
9.9165748381e-06 1.6294828307e-10
1.1602894525e-05 1.9380049968e-10
1.1580060848e-05 1.8781197205e-10
9.8480738071e-06 1.4498270018e-10
6.4069334024e-06 6.5312684070e-11
2.5137645775e-06 -1.3788521030e-11
-7.8507577407e-07 3.1971690786e-10
5.5939625688e-06 3.7173626567e-10
7.1673516753e-06 1.8671937649e-10
8.1774560805e-06 4.0674726973e-11
8.6242757844e-06 -6.6397682882e-11
8.5078107871e-06 -1.3449785307e-10
7.8280610885e-06 -1.6362578360e-10
6.5850266887e-06 -1.5378147446e-10
4.7787075877e-06 -1.0496492566e-10
-1.0893240459e-06 1.5106128271e-10
-7.6137461491e-06 4.4556379245e-10
-1.1860736837e-05 6.3620180950e-10
-1.3830296111e-05 7.2297533387e-10
-1.3522423969e-05 7.0588436555e-10
-1.0937120413e-05 5.8492890455e-10
-6.0743854415e-06 3.6010895086e-10
4.2764932363e-06 -6.5444356495e-10
3.4207354604e-06 -3.8494513198e-10
1.9876235587e-06 -9.1134377141e-12
1.6646495556e-06 2.9798776057e-10
1.6196115024e-06 5.0535611973e-10
1.7683869783e-06 6.1810830846e-10
2.1109759836e-06 6.3624432674e-10
2.6473785181e-06 5.5976417460e-10
3.3775945818e-06 3.8866785202e-10
4.3016241748e-06 1.2295535900e-10
1.4584469536e-06 -2.3123031482e-11
-3.9220919838e-06 2.9024485827e-11
-7.2999835281e-06 8.3168992168e-11
-8.6752276792e-06 1.3931048754e-10
-8.0478244373e-06 1.9744897195e-10
-5.4177738022e-06 2.5758444539e-10
2.7525885630e-06 -9.3634701839e-11
3.1912738736e-06 -1.0484718454e-10
3.7886436990e-06 -1.1112183966e-10
4.5446980391e-06 -1.1245866721e-10
1.4616206488e-07 -6.7918486365e-12
-3.9893133218e-06 7.8184044619e-11
-6.7153775459e-06 1.1833539927e-10
-8.0320306076e-06 1.1366221531e-10
-7.9392725066e-06 6.4164492749e-11
-6.4371032431e-06 -3.0157768421e-11
-3.5255228172e-06 -1.6930456820e-10
-1.0502977328e-07 -4.0693681055e-10
1.9259830805e-06 -6.6910468400e-10
3.3796418084e-06 -8.2493929617e-10
4.2559464103e-06 -8.7444064705e-10
4.5548968863e-06 -8.1760873664e-10
1.2364400455e-05 -5.2530994534e-10
1.2139637256e-05 -5.4422460855e-10
9.8202327906e-06 -4.8423550350e-10
5.4061870597e-06 -3.4534263017e-10
-1.1024999369e-06 -1.2754598859e-10
1.4211501484e-06 3.6432098548e-11
6.3226447390e-06 1.3209946156e-10
9.5742675565e-06 1.9293306386e-10
1.1176018601e-05 2.1893290545e-10
1.1127897873e-05 2.1009898634e-10
9.4299053712e-06 1.6643130652e-10
6.0820410969e-06 8.7929866001e-11
2.5846924678e-06 5.9350469930e-13
2.3886397195e-06 -3.0370288297e-11
2.3512714859e-06 -5.6396253719e-11
2.4725877670e-06 -7.7484391566e-11
-1.6686786854e-08 2.8131867578e-10
-7.2314408439e-07 2.6774667323e-10
-6.2114848657e-07 2.3749107099e-10
2.8930000657e-07 1.9055186908e-10
2.0082013950e-06 1.2692906749e-10
4.5355556789e-06 4.6622666220e-11
7.2982287099e-07 8.5389288277e-11
-5.4992042564e-06 1.7556531535e-10
-9.6668545846e-06 2.3342706195e-10
-1.1773128114e-05 2.5897452807e-10
-1.1818024843e-05 2.5220771373e-10
-9.8015447737e-06 2.1312661891e-10
-5.7236879050e-06 1.4173124362e-10
4.7084245898e-07 4.8566538771e-12
6.5300030569e-06 -2.5076931413e-10
1.0494522389e-05 -4.2749151387e-10
-2.1061322804e-07 9.4098475025e-11
-1.7939346274e-06 3.9196001324e-10
-2.5794342171e-06 5.7986836043e-10
-2.5671119970e-06 6.5782351661e-10
-1.7569679671e-06 6.2582548176e-10
-1.4900212741e-07 4.8387425590e-10
2.2567855220e-06 2.3196983902e-10
3.6643802135e-06 2.9940081454e-11
3.6401274595e-06 -2.8744618185e-11
3.6417532423e-06 -5.6590641812e-11
3.6692575621e-06 -5.3597989425e-11
3.7226404189e-06 -1.9766661026e-11
3.8019018127e-06 4.4903343386e-11
3.9070417435e-06 1.4041202381e-10
3.8215864944e-06 2.5841188185e-10
1.4982234061e-06 2.7820707865e-10
4.6195304554e-06 -3.2985472274e-11
-3.0423225364e-06 -1.8896928768e-10
-9.8107454704e-06 -2.6896945378e-10
-1.3976977028e-05 -3.1921345322e-10
-1.5541017208e-05 -3.3970128598e-10
-1.4502866012e-05 -3.3043295207e-10
-1.0862523440e-05 -2.9140845149e-10
-4.6199894909e-06 -2.2262778425e-10
2.1891104815e-06 -3.6419564447e-10
6.0167743419e-06 -7.4082243745e-10
8.5700911431e-06 -9.8949724477e-10
9.8490608849e-06 -1.1102200664e-09
9.8536835674e-06 -1.1029909024e-09
8.5839591905e-06 -9.6780975273e-10
6.0398877543e-06 -7.0467661739e-10
2.2214692588e-06 -3.1359149638e-10
3.5003077627e-06 -3.7353191719e-10
-2.0649589328e-06 1.7727458775e-11
1.2716788848e-06 2.5879294992e-10
6.2764455904e-06 3.8688711487e-10
9.6229136111e-06 4.6818611375e-10
1.1311082947e-05 5.0268994654e-10
1.1340953597e-05 4.9039861325e-10
9.7125255626e-06 4.3131211388e-10
6.4257988429e-06 3.2543044842e-10
2.6712707964e-06 3.4164730753e-10
1.3134031909e-06 6.3567737622e-10
5.0093238986e-07 8.1385776584e-10
2.3385839365e-07 8.7618847637e-10
5.1218120205e-07 8.2266950783e-10
1.3359008152e-06 6.5330086020e-10
2.7050172330e-06 3.6808253350e-10
5.6297838112e-07 1.1005143836e-10
2.2198979790e-06 6.3698274077e-11
4.6604213583e-06 1.3927334637e-11
1.9022176144e-07 1.2168865413e-10
-6.3343887501e-06 2.6761427500e-10
-1.0646038310e-05 3.5875437258e-10
-1.2744726918e-05 3.9510894689e-10
-1.2630454574e-05 3.7667799792e-10
-1.0303221278e-05 3.0346152566e-10
-5.7630270308e-06 1.7545953013e-10
6.1707983692e-07 -5.7866834408e-11
5.4160497410e-06 -4.2752784089e-10
8.4876468785e-06 -6.7036878364e-10
9.8318712495e-06 -7.8638966264e-10
9.4487228538e-06 -7.7559047790e-10
7.3382016915e-06 -6.3797122942e-10
-9.1731321802e-06 9.0924357051e-12
-1.5934787074e-06 2.6873442162e-11
6.1285843664e-06 -2.9494640591e-10
1.1478452209e-05 -5.9797621277e-10
1.4646700429e-05 -7.7923125723e-10
1.5633329026e-05 -8.3871153929e-10
1.4438338000e-05 -7.7641705894e-10
1.1061727351e-05 -5.9234781620e-10
5.5034970792e-06 -2.8650381105e-10
5.6431084294e-07 1.1905724864e-10
5.0993867948e-07 4.4642545419e-10
8.1792549999e-07 6.6066603154e-10
1.4882713046e-06 7.6177898071e-10
2.5209760933e-06 7.4976430167e-10
3.9160398660e-06 6.2462199445e-10
5.6734626228e-06 3.8635205902e-10
1.8531909366e-07 5.0064256425e-10
8.8905237970e-07 1.6314759246e-10
1.9968220504e-06 -3.0453030133e-10
5.4129578162e-07 -1.1194771708e-12
