2.9942816994e+02
2.9942201947e+02
2.9941586900e+02
2.9941040345e+02
2.9940121291e+02
2.9939203747e+02
2.9938158054e+02
2.9937169470e+02
2.9936090979e+02
2.9934651759e+02
2.9933443388e+02
2.9931775986e+02
2.9930111792e+02
2.9928316903e+02
2.9926128643e+02
2.9924119704e+02
2.9921601880e+02
2.9919084056e+02
2.9916260858e+02
2.9913341149e+02
2.9910094607e+02
2.9906611658e+02
2.9902899616e+02
2.9898898579e+02
2.9894729361e+02
2.9890179726e+02
2.9885500612e+02
2.9880342926e+02
2.9875167603e+02
2.9869395629e+02
2.9863546614e+02
2.9857202629e+02
2.9850773549e+02
2.9843843456e+02
2.9836771398e+02
2.9829330005e+02
2.9821499305e+02
2.9813394253e+02
2.9805092126e+02
2.9796475348e+02
2.9787519394e+02
2.9778392510e+02
2.9768712654e+02
2.9758998829e+02
2.9749110738e+02
2.9738979701e+02
2.9728448654e+02
2.9717578347e+02
2.9706824909e+02
2.9695297506e+02
2.9684157067e+02
2.9672824988e+02
2.9661105981e+02
2.9649426639e+02
2.9637325179e+02
2.9625172063e+02
2.9613244521e+02
2.9601180413e+02
2.9589234812e+02
2.9577116138e+02
2.9565113154e+02
2.9553040643e+02
2.9541140098e+02
2.9529204458e+02
2.9516954457e+02
2.9505457738e+02
2.9494331963e+02
2.9484098143e+02
2.9472895382e+02
2.9461361724e+02
2.9451820614e+02
2.9441464836e+02
2.9432382076e+02
2.9423341515e+02
2.9414136649e+02
2.9405562312e+02
2.9396980912e+02
2.9389446508e+02
2.9382489604e+02
2.9375423443e+02
2.9368869253e+02
2.9363648149e+02
2.9358621525e+02
2.9354804648e+02
2.9350594606e+02
2.9347358363e+02
2.9344580106e+02
2.9342315165e+02
2.9341113377e+02
2.9339972835e+02
2.9339413699e+02
2.9339496735e+02
2.9339929214e+02
2.9340907613e+02
2.9342136362e+02
2.9343834328e+02
2.9346045222e+02
2.9347019102e+02
2.9349971000e+02
2.9353201445e+02
