3.3750769311e+02
3.3750772701e+02
3.3750776090e+02
3.3750779571e+02
3.3750773606e+02
3.3750770594e+02
3.3750779148e+02
3.3750786985e+02
3.3750779963e+02
3.3750771083e+02
3.3750771356e+02
3.3750779216e+02
3.3750786215e+02
3.3750787441e+02
3.3750787412e+02
3.3750771004e+02
3.3750740036e+02
3.3750715284e+02
3.3750743692e+02
3.3750774886e+02
3.3750789464e+02
3.3750774507e+02
3.3750752496e+02
3.3750761385e+02
3.3750775753e+02
3.3750781637e+02
3.3750761028e+02
3.3750741436e+02
3.3750745686e+02
3.3750762357e+02
3.3750779027e+02
3.3750795232e+02
3.3750811438e+02
3.3750822429e+02
3.3750813754e+02
3.3750805080e+02
3.3750782955e+02
3.3750757516e+02
3.3750742505e+02
3.3750765501e+02
3.3750788497e+02
3.3750754194e+02
3.3750712302e+02
3.3750711330e+02
3.3750755403e+02
3.3750797764e+02
3.3750773673e+02
3.3750740082e+02
3.3750720655e+02
3.3750746174e+02
3.3750780123e+02
3.3750775780e+02
3.3750764676e+02
3.3750763625e+02
3.3750766118e+02
3.3750785833e+02
3.3750774115e+02
3.3750743117e+02
3.3750734159e+02
3.3750741590e+02
3.3750764361e+02
3.3750763136e+02
3.3750737847e+02
3.3750722461e+02
3.3750743278e+02
3.3750769242e+02
3.3750775828e+02
3.3750752404e+02
3.3750736842e+02
3.3750742157e+02
3.3750767715e+02
3.3750786392e+02
3.3750764607e+02
3.3750752141e+02
3.3750744010e+02
3.3750744386e+02
3.3750751741e+02
3.3750744560e+02
3.3750755895e+02
3.3750766630e+02
3.3750779300e+02
3.3750799225e+02
3.3750781604e+02
3.3750762962e+02
3.3750763158e+02
3.3750785392e+02
3.3750792074e+02
3.3750784770e+02
3.3750769588e+02
3.3750758600e+02
3.3750758936e+02
3.3750765181e+02
3.3750773466e+02
3.3750781139e+02
3.3750786344e+02
3.3750782913e+02
3.3750772284e+02
3.3750770755e+02
3.3750777598e+02
3.3750784442e+02
