3.8334635246e+02
3.8320609191e+02
3.8307164078e+02
3.8294389815e+02
3.8281974225e+02
3.8270316886e+02
3.8259127405e+02
3.8248622880e+02
3.8238926403e+02
3.8229548895e+02
3.8220997002e+02
3.8212677308e+02
3.8205217096e+02
3.8198368801e+02
3.8191988323e+02
3.8186629229e+02
3.8181707184e+02
3.8177317216e+02
3.8173655479e+02
3.8170468617e+02
3.8168251860e+02
3.8166636815e+02
3.8165616742e+02
3.8165402144e+02
3.8165673474e+02
3.8166407983e+02
3.8168258375e+02
3.8170768893e+02
3.8173740830e+02
3.8177522356e+02
3.8181873256e+02
3.8186785287e+02
3.8192906776e+02
3.8199399474e+02
3.8206532694e+02
3.8214601102e+02
3.8223341169e+02
3.8232542232e+02
3.8242535592e+02
3.8253255872e+02
3.8264426909e+02
3.8276441223e+02
3.8289257483e+02
3.8302642359e+02
3.8316526728e+02
3.8331354978e+02
3.8346722309e+02
3.8362473081e+02
3.8379250011e+02
3.8396567620e+02
3.8414353307e+02
3.8432922326e+02
3.8451960085e+02
3.8471526389e+02
3.8491539870e+02
3.8512466568e+02
3.8533818035e+02
3.8555502567e+02
3.8578048888e+02
3.8600853829e+02
3.8624012125e+02
3.8647724240e+02
3.8672283993e+02
3.8696643868e+02
3.8722095886e+02
3.8747430719e+02
3.8773336587e+02
3.8799068237e+02
3.8826055638e+02
3.8852668882e+02
3.8879638884e+02
3.8907267868e+02
3.8934864860e+02
3.8962618433e+02
3.8990555356e+02
3.9019376089e+02
3.9047132500e+02
3.9075826486e+02
3.9105031583e+02
3.9132991386e+02
3.9161848860e+02
3.9191156368e+02
3.9219402952e+02
3.9247937489e+02
3.9277114337e+02
3.9304573053e+02
3.9333753007e+02
3.9361526343e+02
3.9388231634e+02
3.9416476942e+02
3.9443699542e+02
3.9469035072e+02
3.9492915858e+02
3.9517882068e+02
3.9538379297e+02
3.9561305733e+02
3.9571858943e+02
3.9596650047e+02
3.9566854939e+02
3.9423468159e+02
