3.7638638792e+02
3.7625679885e+02
3.7613038255e+02
3.7601228506e+02
3.7589704725e+02
3.7578615732e+02
3.7568507911e+02
3.7558612053e+02
3.7549584909e+02
3.7540837062e+02
3.7533001253e+02
3.7525641466e+02
3.7518538278e+02
3.7512437228e+02
3.7506715868e+02
3.7501860221e+02
3.7497359344e+02
3.7493242237e+02
3.7490210584e+02
3.7487678724e+02
3.7485501957e+02
3.7484220680e+02
3.7483299278e+02
3.7483196593e+02
3.7483694092e+02
3.7484619296e+02
3.7486529901e+02
3.7488885421e+02
3.7491582775e+02
3.7495280659e+02
3.7499574060e+02
3.7504258750e+02
3.7509760527e+02
3.7515878367e+02
3.7522572500e+02
3.7529916603e+02
3.7537883694e+02
3.7546284058e+02
3.7555698450e+02
3.7565537685e+02
3.7575724342e+02
3.7586936736e+02
3.7598547158e+02
3.7610638883e+02
3.7623599500e+02
3.7637015212e+02
3.7650924714e+02
3.7665322735e+02
3.7680605299e+02
3.7696331658e+02
3.7712457367e+02
3.7729332217e+02
3.7746600387e+02
3.7764363422e+02
3.7782768172e+02
3.7801708562e+02
3.7821161616e+02
3.7840685530e+02
3.7861303372e+02
3.7881829920e+02
3.7902941588e+02
3.7924593579e+02
3.7946908997e+02
3.7969111919e+02
3.7992038868e+02
3.8015069855e+02
3.8038787266e+02
3.8062379877e+02
3.8086595189e+02
3.8111260117e+02
3.8135960140e+02
3.8160806316e+02
3.8186097726e+02
3.8211565450e+02
3.8237396027e+02
3.8262894139e+02
3.8288830982e+02
3.8315024106e+02
3.8341578547e+02
3.8367254616e+02
3.8393643702e+02
3.8419823259e+02
3.8445985009e+02
3.8472443603e+02
3.8497855130e+02
3.8524237122e+02
3.8549005928e+02
3.8575721148e+02
3.8599201726e+02
3.8623666915e+02
3.8647652340e+02
3.8670104995e+02
3.8694238658e+02
3.8713274595e+02
3.8731641010e+02
3.8752210731e+02
3.8761769074e+02
3.8772866006e+02
3.8749271463e+02
3.8630633042e+02
