4.2101696965e+02
4.2123482880e+02
4.2143648902e+02
4.2156467274e+02
4.2162131854e+02
4.2171597121e+02
4.2181082246e+02
4.2190587368e+02
4.2194473684e+02
4.2191867154e+02
4.2189287432e+02
4.2186900507e+02
4.2186921152e+02
4.2181012009e+02
4.2173029906e+02
4.2166308076e+02
4.2159615350e+02
4.2152944975e+02
4.2139018400e+02
4.2125126076e+02
4.2111428108e+02
4.2099954760e+02
4.2086514979e+02
4.2069612372e+02
4.2053075630e+02
4.2036941347e+02
4.2020841989e+02
4.2000738419e+02
4.1980229139e+02
4.1960939326e+02
4.1940914135e+02
4.1918940279e+02
4.1897755153e+02
4.1876712399e+02
4.1852758996e+02
4.1827972754e+02
4.1804495954e+02
4.1781126205e+02
4.1756590970e+02
4.1729808828e+02
4.1703068322e+02
4.1676613687e+02
4.1650456553e+02
4.1622208862e+02
4.1592810278e+02
4.1564429315e+02
4.1536319680e+02
4.1508050755e+02
4.1477120501e+02
4.1446235818e+02
4.1415597741e+02
4.1385157847e+02
4.1353188250e+02
4.1320119631e+02
4.1287158539e+02
4.1255126021e+02
4.1222832895e+02
4.1188442206e+02
4.1154219639e+02
4.1120130902e+02
4.1086092061e+02
4.1050354583e+02
4.1013897126e+02
4.0977492274e+02
4.0941855624e+02
4.0906328409e+02
4.0868529571e+02
4.0830688131e+02
4.0792922205e+02
4.0755210119e+02
4.0717325495e+02
4.0677374892e+02
4.0637481249e+02
4.0597644837e+02
4.0558606683e+02
4.0518744283e+02
4.0477547341e+02
4.0436229735e+02
4.0394969781e+02
4.0353767745e+02
4.0312098521e+02
4.0268904431e+02
4.0225771810e+02
4.0182700938e+02
4.0139561150e+02
4.0095390756e+02
4.0051282239e+02
4.0007235876e+02
3.9963251940e+02
3.9917852891e+02
3.9871467430e+02
3.9825147659e+02
3.9778893864e+02
3.9732638398e+02
3.9685035258e+02
3.9637842671e+02
3.9590716032e+02
3.9543655623e+02
3.9494789768e+02
3.9445600766e+02
3.9396615487e+02
3.9347981534e+02
3.9298153002e+02
3.9247183662e+02
3.9196581943e+02
3.9146423612e+02
3.9096335862e+02
3.9044337783e+02
3.8991789242e+02
3.8939410809e+02
3.8887320366e+02
3.8835304636e+02
3.8781061016e+02
3.8726540622e+02
3.8672161234e+02
3.8618748589e+02
3.8565410502e+02
3.8509413280e+02
3.8453428179e+02
3.8397496611e+02
3.8341643473e+02
3.8285869068e+02
3.8228796847e+02
3.8170838511e+02
3.8112962953e+02
3.8055170488e+02
3.7997031998e+02
3.7936929039e+02
3.7877848865e+02
3.7818850824e+02
3.7759935224e+02
3.7699640089e+02
3.7638301025e+02
3.7577048154e+02
3.7515641178e+02
3.7454233521e+02
3.7391151536e+02
3.7327289848e+02
3.7263891156e+02
3.7201396087e+02
3.7138986214e+02
3.7075169005e+02
3.7010346890e+02
3.6944855048e+02
3.6879446503e+02
3.6814127317e+02
3.6748518122e+02
3.6681458081e+02
3.6614491813e+02
3.6547514116e+02
3.6479576003e+02
3.6411563149e+02
3.6342348982e+02
3.6273231506e+02
3.6204211051e+02
3.6134730369e+02
3.6064370871e+02
3.5994086557e+02
3.5923899304e+02
3.5852650582e+02
3.5780550693e+02
3.5707592109e+02
3.5634638094e+02
3.5561784500e+02
3.5489031659e+02
3.5414928542e+02
3.5340240720e+02
3.5265939149e+02
3.5191732822e+02
3.5117503581e+02
3.5041181662e+02
3.4964958723e+02
3.4888452192e+02
3.4812039723e+02
3.4734485410e+02
3.4656105904e+02
3.4577828434e+02
3.4499653324e+02
3.4421049136e+02
3.4340455231e+02
3.4260880999e+02
3.4181403075e+02
3.4102021759e+02
3.4021999573e+02
3.3940288503e+02
3.3858677785e+02
3.3776553589e+02
3.3694102290e+02
3.3611749855e+02
3.3528053107e+02
3.3443891030e+02
3.3359831754e+02
3.3275875593e+02
3.3191600785e+02
3.3105708552e+02
3.3019364156e+02
3.2933944919e+02
3.2848833442e+02
3.2763747054e+02
3.2677052685e+02
3.2589544307e+02
3.2502088532e+02
3.2414726273e+02
3.2327048314e+02
3.2238183967e+02
3.2149416062e+02
3.2060744881e+02
3.1970887154e+02
3.1880610919e+02
3.1789797195e+02
3.1698838941e+02
3.1607976310e+02
3.1517209574e+02
3.1426539009e+02
3.1334184189e+02
3.1241530222e+02
3.1149483478e+02
3.1057517656e+02
3.0965632986e+02
3.0873386117e+02
3.0780315698e+02
3.0686099264e+02
3.0591961929e+02
3.0497903913e+02
3.0403753978e+02
3.0309663836e+02
3.0215653959e+02
3.0119748982e+02
3.0023265639e+02
2.9927378540e+02
2.9831713871e+02
2.9736124904e+02
2.9640611844e+02
2.9543445357e+02
2.9445987217e+02
2.9348848120e+02
2.9251778732e+02
2.9154779238e+02
2.9057849824e+02
2.8960384057e+02
2.8862476379e+02
2.8764620884e+02
2.8666817709e+02
2.8569066992e+02
2.8472144728e+02
2.8373297026e+02
2.8274346610e+02
2.8175441396e+02
2.8076581503e+02
2.7978803002e+02
2.7879941369e+02
2.7780617700e+02
2.7681331094e+02
2.7582153263e+02
2.7483166882e+02
2.7384217650e+02
2.7285245700e+02
2.7185507654e+02
2.7083959946e+02
2.6985317357e+02
2.6886700121e+02
2.6788001143e+02
2.6687926600e+02
2.6587871142e+02
2.6487929681e+02
2.6388091492e+02
2.6288896675e+02
2.6189714968e+02
2.6090546402e+02
2.5991391011e+02
2.5891535311e+02
2.5792484227e+02
2.5693433774e+02
2.5594383956e+02
2.5495334773e+02
2.5396321346e+02
2.5297692249e+02
2.5199047774e+02
2.5100387886e+02
2.5001712547e+02
2.4903021721e+02
2.4805304433e+02
2.4707477188e+02
2.4609622792e+02
2.4511741181e+02
2.4413832289e+02
2.4315902151e+02
2.4218936936e+02
2.4122128223e+02
2.4025279897e+02
2.3928391866e+02
2.3831464038e+02
2.3735348023e+02
2.3639795776e+02
2.3544175855e+02
2.3448473024e+02
2.3352716556e+02
2.3256656001e+02
2.3161946783e+02
2.3068025746e+02
2.2974039278e+02
2.2879987229e+02
2.2785783330e+02
2.2690770127e+02
2.2598656896e+02
2.2506465545e+02
2.2414195898e+02
2.2321847780e+02
2.2227765671e+02
2.2136311638e+02
2.2046093952e+02
2.1955784808e+02
2.1865384003e+02
2.1773842658e+02
2.1681889413e+02
2.1593795113e+02
2.1505609710e+02
2.1417319580e+02
2.1328379554e+02
2.1238972573e+02
2.1150561652e+02
2.1064589160e+02
2.0978500975e+02
2.0892210126e+02
2.0805681324e+02
2.0719035569e+02
2.0633445799e+02
2.0549935248e+02
2.0466285101e+02
2.0382498163e+02
2.0298584783e+02
2.0214544692e+02
2.0132215510e+02
2.0051510612e+02
1.9970839312e+02
1.9890033989e+02
1.9808479075e+02
1.9726731355e+02
1.9646720207e+02
1.9568410463e+02
1.9489879783e+02
1.9411104977e+02
1.9333721097e+02
1.9257094139e+02
1.9179731046e+02
1.9102462139e+02
1.9026133210e+02
1.8951600235e+02
1.8876904260e+02
1.8802044948e+02
1.8728459365e+02
1.8654917360e+02
1.8581884443e+02
1.8510052093e+02
1.8438759816e+02
1.8368486641e+02
1.8298049467e+02
1.8227447962e+02
1.8156793013e+02
1.8089477321e+02
1.8021703856e+02
1.7953651834e+02
1.7885418204e+02
1.7817302671e+02
1.7750671927e+02
1.7685054529e+02
1.7620599509e+02
1.7555960653e+02
1.7491137596e+02
1.7428334979e+02
1.7365364377e+02
1.7302215597e+02
1.7240112383e+02
1.7178497357e+02
1.7118996701e+02
1.7060129801e+02
1.7001085660e+02
1.6941134306e+02
1.6880319886e+02
1.6822558841e+02
1.6765804712e+02
1.6709028977e+02
1.6652063293e+02
1.6595717796e+02
1.6541507458e+02
1.6487113929e+02
1.6432536857e+02
1.6378462332e+02
1.6324822016e+02
1.6274151672e+02
1.6223301221e+02
1.6171676780e+02
1.6119337733e+02
1.6068368785e+02
1.6019626732e+02
1.5970788828e+02
1.5921781131e+02
1.5872586430e+02
1.5825890927e+02
1.5779616423e+02
1.5733161164e+02
1.5686629020e+02
1.5640438146e+02
1.5597456725e+02
1.5554300558e+02
1.5509989184e+02
1.5465243695e+02
1.5421627260e+02
1.5380659569e+02
1.5339221120e+02
1.5297442945e+02
1.5255484633e+02
1.5215957257e+02
1.5177622803e+02
1.5139115985e+02
1.5099992094e+02
1.5060989314e+02
1.5024516859e+02
1.4987402989e+02
1.4950115002e+02
1.4913963831e+02
1.4879507089e+02
1.4844883864e+02
1.4810093858e+02
1.4775109985e+02
1.4742713333e+02
1.4709851888e+02
1.4676824768e+02
1.4643631679e+02
1.4612280270e+02
1.4582181169e+02
1.4551012435e+02
1.4520531989e+02
1.4491757330e+02
1.4462820497e+02
1.4433324111e+02
1.4406271189e+02
1.4379137924e+02
1.4351589770e+02
1.4323879361e+02
1.4297157271e+02
1.4272390786e+02
1.4247718243e+02
1.4222890236e+02
1.4197573195e+02
1.4174080619e+02
1.4150590249e+02
1.4126948252e+02
1.4104031539e+02
1.4083097237e+02
1.4062020503e+02
1.4040495656e+02
1.4018818603e+02
1.3999499505e+02
1.3981377100e+02
1.3962180178e+02
1.3942448425e+02
1.3924239016e+02
1.3907323453e+02
1.3890271960e+02
1.3873816533e+02
1.3857587749e+02
1.3842192827e+02
1.3827942192e+02
1.3813562300e+02
1.3799624781e+02
1.3785911230e+02
1.3773217733e+02
1.3762765236e+02
1.3752191948e+02
1.3741497670e+02
1.3730581842e+02
1.3721604683e+02
1.3713765516e+02
1.3705809143e+02
1.3698188302e+02
1.3692942429e+02
1.3687373541e+02
1.3681691315e+02
1.3675900292e+02
1.3673411594e+02
1.3671205191e+02
1.3671543460e+02
1.3671783540e+02
1.3671925272e+02
1.3674145917e+02
1.3677352822e+02
1.3683077255e+02
1.3689712627e+02
1.3696266436e+02
1.3706627414e+02
1.3717563595e+02
1.3729884877e+02
1.3744126964e+02
1.3759959586e+02
1.3783190456e+02
1.3806401077e+02
1.3829606820e+02
1.3852859571e+02
1.3882585509e+02
