5.1650245418e+02
5.1627551780e+02
5.1603880799e+02
5.1582120349e+02
5.1560708762e+02
5.1541460220e+02
5.1522627478e+02
5.1505239000e+02
5.1488376240e+02
5.1471660236e+02
5.1457603203e+02
5.1443908455e+02
5.1431697575e+02
5.1420930793e+02
5.1410182195e+02
5.1401864219e+02
5.1393460721e+02
5.1386123888e+02
5.1380808707e+02
5.1375406664e+02
5.1372801799e+02
5.1370570822e+02
5.1369426361e+02
5.1369513215e+02
5.1369412641e+02
5.1372294390e+02
5.1375209676e+02
5.1379112370e+02
5.1385467782e+02
5.1391823194e+02
5.1399570073e+02
5.1407915628e+02
5.1416906772e+02
5.1428635645e+02
5.1439442955e+02
5.1452655984e+02
5.1466870542e+02
5.1481388056e+02
5.1497146072e+02
5.1512872259e+02
5.1531259823e+02
5.1548719785e+02
5.1568766146e+02
5.1589054038e+02
5.1609843259e+02
5.1630733182e+02
5.1654698218e+02
5.1676908076e+02
5.1700872316e+02
5.1726083764e+02
5.1751053540e+02
5.1776983913e+02
5.1802847323e+02
5.1830849245e+02
5.1857561799e+02
5.1885538476e+02
5.1915067328e+02
5.1942476849e+02
5.1972231307e+02
5.2001985765e+02
5.2031858937e+02
5.2061458779e+02
5.2092104633e+02
5.2123082438e+02
5.2152682922e+02
5.2184148134e+02
5.2214808000e+02
5.2245306328e+02
5.2276074194e+02
5.2308170618e+02
5.2338093515e+02
5.2368042664e+02
5.2399749097e+02
5.2429719432e+02
5.2457879964e+02
5.2487379270e+02
5.2518353364e+02
5.2548019051e+02
5.2575288755e+02
5.2603200421e+02
5.2631654407e+02
5.2657028310e+02
5.2681422349e+02
5.2707685925e+02
5.2735268616e+02
5.2758486749e+02
5.2778606103e+02
5.2800248989e+02
5.2823189561e+02
5.2841653516e+02
5.2857849418e+02
5.2875667201e+02
5.2891595551e+02
5.2897619217e+02
5.2911613928e+02
5.2924243109e+02
5.2923537286e+02
5.2897538984e+02
5.2856416266e+02
5.2815293548e+02
