3.6971317976e+02
3.6961602089e+02
3.6952306749e+02
3.6943470813e+02
3.6935092022e+02
3.6926967056e+02
3.6919319383e+02
3.6911973963e+02
3.6905040949e+02
3.6898549505e+02
3.6892378321e+02
3.6886795212e+02
3.6881461741e+02
3.6876702247e+02
3.6872158137e+02
3.6868342315e+02
3.6864780971e+02
3.6861720089e+02
3.6859044416e+02
3.6856896456e+02
3.6855164763e+02
3.6853772801e+02
3.6853151831e+02
3.6852758946e+02
3.6853023325e+02
3.6853663908e+02
3.6854711179e+02
3.6856490793e+02
3.6858432815e+02
3.6860956674e+02
3.6864100261e+02
3.6867485319e+02
3.6871632428e+02
3.6876189733e+02
3.6881279190e+02
3.6886933314e+02
3.6892950405e+02
3.6899645379e+02
3.6906589239e+02
3.6914159455e+02
3.6922323975e+02
3.6930904504e+02
3.6939940315e+02
3.6949522879e+02
3.6959646416e+02
3.6970163502e+02
3.6981339955e+02
3.6992774152e+02
3.7004925805e+02
3.7017303331e+02
3.7030411223e+02
3.7043825630e+02
3.7057670154e+02
3.7072033432e+02
3.7086706936e+02
3.7101919234e+02
3.7117352430e+02
3.7133616549e+02
3.7150101654e+02
3.7166928847e+02
3.7184095657e+02
3.7201626341e+02
3.7219870509e+02
3.7238052432e+02
3.7256942646e+02
3.7276038708e+02
3.7295593564e+02
3.7315350688e+02
3.7335088778e+02
3.7355517682e+02
3.7375810860e+02
3.7396924413e+02
3.7417995280e+02
3.7439546766e+02
3.7461191231e+02
3.7482973366e+02
3.7504819828e+02
3.7526969626e+02
3.7549631434e+02
3.7571940322e+02
3.7595113265e+02
3.7617661653e+02
3.7640916395e+02
3.7663636493e+02
3.7686580696e+02
3.7710345644e+02
3.7733500813e+02
3.7757280773e+02
3.7780183302e+02
3.7803347075e+02
3.7826795517e+02
3.7850530069e+02
3.7871371565e+02
3.7896577236e+02
3.7919879087e+02
3.7939177629e+02
3.7958432958e+02
3.7973712273e+02
3.7990691146e+02
3.7808210018e+02
