-1.0803450695e-07 3.9105837892e-06
2.7395755636e-01 -5.4709158536e-04
5.4100550629e-01 -2.1585367390e-03
8.0113388732e-01 -4.7899633806e-03
1.0543719184e+00 -8.3941950756e-03
1.3007321451e+00 -1.2925299448e-02
1.5402333830e+00 -1.8344120066e-02
1.7729175029e+00 -2.4601406860e-02
1.9987902731e+00 -3.1660097671e-02
2.2179026530e+00 -3.9472451104e-02
2.4302780391e+00 -4.8002200764e-02
2.6359650138e+00 -5.7205141538e-02
2.8349843322e+00 -6.7043460620e-02
3.0274050297e+00 -7.7474309905e-02
3.2132454700e+00 -8.8465529177e-02
3.3925662409e+00 -9.9971893682e-02
3.5653935265e+00 -1.1196465372e-01
3.7318004715e+00 -1.2440257276e-01
3.8918111353e+00 -1.3725018835e-01
4.0454916508e+00 -1.5047501330e-01
4.1928791970e+00 -1.6404017431e-01
4.3340198475e+00 -1.7791150113e-01
4.4689719514e+00 -1.9205976833e-01
4.5977791449e+00 -2.0645513922e-01
4.7204975547e+00 -2.2105880716e-01
4.8371588873e+00 -2.3584527280e-01
4.9478271258e+00 -2.5077755614e-01
5.0525403952e+00 -2.6583332951e-01
5.1513489816e+00 -2.8097758811e-01
5.2443136014e+00 -2.9618766639e-01
5.3314452141e+00 -3.1142625919e-01
5.4128128232e+00 -3.2667162799e-01
5.4884531779e+00 -3.4189422748e-01
5.5584177952e+00 -3.5706712776e-01
5.6227098277e+00 -3.7216214248e-01
5.6814102962e+00 -3.8715142958e-01
5.7345750440e+00 -4.0200730328e-01
5.7821838151e+00 -4.1670925249e-01
5.8243122314e+00 -4.3122519689e-01
5.8609954373e+00 -4.4553214482e-01
5.8922481643e+00 -4.5960145750e-01
5.9181196514e+00 -4.7340889955e-01
5.9386498353e+00 -4.8692716759e-01
5.9538524598e+00 -5.0013257466e-01
5.9637694182e+00 -5.1299852259e-01
5.9684342209e+00 -5.2549585998e-01
5.9678740532e+00 -5.3760183951e-01
5.9621010576e+00 -5.4928823075e-01
5.9511690890e+00 -5.6053405932e-01
5.9350809492e+00 -5.7130755820e-01
5.9138778816e+00 -5.8158686798e-01
5.8875844376e+00 -5.9134253892e-01
5.8562329868e+00 -6.0054697671e-01
5.8198317487e+00 -6.0917476164e-01
5.7784186061e+00 -6.1719649252e-01
5.7320310219e+00 -6.2459118475e-01
5.6806675676e+00 -6.3132401570e-01
5.6243675110e+00 -6.3737158754e-01
5.5631590876e+00 -6.4270356638e-01
5.4970894205e+00 -6.4729667891e-01
5.4261653339e+00 -6.5111584420e-01
5.3504136650e+00 -6.5413266838e-01
5.2698770697e+00 -6.5632080248e-01
5.1845942867e+00 -6.5765082231e-01
5.0945921087e+00 -6.5809730539e-01
4.9999209944e+00 -6.5762722554e-01
4.9006076400e+00 -6.5620788308e-01
4.7967032860e+00 -6.5381681273e-01
4.6882769502e+00 -6.5042097014e-01
4.5753457252e+00 -6.4598911622e-01
4.4579954488e+00 -6.4049849245e-01
4.3362901523e+00 -6.3391302927e-01
4.2102879712e+00 -6.2621060228e-01
4.0800724986e+00 -6.1736100057e-01
3.9457201145e+00 -6.0733512197e-01
3.8073530965e+00 -5.9611826495e-01
3.6650429705e+00 -5.8367018964e-01
3.5189267318e+00 -5.6997942195e-01
3.3691089494e+00 -5.5502070695e-01
3.2157534328e+00 -5.3877069901e-01
3.0590151115e+00 -5.2122331768e-01
2.8990604235e+00 -5.0235920777e-01
2.7360976066e+00 -4.8216522862e-01
2.5703434257e+00 -4.6065029640e-01
2.4020401175e+00 -4.3780077883e-01
2.2314854226e+00 -4.1363131110e-01
2.0589875057e+00 -3.8816653549e-01
1.8849105917e+00 -3.6142032444e-01
1.7096922579e+00 -3.3343869069e-01
1.5338132823e+00 -3.0428869631e-01
1.3578251790e+00 -2.7403355683e-01
1.1824573723e+00 -2.4277773038e-01
1.0084986876e+00 -2.1068641944e-01
8.3694187915e-01 -1.7792776941e-01
6.6916508628e-01 -1.4476982448e-01
5.0680563436e-01 -1.1158432103e-01
3.5225946052e-01 -7.8977950530e-02
2.0922430472e-01 -4.7751305792e-02
8.4576649841e-02 -1.8936921879e-02
-8.8171855499e-05 1.8525502137e-05
