-1.3156446437e-06 4.3357678938e-10
3.2026717881e-06 -7.4740664877e-10
2.5751042489e-01 -2.7442456765e-07
2.5751796148e-01 3.4465690361e-07
5.0955197513e-01 -4.1665238627e-07
5.0956842793e-01 3.7991436891e-07
7.5612785339e-01 -4.2743086252e-07
7.5615015213e-01 6.1859968768e-08
9.9724708872e-01 -3.9305550672e-07
9.9727449162e-01 -4.6275161530e-07
1.2329286205e+00 -4.2847200077e-07
1.2329660036e+00 -9.3831509385e-07
1.4631727242e+00 -5.0000398462e-07
1.4632255177e+00 -1.3677925583e-06
1.6880033446e+00 -6.2735974364e-07
1.6880640516e+00 -1.8903690916e-06
1.9074266573e+00 -8.2140993110e-07
1.9074973065e+00 -2.6172783891e-06
2.1214527024e+00 -1.1065663263e-06
2.1215280515e+00 -3.3130960406e-06
2.3300969950e+00 -1.3679708866e-06
2.3301759598e+00 -3.9627805996e-06
2.5333607610e+00 -1.5693455619e-06
2.5334546732e+00 -4.4566181432e-06
2.7312596570e+00 -1.7719476547e-06
2.7313608755e+00 -4.7813792084e-06
2.9238142637e+00 -2.1677567382e-06
2.9239065694e+00 -4.8265086487e-06
3.1110242432e+00 -2.5645617578e-06
3.1111244225e+00 -5.1395454892e-06
3.2928958274e+00 -2.9947780400e-06
3.2930114519e+00 -5.8672178609e-06
3.4694540846e+00 -3.4244839196e-06
3.4695674578e+00 -7.0108327527e-06
3.6406990618e+00 -3.7834379421e-06
3.6408123260e+00 -8.1085473996e-06
3.8066301467e+00 -3.9343579897e-06
3.8067610470e+00 -8.8345619691e-06
3.9672735452e+00 -4.1965964581e-06
3.9674115483e+00 -9.0425996021e-06
4.1226428614e+00 -4.6413718294e-06
4.1227760374e+00 -8.6664394779e-06
4.2727395014e+00 -5.1723423032e-06
4.2728734504e+00 -8.6621046473e-06
4.4175638791e+00 -5.7744846230e-06
4.4177000316e+00 -8.8000362661e-06
4.5571373533e+00 -6.2411827381e-06
4.5572608249e+00 -9.0018846103e-06
4.6914659869e+00 -6.5227345564e-06
4.6915824068e+00 -8.8679310609e-06
4.8205507256e+00 -6.5751674942e-06
4.8206652333e+00 -8.3977121039e-06
4.9443980267e+00 -6.6120958005e-06
4.9445116960e+00 -7.4920250362e-06
5.0630377591e+00 -6.8368654054e-06
5.0631433689e+00 -6.4170961734e-06
5.1764694045e+00 -7.2655329916e-06
5.1765646171e+00 -5.6537125654e-06
5.2846867119e+00 -7.8830083686e-06
5.2847711733e+00 -4.9927177134e-06
5.3877016657e+00 -8.2933682401e-06
5.3877719035e+00 -4.5100547384e-06
5.4855188361e+00 -8.4270434094e-06
5.4855868067e+00 -4.1785196272e-06
5.5781416357e+00 -8.2246815208e-06
5.5782127257e+00 -3.8996879970e-06
5.6655945472e+00 -8.2513180775e-06
5.6656513147e+00 -3.6282444517e-06
5.7478703801e+00 -8.5601657865e-06
5.7479247260e+00 -3.4527742640e-06
5.8249692120e+00 -9.1498918523e-06
5.8250307918e+00 -3.5670891160e-06
5.8969072893e+00 -9.8702494894e-06
5.8969696361e+00 -3.9620060193e-06
5.9636907613e+00 -1.0539575361e-05
5.9637453050e+00 -4.7112174328e-06
6.0253174587e+00 -1.1163416293e-05
6.0253720620e+00 -5.4929472219e-06
6.0817870450e+00 -1.1787421161e-05
6.0818511332e+00 -6.1902486031e-06
6.1331135577e+00 -1.2343967151e-05
6.1331830544e+00 -6.6000329564e-06
6.1793056622e+00 -1.2621013970e-05
6.1793725571e+00 -7.2984631228e-06
6.2203633587e+00 -1.2618561619e-05
6.2204145470e+00 -8.2086054614e-06
6.2562816088e+00 -1.2586646546e-05
6.2563090244e+00 -9.3304599722e-06
6.2870592120e+00 -1.2719652460e-05
6.2870795361e+00 -1.0510207362e-05
6.3126963602e+00 -1.3013569975e-05
6.3127169313e+00 -1.1319780215e-05
6.3331991716e+00 -1.3423930802e-05
6.3332143987e+00 -1.1734732379e-05
6.3485790970e+00 -1.3621435964e-05
6.3485833225e+00 -1.1926367619e-05
6.3588342110e+00 -1.3546131721e-05
6.3588410313e+00 -1.2381794832e-05
6.3639646233e+00 -1.3206321204e-05
6.3639681315e+00 -1.2808446027e-05
