2.5251515840e-05 5.5036407299e-07
2.2104906445e-01 -1.4901379016e-05
4.3575542322e-01 -6.4793977515e-05
6.4421727144e-01 -1.4850831228e-04
8.4659573554e-01 -2.6695651607e-04
1.0429749845e+00 -4.1657198067e-04
1.2334552716e+00 -6.0429810035e-04
1.4181756865e+00 -8.2660920627e-04
1.5971999001e+00 -1.0852407853e-03
1.7706818476e+00 -1.3812783126e-03
1.9386654743e+00 -1.7155039808e-03
2.1012992434e+00 -2.0870806134e-03
2.2586427527e+00 -2.5005612029e-03
2.4108245660e+00 -2.9477021907e-03
2.5579068860e+00 -3.4351271168e-03
2.7000068970e+00 -3.9611876596e-03
2.8371821957e+00 -4.5266419324e-03
2.9695557139e+00 -5.1300281772e-03
3.0971746189e+00 -5.7709126823e-03
3.2201533626e+00 -6.4489450171e-03
3.3385488149e+00 -7.1661716903e-03
3.4524624850e+00 -7.9170326767e-03
3.5619502979e+00 -8.7057667461e-03
3.6670970490e+00 -9.5307482560e-03
3.7679489128e+00 -1.0391164371e-02
3.8646109281e+00 -1.1285800585e-02
3.9571190529e+00 -1.2214328629e-02
4.0455576001e+00 -1.3174299668e-02
4.1299729144e+00 -1.4165223044e-02
4.2104130884e+00 -1.5186908973e-02
4.2869549096e+00 -1.6236063418e-02
4.3596343386e+00 -1.7311311589e-02
4.4285111966e+00 -1.8414038127e-02
4.4936127886e+00 -1.9542407067e-02
4.5550006568e+00 -2.0691029295e-02
4.6127061646e+00 -2.1859561890e-02
4.6667758613e+00 -2.3044586049e-02
4.7172317981e+00 -2.4247184999e-02
4.7641184378e+00 -2.5460297110e-02
4.8074606445e+00 -2.6686100714e-02
4.8472816496e+00 -2.7921323965e-02
4.8836019290e+00 -2.9163483223e-02
4.9164419735e+00 -3.0409213281e-02
4.9458139306e+00 -3.1657225775e-02
4.9717437082e+00 -3.2904596614e-02
4.9942216599e+00 -3.4150307426e-02
5.0132773578e+00 -3.5388472238e-02
5.0288835131e+00 -3.6616236602e-02
5.0410752322e+00 -3.7832935183e-02
5.0498199823e+00 -3.9035960340e-02
5.0551265957e+00 -4.0220674660e-02
5.0569783076e+00 -4.1383118255e-02
5.0553597229e+00 -4.2523015234e-02
5.0502675863e+00 -4.3634612137e-02
5.0416563534e+00 -4.4715250245e-02
5.0295245441e+00 -4.5762580315e-02
5.0138455701e+00 -4.6772217330e-02
4.9945661239e+00 -4.7739876866e-02
4.9716657462e+00 -4.8659222408e-02
4.9451012193e+00 -4.9538535118e-02
4.9148674516e+00 -5.0365624621e-02
4.8808868779e+00 -5.1126794589e-02
4.8431063571e+00 -5.1836955119e-02
4.8014774420e+00 -5.2481211328e-02
4.7559538169e+00 -5.3061545936e-02
4.7064689888e+00 -5.3572369402e-02
4.6529644203e+00 -5.4008667134e-02
4.5953672935e+00 -5.4367666287e-02
4.5336200293e+00 -5.4644216203e-02
4.4676473444e+00 -5.4835867389e-02
4.3973712164e+00 -5.4938458768e-02
4.3226986565e+00 -5.4949588310e-02
4.2435750252e+00 -5.4862454571e-02
4.1598887763e+00 -5.4675821110e-02
4.0715476408e+00 -5.4381795873e-02
3.9784660087e+00 -5.3979484347e-02
3.8805636876e+00 -5.3464820844e-02
3.7776983700e+00 -5.2832419967e-02
3.6697891142e+00 -5.2080246727e-02
3.5567240346e+00 -5.1201786438e-02
3.4383995426e+00 -5.0194607434e-02
3.3146844622e+00 -4.9052791975e-02
3.1854696205e+00 -4.7773690492e-02
3.0506250904e+00 -4.6352944351e-02
2.9100374648e+00 -4.4782825273e-02
2.7635607911e+00 -4.3065862383e-02
2.6110669964e+00 -4.1189196626e-02
2.4524244603e+00 -3.9154506569e-02
2.2874743964e+00 -3.6950807695e-02
2.1161011862e+00 -3.4577263476e-02
1.9381298813e+00 -3.2029318332e-02
1.7534215188e+00 -2.9300388838e-02
1.5618212210e+00 -2.6387371379e-02
1.3631670778e+00 -2.3280931849e-02
1.1572962176e+00 -1.9974328151e-02
9.4404061413e-01 -1.6463362828e-02
7.2323723828e-01 -1.2748699514e-02
4.9469904021e-01 -8.8204789646e-03
2.5824331560e-01 -4.6483621336e-03
1.3906701447e-02 -2.5292313915e-04
