1.9370084090e-06 9.9444820113e-06
2.8885986749e-01 -9.6557314966e-04
5.7077809941e-01 -3.8031565038e-03
8.4566913539e-01 -8.4210191658e-03
1.1134888525e+00 -1.4760136857e-02
1.3742055529e+00 -2.2724338299e-02
1.6277758773e+00 -3.2224989212e-02
1.8741668156e+00 -4.3204245036e-02
2.1133643968e+00 -5.5564014215e-02
2.3453649278e+00 -6.9238164547e-02
2.5701489623e+00 -8.4144578570e-02
2.7877143183e+00 -1.0020106697e-01
2.9980706964e+00 -1.1734984478e-01
3.2012374436e+00 -1.3549508472e-01
3.3972142471e+00 -1.5458802529e-01
3.5860231622e+00 -1.7454166578e-01
3.7676899195e+00 -1.9528761550e-01
3.9422237344e+00 -2.1676879668e-01
4.1096633937e+00 -2.3890064657e-01
4.2700307048e+00 -2.6163421180e-01
4.4233652475e+00 -2.8489412191e-01
4.5697090539e+00 -3.0861687562e-01
4.7090709682e+00 -3.3275042215e-01
4.8415304682e+00 -3.5722009176e-01
4.9670733221e+00 -3.8197292327e-01
5.0857756619e+00 -4.0695179181e-01
5.1976805782e+00 -4.3209682663e-01
5.3028130957e+00 -4.5735435563e-01
5.4012310568e+00 -4.8265796271e-01
5.4929614093e+00 -5.0796387073e-01
5.5780886018e+00 -5.3321439057e-01
5.6566023155e+00 -5.5835914734e-01
5.7285821578e+00 -5.8334321907e-01
5.7940861399e+00 -6.0811357559e-01
5.8531131976e+00 -6.3262429529e-01
5.9057324920e+00 -6.5681783558e-01
5.9520188424e+00 -6.8065372600e-01
5.9920046388e+00 -7.0408469320e-01
6.0257202790e+00 -7.2705280498e-01
6.0532197191e+00 -7.4951479282e-01
6.0745667375e+00 -7.7142542553e-01
6.0897962470e+00 -7.9273964590e-01
6.0989604648e+00 -8.1340831323e-01
6.1021145507e+00 -8.3337915810e-01
6.0993043524e+00 -8.5262213647e-01
6.0905790184e+00 -8.7108205752e-01
6.0760056858e+00 -8.8871208776e-01
6.0556246708e+00 -9.0547823361e-01
6.0294902851e+00 -9.2132692037e-01
5.9976643025e+00 -9.3621952777e-01
5.9602042223e+00 -9.5011562798e-01
5.9171627950e+00 -9.6296095380e-01
5.8686116903e+00 -9.7472367651e-01
5.8146120409e+00 -9.8536354074e-01
5.7552251718e+00 -9.9482710647e-01
5.6905268772e+00 -1.0030868544e+00
5.6205791466e+00 -1.0100962339e+00
5.5454511940e+00 -1.0158090520e+00
5.4652329285e+00 -1.0201948217e+00
5.3800006374e+00 -1.0232084033e+00
5.2898286957e+00 -1.0248163131e+00
5.1948200074e+00 -1.0249831721e+00
5.0950610956e+00 -1.0236639192e+00
4.9906490386e+00 -1.0208366081e+00
4.8816813004e+00 -1.0164616273e+00
4.7682812318e+00 -1.0104956691e+00
4.6505612471e+00 -1.0029275311e+00
4.5286302632e+00 -9.9371945213e-01
4.4026263168e+00 -9.8283660029e-01
4.2727004838e+00 -9.7027434415e-01
4.1389813591e+00 -9.5600459555e-01
4.0016391158e+00 -9.3999928211e-01
3.8608297018e+00 -9.2225594580e-01
3.7167225396e+00 -9.0275493716e-01
3.5695165848e+00 -8.8149150692e-01
3.4194106735e+00 -8.5844512820e-01
3.2666261345e+00 -8.3367635934e-01
3.1113859377e+00 -8.0713166848e-01
2.9539576382e+00 -7.7886924167e-01
2.7945744349e+00 -7.4887616300e-01
2.6335427330e+00 -7.1721091572e-01
2.4711779088e+00 -6.8391579314e-01
2.3078123356e+00 -6.4901979145e-01
2.1437974598e+00 -6.1262641228e-01
1.9795227342e+00 -5.7477608988e-01
1.8154512686e+00 -5.3557714613e-01
1.6520532794e+00 -4.9519144243e-01
1.4898206093e+00 -4.5367665686e-01
1.3293454604e+00 -4.1126298745e-01
1.1712689692e+00 -3.6812364182e-01
1.0163691331e+00 -3.2447227165e-01
8.6546952359e-01 -2.8070156833e-01
7.1948761092e-01 -2.3700391190e-01
5.7963076959e-01 -1.9389827721e-01
4.4723931305e-01 -1.5199114163e-01
3.2422297218e-01 -1.1178978410e-01
2.1288234850e-01 -7.4578473826e-02
1.1641137152e-01 -4.1407509256e-02
4.0454263516e-02 -1.4166121814e-02
-1.2868610635e-04 4.1509200131e-05
