1.2293785115e+02
1.2455487960e+02
1.2295219943e+02
1.2453728199e+02
1.2451968438e+02
1.2296654771e+02
1.2450462171e+02
1.2298089599e+02
1.2448818708e+02
1.2299507425e+02
1.2447007883e+02
1.2300862714e+02
1.2445188634e+02
1.2302350030e+02
1.2443424236e+02
1.2303931071e+02
1.2441666548e+02
1.2305375794e+02
1.2439940715e+02
1.2306726411e+02
1.2438117449e+02
1.2308207607e+02
1.2436294183e+02
1.2309688804e+02
1.2434541304e+02
1.2311131120e+02
1.2432938065e+02
1.2312514124e+02
1.2431048085e+02
1.2313940662e+02
1.2429158106e+02
1.2315394161e+02
1.2427426014e+02
1.2316867788e+02
1.2425750474e+02
1.2318334635e+02
1.2423981127e+02
1.2319738532e+02
1.2422082571e+02
1.2321142430e+02
1.2420359435e+02
1.2322601048e+02
1.2418636299e+02
1.2324092232e+02
1.2416913163e+02
1.2325479602e+02
1.2415128732e+02
1.2326862872e+02
1.2413358118e+02
1.2328331755e+02
1.2411587504e+02
1.2329800638e+02
1.2409816890e+02
1.2331243995e+02
1.2408175022e+02
1.2332665653e+02
1.2406366376e+02
1.2334137746e+02
1.2404557729e+02
1.2335609839e+02
1.2402795541e+02
1.2337097805e+02
1.2401096872e+02
1.2338617455e+02
1.2399356570e+02
1.2340130054e+02
1.2397515833e+02
1.2341642654e+02
1.2395768290e+02
1.2343178524e+02
1.2394040097e+02
1.2344765786e+02
1.2392311904e+02
1.2390537576e+02
1.2346309063e+02
1.2388777318e+02
1.2347852340e+02
1.2387000878e+02
1.2349451277e+02
1.2385224439e+02
1.2351069509e+02
1.2383495232e+02
1.2352667234e+02
1.2381708011e+02
1.2354264361e+02
1.2379915535e+02
1.2355910397e+02
1.2378130619e+02
1.2357556434e+02
1.2376416417e+02
1.2359202470e+02
1.2374680120e+02
1.2360862203e+02
1.2372893384e+02
1.2362558486e+02
1.2371144301e+02
1.2364259607e+02
1.2369430457e+02
1.2365965122e+02
1.2367716613e+02
