9.6649972968e-05 3.9535846524e-06
1.1171549253e-03 6.0772762519e-07
1.2319356977e-03 1.4203220057e-05
1.7382597953e-03 7.6280952726e-06
1.7761132192e-03 2.9118433051e-07
1.7879179832e-03 1.5452549383e-05
1.7550050947e-03 -1.8422835366e-05
1.2583417938e-03 1.5020297842e-05
1.1622198585e-03 -1.8360559381e-05
1.4830811543e-04 3.2012140689e-06
3.6938852548e-05 5.1781652411e-07
1.0935499661e-03 1.6285102186e-05
1.1858361297e-03 -1.7294862469e-05
1.7379336739e-03 3.1775713927e-05
1.7546911417e-03 -3.2497958603e-05
1.7919777916e-03 4.1788077389e-05
1.7472304243e-03 -4.1796660991e-05
1.2810311127e-03 3.7933931578e-05
1.1741498278e-03 -3.4200304599e-05
2.0296467249e-04 9.4272243502e-06
3.2823059488e-05 2.4736639533e-07
1.0538356044e-03 2.7559213258e-05
1.1499911238e-03 -1.7905439206e-05
1.7214323123e-03 5.3467550467e-05
1.7405449486e-03 -4.5142830127e-05
1.8079827080e-03 7.4782628522e-05
1.7511526814e-03 -6.4297800905e-05
1.3319130836e-03 7.1120729600e-05
1.1990309643e-03 -5.0328063761e-05
2.6379486562e-04 1.8911174702e-05
9.2266279285e-05 -2.9652215540e-06
9.9231176671e-04 4.3146187987e-05
1.1094576913e-03 -3.9813996358e-05
1.6841978205e-03 7.8049286997e-05
1.7176948457e-03 -7.3340261731e-05
1.8097339246e-03 9.1154995823e-05
1.7554487428e-03 -8.7530787064e-05
1.3485618028e-03 7.2071171880e-05
1.2332783302e-03 -6.7283901998e-05
3.1300388115e-04 1.9290253398e-05
1.4674761376e-04 -8.5394499338e-06
9.7625675310e-04 5.6537587763e-05
1.0601810436e-03 -5.6954081072e-05
1.6878957912e-03 1.0189740932e-04
1.6879545842e-03 -9.8403121779e-05
1.8056600944e-03 1.1663114130e-04
1.7521753371e-03 -1.1257476130e-04
1.3663003972e-03 9.6787970139e-05
1.2605926780e-03 -8.8518093489e-05
3.6223882494e-04 3.0660619844e-05
2.0148149697e-04 -1.6343252619e-05
9.2386831755e-04 6.5429162482e-05
1.0222547449e-03 -6.9376272207e-05
1.6555573259e-03 1.2202250532e-04
1.6652865717e-03 -1.1978907548e-04
1.8047882502e-03 1.4716656686e-04
1.7389563517e-03 -1.3532562751e-04
1.3989143641e-03 1.3026955280e-04
1.2690026020e-03 -1.0612978599e-04
4.1634320728e-04 4.6640749832e-05
2.5117551701e-04 -2.3260940415e-05
8.6783327011e-04 7.5335811617e-05
9.6947365217e-04 -7.8393820018e-05
1.6177578427e-03 1.4311135838e-04
1.6288373720e-03 -1.3880395276e-04
1.7969771197e-03 1.7376096443e-04
1.7343112803e-03 -1.5922110701e-04
1.4131511866e-03 1.5616129336e-04
1.3007448469e-03 -1.2813746217e-04
4.6243129746e-04 6.0524092666e-05
3.0407045768e-04 -3.3633734082e-05
8.2368416029e-04 8.3079932955e-05
9.1226655925e-04 -8.7967927168e-05
1.5909293062e-03 1.6171084326e-04
1.5883169878e-03 -1.5779412184e-04
1.7886231292e-03 1.9457916253e-04
1.7195990383e-03 -1.8074390513e-04
1.4290529905e-03 1.6647408974e-04
1.3066745717e-03 -1.4640607210e-04
5.0787551571e-04 6.5361642825e-05
3.4750254724e-04 -4.2095723671e-05
7.7301181516e-04 8.7939357257e-05
8.6933142678e-04 -9.3453485452e-05
1.5565535506e-03 1.7916257518e-04
1.5590197425e-03 -1.7375238951e-04
1.7785212594e-03 2.1600960918e-04
1.7032148338e-03 -2.0108671105e-04
1.4593915293e-03 1.9359333498e-04
1.3197935600e-03 -1.6467362028e-04
5.6008328055e-04 8.2007465613e-05
3.9572695240e-04 -5.3375751863e-05
7.1034993730e-04 9.4297558762e-05
8.1999432932e-04 -1.0168464625e-04
1.5201182566e-03 -1.9190886472e-04
1.5065381665e-03 1.9849516192e-04
1.6821408364e-03 -2.2042888784e-04
1.7591667782e-03 2.3778527491e-04
1.3214012120e-03 -1.8090497056e-04
1.4559106783e-03 2.0406060893e-04
4.3353863377e-04 -6.3453381984e-05
5.9242594494e-04 8.8623944660e-05
7.6494907121e-04 -1.0482900354e-04
6.7501389060e-04 9.9115594310e-05
1.4771157029e-03 -2.0552636397e-04
1.4928186448e-03 2.1730231392e-04
1.6634336344e-03 -2.4008531864e-04
1.7415767731e-03 2.5939795709e-04
1.3343143432e-03 -2.0089604977e-04
1.4534253583e-03 2.2558235488e-04
4.7541044638e-04 -7.6193931505e-05
6.2566652578e-04 1.0379252406e-04
7.1892588605e-04 -1.0870708092e-04
6.2560409992e-04 9.9887462725e-05
1.4428277117e-03 -2.2012729122e-04
1.4543708295e-03 2.3012215684e-04
1.6363991373e-03 -2.5808598335e-04
1.7147504165e-03 2.8261896800e-04
1.3232139316e-03 -2.1801983545e-04
1.4610169964e-03 2.5282708285e-04
5.0652780373e-04 -8.8670808866e-05
6.6535701789e-04 1.2353778532e-04
6.6629389240e-04 -1.1067111451e-04
5.6331205105e-04 1.0156029611e-04
1.3968176403e-03 -2.3211027056e-04
1.3971455166e-03 2.4472850973e-04
1.6104556667e-03 -2.7406340385e-04
1.6900732168e-03 3.0308917423e-04
1.3260116684e-03 -2.3263704975e-04
1.4580605144e-03 2.7063899387e-04
5.4133561516e-04 -9.9430671052e-05
6.9548783665e-04 1.3671391853e-04
6.1263822932e-04 -1.0952309727e-04
5.1098563583e-04 1.0001989412e-04
1.3503492298e-03 -2.4172202233e-04
1.3544668592e-03 2.5654209285e-04
1.5811341997e-03 -2.9011305697e-04
1.6620714562e-03 3.2158148926e-04
1.3267438119e-03 -2.5259374029e-04
1.4563727544e-03 2.9132682706e-04
5.7323407605e-04 -1.1508508726e-04
7.2600992621e-04 1.5313045539e-04
5.6124506194e-04 -1.0938105267e-04
4.5862615087e-04 9.7671937390e-05
1.3074842991e-03 -2.5238487091e-04
1.3121448228e-03 2.6816092897e-04
1.5495766423e-03 -3.0735832268e-04
1.6331269056e-03 3.3990265362e-04
1.3163172983e-03 -2.8311884214e-04
1.4421995388e-03 3.0998444227e-04
6.0021880600e-04 -1.3982262196e-04
7.4601174117e-04 1.6862380143e-04
5.0154653262e-04 -1.0703434108e-04
4.0432020569e-04 9.3461951816e-05
1.2452438926e-03 -2.5807075609e-04
1.2614050316e-03 2.7671684387e-04
1.5187626011e-03 -3.1979063201e-04
1.3166177596e-03 -2.8189295657e-04
1.5976380743e-03 3.5596682990e-04
6.2891185601e-04 -1.3951596099e-04
1.4363456526e-03 3.2958800479e-04
4.5636847394e-04 -1.0102994824e-04
7.7307548070e-04 1.8554166970e-04
1.2112067429e-03 -2.6399085993e-04
3.4968023547e-04 8.7115288551e-05
1.4864171474e-03 -3.3215443199e-04
1.2095704589e-03 2.8320792872e-04
1.3027039161e-03 -3.0896152382e-04
1.5613489478e-03 3.7000060107e-04
6.5108635307e-04 -1.6422612443e-04
1.4251283641e-03 3.4561698738e-04
4.0434346402e-04 -9.7563978033e-05
7.9495793482e-04 2.0051813683e-04
1.1558193112e-03 -2.6885443399e-04
2.9869282862e-04 8.0839156637e-05
1.4484396480e-03 -3.4204597718e-04
1.1627814488e-03 2.9077726828e-04
1.2866703226e-03 -3.1232695029e-04
1.5236441916e-03 3.8358629756e-04
6.6878631491e-04 -1.6875724361e-04
1.4035108834e-03 3.6194040842e-04
3.6047771409e-04 -9.0238956742e-05
8.0651633703e-04 2.1614015764e-04
1.1185347218e-03 -2.7109857070e-04
2.4504598196e-04 7.0496773697e-05
1.4144803229e-03 -3.5053259688e-04
1.1064595948e-03 2.8941290048e-04
1.2661223040e-03 -3.2100180494e-04
1.4795878702e-03 3.9055670132e-04
6.8072376430e-04 -1.7787838091e-04
1.3961167788e-03 3.7337197862e-04
3.1461178111e-04 -8.3911155099e-05
8.3363453782e-04 2.2866222116e-04
1.0740981686e-03 -2.7647525294e-04
1.9437962821e-04 5.9496840654e-05
1.3777419315e-03 -3.5911365376e-04
1.0543535493e-03 2.9226965310e-04
1.2472969932e-03 -3.3272924700e-04
1.4388612036e-03 4.0392669432e-04
6.9300831256e-04 -1.9108349195e-04
1.3659002499e-03 3.9515882526e-04
2.6218092716e-04 -7.4999102370e-05
1.0170829742e-03 -2.7538403190e-04
8.3381866795e-04 2.5074609428e-04
1.3368099793e-03 -3.6619886995e-04
1.4249699805e-04 4.9877067231e-05
1.2320842577e-03 -3.4597271328e-04
9.9043814380e-04 2.9237458786e-04
7.0875131759e-04 -2.0566429775e-04
1.3885547654e-03 4.1065912694e-04
2.1949426835e-04 -6.7004421360e-05
1.3451152470e-03 4.0135347632e-04
9.7592226741e-04 -2.7736570911e-04
8.4643729870e-04 2.5803026290e-04
1.2990447313e-03 -3.7251049690e-04
9.8748090057e-05 3.8030326077e-05
1.2095924839e-03 -3.5357356262e-04
9.5472927341e-04 2.9604876506e-04
7.1696354496e-04 -2.1532159793e-04
1.3540891540e-03 4.2127067640e-04
1.7250640141e-04 -5.5788535976e-05
1.3148384331e-03 4.1860112002e-04
9.1773109643e-04 -2.7274237376e-04
8.4557489490e-04 2.7970158997e-04
1.2544081891e-03 -3.7461447899e-04
5.2333320370e-05 2.8279413947e-05
1.1976072483e-03 -3.6118000993e-04
8.9654231167e-04 2.9185027800e-04
7.3532837151e-04 -2.2595992568e-04
1.3039473702e-03 4.2515752564e-04
1.2860020940e-04 -4.4438398083e-05
1.2773309378e-03 4.2289349642e-04
8.6989127010e-04 -2.7014931540e-04
8.3392479526e-04 2.8302777005e-04
1.2128275933e-03 -3.7873944199e-04
1.0442623934e-05 1.3227990726e-05
1.1689142325e-03 -3.7278421484e-04
8.5297104773e-04 2.9051515742e-04
7.3542558759e-04 -2.4233763149e-04
8.7015065907e-05 -3.5821427014e-05
1.2617686146e-03 4.2966355698e-04
8.2093784200e-04 -2.6557211898e-04
1.2472682308e-03 4.2962731907e-04
1.1696023222e-03 -3.8112596735e-04
8.3129478511e-04 2.9275616431e-04
1.1413873298e-03 -3.8542937816e-04
2.5928247314e-05 1.8117373494e-05
7.3643187889e-04 -2.5981250440e-04
8.0695202562e-04 2.8701388509e-04
4.9526397038e-05 -2.5297448003e-05
1.2200754222e-03 4.3404858145e-04
7.7809699165e-04 -2.6215384089e-04
1.2239391457e-03 4.4239385624e-04
1.1307170554e-03 -3.8198307249e-04
8.4103863548e-04 3.1256091757e-04
1.1123119195e-03 -3.8280483112e-04
6.6424452336e-05 3.4577020393e-05
7.3106526149e-04 -2.5860361267e-04
7.4539452374e-04 2.7755772740e-04
1.1669098362e-05 -1.2562391603e-05
1.1631988899e-03 4.3170742965e-04
7.3983094336e-04 -2.6013944099e-04
1.1918809529e-03 4.4734130414e-04
1.0934470206e-03 -3.8337277455e-04
8.3890448963e-04 3.2175474310e-04
1.0855400946e-03 -3.8378431800e-04
1.0253464724e-04 4.8487681126e-05
7.3065120109e-04 -2.6325631054e-04
6.9468362271e-04 2.6935243407e-04
2.9477429158e-05 -1.8313642938e-05
6.8785987355e-04 -2.4832727386e-04
1.1129653380e-03 4.3015349519e-04
1.0467395767e-03 -3.7866449548e-04
1.1572349854e-03 4.5340820343e-04
1.0611881266e-03 -3.8955820441e-04
8.3310776135e-04 3.3455631768e-04
7.3160481664e-04 -2.7461111042e-04
1.3487276576e-04 6.3748362200e-05
6.0494274520e-05 -3.1096612675e-05
6.4243643669e-04 2.6026805984e-04
6.4929388534e-04 -2.4432479974e-04
1.0614910250e-03 4.2706301101e-04
1.0094800423e-03 -3.7952305849e-04
1.1217063676e-03 4.5551747229e-04
1.0269102501e-03 -3.9642800512e-04
8.2367644576e-04 3.4143599542e-04
7.1870869236e-04 -2.8901606415e-04
1.6362620020e-04 7.7302976227e-05
9.1401895080e-05 -4.5369834097e-05
6.0232744244e-04 2.5404384069e-04
6.0178329822e-04 -2.3397206825e-04
1.0211825384e-03 4.2651872608e-04
9.6325930949e-04 -3.7302021201e-04
1.0795976407e-03 4.5763552258e-04
1.0028578933e-03 -3.9295217536e-04
7.9374771886e-04 3.4852377376e-04
7.2300152644e-04 -2.8878777913e-04
1.8185124312e-04 8.8764658787e-05
1.2017937799e-04 -5.5171484088e-05
5.5836849554e-04 -2.2470759225e-04
5.5992605984e-04 2.4720069515e-04
9.2016278158e-04 -3.6841147191e-04
9.7637344097e-04 4.2577840945e-04
9.7238717897e-04 -3.9398799662e-04
1.0412360550e-03 4.5653141479e-04
7.1587171213e-04 -2.9674128801e-04
7.8260843098e-04 3.5243731721e-04
1.4358345838e-04 -6.7681565888e-05
2.0620646005e-04 1.0207149842e-04
5.1814833691e-04 -2.1542810276e-04
5.0818602478e-04 2.3123649601e-04
8.7964886797e-04 -3.6373195559e-04
9.2139726023e-04 4.1310632539e-04
9.3630151054e-04 -3.9814437318e-04
1.0039651457e-03 4.5118099792e-04
6.9840166491e-04 -3.1312013042e-04
7.6964447304e-04 3.4999666829e-04
1.6557153212e-04 -8.5839852390e-05
2.2703601850e-04 1.1085852330e-04
4.7355281254e-04 -2.0742331374e-04
4.7006216036e-04 2.2102415417e-04
8.3228330271e-04 -3.5729810764e-04
8.7894883825e-04 4.0864693657e-04
9.0355063499e-04 -3.8924482357e-04
6.8374889822e-04 -2.9875405409e-04
9.6238081388e-04 4.5286577114e-04
1.8433040250e-04 -8.7666832176e-05
7.4414366275e-04 3.6075407507e-04
4.4482354201e-04 -1.9737155466e-04
2.3940396747e-04 1.2510645667e-04
8.0059129076e-04 -3.5079645175e-04
4.1985642976e-04 2.0526274667e-04
8.6862372821e-04 -3.8457871692e-04
8.2316431178e-04 3.9456462818e-04
6.6800580741e-04 -3.0359869933e-04
9.2414526940e-04 4.4327763571e-04
2.0010942992e-04 -9.9374828137e-05
7.3444390986e-04 3.5497859230e-04
4.0364393997e-04 -1.8670717438e-04
2.5920357943e-04 1.3113458510e-04
7.5619067376e-04 -3.4228151715e-04
3.8164352192e-04 1.9296150319e-04
8.3562811361e-04 -3.7852747011e-04
7.7754737687e-04 3.8682098299e-04
6.5394608302e-04 -2.9980706440e-04
8.7992175896e-04 4.4020292576e-04
2.1551256516e-04 -1.0569053720e-04
7.1235364729e-04 3.7044521233e-04
3.6722110924e-04 -1.7541692908e-04
7.1509800620e-04 -3.3369242901e-04
2.6887650985e-04 1.5044792729e-04
8.0247567812e-04 -3.7427260948e-04
3.3917631619e-04 1.7762481469e-04
6.3942844491e-04 -3.0302368118e-04
7.2821440782e-04 3.7179626823e-04
2.2812570543e-04 -1.1538599758e-04
8.3701993206e-04 4.3314486162e-04
3.2978257922e-04 -1.6189093283e-04
6.8532481123e-04 3.6873182791e-04
6.7164882130e-04 -3.2124942018e-04
2.7696844210e-04 1.5948512620e-04
7.6544511371e-04 -3.6759289478e-04
2.9966822122e-04 1.6399457440e-04
6.2026714599e-04 -3.0493482555e-04
6.7670568952e-04 3.5784968310e-04
2.3762077473e-04 -1.2548652192e-04
7.9476140871e-04 4.2218829279e-04
2.9525471256e-04 -1.5121570546e-04
6.6226024316e-04 3.6095367045e-04
6.3004234041e-04 -3.1100315984e-04
2.8377626078e-04 1.6212689756e-04
7.2842051148e-04 -3.6030903033e-04
5.9838460805e-04 -3.0302683124e-04
2.6775879416e-04 1.5402141244e-04
2.4377321103e-04 -1.3221450047e-04
6.3676777945e-04 3.5302585674e-04
2.6159301352e-04 -1.3916542550e-04
7.5150538773e-04 4.1188588598e-04
5.8866773378e-04 -2.9863662428e-04
6.3154798619e-04 3.5282011650e-04
6.9281442696e-04 -3.5026112104e-04
2.8317936425e-04 1.6619140141e-04
5.8033501993e-04 -2.9782713528e-04
2.2944403443e-04 1.3538759722e-04
2.5080189816e-04 -1.3534574328e-04
5.8641457847e-04 3.3023995997e-04
2.2985853411e-04 -1.2409464476e-04
7.0817728962e-04 3.9811844702e-04
5.4804586026e-04 -2.8283627670e-04
6.0475003565e-04 3.4251619464e-04
6.5624835338e-04 -3.3752567284e-04
2.8493888019e-04 1.6689920410e-04
5.5385494515e-04 -2.8654746861e-04
2.5070646988e-04 -1.3532342169e-04
1.9862528410e-04 1.1998309847e-04
2.0575665624e-04 -1.1497392308e-04
5.4233604598e-04 3.1365868614e-04
5.1741679339e-04 -2.7550163880e-04
6.6230024256e-04 3.8300364288e-04
6.1769220085e-04 -3.2837785781e-04
5.7219918409e-04 3.3600334326e-04
5.2639442312e-04 -2.8681655669e-04
2.8021928611e-04 1.7102119884e-04
2.4839877343e-04 -1.4411316078e-04
1.6754768532e-04 1.0499285846e-04
1.7166712578e-04 -1.0248509579e-04
4.9923102140e-04 2.9612388908e-04
4.6970631410e-04 -2.5808734657e-04
6.1690707315e-04 3.6666592173e-04
5.7778170233e-04 -3.1516121198e-04
5.3776818807e-04 3.2417129311e-04
4.9946962745e-04 -2.7666004308e-04
2.4579099752e-04 -1.4321784376e-04
2.7450722400e-04 1.7125028093e-04
1.4937295863e-04 -8.9912071793e-05
1.3539300418e-04 8.9119763161e-05
4.3884290154e-04 -2.4370816906e-04
4.4272114648e-04 2.7205654517e-04
5.3940384417e-04 -3.0110755146e-04
5.6541539491e-04 3.4490548224e-04
4.7089630023e-04 -2.7590329111e-04
5.1099411275e-04 3.1182217864e-04
2.4062403450e-04 -1.5234660702e-04
2.7333495588e-04 1.7096794875e-04
1.1927602417e-04 -7.8434519806e-05
1.1066463297e-04 7.6763255693e-05
3.9053443307e-04 -2.2512406281e-04
4.0496894635e-04 2.5805891261e-04
4.9581486668e-04 -2.8565118699e-04
5.1791357803e-04 3.2753470469e-04
4.4110261436e-04 -2.6337701162e-04
2.3361332205e-04 -1.4981740355e-04
4.6129642261e-04 3.0091372259e-04
9.3420226491e-05 -6.7428855292e-05
2.5092118763e-04 1.7229219710e-04
3.4622065797e-04 -2.0767612797e-04
8.3648501156e-05 6.0846978500e-05
4.5145817512e-04 -2.6661194628e-04
3.5237176599e-04 2.2678927113e-04
4.1033959817e-04 -2.4460887358e-04
4.6529884582e-04 2.9949062568e-04
2.2483947146e-04 -1.4126864415e-04
4.2921460141e-04 2.7982066450e-04
7.4037539801e-05 -5.6180179307e-05
2.4322260837e-04 1.6410780220e-04
3.1559292444e-04 -1.9287085626e-04
6.1104895244e-05 4.9564575854e-05
4.1017776330e-04 -2.4945151743e-04
3.1034360207e-04 2.1013145003e-04
3.6498522048e-04 -2.3944306490e-04
2.0082863180e-04 -1.4748585220e-04
4.1035277347e-04 2.7579925069e-04
5.1240049703e-05 -4.7353885545e-05
3.7618415445e-04 2.5773830942e-04
2.7043511346e-04 -1.7209060220e-04
2.1683187982e-04 1.5617048190e-04
3.6069846233e-04 -2.2550308215e-04
3.9129735489e-05 3.9497241137e-05
3.2940964533e-04 -2.1043375651e-04
2.5630147708e-04 1.8356026691e-04
1.8877058975e-04 -1.2917841458e-04
3.4932380823e-04 2.4343661606e-04
3.6004448132e-05 -3.8745720755e-05
3.2113419483e-04 2.2415989395e-04
2.3235201826e-04 -1.5567503268e-04
1.8647134146e-04 1.3528338473e-04
3.1143745627e-04 -2.0218869635e-04
2.8495995893e-04 -1.8769255328e-04
2.2660379740e-05 2.6243644571e-05
1.6615766696e-04 -1.1787725892e-04
2.0959446892e-04 1.5134984130e-04
1.8711605593e-05 -2.9314720890e-05
2.8524591573e-04 2.0250673510e-04
1.8489038474e-04 -1.2960425322e-04
2.6297450519e-04 1.8965626604e-04
2.5424250755e-04 -1.7154721622e-04
1.5580310592e-04 1.1804608338e-04
2.3730705325e-04 -1.6330441739e-04
6.7875793903e-06 1.6773243665e-05
1.4120879825e-04 -1.0644021498e-04
1.5147115591e-04 1.1712272219e-04
3.9101436266e-06 -2.3829579672e-05
2.0693129895e-04 1.5409752847e-04
1.3743127887e-04 -1.0942559160e-04
1.8880437520e-04 -1.3578752467e-04
1.8344233506e-04 1.3394740712e-04
1.5868966649e-04 -1.0718251517e-04
1.0356738985e-04 7.9898290092e-05
8.1795508411e-05 -6.1092528012e-05
-5.3981474516e-06 1.7776606012e-05
-5.5450603052e-06 -2.4317457196e-05
1.0243597715e-04 1.0805152100e-04
1.3163605489e-04 -1.2106114558e-04
1.1974880419e-04 1.0546067878e-04
1.3684946899e-04 -1.1285346553e-04
3.4011380209e-05 5.7847202700e-06
1.5519363433e-05 -3.1664713347e-05
-2.9964498974e-05 -4.9236207270e-05
-5.4321946873e-05 1.2790658992e-05
-1.4664142074e-05 -7.7737698879e-06
-1.8332707381e-05 8.1977335604e-06
