2.7103765395e+02
2.7141282728e+02
2.7066244014e+02
2.7178760968e+02
2.7028806622e+02
2.7216238077e+02
2.6991486814e+02
2.7253664201e+02
2.6954165091e+02
2.7291063960e+02
2.6916802696e+02
2.7328491355e+02
2.6879433809e+02
2.7366337769e+02
2.6842003945e+02
2.7404183232e+02
2.6804432013e+02
2.7441735129e+02
2.6766857837e+02
2.7479052259e+02
2.6729792162e+02
2.7516387208e+02
2.6692838691e+02
2.7554522768e+02
2.6655937636e+02
2.7592657116e+02
2.6619147190e+02
2.7630195809e+02
2.6582354254e+02
2.7667155336e+02
2.6545050259e+02
2.7704115974e+02
2.6507600818e+02
2.7742574524e+02
2.6470325782e+02
2.7781063844e+02
2.6433511547e+02
2.7819103406e+02
2.6396694248e+02
2.7856631316e+02
2.7894161366e+02
2.6359769049e+02
2.7932092021e+02
2.6322805183e+02
2.7970048772e+02
2.6285818945e+02
2.8007854374e+02
2.6248710652e+02
2.8045468146e+02
2.6211598382e+02
2.8083084385e+02
2.6174985914e+02
2.8121036889e+02
2.6138590288e+02
2.8159027500e+02
2.6102108377e+02
2.8196990084e+02
2.6065186408e+02
2.8234929230e+02
2.6028260126e+02
2.8272871389e+02
2.5991706900e+02
2.8310725123e+02
2.5955348258e+02
2.8348565208e+02
2.5918988111e+02
2.8386460888e+02
2.5882591954e+02
2.8424492531e+02
2.5846191614e+02
2.8462528289e+02
2.5809808054e+02
2.8500368580e+02
2.5773434430e+02
2.8538166359e+02
2.5737072778e+02
2.8575946126e+02
2.5700773365e+02
2.8613704015e+02
2.5664468845e+02
2.8651465519e+02
2.5628220508e+02
2.8689398993e+02
2.5592013860e+02
2.8727382519e+02
2.5555835252e+02
2.8765369542e+02
2.5520051722e+02
2.8803392717e+02
2.5484262885e+02
2.8841419887e+02
2.5448319794e+02
2.8879319422e+02
2.5412243442e+02
2.8917174860e+02
2.5376172870e+02
2.8955055756e+02
2.5340119243e+02
2.8993060051e+02
2.5304059209e+02
2.9031069456e+02
2.5268314545e+02
2.9068899296e+02
2.5232893136e+02
2.9106651799e+02
2.9144460692e+02
2.5197467075e+02
2.9182562459e+02
2.5162067879e+02
2.9220668920e+02
2.5126657044e+02
2.9258429756e+02
2.5091155183e+02
2.9296010959e+02
2.5055546888e+02
2.9333646585e+02
2.5019934138e+02
2.9371639671e+02
2.4984676082e+02
2.9409637417e+02
2.4949425288e+02
2.9447462304e+02
2.4914239579e+02
2.9485180068e+02
2.4879150695e+02
2.9522943421e+02
2.4844056524e+02
2.9561216245e+02
2.4809112429e+02
2.9599495399e+02
2.4774172083e+02
2.9637313375e+02
2.4739256534e+02
2.9674791292e+02
2.4704388667e+02
2.9712269998e+02
2.4669515051e+02
2.9749760588e+02
2.4634913427e+02
2.9787256121e+02
2.4600342289e+02
2.9825093758e+02
2.4565697759e+02
2.9863228422e+02
2.9901353583e+02
2.4530916495e+02
2.9938901001e+02
2.4496129728e+02
2.9976454107e+02
2.4461907506e+02
3.0014153150e+02
2.4427796348e+02
3.0051999938e+02
2.4393570375e+02
3.0089850994e+02
2.4359080559e+02
3.0127378601e+02
2.4324584142e+02
3.0164909805e+02
2.4290458327e+02
3.0202574491e+02
2.4256422478e+02
3.0240397044e+02
2.4222404655e+02
3.0278224179e+02
2.4188460196e+02
3.0315588251e+02
2.4154508427e+02
3.0352932119e+02
2.4120796446e+02
3.0390457718e+02
2.4087154194e+02
3.0428236565e+02
2.4053511111e+02
3.0466020157e+02
3.0503369958e+02
2.4019893113e+02
3.0540679869e+02
2.3986267425e+02
3.0578127586e+02
2.3952798914e+02
3.0615801051e+02
2.3919380843e+02
3.0653479614e+02
2.3885989530e+02
3.0690920768e+02
2.3852768782e+02
3.0728334819e+02
2.3819539624e+02
3.0765780315e+02
2.3786531620e+02
3.0803280553e+02
2.3753623850e+02
3.0840786312e+02
2.3720712252e+02
3.0877969775e+02
2.3687837924e+02
3.0915091265e+02
2.3654954909e+02
3.0952324974e+02
3.0989818536e+02
2.3622116539e+02
3.1027317756e+02
2.3589286182e+02
3.1064548834e+02
2.3556488451e+02
3.1101713617e+02
2.3524122290e+02
3.1138921397e+02
2.3491746380e+02
3.1176241337e+02
2.3459551538e+02
3.1213567498e+02
2.3427477198e+02
3.1250670952e+02
2.3395387296e+02
3.1287704180e+02
2.3363217367e+02
3.1324782428e+02
2.3331037785e+02
3.1362006586e+02
2.3298817189e+02
3.1399237136e+02
3.1436245515e+02
2.3266539060e+02
3.1473166524e+02
2.3234257399e+02
3.1510119550e+02
2.3202858708e+02
3.1547196309e+02
2.3171448687e+02
3.1584279654e+02
2.3140125052e+02
3.1621218393e+02
2.3108880573e+02
3.1658091999e+02
2.3077623168e+02
3.1694975308e+02
2.3046379981e+02
3.1731876205e+02
2.3015126921e+02
3.1768783910e+02
3.1805575760e+02
2.2983697648e+02
3.1842304617e+02
2.2952030669e+02
3.1879046643e+02
2.2920349844e+02
3.1915846429e+02
2.2889952242e+02
3.1952653354e+02
2.2859640929e+02
3.1989353984e+02
2.2829258396e+02
3.2025985061e+02
2.2798766098e+02
3.2062626225e+02
2.2768259948e+02
3.2099305800e+02
2.2737723216e+02
3.2135992826e+02
3.2172559564e+02
2.2707172499e+02
3.2209029944e+02
2.2676728266e+02
3.2245509826e+02
2.2646446699e+02
3.2282066827e+02
2.2616150290e+02
3.2318631473e+02
2.2586354317e+02
3.2355050528e+02
2.2556637845e+02
3.2391328647e+02
2.2526751646e+02
3.2427615892e+02
2.2496497363e+02
3.2463989430e+02
2.2466227456e+02
3.2500373188e+02
3.2536755827e+02
2.2437003897e+02
3.2573148081e+02
2.2408018763e+02
3.2609549718e+02
2.2378772822e+02
3.2645585882e+02
2.2348862664e+02
3.2681602063e+02
2.2318935508e+02
3.2717613766e+02
2.2290082113e+02
3.2753622639e+02
2.2261543995e+02
3.2789640856e+02
2.2232839418e+02
3.2825683447e+02
3.2861736501e+02
2.2203631343e+02
3.2897723978e+02
2.2174406676e+02
3.2933604664e+02
2.2145934018e+02
3.2969495095e+02
2.2117734285e+02
3.3005319172e+02
2.2089549280e+02
3.3041138426e+02
2.2061438470e+02
3.3076925619e+02
2.2033310947e+02
3.3112652413e+02
3.3148389230e+02
2.2005005276e+02
3.3184034115e+02
2.1976611713e+02
3.3219663892e+02
2.1948350945e+02
3.3255250219e+02
2.1920742583e+02
3.3290731026e+02
2.1893116906e+02
3.3326222103e+02
2.1865358703e+02
3.3361663563e+02
2.1837522250e+02
3.3397096272e+02
3.3432509158e+02
2.1809717364e+02
3.3467861343e+02
2.1782115922e+02
3.3503224103e+02
2.1754495630e+02
3.3538394794e+02
2.1727212497e+02
3.3573499231e+02
2.1700143732e+02
3.3608618997e+02
2.1673143719e+02
3.3643789081e+02
3.3678969898e+02
2.1646978779e+02
3.3713975093e+02
2.1620795664e+02
3.3748905492e+02
2.1593997400e+02
3.3783819628e+02
2.1566725201e+02
3.3818632508e+02
2.1539485160e+02
3.3853456420e+02
2.1512849095e+02
3.3888234920e+02
2.1486192926e+02
3.3922993049e+02
3.3957718494e+02
2.1459885199e+02
3.3992182713e+02
2.1433891644e+02
3.4026658280e+02
2.1407886585e+02
3.4061150573e+02
2.1381914117e+02
3.4095657155e+02
2.1355920866e+02
3.4130140760e+02
2.1330180790e+02
3.4164319812e+02
3.4198510601e+02
2.1304712332e+02
3.4232696379e+02
2.1279224834e+02
3.4266880459e+02
2.1253403315e+02
3.4301056966e+02
2.1227539377e+02
3.4334940344e+02
2.1202164343e+02
3.4368835872e+02
2.1177406807e+02
3.4402660459e+02
3.4436421512e+02
2.1152628647e+02
3.4470189056e+02
2.1127868968e+02
3.4503792669e+02
2.1103083473e+02
3.4537408844e+02
2.1078317469e+02
3.4570905715e+02
2.1053592385e+02
3.4604274575e+02
3.4637655333e+02
2.1028846750e+02
3.4670856814e+02
2.1004535298e+02
3.4704067784e+02
2.0980249596e+02
3.4737143588e+02
2.0955997543e+02
3.4770046907e+02
2.0931822589e+02
3.4802962724e+02
2.0907624815e+02
3.4835783545e+02
3.4868612564e+02
2.0883797486e+02
3.4901228145e+02
2.0860007989e+02
3.4933522237e+02
2.0836334020e+02
3.4965829396e+02
2.0812930555e+02
3.4998256416e+02
2.0789502626e+02
3.5030715519e+02
3.5062875247e+02
2.0766298360e+02
3.5094500278e+02
2.0743116373e+02
3.5126139089e+02
2.0720014190e+02
3.5157939253e+02
2.0697156995e+02
3.5189786598e+02
2.0674273105e+02
3.5221395734e+02
3.5252489457e+02
2.0651865582e+02
3.5283597768e+02
2.0629573458e+02
3.5314449683e+02
2.0607315857e+02
3.5345255710e+02
2.0585229391e+02
3.5376033094e+02
2.0563113691e+02
3.5406713440e+02
3.5437409185e+02
2.0541408202e+02
3.5467349911e+02
2.0519823466e+02
3.5497072582e+02
2.0498296242e+02
3.5526824581e+02
2.0477093089e+02
3.5556633052e+02
2.0455856545e+02
3.5586458176e+02
3.5615510816e+02
2.0435724181e+02
3.5644284604e+02
2.0416071935e+02
3.5672993482e+02
2.0396362931e+02
3.5701392732e+02
2.0376513341e+02
3.5729810291e+02
2.0356627807e+02
3.5757614262e+02
3.5785151688e+02
2.0337353675e+02
3.5812589420e+02
2.0318365080e+02
3.5839426555e+02
2.0299540485e+02
3.5866284534e+02
2.0282172048e+02
3.5892414433e+02
3.5918161354e+02
2.0264757073e+02
3.5943728167e+02
2.0248596839e+02
3.5967844396e+02
2.0233207274e+02
3.5991985484e+02
2.0217990416e+02
3.6015301383e+02
2.0205297979e+02
3.6038098349e+02
3.6060600298e+02
2.0192543856e+02
3.6079456894e+02
2.0185179941e+02
3.6098345197e+02
2.0181974349e+02
3.6113257506e+02
2.0177744682e+02
3.6125085400e+02
3.6138284698e+02
2.0150757224e+02
3.6183269262e+02
2.0123640239e+02
3.6228328021e+02
2.0226578536e+02
3.6129758524e+02
2.0450570551e+02
3.5898069267e+02
2.0674594583e+02
3.5666358970e+02
