1.9170157782e+02
1.9181319373e+02
1.9192263948e+02
1.9202668580e+02
1.9212658785e+02
1.9222420286e+02
1.9231756013e+02
1.9240623435e+02
1.9249054906e+02
1.9257376964e+02
1.9265143312e+02
1.9272698280e+02
1.9279737681e+02
1.9286453366e+02
1.9293074285e+02
1.9299029509e+02
1.9304835978e+02
1.9310293679e+02
1.9315339759e+02
1.9320108264e+02
1.9324525474e+02
1.9328863064e+02
1.9332696118e+02
1.9336334552e+02
1.9339524135e+02
1.9342445644e+02
1.9345418557e+02
1.9347768744e+02
1.9349901846e+02
1.9351783453e+02
1.9353262845e+02
1.9354774764e+02
1.9355844138e+02
1.9356566213e+02
1.9357024853e+02
1.9357457425e+02
1.9357479205e+02
1.9357168992e+02
1.9356636960e+02
1.9355757200e+02
1.9354843830e+02
1.9353569768e+02
1.9352021454e+02
1.9350112319e+02
1.9348048827e+02
1.9345819376e+02
1.9343132202e+02
1.9340434566e+02
1.9337032673e+02
1.9333628880e+02
1.9329916732e+02
1.9325946432e+02
1.9321634554e+02
1.9316976794e+02
1.9312387801e+02
1.9307110362e+02
1.9301621952e+02
1.9295641316e+02
1.9289659946e+02
1.9283401543e+02
1.9276546956e+02
1.9269754136e+02
1.9262272208e+02
1.9254485442e+02
1.9246531340e+02
1.9237946594e+02
1.9229272415e+02
1.9219969632e+02
1.9210524740e+02
1.9200607557e+02
1.9190440256e+02
1.9179472371e+02
1.9168601092e+02
1.9157087940e+02
1.9145194408e+02
1.9132655631e+02
1.9120333803e+02
1.9107058961e+02
1.9093678164e+02
1.9079393047e+02
1.9065658041e+02
1.9050627497e+02
1.9035702336e+02
1.9019940356e+02
1.9004917029e+02
1.8988322412e+02
1.8971814066e+02
1.8955700256e+02
1.8938380909e+02
1.8922249118e+02
1.8904540045e+02
1.8889712789e+02
1.8871778347e+02
1.8853976134e+02
1.8840511035e+02
1.8829252349e+02
1.8806245044e+02
1.8796568170e+02
1.8835140238e+02
1.8942705676e+02
