1.5571576815e+00 1.3477663177e-07
1.5571577745e+00 -8.7278832169e-09
1.5571577732e+00 -1.2065057024e-07
1.5571576778e+00 -2.0099142930e-07
1.5571574883e+00 -2.4975046039e-07
1.5571572045e+00 -2.6692766352e-07
1.5571568540e+00 -3.5857030510e-07
1.5571576198e+00 -3.7659194129e-07
1.5571584560e+00 -3.6188833850e-07
1.5571587359e+00 -3.3438380421e-07
1.5571584594e+00 -2.9407833842e-07
1.5571576265e+00 -2.4097194113e-07
1.5571562372e+00 -1.7506461235e-07
1.5571547969e+00 2.9757400463e-08
1.5571536442e+00 3.5572538005e-07
1.5571524394e+00 5.7530464049e-07
1.5571518069e+00 7.2560085375e-07
1.5571517464e+00 8.0661401984e-07
1.5571522581e+00 8.1834413877e-07
1.5571533419e+00 7.6079121052e-07
1.5571549978e+00 6.3395523511e-07
1.5571575367e+00 5.3852885295e-07
1.5571578143e+00 3.7518560775e-07
1.5571579757e+00 2.1215160328e-07
1.5571580211e+00 4.9426839556e-08
1.5571579503e+00 -1.1298868343e-07
1.5571577635e+00 -2.7509496568e-07
1.5571574605e+00 -4.3689200720e-07
1.5571571912e+00 -6.0614035304e-07
1.5571574145e+00 -6.4470582705e-07
1.5571585345e+00 -5.5921229628e-07
1.5571591188e+00 -4.7750557112e-07
1.5571591676e+00 -3.9958565159e-07
1.5571586807e+00 -3.2545253768e-07
1.5571576581e+00 -2.5510622938e-07
1.5571561104e+00 -1.8497340141e-07
1.5571552487e+00 1.3829111223e-07
1.5571537606e+00 2.8320748027e-07
1.5571528477e+00 3.8786760200e-07
1.5571525098e+00 4.5227147741e-07
1.5571527471e+00 4.7641910651e-07
1.5571535594e+00 4.6031048930e-07
1.5571549468e+00 4.0394562578e-07
1.5571573143e+00 3.9008990073e-07
1.5571584098e+00 2.3664889673e-07
1.5571585300e+00 1.4623359449e-08
1.5571585660e+00 -1.6861688085e-07
1.5571585177e+00 -3.1307182417e-07
1.5571583852e+00 -4.1874147052e-07
1.5571581685e+00 -4.8562581988e-07
1.5571578676e+00 -5.1372487227e-07
1.5571573561e+00 -6.7468044930e-07
1.5571585891e+00 -5.4940393768e-07
1.5571592726e+00 -4.2755753497e-07
1.5571594066e+00 -3.0914124117e-07
1.5571589910e+00 -1.9415505628e-07
1.5571580260e+00 -8.2598980300e-08
1.5571565114e+00 2.5526986770e-08
1.5571554307e+00 2.7764906723e-07
1.5571540147e+00 5.1876290162e-07
1.5571528562e+00 6.8453453725e-07
1.5571522820e+00 7.7586254134e-07
1.5571522923e+00 7.9274691389e-07
1.5571528869e+00 7.3518765490e-07
1.5571540660e+00 6.0318476438e-07
1.5571559621e+00 4.5052726230e-07
1.5571579522e+00 3.6319743768e-07
1.5571581252e+00 4.2178475697e-08
1.5571581871e+00 -2.2931200012e-07
1.5571581380e+00 -4.5127398978e-07
1.5571579779e+00 -6.2370749327e-07
1.5571577068e+00 -7.4661251060e-07
1.5571573246e+00 -8.1998904176e-07
1.5571570111e+00 -9.5700441849e-07
1.5571578280e+00 -7.9148707431e-07
1.5571588175e+00 -5.4169175227e-07
1.5571592303e+00 -3.0196104349e-07
1.5571590664e+00 -7.2294947956e-08
1.5571583258e+00 1.4730653433e-07
1.5571570085e+00 3.5684340336e-07
1.5571555362e+00 5.4701131417e-07
1.5571544612e+00 5.7126561721e-07
1.5571531175e+00 4.6177255185e-07
1.5571523236e+00 3.4245050771e-07
1.5571520795e+00 2.1329948478e-07
1.5571523853e+00 7.4319483065e-08
1.5571532409e+00 -7.4489497436e-08
1.5571546464e+00 -2.3312745672e-07
1.5571571085e+00 -2.2115793292e-07
1.5571575793e+00 -4.9580522480e-07
1.5571576416e+00 -7.3007277029e-07
1.5571575736e+00 -8.7680124852e-07
1.5571573754e+00 -9.3599065950e-07
1.5571570469e+00 -9.0764100321e-07
1.5571565883e+00 -7.9175227968e-07
1.5571562712e+00 -8.5136561311e-07
1.5571563639e+00 -1.0221462227e-06
1.5571575671e+00 -9.7074497859e-07
1.5571582102e+00 -8.6887502593e-07
1.5571582931e+00 -7.1653636470e-07
1.5571578160e+00 -5.1372899490e-07
1.5571567787e+00 -2.6045291653e-07
1.5571551812e+00 4.3291870408e-08
1.5571544080e+00 6.1750725316e-07
1.5571529536e+00 7.8113844858e-07
1.5571519978e+00 8.7241086617e-07
1.5571515743e+00 9.0021314674e-07
1.5571516832e+00 8.6454529028e-07
1.5571523244e+00 7.6540729679e-07
1.5571534980e+00 6.0279916628e-07
1.5571557347e+00 4.0784596472e-07
1.5571572978e+00 1.6424022008e-07
1.5571574115e+00 -1.1485102046e-07
1.5571574113e+00 -3.4571841821e-07
1.5571572972e+00 -5.2836197314e-07
1.5571570693e+00 -6.6278168528e-07
1.5571567275e+00 -7.4897755461e-07
1.5571562718e+00 -7.8694958113e-07
1.5571559264e+00 -9.1653503962e-07
1.5571569463e+00 -9.1200923387e-07
1.5571577613e+00 -8.6324680358e-07
1.5571580422e+00 -7.7679893160e-07
1.5571577890e+00 -6.5266561790e-07
1.5571570016e+00 -4.9084686250e-07
1.5571556802e+00 -2.9134266540e-07
1.5571544861e+00 1.2971822573e-08
1.5571531849e+00 1.9618841179e-07
1.5571519068e+00 2.8336015430e-07
1.5571511950e+00 3.2683142946e-07
1.5571510496e+00 3.2660223726e-07
1.5571514704e+00 2.8267257771e-07
1.5571524576e+00 1.9504245081e-07
1.5571541797e+00 9.0079512082e-08
1.5571566518e+00 5.9708076851e-08
1.5571568099e+00 -2.0870317577e-07
1.5571568428e+00 -4.1824088245e-07
1.5571567504e+00 -5.6890504319e-07
1.5571565329e+00 -6.6069565798e-07
1.5571561901e+00 -6.9361272682e-07
1.5571557222e+00 -6.6765624972e-07
1.5571553836e+00 -7.5405280146e-07
1.5571556549e+00 -7.6327251656e-07
1.5571566248e+00 -6.6588140624e-07
1.5571570574e+00 -5.9214482383e-07
1.5571569526e+00 -5.4206276932e-07
1.5571563104e+00 -5.1563524271e-07
1.5571551309e+00 -5.1286224401e-07
1.5571536984e+00 -4.7633980923e-07
1.5571527410e+00 -3.8058478715e-07
1.5571511884e+00 -3.0631206232e-07
1.5571501948e+00 -2.9062025437e-07
1.5571497600e+00 -3.3350936332e-07
1.5571498841e+00 -4.3497938915e-07
1.5571505672e+00 -5.9503033188e-07
1.5571518091e+00 -8.1366219149e-07
1.5571540981e+00 -9.8216173265e-07
1.5571548414e+00 -1.0619962544e-06
1.5571548333e+00 -1.0666811962e-06
1.5571547257e+00 -1.0059472826e-06
1.5571545185e+00 -8.7979451376e-07
1.5571542118e+00 -6.8822288954e-07
1.5571538055e+00 -4.3123240997e-07
1.5571535675e+00 -3.2889993598e-07
1.5571534715e+00 -4.0828009571e-07
1.5571546498e+00 -3.5056552302e-07
1.5571552893e+00 -3.0536399927e-07
1.5571553900e+00 -2.7267552449e-07
1.5571549520e+00 -2.5250009865e-07
1.5571539751e+00 -2.4483772177e-07
1.5571524595e+00 -2.4968839384e-07
1.5571515906e+00 -1.0327058769e-07
1.5571500674e+00 -1.0538601058e-07
1.5571488429e+00 -1.4108999007e-07
1.5571481948e+00 -1.9832291947e-07
1.5571481232e+00 -2.7708479879e-07
1.5571486281e+00 -3.7737562801e-07
1.5571497096e+00 -4.9919540715e-07
1.5571516484e+00 -5.9542673884e-07
1.5571532930e+00 -7.1541919117e-07
1.5571533686e+00 -9.6938920356e-07
1.5571532826e+00 -1.1822362811e-06
1.5571530350e+00 -1.3539604237e-06
1.5571526258e+00 -1.4845616314e-06
1.5571520550e+00 -1.5740399042e-06
1.5571513676e+00 -1.6349447891e-06
1.5571506624e+00 -1.7798638256e-06
1.5571516933e+00 -1.7693777998e-06
1.5571525373e+00 -1.7341650044e-06
1.5571527342e+00 -1.6878716102e-06
1.5571522839e+00 -1.6304976171e-06
1.5571511866e+00 -1.5620430252e-06
1.5571494421e+00 -1.4825078344e-06
1.5571480546e+00 -1.1572082281e-06
1.5571470910e+00 -9.2657119807e-07
1.5571459082e+00 -8.7472307436e-07
1.5571450198e+00 -8.9463831929e-07
1.5571444260e+00 -9.8631693286e-07
1.5571441267e+00 -1.1497589151e-06
1.5571441220e+00 -1.3849642659e-06
1.5571444118e+00 -1.6919329854e-06
1.5571481122e+00 -2.0894063674e-06
1.5571484338e+00 -2.2199520321e-06
1.5571484825e+00 -2.2162903492e-06
1.5571488888e+00 -2.0884006303e-06
1.5571496528e+00 -1.8362828754e-06
1.5571507745e+00 -1.4599370845e-06
1.5571522538e+00 -9.5936325754e-07
1.5571525962e+00 -2.9776663758e-07
1.5571521455e+00 3.0598381919e-07
1.5571522326e+00 8.6910680885e-07
1.5571514605e+00 1.3258628582e-06
1.5571498293e+00 1.6762519674e-06
1.5571473388e+00 1.9202741363e-06
1.5571439892e+00 2.0579293649e-06
1.5571417122e+00 1.9771444153e-06
1.5571451282e+00 1.4675754306e-06
1.5571448479e+00 1.0636650027e-06
1.5571448554e+00 6.8391222332e-07
1.5571451508e+00 3.2831709255e-07
1.5571457340e+00 -3.1203896357e-09
1.5571466051e+00 -3.1040022325e-07
1.5571477640e+00 -5.9352240830e-07
1.5571466930e+00 -7.1081985094e-07
1.5571454811e+00 -8.0286368538e-07
1.5571448944e+00 -8.9136243700e-07
1.5571442240e+00 -9.6431139968e-07
1.5571434699e+00 -1.0217105734e-06
1.5571426320e+00 -1.0635599582e-06
1.5571417104e+00 -1.0898595540e-06
1.5571407051e+00 -1.1006093609e-06
1.5571431142e+00 -9.5510395538e-07
1.5571453861e+00 -7.9974362250e-07
1.5571461882e+00 -7.4446557645e-07
1.5571466448e+00 -6.7798012636e-07
1.5571467561e+00 -6.0028727223e-07
1.5571465220e+00 -5.1138701407e-07
1.5571459425e+00 -4.1127935186e-07
1.5571450176e+00 -2.9996428563e-07
1.5571449165e+00 -2.6351063999e-07
1.5571448390e+00 -2.8144911379e-07
1.5571447567e+00 -3.2253512623e-07
1.5571446384e+00 -3.8225016344e-07
1.5571444841e+00 -4.6059422541e-07
1.5571442937e+00 -5.5756731215e-07
1.5571440673e+00 -6.7316942364e-07
1.5571438049e+00 -8.0740055990e-07
1.5571435688e+00 -8.9801276384e-07
1.5571435030e+00 -9.7463508829e-07
1.5571433957e+00 -1.0142677791e-06
1.5571431838e+00 -9.8064512115e-07
1.5571428672e+00 -8.7376711432e-07
1.5571424460e+00 -6.9363375865e-07
1.5571419201e+00 -4.4024505413e-07
1.5571428065e+00 -2.7563446928e-07
1.5571430811e+00 -2.0290224100e-07
1.5571433146e+00 -1.5267716804e-07
1.5571436079e+00 -1.2748778737e-07
1.5571439611e+00 -1.2733409897e-07
1.5571443741e+00 -1.5221610284e-07
1.5571448471e+00 -2.0213379900e-07
1.5571442885e+00 -2.9835509543e-07
1.5571423421e+00 -3.9843588598e-07
1.5571409315e+00 -4.8956835530e-07
1.5571402043e+00 -5.7182096478e-07
1.5571401604e+00 -6.4519371443e-07
1.5571407999e+00 -7.0968660426e-07
1.5571421227e+00 -7.6529963426e-07
1.5571428757e+00 -7.8922141416e-07
1.5571408489e+00 -7.9489629089e-07
1.5571391505e+00 -8.3691176391e-07
1.5571385346e+00 -8.8705381252e-07
1.5571390011e+00 -9.4532243673e-07
1.5571405500e+00 -1.0117176365e-06
1.5571431814e+00 -1.0862394119e-06
1.5571437012e+00 -1.0274763876e-06
1.5571421245e+00 -9.3582064153e-07
1.5571407162e+00 -9.7092530609e-07
1.5571400148e+00 -1.0034029163e-06
1.5571400204e+00 -1.0332534721e-06
1.5571407330e+00 -1.0604769736e-06
1.5571421525e+00 -1.0850734206e-06
1.5571433374e+00 -1.1128671510e-06
1.5571413425e+00 -1.1958590496e-06
1.5571402279e+00 -1.2505249098e-06
1.5571394917e+00 -1.2968362635e-06
1.5571391228e+00 -1.3357710933e-06
1.5571391213e+00 -1.3673293992e-06
1.5571394871e+00 -1.3915111811e-06
1.5571402202e+00 -1.4083164391e-06
1.5571404067e+00 -1.3098773449e-06
1.5571402915e+00 -1.1439637921e-06
1.5571396901e+00 -1.0551486039e-06
1.5571390030e+00 -9.8085142868e-07
1.5571382303e+00 -9.2107226645e-07
1.5571373720e+00 -8.7581111721e-07
1.5571364281e+00 -8.4506798096e-07
1.5571353986e+00 -8.2884285768e-07
1.5571364100e+00 -7.6027638756e-07
1.5571377336e+00 -7.0281511634e-07
1.5571390491e+00 -7.2744676592e-07
1.5571397873e+00 -7.5388754062e-07
1.5571399483e+00 -7.8213744045e-07
1.5571395322e+00 -8.1219646542e-07
1.5571385388e+00 -8.4406461551e-07
1.5571369682e+00 -8.7774189073e-07
1.5571376750e+00 -9.3079543909e-07
1.5571376923e+00 -8.4460119458e-07
1.5571374433e+00 -7.3265134386e-07
1.5571372423e+00 -6.5337438078e-07
1.5571370895e+00 -6.0677030534e-07
1.5571369848e+00 -5.9283911754e-07
1.5571369283e+00 -6.1158081738e-07
1.5571369198e+00 -6.6299540487e-07
1.5571370430e+00 -7.2086934171e-07
1.5571365510e+00 -7.2226775212e-07
1.5571359994e+00 -6.7511173912e-07
1.5571354453e+00 -5.8059838393e-07
1.5571348887e+00 -4.3872768655e-07
1.5571343297e+00 -2.4949964697e-07
1.5571337682e+00 -1.2914265203e-08
1.5571332042e+00 2.7102845876e-07
1.5571348300e+00 2.8683369626e-07
1.5571371085e+00 1.4884125689e-07
1.5571384404e+00 3.8520216632e-08
1.5571388257e+00 -4.4129424504e-08
1.5571382643e+00 -9.9107666521e-08
1.5571367564e+00 -1.2641450942e-07
1.5571347121e+00 -1.1659668247e-07
1.5571344092e+00 -2.2735065359e-08
1.5571342404e+00 4.0547022876e-08
1.5571344964e+00 7.3792780034e-08
1.5571351771e+00 7.7002206114e-08
1.5571362826e+00 5.0175301116e-08
1.5571378128e+00 -6.6879349596e-09
1.5571376614e+00 -9.8404320715e-08
1.5571357863e+00 -2.3825244902e-07
1.5571343065e+00 -3.9266723657e-07
1.5571337433e+00 -5.1094370284e-07
1.5571340969e+00 -5.9308184783e-07
1.5571353672e+00 -6.3908167155e-07
1.5571375542e+00 -6.4894317399e-07
1.5571381247e+00 -5.7707557861e-07
1.5571369836e+00 -5.2703994085e-07
1.5571354771e+00 -6.7671924715e-07
1.5571346755e+00 -7.8943173097e-07
1.5571345788e+00 -8.6517739229e-07
1.5571351871e+00 -9.0395623112e-07
1.5571365004e+00 -9.0576824746e-07
1.5571376885e+00 -9.0579523214e-07
1.5571359592e+00 -1.0453987217e-06
1.5571347957e+00 -1.1471361893e-06
1.5571340542e+00 -1.2145897395e-06
1.5571336766e+00 -1.2552696620e-06
1.5571336629e+00 -1.2691759567e-06
1.5571340132e+00 -1.2563086236e-06
1.5571347274e+00 -1.2166676627e-06
1.5571349892e+00 -1.0971164701e-06
1.5571349935e+00 -8.9731436976e-07
1.5571344700e+00 -7.1987730373e-07
1.5571338575e+00 -5.6892838092e-07
1.5571331560e+00 -4.4446760132e-07
1.5571323655e+00 -3.4649496492e-07
1.5571314860e+00 -2.7501047174e-07
1.5571305176e+00 -2.3001412176e-07
1.5571314303e+00 -2.3931009867e-07
1.5571326944e+00 -2.6903056890e-07
1.5571341384e+00 -2.7681903097e-07
1.5571350077e+00 -2.7627844582e-07
1.5571352939e+00 -2.6783932270e-07
1.5571349969e+00 -2.5150166163e-07
1.5571341169e+00 -2.2726546260e-07
1.5571326537e+00 -1.9513072561e-07
1.5571331753e+00 -1.1344190098e-07
1.5571334841e+00 -4.4113988098e-08
1.5571332833e+00 -2.9051728291e-08
1.5571331204e+00 -5.8350428235e-08
1.5571329953e+00 -1.3201008793e-07
1.5571329079e+00 -2.5003070738e-07
1.5571328584e+00 -4.1241228657e-07
1.5571328467e+00 -6.1915482552e-07
1.5571328566e+00 -6.4990772053e-07
1.5571323885e+00 -5.6698954800e-07
1.5571318291e+00 -4.8510335449e-07
1.5571312719e+00 -4.0572897382e-07
1.5571307170e+00 -3.2886640601e-07
1.5571301643e+00 -2.5451565103e-07
1.5571296138e+00 -1.8267670891e-07
1.5571290656e+00 -1.1334957963e-07
1.5571309780e+00 -4.1633677577e-08
1.5571331711e+00 -1.9686284126e-08
1.5571344557e+00 -9.6650783375e-09
1.5571348318e+00 -1.1570060212e-08
1.5571342996e+00 -2.5401229748e-08
1.5571328588e+00 -5.1158586947e-08
1.5571308875e+00 -8.8718556314e-08
1.5571304026e+00 -1.0778773571e-07
1.5571300567e+00 -1.2149545469e-07
1.5571302129e+00 -1.3558926702e-07
1.5571308711e+00 -1.5006917270e-07
1.5571320314e+00 -1.6493517172e-07
1.5571336937e+00 -1.8018726410e-07
1.5571333981e+00 -1.1974339444e-07
1.5571315753e+00 -1.3636947634e-07
1.5571301346e+00 -2.5801031013e-07
1.5571296971e+00 -3.3437279848e-07
1.5571302627e+00 -3.6545694137e-07
1.5571318316e+00 -3.5126273881e-07
1.5571344036e+00 -2.9179019079e-07
1.5571341434e+00 -1.1921403596e-07
1.5571333906e+00 3.7357329279e-08
1.5571318828e+00 -7.8998960384e-09
1.5571311005e+00 -7.0490234623e-08
1.5571310437e+00 -1.5041368647e-07
1.5571317124e+00 -2.4767025159e-07
1.5571331067e+00 -3.6225992998e-07
1.5571343445e+00 -5.1620880879e-07
1.5571326800e+00 -7.7655256110e-07
1.5571315679e+00 -9.6756101548e-07
1.5571309446e+00 -1.1069287870e-06
1.5571306641e+00 -1.2289528650e-06
1.5571307263e+00 -1.3336332496e-06
1.5571311311e+00 -1.4209699407e-06
1.5571318787e+00 -1.4909629384e-06
1.5571322251e+00 -1.4788831883e-06
1.5571323862e+00 -1.3790671184e-06
1.5571316428e+00 -1.3107487363e-06
1.5571307713e+00 -1.2523677759e-06
1.5571297977e+00 -1.2023203882e-06
1.5571287221e+00 -1.1606065732e-06
1.5571275444e+00 -1.1272263308e-06
1.5571266262e+00 -1.0925704253e-06
1.5571279605e+00 -1.0104064253e-06
1.5571293434e+00 -9.7492755929e-07
1.5571306266e+00 -1.0136546139e-06
1.5571313849e+00 -1.0225830346e-06
1.5571316185e+00 -1.0017128214e-06
1.5571313272e+00 -9.5104397418e-07
1.5571305112e+00 -8.7057649306e-07
1.5571291703e+00 -7.6031037801e-07
1.5571298019e+00 -6.6326086853e-07
1.5571309520e+00 -5.6661232733e-07
1.5571304732e+00 -4.7151495431e-07
1.5571301257e+00 -4.0907414828e-07
1.5571299096e+00 -3.7928990924e-07
1.5571298247e+00 -3.8216223719e-07
1.5571298712e+00 -4.1769113213e-07
1.5571302967e+00 -3.6743156925e-07
1.5571314027e+00 4.7971578062e-08
1.5571310991e+00 3.4521780056e-07
1.5571286195e+00 3.7283305018e-07
1.5571268862e+00 4.0498456132e-07
1.5571258995e+00 4.4167233398e-07
1.5571256593e+00 4.8289636816e-07
1.5571261655e+00 5.2865666385e-07
1.5571275374e+00 5.4652410608e-07
1.5571289210e+00 4.1353932793e-07
1.5571296534e+00 3.2071145876e-07
1.5571300913e+00 2.7410327724e-07
1.5571302346e+00 2.7371478337e-07
1.5571300833e+00 3.1954597715e-07
1.5571296375e+00 4.1159685858e-07
1.5571288306e+00 5.5246380563e-07
1.5571279145e+00 4.9982082178e-07
1.5571276213e+00 4.1392560514e-07
1.5571278693e+00 3.6712326091e-07
1.5571286583e+00 3.5941378910e-07
1.5571299885e+00 3.9079718971e-07
1.5571318597e+00 4.6127346274e-07
1.5571313491e+00 4.1837578398e-07
1.5571294446e+00 2.8638211437e-07
1.5571281747e+00 9.9716600088e-08
1.5571278478e+00 -3.8959682723e-08
1.5571284639e+00 -1.2964673407e-07
1.5571300230e+00 -1.7234455395e-07
1.5571325252e+00 -1.6705314236e-07
1.5571319868e+00 -3.5626894279e-08
1.5571312131e+00 9.4921391135e-08
1.5571297362e+00 1.4202972726e-07
1.5571289440e+00 1.6319069310e-07
1.5571288364e+00 1.5840428867e-07
1.5571294136e+00 1.2767051396e-07
1.5571306754e+00 7.0989368978e-08
1.5571317996e+00 1.9037206920e-08
1.5571301072e+00 6.0022863628e-08
1.5571289055e+00 2.9259309786e-08
1.5571282768e+00 -1.9678899827e-08
1.5571279968e+00 -4.0127489054e-08
1.5571280655e+00 -3.2086457893e-08
1.5571284830e+00 4.4441936534e-09
1.5571292492e+00 6.9464465587e-08
1.5571296813e+00 2.1560291502e-07
1.5571299113e+00 4.5100759698e-07
1.5571292525e+00 5.6011119505e-07
1.5571283571e+00 6.1880795433e-07
1.5571274147e+00 6.5665569483e-07
1.5571264255e+00 6.7365441658e-07
1.5571253893e+00 6.6980411956e-07
1.5571243062e+00 6.4510480377e-07
1.5571258945e+00 4.3904611279e-07
1.5571275103e+00 2.1171970429e-07
