5.6971497953e+01
5.7009865820e+01
5.7036239340e+01
5.7048464282e+01
5.7060705271e+01
5.7073928969e+01
5.7088545806e+01
5.7094772045e+01
5.7094320661e+01
5.7093885686e+01
5.7093467310e+01
5.7094287526e+01
5.7088735763e+01
5.7081052904e+01
5.7073391786e+01
5.7065752649e+01
5.7058135732e+01
5.7050541273e+01
5.7036092445e+01
5.7018071875e+01
5.7000077803e+01
5.6982110503e+01
5.6964170247e+01
5.6943941059e+01
5.6923137881e+01
5.6902362976e+01
5.6881616620e+01
5.6859438226e+01
5.6834467695e+01
5.6809842934e+01
5.6785712110e+01
5.6761610231e+01
5.6733349017e+01
5.6704727865e+01
5.6676137255e+01
5.6647577462e+01
5.6619699396e+01
5.6590102739e+01
5.6559220400e+01
5.6528784394e+01
5.6498380679e+01
5.6468009531e+01
5.6434906849e+01
5.6401072074e+01
5.6367271335e+01
5.6333504914e+01
5.6300617206e+01
5.6266162911e+01
5.6230155335e+01
5.6194325493e+01
5.6158839832e+01
5.6123390305e+01
5.6087342072e+01
5.6049036360e+01
5.6010967440e+01
5.5973274258e+01
5.5935618406e+01
5.5898000165e+01
5.5858471897e+01
5.5818201021e+01
5.5777969235e+01
5.5737883469e+01
5.5697378865e+01
5.5655693768e+01
5.5614048341e+01
5.5572442864e+01
5.5530930456e+01
5.5489008965e+01
5.5445285549e+01
5.5402049125e+01
5.5359009826e+01
5.5316013323e+01
5.5271418794e+01
5.5226234091e+01
5.5181511631e+01
5.5137203462e+01
5.5091628651e+01
5.5044795195e+01
5.4998006885e+01
5.4951264012e+01
5.4904566868e+01
5.4858354269e+01
5.4809836027e+01
5.4761746406e+01
5.4713704242e+01
5.4665709832e+01
5.4617345492e+01
5.4567126702e+01
5.4516957577e+01
5.4467061298e+01
5.4417649917e+01
5.4366597994e+01
5.4314974970e+01
5.4263402455e+01
5.4211880746e+01
5.4160075064e+01
5.4107531811e+01
5.4055040142e+01
5.4002600356e+01
5.3949269123e+01
5.3894970377e+01
5.3840726186e+01
5.3786654066e+01
5.3732170258e+01
5.3676271681e+01
5.3620797660e+01
5.3565627183e+01
5.3509984796e+01
5.3452381495e+01
5.3394835879e+01
5.3337348257e+01
5.3279918940e+01
5.3223223519e+01
5.3164050103e+01
5.3104965900e+01
5.3046249664e+01
5.2987594117e+01
5.2928999573e+01
5.2867826272e+01
5.2806583677e+01
5.2745454145e+01
5.2685159580e+01
5.2624926860e+01
5.2562305768e+01
5.2499209487e+01
5.2436177368e+01
5.2373443279e+01
5.2310959896e+01
5.2246425987e+01
5.2182021593e+01
5.2117956392e+01
5.2053957665e+01
5.1989348325e+01
5.1922574969e+01
5.1855869769e+01
5.1789233050e+01
5.1722735477e+01
5.1656930120e+01
5.1588587070e+01
5.1520475137e+01
5.1452466441e+01
5.1384527655e+01
5.1315374309e+01
5.1245879454e+01
5.1176457458e+01
5.1106417077e+01
5.1035727902e+01
5.0963727449e+01
5.0891899508e+01
5.0820884131e+01
5.0749941466e+01
5.0677290238e+01
5.0603578047e+01
5.0529940353e+01
5.0456377479e+01
5.0383366183e+01
5.0308154023e+01
5.0233207448e+01
5.0158337962e+01
5.0083545892e+01
5.0008831567e+01
4.9931216070e+01
4.9853314998e+01
4.9775493076e+01
4.9698045774e+01
4.9621469696e+01
4.9543280632e+01
4.9463561896e+01
4.9383921272e+01
4.9304731238e+01
4.9225655410e+01
4.9146259231e+01
4.9063957291e+01
4.8982028263e+01
4.8901014655e+01
4.8820080146e+01
4.8738970877e+01
4.8654922973e+01
4.8570956490e+01
4.8487071748e+01
4.8403269065e+01
4.8320591195e+01
4.8234987193e+01
4.8149751155e+01
4.8064660472e+01
4.7979651408e+01
4.7894118990e+01
4.7805899900e+01
4.7717764638e+01
4.7630772929e+01
4.7544375126e+01
4.7457161889e+01
4.7367643407e+01
4.7278205636e+01
4.7188848874e+01
4.7099804060e+01
4.7009471739e+01
4.6918906645e+01
4.6828605521e+01
4.6738385360e+01
4.6647259805e+01
4.6553810854e+01
4.6460443196e+01
4.6368587833e+01
4.6276988713e+01
4.6185467493e+01
4.6090347678e+01
4.5995264498e+01
4.5900260878e+01
4.5805337097e+01
4.5711232890e+01
4.5615280103e+01
4.5519549901e+01
4.5423896058e+01
4.5328318836e+01
4.5232007822e+01
4.5133025974e+01
4.5034121092e+01
4.4936916598e+01
4.4840115295e+01
4.4743385195e+01
4.4644241290e+01
4.4544563892e+01
4.4444959051e+01
4.4345418701e+01
4.4245580656e+01
4.4143763193e+01
4.4042660191e+01
4.3942359537e+01
4.3842124311e+01
4.3741954728e+01
4.3640160987e+01
4.3537343458e+01
4.3434592820e+01
4.3331909290e+01
4.3229206279e+01
4.3125227608e+01
4.3020790561e+01
4.2917385801e+01
4.2814035841e+01
4.2710740855e+01
4.2607479459e+01
4.2502766645e+01
4.2398109595e+01
4.2293058658e+01
4.2187969193e+01
4.2082416266e+01
4.1974694944e+01
4.1867108965e+01
4.1761863117e+01
4.1656661869e+01
4.1551505357e+01
4.1444607395e+01
4.1337677737e+01
4.1230793620e+01
4.1123483099e+01
4.1015389824e+01
4.0905900632e+01
4.0797384849e+01
4.0690094906e+01
4.0582836869e+01
4.0475610832e+01
4.0367222199e+01
4.0258646505e+01
4.0150103402e+01
4.0041592984e+01
3.9931804933e+01
3.9820894910e+01
3.9711798304e+01
3.9602941815e+01
3.9494102534e+01
3.9385280513e+01
3.9275857219e+01
3.9166280518e+01
3.9056721408e+01
3.8947179938e+01
3.8836698680e+01
3.8725406851e+01
3.8615651084e+01
3.8505895582e+01
3.8396140347e+01
3.8286385377e+01
3.8176424760e+01
3.8066322512e+01
3.7956220576e+01
3.7846118952e+01
3.7736017642e+01
3.7624730112e+01
3.7514651494e+01
3.7404553400e+01
3.7294435778e+01
3.7184298574e+01
3.7074141736e+01
3.6964375829e+01
3.6854649130e+01
3.6744902565e+01
3.6635136080e+01
3.6524860706e+01
3.6414293422e+01
3.6304676592e+01
3.6195020330e+01
3.6085324528e+01
3.5975589084e+01
3.5866653837e+01
3.5757953950e+01
3.5649213925e+01
3.5540433658e+01
3.5430217158e+01
3.5320888040e+01
3.5212424940e+01
3.5103902442e+01
3.4995320392e+01
3.4886678636e+01
3.4779500888e+01
3.4672503661e+01
3.4565446132e+01
3.4457715914e+01
3.4348066990e+01
3.4240537043e+01
3.4133467711e+01
3.4026848827e+01
3.3920150543e+01
3.3813376034e+01
3.3708860344e+01
3.3604264911e+01
3.3498940822e+01
3.3391725418e+01
3.3284417139e+01
3.3179511207e+01
3.3075135582e+01
3.2970665851e+01
3.2866101783e+01
3.2761694762e+01
3.2659168334e+01
3.2555819604e+01
3.2452359482e+01
3.2348787697e+01
3.2245103980e+01
3.2143435872e+01
3.2042226657e+01
3.1940904825e+01
3.1839470107e+01
3.1736230383e+01
3.1635571337e+01
3.1535207329e+01
3.1434761788e+01
3.1334186844e+01
3.1233614900e+01
3.1136654475e+01
3.1039565115e+01
3.0940380650e+01
3.0840439126e+01
3.0740906703e+01
3.0644718075e+01
3.0548387756e+01
3.0451915420e+01
3.0355300735e+01
3.0258675212e+01
3.0163529340e+01
3.0068225020e+01
2.9972761889e+01
2.9877139583e+01
2.9781839507e+01
2.9690257125e+01
2.9598518249e+01
2.9506622522e+01
2.9414458411e+01
2.9319809124e+01
2.9226900324e+01
2.9136144708e+01
2.9045983828e+01
2.8955647237e+01
2.8865306093e+01
2.8776004577e+01
2.8686529189e+01
2.8597403996e+01
2.8508126054e+01
2.8422857135e+01
2.8336605484e+01
2.8248871725e+01
2.8160952399e+01
2.8072847102e+01
2.7989001458e+01
2.7905447797e+01
2.7821708031e+01
2.7737250354e+01
2.7651540438e+01
2.7569489209e+01
2.7486931918e+01
2.7403962662e+01
2.7320798675e+01
2.7237439538e+01
2.7159209801e+01
2.7080806293e+01
2.7000746379e+01
2.6920283372e+01
2.6839618247e+01
2.6761424054e+01
2.6685070684e+01
2.6608513412e+01
2.6531669228e+01
2.6453536842e+01
2.6377212939e+01
2.6303327183e+01
2.6229215466e+01
2.6154165984e+01
2.6078910361e+01
2.6006437978e+01
2.5935142783e+01
2.5862433959e+01
2.5789512647e+01
2.5716378411e+01
2.5647108255e+01
2.5577763486e+01
2.5506942367e+01
2.5435901812e+01
2.5368370782e+01
2.5301574850e+01
2.5234564114e+01
2.5166758251e+01
2.5097350261e+01
2.5033560143e+01
2.4969549650e+01
2.4905318340e+01
2.4840865772e+01
2.4776191504e+01
2.4712602893e+01
2.4650968898e+01
2.4589111737e+01
2.4527030969e+01
2.4464726151e+01
2.4404031515e+01
2.4343592774e+01
2.4285153058e+01
2.4227896306e+01
2.4170419296e+01
2.4112072844e+01
2.4053393197e+01
2.3998313536e+01
2.3944640105e+01
2.3890745868e+01
2.3836630397e+01
2.3782293265e+01
2.3729362225e+01
2.3678501431e+01
2.3627411659e+01
2.3576092468e+01
2.3524543420e+01
2.3473229194e+01
2.3426047733e+01
2.3377949496e+01
2.3329636363e+01
2.3281788396e+01
2.3237810678e+01
2.3192674785e+01
2.3146800929e+01
2.3101463727e+01
2.3060717435e+01
2.3019753308e+01
2.2978570940e+01
2.2937169922e+01
2.2894947525e+01
2.2859137250e+01
2.2823666509e+01
2.2787978415e+01
2.2751962461e+01
2.2714982363e+01
2.2678436172e+01
2.2648901796e+01
2.2619339353e+01
2.2588510750e+01
2.2557464826e+01
2.2526201183e+01
2.2497842684e+01
2.2474958746e+01
2.2451496276e+01
2.2426923770e+01
2.2402163068e+01
2.2380478340e+01
2.2364563004e+01
2.2351240329e+01
2.2337837617e+01
2.2324267306e+01
2.2310529097e+01
2.2296622690e+01
2.2288215802e+01
2.2288932498e+01
2.2289515831e+01
2.2289965567e+01
2.2290281467e+01
2.2293412494e+01
2.2306730871e+01
2.2319951079e+01
2.2333072946e+01
2.2346096299e+01
2.2372204609e+01
2.2399919802e+01
2.2427560478e+01
2.2455126506e+01
2.2501274904e+01
