2.5958515486e-06 -4.4330661796e-06
2.7981676870e-01 1.3933341736e-03
5.5399119755e-01 5.4554351247e-03
8.2236196264e-01 1.2165011835e-02
1.0849642003e+00 2.1363403066e-02
1.3415917227e+00 3.2950072329e-02
1.5920358543e+00 4.6846960587e-02
1.8363820751e+00 6.2960219021e-02
2.0743695703e+00 8.1127531242e-02
2.3059392588e+00 1.0133328083e-01
2.5309639095e+00 1.2342725471e-01
2.7493178836e+00 1.4730077710e-01
2.9610142872e+00 1.7289630711e-01
3.1657905732e+00 2.0004475036e-01
3.3636209109e+00 2.2871083042e-01
3.5544189340e+00 2.5876417749e-01
3.7380697533e+00 2.9006384675e-01
3.9145548293e+00 3.2258042353e-01
4.0836550954e+00 3.5613263280e-01
4.2454015207e+00 3.9066690010e-01
4.3996992527e+00 4.2606910059e-01
4.5464681945e+00 4.6219054509e-01
4.6856678192e+00 4.9900736211e-01
4.8171647157e+00 5.3632669760e-01
4.9410188869e+00 5.7409087729e-01
5.0571419221e+00 6.1219050909e-01
5.1654813143e+00 6.5048540713e-01
5.2660339220e+00 6.8894803928e-01
5.3587594612e+00 7.2736997222e-01
5.4436507793e+00 7.6570885220e-01
5.5207273013e+00 8.0384726187e-01
5.5899679888e+00 8.4167611541e-01
5.6513577447e+00 8.7910834502e-01
5.7049661154e+00 9.1598351061e-01
5.7508069939e+00 9.5228445303e-01
5.7889112620e+00 9.8784218276e-01
5.8193316759e+00 1.0225969231e+00
5.8421048029e+00 1.0564374168e+00
5.8573151360e+00 1.0892295781e+00
5.8650359153e+00 1.1209605083e+00
5.8653298394e+00 1.1514492467e+00
5.8582938675e+00 1.1806399682e+00
5.8440407133e+00 1.2084867492e+00
5.8227026710e+00 1.2348231070e+00
5.7943253208e+00 1.2596349209e+00
5.7591179798e+00 1.2828026810e+00
5.7172031554e+00 1.3042392169e+00
5.6686459106e+00 1.3239089218e+00
5.6136873021e+00 1.3416819193e+00
5.5524433337e+00 1.3575579779e+00
5.4851380713e+00 1.3714226540e+00
5.4119063206e+00 1.3832452910e+00
5.3329471584e+00 1.3929651300e+00
5.2484916484e+00 1.4005007303e+00
5.1586318607e+00 1.4058421764e+00
5.0637139329e+00 1.4088957877e+00
4.9638484996e+00 1.4096871188e+00
4.8593599900e+00 1.4081521039e+00
4.7504148527e+00 1.4042697798e+00
4.6372562287e+00 1.3980335185e+00
4.5201866335e+00 1.3894115743e+00
4.3993150170e+00 1.3783947522e+00
4.2750702170e+00 1.3649666908e+00
4.1475343206e+00 1.3491591025e+00
4.0171454287e+00 1.3309889108e+00
3.8840390266e+00 1.3104671635e+00
3.7485968717e+00 1.2876276971e+00
3.6109903887e+00 1.2624734509e+00
3.4715078845e+00 1.2350537211e+00
3.3305446348e+00 1.2054311320e+00
3.1882127650e+00 1.1736618886e+00
3.0450072017e+00 1.1398645724e+00
2.9010072342e+00 1.1040482323e+00
2.7566468234e+00 1.0662918372e+00
2.6121540398e+00 1.0267002647e+00
2.4678977515e+00 9.8544122683e-01
2.3240400980e+00 9.4253295522e-01
2.1810962787e+00 8.9816104999e-01
2.0391199293e+00 8.5239818342e-01
1.8986478669e+00 8.0550383983e-01
1.7598927338e+00 7.5759157647e-01
1.6231360956e+00 7.0876127969e-01
1.4888501293e+00 6.5927291975e-01
1.3570896998e+00 6.0919069920e-01
1.2285887327e+00 5.5893856836e-01
1.1033584085e+00 5.0856854134e-01
9.8199376985e-01 4.5850121533e-01
8.6483102803e-01 4.0894224539e-01
7.5207328901e-01 3.5997407118e-01
6.4471324601e-01 3.1222709030e-01
5.4251369343e-01 2.6576999510e-01
4.4657281358e-01 2.2114578130e-01
3.5746184160e-01 1.7885489587e-01
2.7519546478e-01 1.3917051992e-01
2.0147153935e-01 1.0273007638e-01
1.3676535983e-01 7.0601417210e-02
8.1858017447e-02 4.3135286970e-02
3.9514059579e-02 2.0691068572e-02
1.1805139898e-02 5.9495124732e-03
-1.2798677536e-05 -5.1680899030e-06
