-5.6623443128e-07 -3.6333523170e-06
2.8334873556e-01 9.0226375175e-04
5.6095239693e-01 3.5027773744e-03
8.3275226763e-01 7.8249162684e-03
1.0986700442e+00 1.3744754910e-02
1.3586685037e+00 2.1198791599e-02
1.6127519860e+00 3.0151529534e-02
1.8607441433e+00 4.0508606075e-02
2.1026293571e+00 5.2246366710e-02
2.3383825606e+00 6.5292249221e-02
2.5679017826e+00 7.9551041998e-02
2.7911786242e+00 9.5017968643e-02
3.0080769230e+00 1.1159739643e-01
3.2185747537e+00 1.2923617157e-01
3.4226723994e+00 1.4788906517e-01
3.6202188521e+00 1.6746757297e-01
3.8112030201e+00 1.8795456810e-01
3.9955870662e+00 2.0925978332e-01
4.1732945364e+00 2.3131344125e-01
4.3443139532e+00 2.5409531749e-01
4.5085180807e+00 2.7751688685e-01
4.6659518995e+00 3.0153238026e-01
4.8165384627e+00 3.2607250525e-01
4.9601919978e+00 3.5108439587e-01
5.0969724362e+00 3.7651958354e-01
5.2267652250e+00 4.0228632986e-01
5.3495593289e+00 4.2837023163e-01
5.4653439384e+00 4.5467825956e-01
5.5740791702e+00 4.8114899527e-01
5.6757682649e+00 5.0774977267e-01
5.7703336612e+00 5.3439469984e-01
5.8578523610e+00 5.6104497090e-01
5.9382461636e+00 5.8761737550e-01
6.0115032796e+00 6.1407341681e-01
6.0776828252e+00 6.4036220601e-01
6.1367581232e+00 6.6637984372e-01
6.1887279330e+00 6.9211424534e-01
6.2336048485e+00 7.1747555610e-01
6.2714304235e+00 7.4240687665e-01
6.3022212075e+00 7.6687170563e-01
6.3259676276e+00 7.9077815769e-01
6.3427589067e+00 8.1410818482e-01
6.3525933601e+00 8.3676120111e-01
6.3555478145e+00 8.5869544050e-01
6.3516244779e+00 8.7987123091e-01
6.3409255703e+00 9.0019155331e-01
6.3234876157e+00 9.1963707033e-01
6.2993708091e+00 9.3811915884e-01
6.2686491149e+00 9.5560555314e-01
6.2314096004e+00 9.7203690832e-01
6.1877370907e+00 9.8734104022e-01
6.1376891441e+00 1.0015004455e+00
6.0814361793e+00 1.0144175097e+00
6.0189959082e+00 1.0260728906e+00
5.9505242933e+00 1.0363966781e+00
5.8761176350e+00 1.0453372934e+00
5.7959096383e+00 1.0528680176e+00
5.7100133945e+00 1.0589122295e+00
5.6185540393e+00 1.0634596058e+00
5.5217285925e+00 1.0664334609e+00
5.4196131701e+00 1.0678189057e+00
5.3123844400e+00 1.0675646103e+00
5.2002489027e+00 1.0656242966e+00
5.0832802742e+00 1.0619829034e+00
4.9617304658e+00 1.0565826313e+00
4.8357476185e+00 1.0494281736e+00
4.7055330941e+00 1.0404632076e+00
4.5712638485e+00 1.0296776719e+00
4.4331538836e+00 1.0170739786e+00
4.2914248395e+00 1.0025998793e+00
4.1462442831e+00 9.8627296961e-01
3.9979313056e+00 9.6807576923e-01
3.8465995013e+00 9.4801686184e-01
3.6926262480e+00 9.2610893329e-01
3.5361359763e+00 9.0234186653e-01
3.3774799133e+00 8.7673606148e-01
3.2168592394e+00 8.4932300895e-01
3.0546345943e+00 8.2012939322e-01
2.8910466519e+00 7.8921125543e-01
2.7263844410e+00 7.5662069091e-01
2.5610546403e+00 7.2238344862e-01
2.3952653446e+00 6.8660435289e-01
2.2295426744e+00 6.4935532611e-01
2.0640637171e+00 6.1071611742e-01
1.8994846166e+00 5.7087564488e-01
1.7359261872e+00 5.2986522896e-01
1.5741576368e+00 4.8789128975e-01
1.4144161752e+00 4.4506273844e-01
1.2573880855e+00 4.0159222796e-01
1.1037370895e+00 3.5773194229e-01
9.5381783191e-01 3.1367991188e-01
8.0895674614e-01 2.6987430916e-01
6.6938630954e-01 2.2650881537e-01
5.3687612721e-01 1.8430341525e-01
4.1191878889e-01 1.4348257823e-01
2.9694656499e-01 1.0484197524e-01
1.9338902054e-01 6.9073801089e-02
1.0397774496e-01 3.7141139756e-02
3.8992854633e-02 1.3685458986e-02
-2.7307969509e-05 -8.8429982403e-06
