5.3893610766e-05 8.7342191392e-06
5.3893610975e-05 8.7342192810e-06
3.5052300492e-04 1.2295440206e-04
2.7182096270e-01 -7.2119077360e-05
5.3649228723e-01 -2.7701850952e-04
5.4639438679e-01 -1.0768350558e-03
7.9406786721e-01 -6.0596407733e-04
1.0435692911e+00 -5.4794207494e-03
1.0445477026e+00 -1.0589557808e-03
1.2880600837e+00 -1.6305889163e-03
1.4918752303e+00 -1.3084805335e-02
1.5250435389e+00 -2.3458734096e-03
1.7555337556e+00 -3.2112231985e-03
1.8925637347e+00 -2.3826021514e-02
1.9795526395e+00 -4.1719065885e-03
2.1971272551e+00 -5.2494226755e-03
2.2680740688e+00 -3.4610579350e-02
2.4086329143e+00 -6.4545714166e-03
2.6141224629e+00 -7.7744714449e-03
2.6183238447e+00 -4.3914560894e-02
2.8135710405e+00 -9.2306569788e-03
2.9416694974e+00 -5.4152741377e-02
3.0070877430e+00 -1.0801980157e-02
3.1949952973e+00 -1.2517423031e-02
3.2429059329e+00 -6.6686679217e-02
3.3773349793e+00 -1.4372755763e-02
3.5227309708e+00 -7.8930625359e-02
3.5540818263e+00 -1.6319626496e-02
3.7252931835e+00 -1.8369869144e-02
3.7827844333e+00 -8.9495802865e-02
3.8912884790e+00 -2.0552289748e-02
4.0256933689e+00 -9.9485466316e-02
4.0521124546e+00 -2.2861567332e-02
4.2077651104e+00 -2.5297701894e-02
4.2537010213e+00 -1.0936761838e-01
4.3582520657e+00 -2.7861189348e-02
4.4668073906e+00 -1.1914225907e-01
4.5038184901e+00 -3.0537503877e-02
4.6445745687e+00 -3.3321591354e-02
4.6660546355e+00 -1.2823844849e-01
4.7805203016e+00 -3.6213451777e-02
4.8519626688e+00 -1.3644011830e-01
4.9116556888e+00 -3.9213085147e-02
5.0269983050e+00 -1.4401219032e-01
5.0381366755e+00 -4.2310836006e-02
5.1600860971e+00 -4.5547327293e-02
5.1910933858e+00 -1.5097787180e-01
5.2774622753e+00 -4.8885657160e-02
5.3440171797e+00 -1.5735434815e-01
5.3903627466e+00 -5.2297915932e-02
5.4869464654e+00 -1.6323216976e-01
5.4988003556e+00 -5.5785358082e-02
5.6029397096e+00 -5.9381151959e-02
5.6208710258e+00 -1.6845860786e-01
5.7028308554e+00 -6.3099004003e-02
5.7463680812e+00 -1.7305563319e-01
5.7985233534e+00 -6.6912336021e-02
5.8634376318e+00 -1.7702324575e-01
5.8900071438e+00 -7.0773621321e-02
5.9721802949e+00 -1.8038386884e-01
5.9772844531e+00 -7.4692270156e-02
6.0604959403e+00 -7.8692078541e-02
6.0736601388e+00 -1.8330070318e-01
6.1396878819e+00 -8.2769708857e-02
6.1680178636e+00 -1.8572339418e-01
6.2148602778e+00 -8.6925161102e-02
6.2555372203e+00 -1.8758989927e-01
6.2860274096e+00 -9.1117697458e-02
6.3363932148e+00 -1.8896241361e-01
6.3531531245e+00 -9.5348760809e-02
6.4108093402e+00 -1.8980553782e-01
6.4163696012e+00 -9.9613563018e-02
6.4756885077e+00 -1.0391254750e-01
6.4793440990e+00 -1.9022166305e-01
6.5311043772e+00 -1.0825027991e-01
6.5420239644e+00 -1.9023287715e-01
6.5826213269e+00 -1.1261034228e-01
6.5989102614e+00 -1.8986047932e-01
6.6302742522e+00 -1.1697356812e-01
6.6502600271e+00 -1.8913468124e-01
6.6740265913e+00 -1.2132367961e-01
6.6963460762e+00 -1.8796177833e-01
6.7138903657e+00 -1.2564353990e-01
6.7374788449e+00 -1.8649535235e-01
6.7498655753e+00 -1.2993314900e-01
6.7736726921e+00 -1.8472540492e-01
6.7819563954e+00 -1.3418448391e-01
6.8048784872e+00 -1.8263390208e-01
6.8101924256e+00 -1.3839733958e-01
6.8312079986e+00 -1.8036314282e-01
6.8344558011e+00 -1.4259219153e-01
6.8529299198e+00 -1.7776545915e-01
6.8547322561e+00 -1.4668132792e-01
6.8702343610e+00 -1.7496557455e-01
6.8710217904e+00 -1.5066474873e-01
6.8831345364e+00 -1.7198956826e-01
6.8833441200e+00 -1.5452428032e-01
6.8916332049e+00 -1.6883924160e-01
6.8916486522e+00 -1.5829412436e-01
6.8958548570e+00 -1.6551422065e-01
6.8958635504e+00 -1.6199233146e-01
