3.8801208223e+02
3.8786192224e+02
3.8771552785e+02
3.8757613197e+02
3.8744397772e+02
3.8731634041e+02
3.8720032452e+02
3.8708267196e+02
3.8697611293e+02
3.8687609083e+02
3.8678136316e+02
3.8669699898e+02
3.8661337041e+02
3.8654057779e+02
3.8647408692e+02
3.8641316229e+02
3.8636338323e+02
3.8631466853e+02
3.8627563796e+02
3.8624405185e+02
3.8621741854e+02
3.8620345574e+02
3.8619151606e+02
3.8618747107e+02
3.8619032711e+02
3.8620376777e+02
3.8622353050e+02
3.8624693424e+02
3.8628162120e+02
3.8632231633e+02
3.8636961396e+02
3.8642792914e+02
3.8648985614e+02
3.8655744142e+02
3.8663802818e+02
3.8672223824e+02
3.8681598795e+02
3.8691394334e+02
3.8702372100e+02
3.8713643854e+02
3.8725699308e+02
3.8738775192e+02
3.8752466364e+02
3.8766611715e+02
3.8781489405e+02
3.8797273355e+02
3.8813514622e+02
3.8830782200e+02
3.8848525137e+02
3.8866751001e+02
3.8885734526e+02
3.8905362661e+02
3.8925543321e+02
3.8946169504e+02
3.8967878989e+02
3.8989790091e+02
3.9012363158e+02
3.9035453383e+02
3.9059221378e+02
3.9083042973e+02
3.9107769397e+02
3.9132992716e+02
3.9158624086e+02
3.9184190782e+02
3.9210904401e+02
3.9237654774e+02
3.9264788421e+02
3.9292214012e+02
3.9320244808e+02
3.9348244166e+02
3.9376584529e+02
3.9405374780e+02
3.9434205924e+02
3.9463279200e+02
3.9492399553e+02
3.9522181529e+02
3.9551376940e+02
3.9580910251e+02
3.9611241059e+02
3.9640404870e+02
3.9670264638e+02
3.9699983701e+02
3.9729210401e+02
3.9758594717e+02
3.9788097284e+02
3.9817774335e+02
3.9845704292e+02
3.9873780500e+02
3.9902000987e+02
3.9928650580e+02
3.9957047071e+02
3.9981049121e+02
4.0007442075e+02
4.0026946182e+02
4.0053586315e+02
4.0065382062e+02
4.0087578537e+02
4.0091316491e+02
4.0048763725e+02
3.9944499475e+02
