2.9018552945e+02
2.9098222948e+02
2.8939121788e+02
2.9177869622e+02
2.8859855751e+02
2.9257075024e+02
2.8780574930e+02
2.9336272109e+02
2.8701830721e+02
2.9415642354e+02
2.8623146312e+02
2.9495249029e+02
2.8544518846e+02
2.9574883555e+02
2.9655614149e+02
2.8465831982e+02
2.9736343040e+02
2.8387126667e+02
2.9815569946e+02
2.8308429870e+02
2.9893367600e+02
2.8229728461e+02
2.9971173784e+02
2.8151785554e+02
3.0053797705e+02
2.8075163561e+02
3.0136508491e+02
2.7998516271e+02
3.0217540590e+02
2.7920706126e+02
3.0296841748e+02
2.7842636620e+02
3.0376161899e+02
2.7764779576e+02
3.0457050233e+02
2.7687125988e+02
3.0538041935e+02
2.7609440820e+02
3.0618938195e+02
2.7532825805e+02
3.0699901587e+02
2.7456506565e+02
3.0780892074e+02
2.7380264735e+02
3.0860975912e+02
2.7304071025e+02
3.0940966627e+02
2.7227843777e+02
3.1020596067e+02
2.7151854158e+02
3.1099745359e+02
2.7075938101e+02
3.1178918741e+02
2.7000211585e+02
3.1260997569e+02
2.6924931961e+02
3.1343561747e+02
2.6849611649e+02
3.1424751333e+02
2.6774917956e+02
3.1503438847e+02
2.6700486880e+02
3.1582155458e+02
2.6625943204e+02
3.1663276526e+02
2.6550602435e+02
3.1744947770e+02
2.6475216752e+02
3.1826044436e+02
2.6401875251e+02
3.1905907757e+02
2.6329591355e+02
3.1985805881e+02
2.6257151345e+02
3.2065824927e+02
2.6183255318e+02
3.2145895843e+02
2.6109299042e+02
3.2226049982e+02
2.6036494144e+02
3.2306574227e+02
2.5964407109e+02
3.2387138576e+02
2.5892359838e+02
3.2466440289e+02
2.5820171781e+02
3.2545308940e+02
2.5747929041e+02
3.2624589770e+02
2.5676285699e+02
3.2705514748e+02
2.5605078710e+02
3.2786484613e+02
2.5534040551e+02
3.2865437240e+02
2.5466045676e+02
3.2943528184e+02
2.5397998526e+02
3.3021974771e+02
2.5327710238e+02
3.3102246453e+02
2.5255490137e+02
3.3182566749e+02
2.5183410814e+02
3.3261373620e+02
2.5114513527e+02
3.3339400667e+02
2.5045553880e+02
3.3417699338e+02
2.4976673549e+02
3.3498075982e+02
2.4907883861e+02
3.3578510165e+02
2.4839043020e+02
3.3657003329e+02
2.4773606486e+02
3.3734296595e+02
2.4708169125e+02
3.3811662902e+02
3.3889933249e+02
2.4641060428e+02
3.3968262556e+02
2.4571970797e+02
3.4046740612e+02
2.4502837920e+02
3.4125331938e+02
2.4436326476e+02
3.4203772883e+02
2.4369836766e+02
3.4279720521e+02
2.4304107238e+02
3.4355725182e+02
2.4239490768e+02
3.4433158619e+02
2.4174814320e+02
3.4511831517e+02
2.4109824640e+02
3.4590462367e+02
2.4044681469e+02
3.4666326008e+02
2.3980339014e+02
3.4742249856e+02
2.3917398325e+02
3.4818720068e+02
2.3854397753e+02
3.4895738776e+02
2.3790213703e+02
3.4972807182e+02
2.3725676963e+02
3.5048796945e+02
2.3662162392e+02
3.5124864876e+02
2.3600781998e+02
3.5200705926e+02
2.3539332446e+02
3.5276254505e+02
2.3478665088e+02
3.5351855775e+02
2.3418077737e+02
3.5427512584e+02
2.3357391098e+02
3.5503279762e+02
2.3296584206e+02
3.5578690570e+02
2.3235710300e+02
3.5653563599e+02
2.3176263002e+02
3.5728493256e+02
3.5801592502e+02
2.3117114063e+02
3.5874563632e+02
2.3057977275e+02
3.5948628089e+02
2.2999045876e+02
3.6024472405e+02
2.2940046463e+02
3.6100369986e+02
2.2881977407e+02
3.6173834755e+02
2.2824118863e+02
3.6247028711e+02
2.2766387511e+02
3.6320155020e+02
2.2709365425e+02
3.6393058393e+02
2.2652269574e+02
3.6466018187e+02
2.2596387929e+02
3.6539039242e+02
2.2540934908e+02
3.6612195732e+02
2.2485446771e+02
3.6685006735e+02
2.2430130915e+02
3.6756874520e+02
2.2374743295e+02
3.6828804118e+02
2.2319735805e+02
3.6900678627e+02
2.2264792691e+02
3.6972637046e+02
2.2210133975e+02
3.7044481361e+02
2.2157871564e+02
3.7115839583e+02
3.7187262151e+02
2.2105530883e+02
3.7257368477e+02
2.2052608633e+02
3.7327082072e+02
2.1999182480e+02
3.7397068496e+02
2.1945901311e+02
3.7467859185e+02
2.1894942669e+02
3.7538706459e+02
2.1843903651e+02
3.7609031835e+02
2.1793544281e+02
3.7679269625e+02
2.1743605355e+02
3.7749351484e+02
2.1693569278e+02
3.7818379124e+02
2.1643346416e+02
3.7887472694e+02
2.1593044910e+02
3.7956352091e+02
2.1544780897e+02
3.8025209329e+02
2.1498247987e+02
3.8094081718e+02
2.1451597275e+02
3.8162620321e+02
2.1401989124e+02
3.8231228346e+02
3.8298162709e+02
2.1352319114e+02
3.8364090338e+02
2.1304270471e+02
3.8430359631e+02
2.1257692384e+02
3.8499368074e+02
2.1211021794e+02
3.8568442371e+02
2.1164724230e+02
3.8635723735e+02
2.1118358680e+02
3.8701771714e+02
2.1072423373e+02
3.8767889689e+02
2.1026931782e+02
3.8833870621e+02
2.0981344550e+02
3.8899919626e+02
2.0937903140e+02
3.8965820659e+02
2.0894547306e+02
3.9031677462e+02
2.0851156064e+02
3.9097601926e+02
2.0807646836e+02
3.9162434835e+02
3.9227339754e+02
2.0764040489e+02
3.9291877642e+02
2.0721484997e+02
3.9356083360e+02
2.0678988809e+02
3.9420368205e+02
2.0637493098e+02
3.9484294969e+02
2.0597705300e+02
3.9548279738e+02
2.0557826915e+02
3.9611903786e+02
2.0516235352e+02
3.9675148602e+02
2.0474273998e+02
3.9738474846e+02
2.0433203197e+02
3.9801417564e+02
2.0393884498e+02
3.9864397327e+02
2.0354471625e+02
3.9926900043e+02
2.0315845572e+02
3.9988749175e+02
4.0050678154e+02
2.0277344268e+02
4.0112444258e+02
2.0238845583e+02
4.0174254059e+02
2.0200333451e+02
4.0235697145e+02
2.0161725406e+02
4.0296527317e+02
2.0125563927e+02
4.0357438218e+02
2.0090090736e+02
4.0417954234e+02
2.0054154975e+02
4.0478460372e+02
2.0016758739e+02
4.0538684345e+02
1.9979267069e+02
4.0598326624e+02
1.9943797069e+02
4.0658050386e+02
1.9909034503e+02
4.0717309519e+02
4.0776514432e+02
1.9874374057e+02
4.0835502444e+02
1.9840207007e+02
4.0893917253e+02
1.9805945990e+02
4.0952412972e+02
1.9772306382e+02
4.1009989834e+02
1.9738908450e+02
4.1067337996e+02
1.9705553369e+02
4.1124799294e+02
1.9672509793e+02
4.1182600756e+02
1.9639371415e+02
4.1240485680e+02
1.9607312093e+02
4.1297640423e+02
1.9575807834e+02
4.1354567406e+02
1.9544346854e+02
4.1411157317e+02
4.1466316119e+02
1.9513489657e+02
4.1521555806e+02
1.9482539252e+02
4.1576823171e+02
1.9452077627e+02
4.1632142800e+02
1.9421908152e+02
4.1687449697e+02
1.9391798289e+02
4.1742541829e+02
1.9362846264e+02
4.1797717128e+02
1.9333801829e+02
4.1851467361e+02
1.9304862404e+02
4.1904471048e+02
1.9275988554e+02
4.1957638402e+02
4.2011652678e+02
1.9247142791e+02
4.2065750554e+02
1.9220140163e+02
4.2118193678e+02
1.9193046913e+02
4.2169586350e+02
1.9165956650e+02
4.2220975165e+02
1.9138866154e+02
4.2271662978e+02
1.9111716729e+02
4.2322431543e+02
1.9085775824e+02
4.2373336673e+02
1.9059733038e+02
4.2424358800e+02
1.9034136727e+02
4.2475394416e+02
4.2526038607e+02
1.9009026674e+02
4.2576765764e+02
1.8983832819e+02
4.2626403461e+02
1.8958873096e+02
4.2675062253e+02
1.8933803818e+02
4.2723788101e+02
1.8909677271e+02
4.2771199375e+02
1.8886756589e+02
4.2818694041e+02
1.8863749056e+02
4.2866107882e+02
1.8840645079e+02
4.2913427800e+02
1.8817428484e+02
4.2960825704e+02
4.3006777641e+02
1.8794947256e+02
4.3052771917e+02
1.8773598997e+02
4.3098341387e+02
1.8752164078e+02
4.3143356136e+02
1.8731133151e+02
4.3188449056e+02
1.8710057223e+02
4.3232660941e+02
1.8689610281e+02
4.3276895220e+02
1.8670338900e+02
4.3320587425e+02
1.8650984327e+02
4.3363438684e+02
4.3406370344e+02
1.8631231525e+02
4.3447587465e+02
1.8611291886e+02
4.3488659625e+02
1.8591833000e+02
4.3529652737e+02
1.8573485505e+02
4.3570443654e+02
1.8555049665e+02
4.3611314127e+02
1.8538134904e+02
4.3650490985e+02
1.8521506971e+02
4.3689437404e+02
1.8504993691e+02
4.3727901205e+02
4.3765261447e+02
1.8488915978e+02
4.3802702279e+02
1.8472749896e+02
4.3838775592e+02
1.8457595974e+02
4.3874589852e+02
1.8442663972e+02
4.3910096523e+02
1.8428087858e+02
4.3944692901e+02
1.8414827831e+02
4.3979369663e+02
1.8401476345e+02
4.4012415970e+02
4.4045033085e+02
1.8389375135e+02
4.4077149516e+02
1.8377675048e+02
4.4107519959e+02
1.8366139600e+02
4.4137972845e+02
1.8355538752e+02
4.4166936673e+02
1.8344843038e+02
4.4195398295e+02
1.8336676440e+02
4.4223359650e+02
1.8329624813e+02
4.4249090154e+02
4.4274904546e+02
1.8322642169e+02
4.4298737952e+02
1.8316427519e+02
4.4321706282e+02
1.8310116677e+02
4.4344294487e+02
1.8306684236e+02
4.4364549471e+02
1.8304785700e+02
4.4384890843e+02
1.8303208965e+02
4.4402485190e+02
1.8304604681e+02
4.4418605798e+02
4.4434212046e+02
1.8305900725e+02
4.4445524972e+02
1.8310572298e+02
4.4456928026e+02
1.8317414604e+02
4.4464466319e+02
1.8324736389e+02
4.4469485254e+02
1.8338611251e+02
4.4473981812e+02
1.8352380698e+02
4.4471578474e+02
1.8374033284e+02
4.4469270649e+02
4.4458847473e+02
1.8401844713e+02
4.4442099215e+02
1.8429925312e+02
4.4425211944e+02
1.8466778056e+02
4.4402820988e+02
1.8503500192e+02
4.4380559721e+02
1.8614419321e+02
4.4258044613e+02
1.8795541531e+02
4.4041587315e+02
1.8976792298e+02
4.3825043307e+02
