7.9254706966e-05 3.3897693059e-06
6.2463360652e-04 5.8845982270e-06
5.3900460964e-04 7.0642774202e-07
8.8230604440e-04 2.5179532868e-06
8.5706724370e-04 2.9148776434e-06
8.5922105230e-04 -3.1749638500e-06
8.8822668758e-04 7.8608930696e-06
5.5508721639e-04 -3.7104052150e-06
6.3713333806e-04 9.2511816605e-06
5.1965033110e-05 2.5576776262e-06
1.0619641930e-04 3.9271091000e-06
6.0688158904e-04 2.0465337664e-06
5.2475715775e-04 -3.7870277612e-06
8.7520146729e-04 -3.6387143980e-06
8.5518636012e-04 2.7641888644e-06
8.6212043502e-04 -1.2202364946e-05
8.9969382777e-04 1.7761230869e-05
5.6997068858e-04 -1.1770005345e-05
6.6195732568e-04 1.9819176444e-05
2.3747922083e-05 1.5644389577e-06
1.3453410033e-04 7.9946435024e-06
5.8352409507e-04 -2.3321970604e-06
5.0781240917e-04 1.0522554686e-05
8.6152118438e-04 -1.0130788096e-05
8.4868001279e-04 1.8049836642e-05
8.6360833679e-04 -1.7321700942e-05
8.9930449899e-04 2.4689584740e-05
5.8629236398e-04 -1.4244614926e-05
6.7518218737e-04 2.4271377278e-05
2.3425203653e-05 7.1010635551e-07
1.6332995488e-04 9.9268397719e-06
5.6574029862e-04 -8.6418977144e-06
4.8388224640e-04 1.2810414589e-05
8.5374595964e-04 -1.7637966253e-05
8.3936869329e-04 2.2727807806e-05
8.6200960442e-04 -2.3791921768e-05
9.0891205441e-04 3.0098920273e-05
5.9549369450e-04 -1.9405094197e-05
6.8929084246e-04 2.7338305114e-05
5.3059767871e-05 -9.4528192462e-07
1.8676295538e-04 1.0859606473e-05
5.4582847405e-04 -1.1606897493e-05
4.7007428970e-04 1.0219944571e-05
8.4181265321e-04 -2.3191232105e-05
8.3799429231e-04 2.3505605028e-05
8.6161555655e-04 -3.0712933926e-05
9.1452947451e-04 3.8613378468e-05
6.0892446941e-04 -2.5047123179e-05
7.1237058570e-04 3.6554954492e-05
7.8617400067e-05 -3.0362955614e-06
2.1382586519e-04 1.5414087729e-05
5.2606150076e-04 -1.6409781523e-05
4.4369230480e-04 1.9156677248e-05
8.3139298459e-04 -3.0155639566e-05
8.2590938424e-04 3.5747336807e-05
8.5895237382e-04 -3.7648524488e-05
9.1793066055e-04 4.6662707951e-05
6.1817958406e-04 -3.1014352050e-05
1.0473662143e-04 -5.5480589861e-06
7.2509614426e-04 4.3702826335e-05
5.0290396820e-04 -1.8987193705e-05
2.4003141106e-04 1.9571953147e-05
8.1702069676e-04 -3.4793853171e-05
4.2154621441e-04 2.2757440681e-05
8.5617119719e-04 -4.2406467820e-05
8.1413827770e-04 4.2695632793e-05
6.2863008545e-04 -3.4448772002e-05
9.1879180733e-04 5.4973507841e-05
1.3046727043e-04 -7.5675853807e-06
7.3940545329e-04 5.1601576019e-05
4.8446681160e-04 -1.7138249145e-05
2.6702953783e-04 2.4203705985e-05
8.0766117974e-04 -3.6455724227e-05
4.0099301708e-04 2.6352169717e-05
8.5053066688e-04 -5.0588662968e-05
8.0466140403e-04 4.9645041046e-05
6.3722021664e-04 -4.3631432894e-05
9.2012440720e-04 6.1668434419e-05
1.8447753856e-04 -1.3942580650e-05
7.5075009740e-04 5.6746202386e-05
4.0105077010e-04 -2.3334499459e-05
2.8885394434e-04 2.7422727936e-05
7.0822577327e-04 -4.3135463119e-05
3.7900297867e-04 2.8202362147e-05
8.3595165224e-04 -5.5347903961e-05
7.9687709696e-04 5.5160423507e-05
6.6086707935e-04 -4.7773652329e-05
9.2089409854e-04 6.9061222426e-05
1.8619478711e-04 -1.5146894302e-05
7.5752209443e-04 6.4551694938e-05
4.3258285535e-04 -2.7311695383e-05
3.1089880459e-04 3.2198713241e-05
7.7269925892e-04 -5.1164191867e-05
3.5866882878e-04 2.8571222249e-05
8.4582800917e-04 -6.1796007666e-05
7.8669991434e-04 5.9005609740e-05
6.4966160375e-04 -5.1853713285e-05
9.1869877625e-04 7.5860031741e-05
2.0006835233e-04 -1.7755314268e-05
7.7857980836e-04 7.6722346702e-05
4.1228089381e-04 -2.9443426449e-05
3.3922139673e-04 4.0884860512e-05
7.5702747905e-04 -5.6106199428e-05
3.2799979049e-04 3.2049961582e-05
8.3762566140e-04 -6.7514655271e-05
7.6704096042e-04 6.7399999825e-05
6.6247695770e-04 -5.7670965768e-05
9.1752270174e-04 8.5188939024e-05
2.2462780011e-04 -2.1649947550e-05
7.8343052760e-04 7.9167661210e-05
3.8829665605e-04 -3.1642130063e-05
3.5884960835e-04 4.2348016039e-05
7.4035659106e-04 -6.1201058335e-05
3.0643753255e-04 3.3777819967e-05
8.3086723758e-04 -7.3077430201e-05
7.5683159798e-04 7.3528976350e-05
6.6637360306e-04 -6.3336767509e-05
2.4375896333e-04 -2.5686311041e-05
9.1528877735e-04 9.1020406013e-05
3.6545821586e-04 -3.1808085359e-05
7.8704824663e-04 8.2532400115e-05
7.2454248240e-04 -6.4003855773e-05
3.7561246223e-04 4.4760719141e-05
8.2302471798e-04 -7.8461707116e-05
2.8387649903e-04 3.1996209042e-05
6.7295601293e-04 -6.9384782199e-05
7.4882263619e-04 7.5207431309e-05
2.6488059898e-04 -3.0194980598e-05
9.1365414022e-04 9.7821773798e-05
3.4052896244e-04 -3.2880746694e-05
7.9110229916e-04 9.3353054962e-05
7.0712106006e-04 -6.8247394255e-05
3.9394919004e-04 5.3378389170e-05
8.2009651856e-04 -8.4435990085e-05
2.5824596734e-04 3.0740586127e-05
6.7456428586e-04 -7.5546000871e-05
7.2991921346e-04 7.6362592237e-05
2.7952379843e-04 -3.4743870645e-05
9.0552743036e-04 1.0472870812e-04
3.1646620132e-04 -3.3601560213e-05
8.0724352416e-04 1.0146617610e-04
6.8861957380e-04 -7.1539824169e-05
4.2145620624e-04 5.9535217066e-05
8.0429328187e-04 -8.7619161127e-05
2.2819381508e-04 3.3710193993e-05
6.7502647117e-04 -7.8335800043e-05
7.0874759372e-04 8.7612067205e-05
2.9899474198e-04 -3.7890421344e-05
8.9913395361e-04 1.1344206104e-04
2.9546174988e-04 -3.1291490739e-05
8.1118609199e-04 1.1034885476e-04
6.7148490207e-04 -7.1123483372e-05
4.3880509392e-04 6.7225905885e-05
7.9504873873e-04 -9.3442657131e-05
6.7859186829e-04 -8.7853484911e-05
2.0041090357e-04 3.3157345819e-05
3.1465087240e-04 -4.5142440455e-05
6.8972149065e-04 9.1140910915e-05
2.6858750125e-04 -3.3525443767e-05
8.9172811358e-04 1.2081364820e-04
6.5185191651e-04 -7.7555235068e-05
8.1753975505e-04 1.1952987498e-04
7.8728627974e-04 -9.7554204466e-05
4.5846486359e-04 7.4940427534e-05
6.7741404702e-04 -8.8964891547e-05
1.7249490071e-04 3.2460917449e-05
3.2812358494e-04 -4.6830166525e-05
6.6943085733e-04 9.5897345681e-05
2.4748727687e-04 -3.0738078499e-05
8.8382890545e-04 1.2734429838e-04
6.3658774870e-04 -7.6330257101e-05
8.1986228008e-04 1.2404604686e-04
7.7496374974e-04 -1.0173064556e-04
4.7200129239e-04 7.8383353452e-05
6.8096506902e-04 -9.7765497410e-05
1.4313129607e-04 3.0054466740e-05
3.4561416236e-04 -5.4472232218e-05
6.5489947885e-04 9.9307832302e-05
2.2099343028e-04 -3.2587307874e-05
8.7736500052e-04 1.3387905545e-04
6.1270476779e-04 -8.3162341477e-05
8.1915246957e-04 1.3354908717e-04
7.6282964711e-04 -1.0640803258e-04
4.8568157242e-04 8.7866536573e-05
6.8046061268e-04 -1.0205538584e-04
3.6033314467e-04 -5.8788305363e-05
1.1778476645e-04 2.8678474868e-05
1.9746354642e-04 -3.0855576108e-05
6.3440192790e-04 1.0168286898e-04
5.9011254345e-04 -8.3640575765e-05
8.6629699204e-04 1.3992340686e-04
7.4871549162e-04 -1.0884898529e-04
8.2192635051e-04 1.4070581644e-04
6.8084747914e-04 -1.0219947147e-04
5.0197891504e-04 9.3923018770e-05
3.7459128694e-04 -5.9318758371e-05
8.8521996865e-05 2.5373968180e-05
1.7531772212e-04 -2.9380142623e-05
6.1259251754e-04 1.0443676454e-04
5.7510986505e-04 -8.7025333554e-05
8.5383219916e-04 1.4587211198e-04
7.3888769494e-04 -1.1317368640e-04
8.2159893352e-04 1.4874230122e-04
6.7720936992e-04 -1.1086728776e-04
5.1653439989e-04 1.0182336838e-04
3.8388970116e-04 -6.8327812761e-05
6.1657601560e-05 2.1928682445e-05
1.5078214828e-04 -2.6543750857e-05
5.8951821435e-04 1.0668615184e-04
5.5524054527e-04 -8.3784543696e-05
8.4081490177e-04 1.5079656153e-04
7.2590099875e-04 -1.1486697411e-04
6.7169723869e-04 -1.1161966885e-04
8.2131401432e-04 1.5371111386e-04
3.9129505671e-04 -6.8820915438e-05
5.2989257801e-04 1.0711475235e-04
1.2759748393e-04 -2.5212167599e-05
3.3235837892e-05 1.8853612263e-05
5.3769679498e-04 -8.9078836100e-05
5.6995814805e-04 1.0931978536e-04
7.1359812114e-04 -1.1943613924e-04
8.2845921791e-04 1.5684946907e-04
6.6825481921e-04 -1.1820362974e-04
8.1742896692e-04 1.6266675654e-04
4.0167992744e-04 -7.6635226141e-05
5.4011379619e-04 1.1679714357e-04
1.0417964848e-04 -2.3513391096e-05
5.4589232928e-06 1.5205197293e-05
5.1493634998e-04 -8.8860583358e-05
5.4511321902e-04 1.0808224824e-04
6.9923780491e-04 -1.2212313187e-04
8.1231474469e-04 1.5954535696e-04
6.6491814457e-04 -1.2201045436e-04
8.1403231511e-04 1.6576367391e-04
4.1121294989e-04 -8.0646958560e-05
8.1896250413e-05 -2.1036428216e-05
5.4959029859e-04 1.1837693152e-04
4.9471920746e-04 -9.0040141185e-05
1.6379258906e-05 1.6200789789e-05
6.8393347586e-04 -1.2476928607e-04
5.2278341803e-04 1.1041416177e-04
6.5719453193e-04 -1.2537967034e-04
7.9972715230e-04 1.6532514911e-04
4.1762287415e-04 -8.5061944259e-05
8.1235017512e-04 1.7414705213e-04
6.1951993905e-05 -1.8527671604e-05
5.6093149018e-04 1.2900140199e-04
4.7423625598e-04 -8.9354895829e-05
4.1735663589e-05 2.2860927347e-05
6.6837082559e-04 -1.2640238673e-04
4.9661909752e-04 1.1029468232e-04
6.5224666324e-04 -1.2901283130e-04
7.8084882019e-04 1.6857647501e-04
4.2552637597e-04 -8.9489315276e-05
8.0431768401e-04 1.7818403188e-04
3.8853092734e-05 -1.5080080608e-05
4.5331255543e-04 -8.9824734999e-05
5.6722382814e-04 1.3300900164e-04
6.5307513173e-04 -1.2864822241e-04
6.7329870577e-05 2.8531599174e-05
6.4512748949e-04 -1.3277811301e-04
4.7826161550e-04 1.1170451071e-04
4.3108689885e-04 -9.5018556863e-05
7.6733902897e-04 1.7381151156e-04
1.8084898872e-05 -1.2885126625e-05
7.9545156620e-04 1.8511050773e-04
4.3243999141e-04 -8.9252002774e-05
5.7179217862e-04 1.4131100547e-04
6.3688990762e-04 -1.3025735688e-04
9.1093073410e-05 3.5987360198e-05
6.3817667753e-04 -1.3600472676e-04
4.5446374047e-04 1.1173552681e-04
4.3609048560e-04 -9.8921703637e-05
7.4962980970e-04 1.7733802679e-04
2.6187114171e-05 -1.5066385725e-05
4.1234933699e-04 -8.9102133393e-05
7.8660412884e-04 1.9079570934e-04
6.2255124529e-04 -1.3211200146e-04
5.7580244628e-04 1.4834166747e-04
6.2886397566e-04 -1.3795381569e-04
1.1235587403e-04 4.2927557153e-05
4.3668723404e-04 -1.0173574187e-04
4.2979372903e-04 1.1015255144e-04
4.6820418765e-05 -2.0194768293e-05
7.3181545027e-04 1.7989853420e-04
3.9376712007e-04 -8.8234166733e-05
7.7922243000e-04 1.9759487998e-04
6.0643209859e-04 -1.3299514166e-04
5.8185619938e-04 1.5717893314e-04
6.1988388327e-04 -1.4034291804e-04
1.3398472862e-04 5.0241837949e-05
4.4028496153e-04 -1.0555325871e-04
6.3943270011e-05 -2.4618646852e-05
4.0262419596e-04 1.0904081716e-04
3.7316040923e-04 -8.7435119159e-05
7.1079968316e-04 1.8234656688e-04
5.9043411467e-04 -1.3428056302e-04
7.7041875426e-04 2.0123155971e-04
6.1000740565e-04 -1.4228545683e-04
5.8495679668e-04 1.6130430659e-04
4.4044681603e-04 -1.0856964471e-04
1.5160670320e-04 5.5154397306e-05
8.1043595001e-05 -2.9491433723e-05
3.7690607696e-04 1.0713901217e-04
3.5333400779e-04 -8.5729674560e-05
6.9135793689e-04 1.8400446044e-04
5.7432652990e-04 -1.3471763395e-04
7.5796344338e-04 2.0221357473e-04
6.0078693427e-04 -1.4539012344e-04
4.4157987731e-04 -1.1395175817e-04
5.8238730090e-04 1.6151143971e-04
9.7021638753e-05 -3.5232909801e-05
1.7010948362e-04 5.9304389564e-05
3.3187726892e-04 -8.3856532969e-05
3.5732858501e-04 1.0315106570e-04
5.5438925933e-04 -1.3448633588e-04
6.7511487566e-04 1.8377682655e-04
5.8901544167e-04 -1.4893562146e-04
7.4588115651e-04 2.0651331615e-04
4.4584242885e-04 -1.2249487846e-04
5.8410267153e-04 1.6822069655e-04
1.1425643490e-04 -4.2572892353e-05
1.8707836612e-04 6.5663976506e-05
3.0818987563e-04 -8.1745322497e-05
3.3195494982e-04 1.0133656274e-04
5.3401198277e-04 -1.3458259257e-04
5.7894642702e-04 -1.5271309439e-04
6.5415635557e-04 1.8650470994e-04
4.4364462252e-04 -1.2889089186e-04
7.3242583527e-04 2.1098610480e-04
1.2604719840e-04 -4.8360913955e-05
5.8409010267e-04 1.7558179742e-04
2.8561773030e-04 -7.9736737988e-05
2.0286640887e-04 7.3312416063e-05
5.1324564563e-04 -1.3346792911e-04
3.0424073991e-04 9.8471590240e-05
5.6553309058e-04 -1.4881697864e-04
6.2933223290e-04 1.8718006557e-04
4.4311174463e-04 -1.2212974071e-04
7.1635945019e-04 2.1416688549e-04
1.4141669326e-04 -4.9143594585e-05
2.6991079159e-04 -7.8454901394e-05
5.8145281451e-04 1.8299181011e-04
4.9811721212e-04 -1.3429459891e-04
2.1754183169e-04 8.1652054494e-05
5.5255043566e-04 -1.5092089069e-04
2.7602879972e-04 9.4467027637e-05
4.4014170542e-04 -1.2830293498e-04
6.0291007787e-04 1.8613269044e-04
1.5236943583e-04 -5.5683297828e-05
7.0200672547e-04 2.1672429154e-04
2.4855280798e-04 -7.5817447386e-05
5.7778598465e-04 1.8560704940e-04
4.7892748768e-04 -1.3272600396e-04
2.3088549197e-04 8.6431624687e-05
5.4096089340e-04 -1.5001338659e-04
4.3444237903e-04 -1.2526327770e-04
2.5455295336e-04 9.0991380252e-05
1.6069152812e-04 -5.6531552729e-05
5.8312662395e-04 1.8638536832e-04
2.3493356991e-04 -7.4073986757e-05
6.8284884799e-04 2.1807232440e-04
4.6730233188e-04 -1.3375173337e-04
5.7018439707e-04 1.9064862534e-04
5.2451572975e-04 -1.5242768226e-04
2.4166559675e-04 9.3430502422e-05
4.2725106402e-04 -1.3687602410e-04
2.2885081016e-04 8.6578351792e-05
1.6970620514e-04 -6.7356434012e-05
2.0891329136e-04 -7.1559672117e-05
5.5710559623e-04 1.8468463210e-04
4.3814392085e-04 -1.3073494650e-04
6.6471177276e-04 2.1905298619e-04
5.0951094100e-04 -1.4989738816e-04
5.6434014299e-04 1.9180692845e-04
4.2195452983e-04 -1.2868229848e-04
2.5159587617e-04 9.7549534994e-05
1.7713174355e-04 -6.3992640773e-05
2.0467816033e-04 8.2291204206e-05
1.9335375155e-04 -6.6752266781e-05
5.3426171642e-04 1.8440321225e-04
4.2508049434e-04 -1.2829921385e-04
6.4566200400e-04 2.2169764665e-04
4.9609747498e-04 -1.4908876761e-04
4.1972035702e-04 -1.3367595707e-04
5.5385540428e-04 2.0042769009e-04
1.8616304239e-04 -7.1459157769e-05
2.5901610744e-04 1.0789721685e-04
1.7552619339e-04 -6.7432290011e-05
1.7888157358e-04 7.7713123545e-05
4.0652707190e-04 -1.3126300275e-04
5.0446859732e-04 1.8049352189e-04
4.7736729902e-04 -1.5273847163e-04
6.2350875736e-04 2.2070554003e-04
4.0507427380e-04 -1.4479785827e-04
5.4427116148e-04 1.9988227052e-04
1.8858164682e-04 -8.2855376832e-05
1.5214417420e-04 -6.4918954988e-05
2.6504103735e-04 1.1059312438e-04
3.7650417860e-04 -1.2658104760e-04
1.5390466637e-04 7.2305134037e-05
4.6000934013e-04 -1.4863071598e-04
4.7957563480e-04 1.7857115387e-04
3.9664209429e-04 -1.3085560797e-04
6.0272777350e-04 2.2084906480e-04
1.9241922366e-04 -7.3897679245e-05
5.3220420529e-04 2.0350346499e-04
1.4066641534e-04 -5.9999269942e-05
2.6933736113e-04 1.1706111609e-04
3.6812308295e-04 -1.2536967562e-04
4.4342007530e-04 -1.4800458739e-04
1.2947137388e-04 6.7374011544e-05
3.8759583158e-04 -1.3794150269e-04
4.4968308314e-04 1.7495708704e-04
1.9537837141e-04 -8.3421179431e-05
5.7584591668e-04 2.1743106978e-04
1.1845044933e-04 -5.8306467798e-05
5.1576624532e-04 1.9846681445e-04
3.4149457251e-04 -1.2287736265e-04
2.7168958465e-04 1.1708554123e-04
4.2471923858e-04 -1.4770165485e-04
3.7504501774e-04 -1.3631306807e-04
1.1019333936e-04 6.4377789689e-05
1.9566613692e-04 -8.3763214025e-05
4.2572481826e-04 1.7580567028e-04
1.0176954784e-04 -5.3646174895e-05
5.4786394346e-04 2.1750908169e-04
3.2030277857e-04 -1.1798177466e-04
4.9612768000e-04 2.0177205338e-04
4.0374704988e-04 -1.4379409618e-04
2.6989214371e-04 1.2441887075e-04
3.6382680597e-04 -1.3548386933e-04
8.4642416546e-05 6.0522626840e-05
1.9732204226e-04 -8.7039349629e-05
8.5211257341e-05 -5.2790682280e-05
3.9075721622e-04 1.7205971940e-04
2.9947657583e-04 -1.1828669928e-04
5.1575467236e-04 2.1501606309e-04
3.8135369332e-04 -1.4412885474e-04
4.7342087531e-04 2.0030569026e-04
3.4722996311e-04 -1.3914399409e-04
2.6539496271e-04 1.2643584623e-04
1.9368560185e-04 -9.4027206772e-05
6.3866944681e-05 5.3443124194e-05
6.6181237213e-05 -5.2786412150e-05
2.7313199366e-04 -1.1710196200e-04
3.6076576719e-04 1.6307153101e-04
3.5721560657e-04 -1.4360049926e-04
4.8326076745e-04 2.0937384701e-04
3.2995792915e-04 -1.3858152603e-04
4.4722144917e-04 2.0236343825e-04
1.8863860069e-04 -9.5942444984e-05
2.5657558451e-04 1.3470694330e-04
4.9558999517e-05 -5.1145909920e-05
3.9933464112e-05 5.1927562036e-05
2.5104239635e-04 -1.1520366817e-04
3.3229950811e-04 -1.4134496733e-04
3.2146822422e-04 1.5901376019e-04
3.0674006592e-04 -1.3759362407e-04
4.4096281417e-04 2.0432178342e-04
1.7795081226e-04 -9.8697845857e-05
4.1185308655e-04 1.9788065229e-04
3.1847022937e-05 -5.0515618805e-05
2.4088369088e-04 1.3508748415e-04
2.2266466729e-04 -1.1310911039e-04
1.9021198104e-05 4.7477817700e-05
3.0250833366e-04 -1.3906211003e-04
2.8730045209e-04 -1.3601281633e-04
2.8064692092e-04 1.4837740656e-04
1.7249316147e-04 -1.0172791198e-04
3.9132403459e-04 1.9303570298e-04
1.6104149947e-05 -5.5379178709e-05
3.6905963891e-04 1.9084656533e-04
1.9566618429e-04 -1.2260366221e-04
2.1924316230e-04 1.3623858059e-04
2.6857005677e-04 -1.4451133313e-04
-3.8837951120e-06 4.9355892613e-05
2.3878727807e-04 -1.4418240936e-04
1.3223213940e-04 -1.1350966558e-04
2.2985787231e-04 1.4697446487e-04
-4.7995037566e-06 -5.2229982300e-05
3.1922609975e-04 1.8107808464e-04
1.6464434512e-04 -9.8145302205e-05
2.8797301393e-04 1.5531143079e-04
2.2395807928e-04 -1.2286453075e-04
1.6299461033e-04 1.1697002592e-04
2.0891408569e-04 -1.2228106353e-04
-1.8871983262e-05 1.0228264296e-04
1.2571270713e-04 -1.1154772387e-04
-1.4988421908e-05 -1.1510812741e-04
3.1049296329e-04 3.0554286199e-04
2.7624402178e-04 -2.7762622473e-04
3.0276179030e-04 2.5232218588e-04
2.4237334488e-04 -2.2047509039e-04
-9.5109850573e-05 2.8523906920e-05
-1.7210369299e-04 -2.2405580409e-05
-2.9869127933e-04 -7.0195947930e-05
-3.6580224906e-04 5.8770826781e-05
-9.7012913339e-05 6.6912088178e-06
-7.3175563680e-05 -2.1511333913e-05
