8.8830302406e-04 -1.0871405269e-07
1.3818802288e-03 4.0660860185e-06
9.4272060259e-05 3.4232151835e-06
1.4352427758e-03 1.1319263849e-05
9.8780929472e-04 6.3237104897e-06
1.0236218221e-03 1.3354723036e-05
1.4203035191e-03 -3.3254232450e-06
1.3986753103e-04 4.8152185448e-06
1.4041120631e-03 -1.5518897155e-05
8.8071738045e-04 9.6782262203e-06
9.3432839299e-04 -1.4658000007e-05
1.3889725537e-03 1.9797853310e-05
4.7514502220e-05 7.6247113668e-07
1.4404911755e-03 2.8974267162e-05
9.5129007913e-04 -1.3991738772e-05
1.0441527171e-03 2.7331471673e-05
1.4025165255e-03 -2.5881968244e-05
1.8429430878e-04 8.7719525026e-06
1.4000072011e-03 -3.1721368215e-05
8.4210650333e-04 2.1159543121e-05
9.4723108607e-04 -2.5073752090e-05
1.3704495271e-03 3.7621796954e-05
4.5477823906e-05 7.5023916381e-08
1.4508853737e-03 4.7334697219e-05
9.2481297601e-04 -1.8855882659e-05
1.0758518229e-03 4.1428176764e-05
1.3912619843e-03 -3.8148520400e-05
2.2791369704e-04 1.3281140934e-05
1.4029062929e-03 -4.8040393616e-05
8.1869355646e-04 3.1691845407e-05
9.6936774496e-04 -3.6683559397e-05
1.3652887034e-03 5.4845985788e-05
9.4927401611e-05 -3.2714050864e-06
1.4553787181e-03 6.4711622251e-05
9.1140704051e-04 -3.5182215069e-05
1.0978853718e-03 5.4554867201e-05
1.3798272414e-03 -5.8600337441e-05
2.6862079872e-04 1.8074477882e-05
1.3984610719e-03 -6.6355412723e-05
7.8518232564e-04 3.8981285739e-05
9.9899302984e-04 -5.2208751966e-05
1.3519073435e-03 6.9957406575e-05
1.3941267586e-04 -8.1879219347e-06
1.4595653516e-03 8.4523295099e-05
8.5731451451e-04 -4.2872392039e-05
1.1187823689e-03 7.2394497601e-05
1.3503029298e-03 -7.3112071040e-05
3.1015230256e-04 2.5817899118e-05
1.4006904664e-03 -8.3559705019e-05
7.4696658781e-04 5.0207448932e-05
1.0153140829e-03 -6.5474572625e-05
1.3301043941e-03 8.8523373650e-05
1.8209849971e-04 -1.3239240893e-05
1.4544923712e-03 1.0068583560e-04
8.1942348298e-04 -5.2689505172e-05
1.1273828871e-03 8.2849387615e-05
1.3271456706e-03 -8.9310144431e-05
3.4759674109e-04 3.0658830765e-05
1.3938857550e-03 -9.9921833069e-05
7.0546879199e-04 5.3966077159e-05
1.0254174830e-03 -7.8491431735e-05
1.3037426941e-03 1.0053622817e-04
2.2056466893e-04 -1.9073941346e-05
1.4542287092e-03 1.1981769883e-04
7.8563898044e-04 -5.8144376400e-05
1.1482130805e-03 1.0147523958e-04
1.3048691611e-03 -1.0172542830e-04
3.8452374708e-04 4.0265606383e-05
1.3859053277e-03 -1.1940569473e-04
6.7245339693e-04 6.1664560295e-05
1.0421544794e-03 -9.9399575416e-05
1.2874627347e-03 1.1700121229e-04
2.5852617266e-04 -2.7738020074e-05
1.4467938165e-03 1.4036909825e-04
7.4219985492e-04 -6.5194034919e-05
1.1734960676e-03 1.2632214244e-04
1.2749583043e-03 -1.1561279686e-04
4.2985638098e-04 5.4472953857e-05
1.3772875906e-03 -1.3230318306e-04
6.3032304324e-04 6.8767046763e-05
1.0565810196e-03 -1.0695192825e-04
1.2583837784e-03 1.3278878330e-04
2.9683370552e-04 -3.2938652748e-05
1.4396662993e-03 1.5675846414e-04
7.0590179648e-04 -7.1153980919e-05
1.2507437976e-03 -1.2903911497e-04
1.1707062008e-03 1.3505688312e-04
1.3661010169e-03 -1.4805669455e-04
4.5446908264e-04 5.9460076922e-05
1.0630968993e-03 -1.2152905308e-04
5.9705441193e-04 6.9860013643e-05
3.3267373295e-04 -4.1808803526e-05
1.2419524707e-03 1.4254405611e-04
6.6566905972e-04 -7.7145762467e-05
1.4302220580e-03 1.7342179377e-04
1.2193005714e-03 -1.4194124002e-04
1.1898252672e-03 1.5100340948e-04
1.3511961281e-03 -1.6153800364e-04
4.9383594802e-04 6.9696798186e-05
1.0701391639e-03 -1.3235579601e-04
5.5236695786e-04 7.5242438756e-05
3.6527892258e-04 -4.8727086149e-05
1.2091375547e-03 1.5816220828e-04
6.2976903381e-04 -8.0059080642e-05
1.4193608948e-03 1.9024083861e-04
1.1944720496e-03 -1.5246033645e-04
1.1833304246e-03 1.6698226071e-04
1.3356808288e-03 -1.7584444489e-04
5.1579014536e-04 8.0553594553e-05
1.0704019998e-03 -1.4731568222e-04
5.1476395921e-04 7.6926598408e-05
3.9290633158e-04 -5.8677643927e-05
1.1843805381e-03 1.6919260806e-04
5.9053375504e-04 -8.2353394784e-05
1.4029939953e-03 2.0743036307e-04
1.1646696562e-03 -1.6197680482e-04
1.2050819624e-03 1.8872689113e-04
1.3171410374e-03 -1.8935355200e-04
5.5693593383e-04 9.6125288935e-05
1.0763956259e-03 -1.6202331383e-04
4.6398365962e-04 7.8799513624e-05
4.2504461966e-04 -6.9066321572e-05
1.1414453212e-03 1.8135680007e-04
5.4689799674e-04 -8.3149722308e-05
1.3907983619e-03 2.2364714710e-04
1.1278724983e-03 -1.6998886303e-04
1.1945894802e-03 1.9629120708e-04
1.3002581990e-03 -2.0209670956e-04
5.7249403133e-04 1.0104965724e-04
1.0776231847e-03 -1.7415442146e-04
4.2833930138e-04 7.8124845677e-05
4.5105525839e-04 -7.7950598791e-05
1.1192804060e-03 1.9107506565e-04
5.0720361428e-04 -8.4224131449e-05
1.3678535453e-03 2.3758633502e-04
1.0963200051e-03 -1.7923394006e-04
1.2054300341e-03 2.1683141953e-04
1.2783046482e-03 -2.1391846837e-04
6.0827459010e-04 1.1773413062e-04
1.0751248768e-03 -1.8700706210e-04
3.8239699289e-04 7.6852979692e-05
4.7739947780e-04 -8.8581678403e-05
1.0787295237e-03 1.9918035358e-04
4.6709889371e-04 -8.3876062765e-05
1.3484226866e-03 2.5264298744e-04
1.0591382099e-03 -1.8556906453e-04
1.1982883396e-03 2.3163220269e-04
1.2546911729e-03 -2.2507647460e-04
1.0740281421e-03 -1.9899223822e-04
6.2532967407e-04 1.2919845812e-04
5.0151893639e-04 -9.8452775816e-05
3.3987741905e-04 7.4767453239e-05
4.2667980775e-04 -8.2335955432e-05
1.0465536219e-03 2.0828669140e-04
1.0255646507e-03 -1.9167565297e-04
1.3269425692e-03 2.6669792048e-04
1.2348770280e-03 -2.3508170196e-04
1.1861799876e-03 2.4728557163e-04
1.0647533335e-03 -2.0788553652e-04
6.4015145132e-04 1.4274746939e-04
5.1851687054e-04 -1.0660785791e-04
2.9697725549e-04 7.1502733473e-05
3.8856856891e-04 -7.9758139622e-05
1.0054660235e-03 2.1430689153e-04
9.9258827438e-04 -1.9612438181e-04
1.3012145021e-03 2.7893327371e-04
1.2106000731e-03 -2.4384540722e-04
1.1892333871e-03 2.6156193785e-04
1.0583544616e-03 -2.1918900840e-04
6.6593802788e-04 1.5513866666e-04
5.3841377316e-04 -1.1726318579e-04
2.5325305271e-04 6.6289635524e-05
3.5046727221e-04 -7.5985152479e-05
9.7068467512e-04 2.1905009118e-04
9.5675958414e-04 -1.9845849214e-04
1.2744214660e-03 2.8983134413e-04
1.1852184472e-03 -2.5258713953e-04
1.1733064516e-03 2.7444791885e-04
1.0506245158e-03 -2.3222311796e-04
6.7537134675e-04 1.6691113294e-04
5.5469205734e-04 -1.2922768388e-04
2.1077718292e-04 6.0913324235e-05
3.1109317224e-04 -7.3823215533e-05
9.3257288527e-04 2.2448114758e-04
9.2124686476e-04 -2.0511096289e-04
1.2467209569e-03 3.0039841006e-04
1.1573707464e-03 -2.6116502462e-04
1.1674659560e-03 2.8688530801e-04
1.0445515393e-03 -2.4235164217e-04
5.7381826173e-04 -1.3936293353e-04
6.9442072398e-04 1.7894010987e-04
2.7061129774e-04 -6.8529637191e-05
1.6790587289e-04 5.3811826691e-05
8.8031591835e-04 -2.0636338129e-04
8.9203821626e-04 2.2696037733e-04
1.1310660030e-03 -2.6759668411e-04
1.2166281654e-03 3.0968139692e-04
1.0325296640e-03 -2.4885722936e-04
1.1573142056e-03 3.0172444319e-04
5.8635673062e-04 -1.4684554929e-04
7.0991753804e-04 1.9431224946e-04
2.3626009790e-04 -6.3984704809e-05
1.2691822215e-04 4.6490516930e-05
8.4536594421e-04 -2.0877977069e-04
8.5027823024e-04 2.2767331114e-04
1.1034531150e-03 -2.7378394849e-04
1.1842456277e-03 3.1754495576e-04
1.0192722832e-03 -2.5875154797e-04
1.1408552384e-03 3.1484602575e-04
5.9623670332e-04 -1.5790301800e-04
7.1877624466e-04 2.0840512262e-04
1.9841907948e-04 -5.7714263228e-05
8.8672431178e-05 3.9025142145e-05
8.0832356617e-04 -2.0792641806e-04
8.0789959025e-04 2.2960960035e-04
1.0735342896e-03 -2.7817111924e-04
1.1504203382e-03 3.2486871673e-04
1.0043702314e-03 -2.6602885256e-04
1.1290615650e-03 3.2420189199e-04
6.0428646720e-04 -1.6628408673e-04
7.3141301245e-04 2.1863631888e-04
1.6236432807e-04 -5.0479208801e-05
4.5179082337e-05 2.8376497312e-05
7.7468088553e-04 -2.0665720193e-04
1.0455347003e-03 -2.8230586078e-04
7.6716881363e-04 2.2827777619e-04
9.9127790962e-04 -2.7567847394e-04
1.1185185965e-03 3.3073521330e-04
6.1359625172e-04 -1.7773671402e-04
1.1003431832e-03 3.3203067298e-04
1.2571510793e-04 -4.3915885256e-05
7.2094564713e-04 2.2691109536e-04
7.3580189319e-04 -2.0787617137e-04
7.7961749182e-06 1.8703409257e-05
1.0157178987e-03 -2.8737798336e-04
7.3411806924e-04 2.2938735077e-04
9.7531549661e-04 -2.8173927580e-04
1.0880137403e-03 3.3655339172e-04
6.1881505962e-04 -1.8548171321e-04
1.0821234213e-03 3.3953175232e-04
9.1816358346e-05 -3.6293599371e-05
7.2743796889e-04 2.3625261760e-04
7.0040208398e-04 -2.0597362437e-04
2.4129163744e-05 2.3425761029e-05
9.8427034155e-04 -2.8959680866e-04
6.9444619048e-04 2.2524862326e-04
9.5746923838e-04 -2.8803248550e-04
1.0537554583e-03 3.3923041569e-04
6.2398147427e-04 -1.9475758442e-04
1.0578784696e-03 3.4690037610e-04
5.8947509012e-05 -2.8356919079e-05
7.2263571463e-04 2.4528575168e-04
6.6300914262e-04 -2.0352382547e-04
9.5370367129e-04 -2.9172696289e-04
5.4157331386e-05 3.3706412117e-05
9.3989996765e-04 -2.9262494134e-04
6.5299118764e-04 2.2341796010e-04
6.2594629144e-04 -2.0144154874e-04
1.0175253331e-03 3.4326110223e-04
2.6435867678e-05 -1.9515683442e-05
1.0400036938e-03 3.5609902097e-04
6.2875690228e-04 -2.0061774345e-04
7.3247448779e-04 2.5969276955e-04
9.2263128784e-04 -2.9277916427e-04
8.7661376075e-05 4.6565484314e-05
9.1978213515e-04 -2.9724571676e-04
6.0654150859e-04 2.1727792564e-04
6.2702485395e-04 -2.0971214900e-04
9.7513636611e-04 3.4316957394e-04
4.0295320002e-05 -2.5222142556e-05
1.0179417452e-03 3.6310562422e-04
5.9346110195e-04 -1.9673769974e-04
7.3503171093e-04 2.7083180145e-04
8.9182784392e-04 -2.9325519789e-04
1.1612476103e-04 5.7903252730e-05
8.9841532584e-04 -3.0231344532e-04
5.6506734383e-04 2.1146816352e-04
6.2332055847e-04 -2.1806535001e-04
9.3706678299e-04 3.4313534975e-04
6.7500658773e-05 -3.4611009616e-05
5.5773462897e-04 -1.9376168420e-04
9.9094232023e-04 3.6653749624e-04
8.5869939452e-04 -2.9330790359e-04
7.2647083964e-04 2.7628522598e-04
8.7598469756e-04 -3.0122326896e-04
1.4027092455e-04 6.7510710203e-05
6.2010803332e-04 -2.1914905009e-04
5.2698724815e-04 2.0583097676e-04
9.2839785666e-05 -4.3734799727e-05
9.0091020700e-04 3.4291546902e-04
5.2622920311e-04 -1.8571353719e-04
9.6127439523e-04 3.6813281726e-04
8.2870280159e-04 -2.8990088580e-04
7.1328782679e-04 2.8026575665e-04
8.5496232622e-04 -3.0490210265e-04
1.6233540187e-04 7.7485735057e-05
6.1772975612e-04 -2.2685082529e-04
4.9254211226e-04 1.9811874288e-04
1.1676129553e-04 -5.4020100239e-05
8.6637068609e-04 3.4018626304e-04
4.8925265958e-04 -1.8120669085e-04
9.3088889235e-04 3.7041323549e-04
7.9319111826e-04 -2.8847834660e-04
6.9742098827e-04 2.8514792928e-04
8.3340389569e-04 -3.0642286305e-04
6.1593321998e-04 -2.3253077490e-04
1.7966713294e-04 8.7002634348e-05
1.3619298595e-04 -6.2613038712e-05
4.5750632564e-04 1.9336855703e-04
4.5752068413e-04 -1.7602448156e-04
8.3177291206e-04 3.4055305127e-04
7.6329886039e-04 -2.8740845895e-04
9.0306076134e-04 3.7242680185e-04
8.0698899273e-04 -3.1060534790e-04
6.9181642056e-04 2.9302698213e-04
6.0370686955e-04 -2.4469348820e-04
1.9960620988e-04 9.7997415847e-05
1.5409182550e-04 -7.5510929096e-05
4.1701968850e-04 1.8378684109e-04
4.1798779886e-04 -1.6802725260e-04
7.9008213534e-04 3.3538270453e-04
7.2354796433e-04 -2.8181446426e-04
8.7363022053e-04 3.7295410810e-04
7.8433480114e-04 -3.0786664984e-04
6.8331921321e-04 2.9893874534e-04
5.9887502603e-04 -2.4140665628e-04
2.1739244740e-04 1.0814825358e-04
1.7093732979e-04 -8.0604318475e-05
3.9165516058e-04 -1.6202258337e-04
3.7757902518e-04 1.7328147064e-04
6.9648511007e-04 -2.7865330836e-04
7.4747775205e-04 3.2846946247e-04
7.5796757648e-04 -3.0599665549e-04
8.4134418607e-04 3.7138119222e-04
5.8949946461e-04 -2.4469644757e-04
6.7140567508e-04 3.0328234067e-04
1.8621802188e-04 -8.9112624342e-05
2.3318380840e-04 1.1796945201e-04
3.6022588519e-04 -1.5477411503e-04
3.4495915209e-04 1.6461977570e-04
6.6368930327e-04 -2.7389076067e-04
7.1144269752e-04 3.2348029117e-04
7.3182654456e-04 -3.0416397352e-04
8.0757510943e-04 3.6962401103e-04
5.7684211307e-04 -2.4643522444e-04
6.5626751044e-04 3.1095731292e-04
1.9938151642e-04 -9.6958162200e-05
2.4518954114e-04 1.2996951300e-04
3.2825727576e-04 -1.4664627644e-04
6.2777277644e-04 -2.6721631320e-04
3.0968191162e-04 1.5432128891e-04
7.0471541501e-04 -3.0119359937e-04
6.7169578864e-04 3.1575048144e-04
5.6696808094e-04 -2.4842524727e-04
7.7355018054e-04 3.6592918875e-04
2.0997468361e-04 -1.0378448800e-04
6.3891200158e-04 3.1202101833e-04
2.9945650242e-04 -1.3902328786e-04
2.5434407304e-04 1.3760093681e-04
5.9746485150e-04 -2.6185692641e-04
2.7239185200e-04 1.4205538818e-04
6.7692189477e-04 -2.9736933745e-04
6.2846254145e-04 3.0557739332e-04
5.5200298467e-04 -2.4839230370e-04
7.4137336049e-04 3.6147502909e-04
2.1834601601e-04 -1.0996386754e-04
6.1265666015e-04 3.0797283836e-04
2.7051822548e-04 -1.3077742963e-04
5.6411004913e-04 -2.5473071873e-04
2.5496097782e-04 1.4099410987e-04
6.4772491419e-04 -2.9242972431e-04
2.3991450914e-04 1.3094814093e-04
5.3842388225e-04 -2.4864657572e-04
5.9078698804e-04 2.9702505650e-04
2.2637669045e-04 -1.1625548300e-04
7.0626033148e-04 3.5440045613e-04
2.4097445205e-04 -1.2190617065e-04
5.9610489232e-04 3.0417405012e-04
5.2944241716e-04 -2.4659177775e-04
2.6332688561e-04 1.4563784202e-04
6.1953808130e-04 -2.8741899903e-04
2.1370040430e-04 1.2134808875e-04
5.1949170419e-04 -2.4656368058e-04
5.5788549108e-04 2.8915260637e-04
2.2895807709e-04 -1.2066487792e-04
6.6889974055e-04 3.4647099692e-04
2.1334484550e-04 -1.1317375211e-04
4.9662285988e-04 -2.3834962277e-04
5.6889981193e-04 3.0149182290e-04
5.9021840338e-04 -2.8220365903e-04
2.6248027731e-04 1.5109532709e-04
5.0133547007e-04 -2.4567986074e-04
1.7824058545e-04 1.0813553980e-04
2.3089470061e-04 -1.2567304285e-04
5.0910761117e-04 2.7397272322e-04
1.8769767912e-04 -1.0511755088e-04
6.3028161830e-04 3.3639407005e-04
4.6538476451e-04 -2.3038327942e-04
5.4635302518e-04 2.9534025119e-04
5.5812211116e-04 -2.7471998492e-04
2.6391393443e-04 1.5325087974e-04
4.8066900048e-04 -2.4212664669e-04
1.5239776965e-04 9.7313494515e-05
2.3153619729e-04 -1.2915343961e-04
1.6227123259e-04 -9.6496142406e-05
4.7379955451e-04 2.6323615703e-04
4.3144492245e-04 -2.2059300180e-04
5.9131101982e-04 3.2529463526e-04
5.2594954639e-04 -2.6632502770e-04
5.1699443033e-04 2.8838305581e-04
4.5865216284e-04 -2.3750094603e-04
2.5816935779e-04 1.5481196116e-04
2.2963640833e-04 -1.3146709569e-04
1.2513172008e-04 8.5784239215e-05
1.3769034634e-04 -8.7691167115e-05
4.3670498735e-04 2.5088570065e-04
3.9743942829e-04 -2.1005539745e-04
5.5174895029e-04 3.1400320021e-04
4.9176852915e-04 -2.5640428898e-04
4.8545925726e-04 2.8264468663e-04
4.3672496849e-04 -2.3244533096e-04
2.4985265008e-04 1.5760450588e-04
2.2705089636e-04 -1.3351684760e-04
1.1245378199e-04 -7.8430322839e-05
9.7631563959e-05 7.4210055427e-05
3.6188323189e-04 -1.9842036301e-04
3.9414531023e-04 2.3506230281e-04
4.5940887790e-04 -2.4698978143e-04
5.0854714700e-04 2.9858306643e-04
4.0669585714e-04 -2.2398274165e-04
4.5292350449e-04 2.6941430901e-04
2.1520766641e-04 -1.3205861296e-04
2.4071121833e-04 1.5385387906e-04
9.1123215775e-05 -7.1000502426e-05
7.4425370758e-05 6.2736319264e-05
3.3007787156e-04 -1.8806821382e-04
3.5408493590e-04 2.1880611851e-04
4.2106542865e-04 -2.3459589643e-04
3.8025640137e-04 -2.1680453331e-04
4.6277310918e-04 2.8103663321e-04
2.0886635440e-04 -1.3284127369e-04
4.1673877415e-04 2.5799145423e-04
6.8788718784e-05 -6.2809092222e-05
2.2756008731e-04 1.5269786478e-04
2.9335321482e-04 -1.7508770048e-04
4.9353586880e-05 5.1335561982e-05
3.8265494073e-04 -2.2128450508e-04
3.0814225639e-04 1.9909549578e-04
3.4851121797e-04 -2.0598267212e-04
4.1202534473e-04 2.6002545505e-04
1.9530820407e-04 -1.2951853494e-04
3.7446527474e-04 2.4067765682e-04
4.8101582804e-05 -5.4890043903e-05
2.0896846688e-04 1.4648850237e-04
2.5733013902e-04 -1.6163292099e-04
3.4104341957e-04 -2.0600467555e-04
2.8685000109e-05 4.2445753952e-05
3.1459903092e-04 -1.9499335672e-04
2.6317994381e-04 1.8009179162e-04
1.8049179536e-04 -1.2756604896e-04
3.5631868526e-04 2.3648147843e-04
2.7269260966e-05 -4.9600331689e-05
3.2365016447e-04 2.2288037194e-04
2.1465012975e-04 -1.4877727204e-04
1.8155731136e-04 1.4053087940e-04
2.9345720408e-04 -1.8984354036e-04
5.4659919059e-06 3.1659417552e-05
2.7051093336e-04 -1.7813390690e-04
2.0672450503e-04 1.5063534256e-04
1.5401348547e-04 -1.1777884646e-04
7.8819952876e-06 -4.1244919189e-05
2.8986381219e-04 2.0224331515e-04
1.7573077419e-04 -1.2928708917e-04
2.6903584845e-04 1.9244578813e-04
2.4193768828e-04 -1.6609242159e-04
1.5311495698e-04 1.2364367784e-04
2.2330982600e-04 -1.5828111248e-04
-1.3449368570e-05 2.5011269732e-05
1.2738689432e-04 -1.0819672729e-04
1.5070973599e-04 1.2782189920e-04
-1.2083627691e-05 -3.5641013175e-05
2.1042328543e-04 1.6394560418e-04
1.2605455474e-04 -1.1037112558e-04
1.8095506060e-04 1.4226053663e-04
1.7585495406e-04 -1.3771298517e-04
1.5450345998e-04 -1.2240481625e-04
8.9101039606e-05 8.6556969596e-05
7.7416694917e-05 -8.2779171733e-05
-3.7511500459e-05 1.9016553175e-05
-3.8072278827e-05 -3.7543420934e-05
9.6435426002e-05 1.0314415386e-04
9.3680162781e-05 -1.2065108674e-04
1.1437346115e-04 1.0552948559e-04
1.0103082998e-04 -1.0987077544e-04
1.3524273126e-05 3.4364937259e-05
-3.8919818480e-05 -1.8373090735e-05
-5.9524020246e-05 -1.8037042805e-05
-1.2218954294e-04 3.5153107906e-05
-5.4443289852e-05 -2.1646199289e-05
-6.2448821835e-05 2.1529324558e-05
