3.0131368948e-07 1.3257547823e-12
2.9952367520e-02 -4.1298137453e-08
5.9292690718e-02 -4.5435225778e-08
8.8021028194e-02 -9.7561229753e-09
1.1613711965e-01 7.7609490289e-09
1.4364125124e-01 1.4658222988e-08
1.7053354390e-01 3.3622865380e-08
1.9681359581e-01 7.4607184999e-08
2.2248198867e-01 8.9964213318e-08
2.4753906537e-01 1.0637839808e-07
2.7198374631e-01 1.0345538169e-07
2.9581705124e-01 1.0136889262e-07
3.1903855916e-01 1.1495993898e-07
3.4164815165e-01 1.4387338542e-07
3.6364621152e-01 1.9610515282e-07
3.8503326619e-01 2.1483590810e-07
4.0580805938e-01 2.2133063646e-07
4.2597150064e-01 2.3926746411e-07
4.4552351437e-01 2.4000603442e-07
4.6446435235e-01 2.5072132391e-07
4.8279324439e-01 2.2587741565e-07
5.0051103843e-01 1.9707236316e-07
5.1761768091e-01 2.0612994157e-07
5.3411305200e-01 2.2260476471e-07
5.4999723776e-01 2.4285054531e-07
5.6526991598e-01 2.7173409251e-07
5.7993180393e-01 2.4613188672e-07
5.9398219076e-01 2.1391962238e-07
6.0742165502e-01 1.9337735813e-07
6.2024998678e-01 1.9038457949e-07
6.3246745437e-01 2.2524848569e-07
6.4407327443e-01 2.0502623296e-07
6.5506722179e-01 1.7985089131e-07
6.6545179637e-01 1.7337667871e-07
6.7522505280e-01 1.4302009547e-07
6.8438737680e-01 1.8198927998e-07
6.9293889842e-01 1.5977283138e-07
7.0087918097e-01 1.5813054840e-07
7.0820931701e-01 1.6691120719e-07
7.1492807716e-01 1.6638378217e-07
7.2103565406e-01 2.0501802647e-07
7.2653307538e-01 1.6843180414e-07
7.3141854145e-01 8.6844681651e-08
7.3569358400e-01 2.1085837459e-08
7.3935751979e-01 -8.8182003063e-09
7.4241066761e-01 2.2738088134e-08
7.4485304997e-01 1.0411306590e-08
7.4668513971e-01 -6.1554882269e-08
7.4790776189e-01 -1.0330792476e-07
7.4851838197e-01 -8.8104910785e-08
7.4851764812e-01 -2.2422376355e-08
7.4790646107e-01 2.7640824204e-08
7.4668423439e-01 1.4056206247e-08
7.4485244319e-01 -5.5511759362e-09
7.4240909021e-01 -6.4042758289e-08
7.3935430463e-01 -1.2571241685e-07
7.3569009540e-01 -1.6693843746e-07
7.3141394696e-01 -1.7053512393e-07
7.2652805931e-01 -1.5319416572e-07
7.2103142004e-01 -1.5597990107e-07
7.1492271270e-01 -1.2439486309e-07
7.0820395609e-01 -1.2939369876e-07
7.0087402868e-01 -1.6995727180e-07
6.9293370710e-01 -2.1601144417e-07
6.8438261223e-01 -2.3806521682e-07
6.7522026549e-01 -1.5642691196e-07
6.6544712036e-01 -3.7077878124e-08
6.5506286764e-01 -4.0872808944e-08
6.4406718781e-01 -3.7801289476e-08
6.3246033931e-01 -5.2243584541e-08
6.2024431435e-01 -3.5492716162e-08
6.0741612764e-01 1.7856278272e-08
5.9397667031e-01 3.8963131953e-08
5.7992618499e-01 4.0457094562e-08
5.6526507780e-01 4.5955185321e-08
5.4999246924e-01 4.8572560568e-08
5.3410831343e-01 8.3206756280e-08
5.1761285994e-01 1.0414093838e-07
5.0050682542e-01 8.8935231662e-08
4.8278882763e-01 9.9767251873e-08
4.6445977037e-01 1.0361896592e-07
4.4551922609e-01 1.0160542425e-07
4.2596692980e-01 9.6825209099e-08
4.0580323845e-01 9.4739327424e-08
3.8502820038e-01 1.2181551221e-07
3.6364188892e-01 1.5948304763e-07
3.4164378683e-01 1.9779194563e-07
3.1903411036e-01 2.0979646988e-07
2.9581340311e-01 1.8688620779e-07
2.7198058061e-01 1.6752963740e-07
2.4753609981e-01 1.5599883472e-07
2.2247975726e-01 1.3069823113e-07
1.9681141227e-01 3.5517209861e-08
1.7053174690e-01 -6.6835617773e-08
1.4363998579e-01 -1.3109396807e-07
1.1613607176e-01 -1.3369200677e-07
8.8020223712e-02 -4.7626472364e-08
5.9292377773e-02 1.0725908891e-07
2.9951989153e-02 7.8103423559e-08
-1.2210297461e-06 -1.2724482541e-11
