2.0538659042e+02
2.0548725099e+02
2.0558622281e+02
2.0567972186e+02
2.0577102006e+02
2.0585688833e+02
2.0594139238e+02
2.0602143010e+02
2.0609816343e+02
2.0617383919e+02
2.0624292107e+02
2.0631074717e+02
2.0637512816e+02
2.0643644392e+02
2.0649633606e+02
2.0655075753e+02
2.0660385627e+02
2.0665327323e+02
2.0670062502e+02
2.0674550315e+02
2.0678561436e+02
2.0682558725e+02
2.0686104091e+02
2.0689552775e+02
2.0692653222e+02
2.0695714248e+02
2.0698384603e+02
2.0700740634e+02
2.0702986328e+02
2.0704825150e+02
2.0706614506e+02
2.0708210407e+02
2.0709413292e+02
2.0710378502e+02
2.0711350983e+02
2.0711987003e+02
2.0712384705e+02
2.0712513775e+02
2.0712356667e+02
2.0712181518e+02
2.0711718356e+02
2.0711064628e+02
2.0709992866e+02
2.0708852105e+02
2.0707534860e+02
2.0705949964e+02
2.0704136072e+02
2.0702033608e+02
2.0700009864e+02
2.0697300751e+02
2.0694596621e+02
2.0691574665e+02
2.0688315670e+02
2.0684920445e+02
2.0681185011e+02
2.0677106273e+02
2.0672811259e+02
2.0668431029e+02
2.0663545581e+02
2.0658345489e+02
2.0653029450e+02
2.0647336046e+02
2.0641661254e+02
2.0635156470e+02
2.0628532709e+02
2.0621444816e+02
2.0614390720e+02
2.0606622630e+02
2.0598617738e+02
2.0590352842e+02
2.0581673797e+02
2.0572651312e+02
2.0562914477e+02
2.0553458177e+02
2.0542959765e+02
2.0532550475e+02
2.0520963677e+02
2.0509920003e+02
2.0497740464e+02
2.0485392276e+02
2.0472629820e+02
2.0459612831e+02
2.0445866828e+02
2.0431589286e+02
2.0417789812e+02
2.0402596411e+02
2.0387465836e+02
2.0371495587e+02
2.0356942472e+02
2.0339828412e+02
2.0323931865e+02
2.0306955027e+02
2.0291774905e+02
2.0274280429e+02
2.0258899107e+02
2.0242404894e+02
2.0232678265e+02
2.0224579939e+02
2.0204897026e+02
2.0373239441e+02
