2.5856762693e+02
2.5789029514e+02
2.5924908507e+02
2.5721328931e+02
2.5993036436e+02
2.5653306600e+02
2.6062291898e+02
2.5584679717e+02
2.6132705346e+02
2.5516039452e+02
2.6203070604e+02
2.5448696958e+02
2.6270498964e+02
2.5381498341e+02
2.6337925182e+02
2.5314173640e+02
2.6405975526e+02
2.5246549092e+02
2.6474744271e+02
2.5178911148e+02
2.6543524141e+02
2.5111767059e+02
2.6612360988e+02
2.5044701276e+02
2.6681197896e+02
2.4977318343e+02
2.6750413959e+02
2.4909091334e+02
2.6820214495e+02
2.4840836952e+02
2.6890032131e+02
2.4774165724e+02
2.6958193647e+02
2.4707839653e+02
2.7026253304e+02
2.4642084376e+02
2.7094940713e+02
2.4577575273e+02
2.7164607719e+02
2.4513044788e+02
2.7234293966e+02
2.4445731118e+02
2.7302935432e+02
2.4377623209e+02
2.7371466680e+02
2.4310446011e+02
2.7440090322e+02
2.4245624775e+02
2.7508970746e+02
2.4180774716e+02
2.7577872166e+02
2.4115215910e+02
2.7646725896e+02
2.4049396914e+02
2.7715576339e+02
2.3983776071e+02
2.7785084535e+02
2.3918651287e+02
2.7856187795e+02
2.3853492924e+02
2.7927329447e+02
2.3788966181e+02
2.7995075292e+02
2.3724704035e+02
2.8062079259e+02
2.3660467554e+02
2.8129686456e+02
2.3596170616e+02
2.8198784930e+02
2.3531836347e+02
2.8267911459e+02
2.3468232001e+02
2.8336497409e+02
2.3405001491e+02
2.8404942480e+02
2.3341655184e+02
2.8473506670e+02
2.3277326074e+02
2.8542540115e+02
2.3212955275e+02
2.8611607011e+02
2.3150366638e+02
2.8679821976e+02
2.3088879558e+02
2.8747746221e+02
2.3027296209e+02
2.8815814549e+02
2.2964532251e+02
2.8884550957e+02
2.2901718878e+02
2.8953324323e+02
2.2839581014e+02
2.9021580333e+02
2.2777940103e+02
2.9089624649e+02
2.2716445945e+02
2.9157468627e+02
2.2657368826e+02
2.9224466293e+02
2.2598246934e+02
2.9291502002e+02
2.2537430183e+02
2.9359610046e+02
2.2475154358e+02
2.9428289289e+02
2.2412996978e+02
2.9496792504e+02
2.2353211424e+02
2.9564419674e+02
2.2293372333e+02
2.9632091698e+02
2.2233429968e+02
2.9698904784e+02
2.2173392184e+02
2.9765190296e+02
2.2113312670e+02
2.9831661426e+02
2.2055721080e+02
2.9900285476e+02
2.1998105395e+02
2.9968962946e+02
3.0035725675e+02
2.1939817694e+02
3.0101079633e+02
2.1880740395e+02
3.0166509891e+02
2.1821618501e+02
3.0233156194e+02
2.1763688006e+02
3.0299849796e+02
2.1705734669e+02
3.0366267933e+02
2.1648527610e+02
3.0432447486e+02
2.1592407674e+02
3.0498616619e+02
2.1536237577e+02
3.0563521227e+02
2.1479803476e+02
3.0628474837e+02
2.1423246010e+02
3.0694235921e+02
2.1367047706e+02
3.0760811056e+02
2.1311499199e+02
3.0827423222e+02
2.1255899692e+02
3.0891832599e+02
2.1201359848e+02
3.0956285083e+02
2.1146900885e+02
3.1021384980e+02
2.1092427341e+02
3.1087245710e+02
2.1037998241e+02
3.1153150672e+02
2.0983520173e+02
3.1216742557e+02
2.0929454860e+02
3.1280258272e+02
2.0875365287e+02
3.1344396366e+02
2.0821842708e+02
3.1409386274e+02
2.0769789247e+02
3.1474422118e+02
2.0717680919e+02
3.1537650895e+02
2.0664950733e+02
3.1600754053e+02
2.0611931615e+02
3.1664176373e+02
2.0559345938e+02
3.1728089216e+02
3.1792049752e+02
2.0508183526e+02
3.1854904625e+02
2.0456962384e+02
3.1917659626e+02
2.0407179392e+02
3.1980444560e+02
2.0357837266e+02
3.2043225187e+02
2.0307959377e+02
3.2106055562e+02
2.0256283916e+02
3.2168339295e+02
2.0204553422e+02
3.2230585350e+02
2.0154949993e+02
3.2292712450e+02
2.0106150993e+02
3.2354462482e+02
2.0057332736e+02
3.2416264404e+02
2.0008720616e+02
3.2477884624e+02
1.9960048454e+02
3.2539536167e+02
1.9912312365e+02
3.2600959928e+02
1.9864978608e+02
3.2661584138e+02
1.9817660832e+02
3.2722261782e+02
1.9770863172e+02
3.2783020768e+02
1.9724005547e+02
3.2843890898e+02
1.9676724228e+02
3.2904613669e+02
1.9629033018e+02
3.2964615098e+02
1.9581535986e+02
3.3024671462e+02
3.3084480837e+02
1.9536705573e+02
3.3144256729e+02
1.9491806823e+02
3.3204000459e+02
1.9447176281e+02
3.3263343430e+02
1.9402680101e+02
3.3322743276e+02
1.9358142830e+02
3.3381615807e+02
1.9314199211e+02
3.3440275452e+02
1.9270190131e+02
3.3498977051e+02
1.9226494500e+02
3.3557591739e+02
1.9182983477e+02
3.3616263961e+02
1.9139406824e+02
3.3673920146e+02
1.9096995443e+02
3.3730997645e+02
1.9054515296e+02
3.3788213689e+02
1.9012335752e+02
3.3846222528e+02
1.8970402514e+02
3.3904286088e+02
1.8928390742e+02
3.3962014784e+02
1.8887570490e+02
3.4019590573e+02
3.4077145319e+02
1.8846718900e+02
3.4133088799e+02
1.8806618705e+02
3.4189091211e+02
1.8767406813e+02
3.4245296303e+02
1.8728117711e+02
3.4301746613e+02
1.8688039642e+02
3.4358251737e+02
1.8647842858e+02
3.4413576314e+02
1.8608176733e+02
3.4468961034e+02
1.8569160643e+02
3.4524409135e+02
1.8530063190e+02
3.4579977835e+02
1.8492220965e+02
3.4635614419e+02
1.8454476790e+02
3.4689719569e+02
1.8416981487e+02
3.4743835970e+02
1.8379867822e+02
3.4798249669e+02
1.8342675686e+02
3.4853083589e+02
3.4907987440e+02
1.8306169283e+02
3.4961650263e+02
1.8269729015e+02
3.5015276835e+02
1.8233493796e+02
3.5068439428e+02
1.8197642803e+02
3.5120938860e+02
1.8161711522e+02
3.5173505538e+02
1.8126833719e+02
3.5226447696e+02
1.8092155855e+02
3.5279490415e+02
1.8057426029e+02
3.5332370177e+02
1.8022523123e+02
3.5385003560e+02
1.7987539475e+02
3.5437706740e+02
1.7954493439e+02
3.5488892545e+02
1.7921989273e+02
3.5539858187e+02
1.7889210120e+02
3.5591166567e+02
3.5643190503e+02
1.7855565883e+02
3.5695284717e+02
1.7821841719e+02
3.5745683079e+02
1.7789314767e+02
3.5795726747e+02
1.7757192804e+02
3.5845832121e+02
1.7725510381e+02
3.5896062762e+02
1.7695673038e+02
3.5946363156e+02
1.7665759740e+02
3.5996030628e+02
1.7634590313e+02
3.6045549738e+02
1.7602817459e+02
3.6095007318e+02
1.7571552023e+02
3.6144244248e+02
1.7542827050e+02
3.6193551714e+02
1.7514025719e+02
3.6242026875e+02
3.6290228889e+02
1.7484335841e+02
3.6338437011e+02
1.7454138391e+02
3.6386584154e+02
1.7424181895e+02
3.6434801889e+02
1.7395799244e+02
3.6482306348e+02
1.7367338211e+02
3.6529519830e+02
1.7339361753e+02
3.6576573238e+02
1.7311680696e+02
3.6622639640e+02
1.7283941908e+02
3.6668775291e+02
1.7255789967e+02
3.6715008536e+02
1.7227556990e+02
3.6761318889e+02
1.7200965214e+02
3.6807584035e+02
3.6853462746e+02
1.7175621425e+02
3.6899412165e+02
1.7150182037e+02
3.6944631949e+02
1.7123593776e+02
3.6989398557e+02
1.7096924268e+02
3.7034156856e+02
1.7071598863e+02
3.7078380928e+02
1.7047487075e+02
3.7122676054e+02
1.7023313152e+02
3.7166551738e+02
1.6998304580e+02
3.7210119214e+02
1.6973204364e+02
3.7253691564e+02
1.6948976262e+02
3.7296261528e+02
3.7338902484e+02
1.6925684712e+02
3.7381227621e+02
1.6902318870e+02
3.7423271658e+02
1.6879637436e+02
3.7465367563e+02
1.6856892522e+02
3.7506427382e+02
1.6834339538e+02
3.7547559750e+02
1.6812049521e+02
3.7588460789e+02
1.6789685862e+02
3.7629109087e+02
1.6768361251e+02
3.7669825052e+02
1.6747032498e+02
3.7709516186e+02
1.6725858715e+02
3.7749253475e+02
3.7788599077e+02
1.6704954039e+02
3.7827435209e+02
1.6683975099e+02
3.7866340511e+02
1.6664189181e+02
3.7903749036e+02
1.6644475198e+02
3.7941108870e+02
1.6624810659e+02
3.7978421110e+02
1.6605294125e+02
3.8015626694e+02
1.6585702069e+02
3.8052900012e+02
1.6567409083e+02
3.8088962807e+02
1.6549277810e+02
3.8124946628e+02
3.8160668978e+02
1.6531369453e+02
3.8195878512e+02
1.6514017066e+02
3.8231158737e+02
1.6496588659e+02
3.8263960319e+02
1.6479726080e+02
3.8296362076e+02
1.6462918604e+02
3.8328872210e+02
1.6446492583e+02
3.8361526784e+02
1.6431161727e+02
3.8394245310e+02
1.6415753353e+02
3.8426132390e+02
1.6401046257e+02
3.8457906056e+02
3.8489261637e+02
1.6386479222e+02
3.8519445270e+02
1.6372200153e+02
3.8549700599e+02
1.6358998200e+02
3.8578108359e+02
1.6345716443e+02
3.8606003315e+02
1.6333558749e+02
3.8633611227e+02
1.6321760672e+02
3.8660163866e+02
1.6310216294e+02
3.8686789161e+02
1.6299924802e+02
3.8711452275e+02
3.8735414605e+02
1.6289551648e+02
3.8759191524e+02
1.6280521537e+02
3.8782014866e+02
1.6272045705e+02
3.8804908669e+02
1.6263867296e+02
3.8826507850e+02
1.6257597183e+02
3.8847579488e+02
1.6251241349e+02
3.8867973703e+02
1.6246648025e+02
3.8884529158e+02
1.6242973322e+02
3.8901160863e+02
3.8915680239e+02
1.6239641713e+02
3.8929043608e+02
1.6239364884e+02
3.8942212181e+02
1.6238995879e+02
3.8953504151e+02
1.6241874393e+02
3.8964873475e+02
1.6246858611e+02
3.8972382235e+02
1.6252308476e+02
3.8977384937e+02
1.6264046676e+02
3.8981849031e+02
1.6275690693e+02
3.8979335065e+02
3.8976906183e+02
1.6293743164e+02
3.8967570414e+02
1.6316819867e+02
3.8952844896e+02
1.6340002675e+02
3.8938185137e+02
1.6367757121e+02
3.8923156639e+02
1.6395385852e+02
3.8908250205e+02
1.6498822078e+02
3.8795821651e+02
1.6674032518e+02
3.8591936220e+02
1.6849388858e+02
3.8387951590e+02
