1.2838024048e-06 2.5767586989e-08
2.3715356211e-01 -1.5027538836e-03
4.6838543211e-01 -5.8839704602e-03
6.9365863810e-01 -1.3090460027e-02
9.1277468541e-01 -2.2871410516e-02
1.1257066586e+00 -3.5189031112e-02
1.3322151386e+00 -4.9868439739e-02
1.5322488080e+00 -6.6772722965e-02
1.7258712205e+00 -8.5790050097e-02
1.9127950836e+00 -1.0673882349e-01
2.0930662020e+00 -1.2953230542e-01
2.2666744822e+00 -1.5402071645e-01
2.4335504339e+00 -1.8001713551e-01
2.5936826152e+00 -2.0750327345e-01
2.7469932676e+00 -2.3625493099e-01
2.8936092628e+00 -2.6616785740e-01
3.0334919669e+00 -2.9714085237e-01
3.1665222003e+00 -3.2900791571e-01
3.2928858883e+00 -3.6169388766e-01
3.4125303461e+00 -3.9502617186e-01
3.5254698501e+00 -4.2891263167e-01
3.6317262511e+00 -4.6328447470e-01
3.7314060563e+00 -4.9793354241e-01
3.8245372923e+00 -5.3283989811e-01
3.9111362708e+00 -5.6782968368e-01
3.9912591419e+00 -6.0281301300e-01
4.0650216587e+00 -6.3773799581e-01
4.1324486806e+00 -6.7241337157e-01
4.1935919211e+00 -7.0680297987e-01
4.2485107506e+00 -7.4082463764e-01
4.2973406213e+00 -7.7431522509e-01
4.3401105314e+00 -8.0726475154e-01
4.3768995604e+00 -8.3951511142e-01
4.4078031915e+00 -8.7101176216e-01
4.4329024951e+00 -9.0170229076e-01
4.4522911033e+00 -9.3143745390e-01
4.4660119034e+00 -9.6020607323e-01
4.4742344095e+00 -9.8788946102e-01
4.4770224012e+00 -1.0144265579e+00
4.4744307195e+00 -1.0397792706e+00
4.4666090851e+00 -1.0638034607e+00
4.4536427148e+00 -1.0865102503e+00
4.4356160407e+00 -1.1078316774e+00
4.4127186553e+00 -1.1276604069e+00
4.3849294664e+00 -1.1459870414e+00
4.3524597274e+00 -1.1627390301e+00
4.3153987560e+00 -1.1778546174e+00
4.2738152228e+00 -1.1913277458e+00
4.2279155659e+00 -1.2030537595e+00
4.1777292047e+00 -1.2130340422e+00
4.1234370850e+00 -1.2212737119e+00
4.0651943336e+00 -1.2276546648e+00
4.0030515409e+00 -1.2321707903e+00
3.9371827764e+00 -1.2348473601e+00
3.8677858640e+00 -1.2356216486e+00
3.7948547762e+00 -1.2344670483e+00
3.7186529657e+00 -1.2313861466e+00
3.6392868811e+00 -1.2263394585e+00
3.5568324384e+00 -1.2193628846e+00
3.4715755838e+00 -1.2104247792e+00
3.3836008719e+00 -1.1995457847e+00
3.2930235864e+00 -1.1867324913e+00
3.2001250481e+00 -1.1720156692e+00
3.1049261187e+00 -1.1553787269e+00
3.0077133487e+00 -1.1368334483e+00
2.9085521377e+00 -1.1164249402e+00
2.8076557708e+00 -1.0941832428e+00
2.7052864925e+00 -1.0701504788e+00
2.6014644438e+00 -1.0443728276e+00
2.4965504937e+00 -1.0169252315e+00
2.3906115775e+00 -9.8783953319e-01
2.2838975828e+00 -9.5716895947e-01
2.1766118552e+00 -9.2498862065e-01
2.0688235983e+00 -8.9133675686e-01
1.9609836513e+00 -8.5635096875e-01
1.8531043578e+00 -8.2009303977e-01
1.7454246582e+00 -7.8265450886e-01
1.6383259454e+00 -7.4419281164e-01
1.5318207983e+00 -7.0474969630e-01
1.4263385379e+00 -6.6455430148e-01
1.3219927230e+00 -6.2362921614e-01
1.2190349714e+00 -5.8211451686e-01
1.1178628556e+00 -5.4022505265e-01
1.0184565473e+00 -4.9802377766e-01
9.2143566631e-01 -4.5580364646e-01
8.2696441127e-01 -4.1373065219e-01
7.3513187021e-01 -3.7192479352e-01
6.4664524719e-01 -3.3069651725e-01
5.6164427443e-01 -2.9027161941e-01
4.8038616989e-01 -2.5092111724e-01
4.0333571247e-01 -2.1280123511e-01
3.3119335983e-01 -1.7641944985e-01
2.6403018213e-01 -1.4190582080e-01
2.0252628054e-01 -1.0987531119e-01
1.4745839209e-01 -8.0620281583e-02
9.9354919786e-02 -5.4903311712e-02
5.8859981635e-02 -3.3053875744e-02
2.7965396869e-02 -1.5595849394e-02
8.1973578908e-03 -4.4331112073e-03
-1.1467678754e-06 4.3246230235e-07
