1.2923259041e-03 2.2851242362e-06
3.7009194518e-05 3.7881507052e-08
1.9664929308e-03 8.6497815511e-06
1.3433969214e-03 -6.6780027901e-06
1.9962786594e-03 1.2939098476e-05
1.9889273345e-03 -1.5713261519e-05
1.3759910624e-03 1.2570455457e-05
1.9827936032e-03 -2.1055674893e-05
1.0139619986e-04 1.3806460661e-06
1.3337078604e-03 -1.8188366673e-05
1.2622325713e-03 2.0305928461e-05
3.5010287668e-05 -5.2263212774e-07
1.9589012320e-03 3.6875121998e-05
1.2999296479e-03 -2.5284416595e-05
2.0004919472e-03 4.2697876053e-05
1.9699923787e-03 -4.4081437669e-05
1.4025830939e-03 3.4259687786e-05
1.9957618351e-03 -4.9467901512e-05
1.6279502376e-04 4.7244504785e-06
1.3783371085e-03 -3.7889976031e-05
1.2128328565e-03 3.6515210516e-05
1.0206002645e-04 -3.1910511293e-06
1.9329757622e-03 6.4072791337e-05
1.2519952637e-03 -4.3173204156e-05
2.0103394954e-03 7.2914529498e-05
1.9493575513e-03 -7.2562848837e-05
1.4496077332e-03 5.7514307622e-05
2.0020977037e-03 -8.1199241304e-05
2.2732592511e-04 1.0168963651e-05
1.4111325884e-03 -6.3146758613e-05
1.1516688858e-03 5.2168161281e-05
1.6258259511e-04 -8.3311065753e-06
1.8977518369e-03 9.1291518080e-05
1.2050788963e-03 -5.9037646325e-05
2.0113916875e-03 1.0323447751e-04
1.9250257665e-03 -9.9321780887e-05
1.4814998637e-03 8.2033667847e-05
1.9995997050e-03 -1.0766145062e-04
2.8965379530e-04 1.7803376426e-05
1.4354143203e-03 -8.1148765051e-05
1.1212371038e-03 6.6903201257e-05
2.2638304007e-04 -1.3366696721e-05
1.8851284447e-03 1.1808292179e-04
1.1576038981e-03 -7.2980341107e-05
1.9974059075e-03 1.3387128578e-04
1.8971429691e-03 -1.2496814721e-04
1.4880847421e-03 1.0804147703e-04
1.9956096149e-03 -1.3655061124e-04
3.4470439632e-04 2.7263490409e-05
1.4616445694e-03 -1.0434404766e-04
1.0583846513e-03 7.9714445223e-05
2.8686969178e-04 -2.1340946967e-05
1.8446434792e-03 1.4336128727e-04
1.1075070182e-03 -8.6183556040e-05
1.9975229277e-03 1.5951390475e-04
1.8671869113e-03 -1.5025813250e-04
1.5164146546e-03 1.2491647548e-04
1.9864688704e-03 -1.6433069583e-04
3.9990875063e-04 3.3987775211e-05
1.4773588794e-03 -1.2626643909e-04
1.0049032282e-03 8.9920611350e-05
3.4179974200e-04 -3.0207473793e-05
1.8097341384e-03 1.6674261410e-04
1.0594951710e-03 -9.7524994677e-05
1.9836134260e-03 1.8716436902e-04
1.8383623891e-03 -1.7426493223e-04
1.5354228599e-03 1.4920102342e-04
1.9786533830e-03 -1.9268198396e-04
4.5541062841e-04 4.5663556374e-05
1.5012845681e-03 -1.5089312287e-04
9.4920302558e-04 9.9040062470e-05
3.9455836578e-04 -4.1046330704e-05
1.7704550541e-03 1.8920709528e-04
9.9511129309e-04 -1.0664743770e-04
1.9674700190e-03 2.1433590215e-04
1.7933663757e-03 -1.9639621769e-04
1.5451950846e-03 1.7254118674e-04
1.9645476721e-03 -2.1868270503e-04
5.0348185066e-04 5.7796089004e-05
1.5174077117e-03 -1.7266368380e-04
8.9457946666e-04 1.0677970770e-04
4.4935336808e-04 -5.2162146118e-05
1.7318275857e-03 2.1083255261e-04
9.4840743807e-04 -1.1375741018e-04
1.9483657718e-03 2.4102573004e-04
1.7615366136e-03 -2.1658700152e-04
1.5558181875e-03 1.9683329510e-04
1.9441630086e-03 -2.4440574364e-04
5.5068217323e-04 7.1274087706e-05
1.5204837779e-03 -1.9560960704e-04
8.3541130215e-04 1.1008031239e-04
4.9450812684e-04 -6.5207148809e-05
1.6847597063e-03 2.2771779780e-04
8.8722292264e-04 -1.1976051341e-04
1.9206538300e-03 2.6686554263e-04
1.7149954914e-03 -2.3626809134e-04
1.5518077593e-03 2.2479853286e-04
1.9270588465e-03 -2.7170529524e-04
5.9024612633e-04 8.8790346545e-05
1.5482675429e-03 -2.2577815164e-04
7.7672103782e-04 1.1583225246e-04
5.4886562260e-04 -8.2648168604e-05
1.6386228848e-03 2.4785028971e-04
8.1314232676e-04 -1.2230516882e-04
1.8972118294e-03 2.9130426211e-04
1.6510906748e-03 -2.5200528089e-04
1.5602975938e-03 2.4319405858e-04
1.9011096335e-03 -2.9428019566e-04
6.3408947582e-04 1.0052667201e-04
1.5533529594e-03 -2.4453529873e-04
5.9252179246e-04 -9.4959193887e-05
7.1610689407e-04 1.1706980900e-04
7.6008114833e-04 -1.2486924260e-04
1.5862651641e-03 2.6343700387e-04
1.6109905867e-03 -2.6863002456e-04
1.8649229128e-03 3.1382769720e-04
1.8733904960e-03 -3.1645461328e-04
1.5640726417e-03 2.6761244786e-04
1.5523139413e-03 -2.6653148101e-04
6.7473055330e-04 1.1755168030e-04
6.3165659596e-04 -1.1029425891e-04
6.5391066162e-04 1.1664954055e-04
7.0544739500e-04 -1.2607505870e-04
1.5315852424e-03 2.7680572918e-04
1.5671969536e-03 -2.8377997970e-04
1.8310150655e-03 3.3623946077e-04
1.8425833714e-03 -3.3753238486e-04
1.5558060431e-03 2.8953039376e-04
1.5366183673e-03 -2.8577772148e-04
7.0663323690e-04 1.3387459870e-04
6.6044948271e-04 -1.2479090894e-04
5.9919506467e-04 1.1599459192e-04
6.5328358219e-04 -1.2587028740e-04
1.4863200741e-03 2.9078071161e-04
1.5249656783e-03 -2.9752807283e-04
1.7951159777e-03 3.5631973162e-04
1.8085366789e-03 -3.5818287984e-04
1.5407148492e-03 3.0982396758e-04
1.5316897309e-03 -3.0735316560e-04
7.3239037339e-04 1.4980396789e-04
6.9500497021e-04 -1.4180735093e-04
5.3815797880e-04 1.1230281045e-04
5.9266873965e-04 -1.2287683279e-04
1.4281910217e-03 3.0073032343e-04
1.4692283892e-03 -3.0778147893e-04
1.7549362814e-03 3.7442475718e-04
1.7742597529e-03 -3.7729626412e-04
1.5372013401e-03 3.3157178673e-04
1.5345861149e-03 -3.3372858062e-04
7.6645436488e-04 1.6774329811e-04
7.3211078498e-04 -1.6280558683e-04
4.7607844226e-04 1.0642980168e-04
5.2624972342e-04 -1.1732741954e-04
1.3651057552e-03 3.0780788238e-04
1.4043872055e-03 -3.1485012159e-04
1.7119627177e-03 3.9070592654e-04
1.7334462548e-03 -3.9302672197e-04
1.5194299179e-03 3.5042577414e-04
1.5146471213e-03 -3.4632451590e-04
7.8718128725e-04 1.8407439091e-04
7.5341836972e-04 -1.7438839193e-04
4.2345141892e-04 1.0103196653e-04
4.7515777257e-04 -1.1216481280e-04
1.3216028451e-03 3.1759845274e-04
1.3601885620e-03 -3.2378680296e-04
1.6717843835e-03 4.0640865651e-04
1.6953087405e-03 -4.0813390680e-04
1.4905118876e-03 3.6610339381e-04
1.5019738915e-03 -3.6582084535e-04
7.9803563220e-04 1.9866746687e-04
7.7763454581e-04 -1.9193134901e-04
3.6846921006e-04 9.3507936979e-05
4.1462145264e-04 -1.0424292342e-04
1.2659000583e-03 3.2312729642e-04
1.2987942594e-03 -3.2844632913e-04
1.6239226046e-03 4.1907536582e-04
1.6488759146e-03 -4.2034977489e-04
1.4708707256e-03 3.8332827281e-04
1.4835535436e-03 -3.8148520679e-04
8.1676870405e-04 2.1567327690e-04
7.9927632071e-04 -2.0792036508e-04
3.0872304536e-04 8.3515597073e-05
3.6176475594e-04 -9.5734649520e-05
1.2003047345e-03 3.2506989351e-04
1.2463667933e-03 -3.3189947439e-04
1.5732711382e-03 4.3004784249e-04
1.6065716799e-03 -4.3212758627e-04
1.4519032447e-03 4.0088049628e-04
1.4645797380e-03 -3.9734173507e-04
8.3622984437e-04 2.3408870784e-04
8.1773667918e-04 -2.2423556871e-04
2.5349910827e-04 7.2820032826e-05
3.0742621765e-04 -8.5695546830e-05
1.1376685688e-03 3.2506781210e-04
1.1882711280e-03 -3.3318512171e-04
1.5217707674e-03 4.3849365068e-04
1.5613786805e-03 -4.4198897382e-04
1.4326237052e-03 4.1589229234e-04
1.4463996505e-03 -4.1292602139e-04
8.5363889976e-04 2.5033547884e-04
8.3490992608e-04 -2.4087200843e-04
1.9743064590e-04 5.9321083389e-05
2.5200844344e-04 -7.4009220334e-05
1.0689088950e-03 3.2096421198e-04
1.1302734539e-03 -3.3289018076e-04
1.4687046792e-03 4.4511575165e-04
1.5177279129e-03 -4.5138117514e-04
1.4019698896e-03 4.2857184263e-04
1.4276392125e-03 -4.3085269436e-04
8.5771370599e-04 2.6496795030e-04
8.5000357339e-04 -2.6055038225e-04
1.4983088126e-04 4.7415477612e-05
1.9766588235e-04 -6.1430254873e-05
1.0174824136e-03 3.2082221226e-04
1.0700715357e-03 -3.3083673964e-04
1.4199559251e-03 4.5151349701e-04
1.4672540200e-03 -4.5711037199e-04
1.3703944966e-03 4.3852861030e-04
1.3909348043e-03 -4.3601428225e-04
8.6125035365e-04 2.7801632949e-04
8.4777476457e-04 -2.6806410843e-04
9.9808884991e-05 3.3094708334e-05
1.5291477675e-04 -4.9397966589e-05
9.6109949702e-04 3.1699217329e-04
1.0281273650e-03 -3.3210652151e-04
1.3675606465e-03 4.5508342706e-04
1.4250086299e-03 -4.6381254462e-04
1.3573713914e-03 -4.4514470618e-04
1.3320159216e-03 4.4710382983e-04
8.4646708955e-04 -2.8029184434e-04
8.5598690561e-04 2.9013650970e-04
1.0343436166e-04 -3.5223052566e-05
5.5176707071e-05 1.9515334734e-05
9.7105986503e-04 -3.2737953180e-04
9.1129343224e-04 3.1471054646e-04
1.3749516240e-03 -4.6692064698e-04
1.3188512960e-03 4.5882417118e-04
1.3321868481e-03 -4.5520608517e-04
1.2941993551e-03 4.5341237448e-04
8.5551721352e-04 -2.9474340474e-04
8.5091625418e-04 3.0092849260e-04
5.6585305920e-05 -2.0254807512e-05
1.1150547013e-05 4.6581420468e-06
9.1346242625e-04 -3.2014078096e-04
8.5558260913e-04 3.0849815930e-04
1.3222176644e-03 -4.6708640399e-04
1.2654597496e-03 4.5959687275e-04
1.3014424073e-03 -4.6320778693e-04
1.2573510074e-03 4.6051935850e-04
8.5720655621e-04 -3.0759204873e-04
8.4608038137e-04 3.1329840295e-04
1.0436269352e-05 -4.3754766212e-06
3.1041694782e-05 1.2606486216e-05
8.5761014438e-04 -3.1316612812e-04
8.0524624951e-04 3.0245341531e-04
1.2734629484e-03 -4.6799813047e-04
1.2151213869e-03 4.5974705242e-04
1.2728177013e-03 -4.7041277013e-04
1.2137752403e-03 4.6379570374e-04
8.6008115285e-04 -3.2023186023e-04
8.2976991928e-04 3.2079730031e-04
3.3174916364e-05 -1.2795063764e-05
6.9964149004e-05 2.7888234303e-05
7.9794301001e-04 -3.0249031414e-04
7.2909414106e-04 2.8689275657e-04
1.2179260921e-03 -4.6456373027e-04
1.1450720150e-03 4.5193877606e-04
1.2391440983e-03 -4.7499576868e-04
1.1870573629e-03 4.7000612236e-04
8.5655476747e-04 -3.3063477884e-04
8.4047963247e-04 3.3551736400e-04
6.9456724913e-05 -2.7433385944e-05
1.0641557629e-04 4.3417841772e-05
7.4849667282e-04 -2.9442643953e-04
6.8348556539e-04 2.7755589059e-04
1.1696350744e-03 -4.6260647976e-04
1.0976724069e-03 4.4835630908e-04
1.1993779176e-03 -4.7678977166e-04
1.1481096637e-03 4.7132285000e-04
8.4216031510e-04 -3.3708880652e-04
8.2944341875e-04 3.4280763178e-04
1.0471996965e-04 -4.2616067426e-05
1.3782838067e-04 5.7752078587e-05
7.0670375966e-04 -2.8758551584e-04
6.3207875757e-04 2.6651670647e-04
1.1255795612e-03 -4.6076776671e-04
1.0437360256e-03 4.4260237523e-04
1.1618144454e-03 -4.7845338327e-04
1.1045325916e-03 4.7094287548e-04
8.3414319988e-04 -3.4614871341e-04
8.1113230464e-04 3.4857582825e-04
1.3676125756e-04 -5.7670991991e-05
1.6509495866e-04 7.2047148156e-05
6.5331421095e-04 -2.7537392313e-04
5.8534815111e-04 2.5580028331e-04
1.0731051197e-03 -4.5447799199e-04
9.9388071856e-04 4.3653147905e-04
1.1261095279e-03 -4.7893159929e-04
1.0632525524e-03 4.6933009203e-04
8.2498391408e-04 -3.5288800679e-04
7.9244187888e-04 3.5221928988e-04
1.6657306017e-04 -7.1949769636e-05
6.0166608770e-04 -2.6157855880e-04
1.8523550298e-04 8.3244355120e-05
1.0196220406e-03 -4.4568425014e-04
5.3762311206e-04 2.4292266291e-04
1.0883509541e-03 -4.7808770670e-04
9.4367165834e-04 4.2856654977e-04
8.1560340233e-04 -3.6054240827e-04
1.0155917691e-03 4.6332221827e-04
1.9301455292e-04 -8.6128587529e-05
7.5929768293e-04 3.4866512366e-04
5.4983306021e-04 -2.4685272972e-04
2.0371365105e-04 9.4416686971e-05
9.6496643885e-04 -4.3528815982e-04
5.0045058380e-04 2.3374198222e-04
1.0467101995e-03 -4.7406448977e-04
8.9908323083e-04 4.2207199242e-04
7.9707938929e-04 -3.6294909517e-04
9.7474295804e-04 4.5978924804e-04
2.1504832927e-04 -9.8684625841e-05
7.4880043173e-04 3.5558792587e-04
5.0519004440e-04 -2.3385418421e-04
2.2595350367e-04 1.0830384246e-04
9.1677453656e-04 -4.2631141721e-04
4.5329368979e-04 2.1869565160e-04
1.0072922345e-03 -4.7044151551e-04
8.4526470576e-04 4.0969376373e-04
7.8004904076e-04 -3.6666251618e-04
9.3260487429e-04 4.5398926424e-04
2.3542233371e-04 -1.1168665866e-04
7.3012340930e-04 3.5754920383e-04
4.6099948594e-04 -2.1996841843e-04
2.4156175467e-04 1.1922814087e-04
8.6643542422e-04 -4.1504964170e-04
4.0912853645e-04 2.0351696836e-04
9.6509018448e-04 -4.6414994856e-04
7.9423789521e-04 3.9702179367e-04
7.5850513904e-04 -3.6686618520e-04
8.8994561053e-04 4.4698613989e-04
2.5101899291e-04 -1.2234071995e-04
7.0861368439e-04 3.5819907609e-04
4.2203240328e-04 -2.0710838290e-04
2.5367855485e-04 1.2927747909e-04
8.2166413250e-04 -4.0478444491e-04
3.6520072084e-04 1.8747527801e-04
9.2172009176e-04 -4.5578588745e-04
7.4165135518e-04 3.8228050546e-04
7.2883435297e-04 -3.6233169414e-04
8.4613408613e-04 4.3784743691e-04
2.5900001091e-04 -1.2976465523e-04
6.8704740470e-04 3.5743810218e-04
3.8728617735e-04 -1.9528690544e-04
2.6567468756e-04 1.3910477530e-04
7.8205665090e-04 -3.9590763827e-04
3.2605356798e-04 1.7218336179e-04
8.7845215274e-04 -4.4734892203e-04
6.9215622009e-04 3.6720573454e-04
7.0479767175e-04 -3.6313986549e-04
8.0271309269e-04 4.2765371722e-04
2.6908517329e-04 -1.4054110902e-04
3.4391917454e-04 -1.7831011572e-04
6.6087084823e-04 3.5398115314e-04
7.2855299776e-04 -3.7873071510e-04
2.7087845165e-04 1.4608878891e-04
8.3442949506e-04 -4.3659296198e-04
2.8969366338e-04 1.5789471302e-04
6.8354525091e-04 -3.6111920959e-04
6.4603269947e-04 3.5318032713e-04
2.7941540268e-04 -1.4914251530e-04
7.5560853884e-04 4.1443009898e-04
3.0058593809e-04 -1.6008814905e-04
6.2939720517e-04 3.4675850482e-04
6.7282876674e-04 -3.5933698599e-04
2.7241720876e-04 1.5108942692e-04
7.9133898760e-04 -4.2480148842e-04
2.4938420362e-04 1.3967951297e-04
6.6776208506e-04 -3.6011308408e-04
5.9193541184e-04 3.3254209327e-04
2.9037229092e-04 -1.5773407987e-04
7.1167132110e-04 4.0181784616e-04
2.5993540951e-04 -1.4275500445e-04
6.0552417036e-04 3.4535916936e-04
6.1978111591e-04 -3.4054660917e-04
2.7652522299e-04 1.5949522308e-04
7.4606841025e-04 -4.1109805397e-04
2.2367415054e-04 1.2891191762e-04
6.3649946724e-04 -3.5203365595e-04
5.5878414172e-04 3.2233783742e-04
2.9149732342e-04 -1.6231274650e-04
6.6657810680e-04 3.8660849196e-04
2.2765459668e-04 -1.2805571213e-04
5.6571810281e-04 3.2959933960e-04
5.7410784668e-04 -3.2298164438e-04
2.6850882882e-04 1.5764351138e-04
6.9910472507e-04 -3.9439725927e-04
1.9106602743e-04 1.1321677070e-04
6.0641846052e-04 -3.4275739188e-04
5.1097409361e-04 3.0300881175e-04
2.9113716672e-04 -1.6534710005e-04
6.2150198203e-04 3.7057477988e-04
2.0074067733e-04 -1.1565956590e-04
5.3841289379e-04 3.2469881108e-04
5.3769696154e-04 -3.0997335166e-04
2.6756920532e-04 1.6332732102e-04
6.5327817103e-04 -3.7753644606e-04
1.5881236377e-04 9.7021300867e-05
5.6489454619e-04 -3.2744589077e-04
4.6223220919e-04 2.8163831670e-04
2.8059307218e-04 -1.6357859568e-04
5.7668661284e-04 3.5238206877e-04
1.6995900521e-04 -1.0038838025e-04
4.9090831543e-04 -2.8971292651e-04
5.0944090731e-04 3.1170892709e-04
6.0605710499e-04 -3.5839959549e-04
2.6393453087e-04 1.6207732883e-04
5.2985771251e-04 -3.1411631299e-04
1.3128932680e-04 8.1660023916e-05
2.7309850651e-04 -1.6267583037e-04
4.1721362904e-04 2.6022664932e-04
1.4079637913e-04 -8.4754529934e-05
5.2899993530e-04 3.3107312656e-04
4.4459821280e-04 -2.6776020554e-04
4.7496281493e-04 2.9805660690e-04
5.5814419829e-04 -3.3727592396e-04
2.5581218275e-04 1.6128112278e-04
4.9257776421e-04 -2.9866986484e-04
1.0579407656e-04 6.7608339722e-05
2.6293419708e-04 -1.6022762293e-04
3.7255664575e-04 2.3812051650e-04
1.1488512372e-04 -7.0859416164e-05
4.8041966544e-04 3.0814335521e-04
3.9868094335e-04 -2.4577483984e-04
4.3511590393e-04 2.8027533463e-04
5.0698314869e-04 -3.1350149722e-04
2.4122812297e-04 1.5626321881e-04
4.5140006949e-04 -2.8051781656e-04
8.3746392839e-05 5.4783946607e-05
2.4791902172e-04 -1.5508275925e-04
3.3258833471e-04 2.1734474616e-04
8.9518453868e-05 -5.6516874776e-05
4.3237799569e-04 2.8387855746e-04
3.5292023711e-04 -2.2194636825e-04
3.9112987230e-04 2.5817613249e-04
4.5457819803e-04 -2.8696626559e-04
2.2126579315e-04 1.4697565317e-04
4.0825980226e-04 -2.5874633417e-04
6.3323424901e-05 4.2696100820e-05
2.3031680424e-04 -1.4682329653e-04
2.9229105999e-04 1.9578266092e-04
6.6833929076e-05 -4.3523483207e-05
3.8179012071e-04 2.5661624888e-04
3.0773972608e-04 -1.9808887663e-04
3.4429100468e-04 2.3270756819e-04
3.9981521530e-04 -2.5845410261e-04
1.9885896755e-04 1.3518555746e-04
3.6181037921e-04 -2.3749697555e-04
2.1018827588e-04 -1.4007139494e-04
4.5115379675e-05 3.0841094037e-05
4.5449069579e-05 -3.0361315119e-05
2.4566241695e-04 1.6761774772e-04
2.5147055755e-04 -1.6491500271e-04
3.2537540040e-04 2.2324486951e-04
3.3752572009e-04 -2.2225171904e-04
2.9845799102e-04 2.0611455711e-04
3.1523762941e-04 -2.0846665265e-04
1.7762613936e-04 1.2322624998e-04
1.8944971260e-04 -1.2568984298e-04
2.7306407293e-05 1.9459139936e-05
2.7849616622e-05 -1.9489559219e-05
1.9378828323e-04 1.3616429557e-04
2.0392029338e-04 -1.3779390985e-04
2.6190301909e-04 1.8407279941e-04
2.7563545419e-04 -1.8577636220e-04
2.4172285141e-04 1.7015472882e-04
2.5141428950e-04 -1.7000108514e-04
1.4573225473e-04 1.0270720076e-04
1.4975936543e-04 -1.0175381229e-04
1.4080180344e-05 1.0608616703e-05
1.4952876181e-05 -1.0709068522e-05
1.4206903742e-04 1.0225583164e-04
1.5121005495e-04 -1.0306207141e-04
1.9085307329e-04 1.3663606944e-04
2.0278681795e-04 -1.3786343080e-04
1.7054310775e-04 1.2154281302e-04
1.8154207048e-04 -1.2330655765e-04
1.0074348109e-04 7.1253945128e-05
1.0818191615e-04 -7.2758691229e-05
4.7482146981e-06 4.6390716057e-06
5.0264848178e-06 -5.1310954755e-06
8.3975877164e-05 6.3117255036e-05
9.1517135326e-05 -6.7687660351e-05
1.0260921080e-04 7.4730205947e-05
1.1169409392e-04 -8.0249402630e-05
6.7370221300e-05 4.0240538767e-05
7.4719195105e-05 -4.9445158978e-05
2.8264233814e-05 9.9721047502e-06
3.1930301962e-05 -1.8241508075e-05
-4.1917631323e-07 -7.7054721880e-07
-1.1375830225e-06 2.1193988395e-07
