3.2480513481e-01 -1.1967056792e-01
3.3767613189e-01 -1.3071479477e-01
3.5047653439e-01 -1.4172150329e-01
3.6307556498e-01 -1.5249379432e-01
3.7548203838e-01 -1.6293911381e-01
3.8785210308e-01 -1.7322844118e-01
4.0005838223e-01 -1.8324270080e-01
4.1204362392e-01 -1.9293909343e-01
4.2394120008e-01 -2.0231830380e-01
4.3583164342e-01 -2.1150132657e-01
4.4763742461e-01 -2.2050935607e-01
4.5926946282e-01 -2.2926987857e-01
4.7073866609e-01 -2.3777494177e-01
4.8205764585e-01 -2.4612590665e-01
4.9331234267e-01 -2.5433097489e-01
5.0450216178e-01 -2.6238105188e-01
5.1555875885e-01 -2.7025881225e-01
5.2647896685e-01 -2.7793470909e-01
5.3736603081e-01 -2.8542386658e-01
5.4820666721e-01 -2.9277578844e-01
5.5893569978e-01 -2.9995961304e-01
5.6952012430e-01 -3.0699875634e-01
5.8001892095e-01 -3.1395607114e-01
5.9048020938e-01 -3.2079397223e-01
6.0090085660e-01 -3.2751055206e-01
6.1125429089e-01 -3.3409740269e-01
6.2156070183e-01 -3.4058027135e-01
6.3180722502e-01 -3.4697893186e-01
6.4199640604e-01 -3.5326007234e-01
6.5211870515e-01 -3.5941559098e-01
6.6217019519e-01 -3.6544443025e-01
6.7214262838e-01 -3.7141306692e-01
6.8209807343e-01 -3.7730352677e-01
6.9203309433e-01 -3.8311390379e-01
7.0194423181e-01 -3.8884227486e-01
7.1185057402e-01 -3.9447886678e-01
7.2171473252e-01 -4.0008607550e-01
7.3152636623e-01 -4.0558641902e-01
7.4129917899e-01 -4.1100258853e-01
7.5102965004e-01 -4.1633269712e-01
7.6071470295e-01 -4.2157835010e-01
7.7038768853e-01 -4.2677500272e-01
7.8006805363e-01 -4.3191396832e-01
7.8975202043e-01 -4.3699336828e-01
7.9944562449e-01 -4.4198617362e-01
8.0904571802e-01 -4.4694803747e-01
8.1866070268e-01 -4.5185672467e-01
8.2827852570e-01 -4.5670729401e-01
8.3787271914e-01 -4.6149141186e-01
8.4744511559e-01 -4.6620776952e-01
8.5710776834e-01 -4.7088449293e-01
8.6665792764e-01 -4.7547500906e-01
8.7622996644e-01 -4.8001805175e-01
8.8581647683e-01 -4.8451094739e-01
8.9538593750e-01 -4.8894201819e-01
9.0497596958e-01 -4.9332423878e-01
9.1457634584e-01 -4.9769553030e-01
9.2417880170e-01 -5.0200843149e-01
9.3378129183e-01 -5.0626708427e-01
9.4337954814e-01 -5.1047431943e-01
9.5296936696e-01 -5.1462834075e-01
9.6255985844e-01 -5.1872746194e-01
9.7218587206e-01 -5.2278867921e-01
9.8184571930e-01 -5.2681286955e-01
9.9151964112e-01 -5.3078145481e-01
1.0011810566e+00 -5.3469930392e-01
1.0108688601e+00 -5.3861773884e-01
1.0205897624e+00 -5.4248275652e-01
1.0303136315e+00 -5.4629046621e-01
1.0400480465e+00 -5.5005700488e-01
1.0497846409e+00 -5.5377425906e-01
1.0595590850e+00 -5.5745380688e-01
1.0693766876e+00 -5.6109951254e-01
1.0792171724e+00 -5.6469477490e-01
1.0890549232e+00 -5.6824159501e-01
1.0989209984e+00 -5.7177453835e-01
1.1088342083e+00 -5.7526936754e-01
1.1187709213e+00 -5.7872716239e-01
1.1287161700e+00 -5.8213720217e-01
1.1387002952e+00 -5.8548643294e-01
1.1487383656e+00 -5.8881236321e-01
1.1587966526e+00 -5.9209478806e-01
1.1688636014e+00 -5.9532223330e-01
1.1789415265e+00 -5.9852644048e-01
1.1890693617e+00 -6.0170189451e-01
1.1992464358e+00 -6.0483909743e-01
1.2094676221e+00 -6.0793659060e-01
1.2197128637e+00 -6.1098984356e-01
1.2300033675e+00 -6.1401166069e-01
1.2403481921e+00 -6.1699425519e-01
1.2507207456e+00 -6.1994056658e-01
1.2611104207e+00 -6.2283818284e-01
1.2715118869e+00 -6.2568567519e-01
1.2819393267e+00 -6.2850097326e-01
1.2924328742e+00 -6.3128562849e-01
1.3029885911e+00 -6.3403248688e-01
1.3136015838e+00 -6.3674255808e-01
1.3242566059e+00 -6.3944437222e-01
1.3349486407e+00 -6.4206789393e-01
1.3456878116e+00 -6.4466305802e-01
1.3564493527e+00 -6.4720150296e-01
1.3672257602e+00 -6.4968480009e-01
1.3780302731e+00 -6.5215416023e-01
1.3889095251e+00 -6.5458661300e-01
1.3998574778e+00 -6.5698096062e-01
1.4108680532e+00 -6.5933598516e-01
1.4219488014e+00 -6.6163240851e-01
1.4330653864e+00 -6.6393512282e-01
1.4442006180e+00 -6.6615694452e-01
1.4553762923e+00 -6.6833513582e-01
1.4665862202e+00 -6.7046856677e-01
1.4778241698e+00 -6.7255608591e-01
1.4891050528e+00 -6.7461709513e-01
1.5004667999e+00 -6.7664479824e-01
1.5118984873e+00 -6.7861883517e-01
1.5233869549e+00 -6.8054851030e-01
1.5349098941e+00 -6.8244068462e-01
1.5464590486e+00 -6.8425556197e-01
1.5580901454e+00 -6.8604069868e-01
1.5697682355e+00 -6.8778464233e-01
1.5814728029e+00 -6.8947036405e-01
1.5932035468e+00 -6.9111314154e-01
1.6050048694e+00 -6.9273191820e-01
1.6168798510e+00 -6.9429583520e-01
1.6288114344e+00 -6.9580610987e-01
1.6407793637e+00 -6.9727507210e-01
1.6527723614e+00 -6.9867894433e-01
1.6648348773e+00 -7.0002401264e-01
1.6769669766e+00 -7.0133145664e-01
1.6891240169e+00 -7.0257653472e-01
1.7012994032e+00 -7.0376089711e-01
1.7135459285e+00 -7.0493921590e-01
1.7258643019e+00 -7.0605087939e-01
1.7382328779e+00 -7.0709531993e-01
1.7506375231e+00 -7.0809230042e-01
1.7630642266e+00 -7.0903059391e-01
1.7755438976e+00 -7.0990419755e-01
1.7881022801e+00 -7.1073081362e-01
1.8007019322e+00 -7.1148876186e-01
1.8133194040e+00 -7.1218347104e-01
1.8260130900e+00 -7.1285996349e-01
1.8387665734e+00 -7.1346071128e-01
1.8515504130e+00 -7.1399803631e-01
1.8643547371e+00 -7.1448265015e-01
1.8771686278e+00 -7.1488016058e-01
1.8900515700e+00 -7.1521118677e-01
1.9030076671e+00 -7.1548967537e-01
1.9159952943e+00 -7.1568905577e-01
1.9289952258e+00 -7.1582808149e-01
1.9420953409e+00 -7.1595708456e-01
1.9552028350e+00 -7.1597955790e-01
1.9683329741e+00 -7.1593665135e-01
1.9814796990e+00 -7.1583027915e-01
1.9946421645e+00 -7.1565849242e-01
2.0078628997e+00 -7.1541276779e-01
2.0211393398e+00 -7.1509253465e-01
2.0344629657e+00 -7.1469802734e-01
2.0478295129e+00 -7.1423462428e-01
2.0612147656e+00 -7.1369267808e-01
2.0746206485e+00 -7.1308531891e-01
2.0880353262e+00 -7.1240604179e-01
2.1014502721e+00 -7.1165520245e-01
2.1148694854e+00 -7.1083894202e-01
2.1283366437e+00 -7.0993927243e-01
2.1418485713e+00 -7.0895060512e-01
2.1553965162e+00 -7.0787361680e-01
2.1690200109e+00 -7.0677165428e-01
2.1825748924e+00 -7.0550770934e-01
2.1961865707e+00 -7.0419442119e-01
2.2097795268e+00 -7.0279182876e-01
2.2233433476e+00 -7.0129862631e-01
2.2369655150e+00 -6.9977673621e-01
2.2506168087e+00 -6.9814538682e-01
2.2642613328e+00 -6.9643010491e-01
2.2779108979e+00 -6.9464494182e-01
2.2915584490e+00 -6.9276750162e-01
2.3051889487e+00 -6.9078537550e-01
2.3188353822e+00 -6.8870708993e-01
2.3325060903e+00 -6.8656238865e-01
2.3461144115e+00 -6.8431349322e-01
2.3597371407e+00 -6.8197000304e-01
2.3733649935e+00 -6.7953340000e-01
2.3870113272e+00 -6.7700805100e-01
2.4006113040e+00 -6.7436418851e-01
2.4142071637e+00 -6.7164626565e-01
2.4277675369e+00 -6.6884292375e-01
2.4412833974e+00 -6.6595576339e-01
2.4547643243e+00 -6.6299315985e-01
2.4682622232e+00 -6.5993741489e-01
2.4817401051e+00 -6.5675723243e-01
2.4951902983e+00 -6.5345573201e-01
2.5086282174e+00 -6.5007171117e-01
2.5220283677e+00 -6.4662037478e-01
2.5353338831e+00 -6.4306008586e-01
2.5486239198e+00 -6.3938758750e-01
2.5618891045e+00 -6.3560524096e-01
2.5750933864e+00 -6.3171050489e-01
2.5882819086e+00 -6.2773273176e-01
2.6013827243e+00 -6.2363868945e-01
2.6144303351e+00 -6.1945692014e-01
2.6274157424e+00 -6.1518994219e-01
2.6403298178e+00 -6.1084023813e-01
2.6532119846e+00 -6.0638719090e-01
2.6660320149e+00 -6.0180628526e-01
2.6787780569e+00 -5.9710028803e-01
2.6914958188e+00 -5.9229915720e-01
2.7041401474e+00 -5.8743225408e-01
2.7166296510e+00 -5.8244583484e-01
2.7290664823e+00 -5.7734001544e-01
2.7414414702e+00 -5.7211808941e-01
2.7537208578e+00 -5.6678391661e-01
2.7659008530e+00 -5.6135182468e-01
2.7780239410e+00 -5.5580807630e-01
2.7900141770e+00 -5.5016440924e-01
2.8019069517e+00 -5.4443491779e-01
2.8136935773e+00 -5.3862298987e-01
2.8253895015e+00 -5.3272484005e-01
2.8369911412e+00 -5.2669966366e-01
2.8484656481e+00 -5.2054347040e-01
2.8598394998e+00 -5.1427009150e-01
2.8711475589e+00 -5.0792221393e-01
2.8822753904e+00 -5.0149539082e-01
2.8932698465e+00 -4.9494852671e-01
2.9041473880e+00 -4.8828244110e-01
2.9148995158e+00 -4.8150128891e-01
2.9255175619e+00 -4.7460919106e-01
2.9360012555e+00 -4.6760813607e-01
2.9463446035e+00 -4.6051374317e-01
2.9565411000e+00 -4.5333194327e-01
2.9665830838e+00 -4.4606694682e-01
2.9764627194e+00 -4.3872293726e-01
2.9862548109e+00 -4.3127870905e-01
2.9958766105e+00 -4.2370159767e-01
3.0053004654e+00 -4.1601386635e-01
3.0145897928e+00 -4.0825463255e-01
3.0237461758e+00 -4.0042901771e-01
3.0327015168e+00 -3.9252482057e-01
3.0414728186e+00 -3.8450001248e-01
3.0500548496e+00 -3.7635895083e-01
3.0584403529e+00 -3.6810655188e-01
3.0667874417e+00 -3.5974539105e-01
3.0748182096e+00 -3.5135367001e-01
3.0826677249e+00 -3.4285989995e-01
3.0903442564e+00 -3.3426607990e-01
3.0978288370e+00 -3.2558337170e-01
3.1050915964e+00 -3.1683157065e-01
3.1122240599e+00 -3.0795656379e-01
3.1190911144e+00 -2.9902244489e-01
3.1257739492e+00 -2.9002281155e-01
3.1322666899e+00 -2.8096306690e-01
3.1385840223e+00 -2.7183925898e-01
3.1447360001e+00 -2.6259367068e-01
3.1505729526e+00 -2.5324937203e-01
3.1561826839e+00 -2.4385429790e-01
3.1616160094e+00 -2.3442616032e-01
3.1668436547e+00 -2.2495799889e-01
3.1718089251e+00 -2.1539523797e-01
3.1765280919e+00 -2.0574119257e-01
3.1809959505e+00 -1.9599563651e-01
3.1852856043e+00 -1.8614272988e-01
3.1893826347e+00 -1.7628598786e-01
3.1931988352e+00 -1.6639688986e-01
3.1967429842e+00 -1.5645856714e-01
3.1999951101e+00 -1.4645966708e-01
3.2030491621e+00 -1.3639168663e-01
3.2059348432e+00 -1.2626789090e-01
3.2085657780e+00 -1.1606564737e-01
3.2108567355e+00 -1.0582124545e-01
3.2129089823e+00 -9.5604964144e-02
3.2147414710e+00 -8.5334816757e-02
3.2163489764e+00 -7.5014017047e-02
3.2177286415e+00 -6.4646714340e-02
3.2188208706e+00 -5.4165839905e-02
3.2195488428e+00 -4.3669751167e-02
3.2200380160e+00 -3.3210913337e-02
3.2203222565e+00 -2.2728483020e-02
3.2203991005e+00 -1.2229415919e-02
3.2202444999e+00 -1.6791554839e-03
3.2197402261e+00 8.9197488044e-03
3.2188773016e+00 1.9527662519e-02
3.2177895439e+00 3.0131654456e-02
3.2165155794e+00 4.0741618154e-02
3.2150377630e+00 5.1356267502e-02
3.2132308513e+00 6.1993038529e-02
3.2110679185e+00 7.2645777185e-02
3.2085831811e+00 8.3306915193e-02
3.2059103466e+00 9.3967519233e-02
3.2030580176e+00 1.0461452115e-01
3.1999103826e+00 1.1523776561e-01
3.1964143106e+00 1.2586249803e-01
3.1925717645e+00 1.3648560509e-01
3.1885000325e+00 1.4712351101e-01
3.1842638278e+00 1.5773922931e-01
3.1797613923e+00 1.6828835310e-01
3.1749225086e+00 1.7882326821e-01
3.1697478703e+00 1.8933685513e-01
3.1642712369e+00 1.9985930784e-01
3.1586241921e+00 2.1037617239e-01
3.1527708982e+00 2.2081073800e-01
3.1465904141e+00 2.3120104016e-01
3.1400802376e+00 2.4154855149e-01
3.1332480526e+00 2.5187678108e-01
3.1262265518e+00 2.6220550867e-01
3.1190312441e+00 2.7244743107e-01
3.1115285688e+00 2.8261959669e-01
3.1037057022e+00 2.9273794158e-01
3.0955634237e+00 3.0279813191e-01
3.0871612554e+00 3.1286581773e-01
3.0786159157e+00 3.2287408745e-01
3.0698216323e+00 3.3277012029e-01
3.0607172557e+00 3.4259456522e-01
3.0513064693e+00 3.5234007771e-01
3.0415924921e+00 3.6204856026e-01
3.0317157759e+00 3.7172747275e-01
3.0216734390e+00 3.8129522557e-01
3.0113329585e+00 3.9076613738e-01
3.0006909545e+00 4.0014185687e-01
2.9897442335e+00 4.0943442171e-01
2.9786006154e+00 4.1869023422e-01
2.9673200067e+00 4.2786641630e-01
2.9557830592e+00 4.3691846960e-01
2.9439512205e+00 4.4586065671e-01
2.9318222840e+00 4.5469840364e-01
2.9194970206e+00 4.6348124503e-01
2.9070406052e+00 4.7219268369e-01
2.8943544861e+00 4.8077517784e-01
2.8813968677e+00 4.8922485470e-01
2.8681671392e+00 4.9755021741e-01
2.8547621716e+00 5.0580332449e-01
2.8412335516e+00 5.1397888764e-01
2.8275018354e+00 5.2201895123e-01
2.8135004297e+00 5.2993033293e-01
2.7992363134e+00 5.3770819599e-01
2.7847526319e+00 5.4544775241e-01
2.7701798172e+00 5.5303949520e-01
2.7554132086e+00 5.6047149382e-01
2.7404427499e+00 5.6776731421e-01
2.7252777568e+00 5.7492002423e-01
2.7098949414e+00 5.8203115858e-01
2.6943512342e+00 5.8900935203e-01
2.6786547797e+00 5.9582583372e-01
2.6628159077e+00 6.0247365304e-01
2.6467147772e+00 6.0899478079e-01
2.6304840672e+00 6.1543641821e-01
2.6141873120e+00 6.2175926322e-01
2.5976957818e+00 6.2790134154e-01
2.5810161535e+00 6.3385590445e-01
2.5641841393e+00 6.3966633725e-01
2.5472277510e+00 6.4537925241e-01
2.5301526246e+00 6.5097977668e-01
2.5129083115e+00 6.5641300807e-01
2.4955277499e+00 6.6167635468e-01
2.4779921611e+00 6.6686665556e-01
2.4603230736e+00 6.7184338558e-01
2.4425904077e+00 6.7669184420e-01
2.4248074046e+00 6.8140637626e-01
2.4069596150e+00 6.8598885189e-01
2.3888912149e+00 6.9042614998e-01
2.3706588249e+00 6.9467085795e-01
2.3523816647e+00 6.9876549300e-01
2.3340600356e+00 7.0273919587e-01
2.3156886027e+00 7.0658744415e-01
2.2971586990e+00 7.1026955835e-01
2.2785005151e+00 7.1375560324e-01
2.2597997655e+00 7.1708834349e-01
2.2410653102e+00 7.2030360635e-01
2.2222985255e+00 7.2339595490e-01
2.2033919526e+00 7.2631733084e-01
2.1843981751e+00 7.2903881781e-01
2.1654038099e+00 7.3160981060e-01
2.1463755068e+00 7.3406207639e-01
2.1273287957e+00 7.3639166083e-01
2.1081737723e+00 7.3857419931e-01
2.0888858566e+00 7.4054855783e-01
2.0697017158e+00 7.4235723073e-01
2.0504858649e+00 7.4404262510e-01
2.0312541988e+00 7.4560143473e-01
2.0120225608e+00 7.4703022342e-01
1.9926405349e+00 7.4831684761e-01
1.9732409708e+00 7.4939701849e-01
1.9539006848e+00 7.5033255975e-01
1.9345777335e+00 7.5113948226e-01
1.9152889104e+00 7.5181498700e-01
1.8959229737e+00 7.5235399998e-01
1.8765101877e+00 7.5270046840e-01
1.8571788778e+00 7.5290577133e-01
1.8378739724e+00 7.5299056289e-01
1.8186127697e+00 7.5295272022e-01
1.7993030564e+00 7.5277509013e-01
1.7799546341e+00 7.5240435966e-01
1.7607118895e+00 7.5189733263e-01
1.7415108448e+00 7.5127771844e-01
1.7223693060e+00 7.5054410338e-01
1.7031916289e+00 7.4967665619e-01
1.6840035959e+00 7.4862343763e-01
1.6649332492e+00 7.4744615294e-01
1.6459357294e+00 7.4615544442e-01
1.6270187148e+00 7.4476037200e-01
1.6080916836e+00 7.4324497473e-01
1.5891526906e+00 7.4155443029e-01
1.5702640041e+00 7.3976267571e-01
1.5515079441e+00 7.3780894049e-01
1.5327890265e+00 7.3570778049e-01
1.5141207421e+00 7.3349923788e-01
1.4955635936e+00 7.3115280510e-01
1.4771050383e+00 7.2871834626e-01
1.4586816922e+00 7.2617607264e-01
1.4403074720e+00 7.2351045169e-01
1.4220001974e+00 7.2072185194e-01
1.4037402007e+00 7.1777619616e-01
1.3855448892e+00 7.1476644689e-01
1.3674531102e+00 7.1162327909e-01
1.3494741965e+00 7.0836930072e-01
1.3316270213e+00 7.0500568289e-01
1.3139106988e+00 7.0154474609e-01
1.2962353641e+00 6.9799331043e-01
1.2786190456e+00 6.9432364339e-01
1.2610798624e+00 6.9053748924e-01
1.2436357550e+00 6.8663602643e-01
1.2262266828e+00 6.8260574264e-01
1.2089506118e+00 6.7850540016e-01
1.1917918016e+00 6.7430912893e-01
1.1747690256e+00 6.7001947581e-01
1.1578997057e+00 6.6563970886e-01
1.1410849711e+00 6.6118921383e-01
1.1243385769e+00 6.5662710554e-01
1.1076785407e+00 6.5195630375e-01
1.0911034825e+00 6.4714431775e-01
1.0746267798e+00 6.4229831270e-01
1.0582682642e+00 6.3734341126e-01
1.0420484404e+00 6.3232087018e-01
1.0259863236e+00 6.2723460945e-01
1.0100465208e+00 6.2206078403e-01
9.9417350503e-01 6.1677315089e-01
9.7838728569e-01 6.1137784452e-01
9.6267522785e-01 6.0588558517e-01
9.4705706895e-01 6.0038555117e-01
9.3157176405e-01 5.9479242555e-01
9.1622918835e-01 5.8910493789e-01
9.0104796987e-01 5.8332769152e-01
8.8582933197e-01 5.7741852091e-01
8.7079897564e-01 5.7151991810e-01
8.5590676029e-01 5.6553245203e-01
8.4110809074e-01 5.5942634381e-01
8.2642074165e-01 5.5320683155e-01
8.1177770576e-01 5.4694780255e-01
7.9722941860e-01 5.4066871541e-01
7.8282238162e-01 5.3429721280e-01
7.6857462676e-01 5.2783914581e-01
7.5441890310e-01 5.2125554234e-01
7.4028556635e-01 5.1460597623e-01
7.2633828540e-01 5.0798871453e-01
7.1248888826e-01 5.0126303024e-01
6.9873794287e-01 4.9442175626e-01
6.8510243642e-01 4.8747120503e-01
6.7144573820e-01 4.8042113451e-01
6.5795633487e-01 4.7339512625e-01
6.4458183669e-01 4.6628684952e-01
6.3131325947e-01 4.5908298837e-01
6.1813765539e-01 4.5177615363e-01
6.0497438740e-01 4.4438653113e-01
5.9196520042e-01 4.3697276548e-01
5.7904298630e-01 4.2946050371e-01
5.6622551305e-01 4.2185270220e-01
5.5348363679e-01 4.1413790385e-01
5.4079259620e-01 4.0636293045e-01
5.2820951090e-01 3.9850826831e-01
5.1573989868e-01 3.9059633144e-01
5.0329701287e-01 3.8262620820e-01
4.9090209702e-01 3.7450626304e-01
4.7857938112e-01 3.6628373975e-01
4.6634158798e-01 3.5803379185e-01
4.5421115683e-01 3.4973518671e-01
4.4214521071e-01 3.4128784865e-01
4.3013572031e-01 3.3269315907e-01
4.1814767802e-01 3.2396829584e-01
4.0617315463e-01 3.1524922746e-01
3.9430259035e-01 3.0641100013e-01
3.8255103140e-01 2.9745874696e-01
3.7087344421e-01 2.8836565925e-01
3.5918378294e-01 2.7916114370e-01
3.4751699821e-01 2.6988063042e-01
3.3591726517e-01 2.6045085675e-01
3.2434986030e-01 2.5090227357e-01
3.1279651307e-01 2.4126431513e-01
3.0131422495e-01 2.3147676377e-01
2.8985545435e-01 2.2159191926e-01
2.7842909076e-01 2.1163177400e-01
2.6696804683e-01 2.0144406707e-01
2.5559607410e-01 1.9111837265e-01
2.4428766405e-01 1.8073683117e-01
2.3297799536e-01 1.7024800650e-01
2.2165832662e-01 1.5962676418e-01
2.1028955895e-01 1.4875757632e-01
1.9901577896e-01 1.3784653329e-01
1.8781355897e-01 1.2694130245e-01
1.7661240448e-01 1.1594099854e-01
1.6541100129e-01 1.0483220168e-01
1.5409330259e-01 9.3491359000e-02
1.4287122556e-01 8.2400693804e-02
