7.3800344635e-07 -1.9029646415e-07
3.0876869388e-01 1.6475336020e-03
6.1142083047e-01 6.4580131741e-03
9.0791005074e-01 1.4408259533e-02
1.1979975446e+00 2.5276725060e-02
1.4816333204e+00 3.9025498559e-02
1.7586177334e+00 5.5470387465e-02
2.0288214599e+00 7.4517733508e-02
2.2920744430e+00 9.6091873475e-02
2.5481989805e+00 1.1999892266e-01
2.7971819182e+00 1.4619299068e-01
3.0387591246e+00 1.7444977838e-01
3.2728531968e+00 2.0473057888e-01
3.4993535663e+00 2.3691588985e-01
3.7179737906e+00 2.7082061107e-01
3.9288353177e+00 3.0638263889e-01
4.1316344148e+00 3.4341900884e-01
4.3262786811e+00 3.8182268023e-01
4.5127268372e+00 4.2152499411e-01
4.6908126902e+00 4.6228260011e-01
4.8605173637e+00 5.0406851942e-01
5.0216560165e+00 5.4669202996e-01
5.1741631236e+00 5.9003933501e-01
5.3180741138e+00 6.3402339808e-01
5.4532092474e+00 6.7841946452e-01
5.5795434041e+00 7.2320342052e-01
5.6970081423e+00 7.6816890434e-01
5.8056089050e+00 8.1319680199e-01
5.9053332903e+00 8.5820719845e-01
5.9960512439e+00 9.0299047814e-01
6.0779131402e+00 9.4750734032e-01
6.1508180982e+00 9.9154903583e-01
6.2148251482e+00 1.0350300937e+00
6.2699303038e+00 1.0778538276e+00
6.3161795048e+00 1.1198081706e+00
6.3536390673e+00 1.1608711865e+00
6.3823568545e+00 1.2008343871e+00
6.4023921194e+00 1.2396286033e+00
6.4138890100e+00 1.2771580733e+00
6.4168514532e+00 1.3132607122e+00
6.4114534792e+00 1.3478375806e+00
6.3977840296e+00 1.3807913252e+00
6.3759824996e+00 1.4120131825e+00
6.3462313222e+00 1.4414059530e+00
6.3086056575e+00 1.4688880572e+00
6.2633449715e+00 1.4943030001e+00
6.2105326290e+00 1.5176454920e+00
6.1504674368e+00 1.5387526858e+00
6.0832943177e+00 1.5575833637e+00
6.0091616161e+00 1.5741013862e+00
5.9284926183e+00 1.5881723617e+00
5.8412897658e+00 1.5997627743e+00
5.7478489926e+00 1.6088124561e+00
5.6484966666e+00 1.6152334810e+00
5.5434101628e+00 1.6190591487e+00
5.4328510339e+00 1.6201618015e+00
5.3171906960e+00 1.6185363926e+00
5.1965819208e+00 1.6142034266e+00
5.0714228995e+00 1.6071286697e+00
4.9419507647e+00 1.5972586375e+00
4.8083419364e+00 1.5846030838e+00
4.6711516156e+00 1.5691765581e+00
4.5304477747e+00 1.5509985846e+00
4.3867694522e+00 1.5301182599e+00
4.2402466473e+00 1.5065256463e+00
4.0912510032e+00 1.4802600393e+00
3.9401836235e+00 1.4513642396e+00
3.7871515624e+00 1.4198885309e+00
3.6327865131e+00 1.3859471622e+00
3.4771560822e+00 1.3495799122e+00
3.3207425402e+00 1.3109112018e+00
3.1638365903e+00 1.2700129691e+00
3.0066478459e+00 1.2269390097e+00
2.8497387336e+00 1.1818655707e+00
2.6931369642e+00 1.1348581383e+00
2.5374785569e+00 1.0861595683e+00
2.3828653222e+00 1.0358284950e+00
2.2297694619e+00 9.8411081890e-01
2.0784410614e+00 9.3108012933e-01
1.9291247789e+00 8.7689173835e-01
1.7824404641e+00 8.2186911352e-01
1.6383252289e+00 7.6606402323e-01
1.4974730177e+00 7.0989927053e-01
1.3600166403e+00 6.5347537471e-01
1.2264003528e+00 5.9705504242e-01
1.0970127105e+00 5.4096037400e-01
9.7193029167e-01 4.8526866817e-01
8.5202010449e-01 4.3050707380e-01
7.3741287249e-01 3.7699211469e-01
6.2838611471e-01 3.2495061228e-01
5.2574446708e-01 2.7479139858e-01
4.2995316280e-01 2.2699385225e-01
3.4123237233e-01 1.8197232041e-01
2.6045793762e-01 1.4022203759e-01
1.8868268344e-01 1.0231591860e-01
1.2618949347e-01 6.9288424443e-02
7.4158086061e-02 4.1433022338e-02
3.4855204291e-02 1.9372562478e-02
9.9315312905e-03 5.3882336745e-03
4.1877804191e-07 1.9195074485e-07
