2.9747276823e+02
2.9688619188e+02
2.9805942762e+02
2.9629956165e+02
2.9864686020e+02
2.9571209946e+02
2.9923426753e+02
2.9512458067e+02
2.9982084315e+02
2.9454093301e+02
3.0040726569e+02
2.9395772092e+02
3.0099383163e+02
2.9337431672e+02
3.0158453507e+02
2.9278994887e+02
3.0217523690e+02
2.9220550622e+02
3.0276239888e+02
2.9162251739e+02
3.0334665482e+02
2.9103975077e+02
3.0393099830e+02
2.9045668293e+02
3.0452030284e+02
2.8987211461e+02
3.0510972247e+02
2.8928742686e+02
3.0569814568e+02
2.8870884057e+02
3.0628613122e+02
2.8813157301e+02
3.0687422686e+02
2.8755582688e+02
3.0746507944e+02
2.8698310440e+02
3.0805616087e+02
2.8641026703e+02
3.0864333864e+02
2.8582824941e+02
3.0922574444e+02
2.8524360154e+02
3.0980828593e+02
2.8466096526e+02
3.1039763213e+02
2.8408230066e+02
3.1098780785e+02
2.8350345958e+02
3.1157594759e+02
2.8293310346e+02
3.1216134542e+02
2.8236570286e+02
3.1274689145e+02
2.8179644884e+02
3.1333008496e+02
2.8121973364e+02
3.1391297429e+02
2.8064282363e+02
3.1449885038e+02
2.8007621770e+02
3.1509147662e+02
2.7951403268e+02
3.1568430755e+02
2.7894965548e+02
3.1626388989e+02
2.7837369369e+02
3.1684062650e+02
2.7779749601e+02
3.1741968995e+02
2.7723343031e+02
3.1800506015e+02
2.7667564569e+02
3.1859065716e+02
2.7611673539e+02
3.1917181225e+02
2.7554963309e+02
3.1975178631e+02
2.7498226737e+02
3.2033280096e+02
2.7442143369e+02
3.2091773030e+02
2.7386461443e+02
3.2150289427e+02
2.7330791127e+02
3.2207875283e+02
2.7275198272e+02
3.2265140964e+02
2.7219578367e+02
3.2322477686e+02
2.7164168006e+02
3.2380095745e+02
2.7108908807e+02
3.2437737679e+02
2.7053660407e+02
3.2495476955e+02
2.6998536602e+02
3.2553266566e+02
2.6943383430e+02
3.2610854328e+02
2.6888468683e+02
3.2667586960e+02
2.6833761115e+02
3.2724344952e+02
2.6779060438e+02
3.2781792074e+02
2.6724547327e+02
3.2839604817e+02
2.6670001582e+02
3.2897256960e+02
2.6615744923e+02
3.2954094964e+02
2.6561788659e+02
3.3010962187e+02
2.6507806068e+02
3.3067851876e+02
3.3124761753e+02
2.6454015144e+02
3.3181610258e+02
2.6400167873e+02
3.3237899771e+02
2.6346556633e+02
3.3294218836e+02
2.6293240427e+02
3.3350592774e+02
2.6239896061e+02
3.3407011872e+02
2.6186410612e+02
3.3463433026e+02
2.6132848811e+02
3.3519925535e+02
2.6079924570e+02
3.3576451379e+02
2.6027921333e+02
3.3632346487e+02
2.5975885664e+02
3.3687694585e+02
2.5923310375e+02
3.3743052510e+02
2.5870602511e+02
3.3798681421e+02
2.5818133466e+02
3.3854345193e+02
2.5766097886e+02
3.3909939251e+02
2.5714028634e+02
3.3965456216e+02
2.5663290641e+02
3.4021000978e+02
2.5612726524e+02
3.4075700942e+02
2.5561694533e+02
3.4130436997e+02
2.5509771432e+02
3.4185376379e+02
2.5457816555e+02
3.4240549089e+02
2.5407063348e+02
3.4295751738e+02
2.5356508087e+02
3.4349919154e+02
2.5306039048e+02
3.4404069588e+02
2.5255842695e+02
3.4458360711e+02
3.4512832220e+02
2.5205609076e+02
3.4567334872e+02
2.5155576510e+02
3.4621295120e+02
2.5105537939e+02
3.4675246881e+02
2.5055667393e+02
3.4728978673e+02
2.5006386148e+02
3.4782313750e+02
2.4957065335e+02
3.4835682018e+02
2.4907883493e+02
3.4889260767e+02
2.4858687184e+02
3.4942932825e+02
2.4809642729e+02
3.4996404051e+02
2.4761294207e+02
3.5049431157e+02
2.4712903731e+02
3.5102493293e+02
2.4664766082e+02
3.5154927594e+02
2.4616682038e+02
3.5207265948e+02
2.4568643498e+02
3.5259736340e+02
2.4521013758e+02
3.5312467453e+02
2.4473341211e+02
3.5365234325e+02
2.4426074053e+02
3.5417184317e+02
2.4378961911e+02
3.5468943663e+02
2.4331856728e+02
3.5520755971e+02
3.5572643143e+02
2.4285083434e+02
3.5624566945e+02
2.4238266263e+02
3.5675970239e+02
2.4191957525e+02
3.5727232185e+02
2.4145912093e+02
3.5778483149e+02
2.4099835600e+02
3.5829578319e+02
2.4053913795e+02
3.5880710867e+02
2.4007946200e+02
3.5931515374e+02
2.3962193251e+02
3.5982221947e+02
2.3916540250e+02
3.6032891034e+02
2.3870900175e+02
3.6083215269e+02
2.3826462932e+02
3.6133577958e+02
2.3781975992e+02
3.6183713432e+02
2.3737587863e+02
3.6233771694e+02
2.3693251756e+02
3.6283791923e+02
2.3648870485e+02
3.6333317035e+02
3.6382881341e+02
2.3605326393e+02
3.6432360671e+02
2.3561734354e+02
3.6481827616e+02
2.3518411741e+02
3.6531257866e+02
2.3475326038e+02
3.6579926056e+02
2.3432185964e+02
3.6628633833e+02
2.3388827325e+02
3.6677417505e+02
2.3345417378e+02
3.6726298737e+02
2.3302614773e+02
3.6775161420e+02
2.3260490065e+02
3.6822884307e+02
2.3218309398e+02
3.6870646735e+02
2.3176270710e+02
3.6918782171e+02
2.3134195362e+02
3.6967291595e+02
2.3092498639e+02
3.7015831276e+02
2.3051324821e+02
3.7062948726e+02
3.7110107910e+02
2.3010093774e+02
3.7157223322e+02
2.2969118411e+02
3.7204314830e+02
2.2928130264e+02
3.7251451187e+02
2.2887366415e+02
3.7298524937e+02
2.2846961898e+02
3.7345637214e+02
2.2806499060e+02
3.7392244447e+02
2.2766508086e+02
3.7438249516e+02
2.2726557294e+02
3.7484299610e+02
2.2686863233e+02
3.7530508547e+02
2.2647704169e+02
3.7576768501e+02
2.2608486247e+02
3.7622736650e+02
2.2569294211e+02
3.7668293286e+02
3.7713895450e+02
2.2530066593e+02
3.7759178786e+02
2.2491273355e+02
3.7804459632e+02
2.2453596100e+02
3.7849732289e+02
2.2415859897e+02
3.7894993865e+02
2.2377860109e+02
3.7940301821e+02
2.2339744270e+02
3.7984516602e+02
2.2301769656e+02
3.8028572069e+02
2.2264239064e+02
3.8072697899e+02
2.2226647819e+02
3.8116945358e+02
2.2189682039e+02
3.8161238970e+02
2.2152916652e+02
3.8204629280e+02
3.8247836475e+02
2.2116261408e+02
3.8291276495e+02
2.2080119831e+02
3.8335285459e+02
2.2043917570e+02
3.8379340967e+02
2.2007874342e+02
3.8422394358e+02
2.1971873877e+02
3.8465175256e+02
2.1935957195e+02
3.8507854841e+02
2.1900591395e+02
3.8550158361e+02
2.1865163807e+02
3.8592508099e+02
2.1830534386e+02
3.8634718706e+02
2.1796317643e+02
3.8676903680e+02
3.8718998588e+02
2.1761999770e+02
3.8760674662e+02
2.1727175954e+02
3.8802397175e+02
2.1692289750e+02
3.8843960556e+02
2.1658221928e+02
3.8885475071e+02
2.1624667466e+02
3.8926864888e+02
2.1591108395e+02
3.8967497277e+02
2.1557914747e+02
3.9008176324e+02
2.1524658641e+02
3.9048959811e+02
2.1491754828e+02
3.9089820574e+02
2.1459110301e+02
3.9130472570e+02
3.9169422650e+02
2.1426450146e+02
3.9208418497e+02
2.1394321132e+02
3.9248093821e+02
2.1362129320e+02
3.9288222743e+02
2.1330255713e+02
3.9328244427e+02
2.1298666948e+02
3.9366938659e+02
2.1267032919e+02
3.9405678926e+02
2.1235993345e+02
3.9444523180e+02
2.1204886176e+02
3.9483454730e+02
2.1174053644e+02
3.9522377605e+02
3.9560642627e+02
2.1143519958e+02
3.9598954521e+02
2.1112927164e+02
3.9636991553e+02
2.1082845045e+02
3.9674783604e+02
2.1052703141e+02
3.9712610148e+02
2.1022910936e+02
3.9749829482e+02
2.0993574277e+02
3.9787096589e+02
2.0964176583e+02
3.9824015685e+02
2.0935359223e+02
3.9860561110e+02
2.0906516696e+02
3.9897152914e+02
3.9932839410e+02
2.0877939569e+02
3.9968541120e+02
2.0849786894e+02
4.0004285211e+02
2.0821572278e+02
4.0040069005e+02
2.0793864047e+02
4.0075897829e+02
2.0766149902e+02
4.0110692525e+02
2.0738746106e+02
4.0145455142e+02
2.0711936754e+02
4.0180108702e+02
2.0685063681e+02
4.0214578038e+02
4.0249093681e+02
2.0658839592e+02
4.0283073930e+02
2.0632669427e+02
4.0317035830e+02
2.0606647442e+02
4.0350537104e+02
2.0581010120e+02
4.0383195236e+02
2.0555307550e+02
4.0415901434e+02
2.0530768295e+02
4.0447454764e+02
2.0506452321e+02
4.0478828478e+02
2.0482237292e+02
4.0510314129e+02
4.0541980344e+02
2.0458384518e+02
4.0573689707e+02
2.0434466560e+02
4.0604761062e+02
2.0411028812e+02
4.0635736353e+02
2.0387669481e+02
4.0666428346e+02
2.0364776352e+02
4.0696327347e+02
2.0343490707e+02
4.0726275459e+02
2.0322135811e+02
4.0754442940e+02
4.0782092355e+02
2.0301080393e+02
4.0809792653e+02
2.0280087242e+02
4.0837544017e+02
2.0259409521e+02
4.0865340140e+02
2.0240187471e+02
4.0891833019e+02
2.0220892794e+02
4.0917882464e+02
2.0202552875e+02
4.0943722086e+02
2.0184605394e+02
4.0968582581e+02
4.0993490584e+02
2.0167041916e+02
4.1017527766e+02
2.0151786389e+02
4.1041213939e+02
2.0136455872e+02
4.1064535385e+02
2.0122105015e+02
4.1085744217e+02
2.0108258567e+02
4.1107006888e+02
2.0094710480e+02
4.1127131124e+02
2.0083803943e+02
4.1146662460e+02
4.1165686105e+02
2.0072816467e+02
4.1180672529e+02
2.0064811123e+02
4.1195716825e+02
2.0058748785e+02
4.1208548054e+02
2.0053043158e+02
4.1219913642e+02
2.0052252335e+02
4.1231016862e+02
2.0051377980e+02
4.1238566521e+02
2.0055599831e+02
4.1246175632e+02
4.1248470047e+02
2.0063788930e+02
4.1246646988e+02
2.0072264329e+02
4.1244593925e+02
2.0089464793e+02
4.1235615985e+02
2.0106559686e+02
4.1226722484e+02
2.0185273313e+02
4.1146769856e+02
2.0322209783e+02
4.1000277608e+02
2.0459244356e+02
4.0853723193e+02
