-1.4677756534e-06 -1.3370320816e-06
3.0830236847e-01 4.3848489345e-04
6.1042927076e-01 1.7362211046e-03
9.0634864728e-01 3.8613392206e-03
1.1960294941e+00 6.7827654635e-03
1.4794575199e+00 1.0473124996e-02
1.7565948792e+00 1.4903198957e-02
2.0274055183e+00 2.0043096725e-02
2.2918848135e+00 2.5866822274e-02
2.5499788540e+00 3.2342649586e-02
2.8016707556e+00 3.9450325301e-02
3.0469269819e+00 4.7156108145e-02
3.2857142535e+00 5.5433483721e-02
3.5180008174e+00 6.4260661569e-02
3.7437671636e+00 7.3602003999e-02
3.9629694708e+00 8.3437734983e-02
4.1755960364e+00 9.3742134509e-02
4.3815988270e+00 1.0448253383e-01
4.5809554156e+00 1.1563895041e-01
4.7736439842e+00 1.2718060216e-01
4.9596498925e+00 1.3908261611e-01
5.1389240961e+00 1.5132209638e-01
5.3114525432e+00 1.6386596284e-01
5.4772065569e+00 1.7669241584e-01
5.6361637109e+00 1.8977568061e-01
5.7883045524e+00 2.0308572845e-01
5.9335998509e+00 2.1660069214e-01
6.0720377285e+00 2.3029008878e-01
6.2036110559e+00 2.4412953448e-01
6.3282977113e+00 2.5809599589e-01
6.4460569703e+00 2.7215738213e-01
6.5568953160e+00 2.8628954061e-01
6.6608106011e+00 3.0046884201e-01
6.7577856744e+00 3.1466169867e-01
6.8477919061e+00 3.2884425152e-01
6.9308416086e+00 3.4299069955e-01
7.0069435647e+00 3.5707414634e-01
7.0760691095e+00 3.7106876210e-01
7.1382362082e+00 3.8494393353e-01
7.1934359618e+00 3.9867223512e-01
7.2416635053e+00 4.1223024458e-01
7.2829572786e+00 4.2558636330e-01
7.3172878812e+00 4.3871141981e-01
7.3446845039e+00 4.5158508529e-01
7.3651789483e+00 4.6417475332e-01
7.3787510094e+00 4.7645042110e-01
7.3854391247e+00 4.8838777405e-01
7.3852700052e+00 4.9995412942e-01
7.3782442257e+00 5.1112288240e-01
7.3644048406e+00 5.2186798896e-01
7.3437907698e+00 5.3215882072e-01
7.3164119774e+00 5.4196722980e-01
7.2823086128e+00 5.5125971752e-01
7.2415412161e+00 5.6001416802e-01
7.1941151989e+00 5.6819709457e-01
7.1401115255e+00 5.7578118611e-01
7.0795603018e+00 5.8273594486e-01
7.0125100536e+00 5.8903214764e-01
6.9390156136e+00 5.9464286105e-01
6.8591404404e+00 5.9953750903e-01
6.7729465893e+00 6.0368602862e-01
6.6805144658e+00 6.0706249735e-01
6.5818822779e+00 6.0963218147e-01
6.4771471178e+00 6.1137235148e-01
6.3663706917e+00 6.1225189274e-01
6.2496498014e+00 6.1224613644e-01
6.1270641649e+00 6.1132500202e-01
5.9987004679e+00 6.0945746459e-01
5.8646707889e+00 6.0662602801e-01
5.7250564736e+00 6.0279924236e-01
5.5799783811e+00 5.9794915247e-01
5.4295436110e+00 5.9205630674e-01
5.2738583306e+00 5.8509343729e-01
5.1130675379e+00 5.7703975576e-01
4.9472825620e+00 5.6787219785e-01
4.7766692695e+00 5.5757933900e-01
4.6013629265e+00 5.4613173647e-01
4.4214927234e+00 5.3351639022e-01
4.2372552144e+00 5.1972242108e-01
4.0488344346e+00 5.0474027991e-01
3.8563926630e+00 4.8854725073e-01
3.6601480936e+00 4.7114975346e-01
3.4603229499e+00 4.5254491238e-01
3.2571545643e+00 4.3272468876e-01
3.0508972227e+00 4.1169797951e-01
2.8418504043e+00 3.8948428535e-01
2.6303229356e+00 3.6609095990e-01
2.4166531792e+00 3.4154292225e-01
2.2012650173e+00 3.1588733796e-01
1.9846272329e+00 2.8915465978e-01
1.7672475155e+00 2.6140576692e-01
1.5497626216e+00 2.3273588645e-01
1.3328952369e+00 2.0321993852e-01
1.1176629811e+00 1.7298860419e-01
9.0525566938e-01 1.4232505139e-01
6.9720046262e-01 1.1129352218e-01
4.9587666540e-01 8.0362489317e-02
3.0486808906e-01 5.0369317909e-02
1.3185055354e-01 2.1212425535e-02
-4.2824795525e-05 -1.5498897680e-06
