1.6647196926e+02
1.6665810274e+02
1.6684023409e+02
1.6701279271e+02
1.6717743889e+02
1.6733918375e+02
1.6749133066e+02
1.6764168980e+02
1.6778230621e+02
1.6791661873e+02
1.6804550262e+02
1.6816473553e+02
1.6828428419e+02
1.6839414079e+02
1.6849841547e+02
1.6859738151e+02
1.6868642820e+02
1.6877463431e+02
1.6885682700e+02
1.6893208706e+02
1.6899838192e+02
1.6906241839e+02
1.6912244229e+02
1.6917435094e+02
1.6922339062e+02
1.6926330291e+02
1.6929934602e+02
1.6933214908e+02
1.6935734583e+02
1.6937823136e+02
1.6939453154e+02
1.6940338703e+02
1.6940889353e+02
1.6941068040e+02
1.6940369233e+02
1.6939557927e+02
1.6938032940e+02
1.6936127438e+02
1.6933647871e+02
1.6930665323e+02
1.6927292647e+02
1.6923170190e+02
1.6918981111e+02
1.6914012392e+02
1.6908673523e+02
1.6902774188e+02
1.6896514656e+02
1.6889730178e+02
1.6882542171e+02
1.6875038745e+02
1.6866638665e+02
1.6858251371e+02
1.6848757868e+02
1.6839438101e+02
1.6829323404e+02
1.6819102556e+02
1.6807732115e+02
1.6796507262e+02
1.6784749615e+02
1.6772306341e+02
1.6759340562e+02
1.6746454803e+02
1.6732620763e+02
1.6718476538e+02
1.6703987794e+02
1.6689022438e+02
1.6673338556e+02
1.6657597700e+02
1.6641662962e+02
1.6624704488e+02
1.6607721515e+02
1.6590015886e+02
1.6572572447e+02
1.6554061993e+02
1.6535368658e+02
1.6516978541e+02
1.6497885217e+02
1.6478642623e+02
1.6458969218e+02
1.6438762383e+02
1.6419491606e+02
1.6399567101e+02
1.6379330624e+02
1.6359613176e+02
1.6340198688e+02
1.6319818441e+02
1.6300737839e+02
1.6282444203e+02
1.6263336575e+02
1.6246903542e+02
1.6228522860e+02
1.6214414163e+02
1.6198974995e+02
1.6185853250e+02
1.6178574199e+02
1.6169435790e+02
1.6171677556e+02
1.6178266580e+02
1.6179930497e+02
1.6318587397e+02
