1.9827017875e+02
1.9824864487e+02
1.9824984395e+02
1.9826884339e+02
1.9825104302e+02
1.9826750804e+02
1.9825222040e+02
1.9826617269e+02
1.9825354720e+02
1.9826489626e+02
1.9825499740e+02
1.9826367062e+02
1.9825644222e+02
1.9826232770e+02
1.9825783941e+02
1.9826104773e+02
1.9825905511e+02
1.9825995307e+02
1.9826026323e+02
1.9825881140e+02
1.9826150895e+02
1.9825751467e+02
1.9826275467e+02
1.9825641322e+02
1.9826404461e+02
1.9825536249e+02
1.9826524524e+02
1.9825431175e+02
1.9826633686e+02
1.9825325613e+02
1.9826742513e+02
1.9825236682e+02
1.9826842514e+02
1.9825149021e+02
1.9826942515e+02
1.9825061361e+02
1.9827030791e+02
1.9824987355e+02
1.9827103330e+02
1.9824923445e+02
1.9827165463e+02
1.9824859641e+02
1.9827227595e+02
1.9824801728e+02
1.9827291792e+02
1.9824779589e+02
1.9827336844e+02
1.9824757449e+02
1.9827381395e+02
1.9824735150e+02
1.9827425946e+02
1.9824710658e+02
1.9827458662e+02
1.9824684242e+02
1.9827476488e+02
1.9824657825e+02
1.9827484483e+02
1.9824653108e+02
1.9827492478e+02
1.9824667340e+02
1.9827457419e+02
1.9824697514e+02
1.9827419316e+02
1.9824727840e+02
1.9827385373e+02
1.9824761467e+02
1.9827359588e+02
1.9824795094e+02
1.9827330620e+02
1.9824830824e+02
1.9827301652e+02
1.9824879601e+02
1.9827273817e+02
1.9824930732e+02
1.9827201782e+02
1.9824980659e+02
1.9827118028e+02
1.9825030124e+02
1.9827034274e+02
1.9825101639e+02
1.9826948864e+02
1.9825191043e+02
1.9826857593e+02
1.9825280446e+02
1.9826780828e+02
1.9825368956e+02
1.9826707899e+02
1.9825456323e+02
1.9826619365e+02
1.9825547061e+02
1.9826524183e+02
1.9825641239e+02
1.9826430457e+02
1.9825738150e+02
1.9826346564e+02
1.9825835350e+02
1.9826245463e+02
1.9825932549e+02
1.9826144362e+02
1.9826041055e+02
