3.4981730913e+02
3.4974057706e+02
3.4966610938e+02
3.4959519876e+02
3.4952876149e+02
3.4946370476e+02
3.4940330969e+02
3.4934344702e+02
3.4928899355e+02
3.4923635877e+02
3.4918830456e+02
3.4914311603e+02
3.4910094735e+02
3.4906289209e+02
3.4902728420e+02
3.4899671719e+02
3.4896829098e+02
3.4894254654e+02
3.4892163769e+02
3.4890369067e+02
3.4889008236e+02
3.4887878914e+02
3.4887252883e+02
3.4886892169e+02
3.4886877730e+02
3.4887373843e+02
3.4888183844e+02
3.4889391105e+02
3.4890982145e+02
3.4892857857e+02
3.4895242617e+02
3.4897933024e+02
3.4900946553e+02
3.4904513839e+02
3.4908371590e+02
3.4912702410e+02
3.4917352626e+02
3.4922428856e+02
3.4927897759e+02
3.4933506429e+02
3.4939931504e+02
3.4946648449e+02
3.4953499840e+02
3.4960979248e+02
3.4968816133e+02
3.4976888851e+02
3.4985537298e+02
3.4994548988e+02
3.5003855917e+02
3.5013569806e+02
3.5023710439e+02
3.5034268568e+02
3.5045055182e+02
3.5056247953e+02
3.5067734968e+02
3.5079538915e+02
3.5092075525e+02
3.5104359830e+02
3.5117492244e+02
3.5130584060e+02
3.5144385226e+02
3.5158181560e+02
3.5172328608e+02
3.5186897296e+02
3.5201807995e+02
3.5217004467e+02
3.5232160900e+02
3.5247960916e+02
3.5264108788e+02
3.5280056527e+02
3.5296753666e+02
3.5313421488e+02
3.5330446178e+02
3.5347395974e+02
3.5365062438e+02
3.5382569366e+02
3.5400343523e+02
3.5418771639e+02
3.5436637244e+02
3.5454902612e+02
3.5473987571e+02
3.5492300527e+02
3.5511290811e+02
3.5530408174e+02
3.5549388501e+02
3.5568733755e+02
3.5588047281e+02
3.5607615105e+02
3.5627480633e+02
3.5646345749e+02
3.5666031037e+02
3.5686093676e+02
3.5706689925e+02
3.5725018001e+02
3.5741941151e+02
3.5762323380e+02
3.5785417303e+02
3.5795860880e+02
3.5816746774e+02
3.5671944361e+02
