3.7320161096e+02
3.7310130438e+02
3.7300257777e+02
3.7290792582e+02
3.7281908287e+02
3.7273280946e+02
3.7265487880e+02
3.7257909073e+02
3.7250963158e+02
3.7244408345e+02
3.7238487182e+02
3.7233021720e+02
3.7227803036e+02
3.7223583527e+02
3.7219597176e+02
3.7215860037e+02
3.7213106172e+02
3.7210556111e+02
3.7208638009e+02
3.7207161133e+02
3.7206090838e+02
3.7205845012e+02
3.7205797786e+02
3.7206372584e+02
3.7207485009e+02
3.7209110365e+02
3.7211383921e+02
3.7213698719e+02
3.7216949914e+02
3.7220602170e+02
3.7224744727e+02
3.7229343644e+02
3.7234464334e+02
3.7240170610e+02
3.7246285577e+02
3.7253085274e+02
3.7260032958e+02
3.7267752952e+02
3.7276139424e+02
3.7284495381e+02
3.7293619658e+02
3.7303331760e+02
3.7313298418e+02
3.7323915550e+02
3.7334970163e+02
3.7346491455e+02
3.7358535040e+02
3.7370872613e+02
3.7383804166e+02
3.7397426746e+02
3.7410965038e+02
3.7425244156e+02
3.7440132239e+02
3.7455088026e+02
3.7470700890e+02
3.7486839150e+02
3.7503148869e+02
3.7519902109e+02
3.7537122534e+02
3.7554689971e+02
3.7572742446e+02
3.7591060821e+02
3.7609638050e+02
3.7628895784e+02
3.7648194478e+02
3.7667801182e+02
3.7687959427e+02
3.7708218171e+02
3.7728812172e+02
3.7749818672e+02
3.7770807196e+02
3.7792285093e+02
3.7813809469e+02
3.7835586765e+02
3.7857949309e+02
3.7879647987e+02
3.7902225088e+02
3.7924303157e+02
3.7946921048e+02
3.7969599282e+02
3.7991929776e+02
3.8014873289e+02
3.8037262784e+02
3.8059638252e+02
3.8082354999e+02
3.8104244953e+02
3.8127013622e+02
3.8148263488e+02
3.8169255864e+02
3.8190872885e+02
3.8210785490e+02
3.8231375935e+02
3.8249784595e+02
3.8266977533e+02
3.8283463221e+02
3.8298050150e+02
3.8306158817e+02
3.8319270056e+02
3.8301862982e+02
3.8215206360e+02
