-4.1915310526e-06 1.9652170018e-05
2.3549771882e-01 -8.3743690405e-04
4.6503395393e-01 -3.2629839664e-03
6.8859601011e-01 -7.2552575279e-03
9.0612885676e-01 -1.2694943889e-02
1.1176420849e+00 -1.9537380573e-02
1.3231102114e+00 -2.7743930939e-02
1.5224988377e+00 -3.7177975258e-02
1.7158024293e+00 -4.7831000113e-02
1.9030331401e+00 -5.9605111191e-02
2.0842007763e+00 -7.2428997134e-02
2.2593004837e+00 -8.6280903726e-02
2.4283652871e+00 -1.0102840773e-01
2.5913829651e+00 -1.1665901140e-01
2.7484055785e+00 -1.3309209794e-01
2.8994295164e+00 -1.5024976262e-01
3.0444916446e+00 -1.6811174351e-01
3.1836566299e+00 -1.8656121984e-01
3.3169118374e+00 -2.0558545276e-01
3.4443116265e+00 -2.2510790288e-01
3.5658880654e+00 -2.4505499675e-01
3.6816750416e+00 -2.6540853650e-01
3.7917567209e+00 -2.8606590856e-01
3.8961175284e+00 -3.0701241703e-01
3.9948157974e+00 -3.2817451570e-01
4.0879228781e+00 -3.4949016495e-01
4.1754572755e+00 -3.7094008357e-01
4.2574941611e+00 -3.9243108073e-01
4.3340446762e+00 -4.1395004180e-01
4.4051642647e+00 -4.3542647206e-01
4.4709370686e+00 -4.5681053492e-01
4.5313641296e+00 -4.7807965222e-01
4.5865219997e+00 -4.9914564936e-01
4.6364387957e+00 -5.2000261680e-01
4.6811836863e+00 -5.4058145816e-01
4.7208089914e+00 -5.6084312771e-01
4.7553309534e+00 -5.8075282164e-01
4.7848381284e+00 -6.0024381189e-01
4.8093584347e+00 -6.1930917654e-01
4.8289740239e+00 -6.3787825244e-01
4.8436663496e+00 -6.5592247220e-01
4.8535499759e+00 -6.7338886524e-01
4.8586344524e+00 -6.9025902542e-01
4.8590144370e+00 -7.0647708650e-01
4.8546891419e+00 -7.2201711516e-01
4.8457513538e+00 -7.3682602405e-01
4.8322286233e+00 -7.5086799197e-01
4.8141772117e+00 -7.6413281161e-01
4.7916704739e+00 -7.7655734362e-01
4.7646982061e+00 -7.8811534978e-01
4.7333962354e+00 -7.9876319423e-01
4.6977754382e+00 -8.0848013059e-01
4.6579133374e+00 -8.1724358542e-01
4.6138419513e+00 -8.2499111852e-01
4.5656091408e+00 -8.3171259738e-01
4.5133264004e+00 -8.3737116371e-01
4.4570120037e+00 -8.4194958272e-01
4.3967496365e+00 -8.4539326470e-01
4.3325655532e+00 -8.4769265146e-01
4.2645903276e+00 -8.4882655525e-01
4.1928426324e+00 -8.4876898848e-01
4.1174308075e+00 -8.4746777118e-01
4.0383851025e+00 -8.4492788663e-01
3.9558374541e+00 -8.4113342983e-01
3.8698404478e+00 -8.3606137536e-01
3.7804650616e+00 -8.2967218057e-01
3.6878365431e+00 -8.2195236218e-01
3.5919911247e+00 -8.1291349728e-01
3.4931173836e+00 -8.0255256517e-01
3.3912215953e+00 -7.9082248148e-01
3.2864876306e+00 -7.7771538098e-01
3.1789650427e+00 -7.6324446666e-01
3.0688514323e+00 -7.4744122818e-01
2.9562170431e+00 -7.3027071610e-01
2.8411943880e+00 -7.1171604710e-01
2.7239815829e+00 -6.9181116821e-01
2.6046614035e+00 -6.7059372324e-01
2.4834901498e+00 -6.4809244808e-01
2.3605156067e+00 -6.2425041843e-01
2.2360759127e+00 -5.9915130722e-01
2.1102276993e+00 -5.7281985767e-01
1.9833175920e+00 -5.4536931882e-01
1.8554740875e+00 -5.1674382171e-01
1.7270125380e+00 -4.8702183834e-01
1.5982000424e+00 -4.5629135298e-01
1.4693261454e+00 -4.2471183700e-01
1.3407603411e+00 -3.9229350506e-01
1.2127759155e+00 -3.5907604852e-01
1.0859267017e+00 -3.2529163740e-01
9.6050729516e-01 -2.9109810975e-01
8.3726216020e-01 -2.5672835956e-01
7.1648465981e-01 -2.2219071123e-01
5.9933295076e-01 -1.8786845222e-01
4.8612070951e-01 -1.5400264401e-01
3.7840724195e-01 -1.2122385212e-01
2.7704745432e-01 -8.9856839429e-02
1.8473596063e-01 -6.0121773238e-02
1.0244834848e-01 -3.2810351201e-02
3.9399669977e-02 -1.2195694012e-02
-1.4525832125e-04 3.4398712150e-05
