2.9151548503e+02
2.9174131744e+02
2.9196714986e+02
2.9219292024e+02
2.9241805990e+02
2.9264319956e+02
2.9286833922e+02
2.9309347888e+02
2.9331861854e+02
2.9354375820e+02
2.9376889786e+02
2.9399436064e+02
2.9422000377e+02
2.9444564689e+02
2.9467129001e+02
2.9489693313e+02
2.8700575375e+02
2.8723122912e+02
2.8745677219e+02
2.8768231526e+02
2.8790785834e+02
2.8813340141e+02
2.8835894448e+02
2.8858448755e+02
2.8881003062e+02
2.8903525953e+02
2.8926048367e+02
2.8948570782e+02
2.8971093196e+02
2.8993615611e+02
2.9016138025e+02
2.9128965262e+02
2.7979109946e+02
2.8001656313e+02
2.8024202680e+02
2.8046749824e+02
2.8069299660e+02
2.8091849495e+02
2.8114399331e+02
2.8136949167e+02
2.8159499003e+02
2.8182048838e+02
2.8204598674e+02
2.8227141162e+02
2.8249681531e+02
2.8272221900e+02
2.8294762269e+02
2.8317302638e+02
2.7618408933e+02
2.7640955251e+02
2.7663501569e+02
2.7686047887e+02
2.7708593559e+02
2.7731134465e+02
2.7753675372e+02
2.7776216278e+02
2.7798757185e+02
2.7821298091e+02
2.7843838998e+02
2.7866379904e+02
2.7888924478e+02
2.7911470845e+02
2.7934017212e+02
2.7956563579e+02
2.7257680995e+02
2.7280221091e+02
2.7302761186e+02
2.7325301281e+02
2.7347841377e+02
2.7370381601e+02
2.7392930318e+02
2.7415479036e+02
2.7438027753e+02
2.7460576470e+02
2.7483125188e+02
2.7505673905e+02
2.7528222622e+02
2.7550769979e+02
2.7573316297e+02
2.7595862615e+02
2.6896955486e+02
2.6919501878e+02
2.6942048271e+02
2.6964594663e+02
2.6987141055e+02
2.7009687447e+02
2.7032233839e+02
2.7054780077e+02
2.7077326300e+02
2.7099872523e+02
2.7122418747e+02
2.7144964970e+02
2.7167511193e+02
2.7190057416e+02
2.7212600804e+02
2.7235140900e+02
2.6536223413e+02
2.6558770833e+02
2.6581318253e+02
2.6603865673e+02
2.6626413093e+02
2.6648960513e+02
2.6671507934e+02
2.6694055354e+02
2.6716600041e+02
2.6739144071e+02
2.6761688100e+02
2.6784232130e+02
2.6806776159e+02
2.6829320189e+02
2.6851864219e+02
2.6874409094e+02
2.6175526674e+02
2.6198070535e+02
2.6220614132e+02
2.6243157730e+02
2.6265701327e+02
2.6288244925e+02
2.6310788522e+02
2.6333332119e+02
2.6355875717e+02
2.6378419121e+02
2.6400962443e+02
2.6423505764e+02
2.6446049086e+02
2.6468592408e+02
2.6491135729e+02
2.6513679051e+02
2.5814796115e+02
2.5837335811e+02
2.5859875915e+02
2.5882424693e+02
2.5904973472e+02
2.5927522251e+02
2.5950071029e+02
2.5972619808e+02
2.5995168586e+02
2.6017717365e+02
2.6040263235e+02
2.6062807141e+02
2.6085351048e+02
2.6107894955e+02
2.6130438861e+02
2.6152982768e+02
2.5454085480e+02
2.5476632008e+02
2.5499178535e+02
2.5521725063e+02
2.5544272059e+02
2.5566819085e+02
2.5589366111e+02
2.5611913137e+02
2.5634460163e+02
2.5657007189e+02
2.5679554215e+02
2.5702097631e+02
2.5724637328e+02
2.5747177024e+02
2.5769716721e+02
2.5792256418e+02
2.5093370179e+02
2.5115918314e+02
2.5138466448e+02
2.5161014583e+02
2.5183562717e+02
2.5206105487e+02
2.5228647204e+02
2.5251188920e+02
2.5273730636e+02
2.5296272352e+02
2.5318814069e+02
2.5341355785e+02
2.5363899368e+02
2.5386445896e+02
2.5408992424e+02
2.5431538952e+02
2.4732655762e+02
2.4755200507e+02
2.4777745252e+02
2.4800289998e+02
2.4822834743e+02
2.4845379489e+02
2.4867922993e+02
2.4890466042e+02
2.4913009090e+02
2.4935552139e+02
2.4958095187e+02
2.4980638236e+02
2.5003181284e+02
2.5025725775e+02
2.5048273910e+02
2.5070822044e+02
2.4371925928e+02
2.4394476563e+02
2.4417027198e+02
2.4439577833e+02
2.4462128469e+02
2.4484679104e+02
2.4507229739e+02
2.4529774693e+02
2.4552316266e+02
2.4574857839e+02
2.4597399412e+02
2.4619940984e+02
2.4642482557e+02
2.4665024130e+02
2.4687566271e+02
2.4710111016e+02
2.4011216327e+02
2.4033764177e+02
2.4056312201e+02
2.4078860224e+02
2.4101408247e+02
2.4123956270e+02
2.4146504294e+02
2.4169052317e+02
2.4191596033e+02
2.4214135812e+02
2.4236675590e+02
2.4259215368e+02
2.4281755147e+02
2.4304294925e+02
2.4326834704e+02
2.4349375292e+02
2.3650506842e+02
2.3673051888e+02
2.3695598048e+02
2.3718144382e+02
2.3740690715e+02
2.3763237048e+02
2.3785783382e+02
2.3808329715e+02
2.3830876049e+02
2.3853420670e+02
2.3875962907e+02
2.3898505143e+02
2.3921047380e+02
2.3943589617e+02
2.3966131854e+02
2.3988674090e+02
2.3289791877e+02
2.3312332147e+02
2.3334872416e+02
2.3357416825e+02
2.3379962532e+02
2.3402508240e+02
2.3425053947e+02
2.3447599654e+02
2.3470145362e+02
2.3492691069e+02
2.3515236569e+02
2.3537781614e+02
2.3560326660e+02
2.3582871705e+02
2.3605416751e+02
2.3627961797e+02
2.2929080461e+02
2.2951630343e+02
2.2974180225e+02
2.2996730107e+02
2.3019276759e+02
2.3041821724e+02
2.3064366688e+02
2.3086911652e+02
2.3109456616e+02
2.3132001581e+02
2.3154546545e+02
2.3177090528e+02
2.3199630798e+02
2.3222171068e+02
2.3244711337e+02
2.3267251607e+02
2.2568361493e+02
2.2590909865e+02
2.2613458236e+02
2.2636006607e+02
2.2658554979e+02
2.2681098814e+02
2.2703638971e+02
2.2726179129e+02
2.2748719286e+02
2.2771259444e+02
2.2793799601e+02
2.2816339759e+02
2.2838880932e+02
2.2861430815e+02
2.2883980697e+02
2.2906530579e+02
3.3480244019e+02
3.3502805034e+02
3.3525366048e+02
3.3547927062e+02
3.3570488076e+02
3.3593039906e+02
3.3615580409e+02
3.3638120912e+02
3.3660661416e+02
3.3683201919e+02
3.3705742422e+02
3.3728282925e+02
3.3750823428e+02
2.2500716379e+02
2.2523264751e+02
2.2545813122e+02
3.3119572237e+02
3.3142110707e+02
3.3164649176e+02
3.3187187646e+02
3.3209726116e+02
3.3232264585e+02
3.3254802639e+02
3.3277339899e+02
3.3299877159e+02
3.3322414419e+02
3.3344951679e+02
3.3367488939e+02
3.3390026199e+02
3.3412563459e+02
3.3435121991e+02
3.3457683005e+02
3.2758797871e+02
3.2781335133e+02
3.2803872396e+02
3.2826409659e+02
3.2848946921e+02
3.2871484184e+02
3.2894021446e+02
3.2916564352e+02
3.2939125247e+02
3.2961686141e+02
3.2984247035e+02
3.3006807929e+02
3.3029368824e+02
3.3051929718e+02
3.3074490612e+02
3.3097033768e+02
3.2398016424e+02
3.2420567591e+02
3.2443129136e+02
3.2465690681e+02
3.2488252226e+02
3.2510813771e+02
3.2533375315e+02
3.2555936860e+02
3.2578495227e+02
3.2601033111e+02
3.2623570994e+02
3.2646108878e+02
3.2668646762e+02
3.2691184646e+02
3.2713722530e+02
3.2736260413e+02
3.2037380476e+02
3.2059942442e+02
3.2082492994e+02
3.2105031063e+02
3.2127569131e+02
3.2150107200e+02
3.2172645269e+02
3.2195183338e+02
3.2217721407e+02
3.2240259435e+02
3.2262796148e+02
3.2285332861e+02
3.2307869573e+02
3.2330406286e+02
3.2352942999e+02
3.2375479711e+02
3.1676632738e+02
3.1699171729e+02
3.1721710720e+02
3.1744249098e+02
3.1766786444e+02
3.1789323790e+02
3.1811861137e+02
3.1834398483e+02
3.1856935829e+02
3.1879473175e+02
3.1902010522e+02
3.1924570650e+02
3.1947132615e+02
3.1969694580e+02
3.1992256546e+02
3.2014818511e+02
3.1315854747e+02
3.1338390158e+02
3.1360925570e+02
3.1383460982e+02
3.1406003397e+02
3.1428564877e+02
3.1451126356e+02
3.1473687836e+02
3.1496249315e+02
3.1518810795e+02
3.1541372274e+02
3.1563933754e+02
3.1586476773e+02
3.1609015764e+02
3.1631554755e+02
3.1654093747e+02
3.0955126216e+02
3.0977686543e+02
3.1000246871e+02
3.1022807198e+02
3.1045367526e+02
3.1067924676e+02
3.1090465654e+02
3.1113006632e+02
3.1135547610e+02
3.1158088587e+02
3.1180629565e+02
3.1203170543e+02
3.1225711521e+02
3.1248248511e+02
3.1270783923e+02
3.1293319335e+02
3.0594466460e+02
3.0617006548e+02
3.0639546636e+02
3.0662086724e+02
3.0684626812e+02
3.0707166900e+02
3.0729706712e+02
3.0752242165e+02
3.0774777619e+02
3.0797313072e+02
3.0819848525e+02
3.0842383979e+02
3.0864919432e+02
3.0887454886e+02
3.0910005561e+02
3.0932565888e+02
3.0233697940e+02
3.0256233906e+02
3.0278769872e+02
3.0301305838e+02
3.0323841804e+02
3.0346377770e+02
3.0368913737e+02
3.0391449703e+02
3.0414009633e+02
3.0436570687e+02
3.0459131741e+02
3.0481692795e+02
3.0504253849e+02
3.0526814903e+02
3.0549375957e+02
3.0571926371e+02
2.9872918030e+02
2.9895461693e+02
2.9918021744e+02
2.9940581796e+02
2.9963141847e+02
2.9985701899e+02
3.0008261950e+02
3.0030822002e+02
3.0053382053e+02
3.0075924420e+02
3.0098463684e+02
3.0121002948e+02
3.0143542212e+02
3.0166081477e+02
3.0188620741e+02
3.0211160005e+02
2.9512257626e+02
2.9534821938e+02
2.9557381503e+02
2.9579921346e+02
2.9602461190e+02
2.9625001033e+02
2.9647540877e+02
2.9670080721e+02
2.9692620564e+02
2.9715160408e+02
2.9737697897e+02
2.9760234586e+02
2.9782771275e+02
2.9805307964e+02
2.9827844653e+02
2.9850381341e+02
2.8339843007e+02
2.8362383375e+02
2.8384926949e+02
2.8407477079e+02
2.8430027208e+02
2.8452577337e+02
2.8475127467e+02
2.8497677596e+02
2.8520227726e+02
2.8542777855e+02
2.8565321152e+02
2.8587863523e+02
2.8610405893e+02
2.8632948264e+02
2.8655490634e+02
2.8678033005e+02
2.9106382020e+02
2.9083798779e+02
2.9061215537e+02
2.9038660439e+02
