1.8494166212e-05 3.1685346900e-08
3.3711574948e-01 -1.9020525174e-05
6.6687306095e-01 -8.3494769328e-05
9.8931117290e-01 -1.9432059923e-04
1.3045279380e+00 -3.5834673233e-04
1.6125470232e+00 -5.8283409123e-04
1.9134038415e+00 -8.6906208918e-04
2.2071492031e+00 -1.2216479973e-03
2.4938404754e+00 -1.6581329941e-03
2.7734935922e+00 -2.1640192410e-03
3.0461833075e+00 -2.7521226292e-03
3.3119142131e+00 -3.4278419388e-03
3.5707456958e+00 -4.1957505195e-03
3.8227162256e+00 -5.0554865389e-03
4.0678292004e+00 -6.0087795258e-03
4.3061569688e+00 -7.0591232805e-03
4.5377054151e+00 -8.2119458512e-03
4.7625252015e+00 -9.4694827633e-03
4.9806335546e+00 -1.0825533410e-02
5.1920694333e+00 -1.2286088054e-02
5.3968502079e+00 -1.3851324423e-02
5.5950031266e+00 -1.5518991515e-02
5.7865646090e+00 -1.7291043879e-02
5.9715426617e+00 -1.9166942564e-02
6.1499763856e+00 -2.1143399866e-02
6.3218583908e+00 -2.3217799212e-02
6.4872334651e+00 -2.5390912050e-02
6.6461126465e+00 -2.7657829936e-02
6.7985121601e+00 -3.0017668206e-02
6.9444425455e+00 -3.2467593218e-02
7.0839444561e+00 -3.5004992394e-02
7.2169985046e+00 -3.7615350588e-02
7.3436136804e+00 -4.0299351365e-02
7.4638174274e+00 -4.3059927591e-02
7.5776074340e+00 -4.5887415116e-02
7.6850039317e+00 -4.8773579828e-02
7.7860112001e+00 -5.1717591878e-02
7.8806324409e+00 -5.4702711098e-02
7.9688495764e+00 -5.7725346379e-02
8.0506637962e+00 -6.0783190239e-02
8.1260935354e+00 -6.3873638818e-02
8.1951615185e+00 -6.6980538174e-02
8.2577338458e+00 -7.0092402902e-02
8.3139104898e+00 -7.3206572474e-02
8.3637288124e+00 -7.6333837784e-02
8.4071240654e+00 -7.9466231429e-02
8.4439703751e+00 -8.2554448660e-02
8.4744309897e+00 -8.5599185310e-02
8.4984225998e+00 -8.8606047766e-02
8.5159113670e+00 -9.1575052257e-02
8.5268529318e+00 -9.4488500163e-02
8.5313060237e+00 -9.7339122141e-02
8.5291107755e+00 -1.0010751651e-01
8.5204291840e+00 -1.0280163089e-01
8.5050896277e+00 -1.0540082953e-01
8.4831166700e+00 -1.0790274805e-01
8.4544383620e+00 -1.1027940271e-01
8.4190362255e+00 -1.1252578606e-01
8.3768567886e+00 -1.1465011495e-01
8.3279096798e+00 -1.1664629536e-01
8.2721114127e+00 -1.1847555735e-01
8.2094424286e+00 -1.2014828864e-01
8.1398148488e+00 -1.2165674493e-01
8.0632349224e+00 -1.2299996246e-01
7.9796052294e+00 -1.2414825406e-01
7.8888989813e+00 -1.2510430789e-01
7.7910370869e+00 -1.2586852489e-01
7.6859766398e+00 -1.2640475579e-01
7.5736647742e+00 -1.2674180269e-01
7.4540104058e+00 -1.2684358600e-01
7.3269606411e+00 -1.2672142493e-01
7.1924585530e+00 -1.2635574664e-01
7.0504256110e+00 -1.2574224682e-01
6.9007739474e+00 -1.2488375247e-01
6.7434381216e+00 -1.2376111382e-01
6.5783412125e+00 -1.2238076634e-01
6.4053985171e+00 -1.2072102084e-01
6.2245054857e+00 -1.1879469552e-01
6.0356116406e+00 -1.1658628088e-01
5.8385909776e+00 -1.1409400723e-01
5.6333850487e+00 -1.1131486182e-01
5.4198534353e+00 -1.0824485370e-01
5.1979226913e+00 -1.0487755473e-01
4.9674834906e+00 -1.0121463665e-01
4.7284355374e+00 -9.7250998207e-02
4.4806616893e+00 -9.2978444821e-02
4.2240561640e+00 -8.8413321712e-02
3.9584906548e+00 -8.3526515500e-02
3.6838447739e+00 -7.8343328697e-02
3.3999842622e+00 -7.2846277652e-02
3.1067859144e+00 -6.7035219469e-02
2.8041179894e+00 -6.0911213254e-02
2.4918342593e+00 -5.4483529878e-02
2.1698081168e+00 -4.7723772966e-02
1.8378619379e+00 -4.0665567881e-02
1.4958734607e+00 -3.3291183396e-02
1.1436573875e+00 -2.5580792989e-02
7.8101772048e-01 -1.7565387965e-02
4.0783177872e-01 -9.2166124776e-03
2.4550867139e-02 -5.5635667581e-04
