3.2001045963e+02
3.2000914332e+02
3.2000763827e+02
3.2000684000e+02
3.2000758565e+02
3.2000822867e+02
3.2000773274e+02
3.2000683063e+02
3.2000626267e+02
3.2000732607e+02
3.2000832175e+02
3.2000850293e+02
3.2000786558e+02
3.2000715327e+02
3.2000722112e+02
3.2000749438e+02
3.2000768691e+02
3.2000772050e+02
3.2000780676e+02
3.2000784462e+02
3.2000779082e+02
3.2000773702e+02
3.2000778306e+02
3.2000786286e+02
3.2000794266e+02
3.2000768140e+02
3.2000740524e+02
3.2000721558e+02
3.2000732588e+02
3.2000743850e+02
3.2000749850e+02
3.2000751495e+02
3.2000779160e+02
3.2000768375e+02
3.2000750189e+02
3.2000744116e+02
3.2000758340e+02
3.2000766000e+02
3.2000778575e+02
3.2000797650e+02
3.2000801382e+02
3.2000783704e+02
3.2000760696e+02
3.2000746066e+02
3.2000785373e+02
3.2000818500e+02
3.2000824029e+02
3.2000776515e+02
3.2000731340e+02
3.2000723333e+02
3.2000742891e+02
3.2000784785e+02
3.2000771942e+02
3.2000762093e+02
3.2000759384e+02
3.2000762660e+02
3.2000770378e+02
3.2000775395e+02
3.2000816511e+02
3.2000813401e+02
3.2000810290e+02
3.2000812458e+02
3.2000823449e+02
3.2000830686e+02
3.2000818500e+02
3.2000806315e+02
3.2000815809e+02
3.2000826217e+02
3.2000825593e+02
3.2000815344e+02
3.2000805096e+02
3.2000801428e+02
3.2000799333e+02
3.2000800258e+02
3.2000818651e+02
3.2000837044e+02
3.2000839867e+02
3.2000820772e+02
3.2000801677e+02
3.2000805157e+02
3.2000813812e+02
3.2000822466e+02
3.2000816826e+02
3.2000810520e+02
3.2000797720e+02
3.2000793222e+02
3.2000788724e+02
3.2000764968e+02
3.2000725676e+02
3.2000686384e+02
3.2000708579e+02
3.2000747694e+02
3.2000786567e+02
3.2000812051e+02
3.2000837534e+02
3.2000826042e+02
3.2000822994e+02
3.2000819946e+02
3.2000882281e+02
3.2000980719e+02
