2.5000818823e+02
2.5000835317e+02
2.5000850511e+02
2.5000855558e+02
2.5000846044e+02
2.5000842811e+02
2.5000847939e+02
2.5000843645e+02
2.5000841648e+02
2.5000838237e+02
2.5000836784e+02
2.5000836924e+02
2.5000843253e+02
2.5000857054e+02
2.5000860488e+02
2.5000813099e+02
2.5000770254e+02
2.5000771465e+02
2.5000818597e+02
2.5000865728e+02
2.5000831810e+02
2.5000795462e+02
2.5000789149e+02
2.5000818749e+02
2.5000848349e+02
2.5000824437e+02
2.5000791071e+02
2.5000772716e+02
2.5000808023e+02
2.5000843330e+02
2.5000844762e+02
2.5000827906e+02
2.5000820087e+02
2.5000828262e+02
2.5000838665e+02
2.5000836876e+02
2.5000822342e+02
2.5000808121e+02
2.5000811977e+02
2.5000806776e+02
2.5000810067e+02
2.5000824888e+02
2.5000842712e+02
2.5000840295e+02
2.5000833621e+02
2.5000825206e+02
2.5000814950e+02
2.5000806417e+02
2.5000825992e+02
2.5000849005e+02
2.5000847104e+02
2.5000808671e+02
2.5000773401e+02
2.5000796645e+02
2.5000831632e+02
2.5000850681e+02
2.5000821872e+02
2.5000793063e+02
2.5000808476e+02
2.5000842848e+02
2.5000869723e+02
2.5000850853e+02
2.5000831983e+02
2.5000822580e+02
2.5000819615e+02
2.5000816397e+02
2.5000805766e+02
2.5000795134e+02
2.5000804844e+02
2.5000835439e+02
2.5000866034e+02
2.5000851169e+02
2.5000824319e+02
2.5000799116e+02
2.5000768194e+02
2.5000769290e+02
2.5000787766e+02
2.5000816522e+02
2.5000849698e+02
2.5000841940e+02
2.5000819055e+02
2.5000830766e+02
2.5000865090e+02
2.5000866761e+02
2.5000863732e+02
2.5000835579e+02
2.5000816789e+02
2.5000836243e+02
2.5000833914e+02
2.5000836294e+02
2.5000830178e+02
2.5000822124e+02
2.5000820453e+02
2.5000818408e+02
2.5000817808e+02
2.5000816519e+02
2.5000815053e+02
2.5000811986e+02
2.5000808659e+02
2.5000805331e+02
