5.6122110778e-05 1.7445252488e-06
1.9086186782e-01 -1.1535044033e-05
3.7604368256e-01 -4.8663991369e-05
5.5569032722e-01 -1.1093455961e-04
7.2990929855e-01 -1.9542151613e-04
8.9881162248e-01 -3.0563316279e-04
1.0624832349e+00 -4.4475893600e-04
1.2210431824e+00 -6.0497129300e-04
1.3745460531e+00 -7.9114266768e-04
1.5231206670e+00 -1.0025520470e-03
1.6668852326e+00 -1.2383215352e-03
1.8058510853e+00 -1.4989109721e-03
1.9402170723e+00 -1.7863337077e-03
2.0699802890e+00 -2.0981228185e-03
2.1952571574e+00 -2.4356646318e-03
2.3161434198e+00 -2.7958853461e-03
2.4327198052e+00 -3.1817700874e-03
2.5450667132e+00 -3.5944738318e-03
2.6532572683e+00 -4.0296648660e-03
2.7573700355e+00 -4.4894556573e-03
2.8575060353e+00 -4.9734456400e-03
2.9536995133e+00 -5.4808315669e-03
3.0460403669e+00 -6.0103495596e-03
3.1346035943e+00 -6.5642834815e-03
3.2194372761e+00 -7.1407180282e-03
3.3006207766e+00 -7.7358294786e-03
3.3782249438e+00 -8.3513147067e-03
3.4523519135e+00 -8.9819696346e-03
3.5229353755e+00 -9.6406391720e-03
3.5901004077e+00 -1.0317564443e-02
3.6539377406e+00 -1.1007512068e-02
3.7144623625e+00 -1.1714128731e-02
3.7716921068e+00 -1.2437372381e-02
3.8257244019e+00 -1.3172597459e-02
3.8765883110e+00 -1.3921256720e-02
3.9243036400e+00 -1.4683045640e-02
3.9689296137e+00 -1.5455761682e-02
4.0104809119e+00 -1.6238254995e-02
4.0490060624e+00 -1.7027435178e-02
4.0845222935e+00 -1.7822746506e-02
4.1170623601e+00 -1.8625181172e-02
4.1466588110e+00 -1.9430735439e-02
4.1733226659e+00 -2.0240157950e-02
4.1970389570e+00 -2.1047592454e-02
4.2179060969e+00 -2.1850565739e-02
4.2357814510e+00 -2.2652723826e-02
4.2508710977e+00 -2.3464003671e-02
4.2630597467e+00 -2.4262015953e-02
4.2723477240e+00 -2.5049249460e-02
4.2787965145e+00 -2.5827189694e-02
4.2823402829e+00 -2.6587834088e-02
4.2829335583e+00 -2.7328688618e-02
4.2807109737e+00 -2.8064653990e-02
4.2755923897e+00 -2.8787913516e-02
4.2675277184e+00 -2.9488584664e-02
4.2565182502e+00 -3.0165534298e-02
4.2425244178e+00 -3.0816586136e-02
4.2255539755e+00 -3.1443354625e-02
4.2055514762e+00 -3.2041953093e-02
4.1825033892e+00 -3.2609546752e-02
4.1563593329e+00 -3.3144686715e-02
4.1270927557e+00 -3.3644259643e-02
4.0946524623e+00 -3.4103327454e-02
4.0590080032e+00 -3.4525865615e-02
4.0200892770e+00 -3.4904200946e-02
3.9778616517e+00 -3.5240754843e-02
3.9322817007e+00 -3.5523867083e-02
3.8832710424e+00 -3.5764899559e-02
3.8307747594e+00 -3.5948134247e-02
3.7747500048e+00 -3.6085129993e-02
3.7150938000e+00 -3.6152259278e-02
3.6517582773e+00 -3.6165212657e-02
3.5846763190e+00 -3.6117887348e-02
3.5137556030e+00 -3.6003166792e-02
3.4389375399e+00 -3.5820967944e-02
3.3601218699e+00 -3.5566738342e-02
3.2772389304e+00 -3.5238263022e-02
3.1901927346e+00 -3.4833957269e-02
3.0988925696e+00 -3.4351305720e-02
3.0032498918e+00 -3.3786911104e-02
2.9031603411e+00 -3.3136769410e-02
2.7985375895e+00 -3.2399294538e-02
2.6892689109e+00 -3.1565531151e-02
2.5752673752e+00 -3.0635890699e-02
2.4564044338e+00 -2.9621849308e-02
2.3325608437e+00 -2.8505888912e-02
2.2036555395e+00 -2.7274817368e-02
2.0695512627e+00 -2.5938601531e-02
1.9301425766e+00 -2.4494430400e-02
1.7852979278e+00 -2.2933407542e-02
1.6348940403e+00 -2.1259695311e-02
1.4788175281e+00 -1.9462120593e-02
1.3169333358e+00 -1.7518645808e-02
1.1491016182e+00 -1.5472125937e-02
9.7519438298e-01 -1.3283228087e-02
7.9507794981e-01 -1.0953888814e-02
6.0861375664e-01 -8.4790460657e-03
4.1565775514e-01 -5.8520543334e-03
2.1609715277e-01 -3.0811073402e-03
9.7938846634e-03 -1.4149589756e-04
