1.9119097666e+02
1.9132270493e+02
1.9145300219e+02
1.9157502630e+02
1.9169298175e+02
1.9180898996e+02
1.9191680251e+02
1.9202305385e+02
1.9212326466e+02
1.9222069162e+02
1.9231514821e+02
1.9240284283e+02
1.9248828174e+02
1.9256597638e+02
1.9264146586e+02
1.9271351036e+02
1.9278184599e+02
1.9284861401e+02
1.9290764718e+02
1.9296521931e+02
1.9301841870e+02
1.9306817772e+02
1.9311542515e+02
1.9315796241e+02
1.9319829823e+02
1.9323352842e+02
1.9326714403e+02
1.9329699296e+02
1.9332213518e+02
1.9334507574e+02
1.9336412139e+02
1.9338218837e+02
1.9339494125e+02
1.9340635893e+02
1.9341187816e+02
1.9341818512e+02
1.9341863732e+02
1.9341714003e+02
1.9341234330e+02
1.9340362010e+02
1.9339208916e+02
1.9337805556e+02
1.9336284295e+02
1.9334139409e+02
1.9331896378e+02
1.9329143399e+02
1.9326351535e+02
1.9323036014e+02
1.9319572742e+02
1.9315558844e+02
1.9311150611e+02
1.9306744309e+02
1.9301900892e+02
1.9296928325e+02
1.9291107069e+02
1.9285295649e+02
1.9279044206e+02
1.9272653666e+02
1.9265584986e+02
1.9258332070e+02
1.9250644754e+02
1.9242690086e+02
1.9234234556e+02
1.9225351070e+02
1.9216360186e+02
1.9206759208e+02
1.9196847104e+02
1.9186418503e+02
1.9175564050e+02
1.9164357153e+02
1.9152835885e+02
1.9140740529e+02
1.9128043569e+02
1.9115140908e+02
1.9101840372e+02
1.9088326523e+02
1.9073754201e+02
1.9059547356e+02
1.9044070387e+02
1.9029000519e+02
1.9012829506e+02
1.8997234493e+02
1.8979928513e+02
1.8963573683e+02
1.8945815893e+02
1.8929377540e+02
1.8910795347e+02
1.8893085338e+02
1.8874497474e+02
1.8858216258e+02
1.8839026901e+02
1.8821810024e+02
1.8806393623e+02
1.8787453748e+02
1.8773526831e+02
1.8758739907e+02
1.8748723074e+02
1.8728339072e+02
1.8776294795e+02
1.8886321138e+02
