3.7373939416e+02
3.7363015092e+02
3.7352395712e+02
3.7342420936e+02
3.7332856177e+02
3.7323476383e+02
3.7314794998e+02
3.7306445602e+02
3.7298646922e+02
3.7291225250e+02
3.7284415113e+02
3.7278007482e+02
3.7272093484e+02
3.7266625865e+02
3.7261628080e+02
3.7257154262e+02
3.7253259432e+02
3.7249723511e+02
3.7246846129e+02
3.7244431576e+02
3.7242459765e+02
3.7241066825e+02
3.7240260563e+02
3.7239859441e+02
3.7240100530e+02
3.7240738027e+02
3.7242162774e+02
3.7243974076e+02
3.7246364243e+02
3.7249354306e+02
3.7252792048e+02
3.7256984562e+02
3.7261452382e+02
3.7266771456e+02
3.7272357351e+02
3.7278591311e+02
3.7285582556e+02
3.7292865351e+02
3.7300857113e+02
3.7309195294e+02
3.7318529819e+02
3.7328181006e+02
3.7338483448e+02
3.7349243474e+02
3.7360341475e+02
3.7372223992e+02
3.7384542081e+02
3.7397422997e+02
3.7410952131e+02
3.7424697185e+02
3.7439287271e+02
3.7454278674e+02
3.7469807176e+02
3.7485878215e+02
3.7502331060e+02
3.7519254236e+02
3.7536714591e+02
3.7554580777e+02
3.7573016520e+02
3.7591694865e+02
3.7610837867e+02
3.7630437087e+02
3.7650273637e+02
3.7670791615e+02
3.7691501290e+02
3.7712572665e+02
3.7734137480e+02
3.7755694376e+02
3.7778012129e+02
3.7800566929e+02
3.7823159732e+02
3.7846334405e+02
3.7869506522e+02
3.7893124616e+02
3.7916608373e+02
3.7940956096e+02
3.7964634949e+02
3.7989387290e+02
3.8013844739e+02
3.8038259864e+02
3.8063231685e+02
3.8088136801e+02
3.8112817867e+02
3.8138025647e+02
3.8163601909e+02
3.8187862089e+02
3.8213687669e+02
3.8238780148e+02
3.8262574795e+02
3.8288793115e+02
3.8314068796e+02
3.8336417576e+02
3.8360434280e+02
3.8386468914e+02
3.8409093968e+02
3.8425335171e+02
3.8443908695e+02
3.8475001864e+02
3.8462798261e+02
3.8334702415e+02
