1.9581030404e+02
1.9592819265e+02
1.9604126599e+02
1.9614988958e+02
1.9625514516e+02
1.9635757875e+02
1.9645406764e+02
1.9654757282e+02
1.9663589224e+02
1.9672240215e+02
1.9680247422e+02
1.9688198834e+02
1.9695643573e+02
1.9702826768e+02
1.9709636132e+02
1.9715989212e+02
1.9722186055e+02
1.9727866647e+02
1.9733347962e+02
1.9738281863e+02
1.9743201590e+02
1.9747543556e+02
1.9751858160e+02
1.9755587064e+02
1.9759261148e+02
1.9762529763e+02
1.9765664929e+02
1.9768360592e+02
1.9770829852e+02
1.9772943643e+02
1.9774845941e+02
1.9776468684e+02
1.9777767793e+02
1.9778850404e+02
1.9779615460e+02
1.9780082350e+02
1.9780484962e+02
1.9780403526e+02
1.9780284530e+02
1.9779812766e+02
1.9779147454e+02
1.9778127437e+02
1.9776913981e+02
1.9775352459e+02
1.9773432050e+02
1.9771315677e+02
1.9768818954e+02
1.9766380081e+02
1.9763438420e+02
1.9760456430e+02
1.9756805468e+02
1.9753243342e+02
1.9749084480e+02
1.9745002106e+02
1.9740205096e+02
1.9735568047e+02
1.9730105476e+02
1.9724750805e+02
1.9718613016e+02
1.9712633670e+02
1.9705870887e+02
1.9699315311e+02
1.9691984910e+02
1.9684785358e+02
1.9676652477e+02
1.9668683586e+02
1.9659737762e+02
1.9650997951e+02
1.9641371970e+02
1.9631626651e+02
1.9621238474e+02
1.9610782949e+02
1.9599834986e+02
1.9588331634e+02
1.9576733716e+02
1.9564216042e+02
1.9551809176e+02
1.9538660241e+02
1.9525020335e+02
1.9510965015e+02
1.9496715176e+02
1.9482126985e+02
1.9466567944e+02
1.9452117902e+02
1.9435276914e+02
1.9419118890e+02
1.9402212341e+02
1.9386118229e+02
1.9368681897e+02
1.9351769897e+02
1.9333858472e+02
1.9317924805e+02
1.9301397632e+02
1.9282734164e+02
1.9267858692e+02
1.9253180614e+02
1.9244569206e+02
1.9225176657e+02
1.9239613783e+02
1.9395248054e+02
