3.0241597065e+01
3.0239939275e+01
3.0238281486e+01
3.0236623696e+01
3.0234965906e+01
3.0233627745e+01
3.0232580901e+01
3.0231498809e+01
3.0229904786e+01
3.0228310763e+01
3.0227125441e+01
3.0226044210e+01
3.0224962979e+01
3.0223894787e+01
3.0222926206e+01
3.0222150702e+01
3.0221428653e+01
3.0220504953e+01
3.0219581252e+01
3.0218657552e+01
3.0217951931e+01
3.0217339489e+01
3.0216727047e+01
3.0216120146e+01
3.0215555078e+01
3.0214990010e+01
3.0214637375e+01
3.0214294504e+01
3.0213936681e+01
3.0213578857e+01
3.0213221033e+01
3.0212896065e+01
3.0212674574e+01
3.0212587067e+01
3.0212524480e+01
3.0212436378e+01
3.0212313883e+01
3.0212191388e+01
3.0212357997e+01
3.0212525693e+01
3.0212588231e+01
3.0212650768e+01
3.0212817916e+01
3.0213104950e+01
3.0213391985e+01
3.0213690443e+01
3.0213991761e+01
3.0214573744e+01
3.0215173384e+01
3.0215611997e+01
3.0216026092e+01
3.0216555044e+01
3.0217260989e+01
3.0217966934e+01
3.0218703309e+01
3.0219494762e+01
3.0220604595e+01
3.0221459813e+01
3.0222290444e+01
3.0223160009e+01
3.0224375332e+01
3.0225590655e+01
3.0226805978e+01
3.0228027725e+01
3.0229395517e+01
3.0230763309e+01
3.0232131101e+01
3.0233591843e+01
3.0235442609e+01
3.0237293375e+01
3.0238824029e+01
3.0240476103e+01
3.0242410202e+01
3.0244376467e+01
3.0246413154e+01
3.0248818626e+01
3.0251137592e+01
3.0253279017e+01
3.0255448398e+01
3.0258200033e+01
3.0260951669e+01
3.0263703304e+01
3.0266322862e+01
3.0269277088e+01
3.0272233991e+01
3.0275277670e+01
3.0278930084e+01
3.0282359877e+01
3.0285476936e+01
3.0289130553e+01
3.0292903465e+01
3.0296729315e+01
3.0300972308e+01
3.0305009439e+01
3.0309046570e+01
3.0313520388e+01
3.0318174392e+01
3.0322828396e+01
3.0327805548e+01
3.0332745331e+01
