1.6550906906e+02
1.6569919912e+02
1.6588468175e+02
1.6606055402e+02
1.6623108944e+02
1.6639763689e+02
1.6655453242e+02
1.6670295578e+02
1.6685036878e+02
1.6698813688e+02
1.6711985603e+02
1.6724585458e+02
1.6736490127e+02
1.6747941909e+02
1.6758518481e+02
1.6768638006e+02
1.6778488176e+02
1.6787177697e+02
1.6795491631e+02
1.6803397456e+02
1.6810463710e+02
1.6817048324e+02
1.6823340294e+02
1.6828669448e+02
1.6833627846e+02
1.6838323399e+02
1.6841947625e+02
1.6845379838e+02
1.6848348890e+02
1.6850475782e+02
1.6852242776e+02
1.6853419368e+02
1.6854195841e+02
1.6854484607e+02
1.6854226431e+02
1.6853400718e+02
1.6852013018e+02
1.6850394795e+02
1.6848023370e+02
1.6845405799e+02
1.6842176256e+02
1.6838140584e+02
1.6834260603e+02
1.6829377732e+02
1.6824203845e+02
1.6818803644e+02
1.6812419083e+02
1.6805852535e+02
1.6798654436e+02
1.6791290817e+02
1.6783116569e+02
1.6774870483e+02
1.6765917582e+02
1.6756098300e+02
1.6746543313e+02
1.6735898719e+02
1.6725288052e+02
1.6713936716e+02
1.6702202563e+02
1.6689985303e+02
1.6677253603e+02
1.6664254483e+02
1.6650096277e+02
1.6636681345e+02
1.6621972729e+02
1.6607027472e+02
1.6591572118e+02
1.6575982484e+02
1.6559743027e+02
1.6542964620e+02
1.6526140436e+02
1.6508519747e+02
1.6490919334e+02
1.6472404801e+02
1.6454366774e+02
1.6435353173e+02
1.6416492338e+02
1.6397337140e+02
1.6377299713e+02
1.6358314783e+02
1.6337527350e+02
1.6318219878e+02
1.6298007053e+02
1.6278483876e+02
1.6258249833e+02
1.6238689612e+02
1.6220286147e+02
1.6200693466e+02
1.6182580304e+02
1.6163569698e+02
1.6148175190e+02
1.6133575279e+02
1.6118539418e+02
1.6105707968e+02
1.6097948546e+02
1.6091166224e+02
1.6091535331e+02
1.6098217316e+02
1.6102101005e+02
1.6239444489e+02
