7.9303997052e-07 -2.4299231467e-08
2.9422607304e-01 7.6922357726e-04
5.8272718533e-01 3.0568371600e-03
8.6542507093e-01 6.7928487117e-03
1.1422835350e+00 1.1937700371e-02
1.4132210706e+00 1.8435467965e-02
1.6781888526e+00 2.6232414227e-02
1.9371108537e+00 3.5282302545e-02
2.1899487035e+00 4.5524797107e-02
2.4366103079e+00 5.6922577390e-02
2.6770564397e+00 6.9411526024e-02
2.9112171001e+00 8.2955544278e-02
3.1390373918e+00 9.7488273313e-02
3.3604422190e+00 1.1297267157e-01
3.5753810855e+00 1.2935263845e-01
3.7837939365e+00 1.4657818066e-01
3.9856285425e+00 1.6460274110e-01
4.1808132426e+00 1.8337083751e-01
4.3693012093e+00 2.0283002886e-01
4.5510469688e+00 2.2294074193e-01
4.7259838108e+00 2.4363702889e-01
4.8940812293e+00 2.6488321194e-01
5.0552641006e+00 2.8661388462e-01
5.2095290995e+00 3.0878844315e-01
5.3567878686e+00 3.3134867888e-01
5.4970260656e+00 3.5424416530e-01
5.6302083797e+00 3.7743031281e-01
5.7562979330e+00 4.0084441259e-01
5.8752729979e+00 4.2444568870e-01
5.9870941574e+00 4.4817080389e-01
6.0917431375e+00 4.7197536937e-01
6.1891863445e+00 4.9580372103e-01
6.2794245945e+00 5.1960692338e-01
6.3624343757e+00 5.4333214291e-01
6.4382267622e+00 5.6692302289e-01
6.5067645639e+00 5.9033096569e-01
6.5680833401e+00 6.1350107507e-01
6.6221606849e+00 6.3638048314e-01
6.6690123245e+00 6.5892417065e-01
6.7086581727e+00 6.8106734945e-01
6.7411286571e+00 7.0277577936e-01
6.7664203701e+00 7.2397882972e-01
6.7845685199e+00 7.4463913025e-01
6.7956109489e+00 7.6469809827e-01
6.7995792894e+00 7.8410669747e-01
6.7965099454e+00 8.0281469634e-01
6.7864832592e+00 8.2076718602e-01
6.7695216831e+00 8.3791748731e-01
6.7456712552e+00 8.5421649978e-01
6.7150481993e+00 8.6961298201e-01
6.6776802253e+00 8.8406722343e-01
6.6336460283e+00 8.9751442610e-01
6.5830330326e+00 9.0992292805e-01
6.5259107298e+00 9.2123491509e-01
6.4624058929e+00 9.3141121066e-01
6.3925886161e+00 9.4040362084e-01
6.3165483901e+00 9.4817602374e-01
6.2344395290e+00 9.5467587061e-01
6.1463205140e+00 9.5986665125e-01
6.0523528285e+00 9.6370752741e-01
5.9526565714e+00 9.6616412540e-01
5.8473372339e+00 9.6719409495e-01
5.7365587025e+00 9.6676609616e-01
5.6204897686e+00 9.6485273490e-01
5.4992186093e+00 9.6140866038e-01
5.3729300272e+00 9.5641003054e-01
5.2417999396e+00 9.4982953434e-01
5.1059879384e+00 9.4164952453e-01
4.9656777365e+00 9.3184320758e-01
4.8210320307e+00 9.2039592728e-01
4.6722527630e+00 9.0727719709e-01
4.5195283426e+00 8.9249866064e-01
4.3630912301e+00 8.7603699035e-01
4.2031242819e+00 8.5790125027e-01
4.0398616092e+00 8.3807438958e-01
3.8735524980e+00 8.1658319280e-01
3.7044094695e+00 7.9341487404e-01
3.5326839862e+00 7.6859653353e-01
3.3586560361e+00 7.4214651239e-01
3.1825975724e+00 7.1410726674e-01
3.0047821411e+00 6.8449347668e-01
2.8255250996e+00 6.5336515301e-01
2.6451786404e+00 6.2075906681e-01
2.4640418708e+00 5.8677116097e-01
2.2825071888e+00 5.5143418021e-01
2.1009877353e+00 5.1487957193e-01
1.9199088485e+00 4.7716142683e-01
1.7397091288e+00 4.3843200209e-01
1.5609643257e+00 3.9881833740e-01
1.3842462361e+00 3.5852369689e-01
1.2102234118e+00 3.1766793176e-01
1.0396517352e+00 2.7653624408e-01
8.7342110724e-01 2.3538450025e-01
7.1262485264e-01 1.9457284163e-01
5.5867279943e-01 1.5446031649e-01
4.1328343685e-01 1.1579917536e-01
2.7887580052e-01 7.9105684635e-02
1.5880104170e-01 4.5598095799e-02
5.9488719705e-02 1.6604892427e-02
-8.3295039711e-07 4.3007308654e-07
