-2.3407707707e-06 -5.3440143938e-08
3.1775786967e-01 8.8420313467e-04
6.2937990771e-01 3.5003089269e-03
9.3478633878e-01 7.7805142404e-03
1.2339060826e+00 1.3673833353e-02
1.5266779223e+00 2.1116359358e-02
1.8130225440e+00 3.0047328393e-02
2.0928775252e+00 4.0413808874e-02
2.3661804823e+00 5.2152726512e-02
2.6328228751e+00 6.5215477174e-02
2.8927531038e+00 7.9535054219e-02
3.1458658621e+00 9.5057444231e-02
3.3921468405e+00 1.1171621434e-01
3.6314729863e+00 1.2946365664e-01
3.8637963221e+00 1.4823342741e-01
4.0890147561e+00 1.6797734793e-01
4.3071043568e+00 1.8863214730e-01
4.5179520392e+00 2.1014088611e-01
4.7215362085e+00 2.3244538618e-01
4.9177560451e+00 2.5548330017e-01
5.1065783621e+00 2.7920102676e-01
5.2879318133e+00 3.0353241519e-01
5.4617420657e+00 3.2842545732e-01
5.6279751694e+00 3.5381323707e-01
5.7865562092e+00 3.7963849522e-01
5.9374975929e+00 4.0584256220e-01
6.0806886480e+00 4.3236550350e-01
6.2160955172e+00 4.5914671361e-01
6.3437308474e+00 4.8612552207e-01
6.4635019497e+00 5.1324019088e-01
6.5754168037e+00 5.4043362553e-01
6.6794457779e+00 5.6763952186e-01
6.7755797317e+00 5.9480581099e-01
6.8637794573e+00 6.2185933739e-01
6.9440490005e+00 6.4874498481e-01
7.0163833342e+00 6.7540285102e-01
7.0807674093e+00 7.0177183702e-01
7.1372421963e+00 7.2779250967e-01
7.1857791523e+00 7.5339960918e-01
7.2264047718e+00 7.7853423079e-01
7.2591591590e+00 8.0313494779e-01
7.2840622107e+00 8.2714642707e-01
7.3011477685e+00 8.5050343582e-01
7.3104410859e+00 8.7315711639e-01
7.3120127072e+00 8.9502974320e-01
7.3058759658e+00 9.1607365143e-01
7.2921223449e+00 9.3622944981e-01
7.2708090213e+00 9.5544016941e-01
7.2420079554e+00 9.7365109489e-01
7.2057967905e+00 9.9079701503e-01
7.1622397254e+00 1.0068335158e+00
7.1114534836e+00 1.0216958774e+00
7.0535308204e+00 1.0353382427e+00
6.9885664340e+00 1.0477094693e+00
6.9166625650e+00 1.0587460855e+00
6.8379548398e+00 1.0684110860e+00
6.7525653846e+00 1.0766544859e+00
6.6606125704e+00 1.0834164003e+00
6.5622426597e+00 1.0886708490e+00
6.4575896496e+00 1.0923569589e+00
6.3468193035e+00 1.0944447006e+00
6.2300641883e+00 1.0948834849e+00
6.1075159410e+00 1.0936386779e+00
5.9793301544e+00 1.0906822765e+00
5.8456858451e+00 1.0859725416e+00
5.7067884782e+00 1.0794885690e+00
5.5627905998e+00 1.0711962836e+00
5.4139071675e+00 1.0610698488e+00
5.2603628602e+00 1.0491016734e+00
5.1023509621e+00 1.0352605471e+00
4.9401225206e+00 1.0195466523e+00
4.7738682590e+00 1.0019437748e+00
4.6038476822e+00 9.8245181824e-01
4.4303136861e+00 9.6107350496e-01
4.2534921394e+00 9.3780618532e-01
4.0736657260e+00 9.1267443795e-01
3.8911034348e+00 8.8568198169e-01
3.7061010585e+00 8.5687297111e-01
3.5189543897e+00 8.2627167290e-01
3.3299767290e+00 7.9391263262e-01
3.1394814507e+00 7.5985444898e-01
2.9478187154e+00 7.2414979869e-01
2.7553680821e+00 6.8687201469e-01
2.5624840978e+00 6.4810073326e-01
2.3695815917e+00 6.0793041278e-01
2.1771435050e+00 5.6647464130e-01
1.9855821386e+00 5.2385529948e-01
1.7954339846e+00 4.8021725368e-01
1.6073141483e+00 4.3573092472e-01
1.4218130966e+00 3.9061400038e-01
1.2396580596e+00 3.4507085131e-01
1.0617098847e+00 2.9937321927e-01
8.8888983729e-01 2.5387709218e-01
7.2238138631e-01 2.0894884977e-01
5.6367563105e-01 1.6507346081e-01
4.1447615019e-01 1.2292432415e-01
2.7764262051e-01 8.3317768831e-02
1.5642525600e-01 4.7498551015e-02
5.7928825280e-02 1.7756846360e-02
-2.2232648981e-06 -2.6627651590e-06
