3.9041939297e+02
3.9028327352e+02
3.9015031792e+02
3.9002496816e+02
3.8990472235e+02
3.8978673219e+02
3.8967904718e+02
3.8957697704e+02
3.8947915110e+02
3.8938839315e+02
3.8929986919e+02
3.8922128382e+02
3.8914728325e+02
3.8907971908e+02
3.8902131125e+02
3.8896651978e+02
3.8892102309e+02
3.8887716100e+02
3.8883926242e+02
3.8880936547e+02
3.8878650521e+02
3.8877262181e+02
3.8876068528e+02
3.8875984750e+02
3.8876176994e+02
3.8877255188e+02
3.8879121376e+02
3.8881510965e+02
3.8884832176e+02
3.8888541065e+02
3.8892739965e+02
3.8897996980e+02
3.8903913838e+02
3.8910321584e+02
3.8917728099e+02
3.8925426514e+02
3.8933931019e+02
3.8943214491e+02
3.8953412456e+02
3.8964014072e+02
3.8975050736e+02
3.8987125923e+02
3.8999741464e+02
3.9012982859e+02
3.9026998349e+02
3.9041680659e+02
3.9056940448e+02
3.9072646865e+02
3.9089248215e+02
3.9106387778e+02
3.9124026592e+02
3.9142832184e+02
3.9161811021e+02
3.9181186042e+02
3.9200996079e+02
3.9221778961e+02
3.9242954900e+02
3.9264511904e+02
3.9287102382e+02
3.9309651144e+02
3.9332832483e+02
3.9356673806e+02
3.9380577799e+02
3.9405214429e+02
3.9429918587e+02
3.9455365132e+02
3.9481310723e+02
3.9507191429e+02
3.9533951239e+02
3.9560412225e+02
3.9587427487e+02
3.9614946443e+02
3.9642488482e+02
3.9670132384e+02
3.9698382579e+02
3.9726274589e+02
3.9754723294e+02
3.9783093361e+02
3.9812130599e+02
3.9840306344e+02
3.9868874840e+02
3.9898348882e+02
3.9926734949e+02
3.9955223799e+02
3.9983951354e+02
4.0012085621e+02
4.0041481747e+02
4.0068686327e+02
4.0095421519e+02
4.0124238493e+02
4.0151766972e+02
4.0176529401e+02
4.0201326649e+02
4.0225367110e+02
4.0247507554e+02
4.0274722038e+02
4.0284001277e+02
4.0304602863e+02
4.0250060214e+02
4.0142531889e+02
