2.8854884422e+02
2.8854345388e+02
2.8853806354e+02
2.8853169925e+02
2.8852510924e+02
2.8851715790e+02
2.8850944989e+02
2.8849935829e+02
2.8849033510e+02
2.8847971567e+02
2.8846699626e+02
2.8845520742e+02
2.8843962409e+02
2.8842484602e+02
2.8840860562e+02
2.8838979516e+02
2.8837103507e+02
2.8834881898e+02
2.8832548370e+02
2.8830166250e+02
2.8827533924e+02
2.8824818758e+02
2.8821926457e+02
2.8818644311e+02
2.8815177563e+02
2.8811398181e+02
2.8807550329e+02
2.8803437307e+02
2.8799035524e+02
2.8794543509e+02
2.8789588225e+02
2.8784582834e+02
2.8779296316e+02
2.8774002479e+02
2.8768090500e+02
2.8762192597e+02
2.8755753770e+02
2.8749265497e+02
2.8742457490e+02
2.8735535800e+02
2.8728281607e+02
2.8721067340e+02
2.8713001477e+02
2.8704963700e+02
2.8696900849e+02
2.8688779922e+02
2.8680253624e+02
2.8671777002e+02
2.8662815569e+02
2.8653829867e+02
2.8644681218e+02
2.8635296984e+02
2.8626037488e+02
2.8616513852e+02
2.8607003510e+02
2.8597254298e+02
2.8587741047e+02
2.8577974756e+02
2.8568201023e+02
2.8558292306e+02
2.8548595764e+02
2.8538904622e+02
2.8529318052e+02
2.8519800898e+02
2.8510429848e+02
2.8500900481e+02
2.8492000872e+02
2.8482841124e+02
2.8474329252e+02
2.8465790574e+02
2.8457551880e+02
2.8449405849e+02
2.8441355325e+02
2.8433886169e+02
2.8426877630e+02
2.8420305023e+02
2.8413800580e+02
2.8407475529e+02
2.8401816475e+02
2.8396324604e+02
2.8391483503e+02
2.8387170911e+02
2.8383077561e+02
2.8379542576e+02
2.8376289599e+02
2.8373669502e+02
2.8371390165e+02
2.8369530883e+02
2.8368522661e+02
2.8367523287e+02
2.8367169995e+02
2.8367057995e+02
2.8367203451e+02
2.8367712510e+02
2.8368800603e+02
2.8369719310e+02
2.8371087039e+02
2.8372575149e+02
2.8374688501e+02
2.8375945762e+02
