2.5392799919e+01
2.5394490471e+01
2.5396182817e+01
2.5397876967e+01
2.5395888132e+01
2.5389650658e+01
2.5384864087e+01
2.5380386939e+01
2.5375914601e+01
2.5371447098e+01
2.5365625720e+01
2.5356003493e+01
2.5346387784e+01
2.5336778625e+01
2.5326280996e+01
2.5315600263e+01
2.5304314272e+01
2.5291987797e+01
2.5279668249e+01
2.5267355664e+01
2.5255050077e+01
2.5241869422e+01
2.5227606364e+01
2.5213724137e+01
2.5199847815e+01
2.5185977426e+01
2.5172092110e+01
2.5157086481e+01
2.5142087187e+01
2.5126822695e+01
2.5111116629e+01
2.5095416729e+01
2.5079416824e+01
2.5063303772e+01
2.5047197118e+01
2.5031096892e+01
2.5014721996e+01
2.4997706482e+01
2.4980775168e+01
2.4964035328e+01
2.4947301323e+01
2.4930496591e+01
2.4913160446e+01
2.4895830335e+01
2.4878344718e+01
2.4860846321e+01
2.4843163365e+01
2.4825154572e+01
2.4807151875e+01
2.4789349371e+01
2.4771657707e+01
2.4753544431e+01
2.4735332582e+01
2.4716929639e+01
2.4698532551e+01
2.4680075439e+01
2.4661431431e+01
2.4642793430e+01
2.4624161460e+01
2.4605535546e+01
2.4586690747e+01
2.4567576207e+01
2.4548584950e+01
2.4529599379e+01
2.4510619518e+01
2.4491581274e+01
2.4472348382e+01
2.4453110643e+01
2.4433638228e+01
2.4414171574e+01
2.4394705485e+01
2.4375056492e+01
2.4355413392e+01
2.4335776211e+01
2.4316144970e+01
2.4296295616e+01
2.4276283603e+01
2.4256266636e+01
2.4236280702e+01
2.4216370383e+01
2.4196465737e+01
2.4176393049e+01
2.4156126638e+01
2.4135841750e+01
2.4115562575e+01
2.4095289135e+01
2.4074828870e+01
2.4054354788e+01
2.4033886578e+01
2.4013342110e+01
2.3992728562e+01
2.3971862091e+01
2.3951001523e+01
2.3930268650e+01
2.3909585048e+01
2.3888875141e+01
2.3867921603e+01
2.3846966394e+01
2.3825930910e+01
2.3804901148e+01
2.3783867384e+01
2.3762531866e+01
2.3741202201e+01
2.3719878410e+01
2.3698560512e+01
2.3677309249e+01
2.3656080419e+01
2.3634546877e+01
2.3612983307e+01
2.3591425364e+01
2.3569873068e+01
2.3548326438e+01
2.3526645294e+01
2.3504938774e+01
2.3483077413e+01
2.3461221731e+01
2.3439371747e+01
2.3417399855e+01
2.3395431976e+01
2.3373469906e+01
2.3351470097e+01
2.3329299795e+01
2.3307057080e+01
2.3284790634e+01
2.3262530026e+01
2.3240279055e+01
2.3218129939e+01
2.3195769041e+01
2.3173283286e+01
2.3150803097e+01
2.3128328491e+01
2.3105859487e+01
2.3083250938e+01
2.3060630212e+01
2.3037992123e+01
2.3015200294e+01
2.2992414066e+01
2.2969549260e+01
2.2946648639e+01
2.2923753720e+01
2.2900864522e+01
2.2877980397e+01
2.2854827683e+01
2.2831699673e+01
2.2808599284e+01
2.2785504314e+01
2.2762414781e+01
2.2739223998e+01
2.2715975663e+01
2.2692611931e+01
2.2669229078e+01
2.2645851656e+01
2.2622409221e+01
2.2598897269e+01
2.2575390852e+01
2.2551889985e+01
2.2528337121e+01
2.2504577205e+01
2.2480734901e+01
2.2456955637e+01
2.2433232313e+01
2.2409514197e+01
2.2385797241e+01
2.2362011392e+01
2.2338042978e+01
2.2314031912e+01
2.2290026042e+01
2.2266025382e+01
2.2242021003e+01
2.2217851688e+01
2.2193687439e+01
2.2169528269e+01
2.2145320851e+01
2.2121095412e+01
2.2096875130e+01
2.2072479104e+01
2.2048080067e+01
2.2023617411e+01
2.1999135093e+01
2.1974657868e+01
2.1950185748e+01
2.1925717701e+01
2.1901086165e+01
2.1876284762e+01
2.1851643737e+01
2.1827007493e+01
2.1802376044e+01
2.1777685788e+01
2.1752762014e+01
2.1727854627e+01
2.1703042656e+01
2.1678235372e+01
2.1653432790e+01
2.1628354153e+01
2.1603258294e+01
2.1578194411e+01
2.1553144926e+01
2.1528100015e+01
2.1503059692e+01
2.1477862576e+01
2.1452573147e+01
2.1427298268e+01
2.1402027813e+01
2.1376761792e+01
2.1351532554e+01
2.1326281546e+01
2.1300833654e+01
2.1275389707e+01
2.1249949718e+01
2.1224513695e+01
2.1199068555e+01
2.1173617396e+01
2.1148170242e+01
2.1122537096e+01
2.1096818980e+01
2.1071120323e+01
2.1045493273e+01
2.1019870010e+01
2.0994250542e+01
2.0968421016e+01
2.0942545714e+01
2.0916773923e+01
2.0891005689e+01
2.0865241020e+01
2.0839387044e+01
2.0813378674e+01
2.0787404110e+01
2.0761432917e+01
2.0735503038e+01
2.0709615015e+01
2.0683675188e+01
2.0657588602e+01
2.0631504852e+01
2.0605423947e+01
2.0579345972e+01
2.0553309270e+01
2.0527275414e+01
2.0501060079e+01
2.0474803281e+01
2.0448549067e+01
2.0422347085e+01
2.0396148296e+01
2.0369952086e+01
2.0343758463e+01
2.0317340145e+01
2.0290958777e+01
2.0264596336e+01
2.0238236161e+01
2.0211921712e+01
2.0185624835e+01
2.0159366986e+01
2.0132905004e+01
2.0106444660e+01
2.0079985958e+01
2.0053528901e+01
2.0027116507e+01
2.0000725305e+01
1.9974335734e+01
1.9947731185e+01
1.9921084767e+01
1.9894520044e+01
1.9868007218e+01
1.9841495652e+01
1.9814985348e+01
1.9788423326e+01
1.9761696232e+01
1.9735090887e+01
1.9708486394e+01
1.9681882755e+01
1.9655279970e+01
1.9628694283e+01
1.9602072956e+01
1.9575420624e+01
1.9548768467e+01
1.9522116484e+01
1.9495492809e+01
1.9468898432e+01
1.9442304216e+01
1.9415571509e+01
1.9388737798e+01
1.9361970629e+01
1.9335334699e+01
1.9308698453e+01
1.9282061892e+01
1.9255425014e+01
1.9228531697e+01
1.9201768484e+01
1.9175104200e+01
1.9148439029e+01
1.9121772972e+01
1.9095106025e+01
1.9068305074e+01
1.9041604268e+01
1.9014902112e+01
1.8988201220e+01
1.8961503029e+01
1.8934879514e+01
1.8908146188e+01
1.8881408471e+01
1.8854668772e+01
1.8827927087e+01
1.8801248458e+01
1.8774762383e+01
1.8748234303e+01
1.8721447789e+01
1.8694658817e+01
1.8667867382e+01
1.8641150233e+01
1.8614677250e+01
1.8588201501e+01
1.8561603052e+01
1.8534853083e+01
1.8508099985e+01
1.8481535992e+01
1.8455054390e+01
1.8428569512e+01
1.8402074294e+01
1.8375299620e+01
1.8348679002e+01
1.8322214764e+01
1.8295746709e+01
1.8269274831e+01
1.8242799121e+01
1.8216176565e+01
1.8189688802e+01
1.8163214180e+01
1.8136734985e+01
1.8110251210e+01
1.8083965914e+01
1.8057829229e+01
1.8031409708e+01
1.8004921464e+01
1.7978428058e+01
1.7951929479e+01
1.7925773983e+01
1.7899680479e+01
1.7873403428e+01
1.7847009206e+01
1.7820609171e+01
1.7794436574e+01
1.7768381310e+01
1.7742320042e+01
1.7716157524e+01
1.7689797308e+01
1.7663640993e+01
1.7637653001e+01
1.7611658390e+01
1.7585657150e+01
1.7559545185e+01
1.7533443883e+01
1.7507526529e+01
1.7481601948e+01
1.7455670128e+01
1.7429731055e+01
1.7403870186e+01
1.7378046255e+01
1.7352214336e+01
1.7326374415e+01
1.7300526477e+01
1.7274718626e+01
1.7249276929e+01
1.7223621994e+01
1.7197830466e+01
1.7172030193e+01
1.7146505365e+01
1.7121099037e+01
1.7095683876e+01
1.7070003433e+01
1.7044296483e+01
1.7018982357e+01
1.6993790070e+01
1.6968501346e+01
1.6942962878e+01
1.6917434712e+01
1.6892342825e+01
1.6867240774e+01
1.6842128542e+01
1.6816854951e+01
1.6791441676e+01
1.6766407359e+01
1.6741459922e+01
1.6716501579e+01
1.6691532309e+01
1.6666372387e+01
1.6641452915e+01
1.6616676619e+01
1.6591888691e+01
1.6567089110e+01
1.6542277857e+01
1.6517528512e+01
1.6492925119e+01
1.6468300612e+01
1.6443660084e+01
1.6419007342e+01
1.6394614021e+01
1.6370171414e+01
1.6345715766e+01
1.6321247054e+01
1.6296765257e+01
1.6272476659e+01
1.6248581944e+01
1.6224561117e+01
1.6200296000e+01
1.6176017026e+01
1.6151724172e+01
1.6127829591e+01
1.6104161226e+01
1.6080388372e+01
1.6056363670e+01
1.6032324215e+01
1.6008425961e+01
1.5985016698e+01
1.5961592327e+01
1.5938095330e+01
1.5914320849e+01
1.5890530694e+01
1.5867358548e+01
1.5844214831e+01
1.5821055078e+01
1.5797777407e+01
1.5774260771e+01
1.5751160843e+01
1.5728337981e+01
1.5705498124e+01
1.5682641245e+01
1.5659612150e+01
1.5636529408e+01
1.5614086977e+01
1.5591626563e+01
1.5569148137e+01
1.5546651669e+01
1.5523902195e+01
1.5501620808e+01
1.5479514027e+01
1.5457388083e+01
1.5435242944e+01
1.5413078579e+01
1.5391225695e+01
1.5369613420e+01
1.5347980647e+01
1.5326327340e+01
1.5304653469e+01
1.5282958999e+01
1.5261175734e+01
1.5240218552e+01
1.5219239972e+01
1.5198239959e+01
1.5177218480e+01
1.5156175501e+01
1.5135225317e+01
1.5114955698e+01
1.5094663202e+01
1.5074347792e+01
1.5054009433e+01
1.5033648088e+01
1.5013650946e+01
1.4994176466e+01
1.4974597464e+01
1.4954956746e+01
1.4935293144e+01
1.4915794788e+01
1.4897254513e+01
1.4878441024e+01
1.4859603054e+01
1.4840740563e+01
1.4822149867e+01
1.4804973198e+01
1.4787531914e+01
1.4769757815e+01
1.4751957991e+01
1.4734320721e+01
1.4718320889e+01
1.4702277118e+01
1.4686189649e+01
1.4670076047e+01
1.4654713600e+01
1.4640446056e+01
1.4626152817e+01
1.4611701150e+01
1.4597111795e+01
1.4582491818e+01
1.4570150813e+01
1.4558945474e+01
1.4547427322e+01
1.4535883081e+01
1.4524312714e+01
1.4513488589e+01
1.4505079560e+01
1.4498812734e+01
1.4492557330e+01
1.4486278881e+01
1.4479977354e+01
1.4473652713e+01
1.4469378839e+01
1.4469657941e+01
1.4472377648e+01
1.4475085095e+01
1.4477780266e+01
1.4480463142e+01
1.4482697979e+01
