1.9360946758e+02
1.9389280933e+02
1.9417615108e+02
1.9446218400e+02
1.9473213342e+02
1.9500208870e+02
1.9523960041e+02
1.9547019582e+02
1.9569634732e+02
1.9590596983e+02
1.9611559235e+02
1.9630446257e+02
1.9647760193e+02
1.9665204576e+02
1.9679465521e+02
1.9694785939e+02
1.9708402882e+02
1.9720312757e+02
1.9732610987e+02
1.9741637427e+02
1.9750561685e+02
1.9759255188e+02
1.9765447936e+02
1.9772245597e+02
1.9776681791e+02
1.9780053963e+02
1.9782869560e+02
1.9784355994e+02
1.9786024730e+02
1.9785976386e+02
1.9784246700e+02
1.9781028600e+02
1.9778279278e+02
1.9774122710e+02
1.9768820209e+02
1.9763035326e+02
1.9755001836e+02
1.9748064802e+02
1.9738630387e+02
1.9728619395e+02
1.9717327818e+02
1.9706039886e+02
1.9694323202e+02
1.9680675479e+02
1.9666675052e+02
1.9651014094e+02
1.9636200617e+02
1.9619082216e+02
1.9601164793e+02
1.9584285539e+02
1.9565346469e+02
1.9545820876e+02
1.9524071852e+02
1.9503288493e+02
1.9483198410e+02
1.9460185875e+02
1.9437173341e+02
1.9414066164e+02
1.9389836928e+02
1.9365607052e+02
1.9338523825e+02
1.9313176240e+02
1.9288161513e+02
1.9261758921e+02
1.9234481041e+02
1.9205461819e+02
1.9178027794e+02
1.9150256580e+02
1.9120533598e+02
1.9092116467e+02
1.9064573323e+02
1.9035321162e+02
1.9004460174e+02
1.8974564596e+02
1.8946299252e+02
1.8916542083e+02
1.8886707649e+02
1.8859992402e+02
1.8830519926e+02
1.8800770674e+02
1.8771039540e+02
1.8745680319e+02
1.8720017568e+02
1.8694307333e+02
1.8668836687e+02
1.8646841350e+02
1.8623254710e+02
1.8599099434e+02
1.8581097404e+02
1.8563760883e+02
1.8551424299e+02
1.8536320217e+02
1.8529023916e+02
1.8524667506e+02
1.8520750566e+02
1.8539899017e+02
1.8532926733e+02
1.8560044939e+02
1.8617044754e+02
1.8674044570e+02
