-1.0915362218e-06 -3.6243292041e-08
2.9219621493e-01 5.2366800619e-04
5.7863786617e-01 2.0745777869e-03
8.5927726698e-01 4.6091028676e-03
1.1340796382e+00 8.1007925546e-03
1.4030097491e+00 1.2509017378e-02
1.6660288194e+00 1.7797526193e-02
1.9230909155e+00 2.3939094263e-02
2.1741607084e+00 3.0894264671e-02
2.4191990901e+00 3.8629728178e-02
2.6581624331e+00 4.7117696594e-02
2.8910096861e+00 5.6315244265e-02
3.1177064836e+00 6.6198646843e-02
3.3381948394e+00 7.6728927537e-02
3.5524590043e+00 8.7876906895e-02
3.7604464078e+00 9.9610367634e-02
3.9621197244e+00 1.1189195132e-01
4.1574492304e+00 1.2469816774e-01
4.3463861994e+00 1.3798657628e-01
4.5288982292e+00 1.5172864004e-01
4.7049603940e+00 1.6589663861e-01
4.8745170032e+00 1.8045008573e-01
5.0375529419e+00 1.9536451329e-01
5.1940365931e+00 2.1060115526e-01
5.3439364222e+00 2.2613060362e-01
5.4872084556e+00 2.4191845145e-01
5.6238487201e+00 2.5793482593e-01
5.7538178080e+00 2.7414302962e-01
5.8771098779e+00 2.9051759356e-01
5.9936887074e+00 3.0701708530e-01
6.1035372594e+00 3.2361276877e-01
6.2066474100e+00 3.4027533947e-01
6.3029999677e+00 3.5696333249e-01
6.3925651349e+00 3.7364984471e-01
6.4753720493e+00 3.9030283160e-01
6.5513843363e+00 4.0688265782e-01
6.6206045173e+00 4.2336269278e-01
6.6830144378e+00 4.3970352196e-01
6.7386415251e+00 4.5587541371e-01
6.7874807148e+00 4.7184167346e-01
6.8295267752e+00 4.8757230597e-01
6.8647995709e+00 5.0303155753e-01
6.8933060961e+00 5.1818390546e-01
6.9150549104e+00 5.3300197405e-01
6.9300924644e+00 5.4744474470e-01
6.9384117661e+00 5.6147871365e-01
6.9400493318e+00 5.7507447226e-01
6.9350365705e+00 5.8819336674e-01
6.9234082450e+00 6.0081218967e-01
6.9051657581e+00 6.1288110427e-01
6.8803782787e+00 6.2436915069e-01
6.8490765088e+00 6.3525063756e-01
6.8113257858e+00 6.4548487181e-01
6.7671438342e+00 6.5503943261e-01
6.7166014581e+00 6.6388424099e-01
6.6597756428e+00 6.7197962934e-01
6.5966990901e+00 6.7929791993e-01
6.5274471416e+00 6.8580394826e-01
6.4520904106e+00 6.9146224164e-01
6.3707039332e+00 6.9624379505e-01
6.2833547433e+00 7.0011605399e-01
6.1901330928e+00 7.0304717176e-01
6.0911453932e+00 7.0500587283e-01
5.9864512354e+00 7.0595608835e-01
5.8761700785e+00 7.0587585798e-01
5.7603888095e+00 7.0473095131e-01
5.6392123509e+00 7.0249449704e-01
5.5127590054e+00 6.9913985947e-01
5.3811683052e+00 6.9464084219e-01
5.2445348752e+00 6.8897348770e-01
5.1029835840e+00 6.8210791065e-01
4.9566733264e+00 6.7402994726e-01
4.8057316929e+00 6.6471216189e-01
4.6502908633e+00 6.5413527672e-01
4.4905508489e+00 6.4229168233e-01
4.3266437518e+00 6.2915490936e-01
4.1587371400e+00 6.1471987822e-01
3.9870488491e+00 5.9896518622e-01
3.8117467895e+00 5.8190335887e-01
3.6330441826e+00 5.6351715980e-01
3.4511673007e+00 5.4381024697e-01
3.2663442634e+00 5.2279754353e-01
3.0788155499e+00 5.0047729654e-01
2.8888631135e+00 4.7686961506e-01
2.6968067432e+00 4.5199034652e-01
2.5029323828e+00 4.2588534393e-01
2.3075932090e+00 3.9857166969e-01
2.1112002237e+00 3.7012111145e-01
1.9142250988e+00 3.4057412883e-01
1.7171091328e+00 3.1003502636e-01
1.5204537933e+00 2.7856817808e-01
1.3249414534e+00 2.4629229508e-01
1.1314207008e+00 2.1342760051e-01
9.4082596943e-01 1.8004682847e-01
7.5442723357e-01 1.4650098717e-01
5.7390572753e-01 1.1309415581e-01
4.0162606033e-01 8.0370002564e-02
2.4143541397e-01 4.8939513435e-02
1.0026181107e-01 1.9929278457e-02
-2.6631167814e-06 -6.8388997690e-08
