1.9094533437e+02
1.9106153715e+02
1.9117517243e+02
1.9128241968e+02
1.9138576570e+02
1.9148722861e+02
1.9158427867e+02
1.9167650027e+02
1.9176416526e+02
1.9185048947e+02
1.9193113478e+02
1.9200951327e+02
1.9208300062e+02
1.9215264611e+02
1.9222130585e+02
1.9228441662e+02
1.9234547869e+02
1.9240103294e+02
1.9245434143e+02
1.9250576841e+02
1.9255252418e+02
1.9259829286e+02
1.9263907497e+02
1.9267703291e+02
1.9271175130e+02
1.9274310469e+02
1.9277431977e+02
1.9280077799e+02
1.9282431780e+02
1.9284538350e+02
1.9286129089e+02
1.9287786175e+02
1.9289165876e+02
1.9290183862e+02
1.9290836742e+02
1.9291390194e+02
1.9291578158e+02
1.9291487367e+02
1.9291280672e+02
1.9290491781e+02
1.9289739381e+02
1.9288693984e+02
1.9287326196e+02
1.9285630375e+02
1.9283799330e+02
1.9281790993e+02
1.9279268715e+02
1.9276694839e+02
1.9273512399e+02
1.9270365484e+02
1.9266749607e+02
1.9262929753e+02
1.9258765847e+02
1.9254235610e+02
1.9249837738e+02
1.9244815663e+02
1.9239612159e+02
1.9233797157e+02
1.9227878149e+02
1.9221723818e+02
1.9215076625e+02
1.9208238325e+02
1.9200903534e+02
1.9193217480e+02
1.9185502715e+02
1.9177005089e+02
1.9168429735e+02
1.9159164913e+02
1.9149858378e+02
1.9140091865e+02
1.9129893742e+02
1.9119024614e+02
1.9108226315e+02
1.9096730825e+02
1.9084928076e+02
1.9072403653e+02
1.9060072070e+02
1.9046792734e+02
1.9033436527e+02
1.9019134227e+02
1.9005376939e+02
1.8990315268e+02
1.8975402254e+02
1.8959553050e+02
1.8944432944e+02
1.8927865864e+02
1.8911377062e+02
1.8895091712e+02
1.8877671513e+02
1.8861492252e+02
1.8843716128e+02
1.8828855138e+02
1.8810860383e+02
1.8793008247e+02
1.8779581565e+02
1.8768392725e+02
1.8745369436e+02
1.8735695017e+02
1.8775353107e+02
1.8885190669e+02
