3.9711832295e-06 4.6457692425e-05
1.9135191840e-01 -4.4984194688e-04
3.7659263225e-01 -1.7321361470e-03
5.5579512666e-01 -3.8135528773e-03
7.2902073889e-01 -6.6802603700e-03
8.9637728555e-01 -1.0276309250e-02
1.0579256453e+00 -1.4569458715e-02
1.2137440020e+00 -1.9518056149e-02
1.3639474724e+00 -2.5092705904e-02
1.5085902361e+00 -3.1257787809e-02
1.6477929627e+00 -3.7982087692e-02
1.7816280452e+00 -4.5230661064e-02
1.9101844980e+00 -5.2975929296e-02
2.0335418482e+00 -6.1183321415e-02
2.1518168058e+00 -6.9822187610e-02
2.2650909829e+00 -7.8862562423e-02
2.3734605641e+00 -8.8274205889e-02
2.4770042107e+00 -9.8033357597e-02
2.5758196755e+00 -1.0811278678e-01
2.6699811291e+00 -1.1848950490e-01
2.7595736302e+00 -1.2913682248e-01
2.8447023963e+00 -1.4002166406e-01
2.9254456825e+00 -1.5112591123e-01
3.0018826247e+00 -1.6242179407e-01
3.0741091522e+00 -1.7388744979e-01
3.1421841536e+00 -1.8550085437e-01
3.2062087464e+00 -1.9723518543e-01
3.2662278057e+00 -2.0907179326e-01
3.3223529912e+00 -2.2098484051e-01
3.3746243244e+00 -2.3295570820e-01
3.4231237521e+00 -2.4496334434e-01
3.4679073382e+00 -2.5697869707e-01
3.5090555501e+00 -2.6899466680e-01
3.5466255881e+00 -2.8096588491e-01
3.5806826356e+00 -2.9288494460e-01
3.6112489491e+00 -3.0475194078e-01
3.6384078550e+00 -3.1653810026e-01
3.6622180181e+00 -3.2818110676e-01
3.6827185994e+00 -3.3970151675e-01
3.6999413337e+00 -3.5106658797e-01
3.7139531580e+00 -3.6225562407e-01
3.7247638967e+00 -3.7324997234e-01
3.7324508887e+00 -3.8402818186e-01
3.7370209974e+00 -3.9456091205e-01
3.7385162734e+00 -4.0484106078e-01
3.7369730072e+00 -4.1483792790e-01
3.7324017116e+00 -4.2452918518e-01
3.7248556849e+00 -4.3389793012e-01
3.7143350052e+00 -4.4291420398e-01
3.7008714932e+00 -4.5156423177e-01
3.6844741115e+00 -4.5982192652e-01
3.6651609428e+00 -4.6765893046e-01
3.6429616207e+00 -4.7506368155e-01
3.6178710440e+00 -4.8200455593e-01
3.5899229104e+00 -4.8846402623e-01
3.5591101423e+00 -4.9440823739e-01
3.5254480055e+00 -4.9982659488e-01
3.4889360905e+00 -5.0468488663e-01
3.4496125960e+00 -5.0896753289e-01
3.4074377475e+00 -5.1261099955e-01
3.3624713561e+00 -5.1567174433e-01
3.3146473756e+00 -5.1804295314e-01
3.2640617144e+00 -5.1973345933e-01
3.2106472350e+00 -5.2072196170e-01
3.1544451126e+00 -5.2098234237e-01
3.0954555559e+00 -5.2047605473e-01
3.0336846421e+00 -5.1919920795e-01
2.9691621292e+00 -5.1711136339e-01
2.9018798254e+00 -5.1418216599e-01
2.8318699508e+00 -5.1041586633e-01
2.7591349491e+00 -5.0575282444e-01
2.6837194887e+00 -5.0019445650e-01
2.6056535254e+00 -4.9370731226e-01
2.5249136006e+00 -4.8629500623e-01
2.4415977843e+00 -4.7785151434e-01
2.3557682471e+00 -4.6851406866e-01
2.2674045034e+00 -4.5812875618e-01
2.1766206382e+00 -4.4674092335e-01
2.0834495449e+00 -4.3431682130e-01
1.9880017707e+00 -4.2085851501e-01
1.8903568851e+00 -4.0634884891e-01
1.7906149922e+00 -3.9079053577e-01
1.6889255057e+00 -3.7419015530e-01
1.5853975938e+00 -3.5654702674e-01
1.4801898932e+00 -3.3788212806e-01
1.3735252577e+00 -3.1820371894e-01
1.2655774395e+00 -2.9753089926e-01
1.1566270756e+00 -2.7593569386e-01
1.0469713134e+00 -2.5341675682e-01
9.3692592667e-01 -2.3009856173e-01
8.2687924540e-01 -2.0601307331e-01
7.1739692487e-01 -1.8134045225e-01
6.0898939663e-01 -1.5614113235e-01
5.0245890803e-01 -1.3068863948e-01
3.9862699464e-01 -1.0517466787e-01
2.9876441579e-01 -7.9952891466e-02
2.0460938581e-01 -5.5452572459e-02
1.1882185779e-01 -3.2440485324e-02
4.6098094604e-02 -1.2290639644e-02
-5.6485571072e-04 2.2368966312e-04
