1.5365613103e+02
1.5394186562e+02
1.5422800960e+02
1.5450662204e+02
1.5477782412e+02
1.5503325938e+02
1.5527698548e+02
1.5550609593e+02
1.5572319198e+02
1.5594784651e+02
1.5614374473e+02
1.5633592558e+02
1.5651697593e+02
1.5667700177e+02
1.5684046924e+02
1.5698588403e+02
1.5712757674e+02
1.5725874641e+02
1.5736683791e+02
1.5747627223e+02
1.5756660163e+02
1.5765695540e+02
1.5773747682e+02
1.5779406975e+02
1.5785905486e+02
1.5789993308e+02
1.5793420308e+02
1.5797089349e+02
1.5797441047e+02
1.5798660213e+02
1.5798689115e+02
1.5797085838e+02
1.5795601029e+02
1.5791741795e+02
1.5788516331e+02
1.5783932076e+02
1.5777667044e+02
1.5771402012e+02
1.5763688361e+02
1.5755803476e+02
1.5747344629e+02
1.5736640216e+02
1.5726162815e+02
1.5714927709e+02
1.5702926486e+02
1.5689895655e+02
1.5675557969e+02
1.5661419491e+02
1.5645940950e+02
1.5631315133e+02
1.5614568542e+02
1.5597350009e+02
1.5578314878e+02
1.5560412406e+02
1.5542165543e+02
1.5522285438e+02
1.5502349903e+02
1.5481168910e+02
1.5460223043e+02
1.5438166034e+02
1.5415124954e+02
1.5393798730e+02
1.5371069129e+02
1.5347074493e+02
1.5321683247e+02
1.5297907083e+02
1.5274357151e+02
1.5249944335e+02
1.5224429143e+02
1.5198343648e+02
1.5173392606e+02
1.5147606310e+02
1.5121346919e+02
1.5097552703e+02
1.5072082045e+02
1.5045627701e+02
1.5018648817e+02
1.4995144385e+02
1.4971440036e+02
1.4947698962e+02
1.4921914269e+02
1.4899137497e+02
1.4876415933e+02
1.4854476769e+02
1.4833361530e+02
1.4817565737e+02
1.4797897615e+02
1.4777878965e+02
1.4761557537e+02
1.4749599372e+02
1.4738858023e+02
1.4728105972e+02
1.4730371524e+02
1.4722731154e+02
1.4719621491e+02
1.4741108682e+02
1.4744499233e+02
1.4766464244e+02
1.4814843564e+02
1.4863222883e+02
