8.7970342910e-04 9.4488741204e-08
6.1668858279e-04 1.2645521184e-06
8.6229802856e-04 -1.1833256307e-06
7.1562869294e-05 6.9685090933e-07
5.5563032441e-04 -1.5539695826e-06
5.3874199296e-04 2.8940189440e-06
4.3533844243e-05 1.4571694932e-07
8.5816777404e-04 5.6947382250e-06
6.0090392850e-04 -3.6384397186e-06
8.9085901905e-04 7.1816506297e-06
8.7297856764e-04 -6.8695848417e-06
6.4195716508e-04 6.4205239845e-06
8.6093974101e-04 -8.2933129566e-06
1.0111718841e-04 1.4874231614e-06
5.6674834410e-04 -6.4121666017e-06
5.1701637341e-04 5.1976994074e-06
1.7919862722e-05 4.1484576702e-07
8.4957138942e-04 1.1023810592e-05
5.8232287725e-04 -6.1209418306e-06
8.9620985211e-04 1.4934554340e-05
8.6226056444e-04 -1.2337864639e-05
6.5722722440e-04 1.2625147906e-05
8.6714103769e-04 -1.5198748592e-05
1.2956976476e-04 3.2333607894e-06
5.8825164312e-04 -1.1222489915e-05
4.9794813642e-04 1.1021073923e-05
1.5499287558e-05 5.9980334709e-08
8.4333406772e-04 1.9649060041e-05
5.5749712021e-04 -1.2324278726e-05
9.0199489868e-04 2.2383573491e-05
8.4981443006e-04 -2.0454345766e-05
6.7138914631e-04 1.8153912178e-05
8.6041508092e-04 -2.2095032524e-05
1.5375543152e-04 4.9070854959e-06
5.9071780560e-04 -1.6150371010e-05
4.8299362661e-04 1.3874367493e-05
4.6223007986e-05 -1.1801501477e-06
8.4173314368e-04 2.5723037157e-05
5.4053137644e-04 -1.6425188340e-05
9.0670981351e-04 2.9949465851e-05
8.3971927657e-04 -2.6986756097e-05
6.8517120747e-04 2.4056741267e-05
8.6294028664e-04 -2.9056626966e-05
1.8299828084e-04 7.2356772285e-06
6.0937735085e-04 -2.1545202707e-05
4.6220320323e-04 1.7925036973e-05
7.3689344449e-05 -2.5525325436e-06
8.3030266934e-04 3.3052639191e-05
5.1952203093e-04 -1.9298030153e-05
9.1153199802e-04 3.7659087362e-05
8.2783793299e-04 -3.2712639250e-05
7.0979081001e-04 3.0897773950e-05
8.6448211286e-04 -3.6104333474e-05
2.1093281117e-04 1.0133263879e-05
6.2613583424e-04 -2.7423671064e-05
4.3875034539e-04 2.0672103353e-05
9.9190753003e-05 -4.4401990617e-06
8.2069609257e-04 3.9443164457e-05
4.9338993988e-04 -2.2779438131e-05
9.1372355238e-04 4.5489460320e-05
8.1319392235e-04 -3.9005690918e-05
7.1785880943e-04 3.7398926000e-05
8.5864834165e-04 -4.2527542484e-05
2.3357952321e-04 1.3178205198e-05
6.2597915637e-04 -3.2024413163e-05
4.2234277551e-04 2.3542081735e-05
1.2123113494e-04 -6.3249454458e-06
8.1658950560e-04 4.6149207583e-05
4.8073661849e-04 -2.6063485540e-05
7.9528008812e-04 -4.4323085074e-05
9.1484352975e-04 5.3165136370e-05
8.6243040817e-04 -4.9471867350e-05
7.3260819684e-04 4.4157254474e-05
7.0485731741e-04 -4.1876108320e-05
2.6113049638e-04 1.6773840152e-05
1.7632389696e-04 -1.0809367268e-05
3.9461706036e-04 2.5423327053e-05
4.4589060884e-04 -2.7448788507e-05
7.9819522279e-04 5.1921160443e-05
7.7992662414e-04 -4.9448560203e-05
9.1551509808e-04 6.0984477811e-05
8.5263350709e-04 -5.6236348993e-05
7.3912579138e-04 5.0933297693e-05
6.4613419733e-04 -4.4711806026e-05
2.8074553969e-04 2.0517842668e-05
1.7170619367e-04 -1.2452230581e-05
3.7934579564e-04 2.7771579152e-05
4.3077732885e-04 -3.0341329220e-05
7.9686261061e-04 5.8621785459e-05
7.7326029769e-04 -5.5479343115e-05
9.1242789134e-04 6.8888049346e-05
8.4391361791e-04 -6.1610402903e-05
7.5285615464e-04 5.9825546350e-05
6.5013313722e-04 -4.8506088083e-05
3.0753553667e-04 2.6002624758e-05
1.9329503845e-04 -1.4762673550e-05
3.4891757731e-04 2.8854129039e-05
4.0789940758e-04 -3.1602897662e-05
7.7436616093e-04 6.3856858652e-05
7.5810190031e-04 -5.9934090814e-05
9.1466357495e-04 7.6528803181e-05
8.3972460434e-04 -6.7758532616e-05
7.6572650097e-04 6.5528275609e-05
6.6158669032e-04 -5.4605232109e-05
3.2881142427e-04 2.9295409095e-05
2.1627073785e-04 -1.8321219637e-05
3.2572365390e-04 2.9637713531e-05
3.8312472094e-04 -3.2807115664e-05
7.6544768678e-04 6.9485330137e-05
7.4066901052e-04 -6.4406978341e-05
9.1094546195e-04 8.4268529626e-05
8.3126854436e-04 -7.3444298427e-05
7.7195898533e-04 7.2978547767e-05
6.6440283216e-04 -5.9868980762e-05
3.5037360713e-04 3.4436790977e-05
2.3634208201e-04 -2.1804878346e-05
2.9955515379e-04 3.0003444533e-05
3.5866531165e-04 -3.3390930735e-05
7.4653125835e-04 7.4276430002e-05
7.2237649087e-04 -6.8232961746e-05
9.0726497076e-04 9.1764381420e-05
8.2405011263e-04 -7.9182806253e-05
7.8126076301e-04 8.0477989274e-05
6.7229584178e-04 -6.5953261330e-05
3.7198581242e-04 3.9645738933e-05
2.5728704071e-04 -2.5852979232e-05
2.7434028380e-04 3.0017682206e-05
3.3204185630e-04 -3.3476371829e-05
7.0266597396e-04 -7.1704685202e-05
7.3174719773e-04 7.9190144381e-05
8.1799709914e-04 -8.4788258256e-05
9.0320541700e-04 9.9078818816e-05
6.8211380285e-04 -7.1935826139e-05
7.8638266322e-04 8.7603108048e-05
2.7960893524e-04 -3.0099766506e-05
3.9050648565e-04 4.4822676686e-05
3.0767480900e-04 -3.3434476926e-05
2.5117735860e-04 2.9374095196e-05
6.8409295697e-04 -7.5046387514e-05
7.1975127983e-04 8.3361501498e-05
8.0883793058e-04 -8.9885785300e-05
8.9732948879e-04 1.0601677784e-04
6.8555184166e-04 -7.7304312544e-05
7.9272880973e-04 9.5531730344e-05
2.9745710983e-04 -3.4172276538e-05
4.1089653119e-04 5.0975251842e-05
2.8089983119e-04 -3.2815669486e-05
2.2430187707e-04 2.8690655859e-05
6.6159448992e-04 -7.7759632179e-05
6.9881643421e-04 8.7761099857e-05
7.9631046749e-04 -9.4721165809e-05
8.8825038365e-04 1.1296943604e-04
6.8487619339e-04 -8.2551733522e-05
8.0010643711e-04 1.0335320204e-04
3.1298288654e-04 -3.8466910775e-05
4.3172300011e-04 5.7238680024e-05
2.6339942201e-04 -3.2735901583e-05
1.9549001666e-04 2.7000271351e-05
6.5465152777e-04 -8.1698014325e-05
6.7686866099e-04 9.1146941394e-05
7.8944628167e-04 -9.9831508616e-05
8.8006314398e-04 1.1968234625e-04
6.7155535218e-04 -8.6186079597e-05
8.0457128728e-04 1.1073019726e-04
3.1860279771e-04 -4.1724766076e-05
4.4912096969e-04 6.3221736407e-05
2.4045145695e-04 -3.1736336934e-05
6.3472272885e-04 -8.3951912049e-05
1.6745725467e-04 2.4815295902e-05
7.7739950947e-04 -1.0417270834e-04
6.5492031270e-04 9.4016915660e-05
6.7618020014e-04 -9.1889362759e-05
8.7009478486e-04 1.2601423728e-04
3.3668956655e-04 -4.6646394393e-05
8.0883158790e-04 1.1873912117e-04
2.1854724900e-04 -3.0644744209e-05
4.6660230092e-04 7.0091236234e-05
6.1956934403e-04 -8.6667316131e-05
1.4100723573e-04 2.2477922041e-05
7.6592280983e-04 -1.0826825689e-04
6.3908471125e-04 9.7438426505e-05
6.7482135706e-04 -9.6421357643e-05
8.6103889018e-04 1.3233394228e-04
3.5013740575e-04 -5.0849672825e-05
8.0717911317e-04 1.2552246832e-04
1.9245168858e-04 -2.8105624960e-05
4.7899992671e-04 7.6059089948e-05
5.9569530539e-04 -8.7003472514e-05
1.1497980633e-04 1.9701282968e-05
7.5490945741e-04 -1.1205681769e-04
6.2041864324e-04 1.0023047626e-04
6.7831880471e-04 -1.0233838741e-04
8.4961407033e-04 1.3824626487e-04
3.6594555227e-04 -5.6220010903e-05
8.1102761481e-04 1.3351183748e-04
1.6706327459e-04 -2.6115936696e-05
4.9795258083e-04 8.3619394485e-05
5.7278264393e-04 -8.8694965910e-05
8.7724616516e-05 1.6299148270e-05
7.3908025392e-04 -1.1540949503e-04
6.7967467560e-04 -1.0712917391e-04
6.0097371673e-04 1.0246336603e-04
3.8275936152e-04 -6.1242570482e-05
8.3960948621e-04 1.4416875484e-04
1.4368085650e-04 -2.3605791431e-05
8.0767946788e-04 1.4042283278e-04
5.5269005160e-04 -8.9522262904e-05
5.0629850506e-04 8.9770870620e-05
7.2805239941e-04 -1.1897787119e-04
6.0125873219e-05 1.2338721066e-05
6.8050121478e-04 -1.1295012701e-04
5.8624354309e-04 1.0527436276e-04
3.9630046256e-04 -6.7024429745e-05
8.3090047360e-04 1.5011613920e-04
1.1842814553e-04 -2.0614848775e-05
8.0240444483e-04 1.4657954119e-04
5.2774321701e-04 -8.9582368710e-05
5.1405189750e-04 9.5618408810e-05
7.1227035827e-04 -1.2167987550e-04
3.3717915631e-05 8.0524228899e-06
6.6973480544e-04 -1.1516633230e-04
5.5685884655e-04 1.0524088127e-04
3.9821138718e-04 -6.9314352322e-05
8.1164830355e-04 1.5408296048e-04
9.6358527790e-05 -1.7567973432e-05
8.0375245171e-04 1.5393882673e-04
5.1333633949e-04 -9.0795952720e-05
7.0016181342e-04 -1.2458182096e-04
5.3195090074e-04 1.0347492247e-04
6.6248019775e-04 -1.1901065811e-04
7.6803860074e-06 3.3154247092e-06
4.0529687039e-04 -7.3893029858e-05
5.3443083593e-04 1.0588522897e-04
7.5092007972e-05 -1.4495306235e-05
7.9752163912e-04 1.5860875200e-04
4.9212644156e-04 -9.0411324849e-05
7.9670691649e-04 1.5983272927e-04
6.8418166133e-04 -1.2663197584e-04
5.3536204568e-04 1.0913270333e-04
6.6148511871e-04 -1.2379230983e-04
1.8542157001e-05 5.8007564538e-06
4.1872090304e-04 -7.9488155315e-05
5.1827238906e-04 1.0753774407e-04
5.2098183951e-05 -1.0819606600e-05
7.8701138983e-04 1.6386485230e-04
4.7310885523e-04 -9.0600223834e-05
7.9131216344e-04 1.6769531553e-04
6.7004451425e-04 -1.2889667877e-04
5.4368675986e-04 1.1829683596e-04
6.5209977996e-04 -1.2638194531e-04
4.3006202814e-05 1.1736135238e-05
4.2182886665e-04 -8.2774884977e-05
3.0274139288e-05 -6.9351442721e-06
4.9099785608e-04 1.0689465807e-04
4.5211883129e-04 -8.9775119121e-05
7.6751641972e-04 1.6707318969e-04
6.5534592804e-04 -1.3068136228e-04
7.8852240627e-04 1.7250562619e-04
6.4381451116e-04 -1.2950488642e-04
5.5706585227e-04 1.2326522885e-04
4.2400912263e-04 -8.6462027862e-05
6.8809497980e-05 1.7040438264e-05
7.4633508934e-06 -2.6593348963e-06
4.7075124251e-04 1.0644068408e-04
4.3086338790e-04 -8.8732879581e-05
7.5328309229e-04 1.7055618275e-04
6.3877221109e-04 -1.3195717483e-04
7.8113330122e-04 1.7810417596e-04
6.3663680102e-04 -1.3239123005e-04
5.6264533125e-04 1.2988880270e-04
4.2990347018e-04 -9.0405931276e-05
9.3018030843e-05 2.3337681737e-05
1.7853312847e-05 -4.8873977257e-06
4.0861790612e-04 -8.7156140916e-05
4.4399249636e-04 1.0459422223e-04
6.2041080475e-04 -1.3261860215e-04
7.3210444346e-04 1.7257098932e-04
6.2666269089e-04 -1.3478404232e-04
7.6917201163e-04 1.8271083534e-04
4.3288342290e-04 -9.4166947430e-05
5.6110665829e-04 1.3510610482e-04
3.7838351688e-05 -9.4654592672e-06
1.1126240761e-04 2.8721872009e-05
3.8847946232e-04 -8.5659034121e-05
4.2395326096e-04 1.0394613340e-04
6.0528397227e-04 -1.3364060702e-04
7.1852992717e-04 1.7609687271e-04
6.1866562986e-04 -1.3752149181e-04
7.5951185794e-04 1.8738911362e-04
4.3468964600e-04 -9.7804749061e-05
5.6172767150e-04 1.4027189096e-04
5.5865353632e-05 -1.3913618583e-05
1.3119602788e-04 3.4631165513e-05
3.7167934318e-04 -8.4606227129e-05
5.9157658903e-04 -1.3474159685e-04
3.9824163788e-04 1.0147957533e-04
6.0876389760e-04 -1.3964989045e-04
6.9695131329e-04 1.7735053787e-04
4.3588399446e-04 -1.0120867509e-04
7.4862781741e-04 1.9172469396e-04
7.3925244766e-05 -1.8554678983e-05
5.6636128689e-04 1.4685454796e-04
3.5371350174e-04 -8.3126645093e-05
1.5104402144e-04 4.1145099698e-05
5.7648147421e-04 -1.3535838292e-04
3.7039523977e-04 9.8139504646e-05
5.9806629143e-04 -1.4120315825e-04
6.7355785527e-04 1.7788150400e-04
4.3538801337e-04 -1.0387576737e-04
7.3786048149e-04 1.9604330069e-04
9.0213373954e-05 -2.2876483549e-05
5.6938977296e-04 1.5310998635e-04
3.2346422090e-04 -7.8453150410e-05
5.4967150764e-04 -1.3301306581e-04
1.7058947019e-04 4.7827261908e-05
5.9023419369e-04 -1.4353730815e-04
3.4473941138e-04 9.4771502941e-05
4.4328488429e-04 -1.0895978322e-04
6.5079656395e-04 1.7809205216e-04
1.0725154205e-04 -2.7838853392e-05
7.2538912071e-04 1.9946666356e-04
3.0892573134e-04 -7.7159765376e-05
5.6967363481e-04 1.5830268132e-04
5.3786403676e-04 -1.3384543354e-04
1.8735941289e-04 5.3955352256e-05
5.7709907698e-04 -1.4439490956e-04
3.2083124652e-04 9.1465709744e-05
4.3703825185e-04 -1.1058543016e-04
6.3019013215e-04 1.7853936922e-04
1.2058866420e-04 -3.2042229008e-05
7.1206216219e-04 2.0240505036e-04
2.8993050274e-04 -7.4560759118e-05
5.2000619035e-04 -1.3304677615e-04
5.6616173500e-04 1.6245980768e-04
5.6459063982e-04 -1.4524749013e-04
2.0146774841e-04 5.9687618904e-05
4.3531937719e-04 -1.1327588206e-04
3.0016250373e-04 8.8535660699e-05
1.3345777146e-04 -3.6309764222e-05
6.1242670516e-04 1.7931279672e-04
2.7030363301e-04 -7.1566974384e-05
6.9691223043e-04 2.0494587053e-04
5.0223631988e-04 -1.3200784504e-04
5.6209721689e-04 1.6697023802e-04
5.5301005103e-04 -1.4596895921e-04
2.1486993206e-04 6.5771005679e-05
4.3574084020e-04 -1.1612193505e-04
2.7394195478e-04 8.3679567642e-05
1.4639592252e-04 -4.0564474640e-05
2.4743405810e-04 -6.7441030214e-05
5.8618184089e-04 1.7734561267e-04
4.8045392441e-04 -1.2970939990e-04
6.7918063514e-04 2.0628009592e-04
5.4038768891e-04 -1.4637460252e-04
5.6417036014e-04 1.7292486286e-04
4.3243513638e-04 -1.1828096104e-04
2.3118795544e-04 7.2774689422e-05
1.5703746128e-04 -4.4579974247e-05
2.5018596414e-04 7.9032730069e-05
2.3032180718e-04 -6.4530503431e-05
5.6421474767e-04 1.7616355334e-04
4.6428118884e-04 -1.2852344896e-04
6.6275839031e-04 2.0770633098e-04
5.2506491176e-04 -1.4587396013e-04
4.2341003468e-04 -1.1885932260e-04
5.5196183528e-04 1.7471866342e-04
1.6426828398e-04 -4.7830561235e-05
2.3783998757e-04 7.7240921769e-05
2.1133545035e-04 -6.0952178697e-05
2.2781447303e-04 7.4408178035e-05
4.4518281399e-04 -1.2640400223e-04
5.4227990963e-04 1.7462598428e-04
5.1014953561e-04 -1.4532981633e-04
6.4402228818e-04 2.0831650412e-04
4.1829921142e-04 -1.2045337547e-04
5.4331141867e-04 1.7710927288e-04
1.7266590775e-04 -5.1539357690e-05
2.4715505875e-04 8.2453901142e-05
1.9210828901e-04 -5.7088214822e-05
2.0361626548e-04 6.8811223125e-05
4.2543971550e-04 -1.2385921117e-04
4.9451302541e-04 -1.4435677363e-04
5.1490640318e-04 1.7106055525e-04
4.1220445777e-04 -1.2166067397e-04
6.2402644525e-04 2.0806923202e-04
1.8026595965e-04 -5.5069993903e-05
5.3824437092e-04 1.8082254578e-04
1.7327542438e-04 -5.3038893794e-05
2.5760344003e-04 8.8460285104e-05
4.0503906581e-04 -1.2081484337e-04
1.7808629839e-04 6.2442982351e-05
4.7844502848e-04 -1.4296930329e-04
4.8531892834e-04 1.6629855063e-04
4.0730494998e-04 -1.2264292045e-04
6.0176850237e-04 2.0660915003e-04
1.8765250652e-04 -5.8268698445e-05
1.5324384597e-04 -4.8267870590e-05
5.3009944617e-04 1.8296681088e-04
3.8287664161e-04 -1.1689786934e-04
2.6480907498e-04 9.3234885409e-05
4.6210652960e-04 -1.4126688587e-04
1.5538117034e-04 5.6551379569e-05
3.9743697375e-04 -1.2258396652e-04
4.6181520847e-04 1.6312267292e-04
1.9130104811e-04 -6.0884691059e-05
5.8036046478e-04 2.0503558114e-04
1.3695883123e-04 -4.4534441817e-05
5.0791009844e-04 1.8073451826e-04
3.6479405425e-04 -1.1402283785e-04
4.4404361001e-04 -1.3889346739e-04
2.6095512384e-04 9.4789369396e-05
3.8412331249e-04 -1.2126367902e-04
1.3688954842e-04 5.1340964673e-05
1.9204828252e-04 -6.2593367972e-05
4.3987996618e-04 1.5944163973e-04
1.1956058685e-04 -4.0306365249e-05
5.5490945512e-04 2.0159948111e-04
3.4364741466e-04 -1.1006513543e-04
4.9570187763e-04 1.8154211230e-04
4.2489546761e-04 -1.3602562382e-04
2.6594675568e-04 9.9410505391e-05
3.7372809995e-04 -1.2078325774e-04
1.1234875800e-04 4.4077714840e-05
1.9447371482e-04 -6.4931762519e-05
1.0236071462e-04 -3.5996243859e-05
4.0564702064e-04 1.5166225061e-04
3.2210613852e-04 -1.0575720703e-04
5.2642727537e-04 1.9676868619e-04
4.0453663204e-04 -1.3253442575e-04
4.7836850454e-04 1.7996834039e-04
3.6062847380e-04 -1.1928557965e-04
2.6511118892e-04 1.0171731338e-04
1.9464425208e-04 -6.6516354698e-05
9.2123283894e-05 3.7769918230e-05
8.6155359934e-05 -3.1657757012e-05
3.7961090772e-04 1.4591210128e-04
3.0031706312e-04 -1.0092431230e-04
3.8362347944e-04 -1.2840518243e-04
4.9822310034e-04 1.9143813171e-04
3.4710256454e-04 -1.1709445396e-04
4.5544624208e-04 1.7638790218e-04
1.9369399203e-04 -6.7428580767e-05
2.5942857924e-04 1.0262481230e-04
6.9387265312e-05 -2.6969095710e-05
7.1949723311e-05 3.1342286463e-05
2.7607350277e-04 -9.5152149968e-05
3.4765967059e-04 1.3774730523e-04
3.6039461976e-04 -1.2343635787e-04
4.6390044787e-04 1.8346346380e-04
3.3124622305e-04 -1.1446869069e-04
1.9058619599e-04 -6.8063766670e-05
4.2891456178e-04 1.7105219807e-04
5.4481316569e-05 -2.2628362875e-05
2.5132446026e-04 1.0243972150e-04
2.5388597562e-04 -8.9435967180e-05
5.3633535300e-05 2.5130926807e-05
3.3476041848e-04 -1.1724331496e-04
3.1530694016e-04 1.2858224882e-04
3.0680338307e-04 -1.0879473969e-04
4.2489718143e-04 1.7281522522e-04
1.7940227404e-04 -6.6134268074e-05
3.9561773956e-04 1.6232463100e-04
3.8731551606e-05 -1.8626076802e-05
2.2671209865e-04 -8.3276594600e-05
2.3760440558e-04 9.9718863974e-05
3.0701563724e-04 -1.1095732987e-04
3.4301908728e-05 1.8606890263e-05
2.8295577808e-04 -1.0303888463e-04
2.7152388301e-04 1.1503959783e-04
1.6838379722e-04 -6.3999265770e-05
3.7523561227e-04 1.5771246171e-04
2.6435534379e-05 -1.5664443910e-05
3.5577367208e-04 1.5070899344e-04
1.9759969997e-04 -7.6051069851e-05
2.1885488187e-04 9.5105950335e-05
2.7282301070e-04 -1.0234164110e-04
2.5780577432e-04 -9.7244902679e-05
1.7374930465e-05 1.3432912049e-05
1.5824454234e-04 -6.2680288801e-05
2.2640409036e-04 1.0074874912e-04
1.3104342382e-05 -1.2334484580e-05
3.1468040064e-04 1.3722585179e-04
1.6488301813e-04 -6.6200268099e-05
2.9400455410e-04 1.2766963707e-04
2.3040569213e-04 -8.9418622719e-05
1.8010444585e-04 8.0317156071e-05
2.1911743306e-04 -8.4183585322e-05
1.3636614357e-04 -5.5573316121e-05
2.0330011065e-06 1.1260057835e-05
4.0599473636e-07 -1.4424325831e-05
1.6905333187e-04 8.6430334143e-05
1.3645856765e-04 -7.2034991838e-05
2.2220372762e-04 1.0519128062e-04
1.7351770196e-04 -8.0163859677e-05
1.6043776343e-04 6.7131852698e-05
1.0761051413e-04 -4.3379799075e-05
7.4022704053e-05 2.4411871423e-05
3.5590942516e-05 -1.2665667364e-05
-1.2041671616e-05 -3.5766560273e-06
-1.2803444338e-05 2.1328868786e-06
