-1.3042187221e-05 4.3093016336e-08
-8.9904602430e-06 4.0730601331e-08
-2.3434785527e-06 3.4103536477e-08
6.4265934741e-06 2.2601103792e-08
1.0596834752e-05 5.1556168978e-09
1.2966492614e-05 -8.2381461076e-09
1.3535567061e-05 -1.7580185224e-08
1.2304058093e-05 -2.2870500452e-08
9.2719657100e-06 -2.4109091792e-08
4.4392899115e-06 -2.1295959243e-08
-2.1939693023e-06 -1.4431102805e-08
-7.3208908848e-06 -2.0875896894e-09
-9.7054891893e-06 8.9987162789e-09
-1.0605011230e-05 1.6699309248e-08
-1.0019457007e-05 2.1014189217e-08
-7.9488265195e-06 2.1943356186e-08
-1.3655270462e-06 3.8421515868e-10
-2.3137062114e-06 -3.2995460514e-09
-2.7379110377e-06 1.7960959867e-09
-2.6535096950e-06 6.6868530642e-09
-2.0605021833e-06 1.1372725181e-08
-9.5888850268e-07 1.5853712338e-08
6.5133134700e-07 2.0129814534e-08
2.7701573656e-06 2.4201031769e-08
5.3975895532e-06 2.8067364044e-08
3.2756178662e-06 2.2370809441e-08
1.5769860337e-06 1.7174674722e-08
3.8131877355e-07 1.2627116911e-08
-3.1138391454e-07 8.7281360092e-09
-5.0112203042e-07 5.4777320168e-09
-1.8789557412e-07 2.8759049336e-09
-1.4498659485e-05 4.1190781494e-08
2.3396453896e-06 -6.4826878689e-09
4.7245220634e-07 -6.0035982940e-09
-2.7680690309e-06 -4.8316923462e-09
-5.6688046001e-06 -5.8013165378e-09
-3.4738435544e-06 -1.4632651861e-08
-1.7857364397e-06 -2.0693832428e-08
-6.0448325597e-07 -2.3984858239e-08
6.9915996641e-08 -2.4505729292e-08
2.3746131830e-07 -2.2256445589e-08
-1.0184729108e-07 -1.7237007129e-08
-9.4800983147e-07 -9.4474139126e-09
-4.6843960610e-07 -8.2487086913e-10
2.4285155217e-08 5.1135563947e-09
4.4682875368e-10 8.3096020242e-09
-5.3995458537e-07 8.7632660192e-09
-1.5969190872e-06 6.4745483799e-09
1.0813933454e-06 -3.0775085247e-09
1.0896026138e-06 -2.9295078154e-09
7.3573959653e-07 -1.7263557975e-09
1.9804293629e-08 5.3194752896e-10
-6.6704971388e-07 4.3426605158e-09
9.3247123722e-07 1.1011780473e-08
1.7477119600e-06 1.5405660969e-08
1.7786724544e-06 1.7524302005e-08
1.0253527203e-06 1.7367703581e-08
-5.1224724197e-07 1.4935865697e-08
-2.8341274327e-06 1.0228788352e-08
-5.9402878518e-06 3.2464715472e-09
-3.9248624167e-06 -1.4708824403e-09
-2.9874338417e-07 -3.7630583567e-09
1.9540475944e-06 -5.3624179003e-09
2.8335105190e-06 -6.2689610710e-09
2.5640623317e-06 2.5887819351e-08
3.2666035515e-06 2.9257437723e-08
3.0376308330e-06 2.9438500422e-08
1.8771441762e-06 2.6431007448e-08
-2.1485641867e-07 2.0234958803e-08
-3.1557895652e-06 1.0926051028e-08
-1.3615285752e-06 5.7355449998e-09
-7.2471234132e-08 1.9104843059e-09
7.1138245821e-07 -5.4913105345e-10
9.9003250158e-07 -1.6433010784e-09
7.6347889607e-07 -1.3720257690e-09
3.1721641677e-08 2.6469487492e-10
-1.2052392616e-06 3.2668608532e-09
-1.1156681742e-06 2.8093971982e-09
-2.1242048664e-08 -2.0805601797e-10
7.1111179119e-07 -2.1703579256e-09
-2.2791183560e-06 -1.5473066116e-08
2.3612538537e-08 -1.5887453990e-08
1.1447527253e-06 -1.4981976884e-08
1.0843022042e-06 -1.2756634798e-08
-1.5773902488e-07 -9.2114277339e-09
-2.5813709618e-06 -4.3463556901e-09
-6.1865936066e-06 1.8385813330e-09
-3.7150033057e-06 3.2630260297e-09
-1.3632902115e-06 3.9500585631e-09
1.7090615282e-07 4.4293464329e-09
8.8758578735e-07 4.7008896392e-09
7.8674869222e-07 4.7646881820e-09
-1.3160513272e-07 4.6207420614e-09
-1.8674756873e-06 4.2690512772e-09
-1.6355619224e-06 9.5829155918e-09
9.3000717378e-07 1.9329645308e-08
-5.9690692662e-06 -1.8161494722e-09
-3.3830217262e-06 -4.9264312635e-09
-1.4134189573e-06 -7.1159691661e-09
-6.0260959549e-08 -8.3847631802e-09
6.7645226713e-07 -8.7328133056e-09
7.9672072271e-07 -8.1601195423e-09
3.0054440713e-07 -6.6666818905e-09
-8.1207667951e-07 -4.2525003501e-09
-4.2533798764e-07 -2.9703315328e-09
-4.2782173169e-08 -2.6644979890e-09
-1.6271405326e-07 -2.9915420440e-09
-7.8513362774e-07 -3.9514636979e-09
-1.9100408968e-06 -5.5442629507e-09
-3.5374358603e-06 -7.7699398024e-09
-5.6673185184e-06 -1.0628494253e-08
-5.7634399586e-06 -1.3738813263e-08
-1.5967185999e-07 3.5752889279e-09
-7.2871029928e-07 1.3759794857e-09
8.6347289731e-07 1.2578868941e-10
1.7010912730e-06 -6.0920692989e-10
1.7841448276e-06 -8.2900737221e-10
1.1126335614e-06 -5.3361263755e-10
-3.1344252592e-07 2.7697727409e-10
-2.4940834342e-06 1.6027623627e-09
-5.4292891634e-06 3.4437426283e-09
-3.5891893747e-06 5.9495658572e-09
-5.4695289796e-07 7.7600804359e-09
1.2747339868e-06 8.5880654488e-09
1.8758712793e-06 8.4335208959e-09
1.2564589797e-06 7.2964467773e-09
-5.8350291204e-07 5.1768430928e-09
-3.6440143959e-06 2.0747098427e-09
1.8297142017e-06 2.6223168563e-08
-2.5662701901e-07 1.9664303539e-08
-3.0317832263e-06 9.9832758276e-09
-1.4594821913e-06 2.9726158564e-09
-3.3477391127e-07 -2.0732461573e-09
3.4234161382e-07 -5.1543102135e-09
5.7186438409e-07 -6.2705763122e-09
3.5379439942e-07 -5.4220444534e-09
-3.1186834013e-07 -2.6087146371e-09
-1.4251238346e-06 2.1694131367e-09
-1.2068830150e-06 5.5875777400e-09
-1.5740350182e-07 6.6962012173e-09
5.4209828310e-07 7.2272227163e-09
8.9162233967e-07 7.1806422368e-09
8.9116866809e-07 6.5564597789e-09
5.4073726819e-07 5.3546753426e-09
1.1625096155e-06 -1.6099856670e-08
-1.4749045510e-07 -1.2274317758e-08
-2.6626176751e-06 -6.8932951978e-09
-6.3828720444e-06 4.3211012382e-11
-3.6681665661e-06 2.3253546312e-09
-1.3094746618e-06 3.8187155054e-09
2.1931966271e-07 4.8575698809e-09
9.1821640741e-07 5.4419177577e-09
7.8721557233e-07 5.5717591358e-09
-1.7368284264e-07 5.2470940152e-09
-1.9644788374e-06 4.4679223959e-09
-1.6023969943e-06 9.9301592219e-09
9.3253421809e-07 1.9733739018e-08
2.5432109439e-06 2.6264829850e-08
3.2296331832e-06 2.9523431718e-08
2.9918009357e-06 2.9509544622e-08
1.1196488021e-07 -1.3618854699e-08
8.2504677827e-07 -1.3918096548e-08
9.0613531143e-07 -1.3117596454e-08
3.5523047965e-07 -1.1217354418e-08
-8.2766771699e-07 -8.2173704403e-09
-4.4865316074e-07 -7.0460439078e-09
-1.3418024707e-07 -6.8066698046e-09
-3.0298697772e-07 -7.0542805110e-09
-9.5507335259e-07 -7.7888760270e-09
-2.0904393717e-06 -9.0104563526e-09
-3.7090850351e-06 -1.0719021488e-08
-5.8110103427e-06 -1.2914571433e-08
-5.6487615957e-06 -1.5847175818e-08
-2.1382530689e-06 -1.8243571505e-08
1.6712830865e-07 -1.9084483543e-08
1.2673825367e-06 -1.8369911931e-08
1.6737957154e-06 1.0406283897e-09
1.7141679380e-06 1.0474955551e-09
9.9618001814e-07 1.2497588760e-09
-4.8016804413e-07 1.6474183524e-09
-2.7148762487e-06 2.2404739843e-09
-5.7079445958e-06 3.0289257718e-09
-3.6059927068e-06 3.9038757136e-09
-5.2668211593e-07 4.2600859231e-09
1.3154464567e-06 4.0329529742e-09
1.9203930113e-06 3.2224768667e-09
1.2881575477e-06 1.8286576008e-09
-5.8125993402e-07 -1.4850482358e-10
-3.6878594339e-06 -2.7090104065e-09
-5.8192410033e-06 -6.1226775013e-09
-3.2101790105e-06 -9.7211451761e-09
-1.2331103827e-06 -1.2219870909e-08
-1.4971723282e-06 1.9696180698e-09
-4.4899935155e-07 -2.1274055984e-09
1.7478324703e-07 -4.5133175902e-09
3.7417546743e-07 -5.1881179058e-09
1.4917730963e-07 -4.1518065449e-09
-5.0021122639e-07 -1.4043835078e-09
-1.5739901405e-06 3.0541512057e-09
-1.1809711461e-06 5.8557883043e-09
-5.1389809117e-08 6.5950879371e-09
6.9713036580e-07 6.8711565976e-09
1.0645893787e-06 6.6839942856e-09
1.0509872297e-06 6.0336010013e-09
6.5632391876e-07 4.9199767446e-09
-1.1940055424e-07 3.3431215155e-09
-6.8202915695e-07 1.6130825254e-09
8.7506335049e-07 1.2291573798e-09
-6.1361460500e-06 -6.7826143157e-09
-3.5290254822e-06 -8.1739020395e-10
-1.4414289086e-06 3.7242899925e-09
-1.0935261899e-07 6.8858215967e-09
4.6720338651e-07 8.6672046087e-09
2.8823910793e-07 9.0684390285e-09
-6.4624545461e-07 8.0895248561e-09
-2.3362503013e-06 5.7304620915e-09
-1.6300269094e-06 9.8368709193e-09
1.0375813032e-06 1.8502604050e-08
2.7333071241e-06 2.4167490696e-08
3.4571505536e-06 2.6831530857e-08
3.2091115915e-06 2.6494724535e-08
1.9891902380e-06 2.3157071728e-08
-2.0261350707e-07 1.6818572436e-08
-2.9697356831e-06 7.7777534143e-09
4.7570646165e-07 1.1714216851e-08
-9.6129203139e-07 -3.0456533773e-09
-7.2283339286e-07 -1.8887335439e-08
-5.7581563309e-07 -3.0496861909e-08
-8.7250665537e-07 -3.7790073504e-08
-1.6129064596e-06 -4.0766970225e-08
-2.7970150460e-06 -3.9427552071e-08
-4.4248324144e-06 -3.3771819042e-08
-6.4963585648e-06 -2.3799771139e-08
-5.8683745985e-06 -1.8159442999e-08
-1.9309909898e-06 -2.2013489499e-08
6.8118039459e-07 -2.4041100085e-08
1.9681395545e-06 -2.4242274758e-08
1.9298864900e-06 -2.2617013518e-08
5.6642120108e-07 -1.9165316364e-08
-2.1222563122e-06 -1.3887183297e-08
5.0882618303e-07 1.4366784671e-09
-2.3308681077e-06 6.1349549963e-09
-6.2042195512e-06 1.2306247075e-08
-4.3998023837e-06 1.9039032327e-08
-1.5950529764e-06 2.3666124248e-08
9.4780832405e-08 2.6027017273e-08
6.6969904253e-07 2.6121711404e-08
1.2970165409e-07 2.3950206639e-08
-1.5252113329e-06 1.9512502980e-08
-4.2950399186e-06 1.2808600426e-08
-5.8113465788e-06 1.1124892553e-08
-2.9886182150e-06 2.1836035372e-08
-8.7584432751e-07 2.8302009351e-08
5.2697508398e-07 3.0522814488e-08
1.2198400193e-06 2.8498450783e-08
1.2027504785e-06 2.2228918238e-08
4.5915187967e-07 -3.9509481933e-09
1.9630753416e-07 -3.6670636597e-09
-5.1581960060e-07 -2.0540913681e-09
-1.6772295245e-06 8.8796868147e-10
-1.0451039958e-06 1.5302725817e-09
2.8593249968e-07 7.0768932424e-10
1.1384856665e-06 1.3123330453e-10
1.5125555045e-06 -1.9909547741e-10
1.4081420139e-06 -2.8329702158e-10
8.2524519452e-07 -1.2137132797e-10
-2.3613495359e-07 2.8668160342e-10
-7.9755965463e-07 4.0529056867e-11
1.5310318184e-06 -2.6262721592e-09
2.8259661387e-06 -3.8200578262e-09
3.0872433062e-06 -3.5408279441e-09
2.3148633210e-06 -1.7885825130e-09
1.1645937934e-07 1.3971802648e-08
7.0585051126e-07 1.5971058831e-08
4.9491916443e-07 1.5504370771e-08
-5.1633466117e-07 1.2571738470e-08
-2.3279109656e-06 7.1731619263e-09
-1.5330413147e-06 9.4142413513e-09
1.0914450232e-06 1.7218887624e-08
2.7451383209e-06 2.2346000035e-08
3.4280385786e-06 2.4795578582e-08
3.1401457960e-06 2.4567623267e-08
1.8814599734e-06 2.1662134089e-08
-3.4801888945e-07 1.6079111048e-08
-2.9822986297e-06 8.2043912526e-09
-1.4480118187e-06 3.1719247541e-09
-3.6300779668e-07 -5.3145398641e-10
2.7271343610e-07 -2.9057449689e-09
-1.1880706938e-05 -5.3115426795e-09
-1.1106190630e-05 -5.3123003022e-09
-8.4919610756e-06 -4.5806290658e-09
-4.0380182757e-06 -3.1165289706e-09
2.2556377702e-06 -9.2000001635e-10
6.1074396416e-06 -3.0644059527e-09
5.1376784316e-06 -9.6206882936e-09
4.1003041572e-06 -1.3907211772e-08
2.9953168181e-06 -1.5923976388e-08
1.8227164146e-06 -1.5670982141e-08
5.8250294654e-07 -1.3148229032e-08
-7.2532358604e-07 -8.3557170602e-09
-2.1007631831e-06 -1.2934462259e-09
-6.4536488893e-06 -6.8216313516e-09
-3.4632903209e-06 2.5754575569e-09
-1.2732542314e-06 9.5066022235e-09
4.9313486059e-06 -1.2806875056e-08
3.8986824094e-06 -1.7046063834e-08
2.7660593069e-06 -1.8287564348e-08
1.5334792981e-06 -1.6531376598e-08
2.0094238325e-07 -1.1777500585e-08
-1.2315514377e-06 -4.0259363081e-09
1.4182371839e-08 6.4813195458e-09
5.2690378930e-06 1.5326348837e-08
8.6287694890e-06 2.0920252369e-08
1.0093377160e-05 2.3263030141e-08
9.6628609058e-06 2.2354682154e-08
7.3372207265e-06 1.8195208407e-08
3.1164566222e-06 1.0784608900e-08
-2.9994314071e-06 1.2288363408e-10
-7.9105998161e-06 -3.1127408575e-09
-1.0815510000e-05 -4.5783561980e-09
2.0479161549e-06 8.7500527555e-09
6.6650523011e-06 1.5611083144e-08
9.3813707103e-06 1.9578182047e-08
1.0196871382e-05 2.0651349464e-08
9.1115543168e-06 1.8830585394e-08
6.1254195143e-06 1.4115889838e-08
1.2384669745e-06 6.5072627958e-09
-5.0187529030e-06 -1.3865841809e-09
-9.1619766933e-06 -1.8689194467e-09
-1.1454527701e-05 -2.0321323812e-09
-1.1896405925e-05 -1.8762229843e-09
-1.0487611366e-05 -1.4011912562e-09
-7.2281440234e-06 -6.0703719675e-10
-2.1180038980e-06 5.0623919399e-10
4.8428090105e-06 1.9386379160e-09
5.8640578963e-06 -5.5699980141e-09
-8.8827907334e-07 4.3168245818e-10
-6.6810255168e-06 -3.1249007873e-09
-1.0201935079e-05 -2.2230801622e-09
-1.1865403825e-05 -1.3661669300e-09
-1.1671431755e-05 -5.5416109042e-10
-9.6200188684e-06 2.1293735638e-10
-5.7111651656e-06 9.3512841045e-10
5.5129353601e-08 1.6124120718e-09
6.4354980309e-06 7.2328469918e-10
5.5528991457e-06 -8.3245948785e-09
4.5748655857e-06 -1.4435175042e-08
3.5013973505e-06 -1.7608455792e-08
2.3324944403e-06 -1.7844437129e-08
1.0681568552e-06 -1.5143119051e-08
-2.9161540502e-07 -9.5045015600e-09
-1.7468223402e-06 -9.2858465494e-10
-3.9726664203e-06 2.1352857925e-09
2.4362912509e-06 1.4321876742e-09
6.1233705221e-06 -5.2416247322e-09
5.2137378913e-06 -1.5355535352e-08
4.2090362494e-06 -2.1833954216e-08
3.1092655966e-06 -2.4676881326e-08
1.9144259327e-06 -2.3884316682e-08
6.2451725777e-07 -1.9456260282e-08
-7.6046042816e-07 -1.1392712128e-08
-1.9903037570e-06 1.8420254437e-10
3.8840791370e-06 8.1878412442e-09
7.8528117654e-06 1.3535385135e-08
9.9158941286e-06 1.6226834217e-08
1.0073326226e-05 1.6262188491e-08
8.3251080585e-06 1.3641447955e-08
4.6712396253e-06 8.3646126112e-09
1.4795693247e-06 -1.9248306266e-08
1.5051228932e-07 -1.3778672661e-08
-1.2703620484e-06 -4.9210249985e-09
2.3808291381e-07 5.6729555219e-09
5.4803965404e-06 1.2673258893e-08
8.8104977300e-06 1.6934183386e-08
1.0228386483e-05 1.8455729002e-08
9.7340627987e-06 1.7237895742e-08
7.3275266777e-06 1.3280683604e-08
3.0087781198e-06 6.5840925886e-09
-3.2221828750e-06 -2.8518773037e-09
-8.1018568284e-06 -1.6360765376e-09
-1.0998098473e-05 8.9776317953e-11
-1.2033300255e-05 1.3298389787e-09
-1.1207462173e-05 2.0841114447e-09
-8.5205842283e-06 2.3525937160e-09
1.0896638033e-05 1.6080569636e-08
9.6420401416e-06 1.4396518966e-08
6.3799643074e-06 1.0371344805e-08
1.1104105300e-06 4.0050471518e-09
-5.4332154223e-06 -1.5577306897e-09
-9.5293400301e-06 3.0155595387e-10
-1.1757212014e-05 1.7158507846e-09
-1.2116831375e-05 2.6851538025e-09
-1.0608198112e-05 3.2094650077e-09
-7.2313122254e-06 3.2887843999e-09
-1.9861737153e-06 2.9231119794e-09
5.1272174183e-06 2.1124477461e-09
5.8776244417e-06 -7.2467001059e-09
4.9158366161e-06 -1.5329122733e-08
3.8622314881e-06 -2.0023531302e-08
2.7168090576e-06 -2.1329925813e-08
-1.1703435575e-05 1.8984596738e-09
-1.1412762950e-05 2.6258776518e-09
-9.3130708883e-06 2.9662892968e-09
-5.4043593906e-06 2.9196946087e-09
3.1337154342e-07 2.4860935876e-09
6.3074467242e-06 1.9966068327e-10
5.2403333424e-06 -8.1269426732e-09
4.1483326733e-06 -1.3732404324e-08
3.0314447166e-06 -1.6616724270e-08
1.8896694726e-06 -1.6779902511e-08
7.2300694115e-07 -1.4221939046e-08
-4.6854287768e-07 -8.9428338765e-09
-1.6849799839e-06 -9.4258700144e-10
2.6155640464e-06 7.0859806928e-09
7.3833999851e-06 1.2425300499e-08
1.0143757980e-05 1.5423496813e-08
4.9046972412e-06 -8.6426594242e-09
3.8221676863e-06 -1.2274644664e-08
2.7046676899e-06 -1.3723481189e-08
1.5521972521e-06 -1.2989169000e-08
3.6475637285e-07 -1.0071708097e-08
-8.5765494772e-07 -4.9710984798e-09
-1.6196212172e-06 2.2683898178e-09
4.3608208931e-06 8.6812569734e-09
8.3710019329e-06 1.2912804479e-08
1.0410921902e-05 1.4963032335e-08
1.0480580801e-05 1.4831940540e-08
8.5799786284e-06 1.2519529096e-08
4.7091153857e-06 8.0257980012e-09
-1.1320089276e-06 1.3507472567e-09
-6.8577225167e-06 -7.1739528126e-10
-1.0185088764e-05 7.8403536281e-10
6.8069206874e-07 2.2139856006e-09
5.9907788207e-06 5.8857339520e-09
9.3266615667e-06 8.0557209133e-09
1.0688340307e-05 8.7239464845e-09
1.0075815041e-05 7.8904106655e-09
7.4890857694e-06 5.5551134565e-09
2.9281524918e-06 1.7180548574e-09
-3.6069847916e-06 -3.6207651319e-09
-8.2301524474e-06 -2.4386976715e-09
-1.0943458065e-05 -1.1770473238e-09
-1.1844289661e-05 -1.8427386119e-10
-1.0932647234e-05 5.3962271632e-10
-8.2085307845e-06 9.9464240871e-10
-3.6719403124e-06 1.1807852160e-09
2.6771241822e-06 1.0980511382e-09
5.9522563547e-06 -2.8275254704e-09
9.1553825193e-07 -8.1190948089e-10
-5.4279557104e-06 -3.2511807296e-09
-9.3532766747e-06 4.4998085280e-11
-1.1461842933e-05 2.4653735538e-09
-1.1753654486e-05 4.0099456758e-09
-1.0228711333e-05 4.6787144515e-09
-6.8870134750e-06 4.4716798808e-09
-1.7285609108e-06 3.3888419636e-09
5.2466463591e-06 1.4302007001e-09
5.5784016772e-06 -5.1989826955e-09
4.5280736885e-06 -1.0522754343e-08
3.4416356882e-06 -1.3645777148e-08
2.3190876767e-06 -1.4568051111e-08
1.1604296538e-06 -1.3289576233e-08
-3.4338380368e-08 -9.8103525128e-09
-1.2652164259e-06 -4.1303799507e-09
-4.3931197684e-06 1.9486810155e-08
6.4766324653e-07 1.3644551125e-08
5.6488472271e-06 4.0979654663e-09
4.8630019181e-06 -6.2575248575e-09
3.9896776666e-06 -1.3465758623e-08
3.0288744725e-06 -1.7526735830e-08
1.9805923359e-06 -1.8440456479e-08
8.4483125680e-07 -1.6206920570e-08
-3.7840876485e-07 -1.0826128102e-08
-1.6891277291e-06 -2.2980790761e-09
2.6844436961e-06 3.2102742869e-09
7.2958141452e-06 5.8611776916e-09
9.9447093851e-06 7.1835741498e-09
1.0631129416e-05 7.1774636617e-09
9.3550742370e-06 5.8428462272e-09
6.1165438491e-06 3.1797218463e-09
-3.1704466769e-06 1.4434491062e-09
-5.2605373542e-06 -6.3300318019e-09
-6.1016253182e-06 -1.5144373298e-08
-3.9690804259e-06 -1.9656009106e-08
-2.5355624298e-06 -2.1542945079e-08
-1.8010713297e-06 -2.0805181217e-08
-1.7656071257e-06 -1.7442717519e-08
-2.4291698178e-06 -1.1455553987e-08
-3.7917594060e-06 -2.8436906189e-09
-5.8533758902e-06 8.3928725839e-09
-4.2824281643e-06 1.5154639896e-08
-2.6114978097e-06 1.8809784274e-08
-1.4144795225e-06 2.0018175918e-08
-6.9137330252e-07 1.8779814829e-08
-4.4217914981e-07 1.5094701006e-08
-6.6689706441e-07 8.9628344490e-09
-1.3359877038e-05 3.5023896803e-08
-9.6258398770e-06 2.4592362264e-08
-3.2965480039e-06 9.8961778769e-09
6.2829545430e-07 9.2265475957e-10
