2.9636009661e+02
2.9636009661e+02
2.9635637418e+02
2.9635265174e+02
2.9634552125e+02
2.9633831895e+02
2.9633190398e+02
2.9632509602e+02
2.9631728275e+02
2.9630726497e+02
2.9629697824e+02
2.9628856971e+02
2.9627871145e+02
2.9626702097e+02
2.9625572946e+02
2.9624135669e+02
2.9622491711e+02
2.9621145974e+02
2.9619512183e+02
2.9617417214e+02
2.9615375654e+02
2.9613300455e+02
2.9611137650e+02
2.9608845869e+02
2.9606306742e+02
2.9603612082e+02
2.9600725469e+02
2.9597678096e+02
2.9594516830e+02
2.9591109659e+02
2.9587441290e+02
2.9583561288e+02
2.9579576873e+02
2.9575442104e+02
2.9571212927e+02
2.9566953668e+02
2.9562103381e+02
2.9557384241e+02
2.9552971175e+02
2.9547486016e+02
2.9541436161e+02
2.9535822427e+02
2.9530076168e+02
2.9524078128e+02
2.9518329243e+02
2.9512734830e+02
2.9504965955e+02
2.9500417595e+02
2.9495625270e+02
2.9487610727e+02
2.9477746610e+02
2.9472227933e+02
2.9465717906e+02
2.9457952475e+02
2.9449709422e+02
2.9442248227e+02
2.9434746259e+02
2.9427478835e+02
2.9420564175e+02
2.9412928848e+02
2.9405441535e+02
2.9398020894e+02
2.9390731951e+02
2.9383368750e+02
2.9376148603e+02
2.9369016925e+02
2.9361902624e+02
2.9355066776e+02
2.9348198058e+02
2.9341633508e+02
2.9335151244e+02
2.9328709255e+02
2.9322841904e+02
2.9316934697e+02
2.9311352479e+02
2.9305973770e+02
2.9300837620e+02
2.9296092447e+02
2.9291420989e+02
2.9287328498e+02
2.9283462600e+02
2.9279966178e+02
2.9276706401e+02
2.9273669973e+02
2.9271295875e+02
2.9268883546e+02
2.9267204818e+02
2.9265701052e+02
2.9264575438e+02
2.9263825125e+02
2.9263402583e+02
2.9263148476e+02
2.9263230531e+02
2.9263655160e+02
2.9264293295e+02
2.9265078911e+02
2.9266289173e+02
2.9267522157e+02
2.9268822910e+02
2.9270347879e+02
2.9271987980e+02
