9.5845306310e-04 -1.1747750339e-06
1.7101287606e-04 9.2251059188e-06
1.4482053055e-03 6.2299498443e-06
1.0612030184e-03 1.9478157252e-05
1.5010571333e-03 2.7408222033e-05
1.4823573223e-03 6.8324427560e-06
1.0922438876e-03 3.6017049432e-05
1.4652542083e-03 -2.8653633179e-05
2.1112514054e-04 1.6523971002e-05
1.0074091629e-03 -3.7740275574e-05
9.3645484528e-04 5.9204020044e-06
1.2541270941e-04 3.1166894325e-06
1.4430219032e-03 2.0760921320e-05
1.0184125162e-03 -1.0004092952e-06
1.5052150812e-03 5.3917553752e-05
1.4652381934e-03 -1.7827691028e-05
1.1151080262e-03 6.3650341338e-05
1.4667827773e-03 -3.5227525351e-05
2.5294952577e-04 2.6310013966e-05
1.0172191429e-03 -3.0847575894e-05
8.9467548794e-04 2.6571629497e-05
1.1977403096e-04 -1.6837451775e-06
1.4211304531e-03 4.6849870830e-05
9.9890755335e-04 -1.6906247355e-05
1.5075008199e-03 7.4001810761e-05
1.4614655472e-03 -3.6830781720e-05
1.1325991328e-03 7.7673135623e-05
1.4692232531e-03 -5.8201838620e-05
2.9237010652e-04 3.5759325421e-05
1.0406552588e-03 -5.5020376605e-05
8.7952500982e-04 3.7378334178e-05
1.6993629332e-04 -1.0193783160e-05
1.4211389000e-03 6.1990101005e-05
9.6639440534e-04 -1.4038718956e-05
1.5017824315e-03 8.8815419770e-05
1.4399388225e-03 -4.6348604886e-05
1.1389551064e-03 8.7122088094e-05
1.4735977978e-03 -8.3188979289e-05
3.3168574577e-04 4.1915800766e-05
1.0719884776e-03 -7.5101757825e-05
8.4920285697e-04 4.1761607307e-05
2.1413472593e-04 -1.9184941133e-05
1.4057459746e-03 7.4828885055e-05
9.2300874650e-04 -4.8719019725e-05
1.5063736532e-03 1.1626056157e-04
1.4159409936e-03 -8.0365375069e-05
1.1707045350e-03 1.2351214002e-04
1.4682251280e-03 -9.7937192919e-05
3.7230544776e-04 6.0321029722e-05
1.0807589888e-03 -8.4113013552e-05
7.9494086819e-04 6.0022809871e-05
2.5510498372e-04 -2.6459303916e-05
1.3691436752e-03 1.0007619369e-04
8.9381480462e-04 -5.4786835279e-05
1.5043128719e-03 1.3489576449e-04
1.3985299522e-03 -9.3807579496e-05
1.1910851357e-03 1.2697190395e-04
1.4654263607e-03 -1.2060816260e-04
4.1057542856e-04 6.5317982998e-05
1.1038170537e-03 -1.0824652473e-04
7.6076294853e-04 7.7193666467e-05
2.9718436335e-04 -3.8276634630e-05
1.3517674393e-03 1.2447567721e-04
8.5353305388e-04 -6.2291097872e-05
1.4969334532e-03 1.5381745994e-04
1.3721064596e-03 -1.0762948844e-04
1.2003185306e-03 1.4535390705e-04
1.4546140582e-03 -1.4273452419e-04
4.4366737334e-04 7.7470937392e-05
1.1113370843e-03 -1.3413709683e-04
7.2152189765e-04 8.3925597679e-05
3.3754868803e-04 -5.2462947587e-05
1.3280037433e-03 1.3877312641e-04
8.2190301597e-04 -5.4971374602e-05
1.4873002720e-03 1.7457019771e-04
1.3488141746e-03 -1.0823284649e-04
1.2048415080e-03 1.6473156248e-04
1.4444312521e-03 -1.6054097052e-04
4.7191136280e-04 8.9511059844e-05
1.1206902513e-03 -1.4356935968e-04
6.8852797315e-04 9.2126946411e-05
3.7114013365e-04 -6.0341277546e-05
1.3130774510e-03 1.5597286735e-04
7.8533787821e-04 -8.2190944431e-05
1.4760241466e-03 1.9589139644e-04
1.3252737021e-03 -1.4060205443e-04
1.2060228148e-03 1.8748163116e-04
1.4326327679e-03 -1.7665202206e-04
4.9814087068e-04 1.0453397461e-04
1.1309777992e-03 -1.6138143153e-04
6.4381097830e-04 1.0040765388e-04
4.0707679651e-04 -7.3928935359e-05
1.2827897247e-03 1.7398461599e-04
7.4350163667e-04 -9.2235393419e-05
1.4638531545e-03 2.1731709428e-04
1.2934113738e-03 -1.5688302352e-04
1.2153980196e-03 2.0542185097e-04
1.4182890851e-03 -1.9391147572e-04
5.2877144472e-04 1.1744134482e-04
1.1371124962e-03 -1.7711500441e-04
5.9531781144e-04 1.1034345209e-04
4.3972695155e-04 -8.5809851399e-05
1.2449938859e-03 1.9339567376e-04
7.0335894726e-04 -9.9901084559e-05
1.4430125503e-03 2.3395452512e-04
1.2625647515e-03 -1.7139066302e-04
1.2118794877e-03 2.3201042039e-04
1.4015660264e-03 -2.1064926382e-04
1.1396686272e-03 -1.9537464256e-04
5.5236270221e-04 1.3782151103e-04
4.6845447444e-04 -9.9279429559e-05
5.5257702145e-04 1.1430150978e-04
6.6159955608e-04 -1.0417892379e-04
1.2144819828e-03 2.0523966569e-04
1.2301007063e-03 -1.8283372779e-04
1.4261603138e-03 2.5279688408e-04
1.3854295046e-03 -2.2746901770e-04
1.2171446410e-03 2.3637969346e-04
1.1463268144e-03 -2.1162376069e-04
5.7956620649e-04 1.4177449610e-04
4.9802412183e-04 -1.1263652676e-04
5.0309483533e-04 1.1336386639e-04
6.1711518436e-04 -1.1599490737e-04
1.1733232558e-03 2.1121711943e-04
1.1931216739e-03 -2.0230470885e-04
1.4040395451e-03 2.6770691555e-04
1.3638707725e-03 -2.3951846893e-04
1.2220681802e-03 2.6578149651e-04
1.1418637196e-03 -2.2112731159e-04
6.0818821948e-04 1.6613470195e-04
5.2366105898e-04 -1.2236332415e-04
4.5284988099e-04 1.1842488191e-04
5.7836245648e-04 -1.1759288536e-04
1.1295990257e-03 2.2673992747e-04
1.1598812290e-03 -2.0985056927e-04
1.3822669675e-03 2.8672979004e-04
1.3426188806e-03 -2.5144872342e-04
1.2100636638e-03 2.7958506795e-04
1.1347003066e-03 -2.3625913956e-04
6.2124888185e-04 1.7704817863e-04
5.4434628316e-04 -1.3561585672e-04
4.0912169202e-04 1.1997796884e-04
5.4178164060e-04 -1.1474198959e-04
1.0963318944e-03 2.3732089549e-04
1.1300333222e-03 -2.1154258806e-04
1.3542353449e-03 2.9854903507e-04
1.3177532739e-03 -2.6536799468e-04
1.2082797910e-03 2.9429158208e-04
1.1256384525e-03 -2.4895469730e-04
6.4610807905e-04 1.9011349816e-04
5.6204162835e-04 -1.4687356376e-04
3.7024185130e-04 1.1698747446e-04
5.0375859068e-04 -1.1375936599e-04
1.0704404601e-03 2.4380410735e-04
1.0993755282e-03 -2.1621426525e-04
1.3332483815e-03 3.1101379790e-04
1.2922417820e-03 -2.7750790798e-04
1.1892031236e-03 3.0574597391e-04
1.1243519714e-03 -2.6825980509e-04
6.5046641119e-04 2.0090411949e-04
5.8531205763e-04 -1.6353061840e-04
3.2395345666e-04 1.0816998664e-04
4.5907002526e-04 -1.1964614701e-04
1.0569176462e-03 -2.3313266069e-04
1.0371116401e-03 2.3472578298e-04
1.2695652899e-03 -2.9045510474e-04
1.3068036368e-03 3.2111151619e-04
1.1191544796e-03 -2.8248884777e-04
1.1825718271e-03 3.2509891550e-04
6.0370118495e-04 -1.7743068622e-04
6.6742194915e-04 2.1860387151e-04
4.1676891619e-04 -1.1787044374e-04
2.6942807186e-04 1.1439749815e-04
1.0173882499e-03 -2.3623067790e-04
9.7722891484e-04 2.6035246282e-04
1.2426482596e-03 -3.0049501675e-04
1.2706768615e-03 3.3723169327e-04
1.1103946886e-03 -2.9706867632e-04
1.1638988575e-03 3.3659898539e-04
6.1906110649e-04 -1.9198604633e-04
6.7528823930e-04 2.3024762894e-04
3.7514393124e-04 -1.1863972421e-04
2.2633049999e-04 1.0786164079e-04
9.7793516607e-04 -2.4533142678e-04
9.3777824611e-04 2.5948607497e-04
1.2135331639e-03 -3.1051283118e-04
1.2401888821e-03 3.4596869503e-04
1.0982145568e-03 -3.0469175227e-04
1.1611193751e-03 3.5802929839e-04
6.3209371362e-04 -2.0070258989e-04
6.9606613722e-04 2.5360948395e-04
3.3623190116e-04 -1.1642828141e-04
1.7337347446e-04 1.0562036719e-04
9.4055476883e-04 -2.4972444151e-04
8.8030847590e-04 2.7061472770e-04
1.1858579387e-03 -3.1867457256e-04
1.1994695256e-03 3.5949680561e-04
1.0859823468e-03 -3.1569346785e-04
1.1418765810e-03 3.6632528557e-04
6.4307009667e-04 -2.1297509179e-04
7.0196447253e-04 2.6097022774e-04
2.9699235880e-04 -1.1370048108e-04
1.2955519473e-04 1.0007699489e-04
9.0236993872e-04 -2.5316566907e-04
1.1552864642e-03 -3.2445103763e-04
8.3846717023e-04 2.7289598380e-04
1.0648575742e-03 -3.2658973041e-04
1.1653061920e-03 3.6740221670e-04
6.4667500889e-04 -2.2643395485e-04
1.1232465766e-03 3.7665391837e-04
2.6222080317e-04 -1.0516192383e-04
7.0691658025e-04 2.7167358983e-04
8.7131714742e-04 -2.4075108402e-04
8.4820862198e-05 9.1516418152e-05
1.1269132725e-03 -3.2483233414e-04
8.0091855458e-04 2.7713467740e-04
1.0489638147e-03 -3.3177142393e-04
1.1333686272e-03 3.7660978089e-04
6.5240755084e-04 -2.3244782594e-04
1.0936391824e-03 3.8649494128e-04
2.2382777039e-04 -1.0047109968e-04
6.9820502936e-04 2.8257685759e-04
8.3734124491e-04 -2.4314244335e-04
4.2069461546e-05 8.2536238116e-05
1.0974886582e-03 -3.3030043906e-04
7.5914554151e-04 2.7489263616e-04
1.0347329782e-03 -3.4405014576e-04
1.0968741845e-03 3.8105961526e-04
6.6152074538e-04 -2.4819924653e-04
1.0716934635e-03 3.9650469781e-04
1.8582214304e-04 -9.9895387398e-05
7.0005813781e-04 2.9533175520e-04
7.8959566600e-04 -2.5911231654e-04
-3.9876615116e-07 7.4399507633e-05
1.0623134226e-03 -3.4122492398e-04
7.1426344623e-04 2.7824915221e-04
1.0120167414e-03 -3.4356325767e-04
6.5854969797e-04 -2.4954223107e-04
1.0577526911e-03 3.8697063856e-04
1.5034184229e-04 -9.2791236128e-05
1.0435756057e-03 4.0014397797e-04
7.5741367599e-04 -2.4291649124e-04
6.9384600509e-04 3.0119904225e-04
1.0327177598e-03 -3.3627331354e-04
1.2620519760e-05 8.0166440655e-05
9.9716734939e-04 -3.5877815955e-04
6.6845500069e-04 2.7358300170e-04
6.6597924833e-04 -2.6946416212e-04
1.0183181064e-03 3.8777688737e-04
1.1418295969e-04 -8.6820065148e-05
1.0176698665e-03 4.0311141849e-04
7.1443632317e-04 -2.5387264877e-04
6.8849797473e-04 3.0577034725e-04
9.9708042801e-04 -3.4662850785e-04
4.0921021479e-05 9.0962407608e-05
9.7893393469e-04 -3.6257821013e-04
6.3241988371e-04 2.6447464749e-04
6.6944860467e-04 -2.7552377358e-04
9.8367289400e-04 3.8612097756e-04
8.0042482910e-05 -8.1490540730e-05
9.9517109316e-04 4.1223378543e-04
6.7371605649e-04 -2.5600130415e-04
6.9095129314e-04 3.1853758754e-04
9.6208921416e-04 -3.5118869222e-04
6.4326011013e-05 9.9479899514e-05
9.5626111453e-04 -3.6637004114e-04
6.6635723594e-04 -2.8160977962e-04
5.7990183417e-04 2.6255079538e-04
9.1146810009e-05 -8.8153744385e-05
9.3808607621e-04 3.9055284182e-04
6.3809349860e-04 -2.5332498455e-04
9.6912177480e-04 4.2161913970e-04
9.3010325440e-04 -3.5239947720e-04
6.8746735063e-04 3.3457999913e-04
9.3287436079e-04 -3.7163536004e-04
8.7743356837e-05 1.1331911623e-04
6.6105341821e-04 -2.9137094762e-04
5.2710308095e-04 2.5842515710e-04
1.1552387862e-04 -1.0048006167e-04
8.9060383940e-04 3.9140447323e-04
6.0064667536e-04 -2.5017022048e-04
9.4030384387e-04 4.2764603853e-04
8.9487277782e-04 -3.5253402239e-04
6.7783793535e-04 3.4740373124e-04
9.0974323221e-04 -3.7435877486e-04
1.0833560434e-04 1.2754951689e-04
6.5790674025e-04 -2.9755381452e-04
4.8436572136e-04 2.5372407008e-04
1.3704337928e-04 -1.1166870044e-04
8.4808404707e-04 3.8967477666e-04
5.6337234273e-04 -2.4832374880e-04
9.0692905895e-04 4.2368964256e-04
8.5994026961e-04 -3.5366254560e-04
8.8560477752e-04 -3.7657532832e-04
6.6317114952e-04 3.4192165067e-04
6.5344654329e-04 -3.0358406200e-04
1.2695193466e-04 1.3329481383e-04
1.5858612845e-04 -1.2286653728e-04
4.5213204134e-04 2.4567229599e-04
5.2479473194e-04 -2.4571923958e-04
8.1544821457e-04 3.8681853977e-04
8.2328024146e-04 -3.5247104062e-04
8.7355972071e-04 4.2437885549e-04
8.5532473723e-04 -3.7189479482e-04
6.4596470558e-04 3.4730132776e-04
6.3379310769e-04 -3.0012611385e-04
1.4091435578e-04 1.4264019443e-04
1.7194420404e-04 -1.3162874026e-04
4.1375659694e-04 2.3667250132e-04
4.9885829240e-04 -2.2067161274e-04
7.7698913203e-04 3.8262154531e-04
7.9718101674e-04 -3.3233240552e-04
8.4166376735e-04 4.2447367889e-04
8.3237913871e-04 -3.8010452952e-04
6.3460951681e-04 3.5255874737e-04
6.3120093268e-04 -3.2089965650e-04
1.5699364312e-04 1.5336099068e-04
1.8959996040e-04 -1.4620997293e-04
4.6048398202e-04 -2.3290305212e-04
3.6901739003e-04 2.2942823795e-04
7.5901944946e-04 -3.4718534069e-04
7.3009056662e-04 3.7829219136e-04
8.0395985719e-04 -3.7936358017e-04
8.0808927556e-04 4.2056704865e-04
6.1769908666e-04 -3.1839338054e-04
6.1918476507e-04 3.5280924063e-04
2.0160315241e-04 -1.5384151802e-04
1.6897330485e-04 1.6012705271e-04
4.2296262553e-04 -2.2947384685e-04
3.2533628300e-04 2.1573610057e-04
7.2143489539e-04 -3.4629012315e-04
6.8437107600e-04 3.6889722637e-04
7.7857030309e-04 -3.7969405382e-04
7.7555305034e-04 4.2078933099e-04
6.1228737268e-04 -3.2365097752e-04
6.0353026428e-04 3.6675630910e-04
2.1516057765e-04 -1.6301963687e-04
1.7944779398e-04 1.7581798158e-04
3.8275358401e-04 -2.2305209651e-04
2.8378545800e-04 2.0616580746e-04
6.7906027198e-04 -3.4207692374e-04
7.4460095312e-04 -3.7607961029e-04
6.3807939009e-04 3.6096928671e-04
5.8674397311e-04 -3.2321131823e-04
7.4106936713e-04 4.1487601730e-04
2.1946976867e-04 -1.7136396668e-04
5.8614752286e-04 3.5797991746e-04
3.6021575560e-04 -2.1146397613e-04
1.8860950923e-04 1.7743039990e-04
6.5541308609e-04 -3.3105214177e-04
2.5077812090e-04 1.9533431127e-04
7.1545102619e-04 -3.7486120560e-04
5.9996583437e-04 3.5280398763e-04
5.7458018624e-04 -3.2690112017e-04
7.0312785275e-04 4.0756832603e-04
2.2831308210e-04 -1.8042194277e-04
5.6803008174e-04 3.5434490703e-04
3.2473346361e-04 -2.0909981949e-04
1.9644432658e-04 1.8217974893e-04
6.1610270956e-04 -3.3076017868e-04
2.1931765851e-04 1.8475894163e-04
6.8451845785e-04 -3.7199336986e-04
5.5940689848e-04 -3.2928189911e-04
5.6401949091e-04 3.4493698952e-04
2.3313375857e-04 -1.8917989689e-04
6.6580307345e-04 4.0186958367e-04
2.8739872189e-04 -2.0336382980e-04
5.3885005029e-04 3.5803024494e-04
5.7476907895e-04 -3.2629882345e-04
1.9490236791e-04 1.9174362286e-04
6.5256167498e-04 -3.6946890330e-04
1.8779155515e-04 1.7275069767e-04
5.4146412996e-04 -3.3353049479e-04
5.2800261798e-04 3.3427661081e-04
2.3531060699e-04 -1.9841826498e-04
6.2894066084e-04 3.9692389152e-04
2.5427575259e-04 -1.9783475706e-04
5.1764339059e-04 3.5766726824e-04
5.3728114056e-04 -3.2208490647e-04
1.9713898593e-04 1.9893325561e-04
6.1779406267e-04 -3.6498025268e-04
5.2075091365e-04 -3.3240538239e-04
1.5154147130e-04 1.6511148446e-04
2.3640230740e-04 -2.0494483241e-04
4.8292277832e-04 3.2773433389e-04
2.2231365283e-04 -1.9208212776e-04
5.9076398956e-04 3.8683184589e-04
4.9874115935e-04 -3.1619864071e-04
4.9226286208e-04 3.4894117745e-04
5.8425725319e-04 -3.5954608748e-04
1.9619263686e-04 2.0069416208e-04
4.9399883661e-04 -3.2944286277e-04
1.1824659933e-04 1.5373734639e-04
2.3023448574e-04 -2.0997611503e-04
4.3863174059e-04 3.1509212992e-04
1.9104310469e-04 -1.8403971251e-04
5.5025255558e-04 3.7637750796e-04
4.6177943869e-04 -3.0677430509e-04
4.6532444002e-04 3.4627404753e-04
5.4799134004e-04 -3.5415394669e-04
4.7059292731e-04 -3.2975493911e-04
1.9298545328e-04 2.0692253466e-04
2.2601363491e-04 -2.1561257649e-04
8.6650739848e-05 1.4252070065e-04
1.5901770020e-04 -1.7633749695e-04
3.9533060524e-04 3.0161063081e-04
4.2210487296e-04 -2.9953466986e-04
5.0887831582e-04 3.6615783701e-04
5.1064137829e-04 -3.4699275891e-04
4.3926738921e-04 3.4341131596e-04
4.4736040558e-04 -3.2700647149e-04
1.8942766206e-04 2.1260965267e-04
2.2292964813e-04 -2.1947379722e-04
5.7043083842e-05 1.3261105200e-04
1.2644790452e-04 -1.6611916715e-04
3.5341224181e-04 2.8942179358e-04
3.7521374886e-04 -2.8694940717e-04
4.6561083080e-04 3.5411667462e-04
4.7135020497e-04 -3.3964738158e-04
4.1401921784e-04 -3.2616324401e-04
4.0697179618e-04 3.3544155573e-04
2.0581870663e-04 -2.2564043471e-04
1.7994279434e-04 2.1416809665e-04
9.5740743664e-05 -1.6228973114e-04
2.8104632156e-05 1.2291704225e-04
3.4196035242e-04 -2.8302143155e-04
3.1002536354e-04 2.7648490051e-04
4.3138792112e-04 -3.3178217874e-04
4.1949966647e-04 3.4036460195e-04
3.7982067847e-04 -3.1743228523e-04
3.6886739870e-04 3.2527977351e-04
1.9130847793e-04 -2.2591005637e-04
1.6523430372e-04 2.1415276195e-04
6.7695754752e-05 -1.5861879546e-04
9.0590729685e-07 1.1425199806e-04
3.0193461299e-04 -2.7665710508e-04
3.8591558127e-04 -3.2223066235e-04
2.6462707973e-04 2.6335554168e-04
3.4277458148e-04 -3.1067795295e-04
3.7012855630e-04 3.2406146000e-04
1.7437925542e-04 -2.2791520718e-04
3.2961659208e-04 3.0590703857e-04
3.7303490904e-05 -1.5280341272e-04
1.4816151052e-04 2.0501385515e-04
2.5465513524e-04 -2.6512346547e-04
-2.3689737290e-05 1.0679691782e-04
3.3652324602e-04 -3.1232646863e-04
2.2525583947e-04 2.5512879435e-04
3.0103283909e-04 -3.0324827324e-04
3.1713756509e-04 3.1113377594e-04
1.5007839816e-04 -2.2784968831e-04
2.8228158973e-04 3.0111018671e-04
4.8906548410e-06 -1.4863986447e-04
2.0893480508e-04 -2.5591531049e-04
1.2387281630e-04 2.1262530402e-04
2.8550922441e-04 -2.9981206399e-04
-5.6206995976e-05 1.0204422316e-04
2.6022242312e-04 -2.9709014375e-04
1.6520161909e-04 2.3864099647e-04
1.2793337331e-04 -2.3020370703e-04
2.5164290716e-04 2.9414658715e-04
-2.9362231238e-05 -1.4182484061e-04
2.1982171404e-04 2.8984386461e-04
1.4700467548e-04 -2.4343365294e-04
8.1404912304e-05 2.1468882178e-04
2.1955078719e-04 -2.9014628618e-04
-9.0711303037e-05 1.0502633210e-04
2.0088410145e-04 -2.9155836252e-04
8.3141117005e-05 -2.3503053267e-04
1.0604410076e-04 2.2521955774e-04
-7.1460613237e-05 -1.5167682406e-04
1.7690163369e-04 2.7206111704e-04
1.0677623067e-04 -2.4687819605e-04
1.5226553668e-04 2.6764584778e-04
1.5965807352e-04 -2.8121717426e-04
3.9141809571e-05 2.0435393850e-04
1.3059707301e-04 -2.7931719590e-04
-1.2837789018e-04 1.0031194943e-04
3.0128283709e-05 -2.3449691939e-04
2.8583913715e-05 2.0296324154e-04
-1.1921880712e-04 -1.5679399714e-04
7.5931451071e-05 2.3846388090e-04
2.7678992409e-05 -2.4502924872e-04
5.4196106193e-05 -2.6838153749e-04
5.5938664358e-05 2.3083625656e-04
3.3104430636e-05 -2.6748883089e-04
-3.1550698223e-05 1.9175157806e-04
-3.3804892817e-05 -2.5541883082e-04
-1.8112305631e-04 1.3468353393e-04
-1.6838759587e-04 -2.3180955540e-04
3.1650351519e-05 2.8330786642e-04
-1.3686844000e-05 -4.0357657676e-04
1.0603172544e-06 2.1922926224e-04
-5.9924947141e-05 -2.8677685319e-04
-4.1800459105e-04 -6.0167258508e-05
-6.1629291085e-04 7.2523530117e-05
-6.0358289430e-04 -2.0813153747e-04
-8.6216192789e-04 2.3487323503e-04
-2.4925780733e-04 9.8917424763e-05
-2.1376452585e-04 -1.0037664755e-04
