-1.1139009112e-05 -2.5987020214e-05
2.4086394745e-01 9.0814540937e-04
4.7617944776e-01 3.5495703765e-03
7.0590123345e-01 7.9037400049e-03
9.2998256197e-01 1.3853924317e-02
1.1484493720e+00 2.1367506864e-02
1.3612373109e+00 3.0374127427e-02
1.5683213037e+00 4.0776079367e-02
1.7696681079e+00 5.2569009136e-02
1.9652312001e+00 6.5630759003e-02
2.1550269087e+00 7.9932172148e-02
2.3390121720e+00 9.5401283712e-02
2.5171565895e+00 1.1195509126e-01
2.6894330594e+00 1.2958058282e-01
2.8558072095e+00 1.4816044585e-01
3.0162879818e+00 1.6766808685e-01
3.1708406847e+00 1.8803539729e-01
3.3194558747e+00 2.0917784413e-01
3.4621033175e+00 2.3107744660e-01
3.5987537167e+00 2.5363058890e-01
3.7294321628e+00 2.7680757884e-01
3.8541169081e+00 3.0051822181e-01
3.9727820314e+00 3.2472979425e-01
4.0854209138e+00 3.4936008050e-01
4.1920337968e+00 3.7435449239e-01
4.2926284613e+00 3.9966107011e-01
4.3871991828e+00 4.2519853298e-01
4.4757426166e+00 4.5094119349e-01
4.5582557707e+00 4.7677812650e-01
4.6347560189e+00 5.0269036646e-01
4.7052962533e+00 5.2860353565e-01
4.7698314153e+00 5.5444688267e-01
4.8283943765e+00 5.8018852886e-01
4.8810002972e+00 6.0572093821e-01
4.9276671063e+00 6.3103038199e-01
4.9684620903e+00 6.5603332522e-01
5.0033805270e+00 6.8066626294e-01
5.0324304940e+00 7.0488815904e-01
5.0556775851e+00 7.2860279414e-01
5.0731824201e+00 7.5180645951e-01
5.0849825597e+00 7.7439786644e-01
5.0910844625e+00 7.9632321313e-01
5.0915556048e+00 8.1754125575e-01
5.0864724528e+00 8.3796530037e-01
5.0758650938e+00 8.5758605610e-01
5.0598605313e+00 8.7630299774e-01
5.0384429509e+00 8.9407660334e-01
5.0117106752e+00 9.1085066800e-01
4.9797677175e+00 9.2656448083e-01
4.9426571939e+00 9.4119623009e-01
4.9005112983e+00 9.5464490994e-01
4.8533437771e+00 9.6689640834e-01
4.8013226780e+00 9.7788274391e-01
4.7445303244e+00 9.8756758932e-01
4.6830140978e+00 9.9591624337e-01
4.6169698553e+00 1.0028386843e+00
4.5464155020e+00 1.0083313454e+00
4.4715393540e+00 1.0123476868e+00
4.3924873540e+00 1.0148460429e+00
4.3092783767e+00 1.0157990564e+00
4.2221513344e+00 1.0151369350e+00
4.1311614914e+00 1.0128579847e+00
4.0364992850e+00 1.0089320634e+00
3.9383310038e+00 1.0033421561e+00
3.8367549928e+00 9.9605389792e-01
3.7319844403e+00 9.8703336305e-01
3.6241019003e+00 9.7628388082e-01
3.5133989419e+00 9.6380573675e-01
3.3999236184e+00 9.4958637641e-01
3.2839720614e+00 9.3360143292e-01
3.1656223745e+00 9.1586260452e-01
3.0451474829e+00 8.9639566410e-01
2.9227434012e+00 8.7522519650e-01
2.7985632142e+00 8.5233763771e-01
2.6729005796e+00 8.2776537791e-01
2.5458506320e+00 8.0153299248e-01
2.4178121900e+00 7.7373475626e-01
2.2888723952e+00 7.4438231646e-01
2.1594214750e+00 7.1353212259e-01
2.0295528391e+00 6.8121185120e-01
1.8996867322e+00 6.4756935944e-01
1.7700465224e+00 6.1268544183e-01
1.6409020201e+00 5.7664007565e-01
1.5126400262e+00 5.3950963677e-01
1.3854874016e+00 5.0143897472e-01
1.2599658190e+00 4.6265959705e-01
1.1362028942e+00 4.2322044067e-01
1.0148945243e+00 3.8337010943e-01
8.9623417808e-01 3.4318027671e-01
7.8098816143e-01 3.0312975999e-01
6.6934451925e-01 2.6334689341e-01
5.6224618216e-01 2.2416300485e-01
4.6030099078e-01 1.8578209013e-01
3.6430412569e-01 1.4886698095e-01
2.7514114802e-01 1.1401650315e-01
1.9405052538e-01 8.1420063317e-02
1.2319549464e-01 5.1874447553e-02
6.3540866307e-02 2.6398759645e-02
2.2062958945e-02 8.9022314140e-03
-1.4434421284e-04 -4.3422982940e-05
