-3.8289067458e-06 -9.5916897534e-06
2.7753178493e-01 7.2041096658e-04
5.4928671104e-01 2.8373675040e-03
8.1521390297e-01 6.2987115358e-03
1.0752944706e+00 1.1068959476e-02
1.3294733961e+00 1.7089207012e-02
1.5777225030e+00 2.4308493042e-02
1.8199925820e+00 3.2686433585e-02
2.0562676080e+00 4.2164574909e-02
2.2864804948e+00 5.2708400363e-02
2.5106166146e+00 6.4257759436e-02
2.7286285009e+00 7.6779455835e-02
2.9404874942e+00 9.0211267821e-02
3.1461414003e+00 1.0451953743e-01
3.3455643648e+00 1.1965097958e-01
3.5387197589e+00 1.3556198670e-01
3.7255772749e+00 1.5220737944e-01
3.9060915180e+00 1.6953630920e-01
4.0802364071e+00 1.8750142763e-01
4.2479887790e+00 2.0606699146e-01
4.4093060206e+00 2.2517144892e-01
4.5641737815e+00 2.4478286524e-01
4.7125435050e+00 2.6484112046e-01
4.8544261817e+00 2.8530970587e-01
4.9897574197e+00 3.0613513457e-01
5.1185397447e+00 3.2727192138e-01
5.2407546455e+00 3.4867952002e-01
5.3563842333e+00 3.7030086974e-01
5.4654199203e+00 3.9209889649e-01
5.5678405074e+00 4.1401604699e-01
5.6636403333e+00 4.3601224659e-01
5.7528006660e+00 4.5803691283e-01
5.8353333756e+00 4.8004563664e-01
5.9112267665e+00 5.0199044032e-01
5.9805008884e+00 5.2382001062e-01
6.0431301415e+00 5.4549055244e-01
6.0991551227e+00 5.6695157665e-01
6.1485631926e+00 5.8815586855e-01
6.1913737438e+00 6.0906159072e-01
6.2276123382e+00 6.2961018406e-01
6.2573104679e+00 6.4977048999e-01
6.2804698302e+00 6.6947754091e-01
6.2971253946e+00 6.8869795235e-01
6.3073147178e+00 7.0737731327e-01
6.3110678522e+00 7.2547117017e-01
6.3084193534e+00 7.4293314974e-01
6.2994426702e+00 7.5971273971e-01
6.2841578608e+00 7.7576715695e-01
6.2626050291e+00 7.9105082905e-01
6.2348887135e+00 8.0551627474e-01
6.2010314593e+00 8.1912707034e-01
6.1611008391e+00 8.3182191435e-01
6.1151730035e+00 8.4357312239e-01
6.0633065946e+00 8.5432507235e-01
6.0056121412e+00 8.6404020412e-01
5.9421454916e+00 8.7267679492e-01
5.8729814848e+00 8.8019726988e-01
5.7982568206e+00 8.8655325808e-01
5.7180150658e+00 8.9170879883e-01
5.6323955257e+00 8.9562724538e-01
5.5414985201e+00 8.9827220423e-01
5.4454120078e+00 8.9960568691e-01
5.3442754615e+00 8.9959578457e-01
5.2382340944e+00 8.9821526311e-01
5.1273566593e+00 8.9542081637e-01
5.0118035243e+00 8.9118684550e-01
4.8917279081e+00 8.8549016007e-01
4.7672521153e+00 8.7830560557e-01
4.6385464391e+00 8.6960708928e-01
4.5057476237e+00 8.5938178993e-01
4.3690205041e+00 8.4759797662e-01
4.2285392724e+00 8.3426175188e-01
4.0844974220e+00 8.1934812159e-01
3.9370564529e+00 8.0286459734e-01
3.7864190861e+00 7.8478884160e-01
3.6328053305e+00 7.6514554438e-01
3.4764008339e+00 7.4391658726e-01
3.3174292182e+00 7.2112422227e-01
3.1561342787e+00 6.9678216340e-01
2.9927654456e+00 6.7092522063e-01
2.8275639076e+00 6.4356528737e-01
2.6608156096e+00 6.1475217855e-01
2.4928398025e+00 5.8451470740e-01
2.3239089564e+00 5.5294373842e-01
2.1543821908e+00 5.2006083639e-01
1.9846420502e+00 4.8598554711e-01
1.8150783353e+00 4.5076855813e-01
1.6461032850e+00 4.1454369011e-01
1.4782519896e+00 3.7743023273e-01
1.3120647349e+00 3.3961470765e-01
1.1481616132e+00 3.0119624319e-01
9.8726735406e-01 2.6246599098e-01
8.3022973275e-01 2.2364773021e-01
6.7807920868e-01 1.8507151541e-01
5.3216016321e-01 1.4707846496e-01
3.9410748371e-01 1.1040015262e-01
2.6628778449e-01 7.5495383716e-02
1.5178016736e-01 4.3594836816e-02
5.7043078773e-02 1.5917701380e-02
-1.2146462370e-04 -3.7468591739e-05
