1.0815773019e-03 4.0827252624e-06
1.0535505756e-03 -1.2406385416e-06
7.6898414994e-04 6.6788519784e-06
6.8519813241e-04 -2.7812271551e-06
1.0250444740e-04 3.3895347557e-06
7.2870686115e-05 1.9523047767e-06
6.6010281903e-04 4.5894527206e-06
7.4323232527e-04 -9.4523907147e-07
1.0477225490e-03 9.6611186059e-06
1.0704410252e-03 -6.5717496764e-06
1.0920393693e-03 1.5056868355e-05
1.0589975662e-03 -1.1463383048e-05
7.9014344381e-04 1.4843340158e-05
7.0368480325e-04 -9.6098780137e-06
1.3549649437e-04 5.5292783064e-06
3.4378001137e-05 1.1645513559e-06
6.4030911097e-04 1.1134264333e-05
7.2045465973e-04 -8.7091734898e-06
1.0422656825e-03 2.0120947511e-05
1.0598549307e-03 -1.7392782707e-05
1.0978883067e-03 2.6283424403e-05
1.0601327078e-03 -2.2314573953e-05
8.0991512337e-04 2.3511109365e-05
7.2129396609e-04 -1.7614288277e-05
1.6917631994e-04 8.4149088867e-06
3.6471699768e-05 1.5923482034e-07
6.1942119550e-04 1.7847788285e-05
6.9425397252e-04 -1.5099901869e-05
1.0356892893e-03 3.1199539938e-05
1.0460097862e-03 -2.7455816073e-05
1.1021121571e-03 4.0489325684e-05
1.0611888458e-03 -3.3038359213e-05
8.2819378268e-04 3.8444100838e-05
7.3673313386e-04 -2.5592955007e-05
2.0377638778e-04 1.4151053206e-05
6.7578570957e-05 -2.0317272864e-06
5.9473688307e-04 2.3500472899e-05
6.7242627773e-04 -2.2064131694e-05
1.0243795035e-03 4.1320829732e-05
1.0348435666e-03 -3.7979374929e-05
1.1078520336e-03 5.1771799595e-05
1.0610529914e-03 -4.5790135322e-05
8.4991832148e-04 4.6860445889e-05
7.5577829289e-04 -3.7641457425e-05
2.3504960199e-04 1.7724633141e-05
1.0426870054e-04 -5.9228727694e-06
5.6759557800e-04 3.0034622004e-05
6.4161906445e-04 -2.7544037502e-05
1.0117775823e-03 5.2443853736e-05
1.0150447872e-03 -4.7328351162e-05
1.1076236800e-03 6.0723763046e-05
1.0577183242e-03 -5.5990987405e-05
8.6183467213e-04 5.1326231423e-05
7.6773331718e-04 -4.5506481028e-05
2.6633613704e-04 2.0120290997e-05
1.3630058878e-04 -9.1972598285e-06
5.4411510813e-04 3.3566212088e-05
6.1638937580e-04 -3.2990067528e-05
1.0019649232e-03 6.1057443195e-05
1.0002306236e-03 -5.6634642494e-05
1.1115351966e-03 7.2618492316e-05
1.0533484622e-03 -6.4817382343e-05
8.7974128507e-04 6.3105394090e-05
7.7634182869e-04 -5.1610756580e-05
2.9597268832e-04 2.6256418071e-05
1.6390200973e-04 -1.2426875962e-05
5.1475978166e-04 3.8344204751e-05
5.9212197199e-04 -3.7616376243e-05
9.8671933633e-04 7.1099170215e-05
9.8690740634e-04 -6.5167514967e-05
1.1113497018e-03 8.3904910184e-05
1.0481742189e-03 -7.4507012244e-05
8.9535406967e-04 7.3078748559e-05
7.8744960309e-04 -6.0514707808e-05
3.2516428367e-04 3.1652110142e-05
1.9885144384e-04 -1.6885566954e-05
4.8617324030e-04 4.0835204905e-05
5.7596813039e-04 -4.0807247566e-05
9.7201952692e-04 7.9099373491e-05
9.7309279885e-04 -7.2180870519e-05
1.1102013302e-03 9.5265609127e-05
1.0345316047e-03 -8.3431858020e-05
7.9882532314e-04 -6.9306233277e-05
9.0753986640e-04 8.3329297913e-05
2.2807555260e-04 -2.1860939439e-05
3.5280194670e-04 3.7653016365e-05
5.3418246419e-04 -4.3956394687e-05
4.5640070853e-04 4.4209338130e-05
9.4496658517e-04 -7.9970095960e-05
9.5497177963e-04 8.8567117998e-05
1.0344442490e-03 -9.2834016176e-05
1.1072396975e-03 1.0673766900e-04
8.0660466175e-04 -7.6612656816e-05
9.1990287686e-04 9.4244197710e-05
2.5341528540e-04 -2.6346514093e-05
3.8051892080e-04 4.4614692649e-05
5.0634483011e-04 -4.6818301469e-05
4.2824853232e-04 4.6821681052e-05
9.2684206384e-04 -8.7366171503e-05
9.3941157183e-04 9.7306133145e-05
1.0268498311e-03 -1.0187598243e-04
1.1004738859e-03 1.1832022264e-04
8.1163522369e-04 -8.4773361513e-05
9.2872823695e-04 1.0985313753e-04
2.7785877065e-04 -3.1586973657e-05
4.0767216610e-04 5.5420673557e-05
4.7543968796e-04 -4.9535900809e-05
3.9685321564e-04 4.8636336128e-05
9.0426238368e-04 -9.4713552221e-05
9.1747336910e-04 1.0492057246e-04
1.0177711186e-03 -1.1065809971e-04
1.0955405037e-03 1.3037314372e-04
8.1765330823e-04 -9.3644236335e-05
9.3889264407e-04 1.2092000183e-04
3.0253152104e-04 -3.7748935255e-05
4.3248942228e-04 6.2988697130e-05
4.4730941062e-04 -5.1092168941e-05
3.6508432407e-04 5.0408336245e-05
8.8357527068e-04 -1.0086275462e-04
8.9721119635e-04 1.1350144693e-04
1.0064303171e-03 -1.2017134719e-04
1.0845072681e-03 1.3986915583e-04
8.2334060939e-04 -1.0677335666e-04
9.4068768322e-04 1.2625679923e-04
3.2656832466e-04 -4.6669725554e-05
4.5432682064e-04 6.7049566946e-05
4.1647146726e-04 -5.2190265645e-05
3.3480166857e-04 4.9703350091e-05
8.5964614266e-04 -1.0649688394e-04
8.7711399808e-04 1.1898859601e-04
9.9568185784e-04 -1.2821235150e-04
1.0788864415e-03 1.4993117215e-04
8.2264004324e-04 -1.1296038397e-04
9.4811656592e-04 1.3798769756e-04
3.4581367890e-04 -5.1652371019e-05
4.7598868600e-04 7.5942990118e-05
3.8828335229e-04 -5.3242160888e-05
8.3686401707e-04 -1.1218087330e-04
3.0120533580e-04 4.9371873626e-05
9.7864548215e-04 -1.3434715960e-04
8.5534229276e-04 1.2563631238e-04
8.2405989892e-04 -1.1833857979e-04
1.0687850669e-03 1.6004208520e-04
3.6751216192e-04 -5.6303024951e-05
9.5172607851e-04 1.4847469936e-04
3.5980700960e-04 -5.2190925787e-05
4.9686523654e-04 8.4152901511e-05
8.1404091877e-04 -1.1565839142e-04
2.6918145987e-04 4.8367278210e-05
9.6597630691e-04 -1.4129056412e-04
8.3242369543e-04 1.3173169890e-04
8.2697384149e-04 -1.2590006143e-04
1.0554756811e-03 1.6945622414e-04
3.8765408135e-04 -6.2760617707e-05
9.5379516552e-04 1.5853508790e-04
3.2921302159e-04 -5.1697364063e-05
5.1743393540e-04 9.2572690361e-05
7.8903207684e-04 -1.2004445175e-04
2.3571206701e-04 4.6654606752e-05
9.5266867155e-04 -1.4803490607e-04
8.0581623425e-04 1.3715496966e-04
8.2540427106e-04 -1.3175077636e-04
1.0435232690e-03 1.7949942863e-04
4.0491295796e-04 -6.8162677220e-05
9.5852623235e-04 1.7417645337e-04
3.0060764827e-04 -5.0592080778e-05
5.3859053590e-04 1.0645396324e-04
7.6432905778e-04 -1.2348957102e-04
2.0189543243e-04 4.4458570733e-05
9.3651837335e-04 -1.5412458220e-04
7.7974841955e-04 1.4161110409e-04
8.2448591113e-04 -1.4037950930e-04
1.0278064210e-03 1.8843790397e-04
4.2186805250e-04 -7.5860152051e-05
9.5663732067e-04 1.8369505852e-04
2.7171718174e-04 -4.8927598424e-05
7.4109377194e-04 -1.2672315982e-04
5.5449700769e-04 1.1467701388e-04
9.2191923806e-04 -1.6047552454e-04
1.6853209696e-04 4.1421063653e-05
8.2137582162e-04 -1.4729944477e-04
7.5458085418e-04 1.4659769085e-04
4.3613617714e-04 -8.2254859065e-05
1.0112033184e-03 1.9614081088e-04
2.4229989190e-04 -4.6868903947e-05
9.4631092347e-04 1.8836746500e-04
7.1601717479e-04 -1.2969485274e-04
5.6345523659e-04 1.1885042890e-04
9.0682857266e-04 -1.6657073298e-04
1.4014074337e-04 3.6501986462e-05
8.1607589644e-04 -1.5676790790e-04
7.3361973778e-04 1.4645068692e-04
4.4830388005e-04 -9.1431743416e-05
9.9640113675e-04 2.0199117861e-04
2.1280572789e-04 -4.4493763480e-05
9.4606204971e-04 1.9818074915e-04
6.8653601000e-04 -1.3128637922e-04
5.7941569593e-04 1.2790634236e-04
8.8484939551e-04 -1.7086775393e-04
1.0307751496e-04 3.2004764946e-05
8.1177412419e-04 -1.6129069537e-04
7.0184557909e-04 1.5210211218e-04
4.6263922301e-04 -9.6485350614e-05
9.7801992436e-04 2.1081014452e-04
1.8516630739e-04 -4.1390375880e-05
9.4028171048e-04 2.0705249307e-04
6.6357073030e-04 -1.3284113836e-04
5.8969443161e-04 1.3663007367e-04
8.6977490350e-04 -1.7541604830e-04
8.0399313196e-04 -1.6665779666e-04
6.9270842431e-05 2.6736710832e-05
4.7103555030e-04 -1.0233453023e-04
6.7662616043e-04 1.5408220955e-04
1.5881665236e-04 -3.7603949212e-05
9.5974852092e-04 2.1753660922e-04
6.3952795406e-04 -1.3226783940e-04
9.3207290282e-04 2.1704696397e-04
8.4941554961e-04 -1.7847300041e-04
6.0050257835e-04 1.4730994977e-04
7.9809398595e-04 -1.7415508696e-04
3.9759422644e-05 2.1686617663e-05
4.8234988340e-04 -1.1062001949e-04
6.4598155375e-04 1.5493887134e-04
1.2896540984e-04 -3.3694554796e-05
9.3856114496e-04 2.2343846792e-04
6.1273811924e-04 -1.3361352943e-04
9.2657175441e-04 2.2598671055e-04
8.3130763846e-04 -1.8262100283e-04
6.1141435416e-04 1.5640659837e-04
7.9058782287e-04 -1.7831166290e-04
5.7429871556e-06 1.4564350815e-05
4.9041622322e-04 -1.1523057516e-04
6.1578070383e-04 1.5571637533e-04
1.0168123543e-04 -2.9311818946e-05
9.1596618913e-04 2.2891897902e-04
5.8603615048e-04 -1.3477883576e-04
8.1284903960e-04 -1.8643725871e-04
9.1627876793e-04 2.3360947365e-04
7.8020032074e-04 -1.8252471458e-04
6.1864132801e-04 1.6480513052e-04
4.9459193269e-04 -1.2036862216e-04
1.8212436007e-05 1.8472311169e-05
7.6430912174e-05 -2.4719997844e-05
5.8565123573e-04 1.5534409752e-04
5.6235541188e-04 -1.3352203468e-04
8.9443961874e-04 2.3413931914e-04
7.9137861481e-04 -1.8803596244e-04
9.0641517594e-04 2.4624468561e-04
7.6962874619e-04 -1.8918310767e-04
6.2526758117e-04 1.8112224099e-04
5.0146879410e-04 -1.2969970343e-04
4.6422529786e-05 2.7984789549e-05
4.9415455837e-05 -1.9999933965e-05
5.5216454106e-04 1.5372734910e-04
5.3400316009e-04 -1.3288744061e-04
8.6795388704e-04 2.3736333319e-04
7.6837917727e-04 -1.9051273902e-04
8.9439184770e-04 2.5127102419e-04
7.5882728673e-04 -1.9247431080e-04
5.0716225706e-04 -1.3384738078e-04
6.3054518625e-04 1.8605960575e-04
2.4014396073e-05 -1.4841349697e-05
7.3999927559e-05 3.5146115217e-05
5.0999968452e-04 -1.3177193300e-04
5.2411349661e-04 1.5315630404e-04
7.4873782558e-04 -1.9226752441e-04
8.4348990692e-04 2.4054039830e-04
7.4799618990e-04 -1.9611202514e-04
8.7798854463e-04 2.5322760130e-04
5.1123271424e-04 -1.3914397100e-04
6.3196745410e-04 1.8851869643e-04
3.5680895733e-05 -1.8658479457e-05
9.9926705038e-05 4.2168212422e-05
4.8231362067e-04 -1.2976910391e-04
4.9436468490e-04 1.5053287956e-04
7.2528272505e-04 -1.9338203597e-04
8.1946534637e-04 2.4290661976e-04
7.3467680055e-04 -2.0280008250e-04
8.6450076541e-04 2.5906189928e-04
5.1366849667e-04 -1.4984898177e-04
6.3197411998e-04 1.9593472276e-04
5.8834661801e-05 -2.6489393919e-05
4.5294379649e-04 -1.2737241437e-04
1.2059220817e-04 4.9915295154e-05
7.0134219313e-04 -1.9372619855e-04
4.6726659025e-04 1.4821627859e-04
7.2313906071e-04 -2.0206536000e-04
7.9658752862e-04 2.4532281406e-04
5.1442212433e-04 -1.4815396738e-04
8.4586343326e-04 2.6444093805e-04
7.7287623844e-05 -3.1053077887e-05
6.2954629457e-04 2.0438189011e-04
4.3299863682e-04 -1.2577588862e-04
1.4494578854e-04 5.9412111833e-05
6.8368078373e-04 -1.9486954672e-04
4.3655740823e-04 1.4500823689e-04
7.0766308862e-04 -2.0485406224e-04
7.6785684960e-04 2.4603887254e-04
5.1337699202e-04 -1.5412932295e-04
8.2999342487e-04 2.6892900258e-04
9.8819038640e-05 -3.8867419826e-05
6.3151102158e-04 2.1313713764e-04
4.0721835964e-04 -1.2252512299e-04
6.5950587462e-04 -1.9401134305e-04
1.6473420800e-04 6.7906471839e-05
6.9428617785e-04 -2.0722205872e-04
4.0663473565e-04 1.4075064949e-04
5.1622802057e-04 -1.5913741589e-04
7.4148223462e-04 2.4673177872e-04
1.1782282821e-04 -4.5505766211e-05
8.1010545931e-04 2.7205873739e-04
3.8177704142e-04 -1.1946701673e-04
6.2656243499e-04 2.1706596284e-04
6.3633594238e-04 -1.9372132341e-04
1.8243842898e-04 7.5141591794e-05
6.7804658955e-04 -2.1026475145e-04
3.7694982447e-04 1.3592828898e-04
5.1288612938e-04 -1.6623160546e-04
7.1445134214e-04 2.4621467916e-04
1.3378252482e-04 -5.3123808044e-05
7.9103764707e-04 2.7498463946e-04
3.5445999179e-04 -1.1551783949e-04
6.1080774031e-04 -1.9205351092e-04
6.2064666092e-04 2.2249424085e-04
6.6125555228e-04 -2.0987560310e-04
1.9866240215e-04 8.2866037025e-05
5.0825461162e-04 -1.6636354550e-04
3.4684306760e-04 1.3040507234e-04
1.4920254264e-04 -5.8365891109e-05
6.8524512347e-04 2.4475001827e-04
3.3349368594e-04 -1.1266273631e-04
7.6950953537e-04 2.7726211678e-04
5.9018394446e-04 -1.9124743995e-04
6.1535877668e-04 2.3043109009e-04
6.4367910964e-04 -2.1024301645e-04
2.1267048446e-04 9.1966014229e-05
5.0336414447e-04 -1.6942491902e-04
3.1547059460e-04 1.2472536399e-04
1.6221069331e-04 -6.4223797893e-05
6.5530986032e-04 2.4300339069e-04
3.0933362443e-04 -1.0846517992e-04
5.6748580905e-04 -1.8953284460e-04
7.4756574831e-04 2.7736622216e-04
6.2669677998e-04 -2.1101393702e-04
6.0460929772e-04 2.2934609045e-04
4.9559779987e-04 -1.7261375341e-04
2.2617783184e-04 9.6531013398e-05
1.7300485368e-04 -7.0249883244e-05
2.9089943599e-04 1.1847450975e-04
2.8509334787e-04 -1.0436643310e-04
6.2965148337e-04 2.4002880783e-04
5.4231655685e-04 -1.8685883487e-04
7.2543289544e-04 2.7763659888e-04
6.0674992443e-04 -2.0920625750e-04
5.9596286757e-04 2.3317595505e-04
4.9081145410e-04 -1.7307516999e-04
2.3671464673e-04 1.0316668227e-04
1.8409518704e-04 -7.4347729964e-05
2.6285704230e-04 -9.9859648666e-05
2.6027940253e-04 1.1132461760e-04
5.2137130144e-04 -1.8509099805e-04
5.9776326713e-04 2.3654332156e-04
5.8921529353e-04 -2.0943831936e-04
6.9915385490e-04 2.7690451347e-04
4.8243978403e-04 -1.7685480607e-04
5.8374982775e-04 2.3786925289e-04
1.9251121051e-04 -8.0840608731e-05
2.4597690979e-04 1.1134162737e-04
2.3874565705e-04 -9.5001842867e-05
2.3020112857e-04 1.0358298480e-04
4.9600084610e-04 -1.8162024466e-04
5.6438938380e-04 2.3109391911e-04
5.6891355898e-04 -2.0851375040e-04
6.7544124308e-04 2.7639858170e-04
4.7170686116e-04 -1.7868360774e-04
1.9980111543e-04 -8.6377323498e-05
5.7336265165e-04 2.4045284400e-04
2.1466135062e-04 -8.9844459839e-05
2.5445397417e-04 1.1769188212e-04
4.6805351510e-04 -1.7697859852e-04
2.0343203071e-04 9.6562919425e-05
5.4650791661e-04 -2.0613966301e-04
5.3496797642e-04 2.2679992566e-04
4.6125411708e-04 -1.7886965204e-04
6.4847707040e-04 2.7388861364e-04
2.0605698680e-04 -9.0487353215e-05
5.5835706636e-04 2.4065226801e-04
1.9343288524e-04 -8.5027162136e-05
2.6024717624e-04 1.2274062716e-04
4.4470362797e-04 -1.7354128100e-04
5.2532320723e-04 -2.0439945173e-04
1.7715342396e-04 8.8821591990e-05
4.4799838996e-04 -1.8198628795e-04
5.0345915104e-04 2.2075870284e-04
2.0960631877e-04 -9.6930018481e-05
6.2105202469e-04 2.7068069373e-04
1.7016265586e-04 -7.9639539719e-05
5.4057103741e-04 2.4083216729e-04
4.1581951644e-04 -1.6773954766e-04
2.6231328138e-04 1.2763518002e-04
5.0058600409e-04 -2.0045540734e-04
1.5079518266e-04 8.0570974450e-05
4.3692399661e-04 -1.7969772243e-04
4.7052537699e-04 2.1349707522e-04
2.1413209940e-04 -9.9344403994e-05
1.4938276269e-04 -7.4821296467e-05
5.8998355447e-04 2.6616371423e-04
3.9220860933e-04 -1.6387439700e-04
5.2092090641e-04 2.4428526159e-04
4.7977700292e-04 -1.9794857802e-04
2.6228061293e-04 1.3567541934e-04
4.1945209044e-04 -1.7829033201e-04
1.2299561983e-04 7.1832492409e-05
2.1150277311e-04 -1.0183561266e-04
4.3421190967e-04 2.0429995624e-04
1.2865268021e-04 -6.9774772406e-05
5.5621618561e-04 2.5885373550e-04
3.6745166314e-04 -1.5908866375e-04
4.9886338746e-04 2.3685176978e-04
4.5455196268e-04 -1.9417105341e-04
4.0246251974e-04 -1.8094294622e-04
2.6118690684e-04 1.3480089824e-04
2.1062907339e-04 -1.0853100591e-04
1.0018822728e-04 6.4051208527e-05
1.0722045513e-04 -6.4483901706e-05
4.0162674505e-04 1.9638910739e-04
3.3723286006e-04 -1.5175220194e-04
5.2351183316e-04 2.5161228292e-04
4.2742572291e-04 -1.8844485634e-04
4.7370527951e-04 2.3169636959e-04
3.8415169678e-04 -1.7488573535e-04
2.5526605530e-04 1.3575713143e-04
2.0755407205e-04 -1.0738755304e-04
7.6874218220e-05 5.6221270637e-05
8.7945688443e-05 -5.9704518712e-05
3.1029216702e-04 -1.4618013500e-04
3.6633438664e-04 1.8688726300e-04
3.9905527533e-04 -1.8221844729e-04
4.8520409752e-04 2.4206586737e-04
3.6253695889e-04 -1.6992229608e-04
4.4363585639e-04 2.2565230674e-04
2.0163428480e-04 -1.0734943610e-04
2.4581892364e-04 1.3663077057e-04
6.9682556710e-05 -5.4699193522e-05
5.4889836263e-05 4.8750588693e-05
2.8294676970e-04 -1.3927331516e-04
3.2995125896e-04 1.7569751924e-04
3.6939371777e-04 -1.7505321942e-04
3.4047157097e-04 -1.6549656876e-04
4.4249522526e-04 2.2954752560e-04
1.9500156424e-04 -1.0817937093e-04
4.0731142629e-04 2.1571999011e-04
5.0912238023e-05 -5.0459970377e-05
2.3066841924e-04 1.3449124110e-04
2.5083039000e-04 -1.3187475118e-04
3.2759141003e-05 4.1787372261e-05
3.3478596207e-04 -1.6678471970e-04
2.9029664353e-04 1.6414800429e-04
3.1189795598e-04 -1.5793733366e-04
3.9544390280e-04 2.1676143063e-04
1.8145035506e-04 -1.0564482738e-04
3.2479992347e-05 -4.6526555467e-05
3.6493782408e-04 2.1034499820e-04
2.2311304349e-04 -1.2622805197e-04
2.0882093530e-04 1.3857837304e-04
3.0025651477e-04 -1.5939611989e-04
8.5883611439e-06 3.7730865795e-05
2.7878006851e-04 -1.5267860573e-04
2.3838757933e-04 1.4916054059e-04
1.6297966706e-04 -1.0596213581e-04
3.3381893587e-04 1.9772232641e-04
1.2098950558e-05 -4.3401529908e-05
3.1227735229e-04 1.8992306026e-04
1.8515247400e-04 -1.1623684246e-04
2.5548746165e-04 -1.4765985377e-04
1.8151893621e-04 1.2669825408e-04
2.3954616162e-04 -1.4291030753e-04
-1.0926007289e-05 3.3198876979e-05
1.4013795767e-04 -1.0274159789e-04
1.7698606815e-04 1.3165542387e-04
-8.3559864388e-06 -4.3869069461e-05
2.5526758435e-04 1.6852257730e-04
1.4574223194e-04 -1.1440479640e-04
2.3453716202e-04 1.5240669298e-04
1.9884908028e-04 -1.3613637152e-04
1.2632269202e-04 1.0208799691e-04
1.7076479106e-04 -1.1527964158e-04
8.5054629483e-05 -8.1930370933e-05
-4.1451098769e-05 3.6616279899e-05
-3.6967184890e-05 -5.3452290712e-05
1.3983305013e-04 1.3727120316e-04
1.4339711700e-04 -1.2387551076e-04
1.6422120259e-04 1.3470319981e-04
1.4839163181e-04 -1.1243108392e-04
1.0173587782e-05 4.3000668900e-05
-5.3137448625e-05 -2.7064330944e-05
-9.7016066029e-05 -1.9232134062e-05
-1.6595748639e-04 2.7074270195e-05
-7.4266611400e-05 2.1039952518e-05
-6.6423254608e-05 -2.1659717047e-05
