3.9897718154e+01
3.9887523834e+01
3.9877329513e+01
3.9867135193e+01
3.9856940872e+01
3.9848530858e+01
3.9840346260e+01
3.9832161661e+01
3.9823982015e+01
3.9816764169e+01
3.9809416828e+01
3.9802069486e+01
3.9794952974e+01
3.9789377725e+01
3.9783802476e+01
3.9778320311e+01
3.9773812957e+01
3.9769849057e+01
3.9765277517e+01
3.9760551183e+01
3.9757648594e+01
3.9754974629e+01
3.9751932132e+01
3.9748929235e+01
3.9747681541e+01
3.9746262572e+01
3.9744588711e+01
3.9743037189e+01
3.9743361136e+01
3.9743685083e+01
3.9743709246e+01
3.9743616848e+01
3.9745128249e+01
3.9746450039e+01
3.9747737981e+01
3.9749216769e+01
3.9752462910e+01
3.9755709052e+01
3.9758955193e+01
3.9761900829e+01
3.9765781548e+01
3.9770345022e+01
3.9774908496e+01
3.9779471970e+01
3.9784035443e+01
3.9789817375e+01
3.9795685782e+01
3.9801554188e+01
3.9807422595e+01
3.9814749723e+01
3.9822143800e+01
3.9829537878e+01
3.9837084224e+01
3.9845092030e+01
3.9853099836e+01
3.9861107642e+01
3.9870164265e+01
3.9879786504e+01
3.9889408742e+01
3.9897956212e+01
3.9907508999e+01
3.9917555695e+01
3.9927602391e+01
3.9938578423e+01
3.9949884116e+01
3.9960257849e+01
3.9969945456e+01
3.9979965341e+01
3.9991244083e+01
4.0002857433e+01
4.0014473687e+01
4.0026100047e+01
4.0037726407e+01
4.0048941392e+01
4.0058424420e+01
4.0068782037e+01
4.0080227130e+01
4.0091672223e+01
4.0102049717e+01
4.0112360652e+01
4.0122445729e+01
4.0129714454e+01
4.0135923540e+01
4.0144436001e+01
4.0152948462e+01
4.0156923193e+01
4.0159072886e+01
4.0165239898e+01
4.0165771111e+01
4.0163941504e+01
4.0159963551e+01
4.0144481357e+01
4.0125590735e+01
4.0113181924e+01
4.0085703908e+01
4.0054089993e+01
4.0022476079e+01
3.9938435992e+01
3.9840766680e+01
3.9743097368e+01
