1.2675674548e-03 2.7302194356e-06
3.9819578816e-05 2.0108532808e-06
1.9203871082e-03 8.6439658031e-06
1.3150685840e-03 1.8351980309e-07
1.9452686065e-03 1.3355508768e-05
1.9356242810e-03 -1.0371092867e-05
1.3437588033e-03 1.3449177369e-05
1.9330964325e-03 -2.0625637627e-05
1.0375318252e-04 2.4591484766e-06
1.3099884382e-03 -1.8627063434e-05
1.2305693680e-03 1.6918424580e-05
3.9034324229e-05 4.9658975529e-07
1.9059053839e-03 3.3301832681e-05
1.2702143494e-03 -2.0561393486e-05
1.9537669756e-03 4.2822441312e-05
1.9147948161e-03 -3.9603888542e-05
1.3813986153e-03 3.6847897920e-05
1.9613396155e-03 -4.8227352165e-05
1.6876292101e-04 6.8370201727e-06
1.3768722061e-03 -3.7694098687e-05
1.1854448821e-03 3.5857383058e-05
9.0339978918e-05 -2.5038518104e-06
1.8836131453e-03 6.1961505277e-05
1.2232373376e-03 -3.9662956405e-05
1.9575295566e-03 7.0679572966e-05
1.9004992922e-03 -6.8352728515e-05
1.4134887382e-03 5.6348286437e-05
1.9468436821e-03 -7.7131491820e-05
2.2738780044e-04 1.1609013133e-05
1.3788170089e-03 -5.9415247118e-05
1.1358623317e-03 5.0835724026e-05
1.6996091638e-04 -7.7609170504e-06
1.8595293410e-03 8.7818699294e-05
1.1768844535e-03 -5.6311423910e-05
1.9581552671e-03 9.8535680782e-05
1.8744452726e-03 -9.5393762187e-05
1.4360865197e-03 7.7647702026e-05
1.9502400611e-03 -1.0465584600e-04
2.8499864826e-04 1.8328935426e-05
1.4036275642e-03 -7.9651735939e-05
1.0913745114e-03 6.4482217365e-05
2.2554444400e-04 -1.3771283067e-05
1.8345588642e-03 1.1300839268e-04
1.1334024329e-03 -7.0897356789e-05
1.9528036029e-03 1.2767541535e-04
1.8513935436e-03 -1.2107418273e-04
1.4616819303e-03 1.0219287717e-04
1.9438890154e-03 -1.3468449884e-04
3.4026963878e-04 2.7507057903e-05
1.4298208686e-03 -1.0645044741e-04
1.0353447662e-03 7.6817249360e-05
2.8907595100e-04 -2.3614374133e-05
1.8004215111e-03 1.3759059690e-04
1.0811503274e-03 -8.3294858462e-05
1.9456166848e-03 1.5806603915e-04
1.8152347664e-03 -1.4450004150e-04
1.4819810014e-03 1.3045821909e-04
1.9356652894e-03 -1.5914444416e-04
3.9718552036e-04 3.9714419857e-05
1.4495311670e-03 -1.2363738313e-04
9.8513176732e-04 8.9517790705e-05
3.4151123587e-04 -3.0391601170e-05
1.7655929224e-03 1.6237816562e-04
1.0348590611e-03 -9.0542279594e-05
1.9328182609e-03 1.8207753813e-04
1.7903209783e-03 -1.6402722998e-04
1.4995200462e-03 1.4630068159e-04
1.9279957477e-03 -1.8611277620e-04
4.4698009419e-04 4.7384001307e-05
1.4656089501e-03 -1.4731985063e-04
9.2990434642e-04 9.7156081794e-05
3.9189301359e-04 -4.1605211336e-05
1.7298632797e-03 1.8315860534e-04
9.8162654500e-04 -1.0201613697e-04
1.9172002823e-03 2.1024891223e-04
1.7551995846e-03 -1.8814009742e-04
1.5092466055e-03 1.7539150308e-04
1.9126217857e-03 -2.1493032352e-04
4.9679666329e-04 6.2991107494e-05
1.4825623849e-03 -1.7615921253e-04
8.7824013670e-04 1.0536128976e-04
4.4576912409e-04 -5.6503210832e-05
1.6900703150e-03 2.0387198962e-04
9.2058438272e-04 -1.1100818028e-04
1.8974792543e-03 2.3384008691e-04
1.7073481083e-03 -2.0947457075e-04
1.5231338180e-03 1.9249691894e-04
1.8950594624e-03 -2.3824257138e-04
5.4253775262e-04 7.2513133525e-05
1.4965225249e-03 -1.9369915543e-04
8.1879248900e-04 1.1037193197e-04
4.9572568094e-04 -6.6948607557e-05
1.6467653866e-03 2.2275263885e-04
8.6511516347e-04 -1.1620364247e-04
1.8737891904e-03 2.5811479528e-04
1.6656380433e-03 -2.2723290536e-04
1.5263536162e-03 2.1700269789e-04
1.8754749288e-03 -2.6168089389e-04
5.8541727581e-04 8.8315805928e-05
1.5074880050e-03 -2.1596303826e-04
7.6190535532e-04 1.1416694903e-04
5.4183194184e-04 -8.0577792157e-05
1.6012785565e-03 2.3981359581e-04
8.1198481970e-04 -1.2103970695e-04
1.8488772162e-03 2.8398498568e-04
1.6269159497e-03 -2.4535857215e-04
1.5300778610e-03 2.4720272159e-04
1.8526501962e-03 -2.8463011497e-04
6.2452638220e-04 1.0759600530e-04
1.5060713488e-03 -2.3700413391e-04
7.0088832307e-04 1.1704544958e-04
5.7854013254e-04 -9.4261440190e-05
1.5505736114e-03 2.5652185456e-04
7.5591106613e-04 -1.2362331982e-04
1.8220811740e-03 3.0518221098e-04
1.5845836762e-03 -2.6135616703e-04
1.5268208001e-03 2.6031331191e-04
1.8274682337e-03 -3.0673727166e-04
6.5929058405e-04 1.1672054359e-04
1.5085312874e-03 -2.5920197851e-04
6.4641433716e-04 1.1684909486e-04
6.1684841186e-04 -1.0974062007e-04
1.5064920266e-03 2.7054404864e-04
6.9754174018e-04 -1.2470818720e-04
1.7889912572e-03 3.2630313278e-04
1.5358472901e-03 -2.7564973431e-04
1.5226313450e-03 2.8347255710e-04
1.7931098592e-03 -3.2748615036e-04
6.9374723601e-04 1.3437467888e-04
1.5077963609e-03 -2.8708630732e-04
5.8610965445e-04 1.1536019857e-04
6.5682617632e-04 -1.3066612639e-04
1.4511803023e-03 2.8202594370e-04
6.3767623334e-04 -1.2403378435e-04
1.7537000477e-03 3.4584682135e-04
1.4784895053e-03 -2.8662133774e-04
1.5160919763e-03 3.0477402487e-04
1.7606502699e-03 -3.4647066662e-04
7.2347476381e-04 1.5098382822e-04
1.5020024088e-03 -2.9911542105e-04
5.2729090358e-04 1.1258308680e-04
6.8710944975e-04 -1.4010333619e-04
1.4000623389e-03 2.9327493763e-04
5.8487972274e-04 -1.2020603627e-04
1.7168432357e-03 3.6443543410e-04
1.4384057744e-03 -2.9662987687e-04
1.5002366801e-03 3.2596532976e-04
1.7296353004e-03 -3.6367252929e-04
7.4788676708e-04 1.6866438799e-04
1.4917118771e-03 -3.1886148962e-04
4.7195378583e-04 1.0725611990e-04
7.1568158267e-04 -1.5689068941e-04
1.3461913404e-03 2.9943958997e-04
5.2611310124e-04 -1.1712785132e-04
1.6750130088e-03 3.7929130148e-04
1.3798002830e-03 -3.0587814536e-04
1.4894951797e-03 3.4219596742e-04
1.6904667219e-03 -3.7975805728e-04
7.7253543087e-04 1.8217785253e-04
1.4840840873e-03 -3.3922356229e-04
4.1185910245e-04 1.0106233314e-04
7.4557817577e-04 -1.7489184628e-04
4.6969356297e-04 -1.1142696923e-04
1.2892585273e-03 3.0852294393e-04
1.3274301034e-03 -3.1224047588e-04
1.6357570750e-03 3.9506297738e-04
1.6549013553e-03 -3.9521763750e-04
1.4708062259e-03 3.5993702156e-04
1.4700213096e-03 -3.5784915275e-04
7.9187031676e-04 1.9894402941e-04
7.6741941707e-04 -1.9164747656e-04
3.5728040945e-04 9.3979990902e-05
4.1349663308e-04 -1.0507856246e-04
1.2330988319e-03 3.1360312350e-04
1.2723336888e-03 -3.1844838589e-04
1.5915772694e-03 4.0818996690e-04
1.6153444885e-03 -4.0858737535e-04
1.4508463576e-03 3.7701980858e-04
1.4545549944e-03 -3.7220904098e-04
8.0832447542e-04 2.1539425413e-04
7.8601030457e-04 -2.0519607064e-04
3.0239548985e-04 8.5135792928e-05
3.5900996103e-04 -9.6616947497e-05
1.1774082610e-03 3.1703290347e-04
1.2234681647e-03 -3.2326548945e-04
1.5437409784e-03 4.1885832477e-04
1.5745238642e-03 -4.2011890709e-04
1.4271230452e-03 3.9237398613e-04
1.4359337820e-03 -3.8821244076e-04
8.2302568646e-04 2.3192716212e-04
8.0407511325e-04 -2.2189028286e-04
2.4902148874e-04 7.5271287052e-05
3.0524619705e-04 -8.7251051393e-05
1.1185616484e-03 3.1821938860e-04
1.1664854870e-03 -3.2463856701e-04
1.4973817520e-03 4.2910660400e-04
1.5311617711e-03 -4.2988953429e-04
1.4027947267e-03 4.0945904792e-04
1.4148332676e-03 -4.0188120943e-04
8.3284979486e-04 2.4991161083e-04
8.1747130080e-04 -2.3657186974e-04
1.9599276224e-04 6.3921166773e-05
2.5440116632e-04 -7.6983559880e-05
1.0608537369e-03 3.1768235088e-04
1.1157446887e-03 -3.2608903342e-04
1.4488254161e-03 4.3690590957e-04
1.4882119893e-03 -4.3860745649e-04
1.3756531159e-03 4.2157826384e-04
1.3906883950e-03 -4.1505621694e-04
8.4002655488e-04 2.6393064271e-04
8.2804769640e-04 -2.5187403920e-04
1.4532683377e-04 5.1521284926e-05
2.0437444420e-04 -6.5791789463e-05
1.0047320880e-03 3.1623623746e-04
1.0607409997e-03 -3.2521058685e-04
1.3993795131e-03 4.4308692469e-04
1.4415175005e-03 -4.4512563616e-04
1.3440778488e-03 4.3270401780e-04
1.3673441640e-03 -4.2682846580e-04
8.4252540719e-04 2.7813279555e-04
8.3849222296e-04 -2.6623894350e-04
9.8181419176e-05 3.9077790823e-05
1.5393184767e-04 -5.3041355673e-05
9.5013306686e-04 3.1430953300e-04
1.0056979655e-03 -3.2273428161e-04
1.3484105729e-03 4.4758207720e-04
1.3956130697e-03 -4.5080884282e-04
1.3113377120e-03 4.3952842887e-04
1.3391068708e-03 -4.3942996296e-04
8.4310208311e-04 2.8780049782e-04
8.4358426858e-04 -2.8284276395e-04
5.2857641393e-05 2.4847145375e-05
1.0903427651e-04 -4.1080535244e-05
8.9596809511e-04 3.0979063062e-04
9.4929741039e-04 -3.1870399202e-04
1.2971418785e-03 4.4962917431e-04
1.3446393975e-03 -4.5319321668e-04
1.2765677915e-03 4.4650185882e-04
1.3098812416e-03 -4.4449770623e-04
8.4092787191e-04 2.9923797383e-04
8.4619674869e-04 -2.9102398422e-04
7.8727965303e-06 9.8080745696e-06
6.2458942192e-05 -2.5975635755e-05
8.3798944939e-04 3.0258272494e-04
9.0215214868e-04 -3.1385841570e-04
1.2455461442e-03 4.5031802003e-04
1.3011492981e-03 -4.5538309812e-04
1.2442026073e-03 4.5356319403e-04
1.2801245252e-03 -4.5273222190e-04
8.3801830840e-04 3.1053723456e-04
8.4646628312e-04 -3.0375689556e-04
1.7484176306e-05 -1.1335104592e-05
2.6795160162e-05 1.6853128089e-05
8.4549801651e-04 -3.0729868953e-04
7.8456596167e-04 2.9553512152e-04
1.2523229994e-03 -4.5655137050e-04
1.1942197075e-03 4.4990887226e-04
1.2494491635e-03 -4.5947700932e-04
1.2059414173e-03 4.5769650179e-04
8.4413804589e-04 -3.1501386677e-04
8.2850338623e-04 3.1931525554e-04
3.7455501226e-05 -1.9272369962e-05
6.4877238969e-05 3.1622284397e-05
7.9583972836e-04 -3.0069969671e-04
7.3530636372e-04 2.8835308634e-04
1.2046238114e-03 -4.5609091976e-04
1.1434362099e-03 4.4813447595e-04
1.2167447347e-03 -4.6436479996e-04
1.1687566588e-03 4.6215507083e-04
8.4129560253e-04 -3.2552108797e-04
8.2257847594e-04 3.3129548191e-04
7.5625944504e-05 -3.4638311276e-05
9.8871771339e-05 4.6496534547e-05
7.4502504759e-04 -2.9213602227e-04
6.8016266752e-04 2.7707639068e-04
1.1560160410e-03 -4.5386942585e-04
1.0899165726e-03 4.4354167069e-04
1.1814396621e-03 -4.6777903351e-04
1.1309511752e-03 4.6485352993e-04
8.3222504099e-04 -3.3425366451e-04
8.1247913760e-04 3.3993553694e-04
1.0896071534e-04 -4.9342602042e-05
1.2927970128e-04 6.0900958582e-05
6.9589620256e-04 -2.8301071191e-04
6.2896156675e-04 2.6629712579e-04
1.1075552880e-03 -4.5041025679e-04
1.0377374043e-03 4.3827635036e-04
1.1457438228e-03 -4.6956601306e-04
1.0908310056e-03 4.6509874675e-04
8.2380167578e-04 -3.4219438440e-04
7.9770011017e-04 3.4605603117e-04
1.4062045017e-04 -6.3961223580e-05
1.5650779468e-04 7.4464395584e-05
6.4583995211e-04 -2.7201244422e-04
5.8079873989e-04 2.5552937101e-04
1.0578919836e-03 -4.4503783759e-04
9.8594711126e-04 4.3179906846e-04
1.1105814946e-03 -4.7076130221e-04
1.0483527356e-03 4.6164949079e-04
8.1401003232e-04 -3.4965218799e-04
7.8083083612e-04 3.4810675766e-04
1.6781350244e-04 -7.7581072736e-05
1.8216388162e-04 8.6984933265e-05
5.9909987475e-04 -2.6141342536e-04
5.3620838755e-04 2.4416232719e-04
1.0097401493e-03 -4.3910146666e-04
9.3711790452e-04 4.2437811630e-04
1.0727599411e-03 -4.6865166195e-04
1.0078967431e-03 4.5828537034e-04
8.0258911411e-04 -3.5422613817e-04
7.6383937157e-04 3.5103077416e-04
1.9464493434e-04 -9.1143841816e-05
2.0228774824e-04 9.8459039763e-05
5.5178821692e-04 -2.4882766922e-04
4.8860861602e-04 2.3047332400e-04
9.6011224076e-04 -4.3108166128e-04
8.8598271296e-04 4.1499240683e-04
1.0346260590e-03 -4.6738195645e-04
7.8665934875e-04 -3.6035865061e-04
9.6672080549e-04 4.5500989083e-04
2.1513141161e-04 -1.0451114683e-04
7.4538846942e-04 3.5564536610e-04
5.0678709754e-04 -2.3638048656e-04
2.2059563393e-04 1.1127285617e-04
9.1089449344e-04 -4.2181364638e-04
4.4535489229e-04 2.1773990869e-04
9.9350340753e-04 -4.6218503792e-04
8.3654446208e-04 4.0494661031e-04
7.6996117260e-04 -3.6168571710e-04
9.2430353268e-04 4.4915031101e-04
2.3497455602e-04 -1.1574924316e-04
7.2416665607e-04 3.5550472974e-04
4.6367171510e-04 -2.2317431064e-04
2.3549315991e-04 1.2093796964e-04
8.6359691130e-04 -4.1224969984e-04
4.0319646605e-04 2.0343701827e-04
9.5385106114e-04 -4.5764778433e-04
7.8775691774e-04 3.9327618264e-04
7.5003714615e-04 -3.6444694511e-04
8.8203168831e-04 4.4198282012e-04
2.4972454185e-04 -1.2726736328e-04
7.0299291120e-04 3.5584863178e-04
4.2042109068e-04 -2.0909161701e-04
2.4753816699e-04 1.3046976301e-04
8.1483908354e-04 -4.0058776869e-04
3.6085903342e-04 1.8817854174e-04
9.1274344863e-04 -4.5084650266e-04
7.3875305001e-04 3.8032883197e-04
7.3078918620e-04 -3.6514565618e-04
8.4038723673e-04 4.3421383158e-04
2.6346947330e-04 -1.3744740682e-04
6.7821500810e-04 3.5442491533e-04
3.7946345186e-04 -1.9483257867e-04
2.5634685090e-04 1.3918135804e-04
7.6809457018e-04 -3.8864982195e-04
3.2200418001e-04 1.7362844560e-04
8.7279488723e-04 -4.4337846830e-04
6.9073669511e-04 3.6649680270e-04
7.0480610765e-04 -3.6231774398e-04
7.9671490135e-04 4.2376479100e-04
2.7146882180e-04 -1.4532830814e-04
6.5370544631e-04 3.5098182114e-04
3.4024518563e-04 -1.8009823080e-04
2.6334098281e-04 1.4633387058e-04
7.2017336405e-04 -3.7464966299e-04
2.8559085733e-04 1.5910002892e-04
8.2832654402e-04 -4.3286681422e-04
6.4512509036e-04 3.5258957181e-04
6.8209488553e-04 -3.6207530314e-04
7.5316413482e-04 4.1278354373e-04
2.8047771446e-04 -1.5511959232e-04
3.0186508321e-04 -1.6526610578e-04
6.2596240763e-04 3.4792676935e-04
6.7164779301e-04 -3.5947009762e-04
2.6662517864e-04 1.5342785208e-04
7.8461447152e-04 -4.2131557367e-04
2.4970810592e-04 1.4447168334e-04
6.5833654694e-04 -3.5718321791e-04
5.9801909128e-04 3.3736495456e-04
2.8690880378e-04 -1.6149484536e-04
7.0925653952e-04 3.9989474230e-04
2.6473960128e-04 -1.5016235152e-04
6.0031998997e-04 3.4110191343e-04
6.2347729032e-04 -3.4338136783e-04
2.6972851641e-04 1.5783843685e-04
7.4164628791e-04 -4.0899409207e-04
2.1624567213e-04 1.2857120669e-04
6.2778495710e-04 -3.4927001718e-04
5.5293936095e-04 3.1972532023e-04
2.8650800067e-04 -1.6501587524e-04
6.6571803311e-04 3.8583705155e-04
2.3147180045e-04 -1.3540635095e-04
5.6956244704e-04 3.3289495665e-04
5.7894189052e-04 -3.2701975415e-04
2.6806027274e-04 1.6116385022e-04
6.9589172202e-04 -3.9356701617e-04
1.8492400027e-04 1.1369069160e-04
5.9848882519e-04 -3.4135323916e-04
5.0795495033e-04 3.0196424807e-04
2.8591058182e-04 -1.6844219391e-04
6.2161531826e-04 3.7020476183e-04
1.9708134807e-04 -1.1907171332e-04
5.4043731116e-04 3.2455352417e-04
5.3102544762e-04 -3.0759188604e-04
2.6560563319e-04 1.6409814829e-04
6.5113142216e-04 -3.7746885807e-04
1.5437755672e-04 9.8901159914e-05
5.6665399197e-04 -3.3177631690e-04
4.6267097325e-04 2.8321393505e-04
2.8194170495e-04 -1.7088668250e-04
5.7572891068e-04 3.5273492056e-04
1.6596193141e-04 -1.0558005877e-04
5.0595057282e-04 3.1440855595e-04
4.8408948553e-04 -2.9003618028e-04
2.5812701532e-04 1.6548709964e-04
6.0219513883e-04 -3.5901807272e-04
1.2624812789e-04 8.3932667164e-05
5.2976492655e-04 -3.1780380654e-04
2.7283324302e-04 -1.6905357201e-04
4.1773266844e-04 2.6231719686e-04
1.3749223281e-04 -9.0588077020e-05
5.2922655748e-04 3.3247697149e-04
4.4016045151e-04 -2.6944794950e-04
4.7226980568e-04 2.9889682555e-04
5.5396636860e-04 -3.3836865355e-04
2.5008480216e-04 1.6240907600e-04
4.9259492488e-04 -3.0403230906e-04
1.0113567839e-04 7.0446565057e-05
2.6287175974e-04 -1.6812346098e-04
3.7514242083e-04 2.4272170629e-04
1.0988224285e-04 -7.6563976666e-05
4.8206858467e-04 3.1113541067e-04
3.9192969760e-04 -2.4687914763e-04
4.3333326766e-04 2.8176423941e-04
5.0202379679e-04 -3.1487662903e-04
2.3628235046e-04 1.5773307218e-04
4.5299001738e-04 -2.8663802034e-04
7.7611737783e-05 5.6970146232e-05
2.4954815816e-04 -1.6355817778e-04
3.3108827870e-04 2.1992461826e-04
8.4394598207e-05 -6.2857568255e-05
4.3242293876e-04 2.8626784313e-04
3.4599065095e-04 -2.2430542791e-04
3.9272756167e-04 2.6186587351e-04
4.4982802595e-04 -2.8953511237e-04
2.2011016985e-04 1.5068230010e-04
4.0972485961e-04 -2.6579530497e-04
5.6039131572e-05 4.4095950820e-05
2.3154211621e-04 -1.5567971915e-04
2.8726907620e-04 1.9619892587e-04
6.0805751694e-05 -4.9389537048e-05
3.8005045950e-04 2.5869978981e-04
3.0006671643e-04 -1.9984984990e-04
3.4770989442e-04 2.3925781044e-04
3.9648387872e-04 -2.6179162728e-04
1.9995019259e-04 1.4208913069e-04
3.6151332634e-04 -2.4251558093e-04
3.6631439332e-05 3.3916411738e-05
2.0759109776e-04 -1.4574658041e-04
2.3936008055e-04 1.7224042243e-04
3.9494775749e-05 -3.8226128764e-05
2.5091000741e-04 -1.7652499185e-04
3.2215059859e-04 2.2777946420e-04
3.3643896338e-04 -2.3112621077e-04
2.9723293641e-04 2.1019504711e-04
3.0801141865e-04 -2.1295089076e-04
1.7378489847e-04 1.2673903820e-04
1.7932491658e-04 -1.3032823136e-04
1.9223697022e-05 2.2459717071e-05
2.0584348893e-05 -2.7019698207e-05
1.9140513409e-04 1.4123821535e-04
1.9960844307e-04 -1.4389041433e-04
2.6025223983e-04 1.8900504394e-04
2.7151300457e-04 -1.9174167779e-04
2.3888731733e-04 1.7459595220e-04
2.4932653895e-04 -1.7829206735e-04
1.4028912381e-04 1.0642747451e-04
1.4630184802e-04 -1.1070370103e-04
4.5491845638e-06 1.2596270212e-05
3.8844831124e-06 -1.7267549618e-05
1.3749535744e-04 1.0562750799e-04
1.4448277674e-04 -1.1079310342e-04
1.8753326394e-04 1.4108323519e-04
1.9651753242e-04 -1.4564997598e-04
1.6797452314e-04 1.2759705997e-04
1.7424089659e-04 -1.3048432736e-04
9.5885663452e-05 7.7135649265e-05
9.7988339536e-05 -7.9650908998e-05
-8.6031894682e-06 7.9548439631e-06
-1.0540330777e-05 -1.1692157983e-05
7.1269913986e-05 7.5033129230e-05
8.1255320491e-05 -7.6875403401e-05
8.9626477705e-05 8.4214361712e-05
1.0026719993e-04 -8.5757202107e-05
4.8754932487e-05 4.4247023066e-05
4.8001530657e-05 -4.0400312783e-05
5.1767793456e-06 1.0122433118e-05
-1.4739643996e-06 -2.3040226323e-06
-1.4212037664e-05 -5.1312340259e-06
-2.0177882655e-05 7.8043768350e-06
