3.1229398084e-05 1.2171316928e-06
2.7341967598e-01 -2.0512240668e-05
5.4030316529e-01 -8.0592240435e-05
8.0075348014e-01 -1.8658534888e-04
1.0548270436e+00 -3.3362515911e-04
1.3025891970e+00 -5.2644214305e-04
1.5441100057e+00 -7.6777330003e-04
1.7794252175e+00 -1.0563684019e-03
2.0086162020e+00 -1.3937439828e-03
2.2317258452e+00 -1.7841213177e-03
2.4488204133e+00 -2.2238160802e-03
2.6599420284e+00 -2.7179274076e-03
2.8651601714e+00 -3.2620502973e-03
3.0645192576e+00 -3.8639741509e-03
3.2580561868e+00 -4.5181329804e-03
3.4458455199e+00 -5.2276342486e-03
3.6279145470e+00 -5.9914525374e-03
3.8043370315e+00 -6.8122975027e-03
3.9751320060e+00 -7.6868770793e-03
4.1403512172e+00 -8.6126584503e-03
4.3000573539e+00 -9.5904928812e-03
4.4542514242e+00 -1.0619993855e-02
4.6030109637e+00 -1.1705827743e-02
4.7463631973e+00 -1.2845932986e-02
4.8843348520e+00 -1.4029488477e-02
5.0169619869e+00 -1.5258639912e-02
5.1442770555e+00 -1.6539576649e-02
5.2663543104e+00 -1.7870280859e-02
5.3831821664e+00 -1.9234929493e-02
5.4947987568e+00 -2.0637518840e-02
5.6011882962e+00 -2.2078542770e-02
5.7023655196e+00 -2.3556322753e-02
5.7985556285e+00 -2.5067576671e-02
5.8896938882e+00 -2.6612335191e-02
5.9757407243e+00 -2.8181633070e-02
6.0565568200e+00 -2.9772317333e-02
6.1322621668e+00 -3.1378056923e-02
6.2031537758e+00 -3.3000602872e-02
6.2688717027e+00 -3.4639926218e-02
6.3296318083e+00 -3.6296549358e-02
6.3853823083e+00 -3.7955883594e-02
6.4361492324e+00 -3.9609693136e-02
6.4819168326e+00 -4.1269577768e-02
6.5227186550e+00 -4.2906215539e-02
6.5585075715e+00 -4.4547066561e-02
6.5893286982e+00 -4.6173661282e-02
6.6151679584e+00 -4.7782193537e-02
6.6360116836e+00 -4.9366388942e-02
6.6518608428e+00 -5.0919520374e-02
6.6627191507e+00 -5.2441580470e-02
6.6685505193e+00 -5.3928177253e-02
6.6693501498e+00 -5.5373933262e-02
6.6651137764e+00 -5.6774993773e-02
6.6558234839e+00 -5.8126694355e-02
6.6414555941e+00 -5.9423933253e-02
6.6219873458e+00 -6.0660625310e-02
6.5974010224e+00 -6.1832775615e-02
6.5676694006e+00 -6.2937742878e-02
6.5327570992e+00 -6.3970459835e-02
6.4926516637e+00 -6.4925429899e-02
6.4473003980e+00 -6.5798180223e-02
6.3966927496e+00 -6.6586699849e-02
6.3407677559e+00 -6.7281809860e-02
6.2795033311e+00 -6.7884135776e-02
6.2128526732e+00 -6.8392651647e-02
6.1407756148e+00 -6.8793713667e-02
6.0632328552e+00 -6.9089316276e-02
5.9801658587e+00 -6.9273413121e-02
5.8915373428e+00 -6.9345696731e-02
5.7972825996e+00 -6.9300714122e-02
5.6973544539e+00 -6.9131838652e-02
5.5917046733e+00 -6.8839419904e-02
5.4802585060e+00 -6.8421792052e-02
5.3629765369e+00 -6.7868579391e-02
5.2397890613e+00 -6.7185307291e-02
5.1106225589e+00 -6.6364297267e-02
4.9754164011e+00 -6.5400456818e-02
4.8341196995e+00 -6.4297544499e-02
4.6866288796e+00 -6.3048333348e-02
4.5328821114e+00 -6.1652558888e-02
4.3728218470e+00 -6.0107342700e-02
4.2063618710e+00 -5.8412935312e-02
4.0334244812e+00 -5.6563537999e-02
3.8539195764e+00 -5.4561145211e-02
3.6677789535e+00 -5.2400418052e-02
3.4749025944e+00 -5.0086359582e-02
3.2752156096e+00 -4.7607518376e-02
3.0686205189e+00 -4.4962094809e-02
2.8550252135e+00 -4.2168804359e-02
2.6343388985e+00 -3.9203972144e-02
2.4064637995e+00 -3.6076238965e-02
2.1713083927e+00 -3.2777509495e-02
1.9287666225e+00 -2.9313731720e-02
1.6787393053e+00 -2.5680004594e-02
1.4211185384e+00 -2.1878145090e-02
1.1558098711e+00 -1.7903559740e-02
8.8267738247e-01 -1.3756758731e-02
6.0164645525e-01 -9.4355701960e-03
3.1254117842e-01 -4.9192836056e-03
1.5470801026e-02 -2.4678274520e-04
