-2.7970989966e-06 1.1978018302e-07
2.9997301187e-01 -2.2922248233e-05
5.9355855427e-01 -9.4165940479e-05
8.8079790093e-01 -2.1286712994e-04
1.1617026981e+00 -3.7961322148e-04
1.4363043527e+00 -6.0483831956e-04
1.7046345739e+00 -8.8931607382e-04
1.9667299463e+00 -1.2249056435e-03
2.2225724931e+00 -1.6176876648e-03
2.4722068069e+00 -2.0702272606e-03
2.7157291841e+00 -2.5833326633e-03
2.9529930353e+00 -3.1578486359e-03
3.1842318816e+00 -3.7956776390e-03
3.4092958605e+00 -4.4990268333e-03
3.6282575699e+00 -5.2640464395e-03
3.8411596494e+00 -6.0903534891e-03
4.0479976907e+00 -6.9831060339e-03
4.2488123153e+00 -7.9437263620e-03
4.4435832160e+00 -8.9643767294e-03
4.6323573176e+00 -1.0050154440e-02
4.8151584587e+00 -1.1198560766e-02
4.9919723799e+00 -1.2408532220e-02
5.1628112124e+00 -1.3678671724e-02
5.3277205155e+00 -1.5010179910e-02
5.4866665092e+00 -1.6398287316e-02
5.6396948497e+00 -1.7838608021e-02
5.7868256830e+00 -1.9328712079e-02
5.9281285383e+00 -2.0864824424e-02
6.0634476908e+00 -2.2465752550e-02
6.1928431109e+00 -2.4110107115e-02
6.3164438047e+00 -2.5785438323e-02
6.4341533232e+00 -2.7502036002e-02
6.5459636006e+00 -2.9256859585e-02
6.6519406704e+00 -3.1039610902e-02
6.7520817665e+00 -3.2849204588e-02
6.8463503149e+00 -3.4685331874e-02
6.9347823674e+00 -3.6541380839e-02
7.0173525358e+00 -3.8413100500e-02
7.0940856500e+00 -4.0293915213e-02
7.1649563446e+00 -4.2179380783e-02
7.2299852495e+00 -4.4069517335e-02
7.2891799839e+00 -4.5956129293e-02
7.3425172141e+00 -4.7837311992e-02
7.3899403021e+00 -4.9700389342e-02
7.4315855458e+00 -5.1536039624e-02
7.4671802305e+00 -5.3355315416e-02
7.4970611691e+00 -5.5170805252e-02
7.5210048046e+00 -5.6938596626e-02
7.5390019713e+00 -5.8662363808e-02
7.5511496294e+00 -6.0344643499e-02
7.5573189229e+00 -6.1962967792e-02
7.5574295869e+00 -6.3515785767e-02
7.5517240657e+00 -6.5030772230e-02
7.5400691100e+00 -6.6487747735e-02
7.5223847144e+00 -6.7868834215e-02
7.4986885115e+00 -6.9169952683e-02
7.4689317084e+00 -7.0388952308e-02
7.4331510184e+00 -7.1522812460e-02
7.3912762804e+00 -7.2568360018e-02
7.3433157146e+00 -7.3517379664e-02
7.2892240620e+00 -7.4364383730e-02
7.2289863455e+00 -7.5106106931e-02
7.1625639282e+00 -7.5736080864e-02
7.0899545683e+00 -7.6255933943e-02
7.0110881926e+00 -7.6655588495e-02
6.9259591203e+00 -7.6935148355e-02
6.8345549842e+00 -7.7085636039e-02
6.7368153447e+00 -7.7110862509e-02
6.6327147786e+00 -7.7003552874e-02
6.5222199612e+00 -7.6759970472e-02
6.4052867364e+00 -7.6377823961e-02
6.2818745152e+00 -7.5855100761e-02
6.1519732634e+00 -7.5188474794e-02
6.0155081446e+00 -7.4375418698e-02
5.8724691589e+00 -7.3411875891e-02
5.7227933980e+00 -7.2299994788e-02
5.5664514438e+00 -7.1036347739e-02
5.4033927508e+00 -6.9619726265e-02
5.2335710773e+00 -6.8049932962e-02
5.0569503645e+00 -6.6327630095e-02
4.8734701297e+00 -6.4449560744e-02
4.6830949558e+00 -6.2416117948e-02
4.4857730126e+00 -6.0226569489e-02
4.2814519914e+00 -5.7882548084e-02
4.0700882368e+00 -5.5383977531e-02
3.8516147836e+00 -5.2732650064e-02
3.6259833172e+00 -4.9928005783e-02
3.3931392423e+00 -4.6971279885e-02
3.1530362477e+00 -4.3864992688e-02
2.9056068018e+00 -4.0609495925e-02
2.6507925460e+00 -3.7206975306e-02
2.3885489471e+00 -3.3659506887e-02
2.1188008767e+00 -2.9965182794e-02
1.8414831078e+00 -2.6131327417e-02
1.5565387392e+00 -2.2155024753e-02
1.2639017629e+00 -1.8040790700e-02
9.6350461558e-01 -1.3787583581e-02
6.5527767938e-01 -9.3976423715e-03
3.3914349579e-01 -4.8752361923e-03
1.5215334542e-02 -2.1879166399e-04
