2.6518956582e+02
2.6586084553e+02
2.6451855117e+02
2.6653559152e+02
2.6384522109e+02
2.6721029854e+02
2.6316714774e+02
2.6788274399e+02
2.6248893229e+02
2.6855388925e+02
2.6182117991e+02
2.6922520231e+02
2.6115459692e+02
2.6990195865e+02
2.6048745205e+02
2.7057866829e+02
2.5981835699e+02
2.7126172567e+02
2.5914913147e+02
2.7195265942e+02
2.5848659829e+02
2.7264376158e+02
2.5782510475e+02
2.7331425534e+02
2.5716562369e+02
2.7398437297e+02
2.5650933510e+02
2.7465697784e+02
2.5585288416e+02
2.7533303177e+02
2.5518603604e+02
2.7600920640e+02
2.5451685249e+02
2.7669114448e+02
2.5385482207e+02
2.7737350111e+02
2.5320806951e+02
2.7805443310e+02
2.5256112044e+02
2.7873434347e+02
2.5190775968e+02
2.7941442341e+02
2.5125250685e+02
2.8009596941e+02
2.5059670971e+02
2.8077776331e+02
2.4993722047e+02
2.8145645482e+02
2.4927744523e+02
2.8213081371e+02
2.4863252839e+02
2.8280536111e+02
2.4799280869e+02
2.8348780117e+02
2.4735310099e+02
2.8417164135e+02
2.4671249306e+02
2.8485264572e+02
2.4607160805e+02
2.8552907007e+02
2.4543437277e+02
2.8620572886e+02
2.4479864977e+02
2.8688280838e+02
2.4416201651e+02
2.8756008246e+02
2.4351869823e+02
2.8823877976e+02
2.4287503156e+02
2.8892225091e+02
2.4224228828e+02
2.8960600961e+02
2.4161516796e+02
2.9027829793e+02
2.9094742216e+02
2.4098854578e+02
2.9161853449e+02
2.4036399102e+02
2.9229640399e+02
2.3973907489e+02
2.9297456264e+02
2.3911751952e+02
2.9365001786e+02
2.3849799652e+02
2.9432465288e+02
2.3787877328e+02
2.9499786289e+02
2.3726071475e+02
2.9566662247e+02
2.3664227031e+02
2.9633570631e+02
2.3602805065e+02
2.9700596197e+02
2.3541690152e+02
2.9767684920e+02
2.3480603134e+02
2.9834722664e+02
2.3419823169e+02
2.9901637275e+02
2.3359000489e+02
2.9968588148e+02
2.3298651537e+02
3.0034985988e+02
2.3238714464e+02
3.0101103609e+02
2.3178787642e+02
3.0167345700e+02
2.3119557277e+02
3.0234562347e+02
2.3060282019e+02
3.0301818917e+02
2.3001000211e+02
3.0368096837e+02
2.2941720734e+02
3.0433773384e+02
2.2882407148e+02
3.0499483058e+02
2.2823229701e+02
3.0565554119e+02
2.2763957560e+02
3.0631665972e+02
2.2705924686e+02
3.0697499192e+02
2.2649394706e+02
3.0763133184e+02
2.2592823281e+02
3.0828746643e+02
2.2534527789e+02
3.0893928500e+02
2.2476013659e+02
3.0959153372e+02
2.2418274033e+02
3.1024341971e+02
2.2361659730e+02
3.1089499583e+02
2.2305000061e+02
3.1154656966e+02
2.2250169457e+02
3.1219479532e+02
2.2195487648e+02
3.1284347747e+02
2.2140179510e+02
3.1348844786e+02
2.2083864853e+02
3.1412956050e+02
3.1477104752e+02
2.2027510168e+02
3.1541880884e+02
2.1971712632e+02
3.1606754761e+02
2.1915894512e+02
3.1670791452e+02
2.1860832190e+02
3.1733807863e+02
2.1807342837e+02
3.1796863863e+02
2.1753800539e+02
3.1860137979e+02
2.1700478582e+02
3.1923502435e+02
2.1647140127e+02
3.1987004986e+02
2.1593931838e+02
3.2050673002e+02
2.1541125382e+02
3.2114375267e+02
2.1488267935e+02
3.2177716789e+02
2.1436493932e+02
3.2241123117e+02
2.1384961293e+02
3.2304011080e+02
2.1333156482e+02
3.2365992779e+02
2.1280670098e+02
3.2428021518e+02
2.1228136625e+02
3.2489982674e+02
2.1177365130e+02
3.2551996398e+02
2.1127130385e+02
3.2613783574e+02
2.1076798883e+02
3.2675061072e+02
2.1026281150e+02
3.2736384549e+02
2.0975709009e+02
3.2798369003e+02
2.0925807897e+02
3.2860592788e+02
3.2922303261e+02
2.0876117225e+02
3.2982689921e+02
2.0826597819e+02
3.3043126029e+02
2.0778157875e+02
3.3103523810e+02
2.0729659436e+02
3.3163973733e+02
2.0681619795e+02
3.3224399212e+02
2.0633756463e+02
3.3284641494e+02
2.0585866566e+02
3.3344934038e+02
2.0538175827e+02
3.3404331482e+02
2.0490426987e+02
3.3463461626e+02
2.0443480487e+02
3.3522753868e+02
2.0396965672e+02
3.3582493102e+02
2.0350485172e+02
3.3642280585e+02
2.0304962738e+02
3.3701337800e+02
2.0259380215e+02
3.3760147899e+02
2.0214487509e+02
3.3818924997e+02
2.0170061442e+02
3.3877320048e+02
2.0125533775e+02
3.3935767869e+02
2.0080281775e+02
3.3994386281e+02
3.4053161806e+02
2.0034981112e+02
3.4111722876e+02
1.9990718999e+02
3.4168526595e+02
1.9947236418e+02
3.4225386018e+02
1.9903688049e+02
3.4282314550e+02
1.9860364085e+02
3.4339329359e+02
1.9816979481e+02
3.4396376889e+02
1.9774170173e+02
3.4453215905e+02
1.9731890105e+02
3.4510109431e+02
1.9689539260e+02
3.4566551125e+02
1.9648136927e+02
3.4622703366e+02
1.9606703107e+02
3.4678895625e+02
1.9565044025e+02
3.4734766655e+02
1.9523043216e+02
3.4790693436e+02
1.9480968763e+02
3.4846297209e+02
1.9441910876e+02
3.4901658248e+02
3.4957074932e+02
1.9403020401e+02
3.5012017855e+02
1.9363727039e+02
3.5067018215e+02
1.9323837882e+02
3.5121717761e+02
1.9283875906e+02
3.5176134849e+02
1.9245715701e+02
3.5230613809e+02
1.9207723650e+02
3.5284683801e+02
1.9169533152e+02
3.5338797965e+02
1.9130985460e+02
3.5392034556e+02
1.9092364932e+02
3.5444193742e+02
1.9055212082e+02
3.5496412977e+02
1.9018266792e+02
3.5549948033e+02
1.8981439009e+02
3.5603628002e+02
1.8944864142e+02
3.5656786524e+02
3.5709276120e+02
1.8908216443e+02
3.5761827071e+02
1.8872414721e+02
3.5814380810e+02
1.8836764535e+02
3.5866984666e+02
1.8801278359e+02
3.5919034398e+02
1.8766218260e+02
3.5970143864e+02
1.8731085392e+02
3.6021315683e+02
1.8696207013e+02
3.6072763875e+02
1.8661359542e+02
3.6124309213e+02
1.8626923070e+02
3.6175439111e+02
1.8593800644e+02
3.6225704340e+02
1.8560605075e+02
3.6276032573e+02
1.8527440481e+02
3.6326339419e+02
1.8494246730e+02
3.6376686086e+02
3.6426776489e+02
1.8461253186e+02
3.6476194738e+02
1.8429128500e+02
3.6525676587e+02
1.8396930680e+02
3.6575115961e+02
1.8365170469e+02
3.6624584742e+02
1.8333574827e+02
3.6673669408e+02
1.8301994340e+02
3.6721496236e+02
1.8270625671e+02
3.6769386731e+02
1.8239182676e+02
3.6816911455e+02
1.8208803910e+02
3.6864332892e+02
1.8178977182e+02
3.6911946295e+02
1.8149208109e+02
3.6960240571e+02
3.7008598174e+02
1.8120200949e+02
3.7055572900e+02
1.8091121846e+02
3.7101949059e+02
1.8062050262e+02
3.7148356472e+02
1.8032963706e+02
3.7194739352e+02
1.8003915571e+02
3.7241185362e+02
1.7975610485e+02
3.7287343001e+02
1.7947232022e+02
3.7333369695e+02
1.7919326675e+02
3.7379263803e+02
1.7891771118e+02
3.7423971754e+02
1.7864214023e+02
3.7468743963e+02
3.7513305427e+02
1.7837733061e+02
3.7557748688e+02
1.7811179239e+02
3.7602188880e+02
1.7784544492e+02
3.7646208808e+02
1.7757832014e+02
3.7690293172e+02
1.7731068329e+02
3.7733766973e+02
1.7706998190e+02
3.7776784221e+02
1.7682856465e+02
3.7819819825e+02
1.7658091429e+02
3.7862282389e+02
1.7632675195e+02
3.7904809460e+02
1.7607196426e+02
3.7946978255e+02
3.7988827203e+02
1.7582912059e+02
3.8030722651e+02
1.7558564604e+02
3.8071857584e+02
1.7534736881e+02
3.8113058770e+02
1.7511580437e+02
3.8153737369e+02
1.7488354863e+02
3.8193854408e+02
1.7465638878e+02
3.8234033455e+02
1.7442881831e+02
3.8273473665e+02
1.7420501469e+02
3.8312958840e+02
1.7398714735e+02
3.8352134915e+02
1.7376858627e+02
3.8390906639e+02
3.8429740579e+02
1.7355688500e+02
3.8467710602e+02
1.7334528521e+02
3.8505683014e+02
1.7313643249e+02
3.8543353359e+02
1.7293296834e+02
3.8580546191e+02
1.7272880542e+02
3.8617803637e+02
1.7253256130e+02
3.8652766044e+02
1.7233700933e+02
3.8687484666e+02
1.7214418672e+02
3.8722213788e+02
1.7195791804e+02
3.8756906547e+02
3.8791655154e+02
1.7177094217e+02
3.8826022143e+02
1.7159215687e+02
3.8860401267e+02
1.7141463951e+02
3.8894376821e+02
1.7123942186e+02
3.8927437869e+02
1.7107120805e+02
3.8960562797e+02
1.7090227222e+02
3.8992675397e+02
1.7073979525e+02
3.9024607303e+02
1.7057855303e+02
3.9055946294e+02
3.9085677633e+02
1.7042351828e+02
3.9115476329e+02
1.7028956471e+02
3.9143108666e+02
1.7015487820e+02
3.9170098679e+02
1.7001937767e+02
3.9197183820e+02
1.6988304989e+02
3.9224426403e+02
1.6975067313e+02
3.9251728254e+02
1.6963609039e+02
3.9278231773e+02
1.6952073786e+02
3.9304509299e+02
3.9330169315e+02
1.6941564895e+02
3.9353191517e+02
1.6931482796e+02
3.9376282464e+02
1.6921648067e+02
3.9397430950e+02
1.6913425424e+02
3.9417710977e+02
1.6905119204e+02
3.9437510015e+02
1.6899713903e+02
3.9454523953e+02
1.6895893159e+02
3.9471603547e+02
1.6892329421e+02
3.9487287495e+02
3.9502216012e+02
1.6891153607e+02
3.9516871984e+02
1.6889895608e+02
3.9529150370e+02
1.6890796235e+02
3.9541499134e+02
1.6893061050e+02
3.9550154005e+02
1.6895882397e+02
3.9556412630e+02
1.6905957307e+02
3.9562200970e+02
1.6915940103e+02
3.9561858320e+02
3.9561594437e+02
1.6932114850e+02
3.9553419673e+02
1.6953138177e+02
3.9539081132e+02
1.6974575225e+02
3.9524414063e+02
1.7007875914e+02
3.9500090214e+02
1.7041072211e+02
3.9475851669e+02
1.7140321788e+02
3.9370710045e+02
1.7302076472e+02
3.9189787286e+02
1.7463958445e+02
3.9008779632e+02
