1.9081214533e+02
1.9097629315e+02
1.9113691440e+02
1.9129026603e+02
1.9143718270e+02
1.9157913865e+02
1.9171672860e+02
1.9184614499e+02
1.9197168402e+02
1.9209551914e+02
1.9220695335e+02
1.9231789212e+02
1.9242121606e+02
1.9252072107e+02
1.9261763301e+02
1.9270405682e+02
1.9278937059e+02
1.9286843556e+02
1.9294323547e+02
1.9301510813e+02
1.9307780921e+02
1.9313929613e+02
1.9319622402e+02
1.9324861579e+02
1.9329413536e+02
1.9333839937e+02
1.9337654169e+02
1.9340976696e+02
1.9344037724e+02
1.9346359929e+02
1.9348722228e+02
1.9350639063e+02
1.9351708303e+02
1.9352592997e+02
1.9353321376e+02
1.9353355268e+02
1.9352859520e+02
1.9352432043e+02
1.9351239415e+02
1.9349716415e+02
1.9347869215e+02
1.9345466222e+02
1.9343020178e+02
1.9339896796e+02
1.9336287285e+02
1.9332482189e+02
1.9328323828e+02
1.9323747766e+02
1.9318513814e+02
1.9312953907e+02
1.9307455104e+02
1.9300987318e+02
1.9294070527e+02
1.9287220866e+02
1.9279780014e+02
1.9272065675e+02
1.9263269257e+02
1.9254743907e+02
1.9245745565e+02
1.9235694633e+02
1.9225866787e+02
1.9215496066e+02
1.9204410457e+02
1.9192878964e+02
1.9181317251e+02
1.9168876827e+02
1.9156329486e+02
1.9142949549e+02
1.9129382256e+02
1.9115160656e+02
1.9100736377e+02
1.9085893169e+02
1.9069765292e+02
1.9054498837e+02
1.9037903398e+02
1.9021054333e+02
1.9003956883e+02
1.8986298043e+02
1.8968715465e+02
1.8949958262e+02
1.8931465273e+02
1.8912440670e+02
1.8893545532e+02
1.8873555613e+02
1.8854005697e+02
1.8835119720e+02
1.8814429525e+02
1.8796197750e+02
1.8775536094e+02
1.8756493607e+02
1.8737930978e+02
1.8720552088e+02
1.8702436167e+02
1.8687413116e+02
1.8672437843e+02
1.8659613539e+02
1.8656556810e+02
1.8645754051e+02
1.8674004231e+02
1.8805753885e+02
