2.9076338675e+02
2.9143245814e+02
2.9009397586e+02
2.9210167798e+02
2.8942325888e+02
2.9277270477e+02
2.8875247420e+02
2.9344369957e+02
2.8808863685e+02
2.9411356273e+02
2.8742556948e+02
2.9478299975e+02
2.8676257657e+02
2.9545259340e+02
2.8609902190e+02
2.9612741275e+02
2.8543537505e+02
2.9680223334e+02
2.8477178059e+02
2.9747466431e+02
2.8410817241e+02
2.9814520090e+02
2.8344588725e+02
2.9881580837e+02
2.8278525816e+02
2.9949116046e+02
2.8212449978e+02
3.0016663960e+02
2.8146659856e+02
3.0084166846e+02
2.8080927852e+02
3.0151680984e+02
2.8015375735e+02
3.0219206604e+02
2.7950169622e+02
3.0286694225e+02
2.7884947884e+02
3.0354184539e+02
3.0421604856e+02
2.7819398705e+02
3.0488999783e+02
2.7753751000e+02
3.0556409300e+02
2.7688332282e+02
3.0623980839e+02
2.7623452936e+02
3.0691578109e+02
2.7558554326e+02
3.0758881674e+02
2.7494146054e+02
3.0825763024e+02
2.7429904375e+02
3.0892660399e+02
2.7365529266e+02
3.0960580390e+02
2.7300557653e+02
3.1028674867e+02
2.7235561716e+02
3.1096449396e+02
2.7171394451e+02
3.1163709001e+02
2.7107578886e+02
3.1230988483e+02
2.7043861943e+02
3.1298014072e+02
2.6980547549e+02
3.1364994739e+02
2.6917208193e+02
3.1431969356e+02
2.6854063349e+02
3.1498982107e+02
2.6791012974e+02
3.1566016823e+02
2.6727912088e+02
3.1633420326e+02
2.6664357127e+02
3.1700937785e+02
2.6600772771e+02
3.1768305290e+02
2.6538041249e+02
3.1835364645e+02
2.6475833128e+02
3.1902449528e+02
2.6413698405e+02
3.1969242232e+02
2.6352293248e+02
3.2035944654e+02
2.6290857353e+02
3.2102610153e+02
2.6228918104e+02
3.2169165417e+02
2.6166606367e+02
3.2235748425e+02
2.6104402414e+02
3.2302170887e+02
2.6043732425e+02
3.2368535001e+02
2.5983028444e+02
3.2434842551e+02
2.5922194308e+02
3.2500933633e+02
2.5861246644e+02
3.2567054420e+02
2.5800313978e+02
3.2633387928e+02
2.5740712299e+02
3.2699840052e+02
2.5681074534e+02
3.2766254352e+02
2.5620951708e+02
3.2832607436e+02
2.5560339321e+02
3.2898994180e+02
2.5499697035e+02
3.2964657877e+02
2.5440591039e+02
3.3029879819e+02
2.5381448198e+02
3.3095132313e+02
2.5322493201e+02
3.3160622789e+02
2.5263775411e+02
3.3226147540e+02
3.3291523304e+02
2.5205021329e+02
3.3356794758e+02
2.5147372914e+02
3.3422065042e+02
2.5089741803e+02
3.3487255980e+02
2.5031967709e+02
3.3552483803e+02
2.4974012660e+02
3.3617076356e+02
2.4916020346e+02
3.3681118660e+02
2.4859076523e+02
3.3745184227e+02
2.4802191553e+02
3.3810352801e+02
2.4745407674e+02
3.3875561038e+02
2.4688828125e+02
3.3940290715e+02
2.4632210905e+02
3.4004528427e+02
2.4576208488e+02
3.4068801957e+02
2.4520237988e+02
3.4132214830e+02
2.4464462031e+02
3.4195658827e+02
2.4409126100e+02
3.4259236322e+02
2.4353749354e+02
3.4322963072e+02
2.4298385518e+02
3.4386725873e+02
2.4242948822e+02
3.4449785853e+02
2.4188012337e+02
3.4512853953e+02
2.4134356526e+02
3.4575887824e+02
2.4080654243e+02
3.4638852416e+02
2.4027322881e+02
3.4701853250e+02
2.3974048198e+02
3.4764128644e+02
3.4826376841e+02
2.3920682251e+02
3.4888841553e+02
2.3867149624e+02
3.4951635213e+02
2.3813573620e+02
3.5014463133e+02
2.3761130623e+02
3.5076707790e+02
2.3709020882e+02
3.5138932280e+02
2.3656948267e+02
3.5200869102e+02
2.3605162371e+02
3.5262182917e+02
2.3553327608e+02
3.5323538325e+02
2.3502109847e+02
3.5384708297e+02
2.3451107035e+02
3.5445888717e+02
2.3400204360e+02
3.5507009564e+02
2.3349998775e+02
3.5567919420e+02
2.3299744707e+02
3.5628871443e+02
2.3249736856e+02
3.5689404749e+02
2.3199796950e+02
3.5749868881e+02
2.3149918174e+02
3.5810239655e+02
2.3100761029e+02
3.5870239417e+02
2.3051554664e+02
3.5930281668e+02
3.5989848550e+02
2.3002755099e+02
3.6049291604e+02
2.2954144358e+02
3.6108837857e+02
2.2905564143e+02
3.6168636234e+02
2.2857814325e+02
3.6228474487e+02
2.2810011756e+02
3.6287310159e+02
2.2762694063e+02
3.6345765419e+02
2.2715692016e+02
3.6404347370e+02
2.2668661621e+02
3.6463353250e+02
2.2622143911e+02
3.6522399628e+02
2.2575574319e+02
3.6580786340e+02
2.2528990284e+02
3.6638887562e+02
2.2482324088e+02
3.6697045413e+02
2.2435618959e+02
3.6755301718e+02
2.2391056030e+02
3.6813604015e+02
2.2346434763e+02
3.6870908201e+02
3.6927620437e+02
2.2301929469e+02
3.6984413189e+02
2.2257526645e+02
3.7041554948e+02
2.2213062483e+02
3.7098740216e+02
2.2169363343e+02
3.7155585267e+02
2.2125635073e+02
3.7212229304e+02
2.2082183913e+02
3.7268895544e+02
2.2039033515e+02
3.7325081210e+02
2.1995821588e+02
3.7381313156e+02
2.1952917067e+02
3.7437323943e+02
2.1909984207e+02
3.7493182868e+02
2.1867513395e+02
3.7549086746e+02
2.1825664286e+02
3.7604362016e+02
2.1783750467e+02
3.7659685635e+02
3.7714665555e+02
2.1742887971e+02
3.7769313102e+02
2.1702105645e+02
3.7824012659e+02
2.1661356060e+02
3.7878388037e+02
2.1620657134e+02
3.7932798910e+02
2.1579893947e+02
3.7987353731e+02
2.1540137287e+02
3.8042115227e+02
2.1500512284e+02
3.8096929017e+02
2.1461077727e+02
3.8149607581e+02
2.1422044004e+02
3.8202166727e+02
2.1382946057e+02
3.8255295610e+02
2.1344578787e+02
3.8309281103e+02
2.1306342009e+02
3.8363319712e+02
3.8415869405e+02
2.1268011929e+02
3.8468277702e+02
2.1229464561e+02
3.8520659644e+02
2.1190853259e+02
3.8572985044e+02
2.1154196687e+02
3.8625364244e+02
2.1118094760e+02
3.8677190606e+02
2.1081714446e+02
3.8728960165e+02
2.1044468963e+02
3.8780375777e+02
2.1007158309e+02
3.8831030885e+02
2.0970983159e+02
3.8881738860e+02
2.0935194763e+02
3.8933199189e+02
2.0899568074e+02
3.8984875138e+02
3.9036094130e+02
2.0864699092e+02
3.9086160680e+02
2.0829764179e+02
3.9136280514e+02
2.0795113247e+02
3.9186211630e+02
2.0760559360e+02
3.9236121237e+02
2.0726218551e+02
3.9285925705e+02
2.0693137061e+02
3.9335347537e+02
2.0659990857e+02
3.9384823861e+02
2.0626656245e+02
3.9433862626e+02
2.0593197245e+02
3.9482769053e+02
2.0559833477e+02
3.9531548889e+02
3.9579742973e+02
2.0527172983e+02
3.9627991555e+02
2.0494446350e+02
3.9675972098e+02
2.0462444758e+02
3.9723857347e+02
2.0430895955e+02
3.9771667645e+02
2.0399345550e+02
3.9818963837e+02
2.0368181717e+02
3.9866314422e+02
2.0336952624e+02
3.9913387846e+02
2.0306188379e+02
3.9960332375e+02
2.0275769870e+02
4.0007148977e+02
2.0245314449e+02
4.0052838845e+02
4.0098583104e+02
2.0214848568e+02
4.0144446377e+02
2.0184316046e+02
4.0190401513e+02
2.0154837563e+02
4.0236280051e+02
2.0126307273e+02
4.0281109175e+02
2.0097714523e+02
4.0325993150e+02
2.0068660838e+02
4.0370633152e+02
2.0039538263e+02
4.0415094758e+02
2.0011082796e+02
4.0459564070e+02
1.9983340344e+02
4.0503536361e+02
4.0547563297e+02
1.9955531589e+02
4.0591150966e+02
1.9928785554e+02
4.0634345481e+02
1.9902012762e+02
4.0677579574e+02
1.9875296146e+02
4.0720204146e+02
1.9848669388e+02
4.0762885534e+02
1.9821979791e+02
4.0805073396e+02
1.9796181530e+02
4.0846732105e+02
1.9770373985e+02
4.0888444962e+02
4.0929501816e+02
1.9744850064e+02
4.0970595755e+02
1.9719779311e+02
4.1011316949e+02
1.9694643167e+02
4.1051556832e+02
1.9670323128e+02
4.1091850902e+02
1.9646037914e+02
4.1131171985e+02
1.9621911414e+02
4.1170470473e+02
1.9598115689e+02
4.1209503846e+02
1.9574252869e+02
4.1248118210e+02
4.1286786133e+02
1.9552132360e+02
4.1324599273e+02
1.9530271499e+02
4.1362358809e+02
1.9508286061e+02
4.1399780972e+02
1.9486120723e+02
4.1436569875e+02
1.9463894160e+02
4.1473413696e+02
1.9442778191e+02
4.1509126481e+02
1.9421843577e+02
4.1544682578e+02
1.9401189043e+02
4.1580006059e+02
4.1614779540e+02
1.9381356305e+02
4.1649607960e+02
1.9361457920e+02
4.1683723136e+02
1.9342235035e+02
4.1717721450e+02
1.9323147346e+02
4.1751196509e+02
1.9304344680e+02
4.1783255824e+02
1.9286585833e+02
4.1815374029e+02
1.9268756501e+02
4.1846078024e+02
4.1876376991e+02
1.9252077613e+02
4.1906453422e+02
1.9235778600e+02
4.1935711540e+02
1.9219749380e+02
4.1965026685e+02
1.9205005576e+02
4.1992873234e+02
1.9190188457e+02
4.2020200391e+02
1.9177213818e+02
4.2047241655e+02
1.9165054380e+02
4.2072979604e+02
4.2098775522e+02
1.9152942622e+02
4.2122925240e+02
1.9141390259e+02
4.2146351127e+02
1.9129763800e+02
4.2169357674e+02
1.9120888490e+02
4.2189935769e+02
1.9113495625e+02
4.2210572623e+02
1.9106264049e+02
4.2229868664e+02
1.9100688585e+02
4.2248463262e+02
4.2266570078e+02
1.9095031106e+02
4.2280752648e+02
1.9093567145e+02
4.2295001821e+02
1.9094837615e+02
4.2306127169e+02
1.9096461596e+02
4.2315215837e+02
1.9103000243e+02
4.2323783996e+02
1.9109459417e+02
4.2325719452e+02
1.9121965518e+02
4.2327727500e+02
4.2323455528e+02
1.9139124037e+02
4.2314287665e+02
1.9157143759e+02
4.2304343362e+02
1.9197686577e+02
4.2274272884e+02
1.9238159846e+02
4.2244272491e+02
1.9332245861e+02
4.2143799410e+02
1.9476896870e+02
4.1977343524e+02
4.1810813641e+02
1.9621641762e+02
