3.7160823968e+02
3.7149140102e+02
3.7137785081e+02
3.7127135302e+02
3.7116730139e+02
3.7106856016e+02
3.7097641669e+02
3.7088840766e+02
3.7080511332e+02
3.7072686246e+02
3.7065683195e+02
3.7058850533e+02
3.7052650130e+02
3.7046954650e+02
3.7041782588e+02
3.7037453068e+02
3.7033337383e+02
3.7029759434e+02
3.7026764267e+02
3.7024221362e+02
3.7022684785e+02
3.7021331865e+02
3.7020371888e+02
3.7020193255e+02
3.7020735061e+02
3.7021743126e+02
3.7022981719e+02
3.7025201807e+02
3.7027741758e+02
3.7030909280e+02
3.7034841346e+02
3.7039067490e+02
3.7043871666e+02
3.7049569218e+02
3.7055659279e+02
3.7061950210e+02
3.7069339710e+02
3.7077088720e+02
3.7085312447e+02
3.7094247915e+02
3.7103731203e+02
3.7113469214e+02
3.7124214574e+02
3.7135337596e+02
3.7146865836e+02
3.7159136953e+02
3.7171908374e+02
3.7185099884e+02
3.7198716111e+02
3.7213221274e+02
3.7228027601e+02
3.7243357627e+02
3.7259104507e+02
3.7275547473e+02
3.7292164830e+02
3.7309443745e+02
3.7327184194e+02
3.7345444675e+02
3.7363787714e+02
3.7383202531e+02
3.7402671354e+02
3.7422638307e+02
3.7442744787e+02
3.7463726651e+02
3.7484563182e+02
3.7506095608e+02
3.7527705945e+02
3.7550108452e+02
3.7572368298e+02
3.7594936689e+02
3.7618211406e+02
3.7641448151e+02
3.7665128561e+02
3.7688392318e+02
3.7712937215e+02
3.7736812199e+02
3.7761450270e+02
3.7785517395e+02
3.7810581185e+02
3.7835163809e+02
3.7859886261e+02
3.7884605038e+02
3.7909805848e+02
3.7934809218e+02
3.7959166771e+02
3.7984433510e+02
3.8008542437e+02
3.8033199181e+02
3.8056862065e+02
3.8081350982e+02
3.8105133632e+02
3.8126898784e+02
3.8150384520e+02
3.8169233598e+02
3.8190681621e+02
3.8205096202e+02
3.8226400308e+02
3.8236074867e+02
3.8195901117e+02
3.8099963248e+02
