2.3192434136e+02
2.3196208098e+02
2.3200167407e+02
2.3204592600e+02
2.3208710906e+02
2.3212628848e+02
2.3216155247e+02
2.3219647120e+02
2.3222978254e+02
2.3226013037e+02
2.3228944603e+02
2.3231661963e+02
2.3234211208e+02
2.3236529612e+02
2.3238753641e+02
2.3240684695e+02
2.3242520620e+02
2.3244260827e+02
2.3245658914e+02
2.3246976890e+02
2.3248170114e+02
2.3249105467e+02
2.3249927883e+02
2.3250563977e+02
2.3251071149e+02
2.3251468371e+02
2.3251535087e+02
2.3251515405e+02
2.3251354819e+02
2.3251068990e+02
2.3250599785e+02
2.3249968685e+02
2.3249111732e+02
2.3248178781e+02
2.3247060792e+02
2.3245712876e+02
2.3244342358e+02
2.3242753052e+02
2.3240928673e+02
2.3239048127e+02
2.3236929131e+02
2.3234712937e+02
2.3232282309e+02
2.3229770251e+02
2.3226985285e+02
2.3224054849e+02
2.3221060452e+02
2.3217779780e+02
2.3214389910e+02
2.3210856324e+02
2.3207038064e+02
2.3203179104e+02
2.3199089725e+02
2.3194689454e+02
2.3190350974e+02
2.3185721834e+02
2.3180741910e+02
2.3175881093e+02
2.3170630850e+02
2.3165182059e+02
2.3159690932e+02
2.3153807838e+02
2.3147832279e+02
2.3141658986e+02
2.3135075598e+02
2.3128613090e+02
2.3121703388e+02
2.3114627059e+02
2.3107400140e+02
2.3099642387e+02
2.3092079482e+02
2.3083971258e+02
2.3075669675e+02
2.3067326041e+02
2.3058354740e+02
2.3049409766e+02
2.3039824835e+02
2.3030447916e+02
2.3020547424e+02
2.3010495571e+02
2.2999639411e+02
2.2989200029e+02
2.2978227491e+02
2.2966679730e+02
2.2954973082e+02
2.2943299477e+02
2.2930866753e+02
2.2917656451e+02
2.2905857674e+02
2.2891928890e+02
2.2878219933e+02
2.2865818541e+02
2.2849244364e+02
2.2837280421e+02
2.2823440360e+02
2.2807996287e+02
2.2794668101e+02
2.2779161814e+02
2.2772964144e+02
2.2822658510e+02
