5.8421489875e+02
5.8329227194e+02
5.8423581434e+02
5.8327282228e+02
5.8425672994e+02
5.8325337263e+02
5.8427764553e+02
5.8323392297e+02
5.8429592308e+02
5.8321651965e+02
5.8431424830e+02
5.8319989555e+02
5.8433257353e+02
5.8318334343e+02
5.8435089876e+02
5.8316895154e+02
5.8436485431e+02
5.8315558129e+02
5.8437918443e+02
5.8314113100e+02
5.8439482043e+02
5.8312747584e+02
5.8440667723e+02
5.8311790142e+02
5.8441751652e+02
5.8310832700e+02
5.8442811569e+02
5.8309825733e+02
5.8443629458e+02
5.8309223487e+02
5.8444152554e+02
5.8308614646e+02
5.8444675650e+02
5.8308005805e+02
5.8445242899e+02
5.8307610792e+02
5.8445293697e+02
5.8307571542e+02
5.8445356588e+02
5.8307532293e+02
5.8445419479e+02
5.8307468500e+02
5.8445063006e+02
5.8307970810e+02
5.8444390554e+02
5.8308391920e+02
5.8443736801e+02
5.8308798754e+02
5.8443096239e+02
5.8309469077e+02
5.8441885621e+02
5.8310425716e+02
5.8440710019e+02
5.8311439335e+02
5.8439565324e+02
5.8312474327e+02
5.8437861903e+02
5.8314074055e+02
5.8436016599e+02
5.8315673783e+02
5.8434281349e+02
5.8317253707e+02
5.8432383221e+02
5.8318995354e+02
5.8429991836e+02
5.8321050056e+02
5.8427600452e+02
5.8323104758e+02
5.8425209067e+02
5.8325224291e+02
5.8422491571e+02
5.8327730983e+02
5.8419680012e+02
5.8330237675e+02
5.8416868454e+02
5.8332862616e+02
5.8413875837e+02
5.8335859834e+02
5.8410566141e+02
5.8338882825e+02
5.8407314020e+02
5.8341763271e+02
5.8404326033e+02
5.8344711214e+02
5.8400930858e+02
5.8347853877e+02
5.8397500232e+02
5.8351210575e+02
5.8393923375e+02
5.8354595919e+02
5.8390209573e+02
5.8358103527e+02
5.8386535255e+02
5.8361638922e+02
5.8383043355e+02
5.8365174316e+02
5.8379540786e+02
5.8368639422e+02
5.8375906998e+02
5.8372273210e+02
