4.5338591544e-07 -1.0166843357e-06
2.3474606348e-01 1.7902255994e-03
4.6474356580e-01 6.9686250699e-03
6.8990444850e-01 1.5583997818e-02
9.0987731596e-01 2.7381242755e-02
1.1246185222e+00 4.2181832341e-02
1.3340018584e+00 5.9947109240e-02
1.5375968564e+00 8.0568972228e-02
1.7353768195e+00 1.0375366423e-01
1.9272480925e+00 1.2943824456e-01
2.1129152147e+00 1.5751734734e-01
2.2921916841e+00 1.8774669076e-01
2.4650660852e+00 2.2008619045e-01
2.6313284650e+00 2.5424080601e-01
2.7908233357e+00 2.9014471187e-01
2.9434637716e+00 3.2765681737e-01
3.0890442736e+00 3.6650361989e-01
3.2276108484e+00 4.0666097885e-01
3.3590177438e+00 4.4784468760e-01
3.4831135159e+00 4.8994537845e-01
3.5998561357e+00 5.3284003059e-01
3.7092427530e+00 5.7625175835e-01
3.8111859083e+00 6.2014857081e-01
3.9056304421e+00 6.6424626727e-01
3.9925690889e+00 7.0843236336e-01
4.0719973035e+00 7.5259372382e-01
4.1439857059e+00 7.9649620659e-01
4.2084235935e+00 8.4004228336e-01
4.2654056195e+00 8.8299997625e-01
4.3149808037e+00 9.2531789673e-01
4.3572717674e+00 9.6677709206e-01
4.3921880217e+00 1.0072793525e+00
4.4199343889e+00 1.0466257352e+00
4.4405576990e+00 1.0847487580e+00
4.4542191414e+00 1.1214988684e+00
4.4609945868e+00 1.1567159972e+00
4.4609149837e+00 1.1903312427e+00
4.4543378176e+00 1.2221894566e+00
4.4412745382e+00 1.2522470033e+00
4.4219226580e+00 1.2803413212e+00
4.3964526901e+00 1.3063755989e+00
4.3649710965e+00 1.3303208306e+00
4.3278839448e+00 1.3520895047e+00
4.2851367093e+00 1.3715668027e+00
4.2370899091e+00 1.3887018313e+00
4.1839528745e+00 1.4034572503e+00
4.1258783361e+00 1.4158170274e+00
4.0631988597e+00 1.4256834393e+00
3.9959610508e+00 1.4330190056e+00
3.9246205844e+00 1.4378477925e+00
3.8493186985e+00 1.4401669234e+00
3.7702771428e+00 1.4399207722e+00
3.6878104503e+00 1.4371094266e+00
3.6020327970e+00 1.4317548583e+00
3.5133961062e+00 1.4239421804e+00
3.4219651367e+00 1.4135876697e+00
3.3281091123e+00 1.4007717204e+00
3.2320484877e+00 1.3855447025e+00
3.1339671906e+00 1.3679664556e+00
3.0342203071e+00 1.3480832996e+00
2.9329156975e+00 1.3258814591e+00
2.8304394276e+00 1.3015386312e+00
2.7269471584e+00 1.2751206638e+00
2.6226449341e+00 1.2466417797e+00
2.5178960908e+00 1.2162474088e+00
2.4127428620e+00 1.1839661355e+00
2.3075426582e+00 1.1500259515e+00
2.2024710253e+00 1.1144403539e+00
2.0976945202e+00 1.0772775302e+00
1.9935294869e+00 1.0387648437e+00
1.8900101502e+00 9.9894417006e-01
1.7874450294e+00 9.5801040222e-01
1.6860197782e+00 9.1600237295e-01
1.5859039631e+00 8.7311628699e-01
1.4872430103e+00 8.2951832261e-01
1.3902040440e+00 7.8527125539e-01
1.2950884474e+00 7.4061692509e-01
1.2019111407e+00 6.9558770172e-01
1.1108899461e+00 6.5047909465e-01
1.0221656677e+00 6.0538444689e-01
9.3591617391e-01 5.6037823073e-01
8.5234081971e-01 5.1577852405e-01
7.7145964099e-01 4.7163291772e-01
6.9350484022e-01 4.2822648671e-01
6.1868874952e-01 3.8564677086e-01
5.4712827811e-01 3.4413643988e-01
4.7891142761e-01 3.0384946672e-01
4.1427778615e-01 2.6501366137e-01
3.5345152724e-01 2.2783133099e-01
2.9655500538e-01 1.9252648851e-01
2.4375491259e-01 1.5934144814e-01
1.9532621705e-01 1.2842215518e-01
1.5152093466e-01 1.0009205070e-01
1.1257709534e-01 7.4679057860e-02
7.8747106415e-02 5.2463046101e-02
5.0369573108e-02 3.3581129186e-02
2.7988260813e-02 1.8637466939e-02
1.1782324877e-02 7.8153492851e-03
2.5113987483e-03 1.7726790107e-03
-9.2339079026e-07 -4.1836713442e-07
