3.8464586689e+02
3.8454946710e+02
3.8445557895e+02
3.8436721310e+02
3.8428199860e+02
3.8420106590e+02
3.8412346778e+02
3.8405142899e+02
3.8398157286e+02
3.8391891853e+02
3.8385622618e+02
3.8380018447e+02
3.8374636218e+02
3.8369822439e+02
3.8365492203e+02
3.8361503713e+02
3.8358182930e+02
3.8355208160e+02
3.8352654627e+02
3.8350451074e+02
3.8348673700e+02
3.8347421423e+02
3.8346701560e+02
3.8346543470e+02
3.8346757244e+02
3.8347348706e+02
3.8348614155e+02
3.8350295478e+02
3.8352431397e+02
3.8355222638e+02
3.8358371629e+02
3.8362202086e+02
3.8366435448e+02
3.8371039243e+02
3.8376399786e+02
3.8382125530e+02
3.8388335515e+02
3.8395301999e+02
3.8402637266e+02
3.8410347140e+02
3.8418732936e+02
3.8427456327e+02
3.8436945329e+02
3.8446835926e+02
3.8456916939e+02
3.8467946312e+02
3.8479398027e+02
3.8491126849e+02
3.8503778634e+02
3.8516623566e+02
3.8529873962e+02
3.8543741146e+02
3.8557940832e+02
3.8572545593e+02
3.8587644352e+02
3.8603271080e+02
3.8619429144e+02
3.8635887450e+02
3.8652822711e+02
3.8670199462e+02
3.8687906531e+02
3.8705882895e+02
3.8724383836e+02
3.8743469260e+02
3.8762475651e+02
3.8782060898e+02
3.8802125882e+02
3.8822307918e+02
3.8842806283e+02
3.8863653118e+02
3.8884856550e+02
3.8906046885e+02
3.8927789783e+02
3.8949538200e+02
3.8971678680e+02
3.8994273014e+02
3.9016771327e+02
3.9039381147e+02
3.9062443221e+02
3.9085665376e+02
3.9108647943e+02
3.9132151052e+02
3.9155846454e+02
3.9179334202e+02
3.9202603761e+02
3.9227195539e+02
3.9250974106e+02
3.9274404900e+02
3.9298641480e+02
3.9322606476e+02
3.9346197765e+02
3.9370646599e+02
3.9394796033e+02
3.9416129429e+02
3.9438963260e+02
3.9468215357e+02
3.9476920601e+02
3.9507390958e+02
3.9510372936e+02
3.9333332067e+02
