1.7791811378e+02
1.7812229402e+02
1.7832228368e+02
1.7851328547e+02
1.7869719902e+02
1.7887895932e+02
1.7904778101e+02
1.7921071160e+02
1.7936796182e+02
1.7951837980e+02
1.7966421261e+02
1.7979738842e+02
1.7992795183e+02
1.8005345763e+02
1.8016859672e+02
1.8027957897e+02
1.8038326293e+02
1.8048111309e+02
1.8057403367e+02
1.8065743661e+02
1.8073683957e+02
1.8081112769e+02
1.8087719134e+02
1.8093730702e+02
1.8099446045e+02
1.8104300956e+02
1.8108632571e+02
1.8112503737e+02
1.8115666904e+02
1.8118345895e+02
1.8120461637e+02
1.8121957496e+02
1.8122938287e+02
1.8123497995e+02
1.8123257249e+02
1.8122581032e+02
1.8121687700e+02
1.8119649702e+02
1.8117517108e+02
1.8114844218e+02
1.8111524911e+02
1.8107807251e+02
1.8103335939e+02
1.8098608353e+02
1.8093169967e+02
1.8087617338e+02
1.8081273487e+02
1.8074156093e+02
1.8066737549e+02
1.8059080251e+02
1.8050745427e+02
1.8041646539e+02
1.8032397044e+02
1.8022640956e+02
1.8012232438e+02
1.8001068625e+02
1.7989997846e+02
1.7978318853e+02
1.7965935633e+02
1.7952815485e+02
1.7939674359e+02
1.7925983873e+02
1.7911717789e+02
1.7896641854e+02
1.7881721710e+02
1.7865921138e+02
1.7849859424e+02
1.7833074391e+02
1.7816412332e+02
1.7798627683e+02
1.7780983138e+02
1.7762615327e+02
1.7743804021e+02
1.7725116380e+02
1.7705527416e+02
1.7686186770e+02
1.7665865121e+02
1.7645824924e+02
1.7625787778e+02
1.7604441488e+02
1.7584362260e+02
1.7563238821e+02
1.7542666149e+02
1.7522703530e+02
1.7500748745e+02
1.7481371531e+02
1.7461389419e+02
1.7441817654e+02
1.7422621823e+02
1.7405056169e+02
1.7386871733e+02
1.7373299821e+02
1.7355672017e+02
1.7345945074e+02
1.7334541153e+02
1.7332180779e+02
1.7330622764e+02
1.7330457228e+02
1.7368446361e+02
1.7477301248e+02
