5.1888531390e-03 7.7688109391e-03
1.2764459101e-02 1.9157143795e-02
2.7187717888e-02 -5.2687706875e-02
3.0077673560e-02 3.8208139796e-02
5.1715934741e-02 6.1871645762e-02
5.2191915092e-02 -9.1029736509e-02
7.6903523017e-02 8.9464649545e-02
8.8533651606e-02 -1.3586707963e-01
1.0486160590e-01 1.2027565244e-01
1.3177024097e-01 -1.8752334268e-01
1.3481205622e-01 1.5356813870e-01
1.7111691204e-01 1.9388121734e-01
1.8057237801e-01 -2.4490222857e-01
2.2510190768e-01 2.4613158046e-01
2.3360338466e-01 -3.0684563600e-01
2.8935449004e-01 2.9984459027e-01
2.9908120387e-01 -3.7851820413e-01
3.6295399697e-01 3.5474879216e-01
3.9135856006e-01 -4.6493926684e-01
4.4780789099e-01 4.1306032481e-01
4.9283429102e-01 -5.5229115048e-01
5.4169617123e-01 4.7610589748e-01
6.0090191029e-01 -6.4380813657e-01
6.3924025755e-01 5.4077785771e-01
7.1492138853e-01 -7.4592193492e-01
7.4023296753e-01 6.0660842132e-01
8.4169681258e-01 -8.4585828768e-01
8.6186500420e-01 6.7351411010e-01
9.8011228422e-01 -9.4348252620e-01
9.9086720923e-01 7.3690987209e-01
1.1263945824e+00 7.9668068597e-01
1.1289923988e+00 -1.0386029630e+00
1.2675481503e+00 8.5267081843e-01
1.2925672691e+00 -1.1371381326e+00
1.4124878280e+00 9.0721805570e-01
1.4664378684e+00 -1.2420126969e+00
1.5640735714e+00 9.6194180215e-01
1.6408513972e+00 -1.3462840104e+00
1.7255097549e+00 1.0112727322e+00
1.8209145556e+00 -1.4456850775e+00
1.8956488567e+00 1.0553741490e+00
2.0170904952e+00 -1.5319721428e+00
2.0732813511e+00 1.0943807400e+00
2.2184858008e+00 -1.6087732749e+00
2.2571411063e+00 1.1283977202e+00
2.4242985325e+00 -1.6764015456e+00
2.4459110380e+00 1.1575001442e+00
2.6336399228e+00 -1.7350787080e+00
2.6453302314e+00 1.1915268700e+00
2.8342948540e+00 1.2044428080e+00
2.8455380154e+00 -1.7849338060e+00
3.0301289169e+00 1.2123915354e+00
3.0634370429e+00 -1.8273620151e+00
3.2266463827e+00 1.2125035362e+00
3.2912335393e+00 -1.8672586258e+00
3.4229519132e+00 1.2046853444e+00
3.5009810953e+00 -1.8961749269e+00
3.6185013100e+00 1.1892232128e+00
3.7077379786e+00 -1.9167166498e+00
3.8126840452e+00 1.1664025109e+00
3.9110486530e+00 -1.9291756101e+00
4.0048255423e+00 1.1365063506e+00
4.1103109706e+00 -1.9337603180e+00
4.1991975138e+00 1.0981123537e+00
4.3047783787e+00 -1.9305948781e+00
4.3864892239e+00 1.0521080748e+00
4.4905436045e+00 -1.9159900461e+00
4.5574622976e+00 1.0021724027e+00
4.6689927807e+00 -1.8878157685e+00
4.7241078765e+00 9.4433009288e-01
4.8430011394e+00 -1.8493387294e+00
4.8861040281e+00 8.7905372181e-01
5.0120364765e+00 -1.8028313918e+00
5.0430581829e+00 8.0682320367e-01
5.1723592362e+00 -1.7508738722e+00
5.1945084539e+00 7.2812363942e-01
5.3222046545e+00 -1.6912404542e+00
5.3399253252e+00 6.4344316784e-01
5.4635777151e+00 -1.6236749360e+00
5.4787137029e+00 5.5327082754e-01
5.5973329684e+00 -1.5473165406e+00
5.6083382789e+00 4.5725983439e-01
5.7065002914e+00 -1.4653146690e+00
5.7180921494e+00 3.5400003667e-01
5.8058959311e+00 -1.3783952897e+00
5.8281309479e+00 2.4770783585e-01
5.8954956423e+00 -1.2869649093e+00
5.9232925818e+00 1.3883709749e-01
5.9751948339e+00 -1.1914198180e+00
5.9930379159e+00 2.9735305694e-02
6.0448087312e+00 -1.0921444662e+00
6.0519060125e+00 -8.1396226372e-02
6.1000484308e+00 -1.9409571695e-01
6.1040729836e+00 -9.8950991627e-01
6.1375421494e+00 -3.0788688346e-01
6.1494316546e+00 -8.8063492827e-01
6.1643889830e+00 -4.2228088297e-01
6.1766948824e+00 -7.6631491697e-01
6.1805154215e+00 -5.3677831141e-01
6.1857728912e+00 -6.5087125361e-01
