4.3971248999e+02
4.3954139617e+02
4.3937221127e+02
4.3921609079e+02
4.3906600916e+02
4.3892085909e+02
4.3878597280e+02
4.3865288857e+02
4.3853240454e+02
4.3841689697e+02
4.3831355165e+02
4.3821252584e+02
4.3812193163e+02
4.3804206740e+02
4.3796466910e+02
4.3789905814e+02
4.3784038455e+02
4.3779047142e+02
4.3774977629e+02
4.3771312830e+02
4.3768892030e+02
4.3767402124e+02
4.3766306502e+02
4.3766497708e+02
4.3767338015e+02
4.3769069837e+02
4.3771832170e+02
4.3775093300e+02
4.3779316063e+02
4.3784837049e+02
4.3791054507e+02
4.3797742092e+02
4.3805655326e+02
4.3814560224e+02
4.3824145822e+02
4.3834541493e+02
4.3846050450e+02
4.3858076703e+02
4.3871246868e+02
4.3885315197e+02
4.3899944775e+02
4.3915808242e+02
4.3932224807e+02
4.3949456674e+02
4.3967371588e+02
4.3986495790e+02
4.4006235082e+02
4.4026586755e+02
4.4048098358e+02
4.4070164237e+02
4.4092999086e+02
4.4116378575e+02
4.4140788522e+02
4.4165821014e+02
4.4191154954e+02
4.4217719346e+02
4.4244826184e+02
4.4271949876e+02
4.4300531286e+02
4.4329040355e+02
4.4358167381e+02
4.4388307611e+02
4.4418407396e+02
4.4449241171e+02
4.4481009129e+02
4.4512297165e+02
4.4544843417e+02
4.4577075522e+02
4.4610296367e+02
4.4642909550e+02
4.4676870311e+02
4.4710218046e+02
4.4744380200e+02
4.4778488828e+02
4.4812713529e+02
4.4847390519e+02
4.4881385503e+02
4.4916472590e+02
4.4950865679e+02
4.4985377905e+02
4.5020036119e+02
4.5054284063e+02
4.5089129728e+02
4.5122562585e+02
4.5156191775e+02
4.5190686170e+02
4.5222300546e+02
4.5256478024e+02
4.5287161411e+02
4.5319285381e+02
4.5349653474e+02
4.5377787692e+02
4.5407142977e+02
4.5434456804e+02
4.5455991848e+02
4.5476966248e+02
4.5489838489e+02
4.5502874390e+02
4.5523109617e+02
4.5337435865e+02
