-1.4479779351e-05 -3.3101537945e-07
-6.6473784892e-06 -1.4995990442e-07
5.5950067090e-01 3.7429554642e-04
5.6297288799e-01 2.7391545730e-04
1.1067515068e+00 1.4758642729e-03
1.1151311358e+00 1.0688475942e-03
1.6417380280e+00 3.3043751640e-03
1.6564680961e+00 2.3846464508e-03
2.1645081136e+00 5.8659283842e-03
2.1869634584e+00 4.2229460702e-03
2.6752233869e+00 9.1221420653e-03
2.7064680830e+00 6.5600992962e-03
3.1738954918e+00 1.3071101653e-02
3.2149546246e+00 9.3882449243e-03
3.6606484684e+00 1.7686173961e-02
3.7124230835e+00 1.2707382955e-02
4.1356085163e+00 2.2911997374e-02
4.1988494834e+00 1.6525132042e-02
4.5987899523e+00 2.8781792408e-02
4.6740957246e+00 2.0802224445e-02
5.0503244404e+00 3.5227326995e-02
5.1381355853e+00 2.5520433698e-02
5.4903358962e+00 4.2220176075e-02
5.5909690654e+00 3.0679759799e-02
5.9187815205e+00 4.9755328192e-02
6.0325498989e+00 3.6262820974e-02
6.3358463412e+00 5.7772928518e-02
6.4627048330e+00 4.2250703102e-02
6.7415660517e+00 6.6192656865e-02
6.8814491329e+00 4.8623359843e-02
7.1360365844e+00 7.5040408196e-02
7.2888080505e+00 5.5365356557e-02
7.5192822070e+00 8.4292438870e-02
7.6846452847e+00 6.2454077371e-02
7.8914495006e+00 9.3818579217e-02
8.0688881254e+00 6.9848264218e-02
8.2525764049e+00 1.0360174512e-01
8.4415365725e+00 7.7547917099e-02
8.6026347784e+00 1.1363943906e-01
8.8025459211e+00 8.5539071438e-02
8.9417704762e+00 1.2384377248e-01
9.1518218319e+00 9.3757807174e-02
9.2700475910e+00 1.3415556043e-01
9.4893626835e+00 1.0219720941e-01
9.5874815149e+00 1.4457127205e-01
9.8151581626e+00 1.1085458402e-01
9.8940775264e+00 1.5503883855e-01
1.0129068554e+01 1.1966576818e-01
1.0189882075e+01 1.6544957118e-01
1.0431057028e+01 1.2860334207e-01
1.0474914048e+01 1.7579638653e-01
1.0721204121e+01 1.3765684779e-01
1.0749267010e+01 1.8605805559e-01
1.0999387211e+01 1.4680853622e-01
1.1012891601e+01 1.9614332443e-01
1.1265566355e+01 1.5597693707e-01
1.1265816870e+01 2.0598889192e-01
1.1508027044e+01 2.1562046350e-01
1.1519751505e+01 1.6516000426e-01
1.1739545280e+01 2.2495636861e-01
1.1761925437e+01 1.7435469660e-01
1.1960294761e+01 2.3394996083e-01
1.1992007611e+01 1.8347554569e-01
1.2170335301e+01 2.4256430673e-01
1.2209987979e+01 1.9250587617e-01
1.2369671634e+01 2.5078622118e-01
1.2415896027e+01 2.0144199638e-01
1.2558210926e+01 2.5855094947e-01
1.2609724134e+01 2.1024187135e-01
1.2735910897e+01 2.6582890538e-01
1.2791427224e+01 2.1882869302e-01
1.2902764173e+01 2.7262684640e-01
1.2961003358e+01 2.2720109764e-01
1.3058750889e+01 2.7889495042e-01
1.3118455368e+01 2.3535168049e-01
1.3203792068e+01 2.8459461605e-01
1.3263827918e+01 2.4320287111e-01
1.3337880409e+01 2.8971644595e-01
1.3397121486e+01 2.5073963290e-01
1.3460979786e+01 2.9424730817e-01
1.3518330025e+01 2.5796214432e-01
1.3572923606e+01 2.9817043867e-01
1.3627461526e+01 2.6480578143e-01
1.3673695444e+01 3.0149391573e-01
1.3724557718e+01 2.7121831084e-01
1.3763320910e+01 3.0416876130e-01
1.3809685927e+01 2.7722128745e-01
1.3841685630e+01 3.0621763377e-01
1.3882783008e+01 2.8279034097e-01
1.3908682926e+01 3.0761733342e-01
1.3943953054e+01 2.8785325636e-01
1.3964349033e+01 3.0838213935e-01
1.3993235410e+01 2.9240684466e-01
1.4008616635e+01 3.0850562918e-01
1.4030631277e+01 2.9644645537e-01
1.4041345785e+01 3.0802564718e-01
1.4056218416e+01 2.9992256348e-01
1.4062514960e+01 3.0691709529e-01
1.4070045859e+01 3.0282981625e-01
1.4072113605e+01 3.0516821370e-01
