3.1634597527e+02
3.1582917345e+02
3.1686386779e+02
3.1531236284e+02
3.1738268026e+02
3.1479285655e+02
3.1790139784e+02
3.1427305297e+02
3.1841845331e+02
3.1375496747e+02
3.1893551086e+02
3.1323941575e+02
3.1945441735e+02
3.1272383838e+02
3.1997506150e+02
3.1220749805e+02
3.2049569118e+02
3.1169102167e+02
3.2101433728e+02
3.1117485326e+02
3.2153299585e+02
3.1065903594e+02
3.2205202755e+02
3.1014317850e+02
3.2257161072e+02
3.0962979210e+02
3.2309123139e+02
3.0911693398e+02
3.2361022559e+02
3.0860321539e+02
3.2412923378e+02
3.0808718503e+02
3.2464879088e+02
3.0757109721e+02
3.2516917150e+02
3.0705853626e+02
3.2568960354e+02
3.0654695521e+02
3.2620695401e+02
3.0603558420e+02
3.2672414377e+02
3.0552459466e+02
3.2724259299e+02
3.0501353896e+02
3.2776296465e+02
3.0450246060e+02
3.2828340057e+02
3.0399134678e+02
3.2880210583e+02
3.0348088098e+02
3.2932065971e+02
3.0297240692e+02
3.2983885349e+02
3.0246385309e+02
3.3035664325e+02
3.0195561983e+02
3.3087450641e+02
3.0144749172e+02
3.3139310534e+02
3.3191187852e+02
3.0093975196e+02
3.3242991989e+02
3.0043357818e+02
3.3294668161e+02
2.9992731087e+02
3.3346352879e+02
2.9942205782e+02
3.3397952546e+02
2.9891729989e+02
3.3449539018e+02
2.9841289434e+02
3.3501205179e+02
2.9791062395e+02
3.3553076652e+02
2.9740824830e+02
3.3604958059e+02
2.9690520747e+02
3.3656463455e+02
2.9640172559e+02
3.3707868001e+02
2.9589859620e+02
3.3759235313e+02
2.9539835272e+02
3.3810494583e+02
2.9489798448e+02
3.3861764480e+02
2.9439979039e+02
3.3913328056e+02
2.9390317627e+02
3.3965001142e+02
2.9340655820e+02
3.4016542885e+02
2.9291035972e+02
3.4067642288e+02
2.9241402739e+02
3.4118753543e+02
2.9191836184e+02
3.4169904408e+02
2.9142326538e+02
3.4221078374e+02
2.9092821170e+02
3.4272234221e+02
2.9043878171e+02
3.4323301286e+02
2.8994920379e+02
3.4374381102e+02
2.8945809276e+02
3.4425387366e+02
2.8896543738e+02
3.4476360334e+02
2.8847265666e+02
3.4527308061e+02
2.8798629118e+02
3.4578083331e+02
2.8749982980e+02
3.4628872293e+02
2.8701316000e+02
3.4679643909e+02
2.8652628809e+02
3.4730409002e+02
2.8603927972e+02
3.4781154543e+02
2.8555621677e+02
3.4831679746e+02
3.4882219583e+02
2.8507313924e+02
3.4932688429e+02
2.8459108078e+02
3.4983108107e+02
2.8411054592e+02
3.5033527635e+02
2.8362984991e+02
3.5083829749e+02
2.8315133984e+02
3.5134147356e+02
2.8267283485e+02
3.5184379227e+02
2.8219508878e+02
3.5234538052e+02
2.8171875103e+02
3.5284702173e+02
2.8124224200e+02
3.5334647441e+02
2.8076918837e+02
3.5384609016e+02
2.8029646288e+02
3.5434507775e+02
2.7982415785e+02
3.5484341356e+02
2.7935290155e+02
3.5534190212e+02
2.7888146144e+02
3.5583832854e+02
2.7841307870e+02
3.5633492702e+02
2.7794513286e+02
3.5683103749e+02
2.7747809490e+02
3.5732652146e+02
2.7701355539e+02
3.5782216633e+02
2.7654882112e+02
3.5831464940e+02
2.7608515171e+02
3.5880713765e+02
3.5930001774e+02
2.7562152748e+02
3.5979337296e+02
2.7515874109e+02
3.6028689879e+02
2.7469887381e+02
3.6077523712e+02
2.7423879318e+02
3.6126319287e+02
2.7378100591e+02
3.6175083815e+02
2.7332378154e+02
3.6223782485e+02
2.7286761678e+02
3.6272498378e+02
2.7241604926e+02
3.6321303553e+02
2.7196425372e+02
3.6370146980e+02
2.7151302937e+02
3.6418816383e+02
2.7106188419e+02
3.6467118811e+02
2.7061106133e+02
3.6515440424e+02
2.7016270810e+02
3.6563587588e+02
2.6971412856e+02
3.6611713393e+02
2.6926880668e+02
3.6659773747e+02
3.6707647289e+02
2.6882496183e+02
3.6755539806e+02
2.6838109792e+02
3.6803510913e+02
2.6793854770e+02
3.6851524113e+02
2.6749575592e+02
3.6899411826e+02
2.6705747042e+02
3.6946888762e+02
2.6662181072e+02
3.6994385597e+02
2.6618581801e+02
3.7041737338e+02
2.6574892046e+02
3.7089053782e+02
2.6531178139e+02
3.7136357217e+02
2.6487890901e+02
3.7183554931e+02
2.6444895346e+02
3.7230771985e+02
2.6401876212e+02
3.7277795357e+02
2.6358911581e+02
3.7324754934e+02
2.6315921831e+02
3.7371676759e+02
3.7418334153e+02
2.6273243105e+02
3.7465012302e+02
2.6230811167e+02
3.7511539856e+02
2.6188353950e+02
3.7558003601e+02
2.6146234232e+02
3.7604459656e+02
2.6104086995e+02
3.7650741085e+02
2.6062135314e+02
3.7697043357e+02
2.6020374444e+02
3.7743180422e+02
2.5978584051e+02
3.7789229676e+02
2.5937150763e+02
3.7835276089e+02
2.5895701433e+02
3.7881092131e+02
2.5854413762e+02
3.7926929875e+02
2.5813314489e+02
3.7972596909e+02
3.8018148398e+02
2.5772184996e+02
3.8063707976e+02
2.5731427964e+02
3.8109013203e+02
2.5690672688e+02
3.8154340395e+02
2.5650081236e+02
3.8199543923e+02
2.5609721570e+02
3.8244648686e+02
2.5569330905e+02
3.8289773183e+02
2.5529173006e+02
3.8334589530e+02
2.5489018325e+02
3.8379428274e+02
2.5449131843e+02
3.8424119908e+02
2.5409699551e+02
3.8468664396e+02
3.8513232166e+02
2.5370234678e+02
3.8557512807e+02
2.5330802340e+02
3.8601805292e+02
2.5291352140e+02
3.8646211357e+02
2.5252140184e+02
3.8690765982e+02
2.5213408988e+02
3.8735343884e+02
2.5174644861e+02
3.8778826163e+02
2.5135940385e+02
3.8822245466e+02
2.5097228344e+02
3.8865790264e+02
2.5058726949e+02
3.8909523095e+02
2.5020739358e+02
3.8953279922e+02
3.8996808925e+02
2.4982718179e+02
3.9040329969e+02
2.4944693586e+02
3.9083650525e+02
2.4906647169e+02
3.9126625341e+02
2.4868770535e+02
3.9169625099e+02
2.4831412073e+02
3.9212474052e+02
2.4794018406e+02
3.9255315482e+02
2.4756933105e+02
3.9298051816e+02
2.4719942898e+02
3.9340558485e+02
2.4683014042e+02
3.9383089828e+02
3.9425436271e+02
2.4646389576e+02
3.9467756718e+02
2.4609729908e+02
3.9509999007e+02
2.4573403715e+02
3.9552028136e+02
2.4537211657e+02
3.9594082145e+02
2.4501064371e+02
3.9635880190e+02
2.4465240388e+02
3.9677617584e+02
2.4429380799e+02
3.9719291859e+02
2.4393835588e+02
3.9760739071e+02
2.4358447726e+02
3.9802211527e+02
3.9843495980e+02
2.4323004121e+02
3.9884725127e+02
2.4287309459e+02
3.9925918664e+02
2.4251578449e+02
3.9966926144e+02
2.4216828009e+02
4.0007959337e+02
2.4182703297e+02
4.0048677938e+02
2.4148563246e+02
4.0089267348e+02
2.4114506304e+02
4.0129798185e+02
2.4080411816e+02
4.0169934912e+02
4.0210097659e+02
2.4046294425e+02
4.0250093170e+02
2.4012154184e+02
4.0290008137e+02
2.3978038590e+02
4.0329906554e+02
2.3944700552e+02
4.0369565035e+02
2.3911323537e+02
4.0409249226e+02
2.3878177721e+02
4.0448741604e+02
2.3845238141e+02
4.0488117710e+02
2.3812264869e+02
4.0527476842e+02
4.0566457544e+02
2.3779840001e+02
4.0605464255e+02
2.3747377003e+02
4.0644273865e+02
2.3714990541e+02
4.0682937897e+02
2.3682688605e+02
4.0721604507e+02
2.3650349629e+02
4.0759862708e+02
2.3618789562e+02
4.0798147172e+02
2.3587207070e+02
4.0836271147e+02
4.0874252014e+02
2.3555830484e+02
4.0912252276e+02
2.3524723228e+02
4.0949755841e+02
2.3493577701e+02
4.0987285862e+02
2.3462856272e+02
4.1024698681e+02
2.3432128759e+02
4.1061985013e+02
2.3401490214e+02
4.1099297325e+02
2.3371001926e+02
4.1136027720e+02
4.1172766880e+02
2.3340474238e+02
4.1209305329e+02
2.3310820298e+02
4.1245585653e+02
2.3281230047e+02
4.1281892389e+02
2.3251844099e+02
4.1317757255e+02
2.3222850102e+02
4.1353613031e+02
2.3193815796e+02
4.1389301691e+02
2.3165192728e+02
4.1424730459e+02
4.1460185357e+02
2.3136606236e+02
4.1495156381e+02
2.3108238580e+02
4.1530091907e+02
2.3080375513e+02
4.1564821506e+02
2.3052471443e+02
4.1599170157e+02
2.3024925057e+02
4.1633545792e+02
2.2997426654e+02
4.1667347952e+02
2.2970206247e+02
4.1701069749e+02
4.1734658377e+02
2.2943756485e+02
4.1767937681e+02
2.2917263529e+02
4.1801244543e+02
2.2891074442e+02
4.1833774383e+02
2.2864937853e+02
4.1866137086e+02
2.2839123816e+02
4.1898346443e+02
2.2814414433e+02
4.1930123504e+02
4.1961927858e+02
2.2789658456e+02
4.1993070891e+02
2.2765650694e+02
4.2024031307e+02
2.2741909969e+02
4.2054791231e+02
2.2718331384e+02
4.2084865273e+02
2.2695526509e+02
4.2114967879e+02
2.2672676364e+02
4.2144357099e+02
4.2173497648e+02
2.2650770030e+02
4.2202425439e+02
2.2629263335e+02
4.2230424526e+02
2.2607998726e+02
4.2258453930e+02
2.2588192005e+02
4.2285280950e+02
2.2568335758e+02
4.2311571729e+02
2.2549491563e+02
4.2337656549e+02
4.2362538376e+02
2.2531168543e+02
4.2387449452e+02
2.2513242919e+02
4.2410869921e+02
2.2498531061e+02
4.2433489637e+02
2.2483761486e+02
4.2455854103e+02
2.2470823783e+02
4.2476162347e+02
2.2459094465e+02
4.2496499049e+02
4.2515366093e+02
2.2447785591e+02
4.2533301366e+02
2.2441835052e+02
4.2550753503e+02
2.2435820239e+02
4.2562360056e+02
2.2434867690e+02
4.2574005481e+02
2.2437897060e+02
4.2580765583e+02
4.2583675122e+02
2.2441929928e+02
4.2585600886e+02
2.2471166529e+02
4.2563382926e+02
2.2500351358e+02
4.2541192242e+02
2.2573827675e+02
4.2473889269e+02
2.2688916448e+02
4.2364565167e+02
4.2255207927e+02
2.2804064913e+02
