3.0393626201e+02
3.0393113333e+02
3.0392600465e+02
3.0392025848e+02
3.0391382340e+02
3.0390698048e+02
3.0390117940e+02
3.0389311700e+02
3.0388590730e+02
3.0387950193e+02
3.0387189857e+02
3.0386305955e+02
3.0385338570e+02
3.0384510974e+02
3.0383534088e+02
3.0382516597e+02
3.0381325309e+02
3.0380192379e+02
3.0379023952e+02
3.0377674731e+02
3.0376365471e+02
3.0374887012e+02
3.0373366916e+02
3.0371741763e+02
3.0369989355e+02
3.0368183341e+02
3.0366212387e+02
3.0364296900e+02
3.0362119208e+02
3.0359919126e+02
3.0357664395e+02
3.0355317995e+02
3.0352823602e+02
3.0350160172e+02
3.0347448769e+02
3.0344589916e+02
3.0341776500e+02
3.0338758789e+02
3.0335698993e+02
3.0332533716e+02
3.0329221203e+02
3.0325855407e+02
3.0322491602e+02
3.0318590264e+02
3.0314516363e+02
3.0310749425e+02
3.0307257728e+02
3.0303470506e+02
3.0299526484e+02
3.0295238116e+02
3.0291089655e+02
3.0287031007e+02
3.0282700047e+02
3.0278427748e+02
3.0274153084e+02
3.0269925503e+02
3.0265881058e+02
3.0261734231e+02
3.0257249503e+02
3.0253047484e+02
3.0248841767e+02
3.0244540865e+02
3.0240273389e+02
3.0236143690e+02
3.0232108430e+02
3.0228317623e+02
3.0224406332e+02
3.0220553557e+02
3.0216932207e+02
3.0213398841e+02
3.0209921380e+02
3.0206684103e+02
3.0203654355e+02
3.0200731044e+02
3.0198018327e+02
3.0195604175e+02
3.0193186315e+02
3.0191174925e+02
3.0189432351e+02
3.0187770520e+02
3.0186703547e+02
3.0185386612e+02
3.0184767353e+02
3.0184176438e+02
3.0184016256e+02
3.0184194451e+02
3.0184701301e+02
3.0185188432e+02
3.0186486976e+02
3.0187630720e+02
3.0189284795e+02
3.0191200003e+02
3.0193603311e+02
3.0195784455e+02
3.0198652993e+02
3.0201640639e+02
3.0204623290e+02
3.0208176904e+02
3.0211624470e+02
3.0214651907e+02
