2.3461090384e+02
2.3469789095e+02
2.3478271399e+02
2.3486233556e+02
2.3494051707e+02
2.3501631129e+02
2.3508852381e+02
2.3515741330e+02
2.3522434711e+02
2.3528746004e+02
2.3534868882e+02
2.3540796642e+02
2.3546294014e+02
2.3551569094e+02
2.3556646725e+02
2.3561599273e+02
2.3566093632e+02
2.3570514591e+02
2.3574665016e+02
2.3578646615e+02
2.3582490749e+02
2.3585889168e+02
2.3589182672e+02
2.3592330629e+02
2.3595142061e+02
2.3597817939e+02
2.3600343867e+02
2.3602649000e+02
2.3604806942e+02
2.3606858840e+02
2.3608709709e+02
2.3610206424e+02
2.3611595663e+02
2.3612852596e+02
2.3613861912e+02
2.3614880719e+02
2.3615672158e+02
2.3616213907e+02
2.3616582201e+02
2.3616707276e+02
2.3616850924e+02
2.3616865112e+02
2.3616569318e+02
2.3616030704e+02
2.3615404814e+02
2.3614564935e+02
2.3613660709e+02
2.3612631556e+02
2.3611372266e+02
2.3609803578e+02
2.3607995640e+02
2.3606136282e+02
2.3604177844e+02
2.3601844207e+02
2.3599427267e+02
2.3596765182e+02
2.3593625127e+02
2.3590702893e+02
2.3587336477e+02
2.3583681542e+02
2.3580129249e+02
2.3576135159e+02
2.3571388625e+02
2.3566921585e+02
2.3562272898e+02
2.3556913245e+02
2.3551453499e+02
2.3545860450e+02
2.3539757272e+02
2.3533092204e+02
2.3526689501e+02
2.3519441083e+02
2.3511895905e+02
2.3504455186e+02
2.3495895547e+02
2.3487541089e+02
2.3478711208e+02
2.3468643532e+02
2.3459201326e+02
2.3449175930e+02
2.3437945462e+02
2.3427001017e+02
2.3415538343e+02
2.3403190096e+02
2.3390508036e+02
2.3378073019e+02
2.3364315577e+02
2.3349372345e+02
2.3336683556e+02
2.3320740132e+02
2.3305301113e+02
2.3291680979e+02
2.3271974130e+02
2.3258955018e+02
2.3242907227e+02
2.3230261582e+02
2.3204530926e+02
2.3198699268e+02
2.3179700687e+02
2.3331733861e+02
