2.1733385338e+02
2.1744385783e+02
2.1755001954e+02
2.1765367575e+02
2.1775060881e+02
2.1784640075e+02
2.1793588013e+02
2.1802371865e+02
2.1810825887e+02
2.1818756331e+02
2.1826461946e+02
2.1833571526e+02
2.1840566171e+02
2.1847181575e+02
2.1853459545e+02
2.1859475051e+02
2.1864937687e+02
2.1870292536e+02
2.1875314410e+02
2.1880010481e+02
2.1884394823e+02
2.1888424711e+02
2.1892292003e+02
2.1895814161e+02
2.1898911897e+02
2.1901835580e+02
2.1904714092e+02
2.1907044303e+02
2.1909124335e+02
2.1911011592e+02
2.1912474534e+02
2.1913929133e+02
2.1915007823e+02
2.1915707904e+02
2.1916261852e+02
2.1916726094e+02
2.1916791198e+02
2.1916467926e+02
2.1916057571e+02
2.1915249302e+02
2.1914350603e+02
2.1913194520e+02
2.1911573739e+02
2.1909888567e+02
2.1907979321e+02
2.1905853583e+02
2.1903250294e+02
2.1900424475e+02
2.1897491856e+02
2.1894234395e+02
2.1890884999e+02
2.1886778834e+02
2.1882709306e+02
2.1878311729e+02
2.1873782772e+02
2.1868799074e+02
2.1863265264e+02
2.1858069713e+02
2.1852057863e+02
2.1845916798e+02
2.1839158197e+02
2.1832415734e+02
2.1825395138e+02
2.1817683597e+02
2.1809983463e+02
2.1801644103e+02
2.1793328760e+02
2.1783910459e+02
2.1774642181e+02
2.1764946777e+02
2.1754922811e+02
2.1744158658e+02
2.1733192167e+02
2.1721916863e+02
2.1710070684e+02
2.1697932606e+02
2.1685201142e+02
2.1671876453e+02
2.1658694147e+02
2.1644333929e+02
2.1630489299e+02
2.1614995299e+02
2.1600099260e+02
2.1584072565e+02
2.1568679909e+02
2.1551052849e+02
2.1535488989e+02
2.1517359873e+02
2.1500604254e+02
2.1482078083e+02
2.1465828749e+02
2.1447459645e+02
2.1429797112e+02
2.1411418731e+02
2.1394590552e+02
2.1377345538e+02
2.1367900234e+02
2.1361669005e+02
2.1355494521e+02
2.1513831317e+02
