7.2100980913e+02
7.1956188305e+02
7.2104606425e+02
7.1952813592e+02
7.2108152090e+02
7.1949438879e+02
7.2111531380e+02
7.1946064166e+02
7.2114935370e+02
7.1943166679e+02
7.2118339360e+02
7.1940431580e+02
7.2121250930e+02
7.1937650246e+02
7.2123929397e+02
7.1934796175e+02
7.2126574056e+02
7.1932653468e+02
7.2129218714e+02
7.1930510761e+02
7.2131628647e+02
7.1928328122e+02
7.2133396111e+02
7.1926585255e+02
7.2135343462e+02
7.1925004526e+02
7.2137326677e+02
7.1923423797e+02
7.2138951444e+02
7.1921972495e+02
7.2139968969e+02
7.1921243752e+02
7.2140922771e+02
7.1920499978e+02
7.2141876572e+02
7.1919754522e+02
7.2142033931e+02
7.1919498477e+02
7.2142110434e+02
7.1919616152e+02
7.2142056058e+02
7.2141635289e+02
7.1919768353e+02
7.2140558658e+02
7.1920034015e+02
7.2139482027e+02
7.1921104160e+02
7.2138409825e+02
7.1922187951e+02
7.2136510320e+02
7.1923271742e+02
7.2134382942e+02
7.1924819604e+02
7.2132313497e+02
7.1926777668e+02
7.2130041839e+02
7.1928700523e+02
7.2127001581e+02
7.1930623379e+02
7.2124009737e+02
7.1933035303e+02
7.2121017893e+02
7.1935975942e+02
7.2117251489e+02
7.1938959169e+02
7.2113125422e+02
7.1942040256e+02
7.2109343110e+02
7.1945473001e+02
7.2105487004e+02
7.1949059236e+02
7.2100581318e+02
7.1953094628e+02
7.2095675632e+02
7.1957314557e+02
7.2091080377e+02
7.1961641627e+02
7.2086251035e+02
7.1965968696e+02
7.2080903376e+02
7.1970708120e+02
7.2075555717e+02
7.1975821643e+02
7.2070208058e+02
7.1980894159e+02
7.2064768775e+02
7.1985841179e+02
7.2059158504e+02
7.1990747726e+02
7.2053548232e+02
7.1996345929e+02
7.2047748771e+02
7.2001985812e+02
7.2041660048e+02
7.2007625696e+02
7.2036090268e+02
7.2012981827e+02
7.2030520489e+02
7.2018529786e+02
7.2024610119e+02
