6.4099132056e-07 3.3514537724e-06
2.4762253842e-01 -4.7516789848e-04
4.8902905646e-01 -1.8754266313e-03
7.2422993294e-01 -4.1543088689e-03
9.5322708119e-01 -7.2875825227e-03
1.1760586075e+00 -1.1220054970e-02
1.3927218542e+00 -1.5927836442e-02
1.6032633728e+00 -2.1363069515e-02
1.8076852770e+00 -2.7498684620e-02
2.0060393914e+00 -3.4289053567e-02
2.1983377084e+00 -4.1707512453e-02
2.3846320081e+00 -4.9713112056e-02
2.5649391011e+00 -5.8275320825e-02
2.7393125668e+00 -6.7357507388e-02
2.9077704555e+00 -7.6928175338e-02
3.0703686154e+00 -8.6956259060e-02
3.2271442325e+00 -9.7405705055e-02
3.3781315942e+00 -1.0825159075e-01
3.5233770774e+00 -1.1945677535e-01
3.6629238130e+00 -1.3099805295e-01
3.7968081136e+00 -1.4284020802e-01
3.9250782401e+00 -1.5495571519e-01
4.0477689437e+00 -1.6731990088e-01
4.1649345402e+00 -1.7989982516e-01
4.2765990006e+00 -1.9267285067e-01
4.3828303056e+00 -2.0560633269e-01
4.4836456335e+00 -2.1868102971e-01
4.5790963355e+00 -2.3186340370e-01
4.6692136004e+00 -2.4513481844e-01
4.7540636256e+00 -2.5846262811e-01
4.8336543591e+00 -2.7182838513e-01
4.9080378193e+00 -2.8520237645e-01
4.9772513748e+00 -2.9856419252e-01
5.0413243328e+00 -3.1188613771e-01
5.1003050666e+00 -3.2514931694e-01
5.1542143569e+00 -3.3832572487e-01
5.2031022357e+00 -3.5139190313e-01
5.2469917505e+00 -3.6432686531e-01
5.2859171521e+00 -3.7710581611e-01
5.3199220260e+00 -3.8971118684e-01
5.3490065857e+00 -4.0211128839e-01
5.3732276135e+00 -4.1428723697e-01
5.3926093921e+00 -4.2622042401e-01
5.4071669695e+00 -4.3788028660e-01
5.4169311655e+00 -4.4924808177e-01
5.4219538704e+00 -4.6030360843e-01
5.4222160290e+00 -4.7101955700e-01
5.4177814012e+00 -4.8137327585e-01
5.4086433946e+00 -4.9134208711e-01
5.3948417368e+00 -5.0090334910e-01
5.3763944067e+00 -5.1003178025e-01
5.3533380643e+00 -5.1870877754e-01
5.3256757899e+00 -5.2690285678e-01
5.2934500650e+00 -5.3459999469e-01
5.2566637632e+00 -5.4177091932e-01
5.2153494103e+00 -5.4838771268e-01
5.1695246720e+00 -5.5443061789e-01
5.1192195381e+00 -5.5987550386e-01
5.0644479153e+00 -5.6468993785e-01
5.0052406145e+00 -5.6885974275e-01
4.9416194267e+00 -5.7235586644e-01
4.8736169364e+00 -5.7514931267e-01
4.8012530109e+00 -5.7721606004e-01
4.7245671641e+00 -5.7853396789e-01
4.6435732745e+00 -5.7907229044e-01
4.5583279011e+00 -5.7881103603e-01
4.4688541330e+00 -5.7771794394e-01
4.3751837815e+00 -5.7576666327e-01
4.2773839806e+00 -5.7293616940e-01
4.1754838463e+00 -5.6919812589e-01
4.0695218834e+00 -5.6452570902e-01
3.9595794981e+00 -5.5889491371e-01
3.8456996656e+00 -5.5227632596e-01
3.7279580343e+00 -5.4465011462e-01
3.6064324786e+00 -5.3598952966e-01
3.4811788910e+00 -5.2627264266e-01
3.3523183512e+00 -5.1547421363e-01
3.2199293372e+00 -5.0357883623e-01
3.0841390591e+00 -4.9056607555e-01
2.9450685906e+00 -4.7641257804e-01
2.8028380673e+00 -4.6110880678e-01
2.6576284611e+00 -4.4463611096e-01
2.5095873046e+00 -4.2698878162e-01
2.3589166272e+00 -4.0816212843e-01
2.2058509848e+00 -3.8815374980e-01
2.0506166565e+00 -3.6697392512e-01
1.8934918271e+00 -3.4462170597e-01
1.7348042054e+00 -3.2113302212e-01
1.5749381941e+00 -2.9652784401e-01
1.4143092109e+00 -2.7086605911e-01
1.2534199321e+00 -2.4420625939e-01
1.0928968777e+00 -2.1662297125e-01
9.3344486491e-01 -1.8825696635e-01
7.7596765388e-01 -1.5926594326e-01
6.2166282087e-01 -1.2985658145e-01
4.7200228343e-01 -1.0036893316e-01
3.2918247122e-01 -7.1318515325e-02
1.9653183711e-01 -4.3384582880e-02
8.0250515005e-02 -1.7395707270e-02
-7.8191372496e-05 1.9834286685e-05
