1.0819466539e-06 1.3102059075e-06
2.9262940003e-01 -7.9956482284e-04
5.7861417954e-01 -3.1595151603e-03
8.5786473814e-01 -6.9986157273e-03
1.1303455132e+00 -1.2276954647e-02
1.3960057822e+00 -1.8898650183e-02
1.6548064971e+00 -2.6823314707e-02
1.9067307149e+00 -3.5973327068e-02
2.1517164234e+00 -4.6288319849e-02
2.3897809160e+00 -5.7707699873e-02
2.6208800379e+00 -7.0164710349e-02
2.8450196176e+00 -8.3599408329e-02
3.0621979541e+00 -9.7951697254e-02
3.2723882106e+00 -1.1316093998e-01
3.4756209065e+00 -1.2917037550e-01
3.6718741912e+00 -1.4591844488e-01
3.8611790280e+00 -1.6335053677e-01
4.0435333840e+00 -1.8141451384e-01
4.2189469484e+00 -2.0004873769e-01
4.3874514633e+00 -2.1920196740e-01
4.5490392521e+00 -2.3882229038e-01
4.7037590161e+00 -2.5885940157e-01
4.8516133676e+00 -2.7926127838e-01
4.9926358773e+00 -2.9997497844e-01
5.1268538108e+00 -3.2095552717e-01
5.2542750260e+00 -3.4215132022e-01
5.3749533263e+00 -3.6351449387e-01
5.4888968762e+00 -3.8500846809e-01
5.5961393761e+00 -4.0657236807e-01
5.6967019264e+00 -4.2816543345e-01
5.7906295207e+00 -4.4975437592e-01
5.8779557367e+00 -4.7128492524e-01
5.9586935178e+00 -4.9271314151e-01
6.0329011485e+00 -5.1400394817e-01
6.1005823016e+00 -5.3511372887e-01
6.1617944070e+00 -5.5599626751e-01
6.2165595600e+00 -5.7661618742e-01
6.2649171891e+00 -5.9693023941e-01
6.3069046763e+00 -6.1689800901e-01
6.3425501109e+00 -6.3648593539e-01
6.3718980748e+00 -6.5565206681e-01
6.3949810875e+00 -6.7435402441e-01
6.4118357779e+00 -6.9255836064e-01
6.4225018030e+00 -7.1022709849e-01
6.4270275228e+00 -7.2731756910e-01
6.4254400115e+00 -7.4379738879e-01
6.4177796169e+00 -7.5962642635e-01
6.4041089626e+00 -7.7476840101e-01
6.3844363281e+00 -7.8918648853e-01
6.3588395475e+00 -8.0284817407e-01
6.3273580716e+00 -8.1571012797e-01
6.2900139076e+00 -8.2773373327e-01
6.2468869584e+00 -8.3889051912e-01
6.1980144770e+00 -8.4914362356e-01
6.1434552359e+00 -8.5845090614e-01
6.0832536653e+00 -8.6677667793e-01
6.0174821175e+00 -8.7409104409e-01
5.9461803635e+00 -8.8035327171e-01
5.8694346513e+00 -8.8553323630e-01
5.7872876244e+00 -8.8958991503e-01
5.6998334497e+00 -8.9248940563e-01
5.6071292797e+00 -8.9419541026e-01
5.5092584590e+00 -8.9468197445e-01
5.4062832708e+00 -8.9390747915e-01
5.2983207616e+00 -8.9184126123e-01
5.1854422969e+00 -8.8844685053e-01
5.0677603794e+00 -8.8369990500e-01
4.9453523786e+00 -8.7756441890e-01
4.8183517646e+00 -8.7001566462e-01
4.6868621652e+00 -8.6102057606e-01
4.5510220588e+00 -8.5055435380e-01
4.4109501872e+00 -8.3858556427e-01
4.2667849163e+00 -8.2509632571e-01
4.1186843175e+00 -8.1006891065e-01
3.9668179745e+00 -7.9348351570e-01
3.8113614661e+00 -7.7531529431e-01
3.6524928899e+00 -7.5555828839e-01
3.4904072450e+00 -7.3420269347e-01
3.3253518005e+00 -7.1124659341e-01
3.1575559959e+00 -6.8669727106e-01
2.9872516330e+00 -6.6054584566e-01
2.8147409486e+00 -6.3281490878e-01
2.6403219322e+00 -6.0351721720e-01
2.4643196443e+00 -5.7270381301e-01
2.2871094929e+00 -5.4039317544e-01
2.1091055402e+00 -5.0666536407e-01
1.9307216144e+00 -4.7156836158e-01
1.7524594544e+00 -4.3519078953e-01
1.5748872865e+00 -3.9763668662e-01
1.3986565680e+00 -3.5904579447e-01
1.2244551949e+00 -3.1960595034e-01
1.0531203308e+00 -2.7952118225e-01
8.8560363619e-01 -2.3903294434e-01
7.2317165544e-01 -1.9847029705e-01
5.6724321955e-01 -1.5826782060e-01
4.1959110097e-01 -1.1902081851e-01
2.8292042119e-01 -8.1572816825e-02
1.6093406086e-01 -4.7163036687e-02
6.0144578972e-02 -1.7186813959e-02
-2.7739322614e-05 5.0873705800e-06
