2.7521842584e+02
2.7476506477e+02
2.7566738651e+02
2.7431166768e+02
2.7611340034e+02
2.7386133320e+02
2.7656036245e+02
2.7341134921e+02
2.7702196246e+02
2.7295861161e+02
2.7748351197e+02
2.7250080944e+02
2.7794253241e+02
2.7204295139e+02
2.7839993050e+02
2.7160047094e+02
2.7885725847e+02
2.7116051754e+02
2.7930973373e+02
2.7071565444e+02
2.7976220304e+02
2.7026077181e+02
2.8021722777e+02
2.6980583436e+02
2.8067519212e+02
2.6935977419e+02
2.8113320454e+02
2.6891567574e+02
2.8159046603e+02
2.6847134381e+02
2.8204771188e+02
2.6802602708e+02
2.8250044118e+02
2.6758064933e+02
2.8294807749e+02
2.6713629182e+02
2.8339574260e+02
2.6669221807e+02
2.8386060685e+02
2.6624657842e+02
2.8432658240e+02
2.6579578695e+02
2.8478886670e+02
2.6534492238e+02
2.8524645898e+02
2.6490534167e+02
2.8570410504e+02
2.6446975595e+02
2.8616024451e+02
2.6403228175e+02
2.8661622663e+02
2.6358726204e+02
2.8707258402e+02
2.6314213923e+02
2.8752984922e+02
2.6270271053e+02
2.8798716375e+02
2.6226574577e+02
2.8844796020e+02
2.6182973413e+02
2.8890934892e+02
2.6139770144e+02
2.8936922966e+02
2.6096558597e+02
2.8982654031e+02
2.6052773134e+02
2.9028391603e+02
2.6008686188e+02
2.9074369697e+02
2.5964686493e+02
2.9120403521e+02
2.5921134726e+02
2.9166384807e+02
2.5877572355e+02
2.9212278706e+02
2.5834234241e+02
2.9258179672e+02
2.5791034613e+02
2.9304187944e+02
2.5747898397e+02
2.9350229859e+02
2.5705291954e+02
2.9395958838e+02
2.5662674519e+02
2.9440813898e+02
2.5619553311e+02
2.9485676538e+02
2.5576060900e+02
2.9532044413e+02
2.5532689096e+02
2.9578949146e+02
2.5491267995e+02
2.9625642392e+02
2.5449835782e+02
2.9671675539e+02
2.5407334933e+02
2.9717718682e+02
2.5363910254e+02
2.9763292288e+02
2.5320524982e+02
2.9808663965e+02
2.5278101620e+02
2.9854264369e+02
2.5235664841e+02
2.9901034420e+02
2.9947817190e+02
2.5193475986e+02
2.9993284851e+02
2.5151543067e+02
3.0038066258e+02
2.5109600297e+02
3.0083008446e+02
2.5067831788e+02
3.0128997461e+02
2.5026039416e+02
3.0174996677e+02
2.4984316660e+02
3.0220824199e+02
2.4942683201e+02
3.0266546248e+02
2.4901039409e+02
3.0312256406e+02
2.4859818346e+02
3.0357913413e+02
2.4818599412e+02
3.0403581235e+02
2.4777371798e+02
3.0449260158e+02
2.4736140343e+02
3.0494948166e+02
2.4694897841e+02
3.0540619099e+02
2.4653193676e+02
3.0586048752e+02
2.4611389830e+02
3.0631489879e+02
2.4570242575e+02
3.0677059421e+02
2.4530211656e+02
3.0722739608e+02
2.4490166671e+02
3.0768411288e+02
2.4450101206e+02
3.0813681676e+02
2.4410006532e+02
3.0858963763e+02
2.4369811351e+02
3.0904439848e+02
2.4329435257e+02
3.0950111796e+02
3.0995792939e+02
2.4289046483e+02
3.1041123805e+02
2.4248945389e+02
3.1086471226e+02
2.4208869189e+02
3.1131769718e+02
2.4168938903e+02
3.1177004460e+02
2.4129391097e+02
3.1222248960e+02
2.4089828745e+02
3.1267684119e+02
2.4050779769e+02
3.1313160184e+02
2.4011847173e+02
3.1358468138e+02
2.3972767513e+02
3.1403530397e+02
2.3933294362e+02
3.1448603627e+02
2.3893807610e+02
3.1493319394e+02
2.3854929560e+02
3.1538014908e+02
2.3816229545e+02
3.1582980708e+02
2.3777487329e+02
3.1628388379e+02
2.3738646384e+02
3.1673807166e+02
2.3699788675e+02
3.1718969346e+02
3.1764115394e+02
2.3661890487e+02
3.1809032117e+02
2.3624391674e+02
3.1853473341e+02
2.3586706515e+02
3.1897927032e+02
2.3548201565e+02
3.1942995074e+02
2.3509679296e+02
3.1988233337e+02
2.3471865691e+02
3.2033144889e+02
2.3434394464e+02
3.2077242174e+02
2.3396900468e+02
3.2121352219e+02
2.3359383899e+02
3.2166529783e+02
2.3321849019e+02
3.2212057789e+02
2.3285375146e+02
3.2257089448e+02
2.3249551344e+02
3.2300613605e+02
2.3213549394e+02
3.2344151767e+02
2.3175962773e+02
3.2388250730e+02
3.2432572977e+02
2.3138361812e+02
3.2476917273e+02
2.3101052976e+02
3.2521299319e+02
2.3063893044e+02
3.2565694887e+02
2.3026811094e+02
3.2610063183e+02
2.2991641998e+02
3.2654448182e+02
2.2956451755e+02
3.2698747483e+02
2.2920746276e+02
3.2742565154e+02
2.2884557816e+02
3.2786397263e+02
2.2848356924e+02
3.2830215239e+02
2.2813344780e+02
3.2874045887e+02
2.2778311942e+02
3.2917935427e+02
2.2743513078e+02
3.2962119625e+02
3.3006319099e+02
2.2708933437e+02
3.3049935419e+02
2.2674329548e+02
3.3093200410e+02
2.2638963394e+02
3.3136545432e+02
2.2603555279e+02
3.3180531222e+02
2.2568633918e+02
3.3224532338e+02
2.2534257502e+02
3.3267976317e+02
2.2499855094e+02
3.3311024104e+02
2.2465832676e+02
3.3354115643e+02
2.2431818486e+02
3.3397702892e+02
2.2397860075e+02
3.3441305586e+02
2.2363954874e+02
3.3484729689e+02
3.3528020777e+02
2.2330022653e+02
3.3571327737e+02
2.2296609972e+02
3.3614360718e+02
2.2263241721e+02
3.3657410565e+02
2.2230045422e+02
3.3700391039e+02
2.2197120382e+02
3.3743324421e+02
2.2164167254e+02
3.3786278178e+02
2.2131440326e+02
3.3829019124e+02
2.2098734651e+02
3.3871769618e+02
2.2066087271e+02
3.3914334638e+02
2.2033526337e+02
3.3956685375e+02
3.3999054965e+02
2.2000935909e+02
3.4041841684e+02
2.1968930894e+02
3.4084676333e+02
2.1937045966e+02
3.4127323858e+02
2.1905316961e+02
3.4169715856e+02
2.1873966984e+02
3.4212128032e+02
2.1842587551e+02
3.4254210127e+02
2.1811023830e+02
3.4296266525e+02
2.1779386629e+02
3.4338356756e+02
2.1748086986e+02
3.4380513361e+02
2.1717827211e+02
3.4422690143e+02
3.4464592229e+02
2.1687538120e+02
3.4506460706e+02
2.1656721003e+02
3.4548225987e+02
2.1625689977e+02
3.4589776184e+02
2.1594865721e+02
3.4631346799e+02
2.1564841967e+02
3.4673045022e+02
2.1534787459e+02
3.4714788102e+02
2.1504890746e+02
3.4756402891e+02
2.1475051869e+02
3.4797697309e+02
3.4839013116e+02
2.1445261837e+02
3.4880194399e+02
2.1415740020e+02
3.4921348262e+02
2.1386186073e+02
3.4962489295e+02
2.1356906476e+02
3.5003586983e+02
2.1327765088e+02
3.5044706780e+02
2.1298702030e+02
3.5085492705e+02
2.1270266613e+02
3.5126165640e+02
2.1241798991e+02
3.5166800930e+02
3.5207263660e+02
2.1213235982e+02
3.5247748365e+02
2.1184601644e+02
3.5288324711e+02
2.1156035317e+02
3.5328954034e+02
2.1128333695e+02
3.5369471500e+02
2.1100598274e+02
3.5409381901e+02
2.1072836593e+02
3.5449315143e+02
2.1045049692e+02
3.5489327810e+02
2.1017279659e+02
3.5529393034e+02
3.5569400444e+02
2.0990159586e+02
3.5608942355e+02
2.0963004779e+02
3.5648507887e+02
2.0935961050e+02
3.5687989667e+02
2.0909016593e+02
3.5727423737e+02
2.0882056577e+02
3.5766865424e+02
2.0855675759e+02
3.5806282367e+02
2.0829258869e+02
3.5845723668e+02
3.5884686729e+02
2.0802947952e+02
3.5923287190e+02
2.0776754075e+02
3.5961908044e+02
2.0750527025e+02
3.6000625780e+02
2.0725048251e+02
3.6039368273e+02
2.0699548621e+02
3.6077686555e+02
2.0674039018e+02
3.6115622552e+02
2.0648528014e+02
3.6153573557e+02
3.6192119337e+02
2.0622982405e+02
3.6230691564e+02
2.0598302857e+02
3.6268533226e+02
2.0573647836e+02
3.6305595312e+02
2.0548999832e+02
3.6342681504e+02
2.0524381702e+02
3.6380545692e+02
2.0499727607e+02
3.6418476707e+02
2.0475571604e+02
3.6455726534e+02
3.6492116500e+02
2.0451429357e+02
3.6528531930e+02
2.0427497706e+02
3.6565000023e+02
2.0403967097e+02
3.6601502497e+02
2.0380398944e+02
3.6637800570e+02
2.0357095506e+02
3.6673783857e+02
2.0333789333e+02
3.6709793272e+02
2.0310641495e+02
3.6745517801e+02
3.6781237255e+02
2.0287872392e+02
3.6816678773e+02
2.0265062733e+02
3.6851612045e+02
2.0242902938e+02
3.6886572381e+02
2.0220853106e+02
3.6921165800e+02
2.0198831488e+02
3.6955724187e+02
2.0176950679e+02
3.6990094561e+02
3.7024038352e+02
2.0155026699e+02
3.7058010141e+02
2.0133923044e+02
3.7091553478e+02
2.0113022584e+02
3.7125026146e+02
2.0092187176e+02
3.7158245640e+02
2.0071657274e+02
3.7190775595e+02
2.0051080949e+02
3.7223335339e+02
3.7255458056e+02
2.0031044548e+02
3.7287478086e+02
2.0011158364e+02
3.7319329256e+02
1.9991486128e+02
3.7350584441e+02
1.9972812500e+02
3.7381872071e+02
1.9954086868e+02
3.7412095734e+02
1.9935948418e+02
3.7441940799e+02
3.7471655832e+02
1.9918027995e+02
3.7500756082e+02
1.9900306889e+02
3.7529890939e+02
1.9883859008e+02
3.7558239695e+02
1.9867352897e+02
3.7586258118e+02
1.9851489435e+02
3.7614003078e+02
3.7640171826e+02
1.9835913916e+02
3.7666379115e+02
1.9820659581e+02
3.7691551190e+02
1.9808146098e+02
3.7716181372e+02
1.9795562710e+02
3.7740592328e+02
1.9784584162e+02
3.7763154133e+02
1.9774601829e+02
3.7785760672e+02
3.7806709060e+02
1.9764855409e+02
3.7826609652e+02
1.9758593237e+02
3.7846221266e+02
1.9752245586e+02
3.7862022574e+02
1.9753529179e+02
3.7877881452e+02
1.9760739033e+02
3.7886468859e+02
3.7889396934e+02
1.9766719601e+02
3.7893627865e+02
1.9745535893e+02
3.7927432402e+02
1.9724170452e+02
3.7961360008e+02
1.9846814581e+02
3.7845869616e+02
2.0103966249e+02
3.7591562586e+02
3.7337230796e+02
2.0361183292e+02
