1.5974606086e-06 -1.9919402457e-08
2.6595118741e-01 -8.5612873406e-04
5.2586069196e-01 -3.3835021239e-03
7.7961256767e-01 -7.5035322087e-03
1.0271867798e+00 -1.3151373232e-02
1.2685112269e+00 -2.0245491790e-02
1.5035408815e+00 -2.8732707109e-02
1.7322236182e+00 -3.8532510331e-02
1.9545412299e+00 -4.9571389011e-02
2.1704576644e+00 -6.1796324110e-02
2.3799511350e+00 -7.5121302240e-02
2.5830088727e+00 -8.9492968074e-02
2.7796158467e+00 -1.0484195681e-01
2.9697537826e+00 -1.2109662760e-01
3.1534251051e+00 -1.3820472279e-01
3.3306361268e+00 -1.5609061864e-01
3.5013900671e+00 -1.7470314054e-01
3.6656768059e+00 -1.9397565905e-01
3.8235205858e+00 -2.1384348130e-01
3.9749261385e+00 -2.3426014065e-01
4.1199125864e+00 -2.5515431743e-01
4.2584971457e+00 -2.7647726569e-01
4.3906968422e+00 -2.9817394236e-01
4.5165251783e+00 -3.2018059668e-01
4.6360222437e+00 -3.4245173043e-01
4.7491917292e+00 -3.6493087388e-01
4.8560850181e+00 -3.8756569589e-01
4.9566989091e+00 -4.1030285995e-01
5.0510829032e+00 -4.3309731265e-01
5.1392544848e+00 -4.5589653037e-01
5.2212519567e+00 -4.7864549305e-01
5.2971125994e+00 -5.0130455097e-01
5.3668574427e+00 -5.2382661865e-01
5.4305099337e+00 -5.4615709178e-01
5.4881385229e+00 -5.6825559645e-01
5.5397548208e+00 -5.9007933750e-01
5.5853833962e+00 -6.1157595115e-01
5.6250918921e+00 -6.3270448787e-01
5.6589021512e+00 -6.5342557962e-01
5.6868382800e+00 -6.7368923077e-01
5.7089724153e+00 -6.9345761590e-01
5.7253181565e+00 -7.1268853176e-01
5.7359274565e+00 -7.3133393090e-01
5.7408575563e+00 -7.4936088047e-01
5.7401200677e+00 -7.6672486478e-01
5.7337852665e+00 -7.8338071306e-01
5.7218968279e+00 -7.9929639401e-01
5.7044861984e+00 -8.1442705006e-01
5.6816305406e+00 -8.2873386781e-01
5.6533500853e+00 -8.4217923763e-01
5.6197172193e+00 -8.5472206223e-01
5.5807927028e+00 -8.6632915454e-01
5.5366070008e+00 -8.7695396912e-01
5.4872434483e+00 -8.8656567529e-01
5.4327696593e+00 -8.9513123253e-01
5.3732194349e+00 -9.0260235299e-01
5.3086846171e+00 -9.0895295783e-01
5.2392346442e+00 -9.1414656431e-01
5.1649230004e+00 -9.1814194817e-01
5.0858167265e+00 -9.2090046122e-01
5.0020451783e+00 -9.2240705800e-01
4.9136633497e+00 -9.2262247969e-01
4.8207537328e+00 -9.2150380319e-01
4.7234239071e+00 -9.1903410705e-01
4.6217544515e+00 -9.1518035767e-01
4.5158722860e+00 -9.0990487738e-01
4.4058778458e+00 -9.0320030647e-01
4.2918616056e+00 -8.9502500846e-01
4.1739818857e+00 -8.8535701605e-01
4.0523673587e+00 -8.7419267983e-01
3.9271165341e+00 -8.6149023880e-01
3.7984099220e+00 -8.4724741842e-01
3.6663985425e+00 -8.3145466675e-01
3.5312307610e+00 -8.1408287578e-01
3.3931038752e+00 -7.9515460326e-01
3.2521752543e+00 -7.7464012475e-01
3.1086658053e+00 -7.5255190816e-01
2.9627810591e+00 -7.2890760052e-01
2.8147579212e+00 -7.0369848341e-01
2.6648314816e+00 -6.7696840860e-01
2.5132611123e+00 -6.4873009302e-01
2.3603336500e+00 -6.1901098450e-01
2.2063624074e+00 -5.8788083047e-01
2.0516751737e+00 -5.5536579440e-01
1.8966213149e+00 -5.2155105430e-01
1.7415941700e+00 -4.8651217961e-01
1.5870274959e+00 -4.5033722116e-01
1.4334064124e+00 -4.1317990797e-01
1.2812684601e+00 -3.7512898639e-01
1.1311687076e+00 -3.3639142113e-01
9.8379215556e-01 -2.9715824724e-01
8.3990020774e-01 -2.5764600986e-01
7.0040297954e-01 -2.1822770746e-01
5.6639050409e-01 -1.7919149101e-01
4.3908862265e-01 -1.4105906493e-01
3.2015982627e-01 -1.0444889937e-01
2.1179598648e-01 -7.0113075204e-02
1.1726135371e-01 -3.9440777482e-02
4.1730148554e-02 -1.3870060947e-02
-1.7740306159e-06 7.3935448882e-07
