7.3199538253e+02
7.3398292417e+02
1.0350980170e+03
7.3586500126e+02
1.0319721841e+03
7.3763971870e+02
7.3930528951e+02
1.0283928413e+03
7.4086003659e+02
1.0249137110e+03
7.4230239446e+02
1.0215382964e+03
7.4363091076e+02
1.0182699964e+03
7.4484424781e+02
1.0151121019e+03
7.4593320880e+02
1.0120677925e+03
7.4685401499e+02
1.0091401336e+03
7.4765355295e+02
1.0063320731e+03
7.4833101763e+02
1.0029835362e+03
7.4888572686e+02
9.9942145985e+02
7.4931712211e+02
9.9594064436e+02
7.5088185461e+02
9.9254459466e+02
7.5471910014e+02
9.8893913724e+02
7.5840990246e+02
9.8243825344e+02
7.6195054525e+02
9.7605472182e+02
7.6533746337e+02
9.6979497006e+02
7.6856724650e+02
9.6479021896e+02
7.7163664250e+02
7.7454256077e+02
9.6139694978e+02
7.7611914483e+02
9.5799926785e+02
7.7750410036e+02
9.5460059434e+02
7.7987670755e+02
9.5120435141e+02
7.8244628779e+02
9.4781395881e+02
7.8497792247e+02
9.4443283036e+02
7.8746906246e+02
9.4106437059e+02
7.8991719938e+02
9.3771197123e+02
7.9231986818e+02
9.3443456036e+02
7.9467464957e+02
9.3152436762e+02
7.9697917249e+02
9.2863173593e+02
7.9923111646e+02
9.2575957794e+02
8.0129395782e+02
9.2291078566e+02
8.0277443740e+02
9.1897662334e+02
8.0438242640e+02
9.1457136294e+02
8.0629355843e+02
9.1018824570e+02
8.0889276397e+02
9.0583168504e+02
8.1256162957e+02
9.0150606764e+02
8.1623174730e+02
8.9721574903e+02
8.1989942165e+02
8.9296504921e+02
8.2356095959e+02
8.8875824827e+02
8.2721267426e+02
8.8459958210e+02
8.3085088870e+02
8.8049323812e+02
8.3447193952e+02
8.7644335107e+02
8.3807218064e+02
8.7245399885e+02
8.4164798692e+02
8.6852919840e+02
8.4519575783e+02
8.6498693968e+02
8.4871192106e+02
8.5219293613e+02
8.6239023963e+02
8.5563529796e+02
8.5903554038e+02
