-3.9020533569e-05 -2.9489768114e-11
-1.2326035418e-05 8.7088764957e-11
8.9018480358e-01 1.1724016779e-06
8.9019688282e-01 -5.4798143059e-07
1.7621272037e+00 1.4672558184e-06
1.7621355943e+00 -7.4357798969e-07
2.6157881798e+00 8.8453293186e-07
2.6158020948e+00 -6.6048748586e-07
3.4511900582e+00 -4.7587157629e-08
3.4512057237e+00 -5.1896785746e-07
4.2683445860e+00 -1.0449473079e-06
4.2683606233e+00 -1.1113688429e-07
5.0672464820e+00 -2.2313875967e-06
5.0672645054e+00 7.6028562260e-07
5.8479067093e+00 -3.3787370376e-06
5.8479182433e+00 2.4454098344e-06
6.6103249677e+00 -4.0782336397e-06
6.6103257512e+00 4.2423669707e-06
7.3545017642e+00 -4.6536797783e-06
7.3545086946e+00 6.3368859328e-06
8.0804595629e+00 -5.2954010925e-06
8.0804670736e+00 8.7289667207e-06
8.7882037734e+00 1.1024408189e-05
8.7882143360e+00 -5.9609612633e-06
9.4777246274e+00 1.3109135706e-05
9.4777270204e+00 -6.2213658836e-06
1.0149007124e+01 -6.0059792173e-06
1.0149029679e+01 1.5107543342e-05
1.0802082477e+01 -5.7283791337e-06
1.0802120890e+01 1.6677085218e-05
1.1436974443e+01 -5.4201382985e-06
1.1437023342e+01 1.7890501218e-05
1.2053687860e+01 -5.1516573934e-06
1.2053735856e+01 1.9756405535e-05
1.2652190585e+01 -4.7119184191e-06
1.2652250374e+01 2.1663347669e-05
1.3232507457e+01 -3.7512422270e-06
1.3232562734e+01 2.3777713803e-05
1.3794639062e+01 -3.0952321284e-06
1.3794676806e+01 2.6219809453e-05
1.4338585870e+01 -2.4015031351e-06
1.4338613382e+01 2.8326335173e-05
1.4864356314e+01 -1.5309178865e-06
1.4864387916e+01 2.9564658109e-05
1.5371964967e+01 5.1811972194e-07
1.5372017433e+01 3.0122894167e-05
1.5861398173e+01 3.2900748994e-06
1.5861466644e+01 3.2074740802e-05
1.6332705942e+01 5.9245493308e-06
1.6332720635e+01 3.3476349820e-05
1.6785806026e+01 3.4042631321e-05
1.6785827631e+01 8.4836799643e-06
1.7220767034e+01 9.9742508395e-06
1.7220771470e+01 3.4097128938e-05
1.7637537288e+01 1.0836131191e-05
1.7637576568e+01 3.4489555004e-05
1.8036175029e+01 1.2416092266e-05
1.8036221460e+01 3.4051032817e-05
1.8416690986e+01 1.5227124996e-05
1.8416691867e+01 3.3000917532e-05
1.8779067554e+01 3.4288980527e-05
1.8779075144e+01 1.8395651207e-05
1.9123306912e+01 2.1632443354e-05
1.9123333733e+01 3.6554216246e-05
1.9449400406e+01 2.4631807984e-05
1.9449447234e+01 3.9206325556e-05
1.9757360862e+01 2.7024159899e-05
1.9757397449e+01 4.0697947327e-05
2.0047175533e+01 2.8482655516e-05
2.0047227876e+01 4.1135373460e-05
2.0318866748e+01 2.9620953292e-05
2.0318934075e+01 4.0199439754e-05
2.0572453100e+01 3.1209279625e-05
2.0572559897e+01 3.9148895025e-05
2.0807925238e+01 3.2819940248e-05
2.0808020557e+01 4.0586956229e-05
2.1025269774e+01 3.4485908706e-05
2.1025342326e+01 4.3449530061e-05
2.1224511897e+01 3.6124623417e-05
2.1224566863e+01 4.6317851308e-05
2.1405624305e+01 3.8062841994e-05
2.1405684335e+01 4.7908483846e-05
2.1568601750e+01 3.9522401374e-05
2.1568671338e+01 4.8503655930e-05
2.1713464584e+01 4.0633231144e-05
2.1713544234e+01 4.7232591337e-05
2.1840235539e+01 4.1726645392e-05
2.1840299577e+01 4.6798235414e-05
2.1948904661e+01 4.3064836854e-05
2.1948980914e+01 4.7458519352e-05
2.2039466153e+01 4.4741649569e-05
2.2039554952e+01 4.8412651316e-05
2.2111902431e+01 4.5245675474e-05
2.2112006048e+01 4.9251737641e-05
2.2166230262e+01 4.5666643175e-05
2.2166329753e+01 4.9530679308e-05
2.2202492907e+01 4.4951731756e-05
2.2202524151e+01 4.8873475464e-05
2.2220610877e+01 4.6783303143e-05
2.2220629596e+01 4.4800237700e-05
