4.0823816534e+01
4.0818777842e+01
4.0813739149e+01
4.0808700457e+01
4.0803661764e+01
4.0798623072e+01
4.0793584379e+01
4.0788896943e+01
4.0785211809e+01
4.0781526675e+01
4.0777841541e+01
4.0774156408e+01
4.0770471274e+01
4.0763196314e+01
4.0760045655e+01
4.0756894996e+01
4.0753744338e+01
4.0750593679e+01
4.0747443020e+01
4.0745154187e+01
4.0742960084e+01
4.0740765980e+01
4.0738571876e+01
4.0736368613e+01
4.0734162557e+01
4.0732254001e+01
4.0730345444e+01
4.0728436887e+01
4.0726528331e+01
4.0725227835e+01
4.0724107414e+01
4.0722986994e+01
4.0721866573e+01
4.0720746152e+01
4.0719790973e+01
4.0719002979e+01
4.0718214985e+01
4.0717426991e+01
4.0716638998e+01
4.0715851004e+01
4.0715879826e+01
4.0716014055e+01
4.0716148284e+01
4.0716282514e+01
4.0716416743e+01
4.0716535515e+01
4.0716662865e+01
4.0717380679e+01
4.0718098493e+01
4.0718816307e+01
4.0719534121e+01
4.0720251935e+01
4.0721416197e+01
4.0722606795e+01
4.0723937983e+01
4.0725273024e+01
4.0726608064e+01
4.0729103679e+01
4.0731640347e+01
4.0733703133e+01
4.0735610378e+01
4.0737517622e+01
4.0740252529e+01
4.0743500743e+01
4.0746748956e+01
4.0749540770e+01
4.0752650193e+01
4.0756172703e+01
4.0759870825e+01
4.0763568946e+01
4.0767834416e+01
4.0772853196e+01
4.0777871977e+01
4.0782487052e+01
4.0786640500e+01
4.0791907793e+01
4.0797594206e+01
4.0803371043e+01
4.0809147879e+01
4.0816141695e+01
4.0823307862e+01
4.0830474029e+01
4.0837640196e+01
4.0844547152e+01
4.0852876705e+01
4.0861099681e+01
4.0869289176e+01
4.0878378134e+01
4.0887458775e+01
4.0896462695e+01
4.0906445120e+01
4.0916943539e+01
4.0927441958e+01
4.0938826184e+01
4.0950726121e+01
4.0962190866e+01
4.0973655612e+01
4.0987068072e+01
4.1000669104e+01
4.0823816534e+01
4.0766749072e+01
