2.7328053892e+02
2.7327568336e+02
2.7327082781e+02
2.7326649877e+02
2.7326069029e+02
2.7325529065e+02
2.7324995013e+02
2.7324414375e+02
2.7323825191e+02
2.7323213805e+02
2.7322494406e+02
2.7321760337e+02
2.7321067337e+02
2.7320274966e+02
2.7319434890e+02
2.7318567336e+02
2.7317554076e+02
2.7316548958e+02
2.7315477774e+02
2.7314371260e+02
2.7313149607e+02
2.7311835137e+02
2.7310455788e+02
2.7309036662e+02
2.7307545370e+02
2.7305904649e+02
2.7304230360e+02
2.7302339581e+02
2.7300448089e+02
2.7298556166e+02
2.7296487295e+02
2.7294215325e+02
2.7291852386e+02
2.7289471302e+02
2.7287032036e+02
2.7284487965e+02
2.7281811934e+02
2.7279030040e+02
2.7276053083e+02
2.7273091440e+02
2.7269961426e+02
2.7266798267e+02
2.7263647847e+02
2.7260200214e+02
2.7256735472e+02
2.7253287363e+02
2.7249803688e+02
2.7246200871e+02
2.7242331510e+02
2.7238626265e+02
2.7234881894e+02
2.7231010282e+02
2.7227271949e+02
2.7223339693e+02
2.7219065208e+02
2.7215401619e+02
2.7211501286e+02
2.7207244787e+02
2.7203357803e+02
2.7199247153e+02
2.7195238349e+02
2.7191231625e+02
2.7187541283e+02
2.7183765460e+02
2.7180010928e+02
2.7176291762e+02
2.7172749141e+02
2.7169180331e+02
2.7165718966e+02
2.7162375191e+02
2.7159118603e+02
2.7156044253e+02
2.7153118913e+02
2.7150266162e+02
2.7147574306e+02
2.7145051907e+02
2.7142650561e+02
2.7140467868e+02
2.7138432133e+02
2.7136656444e+02
2.7135030260e+02
2.7133424054e+02
2.7132174114e+02
2.7131176832e+02
2.7130296641e+02
2.7129601720e+02
2.7128963724e+02
2.7128708521e+02
2.7128655112e+02
2.7128737993e+02
2.7129036424e+02
2.7129337610e+02
2.7129896301e+02
2.7130602396e+02
2.7131427806e+02
2.7132324711e+02
2.7133163474e+02
2.7134411308e+02
2.7135562885e+02
2.7136630572e+02
