2.7025170387e+02
2.7024719652e+02
2.7024268917e+02
2.7023825871e+02
2.7023377925e+02
2.7022501436e+02
2.7021775811e+02
2.7020990890e+02
2.7019982046e+02
2.7019041024e+02
2.7017926655e+02
2.7016766989e+02
2.7015607322e+02
2.7014131290e+02
2.7012655532e+02
2.7011019462e+02
2.7009226098e+02
2.7007396101e+02
2.7005182440e+02
2.7002968779e+02
2.7000564865e+02
2.6998165033e+02
2.6995464801e+02
2.6992699859e+02
2.6989754522e+02
2.6986095868e+02
2.6982404771e+02
2.6978504020e+02
2.6974705993e+02
2.6970461461e+02
2.6965797608e+02
2.6961483570e+02
2.6957349960e+02
2.6952080082e+02
2.6947211452e+02
2.6941909982e+02
2.6935249232e+02
2.6929446597e+02
2.6923780188e+02
2.6917499205e+02
2.6910908893e+02
2.6904107349e+02
2.6897199401e+02
2.6890379226e+02
2.6882898576e+02
2.6875457441e+02
2.6868347787e+02
2.6860046196e+02
2.6851592723e+02
2.6843433046e+02
2.6835081239e+02
2.6826628326e+02
2.6818004118e+02
2.6809423885e+02
2.6800863035e+02
2.6792404133e+02
2.6783532025e+02
2.6774153965e+02
2.6765565874e+02
2.6756320747e+02
2.6747851662e+02
2.6739636019e+02
2.6730874276e+02
2.6722310259e+02
2.6713730266e+02
2.6705267872e+02
2.6696934191e+02
2.6688698341e+02
2.6680824570e+02
2.6673007528e+02
2.6665294493e+02
2.6658091757e+02
2.6651033580e+02
2.6644111589e+02
2.6637758548e+02
2.6631505445e+02
2.6625642639e+02
2.6620217598e+02
2.6614910082e+02
2.6610110678e+02
2.6605947910e+02
2.6601849726e+02
2.6597984274e+02
2.6594908747e+02
2.6592086689e+02
2.6589411569e+02
2.6587566842e+02
2.6585493877e+02
2.6585020476e+02
2.6584126941e+02
2.6583622577e+02
2.6583570549e+02
2.6584020265e+02
2.6584450330e+02
2.6585012062e+02
2.6586158470e+02
2.6587407789e+02
2.6588761051e+02
2.6590284471e+02
2.6591868770e+02
