1.3773098982e+02
1.9017986768e+02
1.3818849380e+02
1.8973149519e+02
1.3862617504e+02
1.8921608994e+02
1.3904359283e+02
1.8871892014e+02
1.3944032686e+02
1.8824048640e+02
1.3981597765e+02
1.8778127047e+02
1.4017016697e+02
1.8734173472e+02
1.4050253817e+02
1.8692232175e+02
1.4081275658e+02
1.8652345386e+02
1.4111531980e+02
1.8614553268e+02
1.4148918534e+02
1.8573877315e+02
1.4184518522e+02
1.8532807087e+02
1.4218296098e+02
1.8493587718e+02
1.4250217251e+02
1.8456258698e+02
1.4280249838e+02
1.8414434791e+02
1.4325218787e+02
1.8310108563e+02
1.4400374161e+02
1.8208267300e+02
1.4473258410e+02
1.8109013546e+02
1.4543798146e+02
1.8032403781e+02
1.4611922341e+02
1.7984749880e+02
1.4677562401e+02
1.7937372523e+02
1.4740652231e+02
1.7890319417e+02
1.4801128305e+02
1.7843637939e+02
1.4838698408e+02
1.7797375094e+02
1.4873144817e+02
1.7751577465e+02
1.4924365289e+02
1.7706291165e+02
1.4979058643e+02
1.7661561795e+02
1.5033264775e+02
1.7617741700e+02
1.5086929102e+02
1.7576473311e+02
1.5139997590e+02
1.7535847731e+02
1.5192416803e+02
1.7495905865e+02
1.5244133959e+02
1.7456687930e+02
1.5295096984e+02
1.7394868938e+02
1.5345254562e+02
1.7323339070e+02
1.5391379695e+02
1.7252444411e+02
1.5424170593e+02
1.7182256344e+02
1.5457973273e+02
1.7112845543e+02
1.5494311739e+02
1.7044281899e+02
1.5541755619e+02
1.6976634449e+02
1.5606373454e+02
1.6909971310e+02
1.5671150515e+02
1.6844359604e+02
1.5736021576e+02
1.6779865398e+02
1.5800921318e+02
1.6716553632e+02
1.5865784391e+02
1.5930545485e+02
1.6654488055e+02
1.5995139390e+02
1.6593731161e+02
1.6059501066e+02
1.6539700152e+02
1.6123565706e+02
1.6498132450e+02
1.6187268803e+02
1.6437189694e+02
1.6250546212e+02
1.6375569601e+02
1.6313334219e+02
