2.9680209890e+02
2.9594032097e+02
2.9766442477e+02
2.9506204484e+02
2.9854786857e+02
2.9416071919e+02
2.9943118731e+02
2.9325903050e+02
3.0031027830e+02
2.9241749546e+02
3.0118671978e+02
2.9157977928e+02
3.0206325848e+02
2.9072713159e+02
3.0294040287e+02
2.8985256515e+02
3.0381754669e+02
2.8897776969e+02
3.0469162745e+02
2.8812852099e+02
3.0556344790e+02
2.8728205686e+02
3.0643543139e+02
2.8643486905e+02
3.0733567960e+02
2.8558502005e+02
3.0823762107e+02
2.8473489559e+02
3.0912458417e+02
2.8387635551e+02
3.0999399625e+02
2.8301642362e+02
3.1086366019e+02
2.8216417479e+02
3.1176845709e+02
2.8132348294e+02
3.1267725557e+02
2.8048240900e+02
3.1356967906e+02
2.7963819232e+02
3.1443695363e+02
2.7879313627e+02
3.1530449457e+02
2.7795883394e+02
3.1619067192e+02
2.7714815376e+02
3.1707998509e+02
2.7633708625e+02
3.1796736607e+02
2.7549832664e+02
3.1885326159e+02
2.7465164417e+02
3.1973949251e+02
2.7381263970e+02
3.2063546293e+02
2.7299103063e+02
3.2153366398e+02
2.7216895475e+02
3.2242411800e+02
2.7135526959e+02
3.2329909376e+02
2.7054438792e+02
3.2417445047e+02
2.6973208013e+02
3.2506656275e+02
2.6891237086e+02
3.2596359794e+02
2.6809212179e+02
3.2685557913e+02
2.6729349394e+02
3.2773572401e+02
2.6650409023e+02
3.2861633966e+02
2.6571433925e+02
3.2950387764e+02
2.6492087891e+02
3.3039402364e+02
2.6412684065e+02
3.3127900020e+02
2.6333255267e+02
3.3214801263e+02
2.6253805633e+02
3.3301753473e+02
2.6174876559e+02
3.3390191921e+02
2.6098794490e+02
3.3479286184e+02
2.6022652024e+02
3.3568237214e+02
2.5944512868e+02
3.3657024852e+02
2.5865130813e+02
3.3745873536e+02
2.5786257961e+02
3.3833480322e+02
2.5711233434e+02
3.3920451834e+02
2.5636141813e+02
3.4007391162e+02
2.5560179285e+02
3.4094352379e+02
2.5483572814e+02
3.4181375849e+02
2.5407079449e+02
3.4268178717e+02
2.5331544370e+02
3.4354849269e+02
2.5255931810e+02
3.4441591064e+02
2.5182038296e+02
3.4529661410e+02
2.5109640791e+02
3.4617800648e+02
2.5037229890e+02
3.4704639348e+02
2.4963050680e+02
3.4790525275e+02
2.4888790221e+02
3.4876411423e+02
2.4816259573e+02
3.4962457664e+02
2.4745513708e+02
3.5048574083e+02
2.4674710646e+02
3.5134788709e+02
2.4601983348e+02
3.5221088358e+02
2.4529030294e+02
3.5307351693e+02
2.4457832761e+02
3.5390492706e+02
2.4388774261e+02
3.5473705433e+02
2.4319651198e+02
3.5558998914e+02
2.4249787373e+02
3.5646400642e+02
2.4179728252e+02
3.5733855977e+02
2.4110692459e+02
3.5818039124e+02
2.4043149671e+02
3.5902332923e+02
2.3975538262e+02
3.5986419870e+02
2.3906876986e+02
3.6070223381e+02
2.3837933181e+02
3.6154089715e+02
2.3770494306e+02
3.6237414187e+02
2.3705652473e+02
3.6320839207e+02
2.3640740945e+02
3.6404562766e+02
2.3574503769e+02
3.6488667438e+02
3.6572842503e+02
2.3507849126e+02
3.6654270131e+02
2.3441768820e+02
3.6735490458e+02
2.3376950500e+02
3.6817493487e+02
2.3312056548e+02
3.6900743695e+02
2.3249986324e+02
3.6984064613e+02
2.3188438044e+02
3.7065646936e+02
2.3126082271e+02
3.7147072603e+02
2.3061917569e+02
3.7228481873e+02
2.2997682895e+02
3.7309760262e+02
2.2935880774e+02
3.7391112779e+02
2.2874615686e+02
3.7471771391e+02
2.2813197354e+02
3.7552413833e+02
2.2751519800e+02
3.7633034447e+02
2.2689756649e+02
3.7713463759e+02
2.2632095422e+02
3.7793971711e+02
2.2575847542e+02
3.7872985696e+02
2.2518529891e+02
3.7951682077e+02
2.2457496543e+02
3.8030704436e+02
2.2396385686e+02
3.8110504510e+02
2.2337502186e+02
3.8190384872e+02
2.2279403268e+02
3.8268007769e+02
2.2221759452e+02
3.8344927048e+02
2.2166735384e+02
3.8422361785e+02
2.2111624598e+02
3.8501447704e+02
2.2056046387e+02
3.8580612721e+02
2.2000096666e+02
3.8658768973e+02
2.1944376148e+02
3.8736649287e+02
2.1890747586e+02
3.8814208095e+02
2.1837032592e+02
3.8889813241e+02
2.1782999634e+02
3.8965504415e+02
2.1728638311e+02
3.9041398434e+02
2.1674445741e+02
3.9117521627e+02
2.1622867409e+02
3.9193635121e+02
2.1571198037e+02
3.9269115016e+02
2.1519952319e+02
3.9344681802e+02
2.1468948330e+02
3.9419523111e+02
2.1417884003e+02
3.9494018776e+02
2.1367465264e+02
3.9568563535e+02
2.1316956824e+02
3.9642685220e+02
2.1267153908e+02
3.9716896168e+02
3.9791359258e+02
2.1217881929e+02
3.9866137442e+02
2.1168521319e+02
3.9940845171e+02
2.1120393261e+02
4.0012346032e+02
2.1072174240e+02
4.0083941418e+02
2.1024573451e+02
4.0155555614e+02
2.0977548749e+02
4.0227247339e+02
2.0930423107e+02
4.0299046015e+02
2.0884279988e+02
4.0371442281e+02
2.0838079647e+02
4.0443928057e+02
2.0792403479e+02
4.0514808326e+02
2.0747307809e+02
4.0584099171e+02
2.0702110596e+02
4.0653491314e+02
2.0657906859e+02
4.0725189865e+02
2.0613695600e+02
4.0797046672e+02
2.0569978506e+02
4.0867517607e+02
2.0526938569e+02
4.0936389671e+02
2.0483799012e+02
4.1005365995e+02
2.0442203567e+02
4.1074519934e+02
2.0400726945e+02
4.1143775375e+02
2.0359035300e+02
4.1212488916e+02
2.0316867764e+02
4.1280474708e+02
2.0274596087e+02
4.1348567512e+02
2.0233931732e+02
4.1416079459e+02
2.0193481473e+02
4.1483601738e+02
2.0153696814e+02
4.1550891422e+02
2.0115298703e+02
4.1617825169e+02
2.0076803228e+02
4.1684866368e+02
2.0038653975e+02
4.1750824120e+02
2.0000523604e+02
4.1816667884e+02
1.9962290770e+02
4.1882459012e+02
4.1948152762e+02
1.9923726282e+02
4.2013955252e+02
1.9885058913e+02
4.2078575574e+02
1.9848531724e+02
4.2142990560e+02
1.9812592175e+02
4.2207158939e+02
1.9776743855e+02
4.2270659696e+02
1.9741241632e+02
4.2334268531e+02
1.9705641171e+02
4.2397625593e+02
1.9670937042e+02
4.2460974653e+02
1.9636517053e+02
4.2523944717e+02
1.9602179986e+02
4.2585667839e+02
1.9568259772e+02
4.2647498923e+02
1.9534242842e+02
4.2709480921e+02
1.9501202632e+02
4.2771579674e+02
1.9468563213e+02
4.2833114887e+02
1.9436017992e+02
4.2892309861e+02
1.9404125923e+02
4.2951610418e+02
1.9372138236e+02
4.3012130243e+02
1.9340703853e+02
4.3073253519e+02
1.9309536130e+02
4.3133832224e+02
1.9278482075e+02
4.3191561018e+02
1.9248544872e+02
4.3249396252e+02
1.9218513826e+02
4.3307853132e+02
1.9188985643e+02
4.3366685543e+02
1.9159758322e+02
4.3425470682e+02
4.3483888884e+02
1.9130494767e+02
4.3542417418e+02
1.9101311316e+02
4.3599129501e+02
1.9072032915e+02
4.3654694379e+02
1.9044057792e+02
4.3710356180e+02
1.9017067936e+02
4.3766324204e+02
1.8990033327e+02
4.3822403403e+02
1.8963437070e+02
4.3877455373e+02
1.8936749134e+02
4.3931739617e+02
1.8910522767e+02
4.3986045725e+02
1.8884711324e+02
4.4039004008e+02
1.8858836967e+02
4.4092071393e+02
1.8832827665e+02
4.4144859555e+02
1.8806716726e+02
4.4197401669e+02
1.8781849811e+02
4.4250025001e+02
1.8758315361e+02
4.4301102084e+02
1.8734694968e+02
4.4352293488e+02
1.8711333602e+02
4.4403005804e+02
1.8687883090e+02
4.4453197599e+02
1.8664960860e+02
4.4503492472e+02
1.8642726993e+02
4.4552712816e+02
1.8620411104e+02
4.4602022500e+02
4.4650638190e+02
1.8598091454e+02
4.4698355429e+02
1.8575659854e+02
4.4746177648e+02
1.8553986404e+02
4.4792457981e+02
1.8533478825e+02
4.4838726609e+02
1.8512887530e+02
4.4884611504e+02
1.8493051557e+02
4.4929875041e+02
1.8473221035e+02
4.4975242511e+02
1.8453617839e+02
4.5018979629e+02
1.8434483200e+02
4.5062616663e+02
1.8415266548e+02
4.5105741402e+02
1.8396696621e+02
4.5147883993e+02
1.8378143683e+02
4.5190130066e+02
1.8360069915e+02
4.5231105923e+02
1.8343100911e+02
4.5271957983e+02
1.8326046975e+02
4.5312220420e+02
1.8309845247e+02
4.5351125765e+02
1.8293767412e+02
4.5390135772e+02
1.8277983120e+02
4.5427422848e+02
1.8263083005e+02
4.5464386915e+02
4.5500954010e+02
1.8248097630e+02
4.5536345447e+02
1.8234194766e+02
4.5571842571e+02
1.8220546538e+02
4.5605338073e+02
1.8207220058e+02
4.5638300112e+02
1.8195093237e+02
4.5670687891e+02
1.8182881078e+02
4.5701047665e+02
1.8171191684e+02
4.5731513029e+02
1.8159612282e+02
4.5760547869e+02
1.8148668027e+02
4.5789122567e+02
1.8140508407e+02
4.5816883186e+02
1.8132259662e+02
4.5841099314e+02
1.8124840670e+02
4.5865419571e+02
1.8117744019e+02
4.5888924884e+02
1.8110948603e+02
4.5912132382e+02
1.8106102242e+02
4.5934398764e+02
1.8101162878e+02
4.5951324118e+02
1.8099406484e+02
4.5968353354e+02
4.5984369967e+02
1.8099383460e+02
4.5999912292e+02
1.8099581668e+02
4.6014641979e+02
1.8101973396e+02
4.6022780232e+02
1.8104275175e+02
4.6031027560e+02
1.8109588190e+02
4.6035593110e+02
1.8116818679e+02
4.6037765231e+02
1.8124677437e+02
4.6039277428e+02
1.8140704642e+02
4.6032128373e+02
1.8156633720e+02
4.6025090233e+02
1.8179954849e+02
4.6009651148e+02
1.8209090809e+02
4.5987631240e+02
1.8238306542e+02
4.5965228841e+02
1.8271483109e+02
4.5931304255e+02
1.8304531397e+02
4.5897508129e+02
1.8416997599e+02
4.5777984350e+02
1.8604564474e+02
4.5577654826e+02
1.8792274185e+02
4.5377199349e+02
