-3.9169971192e-05 -1.3504270395e-11
-1.2371124705e-05 2.8939420894e-11
8.9347603509e-01 1.1833069825e-06
8.9348829598e-01 -5.4510990710e-07
1.7687042921e+00 1.4799211903e-06
1.7687127905e+00 -7.3921220469e-07
2.6256456010e+00 8.8982911927e-07
2.6256593906e+00 -6.5615708174e-07
3.4643194912e+00 -5.7234309044e-08
3.4643355473e+00 -5.1245441019e-07
4.2847304371e+00 -1.0671642975e-06
4.2847470245e+00 -9.8897488183e-08
5.0868727909e+00 -2.2625512619e-06
5.0868905355e+00 7.7972376667e-07
5.8707556972e+00 -3.4085518773e-06
5.8707668309e+00 2.4748946554e-06
6.6363711365e+00 -4.0989495681e-06
6.6363728129e+00 4.2892994540e-06
7.3837188682e+00 -4.6801999754e-06
7.3837261695e+00 6.4020024813e-06
8.1128206974e+00 -5.3390817281e-06
8.1128269006e+00 8.8130037373e-06
8.8236754551e+00 1.1131552243e-05
8.8236850828e+00 -6.0130827601e-06
9.5162695276e+00 1.3234517296e-05
9.5162708190e+00 -6.2751701767e-06
1.0190587277e+01 -6.0679528060e-06
1.0190608512e+01 1.5243285765e-05
1.0846656409e+01 -5.8005617994e-06
1.0846694369e+01 1.6818657389e-05
1.1484495652e+01 -5.4917435839e-06
1.1484546607e+01 1.8062705403e-05
1.2104109952e+01 -5.2194271490e-06
1.2104158525e+01 1.9954452976e-05
1.2705464114e+01 -4.7807279695e-06
1.2705522069e+01 2.1881455311e-05
1.3288576403e+01 -3.8197200871e-06
1.3288632564e+01 2.4011413591e-05
1.3853447103e+01 -3.1659257491e-06
1.3853486505e+01 2.6475250744e-05
1.4400076088e+01 -2.4742213442e-06
1.4400102455e+01 2.8610322173e-05
1.4928465103e+01 -1.6051614792e-06
1.4928495907e+01 2.9879051063e-05
1.5438626857e+01 4.5001176452e-07
1.5438681049e+01 3.0453780182e-05
1.5930547677e+01 3.2333022707e-06
1.5930616509e+01 3.2423812627e-05
1.6404273953e+01 5.8786930831e-06
1.6404287153e+01 3.3840249687e-05
1.6859719170e+01 3.4417213636e-05
1.6859740144e+01 8.4482273579e-06
1.7296950016e+01 9.9434773842e-06
1.7296955474e+01 3.4480985113e-05
1.7715915698e+01 1.0808064251e-05
1.7715953868e+01 3.4884534536e-05
1.8116668284e+01 1.2395190300e-05
1.8116714463e+01 3.4451025025e-05
1.8499217717e+01 1.5221320226e-05
1.8499219770e+01 3.3400327976e-05
1.8863545880e+01 3.4699567907e-05
1.8863553925e+01 1.8409329344e-05
1.9209652175e+01 2.1667188227e-05
1.9209677959e+01 3.6978903640e-05
1.9537524076e+01 2.4684422187e-05
1.9537571801e+01 3.9645539216e-05
1.9847174864e+01 2.7091722403e-05
1.9847212115e+01 4.1146035575e-05
2.0138590392e+01 2.8561883739e-05
2.0138641900e+01 4.1587296898e-05
2.0411789085e+01 2.9712479494e-05
2.0411856645e+01 4.0645034636e-05
2.0666789365e+01 3.1319370961e-05
2.0666897389e+01 3.9586412748e-05
2.0903581680e+01 3.2952284748e-05
2.0903676900e+01 4.1029305489e-05
2.1122149398e+01 3.4641780464e-05
2.1122221589e+01 4.3902519189e-05
2.1322516675e+01 3.6299579523e-05
2.1322572373e+01 4.6780487671e-05
2.1504656079e+01 3.8258461356e-05
2.1504716525e+01 4.8374158683e-05
2.1668561073e+01 3.9736495867e-05
2.1668630348e+01 4.8966750573e-05
2.1814250065e+01 4.0864516485e-05
2.1814330158e+01 4.7679745322e-05
2.1941745874e+01 4.1977211118e-05
2.1941810546e+01 4.7233873463e-05
2.2051038252e+01 4.3338044044e-05
2.2051114550e+01 4.7889323857e-05
2.2142119750e+01 4.5038813239e-05
2.2142208740e+01 4.8839077467e-05
2.2214972475e+01 4.5558545007e-05
2.2215076744e+01 4.9672566712e-05
2.2269613265e+01 4.5995162746e-05
2.2269713183e+01 4.9943382819e-05
2.2306084871e+01 4.5289896937e-05
2.2306116149e+01 4.9272047898e-05
2.2324307262e+01 4.7157491760e-05
2.2324326069e+01 4.5150492751e-05
