2.1593501750e+02
2.1605149765e+02
2.1616928488e+02
2.1628933588e+02
2.1640080304e+02
2.1650900886e+02
2.1661363394e+02
2.1671165177e+02
2.1680742449e+02
2.1689571331e+02
2.1698279279e+02
2.1706323111e+02
2.1714076257e+02
2.1721357971e+02
2.1728271522e+02
2.1734847644e+02
2.1740868531e+02
2.1746626658e+02
2.1751854171e+02
2.1756858714e+02
2.1761341440e+02
2.1765412164e+02
2.1769124969e+02
2.1772648693e+02
2.1775655994e+02
2.1778460016e+02
2.1780722674e+02
2.1782665498e+02
2.1784239146e+02
2.1785394697e+02
2.1786336724e+02
2.1787096776e+02
2.1787378149e+02
2.1787393787e+02
2.1786943488e+02
2.1786291729e+02
2.1785063584e+02
2.1783709508e+02
2.1781813710e+02
2.1779841767e+02
2.1777250890e+02
2.1774637080e+02
2.1771384855e+02
2.1768152629e+02
2.1764230450e+02
2.1760289667e+02
2.1755667831e+02
2.1750907160e+02
2.1745723753e+02
2.1740308259e+02
2.1734321223e+02
2.1728263436e+02
2.1721761476e+02
2.1714986010e+02
2.1707688615e+02
2.1700238838e+02
2.1692067654e+02
2.1683889653e+02
2.1675001796e+02
2.1665986314e+02
2.1656433973e+02
2.1646675840e+02
2.1636305520e+02
2.1625748212e+02
2.1614839297e+02
2.1603145732e+02
2.1591662940e+02
2.1578983416e+02
2.1566738283e+02
2.1553272924e+02
2.1539863231e+02
2.1525852656e+02
2.1511438551e+02
2.1496649555e+02
2.1481459195e+02
2.1465774466e+02
2.1449708001e+02
2.1433394785e+02
2.1416121557e+02
2.1398991242e+02
2.1381163687e+02
2.1363244653e+02
2.1345025347e+02
2.1326493177e+02
2.1307201797e+02
2.1287551407e+02
2.1269535755e+02
2.1248772511e+02
2.1229677557e+02
2.1209344718e+02
2.1190815327e+02
2.1171539689e+02
2.1151872943e+02
2.1136127590e+02
2.1116596275e+02
2.1108679666e+02
2.1091342375e+02
2.1076858054e+02
2.1086339315e+02
2.1203309222e+02
