1.5994799633e-05 -3.4435102767e-07
2.7144730920e-01 8.0408010719e-06
5.3670351906e-01 2.6146027966e-05
7.9579688633e-01 5.3107982182e-05
1.0488529435e+00 7.9882456500e-05
1.2959026566e+00 1.0418105829e-04
1.5369775664e+00 1.2198101168e-04
1.7721628168e+00 1.2678066088e-04
2.0014642309e+00 1.1812721361e-04
2.2249673806e+00 8.8683654708e-05
2.4427244175e+00 3.7187860943e-05
2.6547514933e+00 -4.3572595573e-05
2.8611188898e+00 -1.5890910090e-04
3.0618455184e+00 -3.0618487589e-04
3.2569903401e+00 -4.8659309642e-04
3.4465831923e+00 -7.0509493752e-04
3.6306619688e+00 -9.6436059824e-04
3.8092732354e+00 -1.2745872524e-03
3.9824382688e+00 -1.6245541375e-03
4.1502287567e+00 -2.0221361721e-03
4.3125991625e+00 -2.4710829246e-03
4.4696611804e+00 -2.9696849067e-03
4.6214311030e+00 -3.5191285868e-03
4.7678817752e+00 -4.1164705217e-03
4.9090964936e+00 -4.7644935281e-03
5.0450676141e+00 -5.4633931492e-03
5.1758366291e+00 -6.2124075859e-03
5.3014224819e+00 -7.0167942070e-03
5.4218393839e+00 -7.8693709373e-03
5.5370948756e+00 -8.7627448521e-03
5.6472506425e+00 -9.7029289478e-03
5.7523384810e+00 -1.0697058541e-02
5.8522885058e+00 -1.1735870681e-02
5.9471682959e+00 -1.2804786912e-02
6.0369545717e+00 -1.3915142602e-02
6.1216883502e+00 -1.5062903820e-02
6.2014275554e+00 -1.6248566178e-02
6.2760524123e+00 -1.7458988225e-02
6.3456476211e+00 -1.8699020029e-02
6.4102260020e+00 -1.9966231899e-02
6.4697406183e+00 -2.1260028651e-02
6.5242377588e+00 -2.2565549992e-02
6.5736697799e+00 -2.3878972390e-02
6.6181133617e+00 -2.5203167516e-02
6.6574637780e+00 -2.6536128542e-02
6.6917877537e+00 -2.7868877549e-02
6.7210501848e+00 -2.9199350727e-02
6.7452235470e+00 -3.0521775277e-02
6.7643565477e+00 -3.1837434844e-02
6.7783659373e+00 -3.3135048221e-02
6.7872624092e+00 -3.4407583391e-02
6.7910280313e+00 -3.5655046457e-02
6.7896513224e+00 -3.6879261565e-02
6.7830929940e+00 -3.8062746979e-02
6.7713303928e+00 -3.9207840769e-02
6.7543441371e+00 -4.0310899381e-02
6.7320990566e+00 -4.1361071849e-02
6.7045751732e+00 -4.2360269933e-02
6.6717215092e+00 -4.3301872391e-02
6.6335156881e+00 -4.4184489163e-02
6.5899133304e+00 -4.4996751443e-02
6.5409035350e+00 -4.5730400559e-02
6.4863916906e+00 -4.6393423430e-02
6.4264021308e+00 -4.6993996869e-02
6.3607886180e+00 -4.7498473243e-02
6.2896032799e+00 -4.7912471341e-02
6.2127267636e+00 -4.8235328639e-02
6.1302528739e+00 -4.8465183420e-02
6.0419355936e+00 -4.8598681348e-02
5.9477975311e+00 -4.8638816854e-02
5.8477614629e+00 -4.8569397907e-02
5.7417721971e+00 -4.8399925853e-02
5.6297572334e+00 -4.8116402121e-02
5.5116409306e+00 -4.7717179575e-02
5.3874006301e+00 -4.7213121163e-02
5.2569101771e+00 -4.6590941581e-02
5.1201178642e+00 -4.5864655856e-02
4.9769226197e+00 -4.5016066490e-02
4.8272535513e+00 -4.4049444247e-02
4.6710381311e+00 -4.2975471934e-02
4.5081473170e+00 -4.1779029398e-02
4.3385209260e+00 -4.0469010887e-02
4.1620754782e+00 -3.9048222617e-02
3.9786682872e+00 -3.7507204641e-02
3.7882408196e+00 -3.5862001160e-02
3.5906513634e+00 -3.4102085563e-02
3.3857996365e+00 -3.2240350421e-02
3.1735886915e+00 -3.0273642477e-02
2.9538744542e+00 -2.8203774521e-02
2.7265490052e+00 -2.6036432504e-02
2.4914824687e+00 -2.3779231658e-02
2.2485334791e+00 -2.1428135739e-02
1.9975753872e+00 -1.8994723956e-02
1.7384752332e+00 -1.6485563148e-02
1.4710664153e+00 -1.3893401633e-02
1.1952168696e+00 -1.1240674620e-02
9.1074670369e-01 -8.5211192755e-03
6.1746634244e-01 -5.7405769891e-03
3.1525984199e-01 -2.9152292912e-03
4.6331316125e-03 -4.0807699402e-05
