8.6522498368e-06 1.6116154032e-07
3.3594235981e-01 -2.1291973517e-05
6.6456098854e-01 -8.8198352079e-05
9.8592062787e-01 -2.0409277323e-04
1.3000729958e+00 -3.7748678216e-04
1.6070468921e+00 -6.0982410238e-04
1.9068968995e+00 -9.0475229877e-04
2.1996546581e+00 -1.2750068745e-03
2.4853696184e+00 -1.7120495159e-03
2.7640804496e+00 -2.2315505283e-03
3.0358272008e+00 -2.8307301767e-03
3.3006314573e+00 -3.5116859046e-03
3.5585510398e+00 -4.2827211244e-03
3.8095995715e+00 -5.1424391251e-03
4.0538213083e+00 -6.0935604989e-03
4.2912547344e+00 -7.1406253561e-03
4.5219086735e+00 -8.2838885031e-03
4.7458327337e+00 -9.5232446835e-03
4.9630405335e+00 -1.0859031574e-02
5.1735705914e+00 -1.2292609189e-02
5.3774461632e+00 -1.3828608859e-02
5.5747053433e+00 -1.5455602990e-02
5.7653721599e+00 -1.7178244900e-02
5.9494018870e+00 -1.8996898311e-02
6.1268816254e+00 -2.0909672349e-02
6.2978787132e+00 -2.2919873901e-02
6.4623283509e+00 -2.5012507024e-02
6.6202427955e+00 -2.7193727229e-02
6.7716871097e+00 -2.9458836856e-02
6.9166548121e+00 -3.1797986587e-02
7.0551658080e+00 -3.4218568820e-02
7.1872189373e+00 -3.6712626758e-02
7.3128456705e+00 -3.9272561925e-02
7.4320561550e+00 -4.1889294889e-02
7.5448419540e+00 -4.4565251748e-02
7.6512188069e+00 -4.7287440448e-02
7.7511899027e+00 -5.0053316970e-02
7.8447596673e+00 -5.2861083453e-02
7.9319243739e+00 -5.5697078318e-02
8.0126685994e+00 -5.8557535666e-02
8.0870131116e+00 -6.1434605461e-02
8.1549602798e+00 -6.4324341081e-02
8.2164658771e+00 -6.7217968286e-02
8.2715886882e+00 -7.0098702996e-02
8.3202954838e+00 -7.2971587824e-02
8.3625399969e+00 -7.5828542229e-02
8.3983234474e+00 -7.8661005388e-02
8.4276983550e+00 -8.1460640220e-02
8.4505491272e+00 -8.4190129284e-02
8.4669165673e+00 -8.6878311095e-02
8.4767711387e+00 -8.9498452069e-02
8.4800875104e+00 -9.2054553090e-02
8.4768712677e+00 -9.4528502088e-02
8.4670064029e+00 -9.6920571476e-02
8.4505890875e+00 -9.9197546888e-02
8.4275372796e+00 -1.0137206855e-01
8.3977593525e+00 -1.0344934521e-01
8.3613006510e+00 -1.0540163110e-01
8.3181017482e+00 -1.0722640408e-01
8.2681026071e+00 -1.0890901057e-01
8.2113138792e+00 -1.1043852742e-01
8.1476590061e+00 -1.1182256176e-01
8.0771074487e+00 -1.1304800216e-01
7.9996224937e+00 -1.1408272851e-01
7.9151401434e+00 -1.1495266082e-01
7.8236044208e+00 -1.1563754605e-01
7.7249757988e+00 -1.1613442041e-01
7.6191773297e+00 -1.1643299102e-01
7.5061928701e+00 -1.1652691396e-01
7.3859467841e+00 -1.1641557277e-01
7.2583792768e+00 -1.1607982329e-01
7.1234244827e+00 -1.1553146432e-01
6.9810265002e+00 -1.1474993189e-01
6.8311195562e+00 -1.1374838688e-01
6.6736151218e+00 -1.1250338377e-01
6.5084620074e+00 -1.1101809848e-01
6.3355778897e+00 -1.0929706229e-01
6.1548915869e+00 -1.0732462932e-01
5.9663305988e+00 -1.0510929724e-01
5.7698015634e+00 -1.0264464241e-01
5.5652308921e+00 -9.9927787485e-02
5.3525184831e+00 -9.6954167347e-02
5.1316057446e+00 -9.3721515730e-02
4.9023987854e+00 -9.0236175213e-02
4.6647728519e+00 -8.6513385680e-02
4.4186688792e+00 -8.2510114125e-02
4.1639652514e+00 -7.8261983702e-02
3.9005751965e+00 -7.3759633253e-02
3.6283911446e+00 -6.9003844195e-02
3.3472982067e+00 -6.3999096212e-02
3.0571996040e+00 -5.8743458301e-02
2.7579711499e+00 -5.3235644655e-02
2.4494917803e+00 -4.7477853065e-02
2.1316630330e+00 -4.1471970682e-02
1.8043453306e+00 -3.5224474067e-02
1.4674055786e+00 -2.8736921445e-02
1.1207334262e+00 -2.2013977658e-02
7.6416745058e-01 -1.5048711800e-02
3.9755472801e-01 -7.8506292133e-03
2.1240670762e-02 -4.1898497812e-04
