-1.2547865947e-06 -5.1169299756e-06
2.6407065995e-01 6.4352108792e-04
5.2204530259e-01 2.5452069709e-03
7.7393330849e-01 5.6492126308e-03
1.0197106527e+00 9.9216616525e-03
1.2593911895e+00 1.5312508526e-02
1.4929734753e+00 2.1771332086e-02
1.7204479906e+00 2.9263674781e-02
1.9418214854e+00 3.7738199275e-02
2.1570779488e+00 4.7158485458e-02
2.3662260368e+00 5.7472948115e-02
2.5692600456e+00 6.8652135719e-02
2.7661805911e+00 8.0640448609e-02
2.9569872492e+00 9.3409825917e-02
3.1416657373e+00 1.0690565283e-01
3.3202181458e+00 1.2109842332e-01
3.4926657389e+00 1.3594063938e-01
3.6589829481e+00 1.5139384922e-01
3.8191787728e+00 1.6741716235e-01
3.9732609687e+00 1.8396760814e-01
4.1212105365e+00 2.0100863746e-01
4.2630544249e+00 2.1849553678e-01
4.3987707534e+00 2.3639395562e-01
4.5283899334e+00 2.5465664007e-01
4.6518855378e+00 2.7324696366e-01
4.7692891230e+00 2.9212508324e-01
4.8805905422e+00 3.1124677384e-01
4.9858093162e+00 3.3057982166e-01
5.0849479820e+00 3.5007084296e-01
5.1780297226e+00 3.6969242513e-01
5.2650277902e+00 3.8939596014e-01
5.3459804478e+00 4.0914101238e-01
5.4209173316e+00 4.2888777301e-01
5.4898201850e+00 4.4859538995e-01
5.5527432544e+00 4.6822067514e-01
5.6096604998e+00 4.8773173333e-01
5.6606281228e+00 5.0707547580e-01
5.7056579943e+00 5.2622328738e-01
5.7447505323e+00 5.4511934695e-01
5.7779421178e+00 5.6373116674e-01
5.8052761135e+00 5.8202086639e-01
5.8267667189e+00 5.9993498106e-01
5.8424298745e+00 6.1743849947e-01
5.8523430622e+00 6.3449696051e-01
5.8564844066e+00 6.5105878776e-01
5.8549310176e+00 6.6708662844e-01
5.8476836998e+00 6.8253723378e-01
5.8348226415e+00 6.9737225799e-01
5.8163649247e+00 7.1154631329e-01
5.7923771071e+00 7.2502553189e-01
5.7628960255e+00 7.3775922165e-01
5.7279652817e+00 7.4971649307e-01
5.6876540521e+00 7.6084812612e-01
5.6420075628e+00 7.7112562087e-01
5.5910863218e+00 7.8049821469e-01
5.5349707112e+00 7.8893526858e-01
5.4736997207e+00 7.9639050297e-01
5.4073518552e+00 8.0282894706e-01
5.3360134649e+00 8.0821343036e-01
5.2597418737e+00 8.1250987898e-01
5.1786417259e+00 8.1567410988e-01
5.0927670886e+00 8.1768142712e-01
5.0022269636e+00 8.1848735939e-01
4.9071202078e+00 8.1807100821e-01
4.8075129192e+00 8.1638965901e-01
4.7035354704e+00 8.1342098712e-01
4.5952766091e+00 8.0912901583e-01
4.4828545359e+00 8.0349046632e-01
4.3663864710e+00 7.9647895316e-01
4.2459783208e+00 7.8806880886e-01
4.1217723970e+00 7.7825114835e-01
3.9939244407e+00 7.6699620802e-01
3.8625433950e+00 7.5428964114e-01
3.7277890449e+00 7.4011433415e-01
3.5897943921e+00 7.2447183387e-01
3.4487502151e+00 7.0734461435e-01
3.3048311189e+00 6.8874793578e-01
3.1582124213e+00 6.6866700478e-01
3.0090865816e+00 6.4711870762e-01
2.8576796388e+00 6.2410983785e-01
2.7041844736e+00 5.9966352348e-01
2.5488666153e+00 5.7379964566e-01
2.3919808566e+00 5.4657158631e-01
2.2337810620e+00 5.1798976951e-01
2.0745928831e+00 4.8814136886e-01
1.9147502500e+00 4.5704562015e-01
1.7545859098e+00 4.2482891846e-01
1.5945324116e+00 3.9153934206e-01
1.4350417034e+00 3.5732326298e-01
1.2766239029e+00 3.2227181187e-01
1.1198236873e+00 2.8656788738e-01
9.6539831421e-01 2.5038793267e-01
8.1413220045e-01 2.1401966254e-01
6.6702559211e-01 1.7767546743e-01
5.2527638812e-01 1.4176576699e-01
3.9054166401e-01 1.0678364240e-01
2.6507974335e-01 7.3445159506e-02
1.5221387510e-01 4.2854324841e-02
5.7805365852e-02 1.5764083640e-02
-6.7329789101e-05 -2.1253504929e-05
