2.8508097718e+02
2.8507555629e+02
2.8507015373e+02
2.8506486961e+02
2.8505799654e+02
2.8505002986e+02
2.8504373323e+02
2.8503812778e+02
2.8503103335e+02
2.8502316600e+02
2.8501383791e+02
2.8500610024e+02
2.8499651764e+02
2.8498709147e+02
2.8497792879e+02
2.8496765262e+02
2.8495375872e+02
2.8494018809e+02
2.8492672085e+02
2.8491154924e+02
2.8489589800e+02
2.8487876700e+02
2.8486087799e+02
2.8484161224e+02
2.8482305500e+02
2.8480257294e+02
2.8478200167e+02
2.8475000967e+02
2.8471930902e+02
2.8470130681e+02
2.8467524810e+02
2.8464535782e+02
2.8461502518e+02
2.8458439202e+02
2.8455086378e+02
2.8451584353e+02
2.8447919505e+02
2.8444206885e+02
2.8440465661e+02
2.8436567675e+02
2.8432476748e+02
2.8428219417e+02
2.8423890182e+02
2.8419694514e+02
2.8415313603e+02
2.8409548164e+02
2.8404427751e+02
2.8400313378e+02
2.8395403998e+02
2.8390731843e+02
2.8386314173e+02
2.8381493028e+02
2.8375184849e+02
2.8370079046e+02
2.8364657295e+02
2.8359243752e+02
2.8353912414e+02
2.8348523345e+02
2.8343080807e+02
2.8337821685e+02
2.8332432801e+02
2.8327174924e+02
2.8321858561e+02
2.8316678960e+02
2.8311556409e+02
2.8306601979e+02
2.8301749065e+02
2.8296854186e+02
2.8292257010e+02
2.8287620115e+02
2.8283167572e+02
2.8278832040e+02
2.8274801398e+02
2.8270878629e+02
2.8267212339e+02
2.8263611902e+02
2.8260422053e+02
2.8257296278e+02
2.8254377697e+02
2.8251738212e+02
2.8249425231e+02
2.8247212399e+02
2.8245201736e+02
2.8243642859e+02
2.8242157153e+02
2.8241094806e+02
2.8240254606e+02
2.8239542888e+02
2.8239226367e+02
2.8239057983e+02
2.8239089699e+02
2.8239412701e+02
2.8239849877e+02
2.8240549895e+02
2.8241374547e+02
2.8242363934e+02
2.8243404660e+02
2.8244545922e+02
2.8245713897e+02
2.8246933342e+02
