-4.7593770992e-05 4.1878869891e-04
2.9235771431e-04 -1.2635005285e-03
9.6735191151e-04 2.5269333105e-03
1.8425361098e-03 -4.4285788358e-03
3.2888193692e-03 6.2260504508e-03
4.8279949593e-03 -9.4051966644e-03
6.2725253878e-03 1.0932756968e-02
8.5892346123e-03 -1.5609421516e-02
9.7058462143e-03 1.6364038815e-02
1.2870123445e-02 -2.2690248897e-02
1.3725863035e-02 2.3115770829e-02
1.8133507954e-02 -3.1796507481e-02
2.0433769254e-02 3.3495246024e-02
2.6847174937e-02 -4.5034756244e-02
2.9627173795e-02 4.5438893370e-02
3.8452013147e-02 -5.9910169319e-02
4.0925286452e-02 5.9079530224e-02
5.2088878046e-02 -7.6467515321e-02
5.2947477022e-02 7.3503591692e-02
6.5512617647e-02 8.8493424363e-02
6.6525605750e-02 -9.3836273340e-02
8.1695880549e-02 -1.1192017394e-01
8.2154235596e-02 1.0576148111e-01
1.0161316089e-01 1.2346917091e-01
1.0180140638e-01 -1.3288133019e-01
1.2349444869e-01 1.4141280469e-01
1.2497165706e-01 -1.5398287219e-01
1.4795430534e-01 1.6067495483e-01
1.5078819136e-01 -1.7502070709e-01
1.7370430646e-01 1.8131817825e-01
1.7968904177e-01 -1.9779129619e-01
2.0098903748e-01 2.0111581967e-01
2.0975231702e-01 -2.2160107480e-01
2.3119407683e-01 2.2002915266e-01
2.4127897509e-01 -2.4462474948e-01
2.6373331143e-01 2.3809082696e-01
2.7594475709e-01 -2.6644881382e-01
2.9816486597e-01 2.5517774853e-01
3.1288526821e-01 -2.8706693485e-01
3.3414926287e-01 2.7126523858e-01
3.5164216420e-01 -3.0638328888e-01
3.7305068369e-01 2.8921186186e-01
3.9173756054e-01 -3.2426727988e-01
4.1141692149e-01 3.0424372670e-01
4.3472158058e-01 -3.4292155853e-01
4.5156998978e-01 3.1740629845e-01
4.7758348678e-01 -3.5959487013e-01
4.9310488024e-01 3.2873859522e-01
5.2140394796e-01 -3.7347414970e-01
5.3558632448e-01 3.3824938360e-01
5.6643470070e-01 -3.8526177068e-01
5.7855081659e-01 3.4591708865e-01
6.1225972868e-01 -3.9500450315e-01
6.2256145670e-01 3.5220144482e-01
6.5825644678e-01 -4.0275292137e-01
6.6627548239e-01 3.5646653565e-01
7.0412950628e-01 -4.0847473474e-01
7.0988863392e-01 3.5796858044e-01
7.4898275234e-01 -4.1216370362e-01
7.5424753158e-01 3.5773036024e-01
7.9374924782e-01 -4.1336378637e-01
7.9799653271e-01 3.5537341434e-01
8.3820737678e-01 -4.1219936385e-01
8.4090135926e-01 3.5103113595e-01
8.8210512207e-01 -4.0878201208e-01
8.8269980621e-01 3.4482660559e-01
9.2516115353e-01 -4.0320994532e-01
9.2527234188e-01 3.3630757293e-01
9.6501377012e-01 3.2508340383e-01
9.6700809016e-01 -3.9499328409e-01
1.0027652792e+00 3.1188114128e-01
1.0079450640e+00 -3.8478764992e-01
1.0395095543e+00 2.9688017742e-01
1.0444675773e+00 -3.7167166102e-01
1.0750459893e+00 2.8029717596e-01
1.0796804241e+00 -3.5655218136e-01
1.1091404237e+00 2.6234010754e-01
1.1134430818e+00 -3.3967148733e-01
1.1417155319e+00 2.4145447206e-01
1.1455773003e+00 -3.2126125977e-01
1.1700919621e+00 2.1899012826e-01
1.1759646248e+00 -3.0100621489e-01
1.1951752525e+00 1.9562192849e-01
1.2030674213e+00 -2.7839279624e-01
1.2185547820e+00 1.7079894600e-01
1.2259284930e+00 -2.5420594962e-01
1.2401279770e+00 1.4478996616e-01
1.2457415990e+00 -2.2904707131e-01
1.2597563000e+00 1.1785981876e-01
1.2636976884e+00 -2.0275396645e-01
1.2771109594e+00 9.0136751582e-02
1.2797117113e+00 -1.7561231799e-01
1.2892913729e+00 6.0464697865e-02
1.2932474928e+00 -1.4755677303e-01
1.3005785544e+00 3.1310272554e-02
1.3022834758e+00 -1.1808738028e-01
1.3058057942e+00 1.3340141399e-03
1.3070531498e+00 -8.8357809444e-02
1.3085352008e+00 -2.8804711500e-02
1.3089498227e+00 -5.8802730457e-02
