-3.4762259392e-05 6.4565542048e-08
-1.3632732568e-05 1.9644399962e-08
3.5849967612e-01 -8.3029929260e-05
3.6647451728e-01 -8.1635404133e-05
7.0974283523e-01 -3.2870075779e-04
7.2543007545e-01 -3.1191103570e-04
1.0536947151e+00 -7.3694792006e-04
1.0768530418e+00 -6.9080725029e-04
1.3903671674e+00 -1.2934048646e-03
1.4207456193e+00 -1.2152724192e-03
1.7197811653e+00 -1.9970448366e-03
1.7570735936e+00 -1.8740658999e-03
2.0419500943e+00 -2.8421352806e-03
2.0858314114e+00 -2.6659654172e-03
2.3568739543e+00 -3.8286761968e-03
2.4070379420e+00 -3.5819154681e-03
2.6645771575e+00 -4.9454336099e-03
2.7206740967e+00 -4.6117413595e-03
2.9650595781e+00 -6.1733295113e-03
3.0267276483e+00 -5.7516675795e-03
3.2583225934e+00 -7.5202308912e-03
3.3251978518e+00 -7.0038801205e-03
3.5443674972e+00 -8.9737132242e-03
3.6160854900e+00 -8.3498838148e-03
3.8232259895e+00 -1.0521740076e-02
3.8993794478e+00 -9.7820885363e-03
4.0948752161e+00 -1.2158779771e-02
4.1750912578e+00 -1.1300229661e-02
4.3593203180e+00 -1.3881704059e-02
4.4432111804e+00 -1.2894548743e-02
4.6165813270e+00 -1.5669523396e-02
4.7037389894e+00 -1.4549305436e-02
4.8666485029e+00 -1.7516205479e-02
4.9566654225e+00 -1.6267580073e-02
5.1095275655e+00 -1.9423636987e-02
5.2019974977e+00 -1.8046534800e-02
5.3452202582e+00 -2.1372921256e-02
5.4397426556e+00 -1.9864476436e-02
5.5737196240e+00 -2.3354736082e-02
5.6698904836e+00 -2.1717130761e-02
5.7950191402e+00 -2.5368195569e-02
5.8924325148e+00 -2.3603392814e-02
6.0091172471e+00 -2.7406998811e-02
6.1073905724e+00 -2.5514142144e-02
6.2160238380e+00 -2.9446906067e-02
6.3147789952e+00 -2.7435342182e-02
6.4157408842e+00 -3.1485391437e-02
6.5145878282e+00 -2.9368829360e-02
6.6082453698e+00 -3.3522217133e-02
6.7068058206e+00 -3.1309301229e-02
6.7935439394e+00 -3.5540606967e-02
6.8914453294e+00 -3.3238479122e-02
6.9716303609e+00 -3.7531883860e-02
7.0685247078e+00 -3.5154776903e-02
7.1425121110e+00 -3.9497896673e-02
7.2380291850e+00 -3.7058717015e-02
7.3061610481e+00 -4.1431152929e-02
7.3999470973e+00 -3.8938054476e-02
7.4625796101e+00 -4.3308542161e-02
7.5543231287e+00 -4.0781416639e-02
7.6117711199e+00 -4.5134175518e-02
7.7011592252e+00 -4.2589359583e-02
7.7537312507e+00 -4.6908430129e-02
7.8404482624e+00 -4.4358412276e-02
7.8884384731e+00 -4.8611819046e-02
7.9721976945e+00 -4.6074604042e-02
8.0158711586e+00 -5.0241196047e-02
8.0964018801e+00 -4.7737342939e-02
8.1360293072e+00 -5.1796561131e-02
8.2130630687e+00 -4.9345779875e-02
8.2489475533e+00 -5.3270504829e-02
8.3222097768e+00 -5.0885546517e-02
8.3545767835e+00 -5.4655626119e-02
8.4238415549e+00 -5.2354112256e-02
8.4529059581e+00 -5.5951990794e-02
8.5179646842e+00 -5.3747337556e-02
8.5439490760e+00 -5.7158553886e-02
8.6045821654e+00 -5.5064870050e-02
8.6276995379e+00 -5.8263014930e-02
8.6837075019e+00 -5.6294608549e-02
8.7041227478e+00 -5.9262093981e-02
8.7553375088e+00 -5.7438280455e-02
8.7732143537e+00 -6.0163606107e-02
8.8194829599e+00 -5.8494408528e-02
8.8349934262e+00 -6.0953922816e-02
8.8761808736e+00 -5.9450547705e-02
8.8894200603e+00 -6.1635802155e-02
8.9253901518e+00 -6.0309574473e-02
8.9365054933e+00 -6.2206929194e-02
8.9671217263e+00 -6.1066792293e-02
8.9762427631e+00 -6.2668417298e-02
9.0014156102e+00 -6.1722126465e-02
9.0086083012e+00 -6.3013306384e-02
9.0282718071e+00 -6.2270087674e-02
9.0336027519e+00 -6.3244481877e-02
9.0476846951e+00 -6.2710120754e-02
9.0512218173e+00 -6.3365926953e-02
9.0596697948e+00 -6.3042563578e-02
9.0614514531e+00 -6.3370299944e-02
9.0642674457e+00 -6.3262512152e-02
