7.1283832825e+02
7.1113224399e+02
7.1286746694e+02
7.1110492633e+02
7.1289660563e+02
7.1107760866e+02
7.1292574431e+02
7.1105029100e+02
7.1295136476e+02
7.1102636437e+02
7.1297634464e+02
7.1100372899e+02
7.1300132452e+02
7.1098117759e+02
7.1302630440e+02
7.1096159121e+02
7.1304470467e+02
7.1094380654e+02
7.1306355764e+02
7.1092452745e+02
7.1308422188e+02
7.1090645344e+02
7.1309887274e+02
7.1089456420e+02
7.1311211012e+02
7.1088267496e+02
7.1312522568e+02
7.1086993748e+02
7.1313452156e+02
7.1086324919e+02
7.1313916504e+02
7.1085671706e+02
7.1314380853e+02
7.1085018493e+02
7.1314904975e+02
7.1084687138e+02
7.1314635957e+02
7.1084891284e+02
7.1314390642e+02
7.1085095430e+02
7.1314145326e+02
7.1085276797e+02
7.1313257981e+02
7.1086318075e+02
7.1311886882e+02
7.1087229876e+02
7.1310547885e+02
7.1088119372e+02
7.1309245331e+02
7.1089410202e+02
7.1307056786e+02
7.1091137136e+02
7.1304910643e+02
7.1092965376e+02
7.1302801928e+02
7.1094827163e+02
7.1299850112e+02
7.1097544076e+02
7.1296692562e+02
7.1100260989e+02
7.1293709412e+02
7.1102947596e+02
7.1290476474e+02
7.1105882734e+02
7.1286487087e+02
7.1109304154e+02
7.1282497700e+02
7.1112725573e+02
7.1278508312e+02
7.1116245908e+02
7.1274026746e+02
7.1120356935e+02
7.1269402147e+02
7.1124467963e+02
7.1264777548e+02
7.1128761282e+02
7.1259875421e+02
7.1133621757e+02
7.1254487273e+02
7.1138523313e+02
7.1249187099e+02
7.1143211715e+02
7.1244290516e+02
7.1148003516e+02
7.1238790095e+02
7.1153093605e+02
7.1233236604e+02
7.1158518998e+02
7.1227456954e+02
7.1163989267e+02
7.1221469754e+02
7.1169645850e+02
7.1215541882e+02
7.1175344778e+02
7.1209889941e+02
7.1181043705e+02
7.1204222351e+02
7.1186642158e+02
7.1198362287e+02
7.1192502222e+02
