-6.9992909060e-05 -4.4135832338e-09
2.8757592015e-02 -7.2413644443e-03
9.8316043463e-01 -2.2031129478e-06
1.0699097758e+00 2.3904311123e-03
1.9460290649e+00 -1.9275325200e-06
2.0382529722e+00 2.6595232327e-03
2.8885358978e+00 8.2232770006e-07
2.9802977650e+00 1.8707006619e-03
3.8107108113e+00 5.8690781615e-06
3.9011973016e+00 5.8681549947e-04
4.7125893145e+00 1.1336659374e-05
4.8015284244e+00 -6.4550978388e-05
5.5941652675e+00 1.6896042734e-05
5.6810835516e+00 -4.9733322692e-04
6.4554815279e+00 1.5576597603e-05
6.5400575377e+00 -4.6151030208e-04
7.2965219318e+00 1.5627957576e-05
7.3794391876e+00 -4.7472698997e-04
8.1173873123e+00 1.9105708059e-05
8.1983312448e+00 -5.8099048337e-04
8.9180347978e+00 2.3907280777e-05
8.9968797578e+00 -5.9009351602e-04
9.6983971970e+00 3.0193442438e-05
9.7754235508e+00 -5.9627304499e-04
1.0458565473e+01 3.5318564423e-05
1.0533677136e+01 -6.0331380958e-04
1.1198594585e+01 3.7014029504e-05
1.1271606902e+01 -6.0589989559e-04
1.1918469049e+01 3.6372546579e-05
1.1989452094e+01 -6.0966564451e-04
1.2618171718e+01 3.4336718115e-05
1.2687249774e+01 -6.1552030919e-04
1.3297730711e+01 3.3860242089e-05
1.3364811829e+01 -6.2206703879e-04
1.3957136901e+01 3.5956209129e-05
1.4022166380e+01 -6.2892645880e-04
1.4596484880e+01 3.8531194165e-05
1.4659620389e+01 -6.2952089729e-04
1.5215749536e+01 3.8416771580e-05
1.5276891340e+01 -6.2560305157e-04
1.5814838585e+01 3.4604157274e-05
1.5873979234e+01 -6.1717292166e-04
1.6393852652e+01 2.8436181725e-05
1.6451032930e+01 -6.0129916934e-04
1.6952890866e+01 2.2040580384e-05
1.7008086411e+01 -5.8373839287e-04
1.7491723499e+01 1.4927004743e-05
1.7545091436e+01 -5.6678944183e-04
1.8010792588e+01 6.8356497387e-06
1.8062059636e+01 -5.5059382497e-04
1.8509561636e+01 2.3308890856e-06
1.8559029388e+01 -5.3606524536e-04
1.8988631722e+01 6.7766597995e-07
1.9035978062e+01 -5.2318949727e-04
1.9447527793e+01 3.3706585906e-06
1.9492905656e+01 -5.1196658070e-04
1.9886470377e+01 8.4137066075e-06
1.9929818474e+01 -5.0069693675e-04
2.0305554883e+01 8.1213890006e-06
2.0346774456e+01 -4.8665493688e-04
2.0704527380e+01 2.0548994643e-06
2.0743778663e+01 -4.6837273765e-04
2.1083499363e+01 -5.1129689111e-06
2.1120813692e+01 -4.4636432004e-04
2.1442609449e+01 -1.3453371553e-05
2.1477894135e+01 -4.2645915055e-04
2.1781772954e+01 -2.4098353645e-05
2.1815047322e+01 -4.1018295182e-04
2.2100954943e+01 -3.5565250309e-05
2.2132256693e+01 -3.9715648991e-04
2.2400245764e+01 -4.6823130211e-05
2.2429493477e+01 -3.8497115782e-04
2.2679638070e+01 -5.8825295623e-05
2.2706839542e+01 -3.7058711511e-04
2.2939090594e+01 -7.2226828420e-05
2.2964315213e+01 -3.5392874255e-04
2.3178623979e+01 -8.4666591386e-05
2.3201846925e+01 -3.3616363238e-04
2.3398289884e+01 -9.8295169970e-05
2.3419471429e+01 -3.1879365136e-04
2.3598049959e+01 -1.0861034926e-04
2.3617228283e+01 -3.0162860409e-04
2.3777918675e+01 -1.1347272888e-04
2.3795115271e+01 -2.8596551852e-04
2.3937908380e+01 -1.1670153315e-04
2.3953080578e+01 -2.7097487703e-04
2.4078018802e+01 -1.2550782819e-04
2.4091180708e+01 -2.5916363603e-04
2.4198248596e+01 -1.4005652722e-04
2.4209416617e+01 -2.5075809251e-04
2.4298609538e+01 -1.5196639133e-04
2.4307772581e+01 -2.4392149574e-04
2.4379134710e+01 -1.6591108044e-04
2.4386240844e+01 -2.3573853111e-04
2.4439770435e+01 -1.7776891552e-04
2.4444822546e+01 -2.2617501065e-04
2.4480505808e+01 -1.8697562446e-04
2.4483547923e+01 -2.1673970145e-04
2.4501387679e+01 -1.9595129534e-04
2.4502401855e+01 -2.0589267405e-04
