1.9622409711e-01 6.3297108208e-08
1.9622418306e-01 6.3346019453e-08
1.9622422648e-01 5.6808323701e-08
1.9622422736e-01 4.3684020954e-08
1.9622418570e-01 2.3973111210e-08
1.9622410150e-01 -2.3244055298e-09
1.9622421796e-01 -4.0678698867e-08
1.9622430451e-01 -5.5257823944e-08
1.9622432269e-01 -6.0609560292e-08
1.9622434182e-01 -6.0339330189e-08
1.9622436191e-01 -5.4447133634e-08
1.9622438296e-01 -4.2932970628e-08
1.9622440498e-01 -2.5796841169e-08
1.9622431095e-01 4.1965635291e-09
1.9622424622e-01 2.6134998401e-08
1.9622437831e-01 3.4060944772e-08
1.9622446632e-01 3.9890396733e-08
1.9622451025e-01 4.3623354283e-08
1.9622451009e-01 4.5259817423e-08
1.9622446586e-01 4.4799786153e-08
1.9622437754e-01 4.2243260472e-08
1.9622396881e-01 5.8143886941e-08
1.9622412386e-01 8.1940594441e-08
1.9622423388e-01 9.3622607165e-08
1.9622429887e-01 9.3189925114e-08
1.9622431882e-01 8.0642548287e-08
1.9622429375e-01 5.5980476684e-08
1.9622422364e-01 1.9203710306e-08
1.9622421253e-01 -2.9187838134e-08
1.9622437890e-01 -5.7642348310e-08
1.9622439869e-01 -6.7661128531e-08
1.9622441910e-01 -7.0701712799e-08
1.9622444014e-01 -6.6764101113e-08
1.9622446180e-01 -5.5848293475e-08
1.9622448410e-01 -3.7954289883e-08
1.9622450366e-01 -1.2955472083e-08
1.9622424659e-01 1.4726044571e-08
1.9622439639e-01 1.9422492889e-08
1.9622450167e-01 2.3071003638e-08
1.9622456244e-01 2.5671576817e-08
1.9622457871e-01 2.7224212426e-08
1.9622455046e-01 2.7728910465e-08
1.9622447770e-01 2.7185670935e-08
1.9622416660e-01 3.8998775847e-08
1.9622410902e-01 6.2451232458e-08
1.9622423027e-01 7.8543340441e-08
1.9622430582e-01 8.1154984862e-08
1.9622433567e-01 7.0286165721e-08
1.9622431982e-01 4.5936883019e-08
1.9622425826e-01 8.1071367545e-09
1.9622415101e-01 -4.3203073072e-08
1.9622436743e-01 -9.7906531698e-08
1.9622438344e-01 -1.0540779987e-07
1.9622440180e-01 -1.0683742494e-07
1.9622442252e-01 -1.0219540691e-07
1.9622444558e-01 -9.1481745782e-08
1.9622447100e-01 -7.4696441557e-08
1.9622449878e-01 -5.1839494233e-08
1.9622429717e-01 -2.9239173039e-08
1.9622434895e-01 -1.3685263124e-08
1.9622448102e-01 5.9805690206e-10
1.9622456644e-01 1.2250935378e-08
1.9622460523e-01 2.1273372303e-08
1.9622459736e-01 2.7665367678e-08
1.9622454285e-01 3.1426921503e-08
1.9622436338e-01 3.4144647462e-08
1.9622405446e-01 3.7168712195e-08
1.9622418819e-01 4.1004374534e-08
1.9622427690e-01 3.7098965377e-08
1.9622432060e-01 2.5452484726e-08
1.9622431927e-01 6.0649325787e-09
1.9622427294e-01 -2.1063691064e-08
1.9622418158e-01 -5.5933386201e-08
1.9622431523e-01 -1.0744388847e-07
1.9622439023e-01 -1.1451038578e-07
1.9622439497e-01 -1.0589641362e-07
1.9622440653e-01 -9.1896829142e-08
1.9622442491e-01 -7.2511632337e-08
1.9622445012e-01 -4.7740823205e-08
1.9622448216e-01 -1.7584401748e-08
1.9622440888e-01 1.1138748228e-08
1.9622427652e-01 2.3585121527e-08
1.9622443221e-01 3.8440309175e-08
1.9622453975e-01 4.9164734967e-08
1.9622459912e-01 5.5758398902e-08
1.9622461034e-01 5.8221300982e-08
1.9622457339e-01 5.6553441205e-08
1.9622448828e-01 5.0754819573e-08
1.9622405189e-01 4.5343091030e-08
1.9622412707e-01 5.0551717510e-08
1.9622423264e-01 4.8683042188e-08
1.9622429090e-01 3.7053916889e-08
1.9622430185e-01 1.5664341614e-08
1.9622426549e-01 -1.5485683639e-08
1.9622418181e-01 -5.6396158868e-08
1.9622419043e-01 -1.1086183965e-07
1.9622434949e-01 -1.3849737003e-07
1.9622435292e-01 -1.3332228299e-07
1.9622436197e-01 -1.2357729967e-07
1.9622437662e-01 -1.0926242006e-07
1.9622439688e-01 -9.0377644172e-08
1.9622442274e-01 -6.6922971998e-08
1.9622445422e-01 -3.8898403541e-08
1.9622415241e-01 -3.8021949759e-08
1.9622432094e-01 -2.6454650292e-08
1.9622445910e-01 -1.5724141514e-08
1.9622455078e-01 -6.4044138465e-09
1.9622459599e-01 1.5045327108e-09
1.9622459472e-01 8.0026981580e-09
1.9622454698e-01 1.3090082495e-08
1.9622422968e-01 4.0233699594e-08
1.9622403287e-01 6.2500842077e-08
1.9622415024e-01 6.2374864627e-08
1.9622421741e-01 5.3267197012e-08
1.9622423436e-01 3.5177839233e-08
1.9622420112e-01 8.1067912884e-09
1.9622411766e-01 -2.7945946821e-08
1.9622398401e-01 -7.2980375094e-08
1.9622420290e-01 -1.4260418875e-07
1.9622425341e-01 -1.5945529061e-07
1.9622427233e-01 -1.6215531505e-07
1.9622430143e-01 -1.5528116317e-07
1.9622434071e-01 -1.3883283496e-07
1.9622439017e-01 -1.1281033043e-07
1.9622444982e-01 -7.7213649574e-08
1.9622425622e-01 -4.1453817234e-08
1.9622419671e-01 -1.3873309603e-08
1.9622434064e-01 1.1764215482e-08
1.9622443938e-01 2.9974925857e-08
1.9622449293e-01 4.0758821521e-08
1.9622450131e-01 4.4115902476e-08
1.9622446450e-01 4.0046168720e-08
1.9622430677e-01 3.4216630711e-08
1.9622385117e-01 4.1674258052e-08
1.9622397666e-01 4.4655408880e-08
1.9622405618e-01 3.9701233350e-08
1.9622408975e-01 2.6811731463e-08
1.9622407735e-01 5.9869032195e-09
1.9622401899e-01 -2.2773251382e-08
1.9622391467e-01 -5.9468732340e-08
1.9622398371e-01 -1.2466520428e-07
1.9622414017e-01 -1.6473402120e-07
1.9622416550e-01 -1.7393469887e-07
1.9622419624e-01 -1.7039011980e-07
1.9622423240e-01 -1.5410028397e-07
1.9622427397e-01 -1.2506519139e-07
1.9622432096e-01 -8.3284842067e-08
1.9622425530e-01 -3.6071483074e-08
1.9622396594e-01 -1.8088975977e-08
1.9622413269e-01 -1.1196875986e-08
1.9622425275e-01 -5.0974860846e-09
1.9622432613e-01 2.0919372775e-10
1.9622435282e-01 4.7231634509e-09
1.9622433283e-01 8.4444230849e-09
1.9622426615e-01 1.1372972630e-08
1.9622384092e-01 4.9987136335e-08
1.9622382582e-01 8.4616700885e-08
1.9622395147e-01 1.0606424433e-07
1.9622402323e-01 1.1264958513e-07
1.9622404108e-01 1.0437272329e-07
1.9622400504e-01 8.1233658808e-08
1.9622391510e-01 4.3232391680e-08
1.9622391388e-01 -2.7506186683e-08
1.9622412950e-01 -9.5794695491e-08
1.9622414765e-01 -1.2776461077e-07
1.9622417486e-01 -1.4366589491e-07
1.9622421113e-01 -1.4349854792e-07
1.9622425646e-01 -1.2726256979e-07
1.9622431086e-01 -9.4957960528e-08
1.9622437432e-01 -4.6584720129e-08
1.9622403887e-01 -1.7006400091e-09
1.9622410851e-01 1.4069990986e-08
1.9622425326e-01 2.4782272030e-08
1.9622435092e-01 3.3728555563e-08
1.9622440150e-01 4.0908841584e-08
1.9622440500e-01 4.6323130093e-08
1.9622436141e-01 4.9971421091e-08
1.9622407571e-01 5.6139170222e-08
1.9622379956e-01 5.6933278774e-08
1.9622393353e-01 5.2506904832e-08
1.9622401430e-01 4.1490233575e-08
1.9622404188e-01 2.3883265001e-08
1.9622401625e-01 -3.1400088968e-10
1.9622393742e-01 -3.1101564097e-08
1.9622382500e-01 -7.2184409528e-08
1.9622403610e-01 -1.4531412154e-07
1.9622408491e-01 -1.6751571485e-07
1.9622410247e-01 -1.7421368875e-07
1.9622413374e-01 -1.6943016248e-07
1.9622417872e-01 -1.5316513606e-07
1.9622423740e-01 -1.2541860948e-07
1.9622430979e-01 -8.6190582731e-08
1.9622409494e-01 -2.2994558820e-08
1.9622391423e-01 2.0804253021e-08
1.9622404988e-01 4.4846830398e-08
1.9622413222e-01 6.1652145651e-08
1.9622416125e-01 7.1220198780e-08
1.9622413697e-01 7.3550989786e-08
1.9622405938e-01 6.8644518667e-08
1.9622392848e-01 5.6500785424e-08
1.9622366182e-01 3.1120747404e-08
1.9622373566e-01 2.0779338076e-08
1.9622382535e-01 9.9508549350e-09
1.9622387241e-01 -3.7441182573e-09
1.9622387686e-01 -2.0305581501e-08
1.9622383869e-01 -3.9733534796e-08
1.9622375790e-01 -6.2027978142e-08
1.9622363347e-01 -5.4731238669e-08
1.9622364045e-01 -3.5977531539e-08
1.9622373842e-01 -3.4316493367e-08
1.9622380373e-01 -3.5295709164e-08
1.9622383636e-01 -3.8915178928e-08
1.9622383633e-01 -4.5174902661e-08
1.9622380362e-01 -5.4074880361e-08
1.9622371186e-01 -6.7694832673e-08
1.9622356055e-01 -8.8411098076e-08
1.9622377642e-01 -7.9979780208e-08
1.9622394015e-01 -7.3872766551e-08
1.9622405173e-01 -7.0090057103e-08
1.9622411117e-01 -6.8631651866e-08
1.9622411846e-01 -6.9497550839e-08
1.9622407361e-01 -7.2687754022e-08
1.9622376058e-01 -7.8130771838e-08
1.9622359120e-01 -7.9321615016e-08
1.9622374330e-01 -6.7342690040e-08
1.9622385197e-01 -5.8463112771e-08
1.9622391720e-01 -5.2682883206e-08
1.9622393898e-01 -5.0002001348e-08
1.9622391733e-01 -5.0420467194e-08
1.9622385224e-01 -5.3938280747e-08
1.9622372100e-01 -2.6184960269e-08
1.9622363071e-01 -1.0546257865e-09
1.9622371071e-01 4.9184071208e-09
1.9622373860e-01 1.0774453585e-08
1.9622371439e-01 1.6513513607e-08
1.9622363808e-01 2.2135587185e-08
1.9622350966e-01 2.7640674321e-08
1.9622332915e-01 3.3028775014e-08
1.9622346739e-01 3.0831958871e-08
1.9622358339e-01 2.8993122285e-08
1.9622363822e-01 3.0534395619e-08
1.9622366109e-01 3.8137857806e-08
1.9622365200e-01 5.1803508847e-08
1.9622361094e-01 7.1531348741e-08
1.9622353792e-01 9.7321377489e-08
1.9622343294e-01 1.2917359509e-07
1.9622342799e-01 1.5572491666e-07
1.9622345714e-01 1.4435482863e-07
1.9622343378e-01 1.2567662514e-07
1.9622339382e-01 1.0486932625e-07
1.9622333728e-01 8.1932931965e-08
1.9622326416e-01 5.6867442285e-08
1.9622317444e-01 2.9672857211e-08
1.9622307690e-01 -1.0760802581e-08
1.9622325839e-01 -2.3630943181e-08
1.9622339394e-01 -3.1577084155e-08
1.9622346723e-01 -3.6274514404e-08
1.9622347826e-01 -3.7723233931e-08
1.9622342704e-01 -3.5923242734e-08
1.9622331355e-01 -3.0874540814e-08
1.9622321668e-01 -1.8795337217e-08
1.9622338491e-01 -2.0080017945e-08
1.9622352213e-01 -2.2693655396e-08
1.9622358916e-01 -2.4536849578e-08
1.9622358597e-01 -2.5609600489e-08
1.9622351259e-01 -2.5911908130e-08
1.9622336899e-01 -2.5443772501e-08
1.9622322014e-01 -4.8745070795e-08
1.9622323106e-01 -8.3150399546e-08
1.9622328588e-01 -9.2392484015e-08
1.9622334423e-01 -1.0124880036e-07
1.9622340610e-01 -1.0971934858e-07
1.9622347149e-01 -1.1780412867e-07
1.9622354042e-01 -1.2550314064e-07
1.9622346293e-01 -1.1368676193e-07
1.9622338905e-01 -1.0188360065e-07
1.9622352986e-01 -9.7286654393e-08
1.9622360879e-01 -9.4421490130e-08
1.9622362586e-01 -9.3288107865e-08
1.9622358105e-01 -9.3886507597e-08
1.9622347437e-01 -9.6216689327e-08
1.9622332830e-01 -1.0624958894e-07
1.9622325744e-01 -1.3167826320e-07
1.9622346865e-01 -1.2577529036e-07
1.9622363716e-01 -1.1679742720e-07
1.9622375762e-01 -1.0517152550e-07
1.9622383001e-01 -9.0897585282e-08
1.9622385433e-01 -7.3975606531e-08
1.9622383059e-01 -5.4405589250e-08
1.9622356951e-01 -2.7714320907e-08
1.9622334789e-01 -9.3394060121e-09
1.9622350568e-01 1.3946627305e-08
1.9622362052e-01 3.1909274992e-08
1.9622369241e-01 4.4548537049e-08
1.9622372135e-01 5.1864413475e-08
1.9622370733e-01 5.3856904272e-08
1.9622365036e-01 5.0526009439e-08
1.9622353937e-01 7.0101248961e-08
1.9622344483e-01 9.0766523529e-08
1.9622355144e-01 8.0202618321e-08
1.9622360322e-01 7.2582890638e-08
1.9622360016e-01 6.7907340481e-08
1.9622354227e-01 6.6175967849e-08
1.9622342954e-01 6.7388772743e-08
1.9622326197e-01 7.1545755162e-08
1.9622339315e-01 7.2795174090e-08
1.9622356669e-01 8.1769952614e-08
1.9622368570e-01 8.9545791273e-08
1.9622375040e-01 9.3976420033e-08
1.9622376081e-01 9.5061838895e-08
1.9622371691e-01 9.2802047860e-08
1.9622361872e-01 8.7197046926e-08
1.9622346623e-01 7.8246836094e-08
1.9622352518e-01 1.0169486279e-07
1.9622352623e-01 1.2498603074e-07
1.9622348202e-01 1.4424481210e-07
1.9622340277e-01 1.6017130925e-07
1.9622328846e-01 1.7276552217e-07
1.9622313911e-01 1.8202745087e-07
1.9622295471e-01 1.8795709535e-07
1.9622273527e-01 1.9055445560e-07
1.9622265250e-01 1.6384578263e-07
1.9622264533e-01 1.2355945129e-07
1.9622264407e-01 8.7560080944e-08
1.9622264874e-01 5.5847671588e-08
1.9622265932e-01 2.8422223222e-08
1.9622267581e-01 5.2837358471e-09
1.9622268448e-01 -1.5983100928e-08
1.9622309020e-01 -4.4519412643e-08
1.9622345450e-01 -7.1815108781e-08
1.9622367933e-01 -1.0030581139e-07
1.9622376469e-01 -1.2999152047e-07
1.9622371057e-01 -1.6087223602e-07
1.9622351699e-01 -1.9294795805e-07
1.9622345539e-01 -2.1957528116e-07
1.9622351956e-01 -2.2118922891e-07
1.9622354248e-01 -2.1589335759e-07
1.9622359088e-01 -2.0693926446e-07
1.9622366476e-01 -1.9432694951e-07
1.9622376413e-01 -1.7805641275e-07
1.9622388898e-01 -1.5812765418e-07
1.9622382294e-01 -1.0881175933e-07
1.9622364907e-01 -6.3956785715e-08
1.9622377301e-01 -3.6673347079e-08
1.9622384019e-01 -1.8177431868e-08
1.9622385060e-01 -8.4690400818e-09
1.9622380426e-01 -7.5481717210e-09
1.9622370116e-01 -1.5414826785e-08
1.9622355479e-01 -3.6823313228e-08
1.9622346290e-01 -7.0194743475e-08
1.9622361033e-01 -7.7946403156e-08
1.9622375702e-01 -8.3231734955e-08
1.9622385920e-01 -8.8974004225e-08
1.9622391688e-01 -9.5173210964e-08
1.9622393006e-01 -1.0182935517e-07
1.9622389873e-01 -1.0894243685e-07
1.9622364619e-01 -1.0155087698e-07
1.9622334178e-01 -9.3505660566e-08
1.9622348066e-01 -7.2840852663e-08
1.9622358143e-01 -5.4134313241e-08
1.9622364408e-01 -3.7386042300e-08
1.9622366862e-01 -2.2596039841e-08
1.9622365505e-01 -9.7643058634e-09
1.9622360336e-01 1.1091596332e-09
1.9622346589e-01 3.5057283261e-08
1.9622331076e-01 7.1711974824e-08
1.9622340472e-01 8.1854615966e-08
1.9622345433e-01 8.9904122991e-08
1.9622345484e-01 9.6281495097e-08
1.9622340625e-01 1.0098673228e-07
1.9622330855e-01 1.0401983455e-07
1.9622316176e-01 1.0538080190e-07
1.9622329229e-01 9.3384105796e-08
1.9622348487e-01 9.6461304586e-08
1.9622359510e-01 1.0548775652e-07
1.9622365673e-01 1.1201059011e-07
1.9622366978e-01 1.1602980535e-07
1.9622363423e-01 1.1754540225e-07
1.9622355009e-01 1.1655738081e-07
1.9622341735e-01 1.1306574102e-07
1.9622342494e-01 1.1173192663e-07
1.9622344129e-01 1.3954292401e-07
1.9622340921e-01 1.6676239674e-07
1.9622333807e-01 1.8462941055e-07
1.9622322790e-01 1.9314396542e-07
1.9622307868e-01 1.9230606136e-07
1.9622289041e-01 1.8211569837e-07
1.9622266311e-01 1.6257287645e-07
1.9622258635e-01 1.2851418137e-07
1.9622256664e-01 9.7805416125e-08
1.9622256465e-01 6.5906728690e-08
1.9622258040e-01 3.2818119063e-08
1.9622261388e-01 -1.4604127542e-09
1.9622266509e-01 -3.6928866763e-08
1.9622270509e-01 -7.4956043979e-08
1.9622305716e-01 -9.1592723317e-08
1.9622341429e-01 -1.0412679304e-07
1.9622363633e-01 -1.2094590486e-07
1.9622372327e-01 -1.4205005877e-07
1.9622367512e-01 -1.6743925479e-07
1.9622349187e-01 -1.9711349290e-07
1.9622343722e-01 -2.4491837737e-07
1.9622352061e-01 -2.6425487094e-07
1.9622359181e-01 -2.6279896671e-07
1.9622367109e-01 -2.5932702432e-07
1.9622375846e-01 -2.5383904379e-07
1.9622385391e-01 -2.4633502512e-07
1.9622395744e-01 -2.3681496829e-07
1.9622380842e-01 -1.7683563400e-07
1.9622361458e-01 -1.2639308121e-07
1.9622373395e-01 -9.4086133025e-08
1.9622381085e-01 -6.5031398430e-08
1.9622384529e-01 -3.9228877430e-08
1.9622383727e-01 -1.6678570022e-08
1.9622378679e-01 2.6195237913e-09
1.9622368929e-01 1.5390543101e-08
1.9622358102e-01 1.1739084436e-08
1.9622359562e-01 9.0127832691e-09
1.9622363019e-01 4.7999797621e-09
1.9622364013e-01 -3.1800163942e-09
1.9622362546e-01 -1.4927205200e-08
1.9622358616e-01 -3.0441586654e-08
1.9622352225e-01 -4.9723160758e-08
1.9622350488e-01 -8.1866452330e-08
1.9622352827e-01 -1.1075971962e-07
1.9622357122e-01 -1.0196695772e-07
1.9622361260e-01 -9.3251170515e-08
1.9622365197e-01 -8.5507652183e-08
1.9622368932e-01 -7.8736402723e-08
1.9622372467e-01 -7.2937422133e-08
1.9622372617e-01 -6.6173587714e-08
1.9622349314e-01 -5.6914473460e-08
1.9622331449e-01 -6.7326789756e-08
1.9622341257e-01 -8.6326729118e-08
1.9622346663e-01 -9.4630860574e-08
1.9622347667e-01 -9.2239184123e-08
1.9622344269e-01 -7.9151699765e-08
1.9622336470e-01 -5.5368407500e-08
1.9622324269e-01 -2.0889307328e-08
1.9622329026e-01 -3.8716271639e-08
1.9622351241e-01 -5.3823570757e-08
1.9622383693e-01 -4.3825426771e-08
1.9622407790e-01 -2.8400657349e-08
1.9622423532e-01 -7.5492624910e-09
1.9622430919e-01 1.8728757804e-08
1.9622429950e-01 5.0433403535e-08
1.9622431292e-01 1.1029076761e-07
1.9622460508e-01 2.2864405862e-07
1.9622474962e-01 2.7866957346e-07
1.9622459784e-01 2.3130166269e-07
1.9622437205e-01 1.9576572034e-07
1.9622407225e-01 1.7206174639e-07
1.9622369843e-01 1.6018974087e-07
1.9622325061e-01 1.6014970375e-07
1.9622284972e-01 1.6400315565e-07
1.9622285978e-01 1.4012464508e-07
1.9622280700e-01 1.1681858795e-07
1.9622275905e-01 8.9560818383e-08
1.9622271595e-01 5.8351336374e-08
1.9622267768e-01 2.3190141924e-08
1.9622264424e-01 -1.5922764966e-08
1.9622260187e-01 -5.9407060718e-08
1.9622293908e-01 -8.8833409313e-08
1.9622328901e-01 -1.1304935748e-07
1.9622349621e-01 -1.3827526143e-07
1.9622356068e-01 -1.6451112114e-07
1.9622348242e-01 -1.9175693662e-07
1.9622326142e-01 -2.2001270788e-07
1.9622319577e-01 -2.4729136341e-07
1.9622328018e-01 -2.5705908976e-07
1.9622333670e-01 -2.6646002627e-07
1.9622340592e-01 -2.7369380383e-07
1.9622348786e-01 -2.7876042244e-07
1.9622358251e-01 -2.8165988209e-07
1.9622368987e-01 -2.8239218280e-07
1.9622356052e-01 -2.1898949843e-07
1.9622332477e-01 -1.6003249678e-07
1.9622348016e-01 -1.1874910943e-07
1.9622358187e-01 -8.0191269427e-08
1.9622362990e-01 -4.4358976785e-08
1.9622362424e-01 -1.1252231499e-08
1.9622356491e-01 1.9128966430e-08
1.9622345334e-01 5.0897729849e-08
1.9622335382e-01 9.4259119078e-08
1.9622335459e-01 1.2814198402e-07
1.9622338704e-01 1.5445298568e-07
1.9622339557e-01 1.7659593172e-07
1.9622338019e-01 1.9457082214e-07
1.9622334090e-01 2.0837765694e-07
1.9622327770e-01 2.1801643613e-07
1.9622324222e-01 2.1314723060e-07
1.9622323506e-01 2.0159587428e-07
1.9622324453e-01 2.0626242985e-07
1.9622326772e-01 2.1249993277e-07
1.9622330237e-01 2.1716096621e-07
1.9622334849e-01 2.2024553018e-07
1.9622340607e-01 2.2175362466e-07
1.9622347511e-01 2.2168524967e-07
1.9622332783e-01 2.2040335084e-07
1.9622315418e-01 2.0777429051e-07
