3.4263297514e+02
3.4260084523e+02
3.4256871532e+02
3.4253658541e+02
3.4250445550e+02
3.4247232559e+02
3.4244019567e+02
3.4240806576e+02
3.4237593585e+02
3.4234038344e+02
3.4230371828e+02
3.4226705312e+02
3.4223038797e+02
3.4219372281e+02
3.4215705766e+02
3.4212265732e+02
3.4209296705e+02
3.4205350213e+02
3.4201374147e+02
3.4197398080e+02
3.4193422013e+02
3.4189445946e+02
3.4185012420e+02
3.4180127101e+02
3.4175241783e+02
3.4170356465e+02
3.4165471147e+02
3.4160631326e+02
3.4154989704e+02
3.4149090553e+02
3.4143191403e+02
3.4137292252e+02
3.4131393101e+02
3.4125493951e+02
3.4118669971e+02
3.4111492533e+02
3.4104315094e+02
3.4097101499e+02
3.4089818163e+02
3.4082534826e+02
3.4074910022e+02
3.4066251287e+02
3.4057592552e+02
3.4048933818e+02
3.4040275083e+02
3.4031616348e+02
3.4022958785e+02
3.4013309791e+02
3.4003665293e+02
3.3994020794e+02
3.3984376296e+02
3.3974731798e+02
3.3965087299e+02
3.3954284335e+02
3.3942971292e+02
3.3931658249e+02
3.3920806997e+02
3.3911000882e+02
3.3901194766e+02
3.3890651335e+02
3.3879726247e+02
3.3868801158e+02
3.3857876070e+02
3.3846950982e+02
3.3835772863e+02
3.3824173242e+02
3.3814087075e+02
3.3804000909e+02
3.3793914743e+02
3.3783828576e+02
3.3773742410e+02
3.3762969181e+02
3.3752005885e+02
3.3741042589e+02
3.3731749019e+02
3.3724198652e+02
3.3716648285e+02
3.3709342796e+02
3.3702046190e+02
3.3694749584e+02
3.3687452978e+02
3.3680156373e+02
3.3671899038e+02
3.3667482597e+02
3.3663537430e+02
3.3659592263e+02
3.3655647096e+02
3.3651701928e+02
3.3648198363e+02
3.3644909448e+02
3.3641620533e+02
3.3641167342e+02
3.3642981280e+02
3.3645052148e+02
3.3648063555e+02
3.3651074961e+02
3.3654086368e+02
3.3657097775e+02
3.3659183250e+02
3.3664650809e+02
