1.0746650345e+03
1.0746655222e+03
1.0746654611e+03
1.0746649923e+03
1.0746654000e+03
1.0746649652e+03
1.0746653389e+03
1.0746649381e+03
1.0746654130e+03
1.0746650254e+03
1.0746655396e+03
1.0746651558e+03
1.0746655490e+03
1.0746652818e+03
1.0746653168e+03
1.0746652428e+03
1.0746651337e+03
1.0746651402e+03
1.0746652104e+03
1.0746650377e+03
1.0746652871e+03
1.0746650131e+03
1.0746653802e+03
1.0746650181e+03
1.0746653376e+03
1.0746650230e+03
1.0746653042e+03
1.0746651086e+03
1.0746652708e+03
1.0746652790e+03
1.0746652674e+03
1.0746654494e+03
1.0746653090e+03
1.0746655360e+03
1.0746653506e+03
1.0746652554e+03
1.0746654079e+03
1.0746649747e+03
1.0746653472e+03
1.0746647125e+03
1.0746653119e+03
1.0746647797e+03
1.0746652766e+03
1.0746648592e+03
1.0746654239e+03
1.0746649386e+03
1.0746657273e+03
1.0746649561e+03
1.0746660308e+03
1.0746648470e+03
1.0746662538e+03
1.0746647378e+03
1.0746661223e+03
1.0746645861e+03
1.0746658197e+03
1.0746646415e+03
1.0746655171e+03
1.0746647446e+03
1.0746655692e+03
1.0746648478e+03
1.0746657873e+03
1.0746649204e+03
1.0746660054e+03
1.0746649589e+03
1.0746660103e+03
1.0746649974e+03
1.0746657288e+03
1.0746650452e+03
1.0746654437e+03
1.0746651149e+03
1.0746651586e+03
1.0746652154e+03
1.0746651569e+03
1.0746653159e+03
1.0746652298e+03
1.0746652620e+03
1.0746653028e+03
1.0746651110e+03
1.0746653979e+03
1.0746649599e+03
1.0746655049e+03
1.0746649266e+03
1.0746656120e+03
1.0746650998e+03
1.0746657190e+03
1.0746652730e+03
1.0746656172e+03
1.0746654462e+03
1.0746654976e+03
1.0746652654e+03
1.0746653780e+03
1.0746649682e+03
1.0746653175e+03
1.0746646709e+03
1.0746653145e+03
1.0746645378e+03
1.0746653116e+03
1.0746647871e+03
1.0746652858e+03
1.0746650365e+03
