-3.5575710340e-06 2.3130345417e-12
2.9952879392e-01 1.3839391873e-06
5.9293655946e-01 1.4447706296e-06
8.8022249936e-01 6.0723399861e-07
1.1613879744e+00 2.0414930422e-07
1.4364344955e+00 3.5679819945e-07
1.7053619084e+00 4.5185164887e-07
1.9681696675e+00 4.6043799177e-07
2.2248587728e+00 4.0822132895e-07
2.4754267679e+00 7.2448245796e-07
2.7198784246e+00 9.8986384346e-07
2.9582153852e+00 1.1885584680e-06
3.1904382109e+00 1.4068692061e-06
3.4165409193e+00 1.1811887305e-06
3.6365267471e+00 3.5896386496e-07
3.8504029484e+00 4.6322796844e-09
4.0581518084e+00 7.8468507207e-07
4.2597934219e+00 2.1563637085e-06
4.4553236161e+00 2.3889936733e-06
4.6447345367e+00 1.3922148175e-06
4.8280316505e+00 2.2686683740e-07
5.0052178372e+00 2.4287024158e-07
5.1762851288e+00 1.2277770790e-06
5.3412380867e+00 1.6526751333e-06
5.5000926049e+00 9.3378417275e-07
5.6528282907e+00 1.2581085231e-07
5.7994555768e+00 2.0683978675e-07
5.9399678530e+00 7.2828007689e-07
6.0743738385e+00 6.6812655129e-07
6.2026603403e+00 1.0907146362e-08
6.3248272293e+00 5.2253017165e-08
6.4408954211e+00 -3.6505157472e-07
6.5508553268e+00 -1.1297589885e-07
6.6547028421e+00 2.3021955558e-08
6.7524388287e+00 -1.9832756437e-07
6.8440646199e+00 -4.0472474846e-07
6.9295832615e+00 -1.1227825573e-06
7.0089923543e+00 -1.7711991315e-06
7.0822934588e+00 -2.0753754896e-06
7.1494847106e+00 -1.6870433212e-06
7.2105635233e+00 1.4977094248e-07
7.2655398747e+00 3.0291635094e-07
7.3143951508e+00 -8.8316881323e-07
7.3571559609e+00 -2.3032496069e-06
7.3937987018e+00 -2.8507496219e-06
7.4243357638e+00 -2.4530196061e-06
7.4487658523e+00 -2.0825115200e-06
7.4670745346e+00 -1.7401170114e-06
7.4793017333e+00 -1.4989200900e-06
7.4854020326e+00 -1.8033239581e-06
7.4854029179e+00 -2.4774630110e-06
7.4793014291e+00 -3.0029990532e-06
7.4670743880e+00 -2.5906983392e-06
7.4487512776e+00 -1.9167450648e-06
7.4243194275e+00 -2.2940893741e-06
7.3937725259e+00 -3.1934816523e-06
7.3571082037e+00 -3.3464164500e-06
7.3143555986e+00 -2.6057229465e-06
7.2654951232e+00 -1.4493391800e-06
7.2105161352e+00 -1.2462814239e-06
7.1494285639e+00 -1.9709978515e-06
7.0822468195e+00 -2.9479106665e-06
7.0089393854e+00 -3.1320629727e-06
6.9295244231e+00 -2.6674058045e-06
6.8440087565e+00 -2.1976241497e-06
6.7523825429e+00 -1.8716238166e-06
6.6546397736e+00 -1.0909149233e-06
6.5507921617e+00 -4.9252139400e-07
6.4408362746e+00 3.1840716691e-08
6.3247706200e+00 -2.8803210094e-07
6.2025837798e+00 -2.0891177619e-07
6.0743009922e+00 -9.9141156587e-07
5.9399015128e+00 -1.6522392353e-06
5.7993899488e+00 -1.7941560724e-06
5.6527717295e+00 -1.3996375103e-06
5.5000392593e+00 -3.2479552015e-07
5.3412012824e+00 9.1460717361e-07
5.1762472152e+00 1.4225236952e-06
5.0051679028e+00 6.3757919864e-07
4.8279901371e+00 1.4256272726e-07
4.6446925995e+00 4.3251454624e-07
4.4552817643e+00 7.8386720226e-07
4.2597543815e+00 7.6406386118e-07
4.0581108487e+00 3.6797878864e-07
3.8503672903e+00 -3.0644164251e-07
3.6364961661e+00 -1.5100735507e-07
3.4165050836e+00 1.5799928901e-07
3.1904049248e+00 5.0792039514e-07
2.9581840218e+00 8.9630784955e-07
2.7198568214e+00 1.1216289206e-06
2.4754051087e+00 9.2059848906e-07
2.2248337711e+00 4.3509739062e-07
1.9681493094e+00 1.1715044989e-07
1.7053438514e+00 -1.2597158109e-07
1.4364212962e+00 -7.3379133448e-07
1.1613786877e+00 -1.0514320287e-06
8.8021511412e-01 -6.4587401387e-07
5.9292847623e-01 -2.4660562708e-07
2.9952406426e-01 1.3362905184e-08
-8.4240465619e-07 -2.6863148245e-10
