9.3054342912e-01
9.3073732786e-01
1.8315051363e+00
1.8315413565e+00
2.7036112807e+00
2.7036150806e+00
3.5471876435e+00
3.5471972536e+00
4.3628672468e+00
4.3628912136e+00
5.1512242777e+00
5.1512302964e+00
5.9127668346e+00
5.9127769364e+00
6.6480568207e+00
6.6480577718e+00
7.3576169096e+00
7.3576441604e+00
8.0420049342e+00
8.0420156233e+00
8.7017107951e+00
8.7017225210e+00
9.3372930670e+00
9.3373424901e+00
9.9491735697e+00
9.9493190670e+00
1.0538146500e+01
1.0538187720e+01
1.1104364126e+01
1.1104401308e+01
1.1648503088e+01
1.1648512871e+01
1.2171010843e+01
1.2171040790e+01
1.2672289917e+01
1.2672364968e+01
1.3153037290e+01
1.3153049995e+01
1.3613548664e+01
1.3613833193e+01
1.4054290110e+01
1.4054321992e+01
1.4475550838e+01
1.4475662470e+01
1.4878075956e+01
1.4878146976e+01
1.5262163405e+01
1.5262185806e+01
1.5628107792e+01
1.5628160937e+01
1.5976463489e+01
1.5976477300e+01
1.6307495104e+01
1.6307500000e+01
1.6621570975e+01
1.6621628904e+01
1.6919165303e+01
1.6919170747e+01
1.7200403249e+01
1.7200514599e+01
1.7465811499e+01
1.7465953803e+01
1.7715854369e+01
1.7715911325e+01
1.7950517988e+01
1.7950625254e+01
1.8170096970e+01
1.8170155408e+01
1.8375062199e+01
1.8375114751e+01
1.8565541268e+01
1.8565578947e+01
1.8741887489e+01
1.8741920585e+01
1.8904248287e+01
1.8904356505e+01
1.9052537871e+01
1.9052734884e+01
1.9187756145e+01
1.9188267050e+01
1.9309328043e+01
1.9310004053e+01
1.9417692241e+01
1.9417939583e+01
1.9512833541e+01
1.9513052079e+01
1.9595265254e+01
1.9595288309e+01
1.9664572319e+01
1.9664699741e+01
1.9721108327e+01
1.9721435582e+01
1.9765152871e+01
1.9765229710e+01
1.9796689082e+01
1.9796840401e+01
1.9815480246e+01
1.9815724850e+01
1.9821945291e+01
