-1.7488337641e-05 -1.1728028489e-09
-5.6453798402e-06 5.8037897569e-09
4.0534189134e-01 -5.0850781578e-07
4.0534316051e-01 1.8495181240e-07
7.9910979773e-01 2.7966590945e-07
7.9911043693e-01 -7.1417750686e-07
1.1812824233e+00 2.8296948830e-07
1.1812993025e+00 -6.5445003515e-07
1.5520140787e+00 -6.7221466581e-07
1.5520229429e+00 4.5538205306e-07
1.9117054996e+00 -7.0427611689e-07
1.9117222630e+00 4.5383406617e-07
2.2603962495e+00 1.3162506800e-07
2.2604246779e+00 -5.1245101472e-07
2.5981478473e+00 -7.1919807713e-07
2.5981786576e+00 5.8338507396e-08
2.9253394785e+00 3.1662375542e-07
2.9253836236e+00 -1.6742000434e-06
3.2421308401e+00 7.3248615797e-07
3.2421433176e+00 -1.7532487222e-06
3.5484762806e+00 -1.2680361484e-06
3.5485527422e+00 1.3059257150e-06
3.8447354073e+00 1.6033960843e-06
3.8447888001e+00 -1.2649368355e-06
4.1311114863e+00 2.0103278403e-06
4.1311683069e+00 -1.3744162566e-06
4.4076282170e+00 -8.4942606648e-07
4.4077152490e+00 2.7610124786e-06
4.6744963586e+00 -1.7817433489e-07
4.6745479852e+00 3.4557980444e-06
4.9319196326e+00 2.6129754663e-06
4.9319934432e+00 -4.3996934104e-08
5.1801169026e+00 -8.7531604936e-08
5.1801204075e+00 2.4432070476e-06
5.4190066853e+00 2.3530620959e-07
5.4191448722e+00 2.6033915603e-06
5.6490172947e+00 3.1311545494e-06
5.6490252197e+00 8.1703740638e-07
5.8701286086e+00 3.5399677313e-06
5.8701887839e+00 1.3252264145e-06
6.0825290632e+00 1.8456145747e-06
6.0826098534e+00 3.3664329668e-06
6.2864038778e+00 2.4543017023e-06
6.2864689375e+00 2.5354346034e-06
6.4818665228e+00 1.9948686264e-06
6.4819208388e+00 3.4239941953e-06
6.6690719860e+00 4.5884142660e-06
6.6690998760e+00 2.2534030374e-06
6.8480804245e+00 5.6782695594e-06
6.8481709738e+00 2.3243726390e-06
7.0191196850e+00 2.0644298834e-06
7.0191647095e+00 6.7380803197e-06
7.1822799754e+00 1.5401306133e-06
7.1823287316e+00 7.3947649663e-06
7.3376342069e+00 7.7385888120e-06
7.3377202562e+00 1.1312593057e-06
7.4853966818e+00 8.3068255937e-06
7.4854420882e+00 4.9878835575e-07
7.6256052867e+00 -2.3840139891e-07
7.6256645186e+00 9.2522722248e-06
7.7584342362e+00 1.0195229744e-05
7.7584550074e+00 -8.3272003203e-08
7.8839105016e+00 1.1093592416e-05
7.8839841447e+00 5.4678143942e-07
8.0022191663e+00 1.3999322338e-06
8.0022344023e+00 1.2003752511e-05
8.1133996773e+00 1.7915554558e-06
8.1134093913e+00 1.2671298739e-05
8.2175009665e+00 1.2904692856e-05
8.2175802089e+00 1.7584591055e-06
8.3147289504e+00 1.2895854837e-05
8.3147616579e+00 1.3636666538e-06
8.4051145741e+00 1.2850310483e-05
8.4051204241e+00 9.8606572278e-07
8.4886622369e+00 1.2629459231e-05
8.4887303406e+00 1.5475532871e-06
8.5655340352e+00 1.2382611613e-05
8.5656010386e+00 2.7351650179e-06
8.6357985659e+00 3.9859636411e-06
8.6358006867e+00 1.2354202422e-05
8.6994512406e+00 1.2444800167e-05
8.6994689844e+00 4.7608957349e-06
8.7565501425e+00 1.2346037373e-05
8.7566124382e+00 5.1911660731e-06
8.8072130341e+00 1.2092017272e-05
8.8072419589e+00 5.1197395059e-06
8.8514499304e+00 1.1725261552e-05
8.8514585669e+00 5.3609960957e-06
8.8892699544e+00 1.1349522399e-05
8.8893174490e+00 5.9707320662e-06
8.9207562256e+00 1.1130525405e-05
8.9208041691e+00 6.7544365608e-06
8.9459136421e+00 1.0590931303e-05
8.9459468097e+00 7.5378225342e-06
8.9647492512e+00 1.0007935057e-05
8.9647915179e+00 8.1049391039e-06
8.9773180097e+00 9.0148937032e-06
8.9773366404e+00 8.3933205306e-06
8.9835969465e+00 8.3026534607e-06
8.9836044153e+00 8.2717974907e-06
