3.0724002364e+02
3.0717621651e+02
3.0711240939e+02
3.0704860227e+02
3.0698479515e+02
3.0692098802e+02
3.0685718090e+02
3.0679851860e+02
3.0674575983e+02
3.0669300107e+02
3.0664024230e+02
3.0658748353e+02
3.0653472476e+02
3.0647674763e+02
3.0642430661e+02
3.0637416222e+02
3.0632401783e+02
3.0627387344e+02
3.0622372905e+02
3.0617358466e+02
3.0612799826e+02
3.0608409117e+02
3.0604018409e+02
3.0599627701e+02
3.0594960256e+02
3.0369961789e+02
3.0369678902e+02
3.0369767985e+02
3.0369857068e+02
3.0369946152e+02
3.0370035235e+02
3.0370587413e+02
3.0373225409e+02
3.0375747402e+02
3.0378269396e+02
3.0380791389e+02
3.0383313382e+02
3.0386714431e+02
3.0724002364e+02
3.0590400875e+02
3.0585798199e+02
3.0581195522e+02
3.0576592846e+02
3.0572325535e+02
3.0567945577e+02
3.0563338762e+02
3.0558731946e+02
3.0554125131e+02
3.0549518316e+02
3.0544979799e+02
3.0540518213e+02
3.0536056627e+02
3.0531550117e+02
3.0527040118e+02
3.0522530119e+02
3.0517992340e+02
3.0513363212e+02
3.0508734085e+02
3.0504104957e+02
3.0499549112e+02
3.0495080077e+02
3.0490560167e+02
3.0485828043e+02
3.0481095918e+02
3.0476363794e+02
3.0471631670e+02
3.0467246768e+02
3.0462871423e+02
3.0458218237e+02
3.0453565051e+02
3.0448911864e+02
3.0444258678e+02
3.0439635169e+02
3.0435601345e+02
3.0431460931e+02
3.0427161928e+02
3.0422862925e+02
3.0418563922e+02
3.0414248115e+02
3.0409533813e+02
3.0406191375e+02
3.0402848936e+02
3.0399506497e+02
3.0396164058e+02
3.0392646878e+02
3.0388737530e+02
3.0384828182e+02
3.0382666079e+02
3.0380595477e+02
3.0378524876e+02
3.0376481354e+02
3.0374452961e+02
3.0372424569e+02
3.0370396176e+02
3.0392689871e+02
3.0398542477e+02
3.0404395082e+02
3.0410127306e+02
3.0415601023e+02
3.0421334376e+02
3.0430936021e+02
