3.5404994841e+01
3.5422842189e+01
3.5440689536e+01
3.5458536884e+01
3.5476384232e+01
3.5490832502e+01
3.5505144556e+01
3.5519456609e+01
3.5533847311e+01
3.5545585277e+01
3.5557938363e+01
3.5570333000e+01
3.5582257421e+01
3.5591697276e+01
3.5601137131e+01
3.5610908683e+01
3.5618983995e+01
3.5626866620e+01
3.5634749245e+01
3.5642516903e+01
3.5647518277e+01
3.5652519650e+01
3.5657521023e+01
3.5662419592e+01
3.5665202636e+01
3.5668550278e+01
3.5671907074e+01
3.5673945290e+01
3.5674590504e+01
3.5675858347e+01
3.5677126191e+01
3.5676070816e+01
3.5674565160e+01
3.5673059504e+01
3.5671247052e+01
3.5668442067e+01
3.5665637081e+01
3.5662832095e+01
3.5658340692e+01
3.5652631758e+01
3.5647106917e+01
3.5641972833e+01
3.5634932702e+01
3.5627892571e+01
3.5620533227e+01
3.5612129395e+01
3.5603725563e+01
3.5595321731e+01
3.5584243951e+01
3.5573430284e+01
3.5563749941e+01
3.5552629343e+01
3.5540278630e+01
3.5527906966e+01
3.5514605463e+01
3.5500513345e+01
3.5487170655e+01
3.5473827965e+01
3.5457285027e+01
3.5440733026e+01
3.5426273503e+01
3.5409447201e+01
3.5392173695e+01
3.5374823449e+01
3.5356388639e+01
3.5338273080e+01
3.5319224279e+01
3.5298378109e+01
3.5279301801e+01
3.5261136899e+01
3.5241211137e+01
3.5220741878e+01
3.5198073293e+01
3.5176634379e+01
3.5156707776e+01
3.5136197341e+01
3.5113473483e+01
3.5090749625e+01
3.5073562756e+01
3.5055623296e+01
3.5036454829e+01
3.5015036863e+01
3.4992747287e+01
3.4978179988e+01
3.4963612689e+01
3.4948191283e+01
3.4932761641e+01
3.4929035201e+01
3.4929441616e+01
3.4932418145e+01
3.4935394675e+01
3.4961684751e+01
3.4986993625e+01
3.5012302499e+01
3.5053585515e+01
3.5114189636e+01
3.5174793757e+01
3.5342552369e+01
3.5534709336e+01
3.5726866304e+01
