1.9670997119e+02
1.9685594129e+02
1.9699808938e+02
1.9713251800e+02
1.9726329006e+02
1.9739230394e+02
1.9751082066e+02
1.9762898077e+02
1.9773816906e+02
1.9784518642e+02
1.9794640464e+02
1.9804233608e+02
1.9813519132e+02
1.9822250483e+02
1.9830885100e+02
1.9838587339e+02
1.9846060864e+02
1.9853066413e+02
1.9859823560e+02
1.9866043842e+02
1.9871912012e+02
1.9877246320e+02
1.9882341721e+02
1.9886865873e+02
1.9891013273e+02
1.9895009751e+02
1.9898260906e+02
1.9901384522e+02
1.9904032042e+02
1.9906479316e+02
1.9908505718e+02
1.9910040199e+02
1.9911418976e+02
1.9912200560e+02
1.9912739896e+02
1.9912955514e+02
1.9912881015e+02
1.9912300613e+02
1.9911419604e+02
1.9910131945e+02
1.9908699803e+02
1.9906829875e+02
1.9904650260e+02
1.9901945372e+02
1.9899197461e+02
1.9895754513e+02
1.9892102231e+02
1.9888006655e+02
1.9883998390e+02
1.9879217056e+02
1.9874402424e+02
1.9868666948e+02
1.9863044753e+02
1.9856631296e+02
1.9850179699e+02
1.9843212958e+02
1.9835898115e+02
1.9828350477e+02
1.9820371106e+02
1.9811831048e+02
1.9803176791e+02
1.9793681744e+02
1.9784292365e+02
1.9773885417e+02
1.9763598256e+02
1.9752394238e+02
1.9741364647e+02
1.9729163760e+02
1.9717359242e+02
1.9704221006e+02
1.9691606995e+02
1.9677465887e+02
1.9663951042e+02
1.9648961978e+02
1.9634798456e+02
1.9618714615e+02
1.9603471972e+02
1.9586631770e+02
1.9570517356e+02
1.9552959806e+02
1.9536331301e+02
1.9518096486e+02
1.9499905332e+02
1.9481617406e+02
1.9462841720e+02
1.9444563502e+02
1.9425255185e+02
1.9405838590e+02
1.9387984232e+02
1.9367862623e+02
1.9349954550e+02
1.9330769961e+02
1.9315734012e+02
1.9297270397e+02
1.9280820595e+02
1.9267265285e+02
1.9257715628e+02
1.9263051354e+02
1.9237021739e+02
1.9434708093e+02
