-1.9143987257e-05 -2.9494827466e-05
2.6205514980e-01 8.8864070390e-04
5.1819332323e-01 3.4836154481e-03
7.6835728217e-01 7.7172500462e-03
1.0125220348e+00 1.3562712030e-02
1.2506540189e+00 2.0924413133e-02
1.4827365710e+00 2.9753879229e-02
1.7087336310e+00 3.9986895989e-02
1.9286203092e+00 5.1557770710e-02
2.1423619824e+00 6.4417118110e-02
2.3499402808e+00 7.8488455832e-02
2.5513290508e+00 9.3729923395e-02
2.7464942236e+00 1.1007071970e-01
2.9354160766e+00 1.2745021093e-01
3.1180727371e+00 1.4581583712e-01
3.2944438841e+00 1.6509659280e-01
3.4645024152e+00 1.8524992296e-01
3.6282290650e+00 2.0620004641e-01
3.7856126633e+00 2.2789379554e-01
3.9366239159e+00 2.5027634715e-01
4.0812534527e+00 2.7327522142e-01
4.2195002937e+00 2.9684788364e-01
4.3513318914e+00 3.2091768487e-01
4.4767647103e+00 3.4543494849e-01
4.5957725325e+00 3.7034004410e-01
4.7083540341e+00 3.9556365118e-01
4.8145132215e+00 4.2105885477e-01
4.9142380251e+00 4.4675758205e-01
5.0075463314e+00 4.7259686698e-01
5.0944425452e+00 4.9852791721e-01
5.1749274256e+00 5.2447752231e-01
5.2489972439e+00 5.5039238817e-01
5.3167008885e+00 5.7621446922e-01
5.3780340642e+00 6.0187643922e-01
5.4330264242e+00 6.2732828443e-01
5.4816829901e+00 6.5250417079e-01
5.5240576796e+00 6.7734200960e-01
5.5601587984e+00 7.0178541293e-01
5.5900338346e+00 7.2578394994e-01
5.6137038441e+00 7.4926096916e-01
5.6312299974e+00 7.7216971964e-01
5.6426408971e+00 7.9445084689e-01
5.6479906214e+00 8.1605039911e-01
5.6473362063e+00 8.3689567954e-01
5.6407172080e+00 8.5694837378e-01
5.6282223084e+00 8.7614784464e-01
5.6098945239e+00 8.9442919557e-01
5.5858004615e+00 9.1174995227e-01
5.5560267095e+00 9.2804902757e-01
5.5206250474e+00 9.4327477366e-01
5.4796965280e+00 9.5738108249e-01
5.4333349573e+00 9.7030606423e-01
5.3816083817e+00 9.8201289669e-01
5.3246165965e+00 9.9245287734e-01
5.2624737828e+00 1.0015622273e+00
5.1952663829e+00 1.0093262052e+00
5.1230986785e+00 1.0156670177e+00
5.0460878670e+00 1.0205611426e+00
4.9643715451e+00 1.0239759329e+00
4.8780333864e+00 1.0258616605e+00
4.7872371890e+00 1.0261926645e+00
4.6920976699e+00 1.0249200119e+00
4.5927264269e+00 1.0220278029e+00
4.4892967345e+00 1.0174890076e+00
4.3819564391e+00 1.0112670020e+00
4.2708280423e+00 1.0033507659e+00
4.1560986047e+00 9.9372241323e-01
4.0379265127e+00 9.8235853252e-01
3.9164581656e+00 9.6925960774e-01
3.7918745440e+00 9.5440951191e-01
3.6643766045e+00 9.3780411434e-01
3.5341358516e+00 9.1946259446e-01
3.4013416980e+00 8.9937809839e-01
3.2661867027e+00 8.7755265761e-01
3.1289072528e+00 8.5403675127e-01
2.9896809313e+00 8.2882321093e-01
2.8487547937e+00 8.0195377510e-01
2.7063706992e+00 7.7347808690e-01
2.5627473375e+00 7.4342110069e-01
2.4181435225e+00 7.1184878152e-01
2.2728446373e+00 6.7882603193e-01
2.1271333868e+00 6.4441612808e-01
1.9812867033e+00 6.0871821863e-01
1.8356256577e+00 5.7180539423e-01
1.6905072931e+00 5.3379274612e-01
1.5462981878e+00 4.9483640681e-01
1.4033716357e+00 4.5502973517e-01
1.2621436315e+00 4.1456195825e-01
1.1231236535e+00 3.7360345567e-01
9.8684127686e-01 3.3236205906e-01
8.5387071329e-01 2.9114307496e-01
7.2489273416e-01 2.5012695322e-01
6.0067987356e-01 2.0970804884e-01
4.8217053337e-01 1.7028498708e-01
3.7062072485e-01 1.3230572335e-01
2.6739199898e-01 9.6540954217e-02
1.7438170667e-01 6.3620838599e-02
9.4550506085e-02 3.4768249058e-02
3.2252460249e-02 1.1659803015e-02
-2.3629170862e-04 -8.8469240072e-05
