2.6117943295e-01
2.6180133076e-01
2.6081264537e-01
2.6027274912e-01
2.6257824810e-01
2.5961653141e-01
2.6232287581e-01
2.6017504234e-01
2.6235513585e-01
2.6023648594e-01
2.6191466652e-01
2.6085799238e-01
2.6154673254e-01
2.6159643830e-01
2.6148252537e-01
2.6068531382e-01
2.6192596540e-01
2.6070005491e-01
2.6147069742e-01
2.6024203646e-01
2.6227888409e-01
2.6126640502e-01
2.6106426634e-01
2.6071412447e-01
2.6206459762e-01
2.6107123833e-01
2.5981473804e-01
2.6197187203e-01
2.6148695352e-01
2.6092429333e-01
