3.9700582124e+02
3.9687577486e+02
3.9674692611e+02
3.9662553541e+02
3.9650776939e+02
3.9639764061e+02
3.9629184321e+02
3.9619430940e+02
3.9609856074e+02
3.9601072672e+02
3.9592625063e+02
3.9585066419e+02
3.9578176184e+02
3.9571659321e+02
3.9565974795e+02
3.9560736952e+02
3.9556002711e+02
3.9551944771e+02
3.9548377684e+02
3.9545765854e+02
3.9543600136e+02
3.9542216624e+02
3.9541350982e+02
3.9540937293e+02
3.9541494918e+02
3.9542477176e+02
3.9544383325e+02
3.9546934231e+02
3.9549910465e+02
3.9553664012e+02
3.9557949836e+02
3.9562951467e+02
3.9568731883e+02
3.9575129727e+02
3.9582065795e+02
3.9589789079e+02
3.9598292666e+02
3.9607271253e+02
3.9617060195e+02
3.9627377072e+02
3.9638224232e+02
3.9649956590e+02
3.9662335267e+02
3.9675205450e+02
3.9688888514e+02
3.9703191452e+02
3.9717925049e+02
3.9733155865e+02
3.9749429372e+02
3.9766112591e+02
3.9783201598e+02
3.9801369894e+02
3.9819887349e+02
3.9838881253e+02
3.9858384063e+02
3.9878560032e+02
3.9899192663e+02
3.9920119240e+02
3.9941950778e+02
3.9964264932e+02
3.9986671418e+02
4.0009910493e+02
4.0033388178e+02
4.0057423957e+02
4.0081615360e+02
4.0106630424e+02
4.0131694366e+02
4.0157030895e+02
4.0183306913e+02
4.0209032201e+02
4.0235647825e+02
4.0262461011e+02
4.0289569908e+02
4.0316621554e+02
4.0344638107e+02
4.0371804318e+02
4.0399584044e+02
4.0427491143e+02
4.0456095583e+02
4.0483819912e+02
4.0511919885e+02
4.0541005924e+02
4.0568743284e+02
4.0597013574e+02
4.0625007888e+02
4.0653210216e+02
4.0682384185e+02
4.0708511484e+02
4.0736029863e+02
4.0764797742e+02
4.0790843834e+02
4.0815957921e+02
4.0840505425e+02
4.0864811144e+02
4.0886511154e+02
4.0912701180e+02
4.0921447307e+02
4.0942694484e+02
4.0913809193e+02
4.0781363624e+02
