2.2400724936e+02
2.2400739687e+02
2.2400753288e+02
2.2400757787e+02
2.2400749256e+02
2.2400746343e+02
2.2400750908e+02
2.2400747130e+02
2.2400745386e+02
2.2400742383e+02
2.2400741094e+02
2.2400741209e+02
2.2400746835e+02
2.2400759077e+02
2.2400762117e+02
2.2400720047e+02
2.2400682007e+02
2.2400683082e+02
2.2400724894e+02
2.2400766705e+02
2.2400736618e+02
2.2400704376e+02
2.2400698776e+02
2.2400725008e+02
2.2400751240e+02
2.2400729998e+02
2.2400700370e+02
2.2400684057e+02
2.2400715426e+02
2.2400746795e+02
2.2400748129e+02
2.2400733249e+02
2.2400726355e+02
2.2400733588e+02
2.2400742774e+02
2.2400741177e+02
2.2400728306e+02
2.2400715730e+02
2.2400719152e+02
2.2400714515e+02
2.2400717414e+02
2.2400730546e+02
2.2400746352e+02
2.2400744216e+02
2.2400738276e+02
2.2400730890e+02
2.2400721973e+02
2.2400714557e+02
2.2400731785e+02
2.2400752025e+02
2.2400750237e+02
2.2400716144e+02
2.2400684864e+02
2.2400705472e+02
2.2400736513e+02
2.2400753439e+02
2.2400727985e+02
2.2400702530e+02
2.2400716197e+02
2.2400746629e+02
2.2400770419e+02
2.2400753683e+02
2.2400736947e+02
2.2400728582e+02
2.2400725927e+02
2.2400723046e+02
2.2400713584e+02
2.2400704122e+02
2.2400712733e+02
2.2400739869e+02
2.2400767006e+02
2.2400753871e+02
2.2400730119e+02
2.2400707792e+02
2.2400680317e+02
2.2400681276e+02
2.2400697662e+02
2.2400723183e+02
2.2400752683e+02
2.2400745841e+02
2.2400725557e+02
2.2400735934e+02
2.2400766351e+02
2.2400767811e+02
2.2400765143e+02
2.2400740205e+02
2.2400723561e+02
2.2400740807e+02
2.2400738714e+02
2.2400740850e+02
2.2400735453e+02
2.2400728308e+02
2.2400726736e+02
2.2400724824e+02
2.2400724374e+02
2.2400723351e+02
2.2400722162e+02
2.2400719283e+02
2.2400716128e+02
2.2400712973e+02
