1.1402878891e-03 1.1166637425e-06
9.0777619910e-05 1.3078037557e-06
1.7739106065e-03 6.6581353306e-06
1.2506156620e-03 -1.5080358320e-07
1.8103890640e-03 1.1458271512e-05
1.8096158509e-03 -9.3081641980e-06
1.2636972084e-03 1.1418658966e-05
1.7850356893e-03 -1.6905333346e-05
1.4897522067e-04 1.9346728493e-06
1.1761752862e-03 -1.4571305062e-05
1.1110503555e-03 1.4918648192e-05
3.1719493545e-05 2.7162116491e-07
1.7678462643e-03 2.9366433922e-05
1.2066560746e-03 -2.0024085542e-05
1.8343625233e-03 3.7222695844e-05
1.7889640671e-03 -3.5562383383e-05
1.3213062367e-03 3.2138620548e-05
1.7885138351e-03 -4.1199910374e-05
2.1018343513e-04 6.6372623876e-06
1.2060160193e-03 -3.1722357563e-05
1.0657867942e-03 2.9244276566e-05
3.1747105854e-05 -9.7704504703e-07
1.7477061245e-03 5.3101961385e-05
1.1661867835e-03 -3.4991336489e-05
1.8410071189e-03 6.2816321735e-05
1.7699881546e-03 -5.8792349321e-05
1.3491607575e-03 5.1741348911e-05
1.7894341484e-03 -6.5998490049e-05
2.6274992176e-04 1.1867589974e-05
1.2302202361e-03 -5.0048021485e-05
1.0270766671e-03 4.2747858687e-05
8.9728833174e-05 -4.1321333752e-06
1.7332941467e-03 7.6594462285e-05
1.1143911409e-03 -4.8424764881e-05
1.8451999927e-03 8.6663564941e-05
1.7395598039e-03 -8.0789615028e-05
1.3744273441e-03 6.8887020163e-05
1.7895565783e-03 -8.8937082539e-05
3.1455710993e-04 1.7323443886e-05
1.2583463435e-03 -6.6935543103e-05
9.8344001580e-04 5.4101322977e-05
1.4396342673e-04 -8.3235337601e-06
1.7137644811e-03 9.8844183053e-05
1.0767436761e-03 -6.0719750707e-05
1.8488250816e-03 1.1257439681e-04
1.7200904169e-03 -1.0244052443e-04
1.4006281547e-03 9.0943389332e-05
1.7853537160e-03 -1.1285309371e-04
3.6578533306e-04 2.5996558354e-05
1.2794957358e-03 -8.6004503088e-05
9.4039724953e-04 6.5115335204e-05
1.9879639392e-04 -1.4344475623e-05
1.6927821157e-03 1.2093538261e-04
1.0284081545e-03 -7.0482516099e-05
1.8441595996e-03 1.3654083443e-04
1.6871449383e-03 -1.2176664321e-04
1.4148671097e-03 1.0937113508e-04
1.7769036471e-03 -1.3558093061e-04
4.1292864075e-04 3.4219775752e-05
1.3027815652e-03 -1.0433991995e-04
8.9570461143e-04 7.3646594445e-05
2.5204128762e-04 -2.1508792792e-05
1.6684001207e-03 1.4129813769e-04
9.8061149171e-04 -8.1754275339e-05
1.8391650867e-03 1.6318282914e-04
1.6565165673e-03 -1.4257117974e-04
1.4369650922e-03 1.3608464698e-04
1.7638716164e-03 -1.5712183369e-04
4.6548783300e-04 4.7127580123e-05
1.3132636287e-03 -1.2161080743e-04
8.3614934240e-04 8.1318384132e-05
3.0261296859e-04 -2.9282267512e-05
9.3031447468e-04 -8.8582660884e-05
1.6224895998e-03 1.6079067564e-04
1.6181485598e-03 -1.5930728829e-04
1.8295168844e-03 1.8594728091e-04
1.7481339267e-03 -1.7843090089e-04
1.4685241081e-03 1.5470654051e-04
1.3306306152e-03 -1.4036241688e-04
5.2126985783e-04 5.7599192872e-05
3.5362191807e-04 -3.8669956885e-05
7.8640739754e-04 8.7130502003e-05
8.7928803849e-04 -9.6328125836e-05
1.5890852729e-03 1.7919911373e-04
1.5820208689e-03 -1.7734439673e-04
1.8172371161e-03 2.1036238139e-04
1.7351075480e-03 -1.9891865159e-04
1.4809346165e-03 1.7753612736e-04
1.3423322127e-03 -1.5772168397e-04
5.6455367365e-04 7.0806132899e-05
3.9619525833e-04 -4.7925015918e-05
7.3159780938e-04 9.1805885100e-05
8.2664420850e-04 -1.0155597031e-04
1.5492102530e-03 1.9629617951e-04
1.5446136816e-03 -1.9323752479e-04
1.8001781696e-03 2.3209659317e-04
1.7162942935e-03 -2.1881991381e-04
1.4916693740e-03 1.9703455381e-04
1.3475767070e-03 -1.7657455146e-04
6.0775351111e-04 8.2860212179e-05
4.3766797924e-04 -5.9437282532e-05
6.8377909829e-04 9.3228637072e-05
7.7896455818e-04 -1.0549107376e-04
1.5173954827e-03 2.1080029807e-04
1.5077440258e-03 -2.0750724472e-04
1.7837472978e-03 2.5533330661e-04
1.6924604921e-03 -2.3820082710e-04
1.4864824556e-03 2.1966156653e-04
1.3529461307e-03 -1.9587128164e-04
6.3671631114e-04 9.7888952927e-05
4.7889036327e-04 -7.1746924747e-05
6.3702983492e-04 9.7409537342e-05
7.2328446168e-04 -1.0730034482e-04
1.4894094529e-03 2.2952131245e-04
1.4612252249e-03 -2.1973695591e-04
1.7609563013e-03 2.7935312875e-04
1.6695055343e-03 -2.5602337068e-04
1.4880560451e-03 2.5246453055e-04
1.3516384747e-03 -2.1207460499e-04
6.7274357089e-04 1.2128534405e-04
5.1379715409e-04 -8.2807902441e-05
5.7257924737e-04 9.7133962923e-05
6.7246678704e-04 -1.0850145434e-04
1.4294230884e-03 2.4130456626e-04
1.4188811518e-03 -2.3162223506e-04
1.7356256525e-03 2.9869406128e-04
1.6403100780e-03 -2.7202698233e-04
1.4981404821e-03 2.6144926779e-04
1.3529295839e-03 -2.2857418611e-04
7.1306542583e-04 1.2773593444e-04
5.5226770203e-04 -9.5399826324e-05
5.2393126498e-04 9.5946993310e-05
6.2239168747e-04 -1.0846067517e-04
1.3940052439e-03 2.5529543664e-04
1.3739682605e-03 -2.4191392332e-04
1.7072888126e-03 3.1887603771e-04
1.6105609917e-03 -2.8768913232e-04
1.4917629720e-03 2.9307562444e-04
1.3495558464e-03 -2.4632129988e-04
7.4361037463e-04 1.5350300895e-04
5.8128037591e-04 -1.0876434381e-04
4.6075480656e-04 9.2777235664e-05
5.6715883408e-04 -1.0621331817e-04
1.3270182651e-03 -2.5033073444e-04
1.3252551482e-03 2.6256391886e-04
1.5785314379e-03 -3.0318900758e-04
1.6697878454e-03 3.3423923101e-04
1.3421659047e-03 -2.6273719048e-04
1.4949207480e-03 3.0102540045e-04
6.0983650002e-04 -1.2214640521e-04
7.7840553091e-04 1.5891756072e-04
5.1313304765e-04 -1.0293928763e-04
4.1256112666e-04 8.7073936832e-05
1.2768111091e-03 -2.5728040113e-04
1.2909843836e-03 2.7282911361e-04
1.5491468435e-03 -3.1622541350e-04
1.6406637613e-03 3.5059241716e-04
1.3386360821e-03 -2.7589651068e-04
1.4789458844e-03 3.2095705392e-04
6.3643743524e-04 -1.3312588106e-04
7.9778517897e-04 1.7718212937e-04
4.6167455628e-04 -9.8211512561e-05
3.5863248027e-04 8.1799846084e-05
1.2347984070e-03 -2.6419693800e-04
1.2405387888e-03 2.7946627910e-04
1.5205077435e-03 -3.2931066747e-04
1.6052875694e-03 3.6609406927e-04
1.3249946023e-03 -2.9176138350e-04
1.4632958716e-03 3.3876817715e-04
6.5643602503e-04 -1.4788178069e-04
8.1529714562e-04 1.9270540313e-04
4.1153408013e-04 -9.3547790454e-05
3.0751552462e-04 7.3957271820e-05
1.1868777696e-03 -2.6887511507e-04
1.1941529963e-03 2.8371247630e-04
1.4828727271e-03 -3.4047661272e-04
1.5687417586e-03 3.7965362137e-04
1.3089228480e-03 -3.0820827871e-04
1.4480160518e-03 3.5844829240e-04
6.7628178353e-04 -1.6322654808e-04
8.3217760982e-04 2.1056534448e-04
3.6208675490e-04 -8.7249118320e-05
2.5168944831e-04 6.4715704241e-05
1.1339447719e-03 -2.7217038399e-04
1.1373430504e-03 2.8842251006e-04
1.4427011397e-03 -3.4899761700e-04
1.5286402815e-03 3.9197812478e-04
1.2981158048e-03 -3.1792482651e-04
1.4289858473e-03 3.7049279275e-04
7.0007047863e-04 -1.7431005024e-04
3.1529648942e-04 -7.9528077782e-05
8.4542126503e-04 2.2232080394e-04
1.0839580876e-03 -2.7242096555e-04
2.0311922060e-04 5.5018296870e-05
1.4036461258e-03 -3.5651742861e-04
1.0953215831e-03 2.9336016983e-04
1.2811385851e-03 -3.2915452718e-04
1.4914291014e-03 4.0345406549e-04
7.1390741383e-04 -1.8595039193e-04
1.4107516603e-03 3.8579303935e-04
2.6685357857e-04 -7.0464802935e-05
8.5986624535e-04 2.3891098464e-04
1.0398361746e-03 -2.7392536981e-04
1.5117797148e-04 4.4571408762e-05
1.3682613326e-03 -3.6395201044e-04
1.0415506816e-03 2.9491507028e-04
1.2582232174e-03 -3.3856825711e-04
1.4470563376e-03 4.1373440246e-04
7.2214289223e-04 -1.9751286534e-04
1.3853923523e-03 4.0522626581e-04
2.2217173669e-04 -6.2511859097e-05
8.6715987233e-04 2.6086292503e-04
9.9384194156e-04 -2.7454929849e-04
1.0159973267e-04 3.3656812491e-05
1.3285310128e-03 -3.7111521626e-04
9.8714952187e-04 2.9333692348e-04
1.2394967702e-03 -3.5495306605e-04
1.4022949366e-03 4.2143776888e-04
7.3345541150e-04 -2.1553868793e-04
1.3572331308e-03 4.1817855600e-04
1.7297772484e-04 -5.1615885613e-05
8.6887331120e-04 2.7560927580e-04
9.3880722518e-04 -2.7131984459e-04
5.5655943659e-05 2.1982519023e-05
1.2848964012e-03 -3.7396836563e-04
1.2196974097e-03 -3.5765497992e-04
9.3575259019e-04 2.9428927754e-04
7.4532867647e-04 -2.2090687439e-04
1.3555595580e-03 4.2831532655e-04
1.3320240675e-04 -4.1064615316e-05
1.3297625244e-03 4.2371921318e-04
8.9402572597e-04 -2.6896968419e-04
8.7246538082e-04 2.8168299277e-04
1.2452219074e-03 -3.7732999659e-04
1.0997833439e-05 6.5781533853e-06
1.1957172625e-03 -3.6602675853e-04
8.8166165276e-04 2.8842525237e-04
7.4876840952e-04 -2.3239710452e-04
1.3069256555e-03 4.3039634255e-04
8.8117407894e-05 -2.9371780104e-05
1.3026976640e-03 4.3298203668e-04
8.4966460544e-04 -2.6610915061e-04
8.7715081677e-04 2.9545418311e-04
1.2056873331e-03 -3.8016717700e-04
3.0122956381e-05 1.3293582761e-05
1.1700393448e-03 -3.7298107814e-04
8.2938910308e-04 2.8373031664e-04
7.5189628241e-04 -2.4308971216e-04
1.2592906177e-03 4.3337825066e-04
4.8741122812e-05 -1.7960779232e-05
1.2707183800e-03 4.4186402418e-04
7.9840353416e-04 -2.5980915729e-04
8.7517727266e-04 3.0905383924e-04
1.1604525321e-03 -3.7994081278e-04
7.1133806223e-05 2.9351875254e-05
1.1448622862e-03 -3.7861258631e-04
7.7767077535e-04 2.7892083205e-04
7.5414449849e-04 -2.5244253092e-04
8.2348336233e-06 -4.3191773513e-06
1.2105005906e-03 4.3577882901e-04
7.5333043883e-04 -2.5365999592e-04
1.2382257915e-03 4.5099794409e-04
1.1196473983e-03 -3.7925328110e-04
8.7153692967e-04 3.2312680060e-04
1.1188218607e-03 -3.8189089216e-04
1.0844077958e-04 4.4646068532e-05
7.5536078325e-04 -2.6045957278e-04
7.2009355584e-04 2.6922554549e-04
2.6717856543e-05 -1.0864399580e-05
1.1562712412e-03 4.3295764585e-04
7.0826580048e-04 -2.4744227106e-04
1.2030057405e-03 4.5361542541e-04
1.0772204151e-03 -3.7829741548e-04
8.6134568586e-04 3.2857679056e-04
1.0888317840e-03 -3.8565819030e-04
1.3977909857e-04 5.6209553204e-05
7.5016425823e-04 -2.6891705252e-04
6.7650788491e-04 2.6164003103e-04
6.0262563567e-05 -2.3946089183e-05
1.1125734838e-03 4.3184783009e-04
6.6548625490e-04 -2.4039011746e-04
1.1665688159e-03 4.5606740223e-04
1.0356456039e-03 -3.7630015707e-04
8.5194298018e-04 3.3663680504e-04
1.0578690709e-03 -3.9126472285e-04
7.4470076122e-04 -2.8210512677e-04
1.7047187611e-04 7.0036912867e-05
9.1319851304e-05 -3.7693367865e-05
6.2864513942e-04 2.5270542307e-04
6.1627037923e-04 -2.3094068844e-04
1.0638651923e-03 4.2905753807e-04
9.8939036331e-04 -3.7153313459e-04
1.1285162227e-03 4.5872811840e-04
1.0305064249e-03 -3.8902399484e-04
8.3817591909e-04 3.4509252212e-04
7.4183316555e-04 -2.8217934465e-04
1.9564133887e-04 8.3591930790e-05
1.2058416461e-04 -4.7676635199e-05
5.7968545141e-04 2.4205744161e-04
5.7707180592e-04 -2.2273183190e-04
1.0142390132e-03 4.2419177386e-04
9.5008861866e-04 -3.6771869113e-04
1.0893811396e-03 4.5845907895e-04
9.9830104999e-04 -3.8862839719e-04
8.2046906068e-04 3.4892442699e-04
7.3185275161e-04 -2.8754997777e-04
2.1983656327e-04 9.6057795477e-05
1.4744408425e-04 -5.9935254696e-05
5.3376893965e-04 2.3064627524e-04
5.3596121808e-04 -2.1334395760e-04
9.6303733516e-04 4.1701134042e-04
9.0862087383e-04 -3.6234825763e-04
9.6685056390e-04 -3.8739022762e-04
1.0498246136e-03 4.5739781268e-04
7.1965297664e-04 -2.9067477087e-04
8.1321136233e-04 3.5795902881e-04
1.6810296955e-04 -7.0040833637e-05
2.4447494127e-04 1.1047761412e-04
4.9428977654e-04 -2.0362564734e-04
4.8087892230e-04 2.1675825318e-04
8.6500557718e-04 -3.5608606810e-04
9.0521406395e-04 4.0717472470e-04
9.3215870691e-04 -3.8486609979e-04
1.0109258989e-03 4.5531994829e-04
7.0825521789e-04 -2.9477559091e-04
8.0013685692e-04 3.6271366100e-04
1.9026973319e-04 -8.1218970273e-05
2.6501513154e-04 1.2247944552e-04
4.5520207799e-04 -1.9210927415e-04
4.3976358709e-04 2.0427131960e-04
8.2315202392e-04 -3.4762947088e-04
8.5934115228e-04 3.9880119462e-04
8.9886524065e-04 -3.8159629318e-04
9.6937516294e-04 4.5134718695e-04
6.9569698226e-04 -2.9804964370e-04
2.0885007670e-04 -9.1599912720e-05
7.7208117918e-04 3.6283178375e-04
4.1580738720e-04 -1.8065272999e-04
2.7591940294e-04 1.3185834940e-04
7.8009068854e-04 -3.3878213683e-04
3.9851533754e-04 1.9024203087e-04
8.6432173382e-04 -3.7706455362e-04
8.1070568697e-04 3.8725861599e-04
6.8051856844e-04 -2.9933228304e-04
9.2534319186e-04 4.4374967706e-04
2.2461892648e-04 -1.0083926208e-04
7.5031466179e-04 3.6184542316e-04
3.7860481930e-04 -1.6906250470e-04
2.8838744043e-04 1.4079512003e-04
7.3778272970e-04 -3.2901230760e-04
3.5775442748e-04 1.7671536794e-04
8.2823120005e-04 -3.7077207098e-04
7.6169385908e-04 3.7632989540e-04
6.6501509603e-04 -2.9984559319e-04
8.8133617676e-04 4.3691276202e-04
2.3866825094e-04 -1.0973131758e-04
3.4463777078e-04 -1.5785718437e-04
7.2727053979e-04 3.6427561964e-04
6.9909407612e-04 -3.1979479106e-04
2.9746764413e-04 1.5184961848e-04
7.9218567104e-04 -3.6558969575e-04
3.1795041929e-04 1.6295645975e-04
6.4216628801e-04 -3.0395610850e-04
7.1326717923e-04 3.6395634294e-04
2.4505736578e-04 -1.2020895552e-04
8.3693665631e-04 4.2902509790e-04
3.0676651537e-04 -1.4494489835e-04
6.9985190732e-04 3.6255898378e-04
6.5571429602e-04 -3.0767878743e-04
3.0273440040e-04 1.6013951743e-04
7.5640436591e-04 -3.5809800240e-04
2.7839668536e-04 1.4918265017e-04
6.2276658881e-04 -3.0077246388e-04
6.6171727585e-04 3.5015844651e-04
2.5406262106e-04 -1.2594103859e-04
7.9144853036e-04 4.1784709402e-04
2.7140517095e-04 -1.3165866793e-04
6.1147214731e-04 -2.9427922260e-04
6.7616376971e-04 3.5773453153e-04
7.2106552948e-04 -3.4788220870e-04
3.0918373282e-04 1.6543511478e-04
6.0185963117e-04 -2.9185573885e-04
2.4426862000e-04 1.3325771755e-04
2.5914634902e-04 -1.2751393738e-04
6.1650469847e-04 3.3393793487e-04
2.4382785553e-04 -1.2073584060e-04
7.4715929050e-04 4.0529866924e-04
5.7782955317e-04 -2.8447912674e-04
6.4184739049e-04 3.4941671467e-04
6.8175588767e-04 -3.3765638485e-04
3.0586628766e-04 1.6861006641e-04
5.7902890821e-04 -2.9010098296e-04
2.1161549574e-04 1.1967949068e-04
2.6364499902e-04 -1.3511366675e-04
5.7120645477e-04 3.1940754810e-04
2.0965704914e-04 -1.0872407297e-04
6.9995001250e-04 3.9137695987e-04
5.3069659408e-04 -2.6981764992e-04
6.4305558115e-04 -3.2587579377e-04
6.0615392469e-04 3.4124754879e-04
5.5116963358e-04 -2.8029618791e-04
3.0031218153e-04 1.7167733758e-04
2.6136587499e-04 -1.3459739451e-04
1.7865493671e-04 1.0368291134e-04
1.8221687690e-04 -9.4436509531e-05
5.2245054452e-04 2.9887134904e-04
4.9475685077e-04 -2.5398105327e-04
6.5142495147e-04 3.7375334817e-04
6.0460018776e-04 -3.1213688107e-04
5.7557632826e-04 3.3211531534e-04
5.2709829775e-04 -2.7442505470e-04
2.9697753682e-04 1.7359727675e-04
2.6230432489e-04 -1.3883868188e-04
1.4985148621e-04 8.9554987629e-05
1.5448818338e-04 -8.3672574339e-05
4.5242972693e-04 -2.3998342317e-04
4.8203671455e-04 2.8332744994e-04
5.6264625665e-04 -2.9834179119e-04
6.0632991720e-04 3.5770567313e-04
4.9502195425e-04 -2.6444850385e-04
5.2889207912e-04 3.1700117006e-04
2.5508015621e-04 -1.3837789053e-04
2.7821137755e-04 1.7024250203e-04
1.2831928019e-04 -7.0556349424e-05
1.2322859574e-04 7.5590104509e-05
4.1224542095e-04 -2.2176335041e-04
4.3685386840e-04 2.6244272306e-04
5.2018298472e-04 -2.8067236365e-04
5.5408231641e-04 3.3499958099e-04
4.6560625613e-04 -2.5288197130e-04
4.9554530516e-04 3.0272924936e-04
2.4995714845e-04 -1.3823766802e-04
2.7304111768e-04 1.6922520074e-04
1.0601511188e-04 -6.1914066993e-05
3.7552427421e-04 -2.0950932087e-04
9.4544969482e-05 6.0406415129e-05
4.7787236337e-04 -2.6647431544e-04
3.8026936070e-04 2.3607414555e-04
4.2630381083e-04 -2.4620175955e-04
4.9726417643e-04 3.0900564377e-04
2.3363582417e-04 -1.4074717475e-04
4.5403034084e-04 2.8342369718e-04
7.9741885024e-05 -4.8474800954e-05
2.5848362400e-04 1.6297518132e-04
3.2700860114e-04 -1.8474645946e-04
7.1420018207e-05 4.6949529699e-05
4.3029879937e-04 -2.4284465744e-04
3.3316767071e-04 2.1196498116e-04
3.9569683304e-04 -2.2406809974e-04
4.4058860469e-04 2.8055119135e-04
2.2595736906e-04 -1.2943881229e-04
6.1594594342e-05 -3.7609150735e-05
4.0539521503e-04 2.5923343377e-04
2.9148803746e-04 -1.6771605101e-04
2.3688660905e-04 1.5292712680e-04
3.8535162018e-04 -2.2216769039e-04
5.0253466594e-05 3.4514954192e-05
3.5445134572e-04 -2.0715896695e-04
2.8339273686e-04 1.8502054482e-04
2.0650523679e-04 -1.2376536286e-04
3.8007374902e-04 2.4826660161e-04
4.1910855296e-05 -2.9314874988e-05
3.5082536508e-04 2.3124617300e-04
2.4802997852e-04 -1.4920130911e-04
2.0831973067e-04 1.3939916873e-04
3.3366610201e-04 -1.9800678686e-04
3.0685852705e-05 2.3084124207e-05
3.0600881783e-04 -1.8228531932e-04
1.8024721998e-04 -1.0927774739e-04
2.2894121873e-04 1.5414709062e-04
2.6663444661e-05 -1.8307855839e-05
3.1010728971e-04 2.0879022509e-04
2.0591733742e-04 -1.2208370073e-04
2.8780329382e-04 1.9551031549e-04
2.7785041812e-04 -1.6649445461e-04
1.7379378704e-04 1.2033941335e-04
2.6161303708e-04 -1.6253901164e-04
1.3915112816e-05 1.5436987838e-05
1.6124737587e-04 -1.0533501356e-04
1.6841648738e-04 1.2507638072e-04
1.0302500540e-05 -1.7043625169e-05
2.2902551709e-04 1.6217244060e-04
1.4513860199e-04 -1.1122506451e-04
2.0377651867e-04 -1.3776086461e-04
2.0100941787e-04 1.3738730692e-04
1.8150106743e-04 -1.1044497571e-04
1.1425352801e-04 7.8489406121e-05
1.0237257823e-04 -6.2650010545e-05
4.5410722852e-06 8.2504111017e-06
4.0972890608e-06 -1.2127201141e-05
1.1486866618e-04 8.2489181133e-05
1.1833820200e-04 -9.0201139100e-05
1.3642782787e-04 9.4734287354e-05
1.3716416310e-04 -9.5451721410e-05
7.8828619895e-05 5.1580637847e-05
6.8740171017e-05 -4.4295647010e-05
2.5048606800e-05 1.4429735325e-05
1.2050617352e-05 -8.1047784772e-06
-5.3482446734e-06 1.5336564199e-06
-3.0546941294e-06 -1.4537158138e-06
