1.3697836315e-05 2.6863187271e-07
2.9975525439e-01 -2.0791675879e-05
5.9245129871e-01 -8.6036516438e-05
8.7814553957e-01 -1.9717938047e-04
1.1569522818e+00 -3.6426380809e-04
1.4288924530e+00 -5.7712356224e-04
1.6940685892e+00 -8.4530284929e-04
1.9525255642e+00 -1.1770466677e-03
2.2043308917e+00 -1.5650917591e-03
2.4495521297e+00 -2.0171635132e-03
2.6882384273e+00 -2.5385624556e-03
2.9204627820e+00 -3.1232267750e-03
3.1462702962e+00 -3.7853168765e-03
3.3657190845e+00 -4.5128537639e-03
3.5788513430e+00 -5.3173557723e-03
3.7857220524e+00 -6.1916997947e-03
3.9863969768e+00 -7.1370148244e-03
4.1809317524e+00 -8.1594823162e-03
4.3693791873e+00 -9.2522678664e-03
4.5517621360e+00 -1.0422976410e-02
4.7281306151e+00 -1.1664708920e-02
4.8985365688e+00 -1.2983608126e-02
5.0630131268e+00 -1.4372334790e-02
5.2215985443e+00 -1.5834378965e-02
5.3743415315e+00 -1.7363918713e-02
5.5212641499e+00 -1.8965059993e-02
5.6624244801e+00 -2.0630765254e-02
5.7978291477e+00 -2.2362568446e-02
5.9275273469e+00 -2.4155092064e-02
6.0515490764e+00 -2.6006352016e-02
6.1699193904e+00 -2.7913920111e-02
6.2826532396e+00 -2.9875455627e-02
6.3897846792e+00 -3.1887387062e-02
6.4913297651e+00 -3.3941294454e-02
6.5873228852e+00 -3.6037166417e-02
6.6777741907e+00 -3.8171235088e-02
6.7626897689e+00 -4.0336587030e-02
6.8420934908e+00 -4.2530196066e-02
6.9159986877e+00 -4.4747649812e-02
6.9844222794e+00 -4.6984758709e-02
7.0473539081e+00 -4.9233341448e-02
7.1048055791e+00 -5.1491209671e-02
7.1567757486e+00 -5.3751192670e-02
7.2032857774e+00 -5.6008407196e-02
7.2443123929e+00 -5.8257179984e-02
7.2798753110e+00 -6.0491204056e-02
7.3099610190e+00 -6.2702149761e-02
7.3345444766e+00 -6.4887167816e-02
7.3536301309e+00 -6.7038030278e-02
7.3672139146e+00 -6.9152739038e-02
7.3752733441e+00 -7.1216281192e-02
7.3777837345e+00 -7.3231025163e-02
7.3747297139e+00 -7.5185167069e-02
7.3660997119e+00 -7.7077287504e-02
7.3518499628e+00 -7.8895329584e-02
7.3319696549e+00 -8.0636287915e-02
7.3064267695e+00 -8.2292890054e-02
7.2752190638e+00 -8.3858517419e-02
7.2382517146e+00 -8.5326772063e-02
7.1955247403e+00 -8.6695036711e-02
7.1469820854e+00 -8.7950953757e-02
7.0925964960e+00 -8.9089987348e-02
7.0323373416e+00 -9.0112421044e-02
6.9661241654e+00 -9.1000615853e-02
6.8939499262e+00 -9.1758724276e-02
6.8157128336e+00 -9.2380790530e-02
6.7314007211e+00 -9.2852331261e-02
6.6408890556e+00 -9.3151057001e-02
6.5441932715e+00 -9.3320661066e-02
6.4412387019e+00 -9.3334548147e-02
6.3320190735e+00 -9.3165433046e-02
6.2162953432e+00 -9.2828776320e-02
6.0941527872e+00 -9.2321149104e-02
5.9654544585e+00 -9.1628807876e-02
5.8301224196e+00 -9.0751455702e-02
5.6881054998e+00 -8.9685372709e-02
5.5393095400e+00 -8.8430635697e-02
5.3836546305e+00 -8.6981822160e-02
5.2210445782e+00 -8.5324587400e-02
5.0514082325e+00 -8.3470226612e-02
4.8746419514e+00 -8.1407805556e-02
4.6906517770e+00 -7.9133010392e-02
4.4993437164e+00 -7.6653110511e-02
4.3006205773e+00 -7.3957830157e-02
4.0943694995e+00 -7.1045069503e-02
3.8804959145e+00 -6.7918598680e-02
3.6588908526e+00 -6.4567459267e-02
3.4294379885e+00 -6.0996664153e-02
3.1920275491e+00 -5.7209153058e-02
2.9465348280e+00 -5.3190590078e-02
2.6928363507e+00 -4.8948021781e-02
2.4308192336e+00 -4.4480835226e-02
2.1603546206e+00 -3.9782465357e-02
1.8812988114e+00 -3.4853957167e-02
1.5935302065e+00 -2.9695829240e-02
1.2969023858e+00 -2.4305041200e-02
9.9127490743e-01 -1.8674728530e-02
6.7649527056e-01 -1.2814567493e-02
3.5241499445e-01 -6.6998407484e-03
1.9199321906e-02 -3.6669081915e-04
