2.8984268974e+02
2.9064444137e+02
2.8904377629e+02
2.9144574048e+02
2.8824693467e+02
2.9223910761e+02
2.8744992881e+02
2.9303238058e+02
2.8665990061e+02
2.9382900091e+02
2.8587065438e+02
2.9462943194e+02
2.8508191345e+02
2.9543020840e+02
2.9624518372e+02
2.8429235640e+02
2.9706014005e+02
2.8350260406e+02
2.9785187940e+02
2.8270793062e+02
2.9862108379e+02
2.8191238494e+02
2.9939036514e+02
2.8112849032e+02
3.0022854130e+02
2.8036547848e+02
3.0106795199e+02
2.7960218313e+02
3.0188616720e+02
2.7882019951e+02
3.0268243178e+02
2.7803407173e+02
3.0347889396e+02
2.7724999365e+02
3.0429348975e+02
2.7646726495e+02
3.0510926372e+02
2.7568419301e+02
3.0592370203e+02
2.7491645682e+02
3.0673857859e+02
2.7415300298e+02
3.0755374725e+02
2.7338963318e+02
3.0835700073e+02
2.7262462831e+02
3.0915899817e+02
2.7185927276e+02
3.0995639457e+02
2.7109525770e+02
3.1074740098e+02
2.7033161043e+02
3.1153864798e+02
2.6957014859e+02
3.1236665903e+02
2.6881382009e+02
3.1320077123e+02
2.6805705646e+02
3.1401882025e+02
2.6730907561e+02
3.1480762829e+02
2.6656482147e+02
3.1559673204e+02
2.6581860247e+02
3.1641426711e+02
2.6506018557e+02
3.1723827643e+02
2.6430129993e+02
3.1805498243e+02
2.6356127292e+02
3.1885581343e+02
2.6283098652e+02
3.1965700161e+02
2.6209983615e+02
3.2046106447e+02
2.6135657263e+02
3.2126611848e+02
2.6061260301e+02
3.2207231188e+02
2.5988619301e+02
3.2288329000e+02
2.5917076195e+02
3.2369468216e+02
2.5845474303e+02
3.2449002964e+02
2.5772769942e+02
3.2527982418e+02
2.5700008259e+02
3.2607527609e+02
2.5627974207e+02
3.2689299996e+02
2.5556471181e+02
3.2771118946e+02
2.5485190266e+02
3.2850310443e+02
2.5417947628e+02
3.2928374420e+02
2.5350652315e+02
3.3006929295e+02
2.5280163030e+02
3.3087973878e+02
2.5206917782e+02
3.3169068870e+02
2.5133847290e+02
3.3248371447e+02
2.5064628111e+02
3.3326747844e+02
2.4995343636e+02
3.3405440027e+02
2.4926187253e+02
3.3486599270e+02
2.4857172488e+02
3.3567820942e+02
2.4788105162e+02
3.3646683972e+02
2.4723123229e+02
3.3724085472e+02
2.4658159386e+02
3.3801589262e+02
3.3880390990e+02
2.4590852256e+02
3.3959256169e+02
2.4520758787e+02
3.4038155772e+02
2.4450622362e+02
3.4117082790e+02
2.4383960830e+02
3.4195838758e+02
2.4317363357e+02
3.4271777987e+02
2.4251579416e+02
3.4347775915e+02
2.4186987400e+02
3.4425704377e+02
2.4122334148e+02
3.4505307198e+02
2.4057037286e+02
3.4584850619e+02
2.3991538061e+02
3.4660734238e+02
2.3926882697e+02
3.4736679987e+02
2.3863704622e+02
3.4813476552e+02
2.3800465071e+02
3.4891131257e+02
2.3735913028e+02
3.4968836267e+02
2.3670964552e+02
3.5045194990e+02
2.3607320102e+02
3.5121631497e+02
2.3546382449e+02
3.5197829067e+02
2.3485374083e+02
3.5273718298e+02
2.3424540185e+02
3.5349660854e+02
2.3363639559e+02
3.5425794239e+02
2.3302653898e+02
3.5502053401e+02
2.3241586897e+02
3.5577977490e+02
2.3180450998e+02
3.5653392656e+02
2.3120970700e+02
3.5728865581e+02
3.5802035580e+02
2.3061848027e+02
3.5875025007e+02
2.3002691283e+02
3.5949445102e+02
2.2943610377e+02
3.6026208424e+02
2.2884459657e+02
3.6103025623e+02
2.2826309507e+02
3.6177228706e+02
2.2768388155e+02
3.6251158853e+02
2.2710555842e+02
3.6324698229e+02
2.2653299870e+02
3.6397358069e+02
2.2595968175e+02
3.6470075627e+02
2.2540010563e+02
3.6543592192e+02
2.2484541996e+02
3.6617421301e+02
2.2429028557e+02
3.6690760616e+02
2.2373655622e+02
3.6762803592e+02
2.2318208813e+02
3.6834909426e+02
2.2263137840e+02
3.6907132280e+02
2.2208119540e+02
3.6979494379e+02
2.2153355965e+02
3.7051862778e+02
2.2100813271e+02
3.7124097790e+02
3.7196398849e+02
2.2048189941e+02
3.7266533201e+02
2.1994968210e+02
3.7335971801e+02
2.1941195529e+02
3.7405934795e+02
2.1887643447e+02
3.7477627165e+02
2.1837247774e+02
3.7549377228e+02
2.1786769193e+02
3.7620294073e+02
2.1736553607e+02
3.7691000590e+02
2.1686434946e+02
3.7761483823e+02
2.1636213038e+02
3.7830571503e+02
2.1585761952e+02
3.7899726432e+02
2.1535228951e+02
3.7968919537e+02
2.1487225062e+02
3.8038229948e+02
2.1441391791e+02
3.8107563435e+02
2.1395426722e+02
3.8176604043e+02
2.1345387180e+02
3.8245715488e+02
3.8312912445e+02
2.1295284840e+02
3.8378951589e+02
2.1247105641e+02
3.8445389356e+02
2.1200698373e+02
3.8515120437e+02
2.1154195876e+02
3.8584918619e+02
2.1107747570e+02
3.8652961664e+02
2.1061219336e+02
3.8719829247e+02
2.1015259412e+02
3.8786718274e+02
2.0969904157e+02
3.8852451531e+02
2.0924450098e+02
3.8918254589e+02
2.0880834377e+02
3.8984337086e+02
2.0837278698e+02
3.9050758754e+02
2.0793651925e+02
3.9117247099e+02
2.0749818732e+02
3.9182312971e+02
3.9247452198e+02
2.0705881577e+02
3.9312262648e+02
2.0663965974e+02
3.9376783105e+02
2.0622229150e+02
3.9441384361e+02
2.0581274255e+02
3.9506063854e+02
2.0541664930e+02
3.9570816763e+02
2.0501963628e+02
3.9635063608e+02
2.0460135352e+02
3.9698772119e+02
2.0417861345e+02
3.9762566361e+02
2.0376711578e+02
3.9825472848e+02
2.0337798808e+02
3.9888379516e+02
2.0298789898e+02
3.9950983516e+02
2.0259814884e+02
4.0013183447e+02
4.0075464770e+02
2.0220783468e+02
4.0137728109e+02
2.0182065806e+02
4.0200054594e+02
2.0144091940e+02
4.0261917985e+02
2.0106017840e+02
4.0323005572e+02
2.0069922883e+02
4.0384175761e+02
2.0034372679e+02
4.0445152055e+02
1.9998405992e+02
4.0506155618e+02
1.9961127517e+02
4.0566864777e+02
1.9923750477e+02
4.0626979016e+02
1.9888481820e+02
4.0687177598e+02
1.9853952152e+02
4.0746539845e+02
4.0805760465e+02
1.9819479598e+02
4.0864860164e+02
1.9785314482e+02
4.0923621472e+02
1.9751052210e+02
4.0982465056e+02
1.9717493435e+02
4.1040892064e+02
1.9684212596e+02
4.1099244663e+02
1.9650975051e+02
4.1157562946e+02
1.9618040162e+02
4.1215812348e+02
1.9585006881e+02
4.1274151428e+02
1.9553191501e+02
4.1331086315e+02
1.9522006983e+02
4.1387540774e+02
1.9490836447e+02
4.1443832363e+02
4.1499346646e+02
1.9460056667e+02
4.1554943116e+02
1.9429181089e+02
4.1610725017e+02
1.9398810018e+02
4.1666632303e+02
1.9368740749e+02
4.1722485183e+02
1.9338730544e+02
4.1777920065e+02
1.9309855529e+02
4.1833440644e+02
1.9280884920e+02
4.1887358207e+02
1.9252220804e+02
4.1940432060e+02
1.9223777253e+02
4.1993714643e+02
4.2048167072e+02
1.9195348982e+02
4.2102705155e+02
1.9168574418e+02
4.2155472652e+02
1.9141707938e+02
4.2207114665e+02
1.9114629651e+02
4.2258783843e+02
1.9087355913e+02
4.2310138695e+02
1.9060023740e+02
4.2361577658e+02
1.9034373958e+02
4.2412883684e+02
1.9008619284e+02
4.2464100276e+02
1.8983258536e+02
4.2515323847e+02
4.2565907976e+02
1.8958328933e+02
4.2616577342e+02
1.8933313452e+02
4.2666319161e+02
1.8908685438e+02
4.2715227873e+02
1.8883950833e+02
4.2764202786e+02
1.8860115979e+02
4.2812220863e+02
1.8837434727e+02
4.2860326223e+02
1.8814665647e+02
4.2908109226e+02
1.8791540488e+02
4.2955541054e+02
1.8768272798e+02
4.3003053084e+02
4.3049218157e+02
1.8745959258e+02
4.3095432172e+02
1.8725103900e+02
4.3141226612e+02
1.8704160861e+02
4.3186472119e+02
1.8683206168e+02
4.3231797999e+02
1.8662146591e+02
4.3276162887e+02
1.8641585318e+02
4.3320545490e+02
1.8621971281e+02
4.3364409360e+02
1.8602270419e+02
4.3407465376e+02
4.3450603514e+02
1.8582664258e+02
4.3492133750e+02
1.8562943759e+02
4.3533537565e+02
1.8543914779e+02
4.3574755116e+02
1.8526449874e+02
4.3615580896e+02
1.8508895084e+02
4.3656488369e+02
1.8492146117e+02
4.3695744427e+02
1.8475503620e+02
4.3734777211e+02
1.8459030839e+02
4.3773415961e+02
4.3811135280e+02
1.8443136882e+02
4.3848937446e+02
1.8427152350e+02
4.3885339740e+02
1.8412260848e+02
4.3921479446e+02
1.8397614206e+02
4.3957178137e+02
1.8383304542e+02
4.3991623629e+02
1.8370257243e+02
4.4026151893e+02
1.8357116748e+02
4.4059158437e+02
4.4091767279e+02
1.8345141898e+02
4.4123944350e+02
1.8333529210e+02
4.4154587805e+02
1.8322197175e+02
4.4185315932e+02
1.8312267094e+02
4.4214402767e+02
1.8302241003e+02
4.4242929812e+02
1.8294231658e+02
4.4270976506e+02
1.8287095837e+02
4.4296864854e+02
4.4322839515e+02
1.8280074944e+02
4.4346826769e+02
1.8274065628e+02
4.4369951453e+02
1.8267957152e+02
4.4392626565e+02
1.8264828751e+02
4.4412594369e+02
1.8263299363e+02
4.4432650842e+02
1.8262012495e+02
4.4450108683e+02
1.8263129727e+02
4.4466174783e+02
4.4481760571e+02
1.8264142846e+02
4.4493288223e+02
1.8268978295e+02
4.4504908690e+02
1.8276286695e+02
4.4512783878e+02
1.8284082305e+02
4.4518231197e+02
1.8298553070e+02
4.4523100074e+02
1.8312915251e+02
4.4520384385e+02
1.8335098084e+02
4.4517768848e+02
4.4505916665e+02
1.8363404505e+02
4.4486824088e+02
1.8391772750e+02
4.4468004675e+02
1.8423998110e+02
4.4453507603e+02
1.8456069029e+02
4.4439158268e+02
1.8569577840e+02
4.4313864105e+02
1.8760182250e+02
4.4084606359e+02
1.8950922811e+02
4.3855256309e+02
