7.5462539098e+00 -2.8510969228e-01
7.5263818374e+00 -2.9040164538e-01
1.5953228808e-05 1.0139477341e-06
2.7286892105e-01 -1.3279920014e-04
5.4031500034e-01 -5.1309334117e-04
8.0235419110e-01 -1.1398684754e-03
1.0589864933e+00 -2.0131246027e-03
1.3102249080e+00 -3.1305396475e-03
1.5561965321e+00 -4.4816746824e-03
1.7969331759e+00 -6.0666917651e-03
2.0324348393e+00 -7.8855908956e-03
2.2626991879e+00 -9.9217407771e-03
2.4877684209e+00 -1.2185849072e-02
2.7077100207e+00 -1.4651256115e-02
2.9225184074e+00 -1.7328211741e-02
3.1321935809e+00 -2.0216715951e-02
3.3367882963e+00 -2.3302747277e-02
3.5363790436e+00 -2.6596572768e-02
3.7309630956e+00 -3.0096926779e-02
3.9205255876e+00 -3.3774411634e-02
4.1050749561e+00 -3.7632163147e-02
4.2846958965e+00 -4.1675469157e-02
4.4594075585e+00 -4.5889857996e-02
4.6292099420e+00 -5.0275329661e-02
4.7940963027e+00 -5.4846870592e-02
4.9541270374e+00 -5.9570905218e-02
5.1093213414e+00 -6.4452553464e-02
5.2596777266e+00 -6.9479305520e-02
5.4051961930e+00 -7.4651161386e-02
5.5459060523e+00 -7.9966108399e-02
5.6818553084e+00 -8.5411303342e-02
5.8130437448e+00 -9.0985359952e-02
5.9394713615e+00 -9.6688278227e-02
6.0611358820e+00 -1.0250678598e-01
6.1780783939e+00 -1.0843182173e-01
6.2903012929e+00 -1.1444991520e-01
6.3978091858e+00 -1.2056336160e-01
6.5006020727e+00 -1.2677216094e-01
6.5986902344e+00 -1.3305991006e-01
6.6921133985e+00 -1.3941501808e-01
6.7808733434e+00 -1.4583391302e-01
6.8649410092e+00 -1.5231203811e-01
6.9443172018e+00 -1.5884501194e-01
7.0190215552e+00 -1.6541013473e-01
7.0890583239e+00 -1.7200418409e-01
7.1544275079e+00 -1.7862716005e-01
7.2151406346e+00 -1.8527690176e-01
7.2711810247e+00 -1.9191876346e-01
7.3225379250e+00 -1.9854667435e-01
7.3692113354e+00 -2.0516063445e-01
7.4112026210e+00 -2.1176059813e-01
7.4485197000e+00 -2.1832385955e-01
7.4811259090e+00 -2.2483151904e-01
7.5090212479e+00 -2.3128357660e-01
7.5322019510e+00 -2.3768092436e-01
7.5506772141e+00 -2.4400843948e-01
7.5643914597e+00 -2.5023666836e-01
7.5733468299e+00 -2.5635946591e-01
7.5775433250e+00 -2.6237683215e-01
7.5769738426e+00 -2.6828388542e-01
7.5715732021e+00 -2.7404498235e-01
7.5613259591e+00 -2.7965381928e-01
7.5015043714e+00 -2.9549255684e-01
7.4718096491e+00 -3.0037668261e-01
7.4372052206e+00 -3.0505673762e-01
7.3976421005e+00 -3.0952742981e-01
7.3530034349e+00 -3.1374191111e-01
7.3033311156e+00 -3.1768928060e-01
7.2486251426e+00 -3.2136953828e-01
7.1888254884e+00 -3.2478951398e-01
7.1238686123e+00 -3.2789909990e-01
7.0537426490e+00 -3.3069145038e-01
6.9784604393e+00 -3.3316117382e-01
6.8979485228e+00 -3.3530367334e-01
6.8120920586e+00 -3.3705008916e-01
6.7209113528e+00 -3.3838852765e-01
6.6243755145e+00 -3.3935634222e-01
6.5224765310e+00 -3.3992669338e-01
6.4150207898e+00 -3.4005531757e-01
6.3020077880e+00 -3.3975192601e-01
6.1834678916e+00 -3.3896323080e-01
6.0593799602e+00 -3.3768852815e-01
5.9295465247e+00 -3.3589485438e-01
5.7939282388e+00 -3.3355254110e-01
5.6525251026e+00 -3.3066158833e-01
5.5052878304e+00 -3.2722184723e-01
5.3520690318e+00 -3.2317642899e-01
5.1928596431e+00 -3.1851082203e-01
5.0276596645e+00 -3.1322502636e-01
4.8563148022e+00 -3.0728306650e-01
4.6787128556e+00 -3.0059565757e-01
4.4948227470e+00 -2.9318425144e-01
4.3046305189e+00 -2.8508841004e-01
4.1079845554e+00 -2.7619156598e-01
3.9047512983e+00 -2.6649769620e-01
3.6949935730e+00 -2.5597632636e-01
3.4785855328e+00 -2.4462994674e-01
3.2553476167e+00 -2.3230784275e-01
3.0252480095e+00 -2.1906531709e-01
2.7882855518e+00 -2.0491545616e-01
