1.2358664388e-06 1.0366860235e-08
3.2441589236e-01 -1.7814826710e-05
6.4185645557e-01 -7.8395136824e-05
9.5235153779e-01 -1.8285610670e-04
1.2559758867e+00 -3.3031680663e-04
1.5527331390e+00 -5.4175147282e-04
1.8426823315e+00 -8.0890020329e-04
2.1258473290e+00 -1.1361687262e-03
2.4022750509e+00 -1.5342817827e-03
2.6719895945e+00 -2.0029897439e-03
2.9350161740e+00 -2.5438444741e-03
3.1914099388e+00 -3.1648117162e-03
3.4411790035e+00 -3.8656922692e-03
3.6843636731e+00 -4.6486627207e-03
3.9209844928e+00 -5.5217810142e-03
4.1510831269e+00 -6.4796397240e-03
4.3746713216e+00 -7.5277498656e-03
4.5917848431e+00 -8.6658256699e-03
4.8024279755e+00 -9.8936185732e-03
5.0066368384e+00 -1.1218749727e-02
5.2044450457e+00 -1.2630425838e-02
5.3958513680e+00 -1.4135970975e-02
5.5808977864e+00 -1.5731149381e-02
5.7595782875e+00 -1.7419063736e-02
5.9319236877e+00 -1.9196856327e-02
6.0979428668e+00 -2.1054977622e-02
6.2576704344e+00 -2.3002939882e-02
6.4111122701e+00 -2.5030228311e-02
6.5582694888e+00 -2.7137040797e-02
6.6991643738e+00 -2.9320217567e-02
6.8337899938e+00 -3.1575281003e-02
6.9621714347e+00 -3.3898093713e-02
7.0843224952e+00 -3.6283166004e-02
7.2002495407e+00 -3.8726872482e-02
7.3099414817e+00 -4.1222021524e-02
7.4134076218e+00 -4.3767450625e-02
7.5106546171e+00 -4.6354286119e-02
7.6016897770e+00 -4.8973884682e-02
7.6865025350e+00 -5.1624000817e-02
7.7650862099e+00 -5.4300216545e-02
7.8374724355e+00 -5.6996748005e-02
7.9036138135e+00 -5.9703516496e-02
7.9635298175e+00 -6.2410001454e-02
8.0171984982e+00 -6.5114793039e-02
8.0646089862e+00 -6.7806001080e-02
8.1057647395e+00 -7.0478529841e-02
8.1406495487e+00 -7.3124163694e-02
8.1692470017e+00 -7.5740961735e-02
8.1915288096e+00 -7.8311250689e-02
8.2075048879e+00 -8.0833128733e-02
8.2171391235e+00 -8.3294196413e-02
8.2203954129e+00 -8.5689800578e-02
8.2172885576e+00 -8.8011371691e-02
8.2077608625e+00 -9.0253107476e-02
8.1917914220e+00 -9.2401254864e-02
8.1693877631e+00 -9.4448875788e-02
8.1404854648e+00 -9.6394435631e-02
8.1050496972e+00 -9.8221004014e-02
8.0630629994e+00 -9.9927178314e-02
8.0144837882e+00 -1.0150504635e-01
7.9592979439e+00 -1.0294675587e-01
7.8974044224e+00 -1.0424158383e-01
7.8288168855e+00 -1.0538136837e-01
7.7534737269e+00 -1.0636161999e-01
7.6713425034e+00 -1.0717572904e-01
7.5823787471e+00 -1.0781968062e-01
7.4865296139e+00 -1.0828455165e-01
7.3837254958e+00 -1.0855768274e-01
7.2739191089e+00 -1.0864545140e-01
7.1570641936e+00 -1.0853005577e-01
7.0331056491e+00 -1.0822045231e-01
6.9020123913e+00 -1.0770346603e-01
6.7636976894e+00 -1.0697395701e-01
6.6180874677e+00 -1.0602280650e-01
6.4651041660e+00 -1.0485599042e-01
6.3047474446e+00 -1.0346452935e-01
6.1369060152e+00 -1.0184855607e-01
5.9613731744e+00 -1.0000594708e-01
5.7784204452e+00 -9.7916141059e-02
5.5876877965e+00 -9.5604698572e-02
5.3891713177e+00 -9.3055679363e-02
5.1827891119e+00 -9.0274242403e-02
4.9684826519e+00 -8.7256344133e-02
4.7461501328e+00 -8.4001496545e-02
4.5157011178e+00 -8.0503896850e-02
4.2770605374e+00 -7.6767222492e-02
4.0301299710e+00 -7.2798895076e-02
3.7748108892e+00 -6.8586224864e-02
3.5110079524e+00 -6.4145553071e-02
3.2386214613e+00 -5.9470931307e-02
2.9575473051e+00 -5.4559464004e-02
2.6676878316e+00 -4.9426619279e-02
2.3689270826e+00 -4.4062014591e-02
2.0611399706e+00 -3.8473537259e-02
1.7442067300e+00 -3.2665487381e-02
1.4180320136e+00 -2.6632897410e-02
1.0824739527e+00 -2.0383113530e-02
7.3738167898e-01 -1.3920445770e-02
3.8263719543e-01 -7.2415439714e-03
1.8583891289e-02 -3.5233175883e-04
