9.9240072376e-04 -2.2780718251e-06
6.4511189231e-04 -6.8336966769e-06
1.0254124990e-03 1.3070379832e-05
7.4341540611e-05 4.3816511364e-06
7.3553409282e-04 1.8287606999e-05
7.1065362958e-04 1.0451810818e-05
1.0663453578e-04 7.2562238300e-06
1.0144986447e-03 2.2599251549e-06
6.2602114647e-04 5.0571073651e-06
9.9951263551e-04 -1.1617634999e-05
9.8629563552e-04 1.1280517176e-05
6.6864691292e-04 -1.2306056724e-05
1.0249589300e-03 2.2445960363e-05
4.5338430159e-05 2.5979721690e-06
7.4484107030e-04 2.4852949560e-05
6.8325491154e-04 -1.9836350907e-06
1.3937463474e-04 1.0020706364e-05
1.0001476544e-03 -1.0289356094e-05
6.0984631370e-04 6.6344785418e-06
9.9834479963e-04 -1.9522286446e-05
9.8215131339e-04 1.7075436850e-05
6.8027167459e-04 -1.7334902143e-05
1.0323390400e-03 3.4539663283e-05
4.3728800090e-05 1.4054271784e-06
7.6558429993e-04 3.6726366853e-05
6.6722416635e-04 3.3693383252e-06
1.6981349813e-04 1.4810197235e-05
9.9229981432e-04 -1.1669106361e-05
5.8618184914e-04 1.5623643235e-05
1.0012082440e-03 -3.0273324136e-05
9.7249519022e-04 2.8955512835e-05
7.0039414809e-04 -2.6609222989e-05
1.0366348715e-03 4.3906315809e-05
7.7307401508e-05 -1.8522380538e-06
7.8210135581e-04 4.3438125165e-05
6.3773609212e-04 -1.0175642037e-05
1.9684885164e-04 1.8390601637e-05
9.7781155664e-04 -2.6828673610e-05
5.6281310623e-04 2.1587495641e-05
1.0071952309e-03 -5.0620534678e-05
9.6492907091e-04 3.8624425947e-05
7.1996093591e-04 -5.2023056898e-05
1.0404032876e-03 5.3824044320e-05
1.0162640525e-04 -9.2112257226e-06
7.9533933937e-04 5.0708427600e-05
6.1146406375e-04 -2.3067805596e-05
2.2603434499e-04 2.2219978744e-05
9.6490493186e-04 -4.1317434418e-05
5.4095801373e-04 2.7662332255e-05
9.9665193423e-04 -5.2048362806e-05
9.5431437033e-04 4.8904119459e-05
7.1713511964e-04 -4.3718643026e-05
1.0410873747e-03 6.5376854011e-05
1.3989844919e-04 -1.0230691044e-05
8.1455064442e-04 6.2325759852e-05
5.9219221111e-04 -2.6302743388e-05
2.5671413395e-04 2.8721220023e-05
9.5090149509e-04 -4.7680299846e-05
5.1430623679e-04 3.4613262219e-05
9.9731001922e-04 -6.0484238580e-05
9.4031848698e-04 5.9875710273e-05
7.3500109326e-04 -5.1457605197e-05
1.0401825178e-03 7.5027358574e-05
1.6712125114e-04 -1.4120059693e-05
8.2275119226e-04 6.9258859670e-05
5.7210212557e-04 -3.0368546686e-05
2.8086889905e-04 3.2821905359e-05
9.4061129768e-04 -5.5410718285e-05
4.8995742646e-04 3.9053852737e-05
9.9452656111e-04 -7.0286191376e-05
9.3006287225e-04 6.8687249299e-05
7.4902906513e-04 -6.0691074450e-05
1.0396073244e-03 8.3961681003e-05
1.9567602878e-04 -1.9196399451e-05
8.2962585853e-04 7.5789824543e-05
5.3698457441e-04 -3.5358640433e-05
3.0506702806e-04 3.6986986233e-05
9.1649185768e-04 -6.4173985299e-05
4.6687873801e-04 3.8250793078e-05
9.9262295967e-04 -8.0513280721e-05
9.1945186526e-04 7.2154907411e-05
7.6187802928e-04 -7.0973818509e-05
1.0399011725e-03 9.5492407694e-05
2.2309773005e-04 -2.5410950033e-05
8.5047416157e-04 8.8387017507e-05
5.1101564043e-04 -3.9924257935e-05
8.9879206401e-04 -7.2139962048e-05
3.3262693779e-04 4.4660953390e-05
9.8337805647e-04 -8.8297766057e-05
4.3237709102e-04 4.5796848043e-05
7.6356059262e-04 -7.6423422391e-05
8.9852490867e-04 8.5930623173e-05
2.4665918240e-04 -2.9399330315e-05
1.0357275772e-03 1.0662482264e-04
4.9312399560e-04 -4.2344433545e-05
8.5737405819e-04 1.0213807961e-04
8.8901713256e-04 -7.8454701833e-05
3.5763088767e-04 5.4602064136e-05
9.7578032784e-04 -9.8211496276e-05
4.0369253076e-04 4.7907219688e-05
7.7315582618e-04 -9.0383138905e-05
8.7839968448e-04 9.2158914705e-05
2.7305829526e-04 -3.8554941669e-05
1.0301578670e-03 1.1773569345e-04
4.5823156780e-04 -4.4243786711e-05
8.6697764297e-04 1.1523434064e-04
8.6150709859e-04 -8.3996758594e-05
3.8152281046e-04 6.3592300586e-05
9.7157073788e-04 -1.0700559499e-04
3.7551078142e-04 4.9793812190e-05
7.8438232910e-04 -9.5905563314e-05
8.6193064027e-04 9.9303219533e-05
2.9752167009e-04 -4.2715221630e-05
1.0237357168e-03 1.2862622391e-04
4.3704185761e-04 -5.0161696198e-05
8.7312913989e-04 1.2254373821e-04
8.4899132672e-04 -9.4627272175e-05
4.0397196908e-04 6.8935273414e-05
9.5783330271e-04 -1.1461852494e-04
3.4737231531e-04 5.2532292308e-05
7.7885465298e-04 -1.0718582469e-04
8.4300868677e-04 1.0852330839e-04
3.1520204940e-04 -5.1260782712e-05
1.0132788502e-03 1.3837526093e-04
4.1082010370e-04 -5.1224851461e-05
8.7884099838e-04 1.3335515306e-04
8.2841747344e-04 -9.9515190532e-05
4.2706936999e-04 7.7666641127e-05
9.4664132835e-04 -1.2241132585e-04
3.1666294686e-04 5.4894516828e-05
7.9248191131e-04 -1.1194387705e-04
8.1977471266e-04 1.1680417072e-04
3.4167405931e-04 -5.5432380467e-05
1.0049190377e-03 1.4754616130e-04
3.7763383745e-04 -5.2210513849e-05
8.8210028156e-04 1.4048960863e-04
8.0304577823e-04 -1.0481739644e-04
4.4411009240e-04 8.3364671871e-05
9.4167345503e-04 -1.2964935903e-04
2.8496374738e-04 5.4713188082e-05
7.9343352453e-04 -1.2913593482e-04
8.0142333949e-04 1.2270441718e-04
3.5811381928e-04 -6.8693575404e-05
9.9733178037e-04 1.5674554133e-04
3.4849781649e-04 -5.2661970135e-05
7.7968367028e-04 -1.0868959832e-04
8.8551068161e-04 1.5220108232e-04
9.2715010285e-04 -1.3671167937e-04
4.6243788528e-04 9.2999082153e-05
7.8869605685e-04 -1.2375213824e-04
2.5240636552e-04 5.4326019830e-05
3.7363113071e-04 -6.5639218064e-05
7.7658392434e-04 1.2845909412e-04
3.2698934152e-04 -5.2375867006e-05
9.8496116113e-04 1.6463674379e-04
7.6551675136e-04 -1.1351202084e-04
8.8626232404e-04 1.5622858621e-04
9.1435249735e-04 -1.4292272120e-04
4.8018793249e-04 9.5977805667e-05
7.8917397691e-04 -1.3425856815e-04
2.2429939840e-04 5.2438467873e-05
3.9121348003e-04 -7.5128665354e-05
7.5741699067e-04 1.3372124093e-04
2.9921758008e-04 -5.3714749222e-05
9.7222119032e-04 1.7343442067e-04
7.4258134020e-04 -1.1950887192e-04
8.8464108792e-04 1.6848939432e-04
9.0048798966e-04 -1.4957555013e-04
4.9594352416e-04 1.0728218057e-04
7.8234545656e-04 -1.4214684718e-04
1.9395163879e-04 5.1241809960e-05
4.0332524199e-04 -8.2692685289e-05
7.3302289993e-04 1.3787474953e-04
2.7089759064e-04 -4.9967301439e-05
9.5621434675e-04 1.8142022885e-04
7.1626889228e-04 -1.1666763395e-04
8.8546986675e-04 1.7892793692e-04
8.8681172195e-04 -1.5444170158e-04
5.1376485463e-04 1.1709775938e-04
7.9209200559e-04 -1.4647683013e-04
1.6006163373e-04 4.9088255864e-05
4.2479439404e-04 -8.6092113685e-05
7.0433755493e-04 1.4118208748e-04
2.4305448129e-04 -5.0615788531e-05
9.4297767578e-04 1.8912970810e-04
6.9832016381e-04 -1.2623657951e-04
8.7298250669e-04 -1.6108295996e-04
8.8283307271e-04 1.9333216241e-04
7.8233092020e-04 -1.5610363238e-04
5.2507549830e-04 1.3063141055e-04
4.3285103204e-04 -9.6541953087e-05
1.2828541641e-04 4.4611787752e-05
2.1213303477e-04 -4.9429632708e-05
6.7950208248e-04 1.4525010423e-04
6.6545817504e-04 -1.2732305141e-04
9.2359667685e-04 1.9669063912e-04
8.5551263453e-04 -1.6676499388e-04
8.7912266588e-04 1.9912958656e-04
7.8291024780e-04 -1.6289197219e-04
5.4102011347e-04 1.3689665052e-04
4.4847369573e-04 -1.0280328089e-04
9.7740411842e-05 4.2803912973e-05
1.8472945624e-04 -4.7058307824e-05
6.5037869125e-04 1.4894618796e-04
6.4134662465e-04 -1.2986196220e-04
9.0595172567e-04 2.0431259515e-04
8.3872166275e-04 -1.7127231070e-04
8.7091802050e-04 2.0694558816e-04
7.8271203089e-04 -1.7308134852e-04
5.4683952743e-04 1.4419010971e-04
4.6551110683e-04 -1.1355806359e-04
6.7042916997e-05 3.9465036886e-05
1.6208049743e-04 -4.4078882400e-05
6.2829503208e-04 1.5235232792e-04
6.2317275936e-04 -1.3261419775e-04
8.8898792088e-04 2.1024711599e-04
8.2167043469e-04 -1.7581764737e-04
8.5874105596e-04 2.1459164149e-04
7.6982652782e-04 -1.7441848196e-04
4.6838373141e-04 -1.1615067284e-04
5.5105921443e-04 1.5284612981e-04
1.3360741333e-04 -4.1757678547e-05
3.8075184534e-05 3.3943316683e-05
5.9805685387e-04 -1.3328205223e-04
5.9864586189e-04 1.5092475736e-04
8.0534561141e-04 -1.8019062983e-04
8.6866940139e-04 2.1328134308e-04
7.6044953788e-04 -1.8150258869e-04
8.5681286523e-04 2.2549623101e-04
4.7355163515e-04 -1.2438804105e-04
5.6487404860e-04 1.6746575322e-04
1.1041888398e-04 -4.0248332453e-05
3.8401836175e-06 2.7960134088e-05
5.7875399132e-04 -1.3620614891e-04
5.6898727429e-04 1.5063411709e-04
7.8783113102e-04 -1.8327461978e-04
8.4818744049e-04 2.2011067456e-04
7.4759196273e-04 -1.8146268255e-04
8.5074230883e-04 2.3499144229e-04
4.7634221724e-04 -1.2533927751e-04
5.7463555672e-04 1.7544302615e-04
8.5674356071e-05 -3.5335889521e-05
1.4589981566e-05 3.3163885614e-05
5.5526674677e-04 -1.2968967527e-04
5.3727101588e-04 1.5255842861e-04
7.6961619491e-04 -1.8361224320e-04
8.2464472683e-04 2.2524625392e-04
7.4688197652e-04 -1.9355302704e-04
4.9165567927e-04 -1.3996119287e-04
8.3898638476e-04 2.4297866767e-04
5.6643443979e-05 -3.1910027807e-05
5.7813298800e-04 1.8657338526e-04
5.1712713500e-04 -1.3317211722e-04
3.9133955069e-05 4.1965798106e-05
7.4443693580e-04 -1.8885586703e-04
5.1148232003e-04 1.5359050240e-04
7.3923990172e-04 -2.0052017307e-04
8.0321348384e-04 2.2940799161e-04
4.9702832987e-04 -1.4905531080e-04
8.2309148062e-04 2.4403813851e-04
2.9994934609e-05 -2.7910186920e-05
5.7722640204e-04 1.8622040009e-04
4.9412387202e-04 -1.3324204328e-04
6.5311357993e-05 4.8343238313e-05
7.2529669731e-04 -1.9131148866e-04
4.8571961413e-04 1.5255144123e-04
7.2410425747e-04 -1.9985342375e-04
7.8144731086e-04 2.3191529921e-04
4.9498605984e-04 -1.4777724059e-04
8.1024057607e-04 2.4803163362e-04
4.3614627699e-05 -3.1994039324e-05
5.8045109791e-04 1.9249741842e-04
4.7696673536e-04 -1.3493173825e-04
7.0967059926e-04 -1.9394060617e-04
8.7999947178e-05 5.6078548578e-05
7.1393595518e-04 -2.0278325239e-04
4.5736851316e-04 1.5056016412e-04
4.9944439186e-04 -1.5391182485e-04
7.5728901835e-04 2.3442785764e-04
6.4257144952e-05 -3.9378967752e-05
7.9532929193e-04 2.5416649677e-04
4.5700126997e-04 -1.2829605126e-04
5.8153580351e-04 2.0100358480e-04
6.9122255253e-04 -1.9205883238e-04
1.0836986147e-04 6.4384957907e-05
6.9988041228e-04 -2.0824490001e-04
4.2802225898e-04 1.4791794124e-04
4.9960675729e-04 -1.6091346675e-04
7.3303003878e-04 2.3609312744e-04
8.2619078520e-05 -4.5449752677e-05
7.8017616584e-04 2.5889998820e-04
4.2984099728e-04 -1.3251610211e-04
5.7933785551e-04 2.0753247308e-04
6.7084634115e-04 -1.9736271922e-04
1.2746386255e-04 7.2402098439e-05
6.8415256586e-04 -2.0751400284e-04
4.8981452869e-04 -1.6075546350e-04
4.0072796836e-04 1.4559529834e-04
1.0066194222e-04 -5.2980421388e-05
7.0882241522e-04 2.3753418457e-04
4.0585820806e-04 -1.3018180143e-04
7.6251543948e-04 2.6213164253e-04
6.4795125149e-04 -1.9752537365e-04
5.7533052259e-04 2.1290327174e-04
6.7429382822e-04 -2.1313488988e-04
1.4508461867e-04 8.0197327841e-05
4.9996824049e-04 -1.7073912943e-04
3.7295039466e-04 1.4225442546e-04
1.1980765475e-04 -6.1136479627e-05
6.8387711892e-04 2.3802771562e-04
3.8180892064e-04 -1.2870296128e-04
7.4599552055e-04 2.6648839555e-04
6.2681776762e-04 -1.9814794601e-04
5.7386891173e-04 2.2230949425e-04
6.5697038291e-04 -2.1285438931e-04
1.6092248517e-04 8.9472839174e-05
4.9061721129e-04 -1.7026405519e-04
3.4046339903e-04 1.3759377382e-04
1.3395805995e-04 -6.6708585064e-05
3.5796154859e-04 -1.2390689089e-04
6.5503820162e-04 2.3716683559e-04
6.0440787938e-04 -1.9580550388e-04
7.2867706568e-04 2.6970913126e-04
6.4357172713e-04 -2.1664352357e-04
5.6768144774e-04 2.3029281875e-04
4.9143702438e-04 -1.7853213748e-04
1.7520389756e-04 9.8162825502e-05
1.4749033347e-04 -7.3360910944e-05
3.1303204186e-04 1.3360764896e-04
3.2774727876e-04 -1.2128171603e-04
6.2803451221e-04 2.3621469374e-04
5.7683222313e-04 -1.9552879869e-04
7.0783383899e-04 2.6760736008e-04
6.2959750078e-04 -2.1614798047e-04
5.6165366451e-04 2.2581125883e-04
4.9194809056e-04 -1.8041629750e-04
1.8883256387e-04 1.0036758117e-04
1.6102015253e-04 -7.9395449585e-05
2.8750134829e-04 1.2885206039e-04
3.0465734983e-04 -1.1927875942e-04
5.5519773566e-04 -1.9625728456e-04
6.0349963951e-04 2.3582525808e-04
6.1057280747e-04 -2.1850324057e-04
6.8679619061e-04 2.6910113697e-04
4.7939506495e-04 -1.8477912438e-04
5.5258152248e-04 2.3050880837e-04
1.7009781825e-04 -8.7115831111e-05
2.0065360548e-04 1.0799015062e-04
2.7930755985e-04 -1.1574265475e-04
2.6026120254e-04 1.2409098702e-04
5.2856834659e-04 -1.9392297649e-04
5.7493465353e-04 2.3357934761e-04
5.9462599939e-04 -2.2014235615e-04
6.6461001234e-04 2.6747288059e-04
4.8261188312e-04 -1.9037039629e-04
5.4143931880e-04 2.2920990513e-04
1.8420657784e-04 -9.4000404016e-05
2.0923734667e-04 1.1240174297e-04
2.5617227446e-04 -1.1316706430e-04
5.0578962488e-04 -1.9366247148e-04
2.3543936173e-04 1.1788089131e-04
5.7516880811e-04 -2.1966514861e-04
5.5014346271e-04 2.3019791978e-04
4.6531525714e-04 -1.8968531651e-04
6.4249164757e-04 2.6893799517e-04
1.8664282145e-04 -9.8165989318e-05
5.3319545820e-04 2.3592125621e-04
2.3556749928e-04 -1.1012615144e-04
2.1704369274e-04 1.2033394519e-04
4.8490424440e-04 -1.9199225139e-04
2.0571879876e-04 1.1221911157e-04
5.5464974520e-04 -2.1882980723e-04
5.1960672580e-04 2.2841251263e-04
4.5590053976e-04 -1.9338312380e-04
6.1811532298e-04 2.6920444977e-04
1.9405210563e-04 -1.0522661906e-04
2.1153014511e-04 -1.0650636498e-04
5.2120539708e-04 2.4177128951e-04
4.5779105832e-04 -1.8904284791e-04
2.2481773930e-04 1.2962771997e-04
5.3520592628e-04 -2.1770837352e-04
1.7855371458e-04 1.0579595932e-04
4.4880307482e-04 -1.9291450176e-04
4.8692744869e-04 2.2281079006e-04
2.0146740975e-04 -1.0940242956e-04
5.9241102695e-04 2.6749176246e-04
1.9137230628e-04 -1.0396836184e-04
5.0670014650e-04 2.4194288212e-04
4.3498348129e-04 -1.8788751783e-04
2.2892007402e-04 1.3419239835e-04
5.1151589491e-04 -2.1738076109e-04
1.5388386295e-04 9.9828272750e-05
4.3603740242e-04 -1.9798034870e-04
4.5906902158e-04 2.1913237043e-04
2.0378735790e-04 -1.1661767839e-04
1.6717663440e-04 -9.9228917457e-05
5.6644641401e-04 2.6496832992e-04
4.0885244868e-04 -1.8394221026e-04
4.8744460078e-04 2.4367367051e-04
4.9190413521e-04 -2.1599013061e-04
2.2888336781e-04 1.4088731308e-04
4.1840361782e-04 -1.9739264689e-04
1.2855605214e-04 9.4255977597e-05
2.0128712551e-04 -1.1987631378e-04
4.2706652644e-04 2.1349614870e-04
1.4835385247e-04 -9.5498193500e-05
5.3794038588e-04 2.5878113568e-04
3.8818041817e-04 -1.8086014854e-04
4.7259811513e-04 2.3431778790e-04
4.6733777272e-04 -2.1247281591e-04
4.0311702278e-04 -1.9688506619e-04
2.3190317594e-04 1.3709536658e-04
2.0164229696e-04 -1.2447302000e-04
1.0677322045e-04 8.6206225721e-05
1.2542765947e-04 -9.3011249697e-05
4.0037887296e-04 2.0947818499e-04
3.5822414291e-04 -1.7891864985e-04
5.0818250324e-04 2.5668907342e-04
4.4140837574e-04 -2.1159686979e-04
4.5031568212e-04 2.4141974238e-04
3.8873732130e-04 -1.9884445092e-04
2.2814245305e-04 1.4948453931e-04
2.0139350526e-04 -1.3016707512e-04
8.0295163454e-05 8.1451532522e-05
1.0226637844e-04 -8.9561600465e-05
3.6270907883e-04 2.0173556152e-04
3.2770275200e-04 -1.7435239030e-04
4.1423650800e-04 -2.0871253135e-04
4.7322415051e-04 2.5167775357e-04
3.6855460012e-04 -1.9715267010e-04
4.2553935533e-04 2.3873519333e-04
1.9615363026e-04 -1.3255521654e-04
2.2230220637e-04 1.5226396439e-04
8.2252617888e-05 -8.5674272760e-05
5.7578666770e-05 7.6080856356e-05
2.9954747825e-04 -1.6924757908e-04
3.2935807112e-04 1.9528085736e-04
3.8518688760e-04 -2.0407384836e-04
4.3820057287e-04 2.4530721594e-04
3.4938544666e-04 -1.9671201563e-04
3.9857330913e-04 2.3488638067e-04
1.9071241519e-04 -1.3738291130e-04
6.0538410678e-05 -8.4321412252e-05
2.1331674683e-04 1.5469118127e-04
2.7170999718e-04 -1.6760555051e-04
3.3907959023e-05 7.1082145671e-05
3.5478070527e-04 -2.0182466839e-04
2.9189362434e-04 1.8801016464e-04
3.2196255480e-04 -1.9645045396e-04
3.9817938642e-04 2.3741772953e-04
1.7801302510e-04 -1.4204524445e-04
3.6405791990e-04 2.2858919703e-04
4.0284836040e-05 -8.3699609480e-05
1.9743968762e-04 1.5516479995e-04
2.4055136045e-04 -1.6459896089e-04
1.2109560086e-05 6.6823101002e-05
3.1950884764e-04 -1.9785350540e-04
2.9282031347e-04 -1.9120865503e-04
2.5336982506e-04 1.7920965481e-04
1.6450393434e-04 -1.4295719859e-04
3.5139658034e-04 2.2593435266e-04
2.1135664883e-05 -8.8681999551e-05
3.2709503681e-04 2.1803230813e-04
2.1037049412e-04 -1.7294811843e-04
1.8151900935e-04 1.5428471828e-04
2.8001741826e-04 -1.9986579809e-04
-1.1222975391e-05 7.0119646935e-05
2.4904287078e-04 -1.9186130273e-04
2.0636095048e-04 1.8392821773e-04
1.3799712534e-04 -1.4838545655e-04
2.9155012628e-04 2.2372241054e-04
-5.3458719025e-07 -8.7205858778e-05
1.5030896924e-04 -1.6246750528e-04
2.7041123802e-04 2.1517648917e-04
2.2404526842e-04 -1.8457045432e-04
1.4545515031e-04 1.6003759798e-04
2.3734846897e-04 -1.9803704044e-04
-4.2086277485e-05 7.1635872051e-05
1.4227400505e-04 -1.7090826841e-04
1.5564629553e-04 1.6848124918e-04
-3.5624311149e-05 -9.4692409866e-05
2.1906260858e-04 2.0808520379e-04
1.2904208601e-04 -1.8785120669e-04
1.8685612522e-04 2.0845419350e-04
1.6979208053e-04 -2.0693897096e-04
1.3113777938e-04 -1.9528398783e-04
8.6816412671e-05 1.8186977496e-04
5.3029285864e-05 -1.9115940236e-04
-6.3473374898e-05 1.4383347168e-04
-5.4915735364e-05 -1.9720362426e-04
1.6959745935e-04 2.9409023156e-04
1.3176427586e-04 -3.9202940993e-04
1.5856305042e-04 2.3928342874e-04
9.1279336986e-05 -2.9311376498e-04
-2.6548888442e-04 4.2599807869e-05
-3.2403167304e-04 -2.0553796318e-05
-4.7470825360e-04 -5.4546715327e-05
-5.1158765710e-04 7.8831422515e-05
-1.4397896587e-04 2.7529588600e-06
-1.1539834178e-04 -3.2687823910e-05
