2.8197464709e+02
2.8239869404e+02
2.8156089337e+02
2.8282271818e+02
2.8114829391e+02
2.8324295072e+02
2.8073289673e+02
2.8366065269e+02
2.8031273010e+02
2.8407858108e+02
2.7989253931e+02
2.8449984149e+02
2.7947803347e+02
2.8492108305e+02
2.7906446549e+02
2.8534238695e+02
2.7864731552e+02
2.8576396772e+02
2.7822263012e+02
2.8618555786e+02
2.7779789085e+02
2.8660686735e+02
2.7738833896e+02
2.8702817127e+02
2.7698215878e+02
2.8744883087e+02
2.7657070131e+02
2.8786903629e+02
2.7614618529e+02
2.8828926289e+02
2.7572160109e+02
2.8871318856e+02
2.7531301389e+02
2.8913718568e+02
2.7490898624e+02
2.8956090997e+02
2.7450274914e+02
2.8998457926e+02
2.7408994204e+02
2.9040827854e+02
2.7367708972e+02
2.9082838507e+02
2.7326547517e+02
2.9124826343e+02
2.7285429195e+02
2.9167215925e+02
2.7244336771e+02
2.9210184111e+02
2.7203292201e+02
2.9253155444e+02
2.7162241978e+02
2.9295197557e+02
2.7121382449e+02
2.9337136931e+02
2.7080605059e+02
2.9379239185e+02
2.7039807504e+02
2.9421629077e+02
2.6998864800e+02
2.9464023317e+02
2.6957915969e+02
2.9506486280e+02
2.6917264178e+02
2.9548961552e+02
2.6876766520e+02
2.9591453584e+02
2.6836272821e+02
2.9634006372e+02
2.6795763992e+02
2.9676563583e+02
2.6755248445e+02
2.9718957372e+02
2.6714852791e+02
2.9761316865e+02
2.6674531141e+02
2.9803575405e+02
2.6634207883e+02
2.9845616613e+02
2.6593796838e+02
2.9887662824e+02
2.6553378074e+02
2.9930210198e+02
2.6513285907e+02
2.9972900815e+02
2.6473434465e+02
3.0015522547e+02
2.6433576011e+02
3.0057996716e+02
2.6393371215e+02
3.0100476005e+02
2.6353156005e+02
3.0142945001e+02
2.6313191319e+02
3.0185411946e+02
2.6273446272e+02
3.0227875827e+02
2.6233716245e+02
3.0270357335e+02
2.6194826908e+02
3.0312844435e+02
3.0355239928e+02
2.6155929390e+02
3.0397597235e+02
2.6116451919e+02
3.0439990242e+02
2.6076384169e+02
3.0482583390e+02
2.6036310020e+02
3.0525182899e+02
2.5996909286e+02
3.0567504427e+02
2.5957504949e+02
3.0609681667e+02
2.5918370699e+02
3.0651988246e+02
2.5879564306e+02
3.0695178197e+02
2.5840750429e+02
3.0738375769e+02
2.5801607120e+02
3.0780539302e+02
2.5762413712e+02
3.0822059711e+02
2.5723384755e+02
3.0863680750e+02
2.5684596415e+02
3.0906269604e+02
2.5645800172e+02
3.0948865693e+02
2.5607743396e+02
3.0991308876e+02
2.5569752849e+02
3.1033639534e+02
2.5531414089e+02
3.1075961678e+02
2.5492501332e+02
3.1118239312e+02
2.5453580246e+02
3.1160525042e+02
2.5415726882e+02
3.1202777915e+02
3.1245001375e+02
2.5378036932e+02
3.1287222551e+02
2.5340177312e+02
3.1329532327e+02
2.5301990722e+02
3.1371850413e+02
2.5263794846e+02
3.1414063909e+02
2.5225789597e+02
3.1456169002e+02
2.5187805728e+02
3.1498280366e+02
2.5150003851e+02
3.1540610177e+02
2.5112660558e+02
3.1582962548e+02
2.5075307294e+02
3.1625145579e+02
2.5037710900e+02
3.1667122447e+02
2.5000011853e+02
3.1709106449e+02
2.4962466502e+02
3.1751127319e+02
2.4925407554e+02
3.1793166043e+02
2.4888337590e+02
3.1835174190e+02
2.4851766723e+02
3.1877134049e+02
2.4815356779e+02
3.1919101193e+02
3.1961000534e+02
2.4778759249e+02
3.2002906244e+02
2.4741504082e+02
3.2044849020e+02
2.4704237597e+02
3.2086846880e+02
2.4667883846e+02
3.2128852420e+02
2.4631911033e+02
3.2170709804e+02
2.4595816326e+02
3.2212558210e+02
2.4559192378e+02
3.2254365722e+02
2.4522556619e+02
3.2296080433e+02
2.4486561891e+02
3.2337803164e+02
2.4450881854e+02
3.2379726871e+02
2.4415162668e+02
3.2421714146e+02
2.4379275389e+02
3.2463548007e+02
2.4343375773e+02
3.2504996002e+02
3.2546452798e+02
2.4307856923e+02
3.2588094626e+02
2.4272557304e+02
3.2629806071e+02
2.4237226234e+02
3.2671428115e+02
2.4201721006e+02
3.2712763831e+02
2.4166202250e+02
3.2754108508e+02
2.4130977194e+02
3.2795678181e+02
2.4095946272e+02
3.2837344547e+02
2.4060910965e+02
3.2878943491e+02
2.4026101987e+02
3.2920262578e+02
2.3991278494e+02
3.2961591224e+02
2.3956852229e+02
3.3002656777e+02
3.3043617811e+02
2.3922758180e+02
3.3084712754e+02
2.3888642738e+02
3.3126410940e+02
2.3854102431e+02
3.3168118081e+02
2.3819547358e+02
3.3209321203e+02
2.3785213649e+02
3.3250277459e+02
2.3751084732e+02
3.3291271050e+02
2.3716937360e+02
3.3332441757e+02
2.3683706763e+02
3.3373621935e+02
2.3650489868e+02
3.3414804006e+02
2.3616717764e+02
3.3456006480e+02
3.3497180855e+02
2.3582222454e+02
3.3537965076e+02
2.3547705612e+02
3.3578760083e+02
2.3515353507e+02
3.3619329273e+02
2.3483150502e+02
3.3659739765e+02
2.3450608467e+02
3.3700198077e+02
2.3417566948e+02
3.3741339048e+02
2.3384506233e+02
3.3782489552e+02
2.3351923125e+02
3.3823203334e+02
2.3319384956e+02
3.3863550272e+02
3.3903914278e+02
2.3286949476e+02
3.3944758751e+02
2.3254671492e+02
3.3985613983e+02
2.3222373131e+02
3.4026252068e+02
2.3190184700e+02
3.4066680264e+02
2.3158002385e+02
3.4107121475e+02
2.3126111135e+02
3.4147415507e+02
2.3094801736e+02
3.4187715846e+02
2.3063472354e+02
3.4228118782e+02
2.3031622144e+02
3.4268661016e+02
3.4309216563e+02
2.2999634131e+02
3.4349106636e+02
2.2967944787e+02
3.4388957250e+02
2.2936991469e+02
3.4428965076e+02
2.2906016755e+02
3.4469207374e+02
2.2875082721e+02
3.4509463274e+02
2.2844148037e+02
3.4549265490e+02
2.2813290123e+02
3.4589021637e+02
2.2782659982e+02
3.4628785603e+02
3.4668568814e+02
2.2752007267e+02
3.4708365805e+02
2.2721660399e+02
3.4748111929e+02
2.2691416521e+02
3.4787858981e+02
2.2661232054e+02
3.4827553853e+02
2.2631280620e+02
3.4867148070e+02
2.2601306163e+02
3.4906756435e+02
2.2571492283e+02
3.4946196644e+02
2.2541740814e+02
3.4985606528e+02
3.5025034176e+02
2.2512063776e+02
3.5064509815e+02
2.2482796866e+02
3.5104000207e+02
2.2453506574e+02
3.5143047972e+02
2.2424257176e+02
3.5181970798e+02
2.2395020715e+02
3.5220956583e+02
2.2365852103e+02
3.5260127810e+02
2.2337227749e+02
3.5299313854e+02
3.5338242020e+02
2.2308579203e+02
3.5377081773e+02
2.2279920023e+02
3.5415918340e+02
2.2251246480e+02
3.5454732683e+02
2.2222645251e+02
3.5493562450e+02
2.2194969376e+02
3.5532144038e+02
2.2167268733e+02
3.5570619821e+02
2.2139228893e+02
3.5609086861e+02
3.5647483461e+02
2.2110924099e+02
3.5685895682e+02
2.2082649070e+02
3.5724194315e+02
2.2055218466e+02
3.5762437065e+02
2.2027761133e+02
3.5800665859e+02
2.2000456520e+02
3.5838754627e+02
2.1973289454e+02
3.5876859582e+02
3.5914888897e+02
2.1946110935e+02
3.5952874023e+02
2.1919124733e+02
3.5990766144e+02
2.1892110846e+02
3.6027545357e+02
2.1865336890e+02
3.6064340481e+02
2.1838821440e+02
3.6101927094e+02
2.1812280751e+02
3.6140123692e+02
3.6178261755e+02
2.1785929670e+02
3.6215091627e+02
2.1759546360e+02
3.6251938327e+02
2.1733403791e+02
3.6289035858e+02
2.1707570920e+02
3.6326360645e+02
2.1681711428e+02
3.6363690663e+02
2.1655966720e+02
3.6400372332e+02
2.1630193390e+02
3.6437071448e+02
3.6473676346e+02
2.1604604455e+02
3.6510179479e+02
2.1579302501e+02
3.6546699248e+02
2.1553971959e+02
3.6582942084e+02
2.1529142529e+02
3.6619197474e+02
2.1504341750e+02
3.6655322724e+02
3.6691280246e+02
2.1479606812e+02
3.6727255162e+02
2.1455011946e+02
3.6762864393e+02
2.1430387583e+02
3.6798466661e+02
2.1406051412e+02
3.6833939623e+02
2.1381726449e+02
3.6869212345e+02
2.1357582620e+02
3.6904503221e+02
3.6939403201e+02
2.1333855885e+02
3.6974274043e+02
2.1310097520e+02
3.7009065420e+02
2.1286494180e+02
3.7043702826e+02
2.1262885593e+02
3.7078359306e+02
2.1239507486e+02
3.7112539704e+02
3.7146654623e+02
2.1216769601e+02
3.7180647189e+02
2.1193997464e+02
3.7214360830e+02
2.1171126749e+02
3.7248094626e+02
2.1148178416e+02
3.7281284637e+02
2.1125583902e+02
3.7314363791e+02
2.1104179060e+02
3.7347370319e+02
3.7380159394e+02
2.1082737120e+02
3.7412969764e+02
2.1060780803e+02
3.7445114183e+02
2.1038570980e+02
3.7477074572e+02
2.1016727906e+02
3.7508942829e+02
2.0996462324e+02
3.7540474566e+02
3.7572029263e+02
2.0976154371e+02
3.7602916883e+02
2.0956084333e+02
3.7633572207e+02
2.0936073376e+02
3.7664093264e+02
2.0916190985e+02
3.7694011087e+02
2.0897175595e+02
3.7723954057e+02
3.7753131512e+02
2.0878112019e+02
3.7781977168e+02
2.0860029618e+02
3.7810673302e+02
2.0842439906e+02
3.7838480424e+02
2.0824986909e+02
3.7866315764e+02
2.0808862297e+02
3.7893208757e+02
3.7919604266e+02
2.0792679337e+02
3.7945795183e+02
2.0777951375e+02
3.7970310063e+02
2.0764116070e+02
3.7994857827e+02
2.0750513894e+02
3.8018426641e+02
3.8041385882e+02
2.0740257121e+02
3.8064044017e+02
2.0729923757e+02
3.8082890821e+02
2.0726059863e+02
3.8101780819e+02
2.0727203327e+02
3.8113653160e+02
2.0727165764e+02
3.8120037940e+02
3.8127740166e+02
2.0700951050e+02
3.8165760895e+02
2.0674575273e+02
3.8203861875e+02
2.0793242393e+02
3.8095275278e+02
2.1047130900e+02
3.7850588267e+02
2.1301070365e+02
3.7605863083e+02
