4.9392186470e-06 5.2216968921e-05
1.9959303028e-01 -5.1157039693e-04
3.9280325152e-01 -1.9603658694e-03
5.7971115552e-01 -4.3168321341e-03
7.6036508504e-01 -7.5569127276e-03
9.3487672475e-01 -1.1632226995e-02
1.1033028265e+00 -1.6483469478e-02
1.2657463645e+00 -2.2091611423e-02
1.4222865769e+00 -2.8392838010e-02
1.5730129863e+00 -3.5367626667e-02
1.7180197519e+00 -4.2970623653e-02
1.8573953484e+00 -5.1161868789e-02
1.9912366789e+00 -5.9910483715e-02
2.1196332053e+00 -6.9177793806e-02
2.2426800452e+00 -7.8931569262e-02
2.3604690569e+00 -8.9137040823e-02
2.4731020809e+00 -9.9760277717e-02
2.5806596555e+00 -1.1077317569e-01
2.6832457465e+00 -1.2214151347e-01
2.7809454162e+00 -1.3383413163e-01
2.8738476060e+00 -1.4582267144e-01
2.9620553015e+00 -1.5808007753e-01
3.0456376309e+00 -1.7057598859e-01
3.1247015109e+00 -1.8328129020e-01
3.1993222556e+00 -1.9617176374e-01
3.2695778296e+00 -2.0921560803e-01
3.3355682708e+00 -2.2239020546e-01
3.3973522577e+00 -2.3567335023e-01
3.4550179721e+00 -2.4903054756e-01
3.5086322353e+00 -2.6243962368e-01
3.5582744638e+00 -2.7588101287e-01
3.6040194963e+00 -2.8932550680e-01
3.6459219229e+00 -3.0274756541e-01
3.6840613696e+00 -3.1612571901e-01
3.7184844368e+00 -3.2943766346e-01
3.7492664440e+00 -3.4265362063e-01
3.7764530287e+00 -3.5575498944e-01
3.8001041224e+00 -3.6871591478e-01
3.8202735771e+00 -3.8150856063e-01
3.8370058861e+00 -3.9412366481e-01
3.8503492526e+00 -4.0651929010e-01
3.8603498113e+00 -4.1867125075e-01
3.8670434591e+00 -4.3058349727e-01
3.8704683484e+00 -4.4221533015e-01
3.8706753240e+00 -4.5351730253e-01
3.8676783780e+00 -4.6450353206e-01
3.8615141146e+00 -4.7513340258e-01
3.8522241081e+00 -4.8537809811e-01
3.8398157742e+00 -4.9522015125e-01
3.8243249812e+00 -5.0463397190e-01
3.8057791977e+00 -5.1359333814e-01
3.7841781249e+00 -5.2206542576e-01
3.7595641837e+00 -5.3003582682e-01
3.7319414181e+00 -5.3747384908e-01
3.7013301246e+00 -5.4435375989e-01
3.6677385133e+00 -5.5064440523e-01
3.6311922450e+00 -5.5632746517e-01
3.5916854402e+00 -5.6137092909e-01
3.5492487606e+00 -5.6575035593e-01
3.5038753512e+00 -5.6943812374e-01
3.4555965459e+00 -5.7240698146e-01
3.4044072745e+00 -5.7462733718e-01
3.3503330264e+00 -5.7607639007e-01
3.2933639685e+00 -5.7672516141e-01
3.2335357114e+00 -5.7654963163e-01
3.1708503749e+00 -5.7551569264e-01
3.1053387873e+00 -5.7360416176e-01
3.0370004979e+00 -5.7078880581e-01
2.9658695909e+00 -5.6704177638e-01
2.8919672907e+00 -5.6234083205e-01
2.8153261559e+00 -5.5665941788e-01
2.7359735516e+00 -5.4997697566e-01
2.6539383719e+00 -5.4226191286e-01
2.5692792123e+00 -5.3351220468e-01
2.4820333426e+00 -5.2369715253e-01
2.3922650177e+00 -5.1280117970e-01
2.3000310346e+00 -5.0080606255e-01
2.2054068928e+00 -4.8770632077e-01
2.1084833883e+00 -4.7348435909e-01
2.0093547738e+00 -4.5814766008e-01
1.9081086020e+00 -4.4168270742e-01
1.8048741361e+00 -4.2408959063e-01
1.6998168251e+00 -4.0530665549e-01
1.5931070949e+00 -3.8555664893e-01
1.4848798106e+00 -3.6468686428e-01
1.3753718131e+00 -3.4270472093e-01
1.2647986739e+00 -3.1975006566e-01
1.1534515903e+00 -2.9582006376e-01
1.0416635832e+00 -2.7098974937e-01
9.2981371490e-01 -2.4533266491e-01
8.1830500330e-01 -2.1897635436e-01
7.0769680557e-01 -1.9207271502e-01
5.9852995227e-01 -1.6473999321e-01
4.9172335938e-01 -1.3722482708e-01
3.8816083804e-01 -1.0979347823e-01
2.8910304120e-01 -8.2889484904e-02
1.9640861995e-01 -5.6995127635e-02
1.1257970422e-01 -3.3042487070e-02
4.2498568369e-02 -1.2096846567e-02
-6.7986582018e-04 2.5109948734e-04
