-7.1636524561e-07 -6.2724894797e-08
2.9241939949e-01 1.0292763497e-03
5.7919790877e-01 4.0791170938e-03
8.6021676274e-01 9.0661070082e-03
1.1354197098e+00 1.5935528149e-02
1.4047084993e+00 2.4595836894e-02
1.6680093762e+00 3.5005551843e-02
1.9252125935e+00 4.7067622548e-02
2.1762558683e+00 6.0730910439e-02
2.4210252842e+00 7.5913665895e-02
2.6594679350e+00 9.2553901494e-02
2.8914735095e+00 1.1058161127e-01
3.1169544807e+00 1.2991637098e-01
3.3358498283e+00 1.5050152303e-01
3.5480494437e+00 1.7225749659e-01
3.7535022895e+00 1.9511480880e-01
3.9521126448e+00 2.1901037326e-01
4.1438053859e+00 2.4385600918e-01
4.3285155305e+00 2.6959203899e-01
4.5061627363e+00 2.9614297889e-01
4.6766814000e+00 3.2343238131e-01
4.8400213885e+00 3.5140016617e-01
4.9961113744e+00 3.7995416260e-01
5.1449000760e+00 4.0903612662e-01
5.2863270860e+00 4.3856676736e-01
5.4203448348e+00 4.6846529012e-01
5.5469335155e+00 4.9867423120e-01
5.6660276486e+00 5.2910186871e-01
5.7776048702e+00 5.5968391362e-01
5.8816364257e+00 5.9034459174e-01
5.9780920446e+00 6.2100184246e-01
6.0669630601e+00 6.5159436477e-01
6.1482443229e+00 6.8203681439e-01
6.2218996614e+00 7.1225411805e-01
6.2879747733e+00 7.4218632279e-01
6.3464286753e+00 7.7174499356e-01
6.3972961604e+00 8.0086253313e-01
6.4405993544e+00 8.2946788244e-01
6.4763423982e+00 8.5748139716e-01
6.5045915492e+00 8.8483802291e-01
6.5253636199e+00 9.1147304840e-01
6.5387021591e+00 9.3729867292e-01
6.5446608158e+00 9.6225260475e-01
6.5433269890e+00 9.8627517749e-01
6.5347185926e+00 1.0092845933e+00
6.5189334306e+00 1.0312218402e+00
6.4960649090e+00 1.0520259357e+00
6.4661814716e+00 1.0716205922e+00
6.4293724523e+00 1.0899461980e+00
6.3857457413e+00 1.1069509899e+00
6.3354425111e+00 1.1225738307e+00
6.2785356637e+00 1.1367456558e+00
6.2151534957e+00 1.1494177336e+00
6.1454369910e+00 1.1605369208e+00
6.0695248683e+00 1.1700484857e+00
5.9875657817e+00 1.1779142335e+00
5.8996873992e+00 1.1840732968e+00
5.8060657065e+00 1.1884837840e+00
5.7068791826e+00 1.1911153347e+00
5.6022581509e+00 1.1919187034e+00
5.4924165634e+00 1.1908627728e+00
5.3775398890e+00 1.1879150934e+00
5.2577897565e+00 1.1830461767e+00
5.1333669941e+00 1.1762334930e+00
5.0045101835e+00 1.1674584950e+00
4.8713942909e+00 1.1567060057e+00
4.7342414923e+00 1.1439561243e+00
4.5933034571e+00 1.1292080305e+00
4.4487724930e+00 1.1124516943e+00
4.3008923905e+00 1.0936987913e+00
4.1499082312e+00 1.0729559830e+00
3.9960855821e+00 1.0502354764e+00
3.8396660015e+00 1.0255557978e+00
3.6808944343e+00 9.9894407620e-01
3.5200555204e+00 9.7043371491e-01
3.3574342808e+00 9.4006605853e-01
3.1933123106e+00 9.0789510504e-01
3.0279542605e+00 8.7396120821e-01
2.8616821656e+00 8.3834013442e-01
2.6948473749e+00 8.0110290974e-01
2.5277117324e+00 7.6233742153e-01
2.3606511094e+00 7.2213895378e-01
2.1940305494e+00 6.8062462029e-01
2.0282051125e+00 6.3789986426e-01
1.8635495123e+00 5.9409427803e-01
1.7005000036e+00 5.4936871043e-01
1.5395372707e+00 5.0390782961e-01
1.3811161944e+00 4.5790256572e-01
1.2257510060e+00 4.1154383185e-01
1.0740199435e+00 3.6508286674e-01
9.2663564079e-01 3.1880851019e-01
7.8427044091e-01 2.7303162280e-01
6.4776849050e-01 2.2813769023e-01
5.1817994655e-01 1.8458554906e-01
3.9675769102e-01 1.4292729432e-01
2.8500297509e-01 1.0380078221e-01
1.8492478241e-01 6.8034686985e-02
9.9561357149e-02 3.6945581114e-02
3.3884066821e-02 1.2487980514e-02
-2.1247764658e-06 -8.6727019221e-07
