3.5475599231e+02
3.5468673780e+02
3.5461880506e+02
3.5455634095e+02
3.5449454066e+02
3.5443479863e+02
3.5438020037e+02
3.5432582118e+02
3.5427703809e+02
3.5423019529e+02
3.5418514486e+02
3.5414406477e+02
3.5410513083e+02
3.5407002612e+02
3.5403845978e+02
3.5400818957e+02
3.5398336432e+02
3.5396032192e+02
3.5393993692e+02
3.5392509473e+02
3.5391078375e+02
3.5390145299e+02
3.5389472312e+02
3.5389160086e+02
3.5389325454e+02
3.5389703911e+02
3.5390281696e+02
3.5391508218e+02
3.5392945042e+02
3.5394661666e+02
3.5396908182e+02
3.5399392934e+02
3.5402332872e+02
3.5405593389e+02
3.5409140607e+02
3.5413311897e+02
3.5417595869e+02
3.5422379724e+02
3.5427498526e+02
3.5432786383e+02
3.5438797209e+02
3.5444942510e+02
3.5451428702e+02
3.5458626222e+02
3.5466019175e+02
3.5473606435e+02
3.5481608078e+02
3.5490240728e+02
3.5498973248e+02
3.5508053441e+02
3.5517585269e+02
3.5527400728e+02
3.5537608468e+02
3.5548197879e+02
3.5559173751e+02
3.5570346694e+02
3.5581628880e+02
3.5593552064e+02
3.5605688113e+02
3.5618322459e+02
3.5630998344e+02
3.5644072429e+02
3.5657789517e+02
3.5671363998e+02
3.5685165400e+02
3.5699635345e+02
3.5713959026e+02
3.5728785577e+02
3.5743721704e+02
3.5758965954e+02
3.5774607880e+02
3.5790162658e+02
3.5805977420e+02
3.5822464139e+02
3.5838721770e+02
3.5855498693e+02
3.5871889846e+02
3.5888812879e+02
3.5906159254e+02
3.5923278059e+02
3.5940672140e+02
3.5958275461e+02
3.5976335822e+02
3.5993849394e+02
3.6012150339e+02
3.6030517606e+02
3.6048262915e+02
3.6067162243e+02
3.6085288417e+02
3.6104692388e+02
3.6122792252e+02
3.6142390931e+02
3.6161653675e+02
3.6178166862e+02
3.6200657832e+02
3.6218305063e+02
3.6229685502e+02
3.6256515283e+02
3.6245636813e+02
3.6145545403e+02
