-2.2422633652e-06 5.5238550474e-07
2.9087804206e-01 -8.8471817928e-04
5.7511751593e-01 -3.4888875256e-03
8.5262309875e-01 -7.7360971018e-03
1.1233397350e+00 -1.3555943832e-02
1.3872206282e+00 -2.0874488659e-02
1.6442131836e+00 -2.9621927190e-02
1.8942739505e+00 -3.9716035152e-02
2.1373897197e+00 -5.1102273351e-02
2.3735263630e+00 -6.3691979302e-02
2.6026515451e+00 -7.7428739554e-02
2.8247591585e+00 -9.2239032241e-02
3.0398424633e+00 -1.0804811891e-01
3.2478957412e+00 -1.2480649374e-01
3.4489176786e+00 -1.4242677426e-01
3.6429082883e+00 -1.6086071112e-01
3.8298703859e+00 -1.8004050878e-01
4.0098344701e+00 -1.9989384883e-01
4.1827905707e+00 -2.2037573133e-01
4.3487693875e+00 -2.4141023510e-01
4.5077890630e+00 -2.6294840123e-01
4.6598546411e+00 -2.8493167273e-01
4.8050128704e+00 -3.0729257065e-01
4.9432621765e+00 -3.2998982483e-01
5.0746362980e+00 -3.5295548659e-01
5.1991818378e+00 -3.7614381486e-01
5.3168968495e+00 -3.9949916328e-01
5.4278548427e+00 -4.2296410307e-01
5.5320520779e+00 -4.4649864261e-01
5.6295120793e+00 -4.7004225340e-01
5.7203117039e+00 -4.9354837229e-01
5.8044516666e+00 -5.1697434633e-01
5.8819674604e+00 -5.4026227915e-01
5.9529175971e+00 -5.6337442505e-01
6.0173072807e+00 -5.8625627316e-01
6.0752080500e+00 -6.0886291232e-01
6.1266353823e+00 -6.3115690091e-01
6.1716223904e+00 -6.5308339988e-01
6.2102261637e+00 -6.7460412792e-01
6.2424851961e+00 -6.9567583967e-01
6.2684339411e+00 -7.1625374736e-01
6.2881083858e+00 -7.3629711629e-01
6.3015708953e+00 -7.5575489867e-01
6.3088466939e+00 -7.7459552777e-01
6.3100030541e+00 -7.9277204622e-01
6.3050455963e+00 -8.1024591678e-01
6.2940528441e+00 -8.2697276743e-01
6.2770760815e+00 -8.4291846477e-01
6.2541469389e+00 -8.5803180433e-01
6.2253260787e+00 -8.7228701432e-01
6.1906678276e+00 -8.8563086926e-01
6.1502187234e+00 -8.9803304273e-01
6.1040392166e+00 -9.0945397089e-01
6.0521941239e+00 -9.1984225659e-01
5.9947438276e+00 -9.2917721661e-01
5.9317287571e+00 -9.3741058004e-01
5.8632504924e+00 -9.4450179437e-01
5.7893625400e+00 -9.5042597044e-01
5.7101272595e+00 -9.5513450180e-01
5.6256316965e+00 -9.5859059323e-01
5.5359577036e+00 -9.6076560530e-01
5.4411746673e+00 -9.6161855999e-01
5.3413926384e+00 -9.6112166337e-01
5.2366955767e+00 -9.5923058073e-01
5.1271670261e+00 -9.5592112706e-01
5.0129276491e+00 -9.5116399350e-01
4.8940801400e+00 -9.4491206816e-01
4.7707504240e+00 -9.3715969919e-01
4.6430353387e+00 -9.2786148876e-01
4.5111061845e+00 -9.1699506417e-01
4.3750792769e+00 -9.0454839071e-01
4.2350889503e+00 -8.9048414132e-01
4.0913191153e+00 -8.7479511078e-01
3.9439253653e+00 -8.5745994866e-01
3.7930736600e+00 -8.3846603740e-01
3.6389941061e+00 -8.1782118694e-01
3.4818586907e+00 -7.9548743795e-01
3.3218964418e+00 -7.7149646859e-01
3.1593428503e+00 -7.4584291942e-01
2.9944755913e+00 -7.1853331913e-01
2.8275386807e+00 -6.8960300751e-01
2.6588375332e+00 -6.5905557054e-01
2.4887091733e+00 -6.2695951366e-01
2.3175057635e+00 -5.9332807331e-01
2.1455822324e+00 -5.5825331144e-01
1.9733744818e+00 -5.2178783105e-01
1.8013535194e+00 -4.8401999928e-01
1.6300363097e+00 -4.4510779123e-01
1.4599790512e+00 -4.0511308998e-01
1.2918066188e+00 -3.6426913758e-01
1.1262591077e+00 -3.2271977231e-01
9.6421147018e-01 -2.8074190019e-01
8.0663051991e-01 -2.3867191398e-01
6.5465739776e-01 -1.9680572278e-01
5.0971151561e-01 -1.5571220081e-01
3.7363515887e-01 -1.1591352226e-01
2.4894685606e-01 -7.8498908332e-02
1.3919779574e-01 -4.4578166180e-02
5.0553576976e-02 -1.5931361041e-02
-1.1935551676e-05 4.0530165218e-06
