2.9883396114e+02
2.9815667259e+02
2.9950168176e+02
2.9746469490e+02
3.0017046158e+02
2.9677255884e+02
3.0085541245e+02
2.9611485216e+02
3.0154029620e+02
2.9546100310e+02
3.0222061250e+02
2.9479393246e+02
3.0289789450e+02
2.9410375487e+02
3.0357535698e+02
2.9341339685e+02
3.0425855818e+02
2.9275594073e+02
3.0494171416e+02
2.9210386009e+02
3.0562409758e+02
2.9144645611e+02
3.0630676266e+02
2.9077774881e+02
3.0698953088e+02
2.9010888075e+02
3.0767270215e+02
2.8945165743e+02
3.0835586883e+02
2.8879700427e+02
3.0903665855e+02
2.8813790495e+02
3.0971545395e+02
2.8746670366e+02
3.1039434183e+02
2.8679531050e+02
3.1108557946e+02
2.8613986876e+02
3.1177762272e+02
2.8548892522e+02
3.1246632100e+02
2.8483837791e+02
3.1315147677e+02
2.8418785115e+02
3.1383677712e+02
2.8353711777e+02
3.1452695182e+02
2.8288099238e+02
3.1521772757e+02
2.8222289431e+02
3.1589963262e+02
2.8157072603e+02
3.1656766200e+02
2.8093821512e+02
3.1723583544e+02
2.8030545789e+02
3.1793670940e+02
2.7965608305e+02
3.1864295794e+02
2.7899945399e+02
3.1933876589e+02
2.7834564890e+02
3.2001604339e+02
2.7770181697e+02
3.2069351048e+02
2.7705767354e+02
3.2138550495e+02
2.7642411726e+02
3.2208080718e+02
2.7579604155e+02
3.2277225769e+02
2.7516865531e+02
3.2345569966e+02
2.7454484426e+02
3.2413936396e+02
2.7392075289e+02
3.2482667765e+02
2.7329055268e+02
3.2551512129e+02
2.7265650183e+02
3.2620214263e+02
2.7202332308e+02
3.2688630919e+02
2.7139531284e+02
3.2757073369e+02
2.7076695438e+02
3.2825602365e+02
2.7014970801e+02
3.2894170109e+02
2.6954063928e+02
3.2962573817e+02
2.6893062885e+02
3.3030487382e+02
2.6829811161e+02
3.3098426019e+02
2.6766516788e+02
3.3167057026e+02
2.6705346601e+02
3.3235997336e+02
3.3304786248e+02
2.6646023363e+02
3.3373008970e+02
2.6586681870e+02
3.3441260795e+02
2.6526340603e+02
3.3509456990e+02
2.6465959665e+02
3.3577632153e+02
2.6405743186e+02
3.3645620685e+02
2.6345702559e+02
3.3712470112e+02
2.6285631878e+02
3.3779348270e+02
2.6226719996e+02
3.3847629471e+02
2.6167757758e+02
3.3916787999e+02
2.6108705832e+02
3.3985650763e+02
2.6049562751e+02
3.4051974757e+02
2.5990388523e+02
3.4118330291e+02
2.5931889720e+02
3.4186135604e+02
2.5873341172e+02
3.4255008495e+02
2.5815340146e+02
3.4323746092e+02
2.5758141386e+02
3.4390720088e+02
2.5700907454e+02
3.4457729010e+02
2.5643005480e+02
3.4525021914e+02
2.5584934819e+02
3.4592560025e+02
2.5527717437e+02
3.4660073118e+02
2.5471968570e+02
3.4725987071e+02
2.5416180293e+02
3.4791936600e+02
2.5359585257e+02
3.4858863835e+02
2.5302726658e+02
3.4926779183e+02
2.5246614896e+02
3.4994718257e+02
3.5061152233e+02
2.5192069486e+02
3.5127632804e+02
2.5137484513e+02
3.5194148278e+02
2.5081967671e+02
3.5260693517e+02
2.5026141949e+02
3.5327270971e+02
2.4971037105e+02
3.5393440158e+02
2.4917751861e+02
3.5459648949e+02
2.4864420662e+02
3.5525665488e+02
2.4811636443e+02
3.5591387923e+02
2.4758945915e+02
3.5657143910e+02
2.4705860362e+02
3.5723605395e+02
2.4651719246e+02
3.5790224778e+02
2.4597540706e+02
3.5856052382e+02
2.4545755601e+02
3.5920519094e+02
2.4494734367e+02
3.5985022122e+02
2.4443324402e+02
3.6050640909e+02
2.4390623363e+02
3.6116536382e+02
2.4337876907e+02
3.6182089937e+02
2.4285980226e+02
3.6246904497e+02
3.6311756453e+02
2.4234352338e+02
3.6376024256e+02
2.4183075333e+02
3.6440222240e+02
2.4133730773e+02
3.6504650363e+02
2.4084336144e+02
3.6569567536e+02
2.4034575391e+02
3.6634524297e+02
2.3984534862e+02
3.6697713693e+02
2.3934598889e+02
3.6760435011e+02
2.3885701464e+02
3.6823766988e+02
2.3836752384e+02
3.6888814080e+02
2.3788549667e+02
3.6953896220e+02
2.3740747791e+02
3.7017465650e+02
2.3692851925e+02
3.7080565627e+02
2.3644569731e+02
3.7143802099e+02
2.3596234734e+02
3.7207415271e+02
2.3549111061e+02
3.7271069309e+02
3.7334186151e+02
2.3502821136e+02
3.7397131060e+02
2.3456458830e+02
3.7460073079e+02
2.3409863601e+02
3.7522810648e+02
2.3363214969e+02
3.7585591355e+02
2.3317061481e+02
3.7647680425e+02
2.3271256742e+02
3.7709455165e+02
2.3225398617e+02
3.7771303229e+02
2.3180709452e+02
3.7833355701e+02
2.3135963012e+02
3.7895450041e+02
2.3092282785e+02
3.7957991160e+02
2.3049672638e+02
3.8020900341e+02
2.3006999192e+02
3.8083576456e+02
2.2962475994e+02
3.8143439590e+02
3.8203348431e+02
2.2917849390e+02
3.8264697393e+02
2.2874108862e+02
3.8327198116e+02
2.2831319203e+02
3.8389596092e+02
2.2788463460e+02
3.8449087700e+02
2.2746817842e+02
3.8508626930e+02
2.2705213084e+02
3.8568570067e+02
2.2663002459e+02
3.8628909282e+02
2.2619777199e+02
3.8689296642e+02
2.2576476487e+02
3.8749322648e+02
2.2536701053e+02
3.8809395468e+02
2.2497312547e+02
3.8869125303e+02
2.2457895048e+02
3.8928544395e+02
3.8988016828e+02
2.2418422368e+02
3.9047379938e+02
2.2378881703e+02
3.9106785710e+02
2.2339335914e+02
3.9165956912e+02
2.2299740594e+02
3.9224884920e+02
2.2260655110e+02
3.9283867461e+02
2.2222600530e+02
3.9342194302e+02
2.2184478347e+02
3.9400516210e+02
2.2146365267e+02
3.9458855133e+02
2.2108208083e+02
3.9517251398e+02
2.2070649141e+02
3.9575702837e+02
2.2034568107e+02
3.9633066559e+02
3.9690337975e+02
2.1998417179e+02
3.9747940051e+02
2.1961543213e+02
3.9806158688e+02
2.1924417144e+02
3.9864436698e+02
2.1887718512e+02
3.9920575947e+02
2.1852198368e+02
3.9976374218e+02
2.1816608694e+02
4.0032753461e+02
2.1781231892e+02
4.0090364580e+02
2.1745896774e+02
4.0148035738e+02
2.1710775550e+02
4.0203483667e+02
2.1676512323e+02
4.0258442256e+02
4.0313824195e+02
2.1642176733e+02
4.0370257831e+02
2.1608402103e+02
4.0426750426e+02
2.1574850454e+02
4.0481970529e+02
2.1541480461e+02
4.0536842473e+02
2.1509149178e+02
4.0591502665e+02
2.1476746699e+02
4.0645448174e+02
2.1444273319e+02
4.0699450683e+02
2.1411734680e+02
4.0753898299e+02
2.1379281023e+02
4.0808544850e+02
4.0863010022e+02
2.1347544929e+02
4.0916726565e+02
2.1315734718e+02
4.0970501714e+02
2.1284831888e+02
4.1023807090e+02
2.1254499887e+02
4.1076926549e+02
2.1224150072e+02
4.1129986213e+02
2.1193939061e+02
4.1182615050e+02
2.1163654341e+02
4.1235302300e+02
2.1133951305e+02
4.1287654983e+02
2.1104683866e+02
4.1339848391e+02
4.1391995120e+02
2.1075383661e+02
4.1443617624e+02
2.1046113398e+02
4.1495299788e+02
2.1016768400e+02
4.1546442444e+02
2.0988405601e+02
4.1597252141e+02
2.0960928154e+02
4.1648121084e+02
2.0933395359e+02
4.1699286873e+02
2.0906739486e+02
4.1750513571e+02
2.0880005788e+02
4.1800377750e+02
4.1849206758e+02
2.0853163277e+02
4.1898130932e+02
2.0826218106e+02
4.1948333141e+02
2.0799211284e+02
4.1998597996e+02
2.0772743294e+02
4.2047673683e+02
2.0746174341e+02
4.2095677720e+02
2.0720213237e+02
4.2143729117e+02
2.0695035055e+02
4.2190830638e+02
2.0669786339e+02
4.2237992802e+02
4.2285418977e+02
2.0646260941e+02
4.2333120470e+02
2.0622798230e+02
4.2380880593e+02
2.0598984411e+02
4.2426650904e+02
2.0574693719e+02
4.2472421083e+02
2.0550337638e+02
4.2518288153e+02
2.0526289338e+02
4.2564258961e+02
2.0502163693e+02
4.2610289486e+02
4.2654470063e+02
2.0478973744e+02
4.2698567288e+02
2.0457484044e+02
4.2742640804e+02
2.0435920502e+02
4.2786648227e+02
2.0414053432e+02
4.2830716216e+02
2.0392042519e+02
4.2873522943e+02
2.0370643561e+02
4.2916234443e+02
2.0350616500e+02
4.2958612804e+02
4.3000358445e+02
2.0330514539e+02
4.3042166201e+02
2.0310364003e+02
4.3082766157e+02
2.0290109836e+02
4.3123208372e+02
2.0270311255e+02
4.3163471857e+02
2.0251797424e+02
4.3203288857e+02
2.0233206094e+02
4.3243169848e+02
2.0215246024e+02
4.3280981917e+02
4.3318344978e+02
2.0197395828e+02
4.3355739041e+02
2.0179763667e+02
4.3393109857e+02
2.0162993277e+02
4.3430545438e+02
2.0146140799e+02
4.3466144524e+02
2.0130632442e+02
4.3501234611e+02
2.0115562630e+02
4.3536016903e+02
2.0100598499e+02
4.3569692232e+02
4.3603435096e+02
2.0086309900e+02
4.3635911066e+02
2.0071933270e+02
4.3667963341e+02
2.0059998910e+02
4.3699541210e+02
2.0049136154e+02
4.3729033804e+02
2.0038267394e+02
4.3758597091e+02
2.0027754279e+02
4.3786789655e+02
4.3814402940e+02
2.0017151177e+02
4.3841569738e+02
2.0008621647e+02
4.3866108447e+02
2.0001134034e+02
4.3890722311e+02
1.9993998218e+02
4.3913189676e+02
1.9990059793e+02
4.3934514103e+02
1.9986015987e+02
4.3955420158e+02
1.9985584997e+02
4.3972800263e+02
4.3990261613e+02
1.9987474180e+02
4.4004724502e+02
1.9989792702e+02
4.4017265119e+02
1.9998163804e+02
4.4029212781e+02
2.0006422272e+02
4.4033508714e+02
2.0023202163e+02
4.4037897694e+02
2.0046645338e+02
4.4032981281e+02
4.4020773898e+02
2.0069716358e+02
4.4009233925e+02
2.0086456006e+02
4.4011521679e+02
2.0103026330e+02
4.4013945329e+02
2.0232826489e+02
4.3879800489e+02
2.0469279396e+02
4.3618340024e+02
4.3356816498e+02
2.0705887903e+02
