9.1594695078e-02 3.4027955056e-08
9.1594723644e-02 3.2629049087e-08
9.1594733625e-02 2.8593743283e-08
9.1594725020e-02 2.1922037647e-08
9.1594697831e-02 1.2613932176e-08
9.1594652056e-02 6.6942687156e-10
9.1594693569e-02 -1.8786482992e-08
9.1594734369e-02 -2.6846382849e-08
9.1594749795e-02 -2.9993070741e-08
9.1594766386e-02 -3.0204348224e-08
9.1594784143e-02 -2.7480215297e-08
9.1594803065e-02 -2.1820671960e-08
9.1594823152e-02 -1.3225718214e-08
9.1594782528e-02 2.2607315471e-09
9.1594747249e-02 1.2497548942e-08
9.1594808896e-02 1.4503809002e-08
9.1594849678e-02 1.6246349788e-08
9.1594869594e-02 1.7725171302e-08
9.1594868645e-02 1.8940273542e-08
9.1594846831e-02 1.9891656509e-08
9.1594804152e-02 2.0579320203e-08
9.1594629819e-02 3.3542317211e-08
9.1594690329e-02 4.2723729169e-08
9.1594731046e-02 4.6664175327e-08
9.1594751970e-02 4.5363655688e-08
9.1594753100e-02 3.8822170249e-08
9.1594734438e-02 2.7039719012e-08
9.1594695982e-02 1.0016301976e-08
9.1594683094e-02 -1.2938463220e-08
9.1594753255e-02 -2.7766723902e-08
9.1594767743e-02 -3.3343715695e-08
9.1594783254e-02 -3.5276649905e-08
9.1594799789e-02 -3.3565526532e-08
9.1594817346e-02 -2.8210345576e-08
9.1594835926e-02 -1.9211107037e-08
9.1594853777e-02 -6.4919503656e-09
9.1594725373e-02 8.4755868623e-09
9.1594794803e-02 8.6592817759e-09
9.1594843399e-02 9.0598613111e-09
9.1594871164e-02 9.6773254680e-09
9.1594878095e-02 1.0511674246e-08
9.1594864195e-02 1.1562907646e-08
9.1594829462e-02 1.2831025668e-08
9.1594693784e-02 2.2450220952e-08
9.1594665377e-02 3.3919771034e-08
9.1594712114e-02 3.9697896413e-08
9.1594738756e-02 3.9601643489e-08
9.1594745301e-02 3.3631012262e-08
9.1594731751e-02 2.1786002732e-08
9.1594698105e-02 4.0666148996e-09
9.1594644363e-02 -1.9527151236e-08
9.1594733271e-02 -4.6359100791e-08
9.1594744394e-02 -5.0995078713e-08
9.1594757323e-02 -5.2369900337e-08
9.1594772059e-02 -5.0483565663e-08
9.1594788601e-02 -4.5336074692e-08
9.1594806950e-02 -3.6927427423e-08
9.1594827106e-02 -2.5257623856e-08
9.1594729463e-02 -1.2030712695e-08
9.1594750209e-02 -5.5089045529e-09
9.1594810558e-02 -2.6774360054e-10
9.1594849167e-02 4.3801020643e-09
9.1594866038e-02 8.4346324417e-09
9.1594861170e-02 1.1895847532e-08
9.1594834562e-02 1.4763747334e-08
9.1594753351e-02 1.8757845435e-08
9.1594615890e-02 2.4125187848e-08
9.1594665011e-02 2.4060299879e-08
9.1594694497e-02 2.0943137475e-08
9.1594704349e-02 1.4773700635e-08
9.1594694566e-02 5.5519893601e-09
9.1594665149e-02 -6.7219963498e-09
9.1594616097e-02 -2.2048256495e-08
9.1594673341e-02 -4.8564264898e-08
9.1594709943e-02 -5.4013234952e-08
9.1594717849e-02 -5.1426245989e-08
9.1594730196e-02 -4.5874164367e-08
9.1594746985e-02 -3.7356990087e-08
9.1594768215e-02 -2.5874723148e-08
9.1594793886e-02 -1.1427363551e-08
9.1594763351e-02 3.8640795415e-09
9.1594692702e-02 1.1576626898e-08
9.1594764552e-02 1.7114787727e-08
9.1594813994e-02 2.1291662256e-08
9.1594841028e-02 2.4107250485e-08
9.1594845656e-02 2.5561552414e-08
9.1594827876e-02 2.5654568045e-08
9.1594787688e-02 2.4386297375e-08
9.1594593571e-02 2.7550778020e-08
9.1594618605e-02 2.9116396992e-08
9.1594656646e-02 2.6936837628e-08
9.1594674129e-02 2.0709731897e-08
9.1594671055e-02 1.0435079798e-08
9.1594647424e-02 -3.8871186689e-09
9.1594603235e-02 -2.2256863503e-08
9.1594602023e-02 -4.8174191450e-08
9.1594671541e-02 -6.3068751075e-08
9.1594676035e-02 -6.2150314787e-08
9.1594684813e-02 -5.8692340594e-08
9.1594697873e-02 -5.2694828499e-08
9.1594715217e-02 -4.4157778500e-08
9.1594736844e-02 -3.3081190597e-08
9.1594762754e-02 -1.9465064791e-08
9.1594608728e-02 -1.6489478277e-08
9.1594685249e-02 -1.2705491387e-08
9.1594748452e-02 -8.8530506884e-09
9.1594790435e-02 -5.0642432078e-09
9.1594811197e-02 -1.3390689452e-09
9.1594810739e-02 2.3224720995e-09
9.1594789061e-02 5.9203799262e-09
9.1594648970e-02 2.1786768178e-08
9.1594559848e-02 3.3361075240e-08
9.1594608080e-02 3.1486700246e-08
9.1594634546e-02 2.5830114947e-08
9.1594639248e-02 1.6391319342e-08
9.1594622183e-02 3.1703134317e-09
9.1594583354e-02 -1.3832902785e-08
9.1594522759e-02 -3.4618329306e-08
9.1594610008e-02 -6.6364416220e-08
9.1594629874e-02 -7.4958533118e-08
9.1594638008e-02 -7.6840843183e-08
9.1594651879e-02 -7.3833059088e-08
9.1594671488e-02 -6.5935180835e-08
9.1594696836e-02 -5.3147208422e-08
9.1594727921e-02 -3.5469141850e-08
9.1594639677e-02 -1.7445804661e-08
9.1594609771e-02 -5.5933424567e-09
9.1594674476e-02 4.3809570540e-09
9.1594718967e-02 1.1661751224e-08
9.1594743246e-02 1.6249040054e-08
9.1594747312e-02 1.8142823543e-08
9.1594731166e-02 1.7343101691e-08
9.1594661225e-02 1.6877717405e-08
9.1594457162e-02 2.3854556617e-08
9.1594509789e-02 2.3238834307e-08
9.1594542591e-02 1.9354451333e-08
9.1594555568e-02 1.2201407693e-08
9.1594548720e-02 1.7797033889e-09
9.1594522048e-02 -1.1910661580e-08
9.1594475551e-02 -2.8869687213e-08
9.1594501290e-02 -5.8320234079e-08
9.1594565514e-02 -7.6802239873e-08
9.1594575175e-02 -8.2034717806e-08
9.1594588278e-02 -8.0857008641e-08
9.1594604824e-02 -7.3269112378e-08
9.1594624814e-02 -5.9271029016e-08
9.1594648246e-02 -3.8862758555e-08
9.1594619790e-02 -1.5425732015e-08
9.1594484142e-02 -6.3108356563e-09
9.1594558392e-02 -5.2121138925e-09
9.1594611845e-02 -3.7717718323e-09
9.1594644500e-02 -1.9898094756e-09
9.1594656359e-02 1.3377317766e-10
9.1594647421e-02 2.5989761274e-09
9.1594617685e-02 5.4057993736e-09
9.1594426131e-02 2.7747111787e-08
9.1594414270e-02 4.3700028335e-08
9.1594465440e-02 5.2121901485e-08
9.1594493284e-02 5.4161226800e-08
9.1594497801e-02 4.9818004279e-08
9.1594478993e-02 3.9092233921e-08
9.1594436858e-02 2.1983915728e-08
9.1594434970e-02 -1.0637832739e-08
9.1594529867e-02 -4.3078651887e-08
9.1594537022e-02 -5.9768330513e-08
9.1594549866e-02 -6.8436655235e-08
9.1594568400e-02 -6.9083626053e-08
9.1594592622e-02 -6.1709242967e-08
9.1594622534e-02 -4.6313505977e-08
9.1594658134e-02 -2.2896415083e-08
9.1594499241e-02 1.6035625443e-10
9.1594527860e-02 6.3258803262e-09
9.1594592764e-02 9.9063294396e-09
9.1594636822e-02 1.3282026333e-08
9.1594660037e-02 1.6452971005e-08
9.1594662406e-02 1.9419163457e-08
9.1594643931e-02 2.2180603689e-08
9.1594514865e-02 2.7922093193e-08
9.1594385858e-02 3.0217757055e-08
9.1594441591e-02 2.6346594001e-08
9.1594474357e-02 1.9902614311e-08
9.1594484156e-02 1.0885817985e-08
9.1594470990e-02 -7.0379497854e-10
9.1594434857e-02 -1.4866224579e-08
9.1594384720e-02 -3.3473233408e-08
9.1594482219e-02 -6.8451653616e-08
9.1594503129e-02 -8.1097111127e-08
9.1594510943e-02 -8.6114072350e-08
9.1594526590e-02 -8.5013173815e-08
9.1594550072e-02 -7.7794415522e-08
9.1594581387e-02 -6.4457797471e-08
9.1594620535e-02 -4.5003319661e-08
9.1594528293e-02 -1.5071713948e-08
9.1594449725e-02 3.7720159322e-09
9.1594517553e-02 1.2532721666e-08
9.1594561044e-02 1.8488545378e-08
9.1594580197e-02 2.1639487068e-08
9.1594575014e-02 2.1985546735e-08
9.1594545494e-02 1.9526724380e-08
9.1594491636e-02 1.4263020002e-08
9.1594367431e-02 4.0116781242e-09
9.1594407179e-02 -1.7540429004e-09
9.1594454820e-02 -7.6810229723e-09
9.1594481852e-02 -1.4340948741e-08
9.1594488274e-02 -2.1733820205e-08
9.1594474087e-02 -2.9859637366e-08
9.1594439290e-02 -3.8718400224e-08
9.1594386101e-02 -3.1864632734e-08
9.1594394167e-02 -2.1375457933e-08
9.1594442438e-02 -2.1563855481e-08
9.1594474245e-02 -2.2396797598e-08
9.1594489588e-02 -2.3874284285e-08
9.1594488467e-02 -2.5996315542e-08
9.1594470882e-02 -2.8762891369e-08
9.1594428602e-02 -3.2793133479e-08
9.1594369865e-02 -3.9094440863e-08
9.1594465184e-02 -3.7526889603e-08
9.1594534234e-02 -3.5973775835e-08
9.1594577015e-02 -3.4435099560e-08
9.1594593529e-02 -3.2910860777e-08
9.1594583774e-02 -3.1401059486e-08
9.1594547751e-02 -2.9905695688e-08
9.1594438775e-02 -2.8284025677e-08
9.1594386515e-02 -2.7604555386e-08
9.1594445025e-02 -2.4272093397e-08
9.1594486161e-02 -2.1707407169e-08
9.1594509925e-02 -1.9910496699e-08
9.1594516316e-02 -1.8881361989e-08
9.1594505333e-02 -1.8620003038e-08
9.1594476978e-02 -1.9126419847e-08
9.1594386665e-02 -8.7433700166e-09
9.1594321559e-02 1.0484158368e-09
9.1594373841e-02 4.6566029708e-09
9.1594403749e-02 7.0922767766e-09
9.1594411283e-02 8.3554372542e-09
9.1594396443e-02 8.4460844037e-09
9.1594359230e-02 7.3642182250e-09
9.1594299643e-02 5.1098387182e-09
9.1594336298e-02 3.8846534805e-10
9.1594403785e-02 -1.0437757822e-09
9.1594454242e-02 -7.9014412816e-10
9.1594486962e-02 1.7841138395e-09
9.1594501945e-02 6.6789981207e-09
9.1594499191e-02 1.3894508716e-08
9.1594478700e-02 2.3430645624e-08
9.1594440471e-02 3.5287408846e-08
9.1594418791e-02 4.9133703978e-08
9.1594428020e-02 5.0932149881e-08
9.1594426556e-02 4.7767488293e-08
9.1594413722e-02 4.2118316397e-08
9.1594389519e-02 3.3984634193e-08
9.1594353947e-02 2.3366441681e-08
9.1594307006e-02 1.0263738862e-08
9.1594253776e-02 -7.5321133117e-09
9.1594337318e-02 -1.2759511468e-08
9.1594397531e-02 -1.5691256215e-08
9.1594426392e-02 -1.6968685158e-08
9.1594423900e-02 -1.6591798296e-08
9.1594390056e-02 -1.4560595629e-08
9.1594324859e-02 -1.0875077157e-08
9.1594281692e-02 -5.5912411689e-09
9.1594360592e-02 -7.4400720370e-09
9.1594421145e-02 -9.6467774679e-09
9.1594446637e-02 -1.1287746744e-08
9.1594437067e-02 -1.2362979864e-08
9.1594392436e-02 -1.2872476829e-08
9.1594312744e-02 -1.2816237640e-08
9.1594244215e-02 -2.1632117705e-08
9.1594252742e-02 -3.4967071676e-08
9.1594258858e-02 -3.8902748936e-08
9.1594265686e-02 -4.2282732861e-08
9.1594273226e-02 -4.5107023452e-08
9.1594281479e-02 -4.7375620709e-08
9.1594290444e-02 -4.9088524630e-08
9.1594261653e-02 -4.3140127116e-08
9.1594244320e-02 -3.9405677346e-08
9.1594306718e-02 -3.9814607652e-08
9.1594340659e-02 -4.0284506188e-08
9.1594346142e-02 -4.0815372954e-08
9.1594323167e-02 -4.1407207949e-08
9.1594271734e-02 -4.2060011175e-08
9.1594205294e-02 -4.5621288917e-08
9.1594184257e-02 -5.5680848445e-08
9.1594280237e-02 -5.5994509788e-08
9.1594354341e-02 -5.3750307809e-08
9.1594404299e-02 -4.9037563066e-08
9.1594430109e-02 -4.1856275560e-08
9.1594431773e-02 -3.2206445290e-08
9.1594409290e-02 -2.0088072257e-08
9.1594320922e-02 -3.5374209803e-09
9.1594252227e-02 6.9167476696e-09
9.1594314633e-02 1.5296303796e-08
9.1594359884e-02 2.1791065740e-08
9.1594387981e-02 2.6401033503e-08
9.1594398924e-02 2.9126207084e-08
9.1594392713e-02 2.9966586484e-08
9.1594369348e-02 2.8922171702e-08
9.1594287457e-02 3.6062525016e-08
9.1594214017e-02 4.4184890099e-08
9.1594277008e-02 4.0418015960e-08
9.1594316166e-02 3.6524400540e-08
9.1594331491e-02 3.2504043840e-08
9.1594322982e-02 2.8356945859e-08
9.1594290641e-02 2.4083106597e-08
9.1594234465e-02 1.9682526055e-08
9.1594259383e-02 1.8132432100e-08
9.1594343275e-02 2.0048383835e-08
9.1594416879e-02 2.2031869244e-08
9.1594463519e-02 2.3763048453e-08
9.1594483195e-02 2.5241921459e-08
9.1594475906e-02 2.6468488264e-08
9.1594441653e-02 2.7442748867e-08
9.1594380436e-02 2.8164703269e-08
9.1594377525e-02 3.9056972072e-08
9.1594410439e-02 4.9080092791e-08
9.1594427021e-02 5.7296791466e-08
9.1594424164e-02 6.3953167895e-08
9.1594401869e-02 6.9049222078e-08
9.1594360136e-02 7.2584954016e-08
9.1594298965e-02 7.4560363708e-08
9.1594218356e-02 7.4975451155e-08
9.1594171526e-02 6.6122318617e-08
9.1594180447e-02 5.0111601400e-08
9.1594187631e-02 3.5770328637e-08
9.1594193079e-02 2.3098500326e-08
9.1594196791e-02 1.2096116468e-08
9.1594198765e-02 2.7631770627e-09
9.1594197221e-02 -4.8286030849e-09
9.1594363194e-02 -1.4126199804e-08
9.1594495664e-02 -2.5024949064e-08
9.1594558299e-02 -3.7200415575e-08
9.1594551100e-02 -5.0652599337e-08
9.1594474067e-02 -6.5381500350e-08
9.1594327199e-02 -8.1387118614e-08
9.1594302570e-02 -9.5670770129e-08
9.1594341367e-02 -9.6781622416e-08
9.1594326611e-02 -9.2954665185e-08
9.1594326369e-02 -8.7457738243e-08
9.1594340642e-02 -8.0290841591e-08
9.1594369430e-02 -7.1453975228e-08
9.1594412732e-02 -6.0947139155e-08
9.1594390399e-02 -3.8034182721e-08
9.1594326772e-02 -1.9086579046e-08
9.1594382973e-02 -9.5671363323e-09
9.1594413037e-02 -3.2913692453e-09
9.1594416966e-02 -2.5927778513e-10
9.1594394758e-02 -4.7086195168e-10
9.1594346415e-02 -3.9261217450e-09
9.1594280550e-02 -1.2953872210e-08
9.1594248396e-02 -2.6894436373e-08
9.1594318100e-02 -3.3165249009e-08
9.1594384343e-02 -3.8036278438e-08
9.1594428217e-02 -4.1837874225e-08
9.1594449721e-02 -4.4570036368e-08
9.1594448856e-02 -4.6232764868e-08
9.1594425621e-02 -4.6826059725e-08
9.1594337344e-02 -3.9706130984e-08
9.1594236460e-02 -3.3667449025e-08
9.1594291372e-02 -2.6554286045e-08
9.1594331356e-02 -1.9757415009e-08
9.1594356411e-02 -1.3276835920e-08
9.1594366538e-02 -7.1125487754e-09
9.1594361735e-02 -1.2645535766e-09
9.1594342005e-02 4.2671496768e-09
9.1594247724e-02 1.8516479325e-08
9.1594139852e-02 3.4169881224e-08
9.1594195478e-02 3.9935504185e-08
9.1594232910e-02 4.3410390222e-08
9.1594249152e-02 4.4742727460e-08
9.1594244204e-02 4.3932515898e-08
9.1594218066e-02 4.0979755538e-08
9.1594170739e-02 3.5884446379e-08
9.1594198069e-02 2.7352359649e-08
9.1594278835e-02 2.6978315539e-08
9.1594350786e-02 2.9793387219e-08
9.1594398588e-02 3.2596142236e-08
9.1594422241e-02 3.5386580589e-08
9.1594421746e-02 3.8164702280e-08
9.1594397102e-02 4.0930507308e-08
9.1594348309e-02 4.3683995672e-08
9.1594327099e-02 4.3138971142e-08
9.1594360904e-02 5.4760008814e-08
9.1594385904e-02 6.6474412565e-08
9.1594389269e-02 7.3971340028e-08
9.1594370999e-02 7.7250791200e-08
9.1594331095e-02 7.6312766084e-08
9.1594269556e-02 7.1157264678e-08
9.1594186382e-02 6.1784286983e-08
9.1594143618e-02 5.0065240254e-08
9.1594142853e-02 3.8255768946e-08
9.1594145095e-02 2.5737103117e-08
9.1594150343e-02 1.2509242768e-08
9.1594158598e-02 -1.4278121018e-09
9.1594169859e-02 -1.6074061492e-08
9.1594177409e-02 -3.0832781036e-08
9.1594320261e-02 -3.3952519066e-08
9.1594445086e-02 -3.7628066958e-08
9.1594501303e-02 -4.3780832810e-08
9.1594488913e-02 -5.2410816622e-08
9.1594407916e-02 -6.3518018394e-08
9.1594258312e-02 -7.7102438126e-08
9.1594251697e-02 -9.9459659997e-08
9.1594309214e-02 -1.0895156765e-07
9.1594308677e-02 -1.0804634732e-07
9.1594315556e-02 -1.0584528209e-07
9.1594329853e-02 -1.0234837196e-07
9.1594351565e-02 -9.7555616924e-08
9.1594380695e-02 -9.1467016986e-08
9.1594327987e-02 -6.9331919712e-08
9.1594256002e-02 -5.2094967907e-08
9.1594313708e-02 -3.9540712622e-08
9.1594353760e-02 -2.8173880598e-08
9.1594376159e-02 -1.7994471834e-08
9.1594380905e-02 -9.0024863295e-09
9.1594367997e-02 -1.1979240858e-09
9.1594331366e-02 4.5556534557e-09
9.1594274409e-02 6.0478330256e-09
9.1594280440e-02 3.9001479154e-09
9.1594297413e-02 -1.4053623635e-10
9.1594301239e-02 -4.9386586596e-09
9.1594291918e-02 -1.0494219354e-08
9.1594269450e-02 -1.6807218320e-08
9.1594233835e-02 -2.3877655558e-08
9.1594248854e-02 -3.4750635887e-08
9.1594300530e-02 -4.3834477297e-08
9.1594314210e-02 -4.0995641779e-08
9.1594327932e-02 -3.7647553384e-08
9.1594342834e-02 -3.4052889092e-08
9.1594358916e-02 -3.0211648904e-08
9.1594376178e-02 -2.6123832818e-08
9.1594375434e-02 -2.0841140647e-08
9.1594239735e-02 -1.3477670881e-08
9.1594137509e-02 -1.4966708012e-08
9.1594183546e-02 -2.1999426485e-08
9.1594209882e-02 -2.5621348708e-08
9.1594216517e-02 -2.5832474681e-08
9.1594203451e-02 -2.2632804404e-08
9.1594170685e-02 -1.6022337878e-08
9.1594118219e-02 -6.0010751017e-09
9.1594125251e-02 -1.0670426458e-08
9.1594201853e-02 -1.2335207366e-08
9.1594318591e-02 -9.7935477759e-09
9.1594398138e-02 -2.5795520656e-09
9.1594440494e-02 9.3067797647e-09
9.1594445659e-02 2.5865447715e-08
9.1594413634e-02 4.7096451785e-08
9.1594392703e-02 7.2096188288e-08
9.1594496072e-02 8.9487338968e-08
9.1594569001e-02 9.3534206928e-08
9.1594592756e-02 8.6530367407e-08
9.1594579931e-02 7.7711969058e-08
9.1594530526e-02 6.7079011880e-08
9.1594444542e-02 5.4631495873e-08
9.1594321979e-02 4.0369421037e-08
9.1594189432e-02 2.8803674566e-08
9.1594176697e-02 2.9938315858e-08
9.1594169080e-02 2.4569991605e-08
9.1594157287e-02 1.6821936597e-08
9.1594141316e-02 6.6941508328e-09
9.1594121168e-02 -5.8133656869e-09
9.1594096842e-02 -2.0700612962e-08
9.1594070355e-02 -3.5936666221e-08
9.1594216465e-02 -4.1649432892e-08
9.1594344478e-02 -4.9008603816e-08
9.1594398057e-02 -5.7614136561e-08
9.1594377202e-02 -6.7466031125e-08
9.1594281911e-02 -7.8564287509e-08
9.1594112187e-02 -9.0908905712e-08
9.1594102745e-02 -1.0312116643e-07
9.1594174720e-02 -1.0774326467e-07
9.1594166784e-02 -1.1135470042e-07
9.1594168845e-02 -1.1371666085e-07
9.1594180901e-02 -1.1482914598e-07
9.1594202953e-02 -1.1469215579e-07
9.1594235000e-02 -1.1330569029e-07
9.1594191359e-02 -8.9876922873e-08
9.1594102396e-02 -6.9715761583e-08
9.1594175972e-02 -5.2376524685e-08
9.1594227101e-02 -3.6169658213e-08
9.1594255782e-02 -2.1095162169e-08
9.1594262016e-02 -7.1530365531e-09
9.1594245802e-02 5.6567186355e-09
9.1594203229e-02 1.9891067638e-08
9.1594148127e-02 4.2996253485e-08
9.1594146376e-02 5.8957075371e-08
9.1594164423e-02 6.9291843238e-08
9.1594169709e-02 7.8687014704e-08
9.1594162235e-02 8.7142589770e-08
9.1594141999e-02 9.4658568436e-08
9.1594109004e-02 1.0123495070e-07
9.1594113279e-02 1.0291340052e-07
9.1594148510e-02 1.0171846047e-07
9.1594154074e-02 1.0374111422e-07
9.1594160579e-02 1.0617547207e-07
9.1594174558e-02 1.0835852849e-07
9.1594196009e-02 1.1029028347e-07
9.1594224935e-02 1.1197073702e-07
9.1594261333e-02 1.1339988914e-07
9.1594158178e-02 1.1814561727e-07
9.1594046632e-02 1.1783625772e-07
