1.1770289986e-03 1.7642294785e-06
8.3078011387e-04 3.9698262039e-06
1.1514655016e-03 -1.7559672903e-06
1.0498258896e-04 1.9661874583e-06
7.4438747077e-04 -2.7537661593e-06
7.1804017299e-04 4.8051524121e-06
6.4095153326e-05 8.2002105604e-07
1.1425677276e-03 9.6552849154e-06
8.0577446584e-04 -4.1609036128e-06
1.1897267319e-03 1.3107163729e-05
1.1680280053e-03 -9.7045123160e-06
8.5761889846e-04 1.2073767385e-05
1.1544305272e-03 -1.3247271451e-05
1.3843201229e-04 3.5962528865e-06
7.6229706258e-04 -1.0663075647e-05
6.9506007077e-04 1.1622271942e-05
2.6136701588e-05 5.3304372706e-07
1.1379654291e-03 2.0622434725e-05
7.7933458061e-04 -1.1498482413e-05
1.1973770219e-03 2.4374804695e-05
1.1537221509e-03 -2.0650575776e-05
8.7751597278e-04 2.0407796862e-05
1.1544957299e-03 -2.4074414563e-05
1.7388634499e-04 5.6245559305e-06
7.8066224727e-04 -1.8098742842e-05
6.7360578288e-04 1.5588901329e-05
2.7471398277e-05 -2.6076346618e-08
1.1322574710e-03 2.9459018326e-05
7.5339474437e-04 -1.8955134174e-05
1.2030327529e-03 3.6580943009e-05
1.1403384978e-03 -3.1708068700e-05
8.9817598913e-04 3.0438770261e-05
1.1537001346e-03 -3.5032948302e-05
2.1122563497e-04 9.1673400852e-06
7.9545835301e-04 -2.6030385242e-05
6.3514636901e-05 -1.6058151947e-06
6.4654304297e-04 2.3503165658e-05
7.2784596727e-04 -2.3648136032e-05
1.1207130121e-03 4.2273026959e-05
1.1285257280e-03 -4.1046120077e-05
1.2092489541e-03 4.9499629208e-05
1.1589338626e-03 -4.7306603378e-05
9.2256403044e-04 4.1655316038e-05
8.1614696585e-04 -3.6370883862e-05
2.4611749976e-04 1.3550194827e-05
9.0240455189e-05 -3.9129037275e-06
6.1609786831e-04 2.8602512158e-05
6.0911149395e-04 -2.6549032367e-05
1.1074236360e-03 5.2638650245e-05
1.0666199859e-03 -4.9831732015e-05
1.2134550958e-03 6.1442409963e-05
1.1842289752e-03 -5.7951699597e-05
9.4182122170e-04 5.1075359954e-05
8.2716097588e-04 -4.2085701192e-05
2.8226170346e-04 1.7738205484e-05
1.3806400857e-04 -6.9416144204e-06
5.8839339440e-04 3.3436428016e-05
6.6459059437e-04 -3.5703235141e-05
1.0933915131e-03 6.3032467712e-05
1.0868060130e-03 -6.1147392786e-05
1.2138534807e-03 7.3732345592e-05
1.1496751469e-03 -6.7692596312e-05
9.6053338264e-04 6.2001231065e-05
8.4559207455e-04 -5.2181785966e-05
3.1643332202e-04 2.3095015230e-05
1.7056556209e-04 -1.1012283275e-05
5.5956932539e-04 3.8282217429e-05
6.3889055122e-04 -4.0402522908e-05
1.0801802638e-03 7.3854472031e-05
1.0734139186e-03 -7.0284996817e-05
1.2141748751e-03 8.5598529281e-05
1.1427889212e-03 -7.7655901654e-05
9.7448024815e-04 7.1676273351e-05
8.5360700961e-04 -6.0208586594e-05
3.4739780907e-04 2.8134154847e-05
2.0123122020e-04 -1.4591514332e-05
5.2961250923e-04 4.1617748132e-05
6.0364738657e-04 -4.1760391896e-05
1.0659404518e-03 8.3490333785e-05
1.0499880331e-03 -7.6530998394e-05
1.2133543903e-03 9.7890564874e-05
1.1383054161e-03 -8.7927567247e-05
9.8565364983e-04 8.3260806789e-05
8.6629517340e-04 -6.9320685246e-05
3.7737157477e-04 3.4834738308e-05
2.3428276646e-04 -1.9485233994e-05
4.9561966882e-04 4.4212351802e-05
5.7314472922e-04 -4.7067763788e-05
1.0448047633e-03 9.2295293192e-05
1.0284550559e-03 -8.6659588833e-05
1.2111793377e-03 1.0990947879e-04
1.1285081216e-03 -9.8191636287e-05
1.0037787709e-03 9.4537351927e-05
8.7251798292e-04 -7.8772072361e-05
4.0880478953e-04 4.1456536589e-05
2.6184841656e-04 -2.4771247953e-05
4.6178794999e-04 4.6297916743e-05
5.4799895660e-04 -5.0322348885e-05
1.0259546462e-03 1.0135748274e-04
1.0137473013e-03 -9.4821205428e-05
1.2052678828e-03 1.2184456920e-04
1.1177807431e-03 -1.0735212024e-04
1.0121580391e-03 1.0615547417e-04
8.7752768511e-04 -8.6788811766e-05
4.3827144431e-04 4.9169355507e-05
2.9064825135e-04 -2.9886451386e-05
4.3195180600e-04 4.8263237041e-05
5.1234722055e-04 -5.1635545493e-05
1.0071273916e-03 1.1014438099e-04
9.8542749337e-04 -1.0106789917e-04
1.1967527234e-03 1.3391530440e-04
1.1097299773e-03 -1.1698563085e-04
1.0244767739e-03 1.1922096911e-04
8.9627709306e-04 -9.7413523889e-05
3.2350496456e-04 -3.6591187184e-05
4.6761110679e-04 5.8040444654e-05
4.7538661407e-04 -5.2700255026e-05
3.9652166974e-04 4.9100956366e-05
9.5677845460e-04 -1.0723739904e-04
9.8494192553e-04 1.1829187105e-04
1.0979168092e-03 -1.2577493585e-04
1.1896070778e-03 1.4513066005e-04
8.9372378779e-04 -1.0532605037e-04
1.0283921884e-03 1.2813040825e-04
3.4517740460e-04 -4.2264597767e-05
4.9279689410e-04 6.4520362487e-05
4.4614240533e-04 -5.3796748637e-05
3.6369660098e-04 4.8917321877e-05
9.3528229193e-04 -1.1347849947e-04
9.6136088976e-04 1.2512746219e-04
1.0838120243e-03 -1.3386708854e-04
1.1807431741e-03 1.5607037985e-04
9.0138508231e-04 -1.1386471896e-04
1.0356022461e-03 1.4047900370e-04
3.7203850522e-04 -4.8566571992e-05
5.1785459105e-04 7.3783091850e-05
4.1257446271e-04 -5.3522156783e-05
3.2863368222e-04 4.8098022318e-05
9.0872163492e-04 -1.1837665770e-04
9.3828047825e-04 1.3176088455e-04
1.0696309132e-03 -1.4192340227e-04
1.1703491472e-03 1.6698503826e-04
8.9715922585e-04 -1.2269726763e-04
1.0420892813e-03 1.5240543227e-04
3.9134142853e-04 -5.5563079949e-05
5.4297350313e-04 8.3024913693e-05
3.8741138614e-04 -5.3764712115e-05
2.9224731402e-04 4.6606566498e-05
8.9269688381e-04 -1.2394792834e-04
9.1071909639e-04 1.3791006219e-04
1.0546435648e-03 -1.4982489526e-04
1.1577552899e-03 1.7727374780e-04
8.9370066975e-04 -1.2962579969e-04
1.0460986310e-03 1.6316308778e-04
4.0953995692e-04 -6.1284562382e-05
5.6446228269e-04 9.1484790224e-05
3.5407251771e-04 -5.3017617513e-05
8.6514875987e-04 -1.2882763284e-04
2.5460927407e-04 4.3900658558e-05
1.0391363296e-03 -1.5689585216e-04
8.8539491941e-04 1.4343293115e-04
8.8986968834e-04 -1.3677661535e-04
1.1458084234e-03 1.8744338859e-04
4.2556630842e-04 -6.7363763688e-05
1.0460977215e-03 1.7448053455e-04
3.2045391096e-04 -5.0875730446e-05
5.8337392944e-04 1.0098097201e-04
8.3908025988e-04 -1.3204474790e-04
2.1904282296e-04 4.0897423575e-05
1.0246749652e-03 -1.6378066896e-04
8.5767130402e-04 1.4811359468e-04
8.9242328078e-04 -1.4543956715e-04
1.1300423092e-03 1.9687274686e-04
4.4734217788e-04 -7.5082550695e-05
1.0469270277e-03 1.8576590144e-04
2.8737596093e-04 -4.8647839590e-05
6.0342274963e-04 1.1077506495e-04
8.0742924484e-04 -1.3453594164e-04
1.8303164300e-04 3.7113571359e-05
1.0042111844e-03 -1.6965289826e-04
8.3024949766e-04 1.5259561578e-04
8.9223247913e-04 -1.5517355476e-04
1.1132794403e-03 2.0562123838e-04
4.6807035959e-04 -8.4257236246e-05
1.0424206765e-03 1.9494469590e-04
2.5414313072e-04 -4.5880469046e-05
6.1854219277e-04 1.1901627257e-04
7.7525604421e-04 -1.3644373664e-04
1.4786958467e-04 3.2176243613e-05
9.8659174696e-04 -1.7527973606e-04
8.0189157457e-04 1.5506495819e-04
8.9852028682e-04 -1.6129795980e-04
4.9001112901e-04 -8.9869774724e-05
1.0949675500e-03 2.1341899387e-04
2.1804094752e-04 -4.1406815770e-05
1.0399125832e-03 2.0601000537e-04
7.4312450220e-04 -1.3712827558e-04
6.3523092137e-04 1.2946199877e-04
9.6513610729e-04 -1.8016120604e-04
1.1114974946e-04 2.7056337729e-05
8.8350447608e-04 -1.7077428827e-04
7.7180119824e-04 1.5866034211e-04
4.9701209294e-04 -9.9822229458e-05
1.0747132844e-03 2.2160613467e-04
1.9169059539e-04 -3.9037688370e-05
1.0334047334e-03 2.1614806031e-04
7.2156516278e-04 -1.4008043028e-04
6.4902087697e-04 1.3958760423e-04
9.4665477510e-04 -1.8510590290e-04
7.5969789338e-05 2.1232536071e-05
8.7865743342e-04 -1.7367831925e-04
7.4114283054e-04 1.6048139159e-04
5.1192563100e-04 -1.0323144384e-04
1.0537562868e-03 2.2865036818e-04
1.6188591916e-04 -3.4402650068e-05
1.0260359420e-03 2.2529744964e-04
6.9278542821e-04 -1.4011557533e-04
6.6098556925e-04 1.4871528129e-04
9.2700511262e-04 -1.8894618359e-04
4.2250999061e-05 1.4806807229e-05
8.6778800804e-04 -1.7937542966e-04
5.1729809435e-04 -1.0932819211e-04
7.0948871763e-04 1.6139579713e-04
1.2993665748e-04 -2.9579949385e-05
1.0316373433e-03 2.3506325226e-04
6.6796267431e-04 -1.4128820202e-04
1.0185654580e-03 2.3578955986e-04
9.0810607110e-04 -1.9308569432e-04
6.7199007038e-04 1.5993912055e-04
8.5790655683e-04 -1.8463976835e-04
5.2811746471e-06 7.3199976032e-06
5.2561536497e-04 -1.1552900806e-04
6.7826242265e-04 1.6215008756e-04
1.0099106447e-04 -2.4642401190e-05
1.0094894388e-03 2.4112173839e-04
6.3910097904e-04 -1.4063869732e-04
1.0082354076e-03 2.4351489637e-04
8.8582690231e-04 -1.9597007318e-04
6.7967177196e-04 1.6779943503e-04
8.5107389874e-04 -1.9083599854e-04
2.2081880920e-05 1.1202298736e-05
5.3740232104e-04 -1.2307553159e-04
6.4723277423e-04 1.6210136263e-04
7.1510292306e-05 -1.9198443474e-05
9.8453051569e-04 2.4602175273e-04
6.0937590477e-04 -1.3959060162e-04
8.6182053646e-04 -1.9818079976e-04
9.9412403660e-04 2.5096075603e-04
8.4071725801e-04 -1.9578087450e-04
6.8517897154e-04 1.7668524277e-04
5.4604974545e-04 -1.2977658891e-04
5.4541689930e-05 1.9745624437e-05
4.2376771027e-05 -1.3324118945e-05
6.1523125319e-04 1.6124181673e-04
5.7412215090e-04 -1.3674106607e-04
9.5905538692e-04 2.5027072625e-04
8.3641918112e-04 -1.9962471502e-04
9.8123539051e-04 2.5804784114e-04
8.3491102195e-04 -2.0160150681e-04
6.9116803735e-04 1.8523104665e-04
5.5778459538e-04 -1.3730234863e-04
8.4296397262e-05 2.8150571976e-05
1.3838041842e-05 -7.0602504898e-06
5.8213439978e-04 1.5838571757e-04
5.4610355259e-04 -1.3510708266e-04
9.3332347384e-04 2.5315806455e-04
8.1387742492e-04 -2.0134143638e-04
9.6933614992e-04 2.6594205047e-04
8.1979420950e-04 -2.0482735385e-04
5.5784117707e-04 -1.4198395693e-04
6.9603325759e-04 1.9465976978e-04
2.7350722655e-05 -1.0797982157e-05
1.0992254051e-04 3.6355680888e-05
5.2099507874e-04 -1.3351757782e-04
5.4881373408e-04 1.5634656569e-04
7.9139522678e-04 -2.0255029913e-04
9.0697338090e-04 2.5670262254e-04
8.0497726155e-04 -2.0798962406e-04
9.5396855933e-04 2.7262507787e-04
5.6025312117e-04 -1.4732709135e-04
6.9907244907e-04 2.0367759980e-04
5.3212039590e-05 -1.7859412684e-05
1.3857370100e-04 4.5807955866e-05
4.9634568241e-04 -1.3168334301e-04
5.1553173666e-04 1.5304044840e-04
7.6915971733e-04 -2.0352549318e-04
8.7700645586e-04 2.5816263914e-04
7.8641841168e-04 -2.1008325458e-04
9.3528851973e-04 2.7737489368e-04
5.5628941101e-04 -1.5131164812e-04
7.7586181041e-05 -2.5048929139e-05
6.9920305776e-04 2.1108400243e-04
4.6751516533e-04 -1.2840175990e-04
1.6256915005e-04 5.4582011717e-05
7.4430247166e-04 -2.0335268529e-04
4.8287128021e-04 1.4935119674e-04
7.7421270663e-04 -2.1293966207e-04
8.4851208107e-04 2.5962814705e-04
5.5970571712e-04 -1.5630999384e-04
9.1640602176e-04 2.8256318443e-04
9.7896584585e-05 -3.1335451192e-05
6.9641024943e-04 2.1872165606e-04
4.4089983610e-04 -1.2507814336e-04
1.8425725408e-04 6.3515479922e-05
7.2116416815e-04 -2.0318893414e-04
4.4848049450e-04 1.4431852296e-04
7.5547621572e-04 -2.1465614090e-04
8.1785385205e-04 2.5960090811e-04
5.5349221472e-04 -1.6018371161e-04
1.1752766134e-04 -3.8289497974e-05
8.9792009613e-04 2.8691706516e-04
4.1556272688e-04 -1.2178293190e-04
6.9426931331e-04 2.2564249337e-04
6.9788528197e-04 -2.0267019638e-04
2.0431227602e-04 7.1939270235e-05
7.3927787459e-04 -2.1655341805e-04
4.1598942583e-04 1.3904459308e-04
5.5188756112e-04 -1.6465141288e-04
7.8815975338e-04 2.5922008946e-04
1.3610588731e-04 -4.4999644773e-05
8.7668986240e-04 2.9008218776e-04
3.9041663077e-04 -1.1818521413e-04
6.8932332152e-04 2.3181324933e-04
6.7455931388e-04 -2.0176477251e-04
2.2347960829e-04 8.0503532852e-05
7.2197357052e-04 -2.1745793439e-04
3.8391396893e-04 1.3338753999e-04
5.4920329128e-04 -1.6802136565e-04
1.5329322379e-04 -5.1094293603e-05
7.5699665471e-04 2.5787627429e-04
3.5885531395e-04 -1.1224316330e-04
8.5434656936e-04 2.9175737268e-04
6.4468428479e-04 -1.9851083780e-04
6.8327011966e-04 2.3608873885e-04
7.0462775961e-04 -2.1770789161e-04
2.4065817873e-04 8.8031198236e-05
5.4400808722e-04 -1.7033623781e-04
3.5338874542e-04 1.2708165501e-04
1.6767886950e-04 -5.6705267889e-05
7.2718702342e-04 2.5601073117e-04
3.3559504796e-04 -1.0831307247e-04
8.3043289584e-04 2.9332851123e-04
6.2238759239e-04 -1.9712250226e-04
6.7373233589e-04 2.4143841077e-04
6.8364757567e-04 -2.1744652059e-04
5.3359276365e-04 -1.7296181703e-04
2.5536073793e-04 9.6620564029e-05
1.7901158941e-04 -6.2914013176e-05
3.2277762640e-04 1.2043374756e-04
3.1001142308e-04 -1.0320335480e-04
6.9471119566e-04 2.5274573233e-04
5.9670579884e-04 -1.9402690887e-04
8.0254683580e-04 2.9295386709e-04
6.6481303199e-04 -2.1786627129e-04
6.6271271043e-04 2.4512578707e-04
5.3479699105e-04 -1.7847808438e-04
2.6869695604e-04 1.0434774644e-04
1.9649605680e-04 -7.0282983841e-05
2.9082244465e-04 1.1275625095e-04
2.7981885890e-04 -9.6358053884e-05
6.6049946881e-04 2.4841154235e-04
5.6485185152e-04 -1.8889552854e-04
6.4651017437e-04 -2.1675259664e-04
7.7832099310e-04 2.9306270536e-04
5.2527765076e-04 -1.7884659512e-04
6.5128941114e-04 2.4803572911e-04
2.0569365857e-04 -7.4790831265e-05
2.7869850775e-04 1.1105250871e-04
2.5892264868e-04 -9.2131042106e-05
2.6149744227e-04 1.0528397732e-04
5.4339181564e-04 -1.8668318481e-04
6.2941832350e-04 2.4431239514e-04
6.2352014407e-04 -2.1481243393e-04
7.4968038069e-04 2.9148408471e-04
5.1517658158e-04 -1.8055451430e-04
6.3732516974e-04 2.5042321947e-04
2.1458030674e-04 -7.9998088594e-05
2.8659630520e-04 1.1744967916e-04
2.3473137871e-04 -8.6172711526e-05
5.1678566609e-04 -1.8197782938e-04
2.3101106271e-04 9.6559999861e-05
5.9944355559e-04 -2.1132932667e-04
5.9590660439e-04 2.3853752885e-04
4.9959814357e-04 -1.7871535251e-04
7.2084564168e-04 2.8893150267e-04
2.1895589341e-04 -8.3113355683e-05
6.1702376172e-04 2.5017661412e-04
2.0964669744e-04 -8.0014472230e-05
2.9212146619e-04 1.2315133096e-04
4.8836235211e-04 -1.7704207174e-04
2.0602262031e-04 8.9143907900e-05
5.7658911980e-04 -2.0903007114e-04
5.6252935614e-04 2.3193323251e-04
4.8718132354e-04 -1.7996601464e-04
2.2323085426e-04 -8.7977857646e-05
6.8863569715e-04 2.8413448982e-04
1.8207737916e-04 -7.3264701328e-05
6.0046724768e-04 2.4991129128e-04
4.5642857787e-04 -1.7071291791e-04
2.9672033007e-04 1.2793644122e-04
5.5343914357e-04 -2.0560272873e-04
1.7617235257e-04 7.9503936429e-05
4.7838622669e-04 -1.7929025724e-04
5.2667149639e-04 2.2392692906e-04
2.3098317533e-04 -9.1299659267e-05
6.5646079794e-04 2.7892065623e-04
1.6148675645e-04 -6.6766227848e-05
5.7882961856e-04 2.4863926233e-04
4.3046079779e-04 -1.6431275951e-04
5.2701412992e-04 -2.0033390869e-04
2.9737908165e-04 1.3246942269e-04
4.5626486014e-04 -1.7614820915e-04
1.5056003797e-04 7.1138352263e-05
2.2707944763e-04 -9.3115062056e-05
4.9277392583e-04 2.1593428787e-04
1.3895272039e-04 -6.0706173926e-05
6.2113054593e-04 2.7191565967e-04
4.0374198410e-04 -1.5861671052e-04
5.5481028180e-04 2.4534712559e-04
5.0151560387e-04 -1.9583459305e-04
2.9586807841e-04 1.3552546728e-04
4.3929001348e-04 -1.7508594864e-04
2.2701235253e-04 -9.6250383628e-05
1.2380742593e-04 6.1825627459e-05
1.2012875313e-04 -5.4830848702e-05
4.5442143993e-04 2.0557471559e-04
3.7937240520e-04 -1.5225965421e-04
5.8461937511e-04 2.6368157254e-04
4.7312969093e-04 -1.8878258658e-04
5.2866908929e-04 2.4100759415e-04
4.1871941666e-04 -1.6935121704e-04
2.9017691853e-04 1.3722308181e-04
2.2491244128e-04 -9.6230886947e-05
9.6460293706e-05 5.1868563533e-05
9.9544176402e-05 -4.8585019324e-05
4.1432467251e-04 1.9363789020e-04
3.4727047305e-04 -1.4413155672e-04
4.4313497996e-04 -1.8210722490e-04
5.4404418033e-04 2.5285003385e-04
3.9837324048e-04 -1.6655142175e-04
4.9718622656e-04 2.3339732784e-04
2.1990289074e-04 -9.8354169878e-05
2.8091125904e-04 1.3681974350e-04
7.7480641582e-05 -4.3476779911e-05
7.3526317566e-05 4.3163214994e-05
3.1649478696e-04 -1.3788856491e-04
3.7477219478e-04 1.8098510908e-04
4.1271266164e-04 -1.7564661155e-04
4.9893591118e-04 2.3899982149e-04
3.7376030894e-04 -1.6162141681e-04
2.1177997392e-04 -9.7989842810e-05
4.6005777466e-04 2.2243971319e-04
6.0906220198e-05 -3.6828477038e-05
2.6680406784e-04 1.3407591342e-04
2.8805692580e-04 -1.2674672720e-04
5.1343966242e-05 3.4736043765e-05
3.7884865040e-04 -1.6409786473e-04
3.3243237607e-04 1.6665857361e-04
3.4660402912e-04 -1.5304959271e-04
4.4860779729e-04 2.2290840004e-04
2.0184869083e-04 -9.5575527767e-05
4.1550892232e-04 2.1257460869e-04
4.1715655956e-05 -3.1014936162e-05
2.5104035824e-04 -1.1637141455e-04
2.4540304237e-04 1.3367099127e-04
3.3831069129e-04 -1.5248470640e-04
2.8027650760e-05 2.7005581283e-05
3.1560215673e-04 -1.4382406791e-04
2.7794222499e-04 1.4680837478e-04
1.8846209886e-04 -9.2674965527e-05
3.8549149357e-04 1.9939660624e-04
2.3965255536e-05 -2.7246081806e-05
3.6231743610e-04 1.8887226127e-04
2.1524204706e-04 -1.0847037221e-04
2.9438930880e-04 -1.4158674502e-04
2.1783085096e-04 1.1924155920e-04
2.7087745482e-04 -1.3471387831e-04
9.0563955092e-06 1.9640095285e-05
1.5995858624e-04 -9.0467172593e-05
2.2163155687e-04 1.2485775480e-04
6.5981880830e-06 -2.4830289663e-05
3.0861012729e-04 1.6740286953e-04
1.7686641931e-04 -9.4412754352e-05
2.8104475324e-04 1.5228332903e-04
2.4261961375e-04 -1.2330905448e-04
1.6339251310e-04 9.5014705701e-05
2.1379761404e-04 -1.1720775229e-04
1.1983044144e-04 -8.1954110283e-05
-1.0102918810e-05 1.7453379220e-05
-1.0844655314e-05 -3.1245374045e-05
1.6171540868e-04 1.0817889309e-04
1.3348741973e-04 -1.2319314666e-04
2.0239704951e-04 1.2251394330e-04
1.6058236487e-04 -1.1643589333e-04
1.1054868407e-04 6.8188465417e-05
5.1332928932e-05 -3.4493922427e-05
1.9479689253e-05 1.7299054056e-05
-3.7294233037e-05 1.1962432141e-05
-3.7229981297e-05 7.5922057617e-06
-2.8180274014e-05 -8.8451377890e-06
