2.6021110848e+02
2.5964595700e+02
2.6077748494e+02
2.5907636785e+02
2.6136255027e+02
2.5849970951e+02
2.6194753185e+02
2.5792295765e+02
2.6253134566e+02
2.5735201705e+02
2.6311525805e+02
2.5678173418e+02
2.6369895799e+02
2.5621038331e+02
2.6426838876e+02
2.5563630498e+02
2.6483780022e+02
2.5506211782e+02
2.6541204636e+02
2.5449968340e+02
2.6599172459e+02
2.5393915579e+02
2.6657146757e+02
2.5337207634e+02
2.6715279773e+02
2.5279127509e+02
2.6773415536e+02
2.5221033685e+02
2.6831493624e+02
2.5165556150e+02
2.6889581299e+02
2.5110654689e+02
2.6947678620e+02
2.5055411201e+02
2.7005703211e+02
2.4999289642e+02
2.7063725030e+02
2.4943152888e+02
2.7121279807e+02
2.4886716678e+02
2.7178237112e+02
2.4830196875e+02
2.7235202821e+02
2.4774076050e+02
2.7294780107e+02
2.4718896701e+02
2.7354650000e+02
2.4663700351e+02
2.7413217235e+02
2.7469764931e+02
2.4608011401e+02
2.7526325142e+02
2.4552142763e+02
2.7585564170e+02
2.4496399404e+02
2.7645243209e+02
2.4440943586e+02
2.7704138244e+02
2.4385466093e+02
2.7761659002e+02
2.4330597630e+02
2.7819195485e+02
2.4275988799e+02
2.7877589069e+02
2.4221420365e+02
2.7936178677e+02
2.4166884117e+02
2.7994534509e+02
2.4112323467e+02
2.8052433103e+02
2.4057767551e+02
2.8110349327e+02
2.4003210628e+02
2.8168555333e+02
2.3948813463e+02
2.8226850730e+02
2.3895221163e+02
2.8285162622e+02
2.3841602325e+02
2.8343657671e+02
2.3787989220e+02
2.8402175608e+02
2.3734377080e+02
2.8459884869e+02
2.3680814991e+02
2.8517313207e+02
2.3627523015e+02
2.8574798543e+02
2.3574203256e+02
2.8632573586e+02
2.3521102524e+02
2.8690370618e+02
2.3468161926e+02
2.8748363700e+02
2.3415304890e+02
2.8806448842e+02
2.3363741850e+02
2.8864395158e+02
2.3312150876e+02
2.8921813429e+02
2.3259798197e+02
2.8979256439e+02
2.3206789332e+02
2.9036831344e+02
2.3153831249e+02
2.9094479960e+02
2.3101549713e+02
2.9152144383e+02
2.3049233798e+02
2.9210116646e+02
2.2997793418e+02
2.9268117365e+02
2.2947253593e+02
2.9325423554e+02
2.2896687979e+02
2.9382300999e+02
2.2844467430e+02
2.9439193664e+02
2.2792121706e+02
2.9496315544e+02
2.2741066507e+02
2.9553464934e+02
2.2691574470e+02
2.9610638009e+02
2.2642052256e+02
2.9667830967e+02
2.2592425521e+02
2.9725014895e+02
2.2542735209e+02
2.9782196914e+02
2.9839408825e+02
2.2492866967e+02
2.9896158797e+02
2.2442768039e+02
2.9952507532e+02
2.2392640605e+02
3.0008857329e+02
2.2343980245e+02
3.0065137651e+02
2.2295430439e+02
3.0121448981e+02
2.2246684360e+02
3.0177780274e+02
2.2197638787e+02
3.0234124532e+02
2.2148562393e+02
3.0290490700e+02
2.2099613821e+02
3.0347699559e+02
2.2050602111e+02
3.0405008555e+02
2.2002435156e+02
3.0461375436e+02
2.1956009998e+02
3.0516598411e+02
2.1909553983e+02
3.0571847948e+02
2.1862075278e+02
3.0626754816e+02
2.1814287602e+02
3.0681685411e+02
2.1766774584e+02
3.0737349024e+02
2.1719987884e+02
3.0794031289e+02
2.1673167351e+02
3.0850738086e+02
2.1626476481e+02
3.0905964739e+02
2.1579742764e+02
3.0961083781e+02
2.1533256407e+02
3.1016284743e+02
2.1487595711e+02
3.1071595875e+02
2.1441896997e+02
3.1126936506e+02
3.1181937935e+02
2.1397310999e+02
3.1236940520e+02
2.1353066959e+02
3.1291714542e+02
2.1308578575e+02
3.1345989744e+02
2.1263315897e+02
3.1400294728e+02
2.1218021553e+02
3.1455110324e+02
2.1172805912e+02
3.1510106697e+02
2.1127501835e+02
3.1564853838e+02
2.1082616050e+02
3.1618941587e+02
2.1039950057e+02
3.1673061397e+02
2.0997243446e+02
3.1726874961e+02
2.0953870012e+02
3.1780655579e+02
2.0910066972e+02
3.1834546581e+02
2.0866457515e+02
3.1888684582e+02
2.0824414801e+02
3.1942855800e+02
2.0782329408e+02
3.1995623732e+02
2.0739996664e+02
3.2047925136e+02
2.0697423034e+02
3.2100709952e+02
2.0654936944e+02
3.2155183503e+02
3.2209689001e+02
2.0613819102e+02
3.2262417565e+02
2.0572657960e+02
3.2314414190e+02
2.0531777937e+02
3.2366691612e+02
2.0491055420e+02
3.2420170143e+02
2.0450300328e+02
3.2473684230e+02
2.0409829647e+02
3.2526229286e+02
2.0369314763e+02
3.2578313115e+02
2.0329086970e+02
3.2630460326e+02
2.0289045974e+02
3.2682784172e+02
2.0248960778e+02
3.2735144217e+02
2.0209742998e+02
3.2786761838e+02
2.0170480181e+02
3.2837951002e+02
2.0131897994e+02
3.2889258217e+02
2.0093976898e+02
3.2941372387e+02
2.0056003817e+02
3.2993523363e+02
2.0017399317e+02
3.3044961225e+02
3.3095919022e+02
1.9978734361e+02
3.3146915692e+02
1.9940181721e+02
3.3197853299e+02
1.9901668430e+02
3.3248827060e+02
1.9863099006e+02
3.3299899315e+02
1.9826637027e+02
3.3351126898e+02
1.9790289081e+02
3.3402385967e+02
1.9753945803e+02
3.3452312940e+02
1.9717591804e+02
3.3502279885e+02
1.9681182600e+02
3.3552245670e+02
1.9645898225e+02
3.3602243171e+02
1.9610715138e+02
3.3652285313e+02
1.9574900810e+02
3.3702118732e+02
1.9537890029e+02
3.3751985010e+02
3.3801702982e+02
1.9500817513e+02
3.3851269189e+02
1.9466442412e+02
3.3900881005e+02
1.9432507036e+02
3.3949625843e+02
1.9398642844e+02
3.3998343286e+02
1.9364936669e+02
3.4047336508e+02
1.9331174016e+02
3.4096765609e+02
1.9297593265e+02
3.4146243130e+02
1.9264019365e+02
3.4194289242e+02
1.9230423853e+02
3.4242193746e+02
1.9196723072e+02
3.4290168860e+02
1.9162962486e+02
3.4338276211e+02
1.9131023151e+02
3.4386431029e+02
3.4434121006e+02
1.9099602604e+02
3.4481762444e+02
1.9067921105e+02
3.4529272092e+02
1.9035425215e+02
3.4576520831e+02
1.9002870926e+02
3.4623817169e+02
1.8971313300e+02
3.4670999947e+02
1.8940098137e+02
3.4718187928e+02
1.8908962224e+02
3.4765143509e+02
1.8878169488e+02
3.4811519524e+02
1.8847317454e+02
3.4857943478e+02
1.8817111928e+02
3.4904175956e+02
1.8787173884e+02
3.4950379572e+02
3.4996640818e+02
1.8757254128e+02
3.5043074035e+02
1.8727524519e+02
3.5089556416e+02
1.8697735580e+02
3.5135060857e+02
1.8668615344e+02
3.5180226504e+02
1.8639838507e+02
3.5225391564e+02
1.8611051573e+02
3.5270482561e+02
1.8582339147e+02
3.5315622985e+02
1.8553566055e+02
3.5360430641e+02
1.8525504020e+02
3.5405110637e+02
1.8497888152e+02
3.5449679485e+02
1.8470248799e+02
3.5493583859e+02
3.5537537971e+02
1.8442632356e+02
3.5581523865e+02
1.8414954937e+02
3.5625546859e+02
1.8387907842e+02
3.5669507779e+02
1.8361334174e+02
3.5712892651e+02
1.8334748797e+02
3.5756328640e+02
1.8308739573e+02
3.5799353872e+02
1.8282669440e+02
3.5842127246e+02
1.8256861743e+02
3.5884870185e+02
1.8231289543e+02
3.5926963098e+02
3.5969107091e+02
1.8205680648e+02
3.6011286783e+02
1.8181332999e+02
3.6053503994e+02
1.8156918441e+02
3.6095685330e+02
1.8132258769e+02
3.6136305628e+02
1.8107350737e+02
3.6176976985e+02
1.8082392525e+02
3.6217909577e+02
1.8058218392e+02
3.6259081452e+02
1.8033974124e+02
3.6300283505e+02
1.8010204057e+02
3.6340152746e+02
1.7987044542e+02
3.6380074190e+02
3.6419868112e+02
1.7963826043e+02
3.6459521284e+02
1.7941156471e+02
3.6499223888e+02
1.7918456710e+02
3.6538161092e+02
1.7896160234e+02
3.6577136336e+02
1.7874493178e+02
3.6615767681e+02
1.7852768247e+02
3.6653953537e+02
1.7830461546e+02
3.6692189924e+02
1.7807988777e+02
3.6729699470e+02
3.6767213006e+02
1.7786273415e+02
3.6804549744e+02
1.7765935929e+02
3.6841598441e+02
1.7745535291e+02
3.6878699313e+02
1.7725560913e+02
3.6914372904e+02
1.7705600659e+02
3.6949915979e+02
1.7685804608e+02
3.6985413761e+02
1.7666425946e+02
3.7020790201e+02
1.7646982934e+02
3.7056219612e+02
1.7628262524e+02
3.7090538905e+02
3.7124711951e+02
1.7609650794e+02
3.7158616590e+02
1.7591272442e+02
3.7191896248e+02
1.7573592701e+02
3.7225230255e+02
1.7555846672e+02
3.7257582757e+02
1.7538871977e+02
3.7289752388e+02
1.7522068257e+02
3.7321658373e+02
1.7505485929e+02
3.7352806329e+02
1.7489748078e+02
3.7384010480e+02
3.7414036872e+02
1.7473941740e+02
3.7443751853e+02
1.7458640222e+02
3.7473218352e+02
1.7443456101e+02
3.7501781823e+02
1.7428636012e+02
3.7530403761e+02
1.7415476014e+02
3.7557748916e+02
1.7402241290e+02
3.7584656523e+02
1.7389984391e+02
3.7611283226e+02
3.7636618620e+02
1.7378118552e+02
3.7662015788e+02
1.7366521291e+02
3.7685615565e+02
1.7356649773e+02
3.7708423960e+02
1.7346698088e+02
3.7730987970e+02
1.7338497599e+02
3.7752015488e+02
1.7331212120e+02
3.7773107581e+02
1.7324171556e+02
3.7792416546e+02
1.7319439035e+02
3.7810784389e+02
3.7828746070e+02
1.7314620080e+02
3.7843332287e+02
1.7312453239e+02
3.7857989658e+02
1.7311969057e+02
3.7869866953e+02
1.7311897094e+02
3.7879950896e+02
1.7317493445e+02
3.7889600465e+02
1.7322990158e+02
3.7893527114e+02
1.7335562193e+02
3.7897533794e+02
3.7894496706e+02
1.7353652780e+02
3.7885977374e+02
1.7371478029e+02
3.7877936992e+02
1.7385262896e+02
3.7879410139e+02
1.7398891412e+02
3.7881021519e+02
1.7513322853e+02
3.7763469850e+02
1.7722937527e+02
3.7534618949e+02
3.7305701907e+02
1.7932719514e+02
