2.6943504927e+02
2.6899544497e+02
2.6988292908e+02
2.6855581566e+02
2.7033709827e+02
2.6810915466e+02
2.7079047618e+02
2.6766171083e+02
2.7123118302e+02
2.6721565079e+02
2.7167188059e+02
2.6677144552e+02
2.7211757633e+02
2.6632720093e+02
2.7256774765e+02
2.6588577854e+02
2.7301781309e+02
2.6544481793e+02
2.7346155227e+02
2.6500320683e+02
2.7390528364e+02
2.6455987690e+02
2.7435521498e+02
2.6411649446e+02
2.7481174502e+02
2.6367670460e+02
2.7526832335e+02
2.6323770221e+02
2.7570997070e+02
2.6280091968e+02
2.7615131671e+02
2.6236907637e+02
2.7659786150e+02
2.6193718535e+02
2.7705079658e+02
2.6149443082e+02
2.7750377516e+02
2.6104858827e+02
2.7795175078e+02
2.6060574824e+02
2.7839940980e+02
2.6017054644e+02
2.7884879497e+02
2.5973527585e+02
2.7930106694e+02
2.5929971195e+02
2.7975340683e+02
2.5886402715e+02
2.8020401621e+02
2.5842910166e+02
2.8065444253e+02
2.5799638385e+02
2.8110206373e+02
2.5756358812e+02
2.8154535221e+02
2.8198868766e+02
2.5713046357e+02
2.8244488086e+02
2.5669718116e+02
2.8290319359e+02
2.5626461337e+02
2.8335908728e+02
2.5583471609e+02
2.8381086684e+02
2.5540473098e+02
2.8426271482e+02
2.5497570831e+02
2.8471287291e+02
2.5454717574e+02
2.8516268553e+02
2.5411804074e+02
2.8561214392e+02
2.5368415536e+02
2.8606101081e+02
2.5325016527e+02
2.8650994713e+02
2.5282559886e+02
2.8696180340e+02
2.5240688749e+02
2.8741451562e+02
2.5198778073e+02
2.8786671116e+02
2.5156452861e+02
2.8831789220e+02
2.5114116991e+02
2.8876915322e+02
2.5071672319e+02
2.8922017922e+02
2.5029148670e+02
2.8967114931e+02
2.4986704790e+02
2.9012170650e+02
2.4945388390e+02
2.9057115744e+02
2.4904060865e+02
2.9102069493e+02
2.4862107532e+02
2.9147242329e+02
2.4819613637e+02
2.9192512832e+02
2.4777150869e+02
2.9237660308e+02
2.4735673847e+02
2.9282268976e+02
2.4694184241e+02
2.9326886322e+02
2.4652675472e+02
2.9371954414e+02
2.4611149698e+02
2.9417260752e+02
2.4569614388e+02
2.9462508944e+02
2.4528468463e+02
2.9507440963e+02
2.4487304118e+02
2.9552383286e+02
2.4446159891e+02
2.9597296859e+02
2.4405045193e+02
2.9642193875e+02
2.4363919926e+02
2.9687084691e+02
2.9731987539e+02
2.4323518698e+02
2.9776901411e+02
2.4283142149e+02
2.9821758702e+02
2.4242632976e+02
2.9866575071e+02
2.4201944689e+02
2.9911381228e+02
2.4161245653e+02
2.9956067045e+02
2.4120719564e+02
3.0000764372e+02
2.4080179422e+02
3.0045486267e+02
2.4039915704e+02
3.0090228749e+02
2.4000129124e+02
3.0134966641e+02
2.3960330377e+02
3.0179613911e+02
2.3920501956e+02
3.0224273307e+02
2.3880635871e+02
3.0268965381e+02
2.3840888286e+02
3.0313688777e+02
2.3801397561e+02
3.0358421904e+02
2.3761894009e+02
3.0402755787e+02
2.3722462502e+02
3.0447101675e+02
2.3683013509e+02
3.0491517832e+02
2.3643723969e+02
3.0536013866e+02
2.3604847044e+02
3.0580520012e+02
2.3565955996e+02
3.0625004841e+02
3.0669511878e+02
2.3527103642e+02
3.0713913215e+02
2.3488230356e+02
3.0758157997e+02
2.3449443940e+02
3.0802414013e+02
2.3410953048e+02
3.0846464347e+02
2.3372446482e+02
3.0890511690e+02
2.3334098628e+02
3.0934669137e+02
2.3295778256e+02
3.0979000124e+02
2.3257563854e+02
3.1023342435e+02
2.3219798195e+02
3.1067341321e+02
2.3182015700e+02
3.1111305706e+02
2.3144344243e+02
3.1155289282e+02
2.3106693270e+02
3.1199295085e+02
2.3069078471e+02
3.1243312958e+02
2.3031718419e+02
3.1287143798e+02
2.2994341133e+02
3.1330955577e+02
2.2957284551e+02
3.1374747823e+02
3.1418469913e+02
2.2920367729e+02
3.1462204431e+02
2.2883428834e+02
3.1506287775e+02
2.2846466489e+02
3.1550500227e+02
2.2809486423e+02
3.1594341510e+02
2.2773399573e+02
3.1637051330e+02
2.2737854711e+02
3.1679774579e+02
2.2702180412e+02
3.1723583298e+02
2.2665405551e+02
3.1767814491e+02
2.2628616776e+02
3.1811751124e+02
2.2592046753e+02
3.1854546715e+02
2.2555575121e+02
3.1897356227e+02
2.2519153611e+02
3.1940931086e+02
2.2484100275e+02
3.1984876666e+02
3.2028617965e+02
2.2449026034e+02
3.2071303530e+02
2.2414085795e+02
3.2114004133e+02
2.2379245280e+02
3.2156805100e+02
2.2344377010e+02
3.2199676448e+02
2.2309062568e+02
3.2242604185e+02
2.2273729327e+02
3.2285810389e+02
2.2239178046e+02
3.2329031762e+02
2.2205406675e+02
3.2371739590e+02
2.2171611595e+02
3.2414139559e+02
2.2136666957e+02
3.2456603340e+02
2.2101668861e+02
3.2499547911e+02
2.2067263182e+02
3.2542507724e+02
3.2585126416e+02
2.2033532474e+02
3.2627511001e+02
2.1999776503e+02
3.2669915843e+02
2.1966126895e+02
3.2712377395e+02
2.1932465273e+02
3.2754854509e+02
2.1898974641e+02
3.2797173959e+02
2.1865703335e+02
3.2839375659e+02
2.1832405640e+02
3.2881597779e+02
2.1799396515e+02
3.2924027395e+02
2.1766403447e+02
3.2966473678e+02
2.1733699290e+02
3.3008440142e+02
2.1701470532e+02
3.3049921388e+02
3.3091421328e+02
2.1669214725e+02
3.3133748387e+02
2.1636675449e+02
3.3176117556e+02
2.1604066592e+02
3.3217985431e+02
2.1571813702e+02
3.3259252394e+02
2.1540274725e+02
3.3300538272e+02
2.1508708377e+02
3.3342365323e+02
2.1476992146e+02
3.3384249574e+02
2.1445221627e+02
3.3425892539e+02
2.1413687737e+02
3.3467200217e+02
2.1382734868e+02
3.3508527716e+02
3.3549705733e+02
2.1351753445e+02
3.3590880323e+02
2.1320784053e+02
3.3632003897e+02
2.1289801383e+02
3.3673055874e+02
2.1258959036e+02
3.3714128441e+02
2.1228539723e+02
3.3755467513e+02
2.1198091078e+02
3.3796869057e+02
2.1167976534e+02
3.3837848281e+02
2.1137971550e+02
3.3877964164e+02
2.1107881496e+02
3.3918100306e+02
3.3958968153e+02
2.1077469295e+02
3.4000024237e+02
2.1047026251e+02
3.4040819700e+02
2.1017822679e+02
3.4080965173e+02
2.0989169690e+02
3.4121131700e+02
2.0960339942e+02
3.4161403309e+02
2.0930662238e+02
3.4201719835e+02
2.0900952447e+02
3.4241961968e+02
2.0872268745e+02
3.4281971079e+02
2.0844134269e+02
3.4322001813e+02
3.4361934861e+02
2.0815888784e+02
3.4401843481e+02
2.0786953347e+02
3.4441668218e+02
2.0757985302e+02
3.4481145421e+02
2.0729969000e+02
3.4520644563e+02
2.0702561975e+02
3.4560184930e+02
2.0675129335e+02
3.4599755116e+02
2.0647621369e+02
3.4639239692e+02
2.0620080794e+02
3.4678247467e+02
3.4717277778e+02
2.0592734559e+02
3.4756310055e+02
2.0565532647e+02
3.4795352505e+02
2.0538325757e+02
3.4834342726e+02
2.0511283484e+02
3.4872897759e+02
2.0484207438e+02
3.4911475889e+02
2.0457482283e+02
3.4950070227e+02
2.0431073095e+02
3.4988681997e+02
2.0404646123e+02
3.5027252684e+02
3.5065253762e+02
2.0378609609e+02
3.5103278391e+02
2.0352538421e+02
3.5141337630e+02
2.0326590150e+02
3.5179428021e+02
2.0300776641e+02
3.5217506166e+02
2.0274931092e+02
3.5255020050e+02
2.0249653595e+02
3.5292558239e+02
2.0224350137e+02
3.5330017578e+02
3.5367407092e+02
2.0199249804e+02
3.5404810768e+02
2.0174414313e+02
3.5441654625e+02
2.0149545702e+02
3.5478523376e+02
2.0124326631e+02
3.5515377257e+02
2.0099027861e+02
3.5552212915e+02
2.0074459266e+02
3.5589072246e+02
2.0050987020e+02
3.5625329859e+02
3.5661597156e+02
2.0027478802e+02
3.5697729403e+02
2.0003404207e+02
3.5733685855e+02
1.9979209377e+02
3.5769667192e+02
1.9955386775e+02
3.5805213747e+02
1.9932246008e+02
3.5840755437e+02
1.9909067410e+02
3.5876111764e+02
1.9886187203e+02
3.5911181475e+02
3.5946276951e+02
1.9863318065e+02
3.5980921602e+02
1.9840629581e+02
3.6015537539e+02
1.9818365092e+02
3.6049926939e+02
1.9796061475e+02
3.6083898501e+02
1.9774038948e+02
3.6117896356e+02
1.9752037201e+02
3.6151538657e+02
1.9730199033e+02
3.6185145870e+02
3.6218611641e+02
1.9708842654e+02
3.6251749759e+02
1.9687444571e+02
3.6284915115e+02
1.9666688588e+02
3.6317490237e+02
1.9646084313e+02
3.6349953427e+02
1.9625546027e+02
3.6382237778e+02
1.9605311724e+02
3.6414022702e+02
3.6445836682e+02
1.9585032968e+02
3.6477075168e+02
1.9565545191e+02
3.6508167092e+02
1.9546309451e+02
3.6539081789e+02
1.9527119155e+02
3.6569376050e+02
1.9508253763e+02
3.6599702050e+02
1.9489339113e+02
3.6629055203e+02
3.6658063667e+02
1.9471458157e+02
3.6686934927e+02
1.9454003074e+02
3.6715165542e+02
1.9436747403e+02
3.6743429942e+02
1.9420755480e+02
3.6770746876e+02
1.9404707799e+02
3.6797654532e+02
1.9389083462e+02
3.6824372808e+02
3.6849957078e+02
1.9373629661e+02
3.6875578799e+02
1.9358577626e+02
3.6900053119e+02
1.9346830969e+02
3.6923923914e+02
1.9335018060e+02
3.6947552982e+02
1.9324820334e+02
3.6969174770e+02
1.9315649118e+02
3.6990840386e+02
3.7011031159e+02
1.9306659338e+02
3.7030294192e+02
1.9300457795e+02
3.7049204040e+02
1.9294177416e+02
3.7063584563e+02
1.9293536327e+02
3.7078021133e+02
1.9297211414e+02
3.7086811453e+02
3.7091227629e+02
1.9300417566e+02
3.7096157522e+02
1.9294563158e+02
3.7111899146e+02
1.9288563082e+02
3.7127739483e+02
1.9404854247e+02
3.7020841376e+02
1.9635414850e+02
3.6799881543e+02
1.9866046438e+02
3.6578894426e+02
