3.9062669417e+01
3.9066014265e+01
3.9069364746e+01
3.9072720924e+01
3.9076082863e+01
3.9079450628e+01
3.9083108949e+01
3.9079423343e+01
3.9071864280e+01
3.9064314146e+01
3.9056773034e+01
3.9049241040e+01
3.9041718258e+01
3.9034204781e+01
3.9026700705e+01
3.9012943896e+01
3.8998701076e+01
3.8981610151e+01
3.8964451449e+01
3.8947303039e+01
3.8930165020e+01
3.8911983809e+01
3.8891964160e+01
3.8872916422e+01
3.8854247006e+01
3.8835586666e+01
3.8815649875e+01
3.8794286201e+01
3.8772825623e+01
3.8751352142e+01
3.8729888685e+01
3.8707375002e+01
3.8683403019e+01
3.8659441537e+01
3.8635996876e+01
3.8612882173e+01
3.8588867770e+01
3.8564122422e+01
3.8539387168e+01
3.8514525160e+01
3.8489272915e+01
3.8464031208e+01
3.8438718357e+01
3.8412388861e+01
3.8386069833e+01
3.8359652611e+01
3.8332971982e+01
3.8306302234e+01
3.8279643447e+01
3.8252463972e+01
3.8224940832e+01
3.8197028232e+01
3.8169126730e+01
3.8141236408e+01
3.8113357347e+01
3.8085633141e+01
3.8057191515e+01
3.8028505747e+01
3.7999830618e+01
3.7971166204e+01
3.7942512579e+01
3.7913349736e+01
3.7883998488e+01
3.7854658518e+01
3.7825170253e+01
3.7795519777e+01
3.7765812064e+01
3.7735301150e+01
3.7704939353e+01
3.7674766262e+01
3.7644604670e+01
3.7614454653e+01
3.7583669493e+01
3.7552621729e+01
3.7521528596e+01
3.7490447325e+01
3.7459377988e+01
3.7428362893e+01
3.7396791016e+01
3.7365181200e+01
3.7333582945e+01
3.7301996322e+01
3.7270421400e+01
3.7238330569e+01
3.7206234051e+01
3.7174002945e+01
3.7141463704e+01
3.7108936518e+01
3.7076302341e+01
3.7043498692e+01
3.7010707451e+01
3.6977928689e+01
3.6944872381e+01
3.6911705125e+01
3.6878111010e+01
3.6844529614e+01
3.6810961007e+01
3.6777405260e+01
3.6743862444e+01
3.6709898184e+01
3.6675638141e+01
3.6641479265e+01
3.6607332770e+01
3.6573198721e+01
3.6539077184e+01
3.6504677502e+01
3.6469946742e+01
3.6435113035e+01
3.6400292085e+01
3.6365483959e+01
3.6330486044e+01
3.6295247932e+01
3.6260023078e+01
3.6224579326e+01
3.6189043436e+01
3.6153462662e+01
3.6117570458e+01
3.6081691782e+01
3.6045826701e+01
3.6009975283e+01
3.5973770789e+01
3.5937256797e+01
3.5900690525e+01
3.5864138072e+01
3.5827733265e+01
3.5791384746e+01
3.5754702255e+01
3.5717641367e+01
3.5680593837e+01
3.5643559726e+01
3.5606539097e+01
3.5569249785e+01
3.5531844299e+01
3.5494417621e+01
3.5456651059e+01
3.5418898250e+01
3.5381037477e+01
3.5343002516e+01
3.5304981710e+01
3.5266975120e+01
3.5228764964e+01
3.5190343800e+01
3.5151635626e+01
3.5112941761e+01
3.5074262269e+01
3.5035597212e+01
3.4996946652e+01
3.4957701098e+01
3.4918525487e+01
3.4879363530e+01
3.4840215285e+01
3.4801080812e+01
3.4761725051e+01
3.4722176096e+01
3.4682329685e+01
3.4642497167e+01
3.4602678600e+01
3.4562721549e+01
3.4522593289e+01
3.4482479352e+01
3.4442366821e+01
3.4401742870e+01
3.4361108653e+01
3.4320389913e+01
3.4279685564e+01
3.4238995666e+01
3.4198320274e+01
3.4157377048e+01
3.4115875926e+01
3.4074516289e+01
3.4033289979e+01
3.3992077286e+01
3.3950878265e+01
3.3909476210e+01
3.3867947864e+01
3.3825994824e+01
3.3784055471e+01
3.3742129858e+01
3.3700156677e+01
3.3658082794e+01
3.3616011174e+01
3.3573469400e+01
3.3530941297e+01
3.3488381519e+01
3.3445709228e+01
3.3403050868e+01
3.3360406490e+01
3.3317629157e+01
3.3274427693e+01
3.3231165997e+01
3.3187915469e+01
3.3144678814e+01
3.3101456080e+01
3.3058247318e+01
3.3014481764e+01
3.2970773719e+01
3.2927078340e+01
3.2883395670e+01
3.2839725756e+01
3.2796046624e+01
3.2751952206e+01
3.2707722956e+01
3.2663506187e+01
3.2619301941e+01
3.2575051234e+01
3.2530767164e+01
3.2486321440e+01
3.2441485763e+01
3.2396662346e+01
3.2351843791e+01
3.2307031511e+01
3.2262231626e+01
3.2217444176e+01
3.2172220383e+01
3.2126822312e+01
3.2081503925e+01
3.2036197533e+01
3.1990903175e+01
3.1945620893e+01
3.1899995710e+01
3.1854176355e+01
3.1808368509e+01
3.1762651917e+01
3.1716972134e+01
3.1671302933e+01
3.1625546246e+01
3.1579366468e+01
3.1533196718e+01
3.1487037028e+01
3.1440887430e+01
3.1394818817e+01
3.1348790066e+01
3.1302139322e+01
3.1255447408e+01
3.1208764961e+01
3.1162223774e+01
3.1115730886e+01
3.1069247442e+01
3.1022564884e+01
3.0975350876e+01
3.0928264040e+01
3.0881382935e+01
3.0834510499e+01
3.0787646759e+01
3.0740579320e+01
3.0693077127e+01
3.0645796295e+01
3.0598523356e+01
3.0551258335e+01
3.0504001255e+01
3.0456578346e+01
3.0408941656e+01
3.0361339383e+01
3.0313780494e+01
3.0266264120e+01
3.0218753728e+01
3.0171342223e+01
3.0123537912e+01
3.0075730685e+01
3.0027928589e+01
2.9980131638e+01
2.9932541097e+01
2.9884727459e+01
2.9836526875e+01
2.9788330556e+01
2.9740221428e+01
2.9692470994e+01
2.9644724559e+01
2.9596851263e+01
2.9548315292e+01
2.9499782497e+01
2.9451555002e+01
2.9403563865e+01
2.9355575440e+01
2.9307589734e+01
2.9258947064e+01
2.9210268078e+01
2.9162105245e+01
2.9113943822e+01
2.9065783813e+01
2.9017534599e+01
2.8968646293e+01
2.8920166934e+01
2.8871871496e+01
2.8823576140e+01
2.8775280866e+01
2.8726577700e+01
2.8678054485e+01
2.8629604021e+01
2.8581152412e+01
2.8532731291e+01
2.8484371482e+01
2.8435786069e+01
2.8387198043e+01
2.8338607396e+01
2.8290191534e+01
2.8242108413e+01
2.8193438301e+01
2.8144764236e+01
2.8096086209e+01
2.8047558670e+01
2.7999531416e+01
2.7951119038e+01
2.7902490716e+01
2.7853856826e+01
2.7805217355e+01
2.7757217021e+01
2.7709231289e+01
2.7660670008e+01
2.7611844141e+01
2.7563010861e+01
2.7514671336e+01
2.7466766900e+01
2.7418854254e+01
2.7370808633e+01
2.7322062393e+01
2.7273306997e+01
2.7225150873e+01
2.7177328807e+01
2.7129496664e+01
2.7081450728e+01
2.7032857388e+01
2.6984334442e+01
2.6936624984e+01
2.6888903630e+01
2.6841170352e+01
2.6793194749e+01
2.6744717271e+01
2.6696782699e+01
2.6649218966e+01
2.6601641453e+01
2.6554050128e+01
2.6506196550e+01
2.6458129957e+01
2.6410680662e+01
2.6363215698e+01
2.6315735029e+01
2.6268238616e+01
2.6220535522e+01
2.6173272578e+01
2.6125992122e+01
2.6078694195e+01
2.6031379750e+01
2.5984146184e+01
2.5937207958e+01
2.5890158276e+01
2.5843088982e+01
2.5796000029e+01
2.5748891373e+01
2.5702373433e+01
2.5655855852e+01
2.5608854178e+01
2.5561830669e+01
2.5514963219e+01
2.5468993623e+01
2.5423001648e+01
2.5376739672e+01
2.5329942957e+01
2.5283122393e+01
2.5236968375e+01
2.5191314254e+01
2.5145612554e+01
2.5099361090e+01
2.5053084064e+01
2.5006998981e+01
2.4961774993e+01
2.4916524237e+01
2.4870867343e+01
2.4825128869e+01
2.4779362885e+01
2.4733669345e+01
2.4688942960e+01
2.4644162293e+01
2.4599204766e+01
2.4554217977e+01
2.4509201862e+01
2.4464156357e+01
2.4419414836e+01
2.4375114140e+01
2.4330782297e+01
2.4286385646e+01
2.4241907053e+01
2.4197387500e+01
2.4153282051e+01
2.4109406519e+01
2.4065495713e+01
2.4021549556e+01
2.3977567974e+01
2.3933344777e+01
2.3890096352e+01
2.3846905713e+01
2.3803677807e+01
2.3760412555e+01
2.3716926043e+01
2.3673361335e+01
2.3630742209e+01
2.3588345534e+01
2.3545909558e+01
2.3503258859e+01
2.3460451675e+01
2.3417604483e+01
2.3375300372e+01
2.3333667693e+01
2.3291995296e+01
2.3250386492e+01
2.3208736109e+01
2.3167044062e+01
2.3125310268e+01
2.3083864753e+01
2.3043144032e+01
2.3002379854e+01
2.2961461736e+01
2.2920479204e+01
2.2879450099e+01
2.2838651371e+01
2.2798633179e+01
2.2758566486e+01
2.2718451195e+01
2.2678287209e+01
2.2638009755e+01
2.2597742095e+01
2.2558803572e+01
2.2519814425e+01
2.2480774555e+01
2.2441686129e+01
2.2402548034e+01
2.2363358923e+01
2.2324641485e+01
2.2286735911e+01
2.2248836283e+01
2.2211195655e+01
2.2173502406e+01
2.2135756434e+01
2.2097957639e+01
2.2060274395e+01
2.2024059166e+01
2.1987505029e+01
2.1950892251e+01
2.1914220720e+01
2.1877490323e+01
2.1840796939e+01
2.1804838169e+01
2.1769864530e+01
2.1734829997e+01
2.1699734454e+01
2.1664664027e+01
2.1629564476e+01
2.1594403789e+01
2.1560268096e+01
2.1526275014e+01
2.1493901696e+01
2.1461884149e+01
2.1429072418e+01
2.1395326329e+01
2.1361512995e+01
2.1329407194e+01
2.1297339265e+01
2.1266088167e+01
2.1235461302e+01
2.1204894181e+01
2.1174872126e+01
2.1144783376e+01
2.1114627810e+01
2.1084746463e+01
2.1056389434e+01
2.1029937024e+01
2.1003538666e+01
2.0976336559e+01
2.0948142429e+01
2.0919967550e+01
2.0893771310e+01
2.0868878140e+01
2.0845061718e+01
2.0821168763e+01
2.0797288973e+01
2.0774697804e+01
2.0752032567e+01
2.0731377545e+01
2.0712893288e+01
2.0694332435e+01
2.0675368747e+01
2.0656089212e+01
2.0638423429e+01
2.0626481373e+01
2.0614464987e+01
2.0602374140e+01
2.0589390902e+01
2.0580122358e+01
2.0576773603e+01
2.0573364928e+01
2.0569896229e+01
2.0566367402e+01
2.0562778343e+01
2.0564789033e+01
2.0576808010e+01
2.0588796721e+01
2.0600755115e+01
2.0612683139e+01
2.0624580741e+01
2.0636665223e+01
