-1.1981321676e-06 -8.6855615754e-07
2.7722469546e-01 9.0467310315e-04
5.4894597669e-01 3.5811956689e-03
8.1506081285e-01 7.9582288716e-03
1.0755363676e+00 1.3983753011e-02
1.3302941441e+00 2.1584758702e-02
1.5792587084e+00 3.0709423770e-02
1.8223805083e+00 4.1294299575e-02
2.0595764866e+00 5.3267104953e-02
2.2907826054e+00 6.6585958711e-02
2.5159311460e+00 8.1175089832e-02
2.7349572986e+00 9.6978245783e-02
2.9477992825e+00 1.1393918156e-01
3.1543825138e+00 1.3198321227e-01
3.3546553673e+00 1.5106756433e-01
3.5485424051e+00 1.7111384447e-01
3.7359940876e+00 1.9207228287e-01
3.9169574061e+00 2.1387679067e-01
4.0913643548e+00 2.3646157113e-01
4.2591629558e+00 2.5977521440e-01
4.4203137138e+00 2.8373981219e-01
4.5747538283e+00 3.0831153216e-01
4.7224371538e+00 3.3341088389e-01
4.8633355944e+00 3.5898751200e-01
4.9973952588e+00 3.8497159379e-01
5.1245926405e+00 4.1129782833e-01
5.2448734555e+00 4.3791216569e-01
5.3582325478e+00 4.6474108997e-01
5.4646329938e+00 4.9172724862e-01
5.5640589393e+00 5.1880854655e-01
5.6564821036e+00 5.4591250289e-01
5.7418973271e+00 5.7298451926e-01
5.8203092352e+00 5.9996056198e-01
5.8916878383e+00 6.2676886636e-01
5.9560643718e+00 6.5335481443e-01
6.0134149054e+00 6.7965598274e-01
6.0637759285e+00 7.0560225001e-01
6.1071527557e+00 7.3113075623e-01
6.1435439227e+00 7.5618497150e-01
6.1730175953e+00 7.8070194208e-01
6.1955949086e+00 8.0461765757e-01
6.2112941685e+00 8.2787460963e-01
6.2201616842e+00 8.5040413023e-01
6.2222611583e+00 8.7215157712e-01
6.2176337829e+00 8.9306285461e-01
6.2063419856e+00 9.1306860561e-01
6.1884553802e+00 9.3211723652e-01
6.1640286121e+00 9.5015094531e-01
6.1331712993e+00 9.6711455202e-01
6.0959475606e+00 9.8295708375e-01
6.0524326408e+00 9.9761551668e-01
6.0027547664e+00 1.0110444055e+00
5.9469713346e+00 1.0231871018e+00
5.8852171873e+00 1.0339988986e+00
5.8176186224e+00 1.0434325298e+00
5.7442564789e+00 1.0514381526e+00
5.6652793445e+00 1.0579760922e+00
5.5808257468e+00 1.0629997433e+00
5.4909972966e+00 1.0664698474e+00
5.3959713355e+00 1.0683478352e+00
5.2958885014e+00 1.0686001783e+00
5.1908924134e+00 1.0671940780e+00
5.0811417050e+00 1.0640987056e+00
4.9668302494e+00 1.0592865442e+00
4.8480967333e+00 1.0527297350e+00
4.7251359215e+00 1.0444166936e+00
4.5981433233e+00 1.0343216097e+00
4.4672762080e+00 1.0224300440e+00
4.3327551337e+00 1.0087427373e+00
4.1947880253e+00 9.9324405265e-01
4.0535682366e+00 9.7593329006e-01
3.9093197268e+00 9.5682207775e-01
3.7622616867e+00 9.3590936410e-01
3.6126344139e+00 9.1321927650e-01
3.4606652473e+00 8.8876620151e-01
3.3065906584e+00 8.6256930047e-01
3.1506955368e+00 8.3468271922e-01
2.9932377893e+00 8.0512615561e-01
2.8344554926e+00 7.7394946560e-01
2.6746627924e+00 7.4121985424e-01
2.5141873469e+00 7.0699125552e-01
2.3532769707e+00 6.7134739660e-01
2.1922919612e+00 6.3435894490e-01
2.0315970924e+00 5.9613222594e-01
1.8715518487e+00 5.5679876106e-01
1.7125327896e+00 5.1644060990e-01
1.5549777847e+00 4.7523095053e-01
1.3993430220e+00 4.3332731855e-01
1.2461616762e+00 3.9089951693e-01
1.0959701417e+00 3.4820250433e-01
9.4938988558e-01 3.0541127736e-01
8.0714911343e-01 2.6286572894e-01
6.7009364675e-01 2.2087938535e-01
5.3922232215e-01 1.7985644237e-01
4.1577046504e-01 1.4030985463e-01
3.0120605289e-01 1.0279192189e-01
1.9765510984e-01 6.8232178377e-02
1.0816355941e-01 3.7806387365e-02
3.7768612975e-02 1.2839265612e-02
-8.3281485370e-06 -3.0098364414e-06
