3.1344472677e+02
3.1343831393e+02
3.1343190109e+02
3.1342433434e+02
3.1341570559e+02
3.1340739128e+02
3.1339875089e+02
3.1338774667e+02
3.1337598885e+02
3.1336714251e+02
3.1335498166e+02
3.1333797397e+02
3.1332123068e+02
3.1330660633e+02
3.1328915953e+02
3.1326611156e+02
3.1324461313e+02
3.1321763947e+02
3.1319265492e+02
3.1316971736e+02
3.1314905747e+02
3.1311863399e+02
3.1308536871e+02
3.1305047675e+02
3.1301647134e+02
3.1297765083e+02
3.1293772100e+02
3.1289347614e+02
3.1284844751e+02
3.1279833939e+02
3.1274877776e+02
3.1269518210e+02
3.1264110560e+02
3.1258211405e+02
3.1252130736e+02
3.1245765982e+02
3.1239125352e+02
3.1232243023e+02
3.1225400527e+02
3.1217770085e+02
3.1210166989e+02
3.1202238950e+02
3.1194237026e+02
3.1186040767e+02
3.1177623658e+02
3.1168959625e+02
3.1159988862e+02
3.1150944013e+02
3.1141636438e+02
3.1132223981e+02
3.1122670488e+02
3.1112977395e+02
3.1103171610e+02
3.1093263171e+02
3.1083246395e+02
3.1073177429e+02
3.1062896566e+02
3.1052820793e+02
3.1042426382e+02
3.1032279536e+02
3.1022262786e+02
3.1012013847e+02
3.1002136565e+02
3.0992251632e+02
3.0982310062e+02
3.0972688810e+02
3.0962845383e+02
3.0953559825e+02
3.0944342694e+02
3.0935629730e+02
3.0926959440e+02
3.0918550880e+02
3.0910466558e+02
3.0902796285e+02
3.0895160196e+02
3.0888095644e+02
3.0881241281e+02
3.0874988696e+02
3.0869144750e+02
3.0863772534e+02
3.0858556941e+02
3.0854108268e+02
3.0849830928e+02
3.0846384935e+02
3.0843161799e+02
3.0840585871e+02
3.0838382244e+02
3.0836719642e+02
3.0835476855e+02
3.0834415109e+02
3.0834320092e+02
3.0834317849e+02
3.0834807861e+02
3.0835583554e+02
3.0836633441e+02
3.0838136668e+02
3.0839634208e+02
3.0841507134e+02
3.0843789653e+02
3.0844905551e+02
