3.2001027378e+02
3.2000901325e+02
3.2000757194e+02
3.2000680706e+02
3.2000751984e+02
3.2000813425e+02
3.2000765941e+02
3.2000679775e+02
3.2000625643e+02
3.2000727899e+02
3.2000823653e+02
3.2000841031e+02
3.2000779747e+02
3.2000711283e+02
3.2000717703e+02
3.2000743841e+02
3.2000762305e+02
3.2000765632e+02
3.2000774033e+02
3.2000777722e+02
3.2000772484e+02
3.2000767246e+02
3.2000771687e+02
3.2000779387e+02
3.2000787086e+02
3.2000761953e+02
3.2000735385e+02
3.2000717154e+02
3.2000727777e+02
3.2000738623e+02
3.2000744342e+02
3.2000745818e+02
3.2000772266e+02
3.2000761953e+02
3.2000744624e+02
3.2000738945e+02
3.2000752665e+02
3.2000760021e+02
3.2000772049e+02
3.2000790284e+02
3.2000793746e+02
3.2000776812e+02
3.2000754826e+02
3.2000740898e+02
3.2000778557e+02
3.2000810258e+02
3.2000815514e+02
3.2000769980e+02
3.2000726651e+02
3.2000718865e+02
3.2000737470e+02
3.2000777562e+02
3.2000765542e+02
3.2000756446e+02
3.2000754065e+02
3.2000756742e+02
3.2000763855e+02
3.2000768534e+02
3.2000806327e+02
3.2000804369e+02
3.2000802411e+02
3.2000804894e+02
3.2000814805e+02
3.2000821266e+02
3.2000809888e+02
3.2000798511e+02
3.2000807637e+02
3.2000817625e+02
3.2000817060e+02
3.2000807287e+02
3.2000797515e+02
3.2000793969e+02
3.2000791914e+02
3.2000792786e+02
3.2000810542e+02
3.2000828298e+02
3.2000831041e+02
3.2000812648e+02
3.2000794256e+02
3.2000797592e+02
3.2000805888e+02
3.2000814185e+02
3.2000808724e+02
3.2000802624e+02
3.2000790272e+02
3.2000785892e+02
3.2000781513e+02
3.2000758687e+02
3.2000720981e+02
3.2000683274e+02
3.2000704554e+02
3.2000742064e+02
3.2000779346e+02
3.2000804067e+02
3.2000828788e+02
3.2000817882e+02
3.2000814770e+02
3.2000811659e+02
3.2000871122e+02
3.2000965139e+02
