2.7069180827e-04 -1.7774587473e-06
2.3234069321e-01 2.5517868608e-06
4.5839789066e-01 3.9240690053e-07
6.7843943352e-01 -5.8741937753e-06
8.9263415470e-01 -1.4265565975e-05
1.1010835323e+00 -3.1654113695e-05
1.3037919599e+00 -6.9481712997e-05
1.5009198388e+00 -1.1955033889e-04
1.6925113578e+00 -1.8354204953e-04
1.8786469087e+00 -2.6717982226e-04
2.0594467631e+00 -3.7286013244e-04
2.2349402160e+00 -5.0642555805e-04
2.4052598517e+00 -6.6287847191e-04
2.5704168615e+00 -8.4149130315e-04
2.7305152242e+00 -1.0617382290e-03
2.8856359502e+00 -1.3007197079e-03
3.0358034074e+00 -1.5722191856e-03
3.1811412182e+00 -1.8834017088e-03
3.3216642198e+00 -2.2225685957e-03
3.4574644588e+00 -2.5969471632e-03
3.5885895751e+00 -3.0092240362e-03
3.7150882998e+00 -3.4555404926e-03
3.8370388801e+00 -3.9392872943e-03
3.9544636588e+00 -4.4571525267e-03
4.0674309664e+00 -5.0126949648e-03
4.1760050686e+00 -5.5981112867e-03
4.2801985298e+00 -6.2281726122e-03
4.3800944256e+00 -6.8835446575e-03
4.4756831144e+00 -7.5901038098e-03
4.5670753446e+00 -8.3071305615e-03
4.6542361975e+00 -9.0754075398e-03
4.7372688693e+00 -9.8668297537e-03
4.8161625381e+00 -1.0682562551e-02
4.8909307620e+00 -1.1537572881e-02
4.9616557331e+00 -1.2416010428e-02
5.0283245681e+00 -1.3315527145e-02
5.0909810641e+00 -1.4239574158e-02
5.1496335551e+00 -1.5190722453e-02
5.2043212251e+00 -1.6156425892e-02
5.2550255858e+00 -1.7136954111e-02
5.3017877288e+00 -1.8133229107e-02
5.3446451942e+00 -1.9145813448e-02
5.3835176382e+00 -2.0158687979e-02
5.4185099202e+00 -2.1182141963e-02
5.4495003312e+00 -2.2219062587e-02
5.4766962243e+00 -2.3244786325e-02
5.4999390229e+00 -2.4273633314e-02
5.5192480951e+00 -2.5299687251e-02
5.5346717862e+00 -2.6304320590e-02
5.5459398475e+00 -2.7320146820e-02
5.5532697703e+00 -2.8325926249e-02
5.5569378508e+00 -2.9298840468e-02
5.5566320787e+00 -3.0244357299e-02
5.5520692264e+00 -3.1182684395e-02
5.5436589823e+00 -3.2067146735e-02
5.5310758483e+00 -3.2951586554e-02
5.5145563375e+00 -3.3794417534e-02
5.4937919355e+00 -3.4589502167e-02
5.4690171198e+00 -3.5352327572e-02
5.4399305483e+00 -3.6069868135e-02
5.4066433801e+00 -3.6743928124e-02
5.3691122052e+00 -3.7367330617e-02
5.3272646935e+00 -3.7937702068e-02
5.2810290851e+00 -3.8441368103e-02
5.2304069560e+00 -3.8912450100e-02
5.1752510982e+00 -3.9311399613e-02
5.1156523587e+00 -3.9587894529e-02
5.0513431921e+00 -3.9861282700e-02
4.9824378190e+00 -4.0031374825e-02
4.9087913083e+00 -4.0160247399e-02
4.8303341538e+00 -4.0169117428e-02
4.7470087839e+00 -4.0131727309e-02
4.6587086350e+00 -3.9987971417e-02
4.5653796286e+00 -3.9794418457e-02
4.4669129171e+00 -3.9474470829e-02
4.3632300286e+00 -3.9084160286e-02
4.2542523562e+00 -3.8602151601e-02
4.1398374602e+00 -3.8016201090e-02
4.0199252180e+00 -3.7347941225e-02
3.8943815230e+00 -3.6576411509e-02
3.7631274720e+00 -3.5710152965e-02
3.6260208965e+00 -3.4744966742e-02
3.4829704809e+00 -3.3678929843e-02
3.3338462048e+00 -3.2512475277e-02
3.1785101116e+00 -3.1250037554e-02
3.0168433843e+00 -2.9875756931e-02
2.8486953795e+00 -2.8402746640e-02
2.6739622367e+00 -2.6833073753e-02
2.4924715910e+00 -2.5152246933e-02
2.3040779872e+00 -2.3376799904e-02
2.1086480959e+00 -2.1495728213e-02
1.9060004726e+00 -1.9513987375e-02
1.6959723688e+00 -1.7422592895e-02
1.4784116281e+00 -1.5239191786e-02
1.2531416050e+00 -1.2960720062e-02
1.0199627696e+00 -1.0557251391e-02
7.7870388081e-01 -8.0947326453e-03
5.2913850307e-01 -5.5149621712e-03
2.7115011451e-01 -2.8123750594e-03
4.9567342744e-03 -4.4767517143e-05
