8.0763451770e-07 5.2339237686e-09
3.3793151816e-01 -2.1372623428e-05
6.6859769641e-01 -8.5808525921e-05
9.9204461031e-01 -1.9780901405e-04
1.3083249541e+00 -3.6803311269e-04
1.6174647516e+00 -5.9777345687e-04
1.9195185821e+00 -8.8835469297e-04
2.2145137733e+00 -1.2506976183e-03
2.5024720145e+00 -1.6826497415e-03
2.7834360871e+00 -2.1965751603e-03
3.0574533857e+00 -2.7908647985e-03
3.3245401356e+00 -3.4672209554e-03
3.5847437315e+00 -4.2345274019e-03
3.8380794470e+00 -5.0943470117e-03
4.0845681477e+00 -6.0440426351e-03
4.3242717746e+00 -7.0854518102e-03
4.5571902765e+00 -8.2205046358e-03
4.7833501581e+00 -9.4590603722e-03
5.0027739272e+00 -1.0804024133e-02
5.2155186489e+00 -1.2243002571e-02
5.4215654121e+00 -1.3780023565e-02
5.6209370158e+00 -1.5413850266e-02
5.8136946142e+00 -1.7147255935e-02
5.9997076364e+00 -1.8979171306e-02
6.1792774613e+00 -2.0898344611e-02
6.3522914749e+00 -2.2912448999e-02
6.5186464772e+00 -2.5033959470e-02
6.6784386141e+00 -2.7236108096e-02
6.8316962790e+00 -2.9516894894e-02
6.9784418656e+00 -3.1880145496e-02
7.1186735888e+00 -3.4322841167e-02
7.2523725578e+00 -3.6832110402e-02
7.3795801073e+00 -3.9406472245e-02
7.5003071529e+00 -4.2044703265e-02
7.6145220101e+00 -4.4744781986e-02
7.7222781259e+00 -4.7491609854e-02
7.8235298122e+00 -5.0283245596e-02
7.9183299231e+00 -5.3114154176e-02
8.0066300292e+00 -5.5980889261e-02
8.0884634856e+00 -5.8869778239e-02
8.1638134227e+00 -6.1775485045e-02
8.2326653928e+00 -6.4691740835e-02
8.2950172831e+00 -6.7611911204e-02
8.3508828190e+00 -7.0524587938e-02
8.4002433219e+00 -7.3423635638e-02
8.4430607958e+00 -7.6304804546e-02
8.4793538873e+00 -7.9149616737e-02
8.5091103594e+00 -8.1962399834e-02
8.5322789689e+00 -8.4736198803e-02
8.5488815533e+00 -8.7461301541e-02
8.5588745858e+00 -9.0099418700e-02
8.5623103074e+00 -9.2660029421e-02
8.5589382664e+00 -9.5159450048e-02
8.5489084169e+00 -9.7561520204e-02
8.5322708421e+00 -9.9871162025e-02
8.5087317828e+00 -1.0207596085e-01
8.4786345170e+00 -1.0415639486e-01
8.4416875903e+00 -1.0611248371e-01
8.3979523925e+00 -1.0792235331e-01
8.3472913151e+00 -1.0960506083e-01
8.2897425288e+00 -1.1115315911e-01
8.2251978333e+00 -1.1253225070e-01
8.1537038224e+00 -1.1374677307e-01
8.0751788995e+00 -1.1478468765e-01
7.9895907462e+00 -1.1564602155e-01
7.8968388738e+00 -1.1631928088e-01
7.7969241938e+00 -1.1679957349e-01
7.6897875583e+00 -1.1708075713e-01
7.5753646087e+00 -1.1715546929e-01
7.4536148490e+00 -1.1701424800e-01
7.3244483937e+00 -1.1665976022e-01
7.1878448030e+00 -1.1608213864e-01
7.0436958978e+00 -1.1527149811e-01
6.8919860003e+00 -1.1423288086e-01
6.7326109681e+00 -1.1295522971e-01
6.5655206173e+00 -1.1143911791e-01
6.3906399026e+00 -1.0967794155e-01
6.2078947908e+00 -1.0766839460e-01
6.0172163303e+00 -1.0541452704e-01
5.8185166169e+00 -1.0290522258e-01
5.6117211353e+00 -1.0014387763e-01
5.3967586786e+00 -9.7132383128e-02
5.1735336580e+00 -9.3861278050e-02
4.9419601197e+00 -9.0337814341e-02
4.7019513625e+00 -8.6559827681e-02
4.4534225150e+00 -8.2526031126e-02
4.1962535319e+00 -7.8242081084e-02
3.9303729660e+00 -7.3708055677e-02
3.6556817782e+00 -6.8920770388e-02
3.3720627020e+00 -6.3884610035e-02
3.0794213954e+00 -5.8601287691e-02
2.7776406059e+00 -5.3072458293e-02
2.4666203063e+00 -4.7307533055e-02
2.1462368647e+00 -4.1300096826e-02
1.8163679347e+00 -3.5053440714e-02
1.4768898666e+00 -2.8579576693e-02
1.1276789533e+00 -2.1879805235e-02
7.6858636125e-01 -1.4933972530e-02
3.9947779100e-01 -7.8025532800e-03
2.0669689681e-02 -4.0366634120e-04
