-1.3365808165e-06 -6.5444624566e-07
2.8842114244e-01 9.3444468306e-04
5.7124648440e-01 3.7003478863e-03
8.4836126570e-01 8.2246842785e-03
1.1197250488e+00 1.4453507928e-02
1.3852470768e+00 2.2312565421e-02
1.6448597779e+00 3.1748765535e-02
1.8984774999e+00 4.2696755757e-02
2.1460280433e+00 5.5082243768e-02
2.3874427942e+00 6.8862097079e-02
2.6226240763e+00 8.3959222244e-02
2.8515162365e+00 1.0031524240e-01
3.0740431971e+00 1.1787210078e-01
3.2901194696e+00 1.3655240631e-01
3.4996879725e+00 1.5631221141e-01
3.7026591409e+00 1.7707101448e-01
3.8989859720e+00 1.9877816410e-01
4.0885799595e+00 2.2136562411e-01
4.2713837663e+00 2.4476248527e-01
4.4473531585e+00 2.6892002272e-01
4.6164013588e+00 2.9375145196e-01
4.7784798163e+00 3.1921535492e-01
4.9335498971e+00 3.4522860037e-01
5.0815419498e+00 3.7173946093e-01
5.2224161524e+00 3.9867683113e-01
5.3561315920e+00 4.2596979410e-01
5.4826401999e+00 4.5356422115e-01
5.6019183905e+00 4.8138472741e-01
5.7139337061e+00 5.0937125918e-01
5.8186401143e+00 5.3745405273e-01
5.9160404791e+00 5.6556589652e-01
6.0061113594e+00 5.9364774067e-01
6.0888248498e+00 6.2162846669e-01
6.1641791378e+00 6.4943857831e-01
6.2321791322e+00 6.7701876032e-01
6.2928307786e+00 7.0430695219e-01
6.3461125963e+00 7.3122230328e-01
6.3920908792e+00 7.5771061208e-01
6.4307473220e+00 7.8371362364e-01
6.4621029088e+00 8.0914997572e-01
6.4862194896e+00 8.3396478622e-01
6.5030976227e+00 8.5809940514e-01
6.5127976521e+00 8.8147956176e-01
6.5153765800e+00 9.0404783859e-01
6.5108719055e+00 9.2574594348e-01
6.4993744302e+00 9.4650826518e-01
6.4809322441e+00 9.6627737983e-01
6.4556056967e+00 9.8499556255e-01
6.4234949090e+00 1.0026013938e+00
6.3846601536e+00 1.0190375725e+00
6.3392359546e+00 1.0342508894e+00
6.2873174009e+00 1.0481866425e+00
6.2289701853e+00 1.0607888224e+00
6.1643325050e+00 1.0720084686e+00
6.0935439159e+00 1.0817986390e+00
6.0166956580e+00 1.0901067978e+00
5.9339383562e+00 1.0968897962e+00
5.8454116703e+00 1.1020993141e+00
5.7512379681e+00 1.1056978706e+00
5.6516061681e+00 1.1076448862e+00
5.5466546902e+00 1.1079077325e+00
5.4365379474e+00 1.1064457760e+00
5.3214367244e+00 1.1032304755e+00
5.2015350125e+00 1.0982361284e+00
5.0770022638e+00 1.0914339853e+00
4.9480405873e+00 1.0828058302e+00
4.8148441144e+00 1.0723321202e+00
4.6775949593e+00 1.0599950041e+00
4.5365241799e+00 1.0457940658e+00
4.3918573120e+00 1.0297178739e+00
4.2437829334e+00 1.0117609595e+00
4.0925492604e+00 9.9193901084e-01
3.9383948617e+00 9.7025201518e-01
3.7815598922e+00 9.4671897174e-01
3.6222875552e+00 9.2136186433e-01
3.4608373541e+00 8.9419911842e-01
3.2975067797e+00 8.6528365436e-01
3.1325504221e+00 8.3464053926e-01
2.9662389811e+00 8.0231861846e-01
2.7989038049e+00 7.6839352903e-01
2.6308644011e+00 7.3291277383e-01
2.4624071477e+00 6.9596668356e-01
2.2938999294e+00 6.5763743876e-01
2.1257279869e+00 6.1802377311e-01
1.9582484258e+00 5.7726295570e-01
1.7918660021e+00 5.3544633240e-01
1.6270483800e+00 4.9274337427e-01
1.4642680172e+00 4.4933915030e-01
1.3040651402e+00 4.0538321996e-01
1.1469913153e+00 3.6114449720e-01
9.9370965846e-01 3.1681648500e-01
8.4498209762e-01 2.7272072640e-01
7.0166550961e-01 2.2924760762e-01
5.6484364176e-01 1.8670000717e-01
4.3565821887e-01 1.4571545134e-01
3.1579277405e-01 1.0682664030e-01
2.0744798748e-01 7.0943030352e-02
1.1367593537e-01 3.9346592815e-02
3.9953640822e-02 1.3437954822e-02
-8.7632399410e-06 -2.1460651678e-06
