-3.0697174924e-08 2.0697894893e-06
2.9566420164e-01 -4.0558040131e-04
5.8480593800e-01 -1.5997290654e-03
8.6738280095e-01 -3.5546999566e-03
1.1434073762e+00 -6.2308986018e-03
1.4128385400e+00 -9.6011203575e-03
1.6756872011e+00 -1.3632767796e-02
1.9319357731e+00 -1.8296216647e-02
2.1815803411e+00 -2.3559426744e-02
2.4246248545e+00 -2.9390442965e-02
2.6610558538e+00 -3.5762318611e-02
2.8908968206e+00 -4.2645425497e-02
3.1141299133e+00 -5.0012336414e-02
3.3307786909e+00 -5.7832188233e-02
3.5408379678e+00 -6.6078080025e-02
3.7443231961e+00 -7.4721492967e-02
3.9412435176e+00 -8.3735205611e-02
4.1316118445e+00 -9.3094133432e-02
4.3154421254e+00 -1.0277144966e-01
4.4927433618e+00 -1.1274206465e-01
4.6635396009e+00 -1.2297906212e-01
4.8278382833e+00 -1.3346123143e-01
4.9856614891e+00 -1.4415978873e-01
5.1370394455e+00 -1.5505370817e-01
5.2819343213e+00 -1.6611823013e-01
5.4204293938e+00 -1.7733249982e-01
5.5525191526e+00 -1.8867125424e-01
5.6782086127e+00 -2.0011336673e-01
5.7975307697e+00 -2.1163900185e-01
5.9105047942e+00 -2.2322686416e-01
6.0171387556e+00 -2.3485224644e-01
6.1174632294e+00 -2.4649622299e-01
6.2114844518e+00 -2.5813917962e-01
6.2992164652e+00 -2.6975820036e-01
6.3807080758e+00 -2.8133321264e-01
6.4559484180e+00 -2.9284664674e-01
6.5249686602e+00 -3.0427789276e-01
6.5877916364e+00 -3.1561133792e-01
6.6444303594e+00 -3.2682251295e-01
6.6949018203e+00 -3.3789300309e-01
6.7392115642e+00 -3.4880576646e-01
6.7774063130e+00 -3.5954065199e-01
6.8094859534e+00 -3.7007817223e-01
6.8354595534e+00 -3.8039789029e-01
6.8553711474e+00 -3.9048528457e-01
6.8692336717e+00 -4.0032248431e-01
6.8770603674e+00 -4.0988368394e-01
6.8788544667e+00 -4.1915857253e-01
6.8746554581e+00 -4.2812122196e-01
6.8644801025e+00 -4.3675514818e-01
6.8483545673e+00 -4.4504127300e-01
6.8262872366e+00 -4.5295899386e-01
6.7982946602e+00 -4.6048887327e-01
6.7643935070e+00 -4.6761255580e-01
6.7246200003e+00 -4.7431167290e-01
6.6790009590e+00 -4.8056684837e-01
6.6275394300e+00 -4.8634961837e-01
6.5702839648e+00 -4.9164985408e-01
6.5072278181e+00 -4.9643744981e-01
6.4384435568e+00 -5.0069532494e-01
6.3639176705e+00 -5.0440282241e-01
6.2836989706e+00 -5.0753652031e-01
6.1978018410e+00 -5.1007431484e-01
6.1062689210e+00 -5.1199388134e-01
6.0091355286e+00 -5.1327011079e-01
5.9064384366e+00 -5.1388040270e-01
5.7982305879e+00 -5.1380267661e-01
5.6845183671e+00 -5.1301080606e-01
5.5653881858e+00 -5.1148392571e-01
5.4408884888e+00 -5.0919715369e-01
5.3110429708e+00 -5.0611912476e-01
5.1759410143e+00 -5.0222849380e-01
5.0356116132e+00 -4.9750606338e-01
4.8901608205e+00 -4.9191170267e-01
4.7396472598e+00 -4.8543484244e-01
4.5841352310e+00 -4.7803541790e-01
4.4237462309e+00 -4.6969174638e-01
4.2585603521e+00 -4.6037441672e-01
4.0887062411e+00 -4.5006181752e-01
3.9143046647e+00 -4.3872631508e-01
3.7354764461e+00 -4.2633944339e-01
3.5523831141e+00 -4.1288212726e-01
3.3651861965e+00 -3.9833124854e-01
3.1740742123e+00 -3.8266207681e-01
2.9792732121e+00 -3.6586047647e-01
2.7810154460e+00 -3.4790826317e-01
2.5795693235e+00 -3.2878062014e-01
2.3752466043e+00 -3.0847554268e-01
2.1684196363e+00 -2.8700283550e-01
1.9594987483e+00 -2.6435991048e-01
1.7490110063e+00 -2.4057189234e-01
1.5375367929e+00 -2.1565982023e-01
1.3257880889e+00 -1.8967075852e-01
1.1146870035e+00 -1.6269823033e-01
9.0540920900e-01 -1.3486365935e-01
6.9959051116e-01 -1.0635523580e-01
4.9947976633e-01 -7.7602180614e-02
3.0868199751e-01 -4.8929280293e-02
1.3418680552e-01 -2.1335436075e-02
-8.6778142948e-05 6.4670606567e-06
