2.2116727569e+02
2.2130024249e+02
2.2142946585e+02
2.2155202548e+02
2.2167232360e+02
2.2178887400e+02
2.2189825162e+02
2.2200452880e+02
2.2210744498e+02
2.2220358269e+02
2.2229837248e+02
2.2238586499e+02
2.2247051277e+02
2.2255336233e+02
2.2262920496e+02
2.2270408717e+02
2.2277114402e+02
2.2283679132e+02
2.2290111920e+02
2.2295758108e+02
2.2301334645e+02
2.2306379979e+02
2.2311161266e+02
2.2315475472e+02
2.2319711579e+02
2.2323595034e+02
2.2327011877e+02
2.2330184525e+02
2.2332873139e+02
2.2335477008e+02
2.2337804347e+02
2.2339514988e+02
2.2341120197e+02
2.2342541239e+02
2.2343426134e+02
2.2344021988e+02
2.2344554095e+02
2.2344603344e+02
2.2344281316e+02
2.2343881707e+02
2.2343163344e+02
2.2342060950e+02
2.2340539051e+02
2.2338868505e+02
2.2337069935e+02
2.2334797972e+02
2.2332188159e+02
2.2329104387e+02
2.2326125215e+02
2.2322820356e+02
2.2318714268e+02
2.2314518059e+02
2.2310220097e+02
2.2305516759e+02
2.2300487750e+02
2.2294652317e+02
2.2289059065e+02
2.2282986852e+02
2.2276303886e+02
2.2269587062e+02
2.2262432242e+02
2.2254773404e+02
2.2246598476e+02
2.2238473809e+02
2.2229560924e+02
2.2220131240e+02
2.2210838549e+02
2.2200619444e+02
2.2190351215e+02
2.2179106665e+02
2.2168161598e+02
2.2155790817e+02
2.2143824243e+02
2.2130894868e+02
2.2117696617e+02
2.2103787251e+02
2.2089720000e+02
2.2075165922e+02
2.2059418229e+02
2.2044636283e+02
2.2027934854e+02
2.2011482239e+02
2.1994338205e+02
2.1977374435e+02
2.1958843110e+02
2.1941053549e+02
2.1922958583e+02
2.1903557842e+02
2.1885396127e+02
2.1865042188e+02
2.1848456077e+02
2.1827132771e+02
2.1809839888e+02
2.1790307575e+02
2.1776023761e+02
2.1757958008e+02
2.1742946070e+02
2.1737796288e+02
2.1737743258e+02
2.1888170753e+02
