-7.1468085796e-07 8.6360397070e-07
2.2986045863e-01 -1.5919858306e-03
4.5393284545e-01 -6.1845865223e-03
6.7212353281e-01 -1.3784172158e-02
8.8417213944e-01 -2.4120183253e-02
1.0901314699e+00 -3.7092432348e-02
1.2898189926e+00 -5.2570095285e-02
1.4829777701e+00 -7.0366396464e-02
1.6697385836e+00 -9.0387030561e-02
1.8499122399e+00 -1.1242279232e-01
2.0234639505e+00 -1.3634569576e-01
2.1903687774e+00 -1.6207803272e-01
2.3504793313e+00 -1.8939460541e-01
2.5039593135e+00 -2.1819397976e-01
2.6506827380e+00 -2.4831858983e-01
2.7905634661e+00 -2.7962292788e-01
2.9237722680e+00 -3.1201689482e-01
3.0502376513e+00 -3.4528001543e-01
3.1699699844e+00 -3.7935293137e-01
3.2829952692e+00 -4.1410353489e-01
3.3893570221e+00 -4.4934455877e-01
3.4891485187e+00 -4.8503369473e-01
3.5823282942e+00 -5.2096903207e-01
3.6689591135e+00 -5.5706758318e-01
3.7491594636e+00 -5.9324276530e-01
3.8229750661e+00 -6.2930229359e-01
3.8904225268e+00 -6.6522934087e-01
3.9515835976e+00 -7.0084086230e-01
4.0065837520e+00 -7.3605368464e-01
4.0554670077e+00 -7.7080589693e-01
4.0982756634e+00 -8.0491513551e-01
4.1351724693e+00 -8.3837459738e-01
4.1662183284e+00 -8.7103443172e-01
4.1914719008e+00 -9.0280708977e-01
4.2110507873e+00 -9.3365389387e-01
4.2251056153e+00 -9.6342448103e-01
4.2336461302e+00 -9.9209780381e-01
4.2368175798e+00 -1.0195503470e+00
4.2347322442e+00 -1.0457418118e+00
4.2274864910e+00 -1.0705758079e+00
4.2151857422e+00 -1.0940130176e+00
4.1980072198e+00 -1.1159602726e+00
4.1759629426e+00 -1.1363974049e+00
4.1492475737e+00 -1.1552100021e+00
4.1179530846e+00 -1.1723776142e+00
4.0821674810e+00 -1.1878832058e+00
4.0421071731e+00 -1.2016049612e+00
3.9978354329e+00 -1.2135538795e+00
3.9494677830e+00 -1.2237078050e+00
3.8972411311e+00 -1.2319981077e+00
3.8411364666e+00 -1.2383983779e+00
3.7814068762e+00 -1.2428925435e+00
3.7181703518e+00 -1.2454255781e+00
3.6514834016e+00 -1.2460277341e+00
3.5816143650e+00 -1.2446419679e+00
3.5086651881e+00 -1.2412930202e+00
3.4327320101e+00 -1.2359648701e+00
3.3540879706e+00 -1.2286763268e+00
3.2727464167e+00 -1.2194092372e+00
3.1889758656e+00 -1.2081507345e+00
3.1028535375e+00 -1.1949402659e+00
3.0145469871e+00 -1.1797972486e+00
2.9243202617e+00 -1.1627345795e+00
2.8321837574e+00 -1.1438013966e+00
2.7384589520e+00 -1.1230408467e+00
2.6432437486e+00 -1.1004849470e+00
2.5466920767e+00 -1.0761563905e+00
2.4490477757e+00 -1.0501174363e+00
2.3503433322e+00 -1.0223951261e+00
2.2509593852e+00 -9.9309881665e-01
2.1509559788e+00 -9.6227896231e-01
2.0504942370e+00 -9.2999521531e-01
1.9499135798e+00 -8.9638923164e-01
1.8492274057e+00 -8.6147735969e-01
1.7487704408e+00 -8.2541748276e-01
1.6486833659e+00 -7.8826136551e-01
1.5490511828e+00 -7.5007006345e-01
1.4503555573e+00 -7.1105075320e-01
1.3525483712e+00 -6.7124919533e-01
1.2559097519e+00 -6.3081521936e-01
1.1608282125e+00 -5.8997465898e-01
1.0672365283e+00 -5.4873159330e-01
9.7562211207e-01 -5.0740271943e-01
8.8611669030e-01 -4.6606643972e-01
7.9888937959e-01 -4.2480826892e-01
7.1442457115e-01 -3.8397709117e-01
6.3264088681e-01 -3.4359689215e-01
5.5417229827e-01 -3.0403166026e-01
4.7910633097e-01 -2.6545963737e-01
4.0771326866e-01 -2.2809760866e-01
3.4060295674e-01 -1.9224510317e-01
2.7788704394e-01 -1.5814673574e-01
2.1984003355e-01 -1.2618246561e-01
1.6729684606e-01 -9.6732223092e-02
1.2063652660e-01 -7.0128313792e-02
8.0002669261e-02 -4.7082936946e-02
4.6602963265e-02 -2.7754603081e-02
2.1624123205e-02 -1.2791534053e-02
6.0078991527e-03 -3.4980958556e-03
-2.2981079426e-06 9.2456748839e-07
