2.7314106346e+02
2.7370079231e+02
2.7258125816e+02
2.7425885444e+02
2.7202139277e+02
2.7481686900e+02
2.7146070457e+02
2.7538088429e+02
2.7089995888e+02
2.7595077633e+02
2.7034174473e+02
2.7652042683e+02
2.6978380589e+02
2.7707501922e+02
2.6922867549e+02
2.7762962649e+02
2.6867768492e+02
2.7818394355e+02
2.6812662859e+02
2.7873828132e+02
2.6756442649e+02
2.7929267767e+02
2.6700037298e+02
2.7986538924e+02
2.6644017964e+02
2.8043844022e+02
2.6588659390e+02
2.8100282120e+02
2.6533288879e+02
2.8155813565e+02
2.6477852392e+02
2.8211355881e+02
2.6422396751e+02
2.8267704401e+02
2.6367296487e+02
2.8324109129e+02
2.6312977253e+02
2.8380348627e+02
2.6258645561e+02
2.8436433122e+02
2.6203030175e+02
2.8492531448e+02
2.6147048203e+02
2.8548533186e+02
2.6091395631e+02
2.8604531064e+02
2.6036481864e+02
2.8660446035e+02
2.5981549250e+02
2.8716286239e+02
2.5926949820e+02
2.8772142008e+02
2.5872462540e+02
2.8828123655e+02
2.5817960142e+02
2.8884134444e+02
2.5763307472e+02
2.8940015170e+02
2.5708633978e+02
2.8995709406e+02
2.9051421985e+02
2.5654488344e+02
2.9107142227e+02
2.5600565676e+02
2.9162873282e+02
2.5546555764e+02
2.9218508075e+02
2.5491999406e+02
2.9273994849e+02
2.5437417900e+02
2.9329502740e+02
2.5383561670e+02
2.9384937732e+02
2.5330078279e+02
2.9440360864e+02
2.5276636570e+02
2.9495804500e+02
2.5223381432e+02
2.9551408430e+02
2.5170100288e+02
2.9607036429e+02
2.5116779644e+02
2.9662126918e+02
2.5063431336e+02
2.9717036433e+02
2.5010124926e+02
2.9771958089e+02
2.4957010791e+02
2.9826979598e+02
2.4903868501e+02
2.9882026141e+02
2.4851034700e+02
2.9936928577e+02
2.4798425232e+02
2.9991778808e+02
2.4745834721e+02
3.0046565597e+02
2.4693431983e+02
3.0101103189e+02
2.4640998067e+02
3.0155667964e+02
2.4588712934e+02
3.0210178020e+02
2.4536557452e+02
3.0264668435e+02
2.4484416720e+02
3.0319112235e+02
2.4433397926e+02
3.0373313675e+02
2.4382347025e+02
3.0427544637e+02
2.4330696279e+02
3.0481646874e+02
2.4278439195e+02
3.0535675853e+02
2.4226156787e+02
3.0589674938e+02
2.4175152662e+02
3.0643426521e+02
2.4124105415e+02
3.0697209455e+02
2.4073330038e+02
3.0750866007e+02
2.4022894019e+02
3.0804433641e+02
2.3972428161e+02
3.0857984569e+02
2.3922040461e+02
3.0911240487e+02
2.3871593851e+02
3.0964529611e+02
2.3821385863e+02
3.1017672763e+02
2.3771536284e+02
3.1070689350e+02
2.3721655410e+02
3.1123710234e+02
3.1176819708e+02
2.3671630048e+02
3.1229964256e+02
2.3621516102e+02
3.1282774970e+02
2.3571974260e+02
3.1335241936e+02
2.3523422858e+02
3.1387740740e+02
2.3474836152e+02
3.1439710135e+02
2.3425855089e+02
3.1491713415e+02
2.3376735783e+02
3.1543761098e+02
2.3327761679e+02
3.1595852667e+02
2.3279127749e+02
3.1647976781e+02
2.3230457779e+02
3.1699798315e+02
2.3182825680e+02
3.1751650826e+02
2.3135369095e+02
3.1803218153e+02
2.3087759929e+02
3.1854364406e+02
2.3039847409e+02
3.1905545187e+02
2.2991896889e+02
3.1956966368e+02
2.2944651122e+02
3.2008467011e+02
2.2897544939e+02
3.2059406134e+02
2.2850482077e+02
3.2109375343e+02
2.2803641707e+02
3.2159379708e+02
2.2756760776e+02
3.2210422858e+02
2.2710934265e+02
3.2261706509e+02
2.2665436954e+02
3.2312489559e+02
2.2619635173e+02
3.2362225513e+02
2.2572832903e+02
3.2411998098e+02
3.2461596551e+02
2.2525991014e+02
3.2511201532e+02
2.2480214398e+02
3.2560897089e+02
2.2434827731e+02
3.2610752103e+02
2.2389543959e+02
3.2660644176e+02
2.2344956319e+02
3.2709602230e+02
2.2300324478e+02
3.2758334824e+02
2.2255820166e+02
3.2807139499e+02
2.2211326263e+02
3.2856073125e+02
2.2166842030e+02
3.2905043733e+02
2.2122710543e+02
3.2953834716e+02
2.2078534117e+02
3.3002615281e+02
2.2034798206e+02
3.3051159604e+02
2.1991284159e+02
3.3098706047e+02
2.1947803996e+02
3.3146289358e+02
2.1905134808e+02
3.3194228353e+02
2.1862420267e+02
3.3242383578e+02
2.1819332172e+02
3.3290403398e+02
2.1775891882e+02
3.3337600362e+02
3.3384836188e+02
2.1732481256e+02
3.3432107813e+02
2.1690607930e+02
3.3479449108e+02
2.1648684320e+02
3.3526704818e+02
2.1607041737e+02
3.3573142167e+02
2.1565615113e+02
3.3619619458e+02
2.1524138921e+02
3.3665821806e+02
2.1483086991e+02
3.3711887843e+02
2.1441986995e+02
3.3758010853e+02
2.1400938893e+02
3.3804305172e+02
2.1359889916e+02
3.3850636636e+02
2.1318784894e+02
3.3896615187e+02
2.1278730491e+02
3.3942389296e+02
2.1238659981e+02
3.3988179301e+02
2.1198782757e+02
3.4033462060e+02
2.1159110230e+02
3.4078787314e+02
3.4123745147e+02
2.1119381413e+02
3.4168403700e+02
2.1079965396e+02
3.4213105130e+02
2.1040526244e+02
3.4257589117e+02
2.1001392146e+02
3.4302114493e+02
2.0962669778e+02
3.4346511600e+02
2.0923890171e+02
3.4390809357e+02
2.0885780316e+02
3.4435153365e+02
2.0847709522e+02
3.4478670932e+02
2.0809680490e+02
3.4522203195e+02
2.0771700567e+02
3.4565804446e+02
2.0733662681e+02
3.4609518665e+02
2.0696406360e+02
3.4653279538e+02
2.0659247848e+02
3.4696059580e+02
2.0622160361e+02
3.4738804480e+02
3.4781561105e+02
2.0585201425e+02
3.4824348533e+02
2.0548183897e+02
3.4867182640e+02
2.0511680209e+02
3.4909346314e+02
2.0475258014e+02
3.4951463639e+02
2.0438992048e+02
3.4993712161e+02
2.0403131311e+02
3.5036198289e+02
2.0367211219e+02
3.5078732083e+02
2.0331672106e+02
3.5120002891e+02
2.0296209684e+02
3.5161085327e+02
2.0260977638e+02
3.5201968802e+02
2.0226521328e+02
3.5242402401e+02
2.0192005752e+02
3.5282881855e+02
2.0157556142e+02
3.5323859276e+02
3.5364984976e+02
2.0123098519e+02
3.5405849534e+02
2.0088736796e+02
3.5446082257e+02
2.0054806270e+02
3.5486361545e+02
2.0020815696e+02
3.5526700776e+02
1.9987288427e+02
3.5567088995e+02
1.9953943495e+02
3.5607155026e+02
1.9920658847e+02
3.5646182782e+02
1.9887807045e+02
3.5685257564e+02
1.9854894940e+02
3.5724414780e+02
1.9822359635e+02
3.5763629636e+02
1.9790006746e+02
3.5802732425e+02
3.5841332915e+02
1.9757694334e+02
3.5879980424e+02
1.9725876522e+02
3.5918397795e+02
1.9693998222e+02
3.5956733218e+02
1.9662418628e+02
3.5995007696e+02
1.9631015721e+02
3.6032867404e+02
1.9599631689e+02
3.6070774235e+02
1.9568808627e+02
3.6108471003e+02
1.9537924770e+02
3.6146072521e+02
1.9507325077e+02
3.6183609567e+02
1.9476933016e+02
3.6220503636e+02
1.9446533587e+02
3.6257445300e+02
3.6294076721e+02
1.9416785827e+02
3.6330520917e+02
1.9386977121e+02
3.6366938876e+02
1.9357264730e+02
3.6402717988e+02
1.9327636264e+02
3.6438543717e+02
1.9297966952e+02
3.6474444665e+02
1.9269396148e+02
3.6510411283e+02
1.9240760684e+02
3.6546365826e+02
1.9212264506e+02
3.6581546433e+02
1.9183922952e+02
3.6616774582e+02
1.9155523289e+02
3.6651702883e+02
3.6686362823e+02
1.9127771890e+02
3.6721057569e+02
1.9099970449e+02
3.6755342303e+02
1.9072421245e+02
3.6789675973e+02
1.9045205053e+02
3.6823738350e+02
1.9017929384e+02
3.6857508390e+02
1.8991371533e+02
3.6891324584e+02
1.8964803639e+02
3.6924101637e+02
1.8938351911e+02
3.6956892097e+02
1.8912102863e+02
3.6989696989e+02
3.7022506006e+02
1.8885793088e+02
3.7055359926e+02
1.8860874534e+02
3.7087450635e+02
1.8836078123e+02
3.7119535901e+02
1.8811135222e+02
3.7151302254e+02
1.8785985979e+02
3.7182573723e+02
1.8760778636e+02
3.7213891444e+02
1.8736524531e+02
3.7244367925e+02
1.8712370203e+02
3.7274780355e+02
1.8688510100e+02
3.7305208481e+02
3.7335626682e+02
1.8665339108e+02
3.7366089839e+02
1.8642107213e+02
3.7395632966e+02
1.8619405187e+02
3.7425060986e+02
1.8596770423e+02
3.7454220480e+02
1.8574275159e+02
3.7482763105e+02
1.8552233621e+02
3.7511352882e+02
1.8530129161e+02
3.7539083501e+02
1.8508907312e+02
3.7566647165e+02
1.8487894249e+02
3.7594063700e+02
3.7621031501e+02
1.8467192043e+02
3.7648046701e+02
1.8447606118e+02
3.7674179257e+02
1.8427954873e+02
3.7700082216e+02
1.8408872108e+02
3.7725735478e+02
1.8389949218e+02
3.7750501924e+02
1.8371292889e+02
3.7775316838e+02
1.8353893709e+02
3.7799144327e+02
1.8336426809e+02
3.7822633545e+02
3.7845894976e+02
1.8320384691e+02
3.7868106914e+02
1.8304962830e+02
3.7890368428e+02
1.8289679675e+02
3.7911418521e+02
1.8275407941e+02
3.7931941232e+02
1.8261069040e+02
3.7952230843e+02
1.8248086728e+02
3.7971095415e+02
1.8235797404e+02
3.7990011491e+02
1.8223846889e+02
3.8007755968e+02
3.8024891854e+02
1.8214811854e+02
3.8041553561e+02
1.8205702854e+02
3.8054430962e+02
1.8198901473e+02
3.8067364090e+02
1.8193589065e+02
3.8078051302e+02
1.8188652371e+02
3.8087244325e+02
1.8188789193e+02
3.8096209258e+02
1.8188849007e+02
3.8102042644e+02
3.8107932157e+02
1.8193818659e+02
3.8108481098e+02
1.8202620266e+02
3.8104879459e+02
1.8211684244e+02
3.8101116687e+02
1.8228725146e+02
3.8092180855e+02
1.8245673009e+02
3.8083321495e+02
1.8317333330e+02
3.8009442535e+02
1.8440754183e+02
3.7874666027e+02
1.8564272073e+02
3.7739829923e+02
