2.7053877137e+02
2.6988762547e+02
2.7118894322e+02
2.6924343490e+02
2.7182359623e+02
2.6860783234e+02
2.7245820883e+02
2.6797213095e+02
2.7309978985e+02
2.6733149202e+02
2.7374791133e+02
2.6669030860e+02
2.7439600951e+02
2.6605198080e+02
2.7504041830e+02
2.6541710218e+02
2.7568478508e+02
2.6478209212e+02
2.7633263623e+02
2.6414728648e+02
2.7698501929e+02
2.6351249850e+02
2.7763750777e+02
2.6287820906e+02
2.7828063628e+02
2.6224333386e+02
2.7892356944e+02
2.6160826977e+02
2.7957204417e+02
2.6097828496e+02
2.8022801636e+02
2.6034938408e+02
2.8088411559e+02
2.5972410969e+02
2.8152557163e+02
2.5910612469e+02
2.8216610781e+02
2.5848794269e+02
2.8281853046e+02
2.5786037616e+02
2.8348920096e+02
2.5723009591e+02
2.8416011732e+02
2.5660415068e+02
2.8479445502e+02
2.5598903586e+02
2.8542474755e+02
2.5537370614e+02
2.8606195943e+02
2.5475647694e+02
2.8671120791e+02
2.5413852446e+02
2.8736062218e+02
2.5351903552e+02
2.8801632765e+02
2.5289100088e+02
2.8867308724e+02
2.5226264012e+02
2.8932788774e+02
2.5165531779e+02
2.8998062389e+02
2.5105706859e+02
2.9063357485e+02
2.5045728733e+02
2.9128265276e+02
2.4984927306e+02
2.9193097645e+02
2.4924096416e+02
2.9257811196e+02
2.4863721905e+02
2.9322309122e+02
2.4803579732e+02
2.9386829277e+02
2.4743487659e+02
2.9451778309e+02
2.9516858221e+02
2.4683524398e+02
2.9581976886e+02
2.4623528443e+02
2.9647372342e+02
2.4564133667e+02
2.9712796235e+02
2.4505109944e+02
2.9777266583e+02
2.4446067981e+02
2.9841406584e+02
2.4386583673e+02
2.9905638783e+02
2.4327064101e+02
2.9970309464e+02
2.4268195349e+02
3.0035008168e+02
2.4209803496e+02
3.0099655902e+02
2.4151441095e+02
3.0164291161e+02
2.4093348906e+02
3.0228899091e+02
2.4035218326e+02
3.0293499511e+02
2.3977373852e+02
3.0358131181e+02
2.3919780593e+02
3.0422203069e+02
2.3862209028e+02
3.0485990877e+02
2.3804805362e+02
3.0549911010e+02
2.3747359128e+02
3.0614884628e+02
2.3690412227e+02
3.0679896301e+02
2.3633983705e+02
3.0743263965e+02
2.3577523247e+02
3.0805609710e+02
2.3521330836e+02
3.0868154388e+02
2.3465061685e+02
3.0932777482e+02
2.3409148503e+02
3.0997435368e+02
2.3353678797e+02
3.1061434587e+02
2.3298174891e+02
3.1124952323e+02
2.3243022600e+02
3.1188445764e+02
2.3187818111e+02
3.1251648231e+02
2.3132955817e+02
3.1314888550e+02
2.3078601339e+02
3.1378162845e+02
2.3024209638e+02
3.1441465296e+02
2.2969923046e+02
3.1504744922e+02
2.2915560403e+02
3.1566257101e+02
2.2861676654e+02
3.1627806431e+02
3.1690326430e+02
2.2808637435e+02
3.1753825416e+02
2.2755560848e+02
3.1817347144e+02
2.2701616821e+02
3.1881271082e+02
2.2647419900e+02
3.1945325438e+02
2.2594275065e+02
3.2007938530e+02
2.2543293479e+02
3.2068805313e+02
2.2492267522e+02
3.2129707263e+02
2.2440248772e+02
3.2191548429e+02
2.2387922742e+02
3.2253518427e+02
2.2336089704e+02
3.2315518895e+02
2.2285529342e+02
3.2377540723e+02
2.2234925379e+02
3.2439598378e+02
2.2184291923e+02
3.2500615662e+02
2.2133556101e+02
3.2561583051e+02
2.2083052492e+02
3.2622598510e+02
2.2033354506e+02
3.2683656373e+02
2.1983612860e+02
3.2744748065e+02
2.1933941477e+02
3.2806563547e+02
2.1884186541e+02
3.2868613002e+02
2.1834709020e+02
3.2929686206e+02
2.1786429866e+02
3.2988746004e+02
3.3047842710e+02
2.1738102198e+02
3.3108514025e+02
2.1689970269e+02
3.3169625576e+02
2.1641838087e+02
3.3230405793e+02
2.1593779858e+02
3.3290315883e+02
2.1546312088e+02
3.3350267494e+02
2.1498793525e+02
3.3409676781e+02
2.1452838841e+02
3.3468990306e+02
2.1407661162e+02
3.3528379722e+02
2.1362137249e+02
3.3587894903e+02
2.1314649803e+02
3.3647451673e+02
2.1267115286e+02
3.3706707640e+02
2.1220971078e+02
3.3765928047e+02
2.1175606067e+02
3.3824970804e+02
2.1130262149e+02
3.3883211554e+02
2.1085690887e+02
3.3941495493e+02
2.1041065854e+02
3.4000117570e+02
2.0997284762e+02
3.4058981868e+02
3.4117725468e+02
2.0954068726e+02
3.4175668291e+02
2.0910739944e+02
3.4233655864e+02
2.0866419187e+02
3.4290863688e+02
2.0822054862e+02
3.4347704793e+02
2.0778810088e+02
3.4404737004e+02
2.0736412746e+02
3.4462752148e+02
2.0693951637e+02
3.4520814250e+02
2.0651482813e+02
3.4578166096e+02
2.0608958856e+02
3.4635116922e+02
2.0567043897e+02
3.4692059626e+02
2.0525688719e+02
3.4748446398e+02
2.0484267676e+02
3.4804881184e+02
2.0443242843e+02
3.4861227679e+02
2.0402173753e+02
3.4917555643e+02
2.0362004501e+02
3.4973902428e+02
3.5029647133e+02
2.0322893304e+02
3.5085440070e+02
2.0283716044e+02
3.5141251489e+02
2.0243581026e+02
3.5197130045e+02
2.0203320271e+02
3.5253049319e+02
2.0163767295e+02
3.5307641024e+02
2.0125172205e+02
3.5362282081e+02
2.0086508748e+02
3.5416811734e+02
2.0048279260e+02
3.5471261302e+02
2.0010051334e+02
3.5525765334e+02
1.9972540398e+02
3.5580657105e+02
1.9936253893e+02
3.5635606543e+02
1.9899901425e+02
3.5689685741e+02
1.9862786769e+02
3.5742748204e+02
3.5795865328e+02
1.9825488537e+02
3.5850146387e+02
1.9788348622e+02
3.5904559050e+02
1.9751464601e+02
3.5958514846e+02
1.9714509211e+02
3.6011878699e+02
1.9679887358e+02
3.6065299826e+02
1.9645774016e+02
3.6117693768e+02
1.9611130611e+02
3.6170004308e+02
1.9575123814e+02
3.6222660387e+02
1.9539042872e+02
3.6275948341e+02
1.9505460808e+02
3.6329296288e+02
1.9472593127e+02
3.6380665229e+02
1.9439426442e+02
3.6431723449e+02
3.6482980819e+02
1.9405355821e+02
3.6534659481e+02
1.9371212877e+02
3.6586397509e+02
1.9338480570e+02
3.6637818700e+02
1.9306238802e+02
3.6689204321e+02
1.9274084917e+02
3.6740150326e+02
1.9242372783e+02
3.6789989656e+02
1.9210591135e+02
3.6839887076e+02
1.9178871380e+02
3.6890494547e+02
1.9147146742e+02
3.6941353499e+02
1.9115796390e+02
3.6991807006e+02
1.9086511376e+02
3.7040992539e+02
3.7090237093e+02
1.9057159141e+02
3.7139734701e+02
1.9026784193e+02
3.7189360454e+02
1.8995828686e+02
3.7238752878e+02
1.8965064362e+02
3.7287176086e+02
1.8935563821e+02
3.7335658899e+02
1.8905991868e+02
3.7384029425e+02
1.8876869239e+02
3.7432377681e+02
1.8848019239e+02
3.7480645780e+02
1.8819200772e+02
3.7528387987e+02
1.8791094583e+02
3.7576190371e+02
3.7623474354e+02
1.8762917185e+02
3.7670498960e+02
1.8735375758e+02
3.7717427130e+02
1.8708310451e+02
3.7763449847e+02
1.8681203373e+02
3.7809532437e+02
1.8653913128e+02
3.7855920221e+02
1.8626548188e+02
3.7902522228e+02
1.8600146591e+02
3.7948989003e+02
1.8574615476e+02
3.7993751833e+02
1.8549035868e+02
3.8038574688e+02
1.8523521562e+02
3.8083876049e+02
3.8129555101e+02
1.8497933997e+02
3.8175161140e+02
1.8472885400e+02
3.8218511142e+02
1.8448419464e+02
3.8261921724e+02
1.8423889413e+02
3.8305761766e+02
1.8399520871e+02
3.8349992078e+02
1.8375060524e+02
3.8394248509e+02
1.8351011830e+02
3.8437100324e+02
1.8327500701e+02
3.8480014543e+02
1.8303923583e+02
3.8522686907e+02
3.8565096468e+02
1.8281131213e+02
3.8607565723e+02
1.8258309812e+02
3.8648757244e+02
1.8235884800e+02
3.8689974002e+02
1.8214084023e+02
3.8730957941e+02
1.8192216224e+02
3.8771633263e+02
1.8169961793e+02
3.8812368917e+02
1.8147559800e+02
3.8852298454e+02
1.8126057094e+02
3.8892233435e+02
3.8931739097e+02
1.8106187958e+02
3.8970579735e+02
1.8086247655e+02
3.9009482105e+02
1.8066328805e+02
3.9047589135e+02
1.8046335603e+02
3.9085658707e+02
1.8026659261e+02
3.9123376991e+02
1.8007731931e+02
3.9160431071e+02
1.7988733218e+02
3.9197548111e+02
1.7970278887e+02
3.9233353216e+02
3.9268977529e+02
1.7951873638e+02
3.9304397122e+02
1.7933810395e+02
3.9339315017e+02
1.7916736414e+02
3.9374295525e+02
1.7899588530e+02
3.9408254815e+02
1.7883136519e+02
3.9442031343e+02
1.7866821969e+02
3.9475444268e+02
1.7850732154e+02
3.9507832030e+02
1.7835515182e+02
3.9540285153e+02
3.9571478438e+02
1.7820220626e+02
3.9602339088e+02
1.7806146613e+02
3.9632821553e+02
1.7792468405e+02
3.9661976975e+02
1.7778995114e+02
3.9691199427e+02
1.7766576045e+02
3.9718602942e+02
1.7754075861e+02
3.9745357613e+02
1.7742879924e+02
3.9772062916e+02
1.7732218464e+02
3.9798368968e+02
3.9824740767e+02
1.7721844426e+02
3.9848763976e+02
1.7713325226e+02
3.9871761683e+02
1.7704719004e+02
3.9894431349e+02
1.7697906321e+02
3.9915096304e+02
1.7692025309e+02
3.9935830628e+02
1.7686450374e+02
3.9954776769e+02
1.7683673746e+02
3.9972792669e+02
3.9990363685e+02
1.7680802329e+02
4.0004236008e+02
1.7681033761e+02
4.0018186059e+02
1.7683249870e+02
4.0028943305e+02
1.7685913065e+02
4.0037640687e+02
1.7694720637e+02
4.0045918132e+02
1.7703425069e+02
4.0048560549e+02
1.7718857890e+02
4.0051291612e+02
4.0044887129e+02
1.7739528263e+02
4.0031348840e+02
1.7760099220e+02
4.0018363290e+02
1.7780681184e+02
4.0016497917e+02
1.7801104776e+02
4.0014778083e+02
1.7914661027e+02
3.9892739846e+02
1.8115976366e+02
3.9658147254e+02
1.8317406035e+02
3.9423468159e+02
