1.3251367636e-03 -8.9481297543e-07
3.3361986224e-05 6.3747203595e-07
2.0156179842e-03 5.6694013672e-06
1.3747475812e-03 -5.1341283347e-06
2.0389611671e-03 1.3043539596e-05
2.0333785236e-03 -1.5358724573e-05
1.3992288060e-03 1.3759052291e-05
2.0238065138e-03 -2.2153311481e-05
9.8476810805e-05 1.6080908442e-06
1.3595561270e-03 -1.9052797383e-05
1.2827807401e-03 1.9423395116e-05
3.3296633758e-05 -1.8013331654e-07
2.0018887728e-03 3.5557209143e-05
1.3255691828e-03 -2.4677999882e-05
2.0552158776e-03 4.1063647183e-05
2.0122967288e-03 -4.4153560230e-05
1.4433845389e-03 3.2965024395e-05
2.0400988870e-03 -5.1535809870e-05
1.6468516704e-04 4.8048083404e-06
1.4082609444e-03 -4.0355662607e-05
1.2386005948e-03 3.6105718019e-05
9.9554690856e-05 -3.0699458091e-06
1.9797791041e-03 6.2771785492e-05
1.2795521290e-03 -4.1768177003e-05
2.0548547705e-03 7.1230524773e-05
1.9931439607e-03 -7.2131415548e-05
1.4733431003e-03 5.6985495647e-05
2.0471135471e-03 -8.1938872901e-05
2.2958597286e-04 1.0075726306e-05
1.4417464663e-03 -6.3240639081e-05
1.1950784499e-03 4.7085229266e-05
1.6548695056e-04 -7.8944618698e-06
1.9555714946e-03 8.5830490973e-05
1.2392698525e-03 -5.8370537463e-05
2.0556526449e-03 1.0023788875e-04
1.9741428996e-03 -9.9566042305e-05
1.5078044844e-03 7.9192116950e-05
2.0440864834e-03 -1.0929243423e-04
2.9052284167e-04 1.7205616426e-05
1.4649054264e-03 -8.2727814172e-05
1.1415774294e-03 6.4236853823e-05
2.3017715146e-04 -1.4106559562e-05
1.9278449357e-03 1.1561502891e-04
1.1891779323e-03 -7.4208303601e-05
2.0542193819e-03 1.3855975146e-04
1.9446156095e-03 -1.2683201263e-04
1.5377929415e-03 1.2001338758e-04
2.0413315375e-03 -1.4225806106e-04
3.5276175522e-04 3.2186943529e-05
1.4993559079e-03 -1.1430477580e-04
1.0759465178e-03 7.8667188155e-05
2.9244979677e-04 -2.4792304589e-05
1.8832009610e-03 1.4155586545e-04
1.1223604756e-03 -8.5076035515e-05
2.0472833689e-03 1.5908639103e-04
1.9016469228e-03 -1.4990542365e-04
1.5586252046e-03 1.2502626134e-04
2.0403212923e-03 -1.6698425361e-04
4.1010923512e-04 3.4374949075e-05
1.5261344452e-03 -1.2889485382e-04
1.0318700959e-03 8.9102100240e-05
3.5192387021e-04 -3.0960301274e-05
1.8565770785e-03 1.6517319994e-04
1.0752430831e-03 -9.7874387349e-05
2.0305291737e-03 1.8629605592e-04
1.8742672597e-03 -1.7504833548e-04
1.5757438384e-03 1.5068058086e-04
2.0233559026e-03 -1.9389272299e-04
4.6582668575e-04 4.7411041835e-05
1.5315414774e-03 -1.5245066212e-04
9.7451118049e-04 9.8074327184e-05
4.0235473058e-04 -4.1770869629e-05
1.8176530793e-03 1.8777372206e-04
1.0250061255e-03 -1.0383265536e-04
2.0168779848e-03 2.1794399326e-04
1.8420931710e-03 -1.9373394439e-04
1.5925872642e-03 1.8436049176e-04
2.0120965837e-03 -2.2058914844e-04
5.1725063689e-04 6.5056821242e-05
1.5527938935e-03 -1.7568820566e-04
9.1357787026e-04 1.0557487469e-04
4.5709989531e-04 -5.3385522935e-05
1.7738561013e-03 2.0879855512e-04
9.6457900929e-04 -1.1348071342e-04
1.9977613016e-03 2.4546115572e-04
1.7977295458e-03 -2.1685577443e-04
1.6014936771e-03 2.0941026432e-04
1.9918032962e-03 -2.4687754565e-04
5.6526585355e-04 7.9511718396e-05
1.5694001370e-03 -2.0085533456e-04
8.5628781691e-04 1.1334537367e-04
5.1094264652e-04 -6.7841964991e-05
1.7305323691e-03 2.3040440368e-04
9.0894828849e-04 -1.2070644065e-04
1.9714856396e-03 2.6807783670e-04
1.7576817891e-03 -2.3749935949e-04
1.5993784821e-03 2.2435290764e-04
1.9695193332e-03 -2.7152869346e-04
6.0876497499e-04 8.8801480101e-05
1.5687173621e-03 -2.2185444886e-04
7.9856334658e-04 1.1427627915e-04
5.5393199904e-04 -8.0675809331e-05
1.6829979224e-03 2.4479651779e-04
8.4979263592e-04 -1.2429939240e-04
1.9455172689e-03 2.9024663983e-04
1.7115944524e-03 -2.5474729873e-04
1.6082202172e-03 2.4681068943e-04
1.9462716013e-03 -2.9579646735e-04
6.5235759580e-04 1.0352714010e-04
1.5841612289e-03 -2.4672479503e-04
7.3575602096e-04 1.1743036955e-04
6.0284548053e-04 -9.6395121488e-05
1.6346276315e-03 2.6352260431e-04
7.8262747966e-04 -1.2584389785e-04
1.9172191369e-03 3.1464010218e-04
1.6561202759e-03 -2.6994100996e-04
1.6052392720e-03 2.7061380270e-04
1.9206300344e-03 -3.1794156388e-04
6.9016893817e-04 1.2016994028e-04
1.5892040053e-03 -2.6764228607e-04
6.7560141597e-04 1.1805496161e-04
6.4557626130e-04 -1.1098407772e-04
1.5825539955e-03 2.7816381823e-04
7.2925200298e-04 -1.2790361373e-04
1.8826264795e-03 3.3730875888e-04
1.6161582184e-03 -2.8653919319e-04
1.6015920857e-03 2.9268789946e-04
1.8884502716e-03 -3.3919652428e-04
7.2625859089e-04 1.3646237802e-04
1.5707054628e-03 -2.8893078519e-04
6.1498117417e-04 1.1659510392e-04
6.7202614078e-04 -1.2683278257e-04
1.5301505623e-03 2.9123227686e-04
6.7120478773e-04 -1.2651917915e-04
1.8473923613e-03 3.5778206349e-04
1.5696217066e-03 -2.9892738898e-04
1.5927542199e-03 3.1441116950e-04
1.8574605201e-03 -3.6081235778e-04
7.5783116587e-04 1.5347003057e-04
1.5847926779e-03 -3.1704886867e-04
5.5403084832e-04 1.1322496187e-04
7.2132155257e-04 -1.4874537815e-04
1.4737908879e-03 3.0178116891e-04
6.0338758643e-04 -1.2311382240e-04
1.8081756255e-03 3.7630557358e-04
1.5022125436e-03 -3.0815314578e-04
1.5833081037e-03 3.3495398710e-04
1.8222983704e-03 -3.7965044925e-04
7.8745047663e-04 1.7041131289e-04
1.5757563280e-03 -3.3266130102e-04
4.9354823101e-04 1.0870586670e-04
7.5186456093e-04 -1.6162211454e-04
1.4184621909e-03 3.1184358579e-04
5.4280213672e-04 -1.1796228627e-04
1.7681484192e-03 3.9388238197e-04
1.4454229613e-03 -3.1608911995e-04
1.5668976793e-03 3.5649051840e-04
1.7823541010e-03 -3.9559844105e-04
8.1136455307e-04 1.8985582433e-04
1.5658981623e-03 -3.5292157634e-04
4.3377835402e-04 1.0255557621e-04
7.8109437687e-04 -1.7934956103e-04
1.3595613701e-03 3.1783549168e-04
4.8246443496e-04 -1.1160294716e-04
1.7220418810e-03 4.0849027107e-04
1.3889549765e-03 -3.2267125295e-04
1.5457822624e-03 3.7184521739e-04
1.7436585734e-03 -4.1121962533e-04
8.3074118587e-04 2.0372288488e-04
1.5458196293e-03 -3.7295390279e-04
3.7862507990e-04 9.4778624963e-05
8.0069955198e-04 -1.9784149905e-04
1.3044992892e-03 3.2396868020e-04
4.2607719497e-04 -1.0530631564e-04
1.6763248220e-03 4.2230458480e-04
1.3351754174e-03 -3.2936508542e-04
1.5271899303e-03 3.9136922640e-04
1.7010163267e-03 -4.2439167321e-04
8.5026233828e-04 2.2238217115e-04
1.5285357928e-03 -3.8539467226e-04
3.1783173143e-04 8.4854264322e-05
8.2139774581e-04 -2.1025362148e-04
3.7227777427e-04 -9.7123703958e-05
1.2417892656e-03 3.2717822036e-04
1.2876345394e-03 -3.3516813914e-04
1.6320559234e-03 4.3474498892e-04
1.6594706331e-03 -4.3710626472e-04
1.5074251870e-03 4.0610955793e-04
1.5087538755e-03 -4.0385630216e-04
8.6587002630e-04 2.3692908290e-04
8.3929198267e-04 -2.2904056628e-04
2.6118358138e-04 7.3636404801e-05
3.1854821941e-04 -8.8463782846e-05
1.1846398830e-03 3.2957930020e-04
1.2385074632e-03 -3.3986108470e-04
1.5830364847e-03 4.4457024147e-04
1.6178771139e-03 -4.4874759167e-04
1.4804212709e-03 4.1949874161e-04
1.4837609314e-03 -4.1695590048e-04
8.7667638113e-04 2.5210122902e-04
8.5157327104e-04 -2.4335301278e-04
2.0724390849e-04 6.2526461827e-05
2.6240359486e-04 -7.6774323358e-05
1.1294287723e-03 3.3083258231e-04
1.1727196850e-03 -3.3790395460e-04
1.5333129866e-03 4.5422008566e-04
1.5677486927e-03 -4.5615191910e-04
1.4467176254e-03 4.4320273508e-04
1.4679157811e-03 -4.3173861923e-04
8.8101009255e-04 2.8032451551e-04
8.7054292526e-04 -2.5973322844e-04
1.5243424952e-04 5.1587848036e-05
2.0595297218e-04 -6.3551941012e-05
1.0618139906e-03 3.2738825504e-04
1.1168704442e-03 -3.3692776261e-04
1.4787634608e-03 4.6083168632e-04
1.5216729991e-03 -4.6406433184e-04
1.4184983106e-03 4.5205366264e-04
1.4377429966e-03 -4.5122948775e-04
8.8730740001e-04 2.9000833634e-04
8.7653416393e-04 -2.8346170514e-04
1.0200600473e-04 3.6938097930e-05
1.5343411739e-04 -5.0909800390e-05
1.0010936667e-03 3.2515440972e-04
1.0485571752e-03 -3.3138348583e-04
1.4245500511e-03 4.6483842993e-04
1.4672422088e-03 -4.6741116468e-04
1.3855292869e-03 4.5475253961e-04
1.4161371533e-03 -4.5446270406e-04
8.8896944006e-04 2.9473892504e-04
8.8965814350e-04 -2.8824442303e-04
5.6557066685e-05 2.0927655375e-05
1.0498976268e-04 -3.5809964767e-05
9.5083689630e-04 3.2092405711e-04
9.9618579276e-04 -3.2848807487e-04
1.3752831337e-03 4.6713221066e-04
1.4201950070e-03 -4.7138214026e-04
1.3495615357e-03 4.6137016747e-04
1.3896331168e-03 -4.6465400213e-04
8.8708066881e-04 3.0651062477e-04
8.9660188958e-04 -3.0300592389e-04
9.1538450009e-06 5.6123706871e-06
5.4954139755e-05 -2.0482501655e-05
8.9210576851e-04 3.1376137495e-04
9.4141258556e-04 -3.2300936161e-04
1.3201696340e-03 4.6812820978e-04
1.3715893794e-03 -4.7370429882e-04
1.3140971873e-03 4.7221539060e-04
1.3527821424e-03 -4.7120103745e-04
8.8423441000e-04 3.2275297471e-04
8.8925458291e-04 -3.1334549681e-04
2.9677399121e-05 1.3356249534e-05
8.2742031348e-06 -5.1052020791e-06
8.3240088264e-04 3.0500185555e-04
8.9192742309e-04 -3.1814582774e-04
1.2640128400e-03 4.6621094757e-04
1.3247629447e-03 -4.7563059907e-04
1.2769534475e-03 4.7541949301e-04
1.3205671668e-03 -4.7883431190e-04
8.8150782898e-04 3.3228197296e-04
8.8880275529e-04 -3.2621159419e-04
7.2412626026e-05 2.9931297793e-05
3.0576547280e-05 -1.3145651271e-05
8.4087168453e-04 -3.1100506650e-04
7.7598241327e-04 2.9691139520e-04
1.2761865679e-03 -4.7503324396e-04
1.2088024316e-03 4.6508424197e-04
1.2835742280e-03 -4.8229520173e-04
1.2377996656e-03 4.8208638734e-04
8.8131397753e-04 -3.3522389294e-04
8.7087341879e-04 3.4504107841e-04
7.1401917367e-05 -2.9376628498e-05
1.0567190255e-04 4.4721149359e-05
7.8428958015e-04 -3.0221870930e-04
7.1918911749e-04 2.8542283838e-04
1.2227694852e-03 -4.7268750599e-04
1.1527642926e-03 4.5980427818e-04
1.2512309255e-03 -4.8556580865e-04
1.1970771126e-03 4.8120462940e-04
8.7869717338e-04 -3.4331829836e-04
8.6014974288e-04 3.4931936567e-04
1.0902860753e-04 -4.3955427045e-05
1.4085871328e-04 5.9593811783e-05
7.3267363701e-04 -2.9143183601e-04
6.6999265858e-04 2.7660054560e-04
1.1718725076e-03 -4.6831795108e-04
1.1008853858e-03 4.5636179239e-04
1.2180470452e-03 -4.8958416583e-04
1.1556283497e-03 4.8251430141e-04
8.7836824038e-04 -3.5622449342e-04
8.4586339292e-04 3.5727655890e-04
1.4343636550e-04 -6.0303877270e-05
1.6818616021e-04 7.4205516718e-05
6.7912475496e-04 -2.7974050675e-04
6.1765875765e-04 2.6537965173e-04
1.1192033223e-03 -4.6288213233e-04
1.0470276060e-03 4.5057701017e-04
1.1776908420e-03 -4.9078374098e-04
1.1135888079e-03 4.8207304343e-04
8.6294349607e-04 -3.6386172492e-04
8.2959942961e-04 3.6301186629e-04
1.7300559380e-04 -7.5693344479e-05
1.9508134162e-04 8.8116376697e-05
6.2754461928e-04 -2.6786135853e-04
5.6592428142e-04 2.5116880372e-04
1.0663508791e-03 -4.5595271899e-04
9.9117915707e-04 4.4046338912e-04
1.1404212781e-03 -4.8979586862e-04
1.0711559962e-03 4.7784726938e-04
8.5416784211e-04 -3.6954043501e-04
8.1257643919e-04 3.6494381111e-04
2.0148900880e-04 -8.9281207420e-05
2.1722437648e-04 9.9370612674e-05
5.7872491610e-04 -2.5442738588e-04
5.2104403703e-04 2.3822846372e-04
1.0149151619e-03 -4.4725164000e-04
9.4118505317e-04 4.3161531638e-04
1.0970122063e-03 -4.8601221469e-04
1.0253484686e-03 4.7284067286e-04
8.3174822739e-04 -3.7172408784e-04
7.9184041675e-04 3.6844956775e-04
2.2360430782e-04 -1.0231388099e-04
2.3774232943e-04 1.1256335844e-04
5.3486781254e-04 -2.4271700036e-04
9.6711752547e-04 -4.3948084198e-04
4.7482101409e-04 2.2384134235e-04
1.0557736932e-03 -4.8224803268e-04
8.8855135798e-04 4.2045159829e-04
8.1322026995e-04 -3.7474682595e-04
9.8175544239e-04 4.6817872730e-04
2.4260587849e-04 -1.1445393718e-04
7.7248810111e-04 3.7330471883e-04
4.8845299316e-04 -2.2862351261e-04
2.5456914510e-04 1.2620295424e-04
9.1668711307e-04 -4.2906044174e-04
4.2715172100e-04 2.1079968530e-04
1.0139737401e-03 -4.7709280364e-04
8.3303120148e-04 4.0959316971e-04
7.9392349522e-04 -3.7721952594e-04
9.3681631168e-04 4.6078488730e-04
2.6041676204e-04 -1.2655560344e-04
7.4853529262e-04 3.7013148865e-04
4.4755186762e-04 -2.1496156251e-04
2.6609154875e-04 1.3352689653e-04
8.7033278710e-04 -4.1848526891e-04
3.8511190242e-04 1.9435995356e-04
9.7018782016e-04 -4.7182506141e-04
7.8505055239e-04 3.9620880993e-04
7.7146551631e-04 -3.8488488840e-04
8.9302229483e-04 4.5254955911e-04
2.7543073826e-04 -1.4189723691e-04
7.2227880936e-04 3.6959375088e-04
3.9733386751e-04 -1.9738265514e-04
2.7622421378e-04 1.4399132755e-04
8.1017198279e-04 -4.0113647083e-04
3.4401828042e-04 1.8026416265e-04
9.2793136409e-04 -4.6168239868e-04
7.3303728342e-04 3.8224577101e-04
7.5694638962e-04 -3.7905480913e-04
8.4671418917e-04 4.4127119481e-04
2.9181862083e-04 -1.4843079923e-04
6.9700366803e-04 3.6460293878e-04
3.5572025138e-04 -1.8168767845e-04
2.8328322244e-04 1.5005805015e-04
7.5998794914e-04 -3.8703683402e-04
3.0701070989e-04 1.6486415877e-04
8.8373793704e-04 -4.5145336711e-04
6.8846479885e-04 3.6871320362e-04
7.2922643987e-04 -3.7594273550e-04
8.0200357202e-04 4.3095102302e-04
2.9853395713e-04 -1.5648639043e-04
6.6443596623e-04 3.6398533367e-04
3.1691320351e-04 -1.6605744391e-04
2.8506457431e-04 1.5975104847e-04
7.1128742472e-04 -3.7129944050e-04
8.3671395769e-04 -4.3859182790e-04
2.6981166391e-04 1.5188369899e-04
6.9863371986e-04 -3.6875263244e-04
6.3836324006e-04 3.5541954804e-04
3.0208372442e-04 -1.6167776961e-04
7.5381143422e-04 4.1762381294e-04
2.8152197261e-04 -1.5164634630e-04
6.3643107880e-04 3.5568180206e-04
6.6554266648e-04 -3.5677822213e-04
2.8896645943e-04 1.6416755380e-04
7.8909521452e-04 -4.2456821931e-04
2.3302807288e-04 1.3243681236e-04
6.6607599051e-04 -3.6056860891e-04
5.8732146998e-04 3.3158196815e-04
3.0255678124e-04 -1.6604545230e-04
7.0945534793e-04 4.0265944965e-04
2.4913338969e-04 -1.3770818374e-04
6.1050945636e-04 3.4815221361e-04
6.2289020197e-04 -3.4212891713e-04
2.9057052492e-04 1.6748059602e-04
7.4207939532e-04 -4.0949900818e-04
1.9978997097e-04 1.1679958485e-04
6.3206665041e-04 -3.5135456876e-04
5.4119698302e-04 3.1463888782e-04
3.0042250052e-04 -1.6947303434e-04
6.6228605271e-04 3.8644767018e-04
2.1213816788e-04 -1.2122730294e-04
5.7628970794e-04 3.3778434707e-04
5.6919514288e-04 -3.2143813950e-04
2.8660689184e-04 1.6982513168e-04
6.9336704077e-04 -3.9187707023e-04
1.6960407979e-04 1.0339065493e-04
6.0128461835e-04 -3.4090975560e-04
4.9405136366e-04 2.9728907034e-04
2.9850527043e-04 -1.7109313743e-04
6.1355789558e-04 3.6772336905e-04
1.7763085339e-04 -1.0370304338e-04
5.4129298995e-04 3.2832006132e-04
5.1769062512e-04 -2.9859729883e-04
2.7946416749e-04 1.7276305032e-04
6.4304785585e-04 -3.7173123650e-04
1.4054577122e-04 8.7204575903e-05
5.6731953002e-04 -3.2990941187e-04
4.4989495739e-04 2.7498591895e-04
2.9317843104e-04 -1.7268193076e-04
1.4497377684e-04 -8.7308298605e-05
5.6495613908e-04 3.4843892967e-04
4.6583378547e-04 -2.7536182901e-04
5.0190209989e-04 3.1954001384e-04
5.9200438332e-04 -3.5030359212e-04
2.6777247920e-04 1.7633234527e-04
5.3227058292e-04 -3.1643241302e-04
1.0990649703e-04 7.3047782999e-05
2.8583656868e-04 -1.7195843087e-04
3.9557402320e-04 2.5178819514e-04
1.1689932935e-04 -7.2533886869e-05
5.1311391180e-04 3.2432430440e-04
4.1819458322e-04 -2.5301508052e-04
4.6520176086e-04 2.9265002472e-04
5.3925460842e-04 -3.2660499032e-04
2.5687232130e-04 1.6232448149e-04
4.8951047961e-04 -2.9827423546e-04
8.8960658804e-05 5.8870562739e-05
2.7117899644e-04 -1.6740061226e-04
3.5851093504e-04 2.3206631882e-04
9.0887071921e-05 -5.8470772915e-05
4.6490504216e-04 3.0064837835e-04
3.6898876713e-04 -2.2872219348e-04
4.1915664577e-04 2.7546078525e-04
4.8355982957e-04 -2.9932257238e-04
2.3608746773e-04 1.5856139552e-04
4.4359888120e-04 -2.7509664227e-04
6.4674161465e-05 4.4072896243e-05
2.5293709316e-04 -1.5855549503e-04
3.0802451538e-04 2.0190578991e-04
6.8341579715e-05 -4.6300936559e-05
4.0812695214e-04 2.6870396887e-04
3.2243833474e-04 -2.0631615320e-04
3.7583504857e-04 2.4933859513e-04
4.2614497057e-04 -2.7127742176e-04
2.1951000608e-04 1.4711799880e-04
3.8807136375e-04 -2.5040663928e-04
4.6065987292e-05 3.2779352003e-05
2.2437197461e-04 -1.4794984266e-04
2.6119937614e-04 1.7699376838e-04
4.7783973083e-05 -3.2645998580e-05
2.7272608391e-04 -1.7442841621e-04
3.4878004493e-04 2.3619596213e-04
3.6571925583e-04 -2.3506379843e-04
3.2177993840e-04 2.1885166859e-04
3.3688121671e-04 -2.1958104031e-04
1.9144258103e-04 1.3159374502e-04
2.0005129080e-04 -1.3247064911e-04
2.8500699119e-05 2.1978226764e-05
3.0363407663e-05 -2.2591355284e-05
2.1096273277e-04 1.4674517887e-04
2.2274232563e-04 -1.4819954274e-04
2.8394396555e-04 1.9708793925e-04
2.9873152623e-04 -1.9814126931e-04
2.6052057514e-04 1.8264610327e-04
2.7239316857e-04 -1.8169262842e-04
1.5639315438e-04 1.1126611746e-04
1.6304649041e-04 -1.1017018520e-04
1.4145497261e-05 1.2050017226e-05
1.5683045362e-05 -1.3707629088e-05
1.5419118735e-04 1.0935266922e-04
1.6654612972e-04 -1.1425424050e-04
2.0690072639e-04 1.4641810581e-04
2.2199589278e-04 -1.4986730247e-04
1.8848333312e-04 1.3194647462e-04
1.9358991025e-04 -1.2851540276e-04
1.1406200439e-04 7.9812899821e-05
1.1164505718e-04 -7.4097677497e-05
2.8245734812e-06 1.0690812893e-05
4.5314985260e-06 -9.2230786457e-06
9.0170255534e-05 9.3335488490e-05
1.1427253191e-04 -8.6220806408e-05
1.0944413229e-04 9.8759503942e-05
1.3304911074e-04 -9.5652282952e-05
5.8849050404e-05 4.3355276157e-05
7.1105961259e-05 -4.7780508688e-05
9.4214910545e-06 5.9021854143e-06
1.7923937626e-05 -1.0794940564e-05
-3.6120245323e-06 -3.4280812590e-07
-2.9642006072e-06 9.0048657308e-07
