1.8012833878e-06 -8.5853558952e-09
2.9844156331e-01 8.5945770351e-04
5.9110739201e-01 3.4150584795e-03
8.7789720714e-01 7.5929084681e-03
1.1587700632e+00 1.3345874485e-02
1.4336370966e+00 2.0608357567e-02
1.7024551027e+00 2.9325858971e-02
1.9651082040e+00 3.9444464586e-02
2.2215851959e+00 5.0897123261e-02
2.4717582837e+00 6.3637510298e-02
2.7155967782e+00 7.7598255956e-02
2.9529919198e+00 9.2728210816e-02
3.1839147340e+00 1.0897447042e-01
3.4082662031e+00 1.2626769424e-01
3.6260024292e+00 1.4456706817e-01
3.8370342337e+00 1.6379905386e-01
4.0413218759e+00 1.8392456345e-01
4.2387634142e+00 2.0486764897e-01
4.4293219124e+00 2.2658558865e-01
4.6129362719e+00 2.4900839940e-01
4.7895427458e+00 2.7208747649e-01
4.9590962896e+00 2.9575635252e-01
5.1215456438e+00 3.1995996332e-01
5.2768214677e+00 3.4464344195e-01
5.4248931274e+00 3.6974230123e-01
5.5657013504e+00 3.9520363568e-01
5.6992209277e+00 4.2096185710e-01
5.8253956186e+00 4.4696366491e-01
5.9442308210e+00 4.7314526582e-01
6.0556550903e+00 4.9945357442e-01
6.1596796382e+00 5.2582091808e-01
6.2562457948e+00 5.5219002531e-01
6.3453828035e+00 5.7850456001e-01
6.4270259511e+00 6.0469935324e-01
6.5012121793e+00 6.3071977201e-01
6.5679418476e+00 6.5650999910e-01
6.6271779129e+00 6.8199643679e-01
6.6789421493e+00 7.0713209869e-01
6.7232709828e+00 7.3185590090e-01
6.7601605114e+00 7.5610693816e-01
6.7896371368e+00 7.7981936946e-01
6.8117290681e+00 8.0294738167e-01
6.8264734331e+00 8.2542039131e-01
6.8339270315e+00 8.4719057851e-01
6.8341082958e+00 8.6819552806e-01
6.8270925201e+00 8.8837883271e-01
6.8129331884e+00 9.0768156013e-01
6.7916524178e+00 9.2605565456e-01
6.7633874732e+00 9.4343986141e-01
6.7281733479e+00 9.5978317625e-01
6.6861075287e+00 9.7503141585e-01
6.6372492932e+00 9.8912642421e-01
6.5817180298e+00 1.0020246590e+00
6.5196104476e+00 1.0136810163e+00
6.4510490881e+00 1.0240323153e+00
6.3761124713e+00 1.0330370054e+00
6.2949468647e+00 1.0406460066e+00
6.2076640186e+00 1.0468218760e+00
6.1144107079e+00 1.0515163984e+00
6.0153120628e+00 1.0546884377e+00
5.9105067580e+00 1.0563034781e+00
5.8001616751e+00 1.0563133988e+00
5.6844335988e+00 1.0547034922e+00
5.5634838930e+00 1.0514243010e+00
5.4374738955e+00 1.0464468374e+00
5.3065834388e+00 1.0397495846e+00
5.1710033023e+00 1.0313071909e+00
5.0309242341e+00 1.0211011678e+00
4.8865430671e+00 1.0091121373e+00
4.7380497267e+00 9.9532154816e-01
4.5856736558e+00 9.7972840275e-01
4.4296172956e+00 9.6232065107e-01
4.2701253327e+00 9.4310038205e-01
4.1074098824e+00 9.2207073314e-01
3.9417354230e+00 8.9924566127e-01
3.7733521423e+00 8.7463545635e-01
3.6025049915e+00 8.4826285829e-01
3.4294634561e+00 8.2014690159e-01
3.2545477574e+00 7.9033622384e-01
3.0780127265e+00 7.5886594592e-01
2.9001987890e+00 7.2578734970e-01
2.7214164174e+00 6.9116244144e-01
2.5420016059e+00 6.5506330601e-01
2.3623407498e+00 6.1756795555e-01
2.1828173110e+00 5.7877422381e-01
2.0038293089e+00 5.3878739118e-01
1.8258613551e+00 4.9774095975e-01
1.6493835529e+00 4.5577599924e-01
1.4749266569e+00 4.1306533176e-01
1.3031212788e+00 3.6979649215e-01
1.1346439859e+00 3.2619320530e-01
9.7025542156e-01 2.8254224297e-01
8.1087431794e-01 2.3914099239e-01
6.5764104408e-01 1.9637552836e-01
5.1180596225e-01 1.5472550353e-01
3.7519040981e-01 1.1487406528e-01
2.5025047903e-01 7.7511274072e-02
1.4001672542e-01 4.3837403060e-02
5.0928087695e-02 1.5476087482e-02
-2.1114129712e-06 3.0038633116e-07
