0.0000000000e+00
0.0000000000e+00
0.0000000000e+00
0.0000000000e+00
0.0000000000e+00
0.0000000000e+00
4.1161416521e-02
1.1526595259e-01
1.1728946413e-01
1.1727622213e-01
1.1725988108e-01
1.1735910485e-01
1.1741126132e-01
1.1735807401e-01
1.0163309229e-01
1.1950240347e-02
0.0000000000e+00
0.0000000000e+00
0.0000000000e+00
0.0000000000e+00
0.0000000000e+00
0.0000000000e+00
0.0000000000e+00
0.0000000000e+00
0.0000000000e+00
0.0000000000e+00
0.0000000000e+00
0.0000000000e+00
0.0000000000e+00
0.0000000000e+00
