1.5804621189e-06 6.1711960870e-08
3.4257059663e-01 -2.9768733257e-05
6.7786862106e-01 -1.2054473386e-04
1.0059332709e+00 -2.7456885707e-04
1.3267881670e+00 -4.9452263216e-04
1.6404739435e+00 -7.8734251400e-04
1.9470044810e+00 -1.1523883731e-03
2.2464253197e+00 -1.5858944227e-03
2.5387389633e+00 -2.0980035629e-03
2.8240013545e+00 -2.6898392448e-03
3.1022054767e+00 -3.3612233894e-03
3.3734026775e+00 -4.1136684337e-03
3.6375987826e+00 -4.9479505697e-03
3.8948308885e+00 -5.8645670883e-03
4.1451149268e+00 -6.8669323854e-03
4.3884684429e+00 -7.9560973923e-03
4.6249212168e+00 -9.1305111251e-03
4.8544788652e+00 -1.0388645014e-02
5.0771674760e+00 -1.1729555682e-02
5.2930074109e+00 -1.3156500687e-02
5.5020137562e+00 -1.4668556390e-02
5.7042033245e+00 -1.6263638189e-02
5.8995972707e+00 -1.7928680874e-02
6.0882039551e+00 -1.9668767009e-02
6.2700706948e+00 -2.1497588160e-02
6.4451357801e+00 -2.3400177032e-02
6.6135389206e+00 -2.5368103042e-02
6.7751320376e+00 -2.7401169922e-02
6.9299715891e+00 -2.9493938803e-02
7.0780854070e+00 -3.1650754983e-02
7.2196210479e+00 -3.3875581667e-02
7.3543472228e+00 -3.6145891146e-02
7.4824493202e+00 -3.8455499847e-02
7.6038477464e+00 -4.0808537472e-02
7.7185591272e+00 -4.3200763129e-02
7.8266173746e+00 -4.5629413712e-02
7.9279731744e+00 -4.8081492185e-02
8.0226864918e+00 -5.0550627233e-02
8.1107214784e+00 -5.3038278218e-02
8.1920826963e+00 -5.5538594751e-02
8.2667440596e+00 -5.8038095709e-02
8.3347550110e+00 -6.0533899086e-02
8.3960543800e+00 -6.3019270587e-02
8.4506699732e+00 -6.5486761846e-02
8.4985958337e+00 -6.7931114336e-02
8.5398055625e+00 -7.0346823546e-02
8.5743101625e+00 -7.2724719278e-02
8.6020709545e+00 -7.5062786775e-02
8.6230859168e+00 -7.7350113291e-02
8.6373636044e+00 -7.9567648763e-02
8.6448569236e+00 -8.1723151397e-02
8.6455707227e+00 -8.3805662402e-02
8.6394623827e+00 -8.5816036423e-02
8.6265211170e+00 -8.7738683134e-02
8.6067230475e+00 -8.9564238119e-02
8.5800882812e+00 -9.1291710986e-02
8.5465355499e+00 -9.2913965670e-02
8.5060651120e+00 -9.4423788307e-02
8.4586384786e+00 -9.5804360210e-02
8.4042384460e+00 -9.7066169223e-02
8.3428435874e+00 -9.8197318591e-02
8.2744226118e+00 -9.9179413059e-02
8.1989061199e+00 -1.0002260599e-01
8.1162882776e+00 -1.0071817345e-01
8.0265418282e+00 -1.0125480817e-01
7.9296016562e+00 -1.0163067199e-01
7.8254612624e+00 -1.0183852719e-01
7.7140701530e+00 -1.0187812999e-01
7.5953856283e+00 -1.0173989010e-01
7.4693753235e+00 -1.0142392547e-01
7.3359764871e+00 -1.0092215780e-01
7.1951570594e+00 -1.0023193072e-01
7.0468742942e+00 -9.9350655562e-02
6.8910745584e+00 -9.8274245375e-02
6.7277244250e+00 -9.7001541879e-02
6.5567636082e+00 -9.5528679998e-02
6.3781409719e+00 -9.3858689720e-02
6.1917994651e+00 -9.1980166259e-02
5.9976980127e+00 -8.9903415378e-02
5.7957676333e+00 -8.7620547671e-02
5.5859718188e+00 -8.5135530128e-02
5.3682550767e+00 -8.2443890753e-02
5.1425504024e+00 -7.9546562840e-02
4.9087949280e+00 -7.6444381467e-02
4.6669407618e+00 -7.3139616329e-02
4.4169207818e+00 -6.9633282376e-02
4.1586632484e+00 -6.5924977082e-02
3.8921226830e+00 -6.2017524980e-02
3.6172287815e+00 -5.7910858014e-02
3.3339063643e+00 -5.3609091654e-02
3.0420908380e+00 -4.9113161585e-02
2.7417173857e+00 -4.4424280319e-02
2.4327100472e+00 -3.9549899660e-02
2.1150002063e+00 -3.4489202409e-02
1.7885207015e+00 -2.9244828710e-02
1.4531826837e+00 -2.3820337855e-02
1.1089170888e+00 -1.8215897012e-02
7.5564173838e-01 -1.2441516726e-02
3.9326120945e-01 -6.4831001612e-03
2.1914901085e-02 -3.6164176251e-04
