8.6379562867e-04 8.9673527479e-07
7.0204797238e-05 3.1753012506e-07
1.3403774607e-03 4.3114644173e-06
9.4331938801e-04 -2.9047316915e-06
1.3711134284e-03 7.7426699761e-06
1.3638305178e-03 -7.7761268791e-06
9.6526672714e-04 8.1418802549e-06
1.3414862483e-03 -1.0787902172e-05
1.1418070820e-04 1.6670806519e-06
8.8256514143e-04 -9.0683612451e-06
8.3382091910e-04 1.0786836031e-05
2.6474494253e-05 5.8949130046e-08
1.3295292106e-03 2.0069306335e-05
9.2061697206e-04 -1.3813214556e-05
1.3836661962e-03 2.4065650571e-05
1.3535292474e-03 -2.3724496019e-05
9.9786766983e-04 2.0077665023e-05
1.3406674607e-03 -2.6363204638e-05
1.5745755720e-04 4.0547220534e-06
9.0078982073e-04 -1.9734121291e-05
8.1036427520e-04 2.0235128251e-05
2.6513398138e-05 -4.2733150500e-07
1.3230125206e-03 3.5649231185e-05
8.8701722828e-04 -2.3743787529e-05
1.3876679269e-03 4.0129133298e-05
1.3366520311e-03 -3.9048546648e-05
1.0199271743e-03 3.2022730547e-05
1.3425492347e-03 -4.2012821961e-05
2.0066311150e-04 7.3867516605e-06
9.2202251981e-04 -3.0944914804e-05
7.7983750020e-04 2.8828789299e-05
6.9403402220e-05 -2.3324244580e-06
1.3100795007e-03 5.0908163171e-05
8.5301174517e-04 -3.1882658823e-05
1.3906697651e-03 5.7859861631e-05
1.3194231935e-03 -5.3171005784e-05
1.0435577652e-03 4.7469771952e-05
1.3507906683e-03 -5.8120317577e-05
2.4669812753e-04 1.2811393003e-05
9.5482413437e-04 -4.3768410679e-05
7.3163659411e-04 3.5669984222e-05
1.1344668348e-04 -5.4386407516e-06
1.2786616583e-03 6.4774205561e-05
8.0856194423e-04 -4.0023843665e-05
1.3999069059e-03 7.3846300383e-05
1.2921380354e-03 -6.7099846491e-05
1.0735304690e-03 5.9153406630e-05
1.3499770716e-03 -7.3056752869e-05
2.8420635405e-04 1.6914489288e-05
9.7467960584e-04 -5.5000027017e-05
7.0223728578e-04 4.2753930649e-05
1.5380655429e-04 -8.9697066658e-06
1.2695616498e-03 7.9423369264e-05
7.7088725913e-04 -4.7029736728e-05
1.3947203670e-03 8.9876253833e-05
1.2707186504e-03 -8.0620934712e-05
1.0755933140e-03 7.2298586460e-05
1.3455441475e-03 -8.8222232232e-05
3.1842995451e-04 2.2963563725e-05
9.8546412687e-04 -6.6772813303e-05
6.7156631035e-04 4.8673534533e-05
1.8958070868e-04 -1.3279325172e-05
1.2519706366e-03 9.2869038390e-05
7.4421629331e-04 -5.4171334018e-05
1.3914322556e-03 1.0695807332e-04
1.2539747736e-03 -9.4024127852e-05
1.1017699989e-03 8.8743658583e-05
1.3327402371e-03 -1.0251492183e-04
3.6191863518e-04 3.1048054892e-05
9.9738719575e-04 -7.9044834028e-05
6.3522549265e-04 5.4059125161e-05
2.3259662583e-04 -1.9113581798e-05
7.0548194770e-04 -5.9252196067e-05
1.2312268829e-03 1.0650125080e-04
1.2269311952e-03 -1.0572538074e-04
1.3906130732e-03 1.2295915723e-04
1.3266912368e-03 -1.1710695503e-04
1.1149154937e-03 1.0141099951e-04
1.0089908535e-03 -9.1529644154e-05
3.9589291283e-04 3.7606016112e-05
2.6696606091e-04 -2.5050622679e-05
6.0279724834e-04 5.8454216037e-05
6.6912913127e-04 -6.3771585858e-05
1.2150014908e-03 1.1934302392e-04
1.2041058173e-03 -1.1724481693e-04
1.3831971203e-03 1.3864725310e-04
1.3180656592e-03 -1.3112561377e-04
1.1255982392e-03 1.1612056557e-04
1.0182131476e-03 -1.0386726391e-04
4.2986240492e-04 4.6231193548e-05
3.0161711596e-04 -3.1741572278e-05
5.6298656762e-04 6.1587825529e-05
6.3143575482e-04 -6.7385767739e-05
1.1884649439e-03 1.3127550547e-04
1.1767986116e-03 -1.2782348817e-04
1.3758112559e-03 1.5456457443e-04
1.3055937110e-03 -1.4441980601e-04
1.1315934681e-03 1.3024168370e-04
1.0258746557e-03 -1.1610229240e-04
4.5930504094e-04 5.4805262895e-05
3.3456599028e-04 -3.9023078317e-05
5.2775725523e-04 6.4141403699e-05
5.9290260410e-04 -6.9872113281e-05
1.1679523639e-03 1.4300838410e-04
1.1477934664e-03 -1.3741176788e-04
1.3652333822e-03 1.6999973500e-04
1.2905994402e-03 -1.5808942512e-04
1.1397408079e-03 1.4530342702e-04
1.0325014706e-03 -1.3076239172e-04
4.9062283574e-04 6.4632514851e-05
3.6695589478e-04 -4.8194526698e-05
4.8759434244e-04 6.5211381631e-05
5.5420524778e-04 -7.1611720499e-05
1.1376882178e-03 1.5294483078e-04
1.1169898899e-03 -1.4623894317e-04
1.3486721908e-03 1.8488859786e-04
1.2742782365e-03 -1.7032747600e-04
1.1521896112e-03 1.6072798765e-04
1.0365753691e-03 -1.4247796556e-04
5.2601789952e-04 7.5456168606e-05
3.9671918229e-04 -5.6224145852e-05
4.4853684112e-04 6.5747342651e-05
5.1561275323e-04 -7.2445793884e-05
1.1098949688e-03 1.6302460034e-04
1.0863393381e-03 -1.5432565882e-04
1.3381593306e-03 1.9961464011e-04
1.2571811397e-03 -1.8188994898e-04
1.1561873287e-03 1.7516986062e-04
1.0399799599e-03 -1.5451104372e-04
5.5157196561e-04 8.5805190040e-05
4.2404695370e-04 -6.4773680029e-05
4.0417377706e-04 6.4469562291e-05
4.7615079140e-04 -7.2719694577e-05
1.0752218686e-03 1.7117817255e-04
1.0558996791e-03 -1.6233615284e-04
1.3201009421e-03 2.1307298399e-04
1.2418108131e-03 -1.9269508035e-04
1.1549057431e-03 1.8916940454e-04
1.0376665239e-03 -1.6320390036e-04
5.7557767225e-04 9.6590743576e-05
4.4726220135e-04 -7.1647567263e-05
3.6260594360e-04 6.2484011769e-05
4.3969925206e-04 -7.1652209943e-05
1.0269429987e-03 -1.6859479392e-04
1.0398664636e-03 1.7834248001e-04
1.2218347038e-03 -2.0340122208e-04
1.3003102145e-03 2.2594080561e-04
1.0381734536e-03 -1.7518348713e-04
1.1612781109e-03 2.0451363159e-04
4.7356529429e-04 -8.1457557294e-05
6.0515266126e-04 1.0890331142e-04
4.0164570427e-04 -6.9957579193e-05
3.2354828150e-04 5.9998341101e-05
9.9186944813e-04 -1.7366981303e-04
1.0105802765e-03 1.8587280898e-04
1.1984445323e-03 -2.1264023806e-04
1.2826595531e-03 2.3868042726e-04
1.0365679919e-03 -1.8608846720e-04
1.1485718726e-03 2.1637566327e-04
4.9620831365e-04 -9.0632440032e-05
6.1687966247e-04 1.1861076162e-04
3.6227081298e-04 -6.7190916070e-05
2.8230433849e-04 5.6122698714e-05
9.5905540561e-04 -1.7845404959e-04
9.7436784045e-04 1.9132031768e-04
1.1795471319e-03 -2.2208927162e-04
1.2592525901e-03 2.4990049087e-04
1.0308488951e-03 -1.9636993472e-04
1.1477160638e-03 2.3032926990e-04
5.1345308506e-04 -9.9468710052e-05
6.3941284888e-04 1.3071753015e-04
3.2323693279e-04 -6.3622126910e-05
2.3874371239e-04 5.0764031677e-05
9.2480009142e-04 -1.8213662233e-04
9.3335098333e-04 1.9493504800e-04
1.1540460206e-03 -2.2983091202e-04
1.2336429455e-03 2.6017950565e-04
1.0251328020e-03 -2.0649398427e-04
1.1423670885e-03 2.4369331323e-04
5.3450983378e-04 -1.0936894570e-04
6.5735643787e-04 1.4278366168e-04
2.8742519332e-04 -5.9812190634e-05
2.0012544726e-04 4.5495139434e-05
8.8883867695e-04 -1.8471327246e-04
9.0550297463e-04 2.0051734065e-04
1.1300368057e-03 -2.3720576856e-04
1.2115856816e-03 2.7060182449e-04
1.0178499044e-03 -2.1593038466e-04
1.1308147482e-03 2.5501039824e-04
5.4863718811e-04 -1.1815733654e-04
2.4778928908e-04 -5.4470957066e-05
6.7027609334e-04 1.5360639901e-04
8.5571944545e-04 -1.8715059982e-04
1.6084912066e-04 3.8941134431e-05
1.1056650317e-03 -2.4394727859e-04
8.6226279103e-04 2.0178931780e-04
1.0082552395e-03 -2.2457626559e-04
1.1815669901e-03 2.7874239910e-04
5.6408295011e-04 -1.2739990123e-04
1.1193198226e-03 2.6674934546e-04
2.1356720498e-04 -4.9419314697e-05
6.8141776800e-04 1.6506178965e-04
8.1838731766e-04 -1.8787158855e-04
1.2303987341e-04 3.2032481443e-05
1.0752456274e-03 -2.4891906122e-04
8.3763738820e-04 2.0647192272e-04
1.0003846590e-03 -2.3373179572e-04
1.1586062961e-03 2.8793546963e-04
5.8073048049e-04 -1.3746260312e-04
1.1075640789e-03 2.7990107459e-04
1.7723239129e-04 -4.3185255066e-05
6.9595052724e-04 1.7963827205e-04
7.8518437086e-04 -1.8875655392e-04
8.4993253779e-05 2.4215300827e-05
1.0540566520e-03 -2.5525466380e-04
7.8314587056e-04 2.0371100196e-04
9.8588446477e-04 -2.4072369344e-04
1.1198921600e-03 2.9285146818e-04
5.8484077247e-04 -1.4462410104e-04
1.1006942962e-03 2.8954067120e-04
1.4137865738e-04 -3.6256596291e-05
7.1152768123e-04 1.8945534131e-04
7.5181301866e-04 -1.8866103300e-04
4.3392532506e-05 1.3761094844e-05
1.0251410880e-03 -2.5912688218e-04
9.7398711075e-04 -2.4828637250e-04
7.5375086630e-04 2.0469763118e-04
5.9695523637e-04 -1.5402145181e-04
1.0963408542e-03 2.9967740422e-04
1.0721550488e-04 -2.9025220331e-05
1.0780280686e-03 2.9742032333e-04
7.1664244958e-04 -1.8755470554e-04
7.0735053927e-04 1.9776339562e-04
9.9965894559e-04 -2.6325735510e-04
7.6541304390e-06 4.4797354563e-06
9.5852995134e-04 -2.5441323159e-04
7.1640399154e-04 2.0416132391e-04
6.0023063925e-04 -1.6121463788e-04
1.0643600547e-03 3.0489129883e-04
7.3865142069e-05 -2.1293100882e-05
1.0616352130e-03 3.0666853300e-04
6.8065715378e-04 -1.8548596857e-04
7.1555784786e-04 2.0943536840e-04
9.6763315148e-04 -2.6512312645e-04
2.5354926851e-05 9.8593325585e-06
9.4287913547e-04 -2.6014508335e-04
6.7476436188e-04 2.0115188130e-04
6.0900855832e-04 -1.6985394792e-04
1.0285702048e-03 3.0784956504e-04
4.4537112821e-05 -1.3907384527e-05
1.0444858678e-03 3.1458897449e-04
6.4689207735e-04 -1.8312316548e-04
7.2223148390e-04 2.1994495084e-04
9.3892132274e-04 -2.6715573086e-04
5.9140712175e-05 2.0383210768e-05
9.2662339694e-04 -2.6557356307e-04
6.3594455251e-04 1.9772626538e-04
6.1203497755e-04 -1.7734537353e-04
1.1130692179e-05 -4.8346870385e-06
9.9369603289e-04 3.1013327006e-04
6.1266902258e-04 -1.7997969184e-04
1.0214860999e-03 3.2188596128e-04
9.1017908519e-04 -2.6850953488e-04
7.2159110982e-04 2.3067973771e-04
9.0954916876e-04 -2.7001704312e-04
9.0232277106e-05 3.1357619522e-05
6.1402278585e-04 -1.8414473864e-04
5.9870461758e-04 1.9403100379e-04
2.4758782935e-05 -9.1650579223e-06
9.6138467793e-04 3.1247361509e-04
5.7886792082e-04 -1.7629410101e-04
9.9984223618e-04 3.2694361898e-04
8.8090799323e-04 -2.6923699380e-04
7.1643867420e-04 2.3675458087e-04
8.9060421069e-04 -2.7431280760e-04
1.1620390272e-04 4.0705001163e-05
6.1340281639e-04 -1.9116586601e-04
5.6002688252e-04 1.8883255802e-04
5.2735895540e-05 -1.8257005548e-05
9.2572158489e-04 3.1279819930e-04
5.4517559133e-04 -1.7163747885e-04
9.7722704053e-04 3.3195803490e-04
8.4996004260e-04 -2.6844821394e-04
7.1701834685e-04 2.4595406855e-04
8.7092024658e-04 -2.7721798623e-04
6.1298586280e-04 -1.9727745612e-04
1.4476870625e-04 5.2046966219e-05
7.8362157443e-05 -2.7108704322e-05
5.2500565599e-04 1.8396004319e-04
5.1379387640e-04 -1.6730256649e-04
8.9151271460e-04 3.1288990498e-04
8.2076470495e-04 -2.6783709755e-04
9.5084536781e-04 3.3612373954e-04
8.5123673967e-04 -2.7932339239e-04
7.0793232348e-04 2.5333757438e-04
6.1275708803e-04 -2.0285587923e-04
1.6618555590e-04 6.1919314772e-05
1.0351248398e-04 -3.6032001953e-05
4.8988354173e-04 1.7851441702e-04
4.8097938538e-04 -1.6172874956e-04
8.5823808819e-04 3.1258208081e-04
7.9013534944e-04 -2.6608687711e-04
9.2533519663e-04 3.3851067697e-04
8.2962713204e-04 -2.8083799555e-04
7.0046269027e-04 2.5875009196e-04
6.0675246357e-04 -2.0728252803e-04
1.8722605945e-04 7.1524200573e-05
1.2383827387e-04 -4.4200200808e-05
4.5737455704e-04 1.7234709253e-04
4.4919684580e-04 -1.5577212374e-04
8.2569166127e-04 3.1115695120e-04
7.5924038342e-04 -2.6353547137e-04
8.0664857241e-04 -2.8162803853e-04
8.9755373963e-04 3.4008611752e-04
6.0174674758e-04 -2.1200568630e-04
6.9165128765e-04 2.6454380020e-04
1.4471811038e-04 -5.2899350912e-05
2.0648566146e-04 8.1286239455e-05
4.1370933000e-04 -1.4803571411e-04
4.1859556456e-04 1.6342870230e-04
7.2442104137e-04 -2.5902440153e-04
7.8580755939e-04 3.0656105871e-04
7.8548012268e-04 -2.8186886989e-04
8.6939434035e-04 3.4074900870e-04
5.9673348695e-04 -2.1575605656e-04
6.8162117978e-04 2.6939339850e-04
1.6026537011e-04 -5.9878875124e-05
2.2345865983e-04 9.0543958047e-05
3.8470172266e-04 -1.4178192710e-04
3.8183703874e-04 1.5434089101e-04
6.9815862918e-04 -2.5686810923e-04
7.4639607139e-04 3.0113317666e-04
7.6307124023e-04 -2.8248320508e-04
8.3907239140e-04 3.3977106627e-04
5.8592217350e-04 -2.1978395147e-04
1.7695769820e-04 -6.8723823524e-05
6.7031808215e-04 2.7351771784e-04
3.5217152760e-04 -1.3378198280e-04
2.3969422924e-04 9.9931957921e-05
6.6101494238e-04 -2.5017410410e-04
3.4789726600e-04 1.4523657066e-04
7.3564380644e-04 -2.7933026979e-04
7.0931700579e-04 2.9537161687e-04
5.7793606594e-04 -2.2101501439e-04
8.1040233760e-04 3.3884224163e-04
1.9159693678e-04 -7.5268155725e-05
6.5768734952e-04 2.7711856300e-04
3.2435739256e-04 -1.2666268233e-04
2.5186919790e-04 1.0835601883e-04
6.3193769506e-04 -2.4560096786e-04
3.1653559967e-04 1.3670898880e-04
7.1058834454e-04 -2.7712700698e-04
6.7461877505e-04 2.9004303510e-04
5.6728972467e-04 -2.2292203198e-04
7.7638659957e-04 3.3531111086e-04
2.0524522384e-04 -8.2697355066e-05
2.9545063299e-04 -1.1857393180e-04
6.3974625118e-04 2.7926535751e-04
5.9878149773e-04 -2.3885510209e-04
2.6161233178e-04 1.1661925988e-04
6.8401509096e-04 -2.7383357483e-04
2.8314476405e-04 1.2626310027e-04
5.5542485237e-04 -2.2424848418e-04
6.3558884161e-04 2.8174176237e-04
2.1424415607e-04 -8.8698040699e-05
7.4615099917e-04 3.3199664333e-04
2.6792794558e-04 -1.1059811873e-04
6.2415754563e-04 2.7962805810e-04
5.6951776375e-04 -2.3302560343e-04
2.6977139649e-04 1.2298869337e-04
6.5745533167e-04 -2.6981824606e-04
2.5130177915e-04 1.1569376443e-04
5.4220801521e-04 -2.2418230624e-04
5.9756612814e-04 2.7302717357e-04
2.2526597454e-04 -9.5260870874e-05
7.1230415496e-04 3.2682918524e-04
2.4051153301e-04 -1.0213498773e-04
5.3371170756e-04 -2.2416072144e-04
6.0102965064e-04 2.7763005437e-04
6.2822640650e-04 -2.6450168524e-04
2.7217877005e-04 1.2794128565e-04
5.2725417415e-04 -2.2381281941e-04
2.2446911962e-04 1.0664104380e-04
2.2898081515e-04 -9.9487349406e-05
5.6582260977e-04 2.6610124401e-04
2.1332264126e-04 -9.3156306376e-05
6.7760041482e-04 3.2007155916e-04
5.0598581577e-04 -2.1755134580e-04
5.7865521260e-04 2.7521161515e-04
6.0322971062e-04 -2.6000722525e-04
2.7446086557e-04 1.3272666044e-04
5.0918732840e-04 -2.2085302016e-04
1.9335415871e-04 9.4862421877e-05
2.3178986911e-04 -1.0271670422e-04
5.2398037133e-04 2.5370085456e-04
1.8814414139e-04 -8.4436003446e-05
6.4031493165e-04 3.1118747042e-04
4.7330417389e-04 -2.0848913052e-04
5.7122686522e-04 -2.5219442819e-04
5.5687916532e-04 2.7220858732e-04
4.9067640810e-04 -2.1817965768e-04
2.7644475807e-04 1.3720596872e-04
2.3481034170e-04 -1.0667230490e-04
1.6421147387e-04 8.3304672621e-05
1.6396880942e-04 -7.5791334942e-05
4.8340550266e-04 2.4096476473e-04
4.4064424373e-04 -1.9878652276e-04
6.0375583082e-04 3.0165743932e-04
5.3940479284e-04 -2.4369446868e-04
5.3330488830e-04 2.6764649866e-04
4.7180689289e-04 -2.1427020400e-04
2.7560436037e-04 1.4033439705e-04
2.3610287045e-04 -1.0936172693e-04
1.3868600311e-04 7.2981758501e-05
1.4052670032e-04 -6.6940953305e-05
4.0859069012e-04 -1.8871174988e-04
4.4594393744e-04 2.2899583761e-04
5.0779027804e-04 -2.3474927738e-04
5.6368981649e-04 2.8968905566e-04
4.4937622497e-04 -2.0921186145e-04
4.9876873633e-04 2.5816054382e-04
2.3363604028e-04 -1.1107063004e-04
2.6440111559e-04 1.3907527783e-04
1.1694622838e-04 -5.7682349892e-05
1.1481171298e-04 6.2134338736e-05
3.7349745411e-04 -1.7660971961e-04
4.1240313813e-04 2.1661133555e-04
4.7551162973e-04 -2.2461796310e-04
5.2569081738e-04 2.7701762041e-04
4.2386997190e-04 -2.0125720805e-04
4.7088670204e-04 2.4995734587e-04
2.2677182382e-04 -1.0982612437e-04
2.5894246828e-04 1.3958530064e-04
9.6654543655e-05 -4.9380869817e-05
3.4261094844e-04 -1.6582760010e-04
9.0069692290e-05 5.0910119386e-05
4.3968047796e-04 -2.1245624176e-04
3.6849935134e-04 1.9949180520e-04
3.9776082919e-04 -1.9335792519e-04
4.8077150602e-04 2.6038852984e-04
2.2170881069e-04 -1.1001378800e-04
4.3808057137e-04 2.3842588792e-04
7.8298709327e-05 -4.1789803548e-05
2.4865155493e-04 1.3727594526e-04
3.0813793384e-04 -1.5282283233e-04
6.8022572993e-05 4.0373950431e-05
4.0263704733e-04 -1.9913669086e-04
3.2661681107e-04 1.8197234131e-04
3.6836551748e-04 -1.8345414937e-04
4.3236063900e-04 2.4062740652e-04
2.1010883830e-04 -1.0705119373e-04
5.8022389316e-05 -3.2990986590e-05
3.9655403916e-04 2.2180363944e-04
2.7438500483e-04 -1.3932798885e-04
2.3071619110e-04 1.3101027763e-04
3.6422492702e-04 -1.8423229547e-04
4.8125747102e-05 3.0498768203e-05
3.3592364451e-04 -1.7104728426e-04
2.8118544633e-04 1.6133682631e-04
1.9745985389e-04 -1.0281975428e-04
3.7868245273e-04 2.1663027911e-04
4.2995487424e-05 -2.6453250765e-05
3.5267004189e-04 2.0259352650e-04
2.3710904607e-04 -1.2442777595e-04
2.1061028650e-04 1.2286557108e-04
3.2007708196e-04 -1.6622807790e-04
2.9348597811e-05 2.0826568080e-05
2.9776386867e-04 -1.5651664804e-04
1.7780158884e-04 -9.6683586687e-05
2.3433815372e-04 1.3852437794e-04
2.5721693758e-05 -1.8845807504e-05
3.1872666719e-04 1.8754427683e-04
1.9942004757e-04 -1.0748894696e-04
2.9684678233e-04 1.7540330564e-04
2.7256131189e-04 -1.4534200367e-04
1.7985156755e-04 1.0810670554e-04
2.5353082215e-04 -1.3706378741e-04
1.3667429767e-05 1.3270187820e-05
1.5292519713e-04 -8.5915632337e-05
1.8008733258e-04 1.1213012902e-04
1.1517984021e-05 -1.3225008234e-05
2.4564287460e-04 1.5021406039e-04
1.5595456121e-04 -9.1040979496e-05
2.1296719525e-04 -1.1984401288e-04
2.2123693236e-04 1.3515588011e-04
1.9466000978e-04 -1.0752444679e-04
1.2954047631e-04 8.1187543875e-05
1.1625928695e-04 -6.7031515134e-05
1.4221814457e-07 6.7104713487e-06
-6.5938439100e-07 -1.2297477466e-05
1.1682194504e-04 7.5855689538e-05
1.0555881223e-04 -7.8448976761e-05
1.4776221145e-04 9.2814853950e-05
1.3464080555e-04 -8.8431811575e-05
9.9239258451e-05 5.6890621126e-05
7.9697738398e-05 -4.0719272745e-05
4.1607599480e-05 1.9164459454e-05
2.0512425746e-05 -3.9201155957e-06
-8.6036888640e-06 -2.9985039271e-06
-1.1852304787e-05 2.4152675687e-06
