-2.2022895523e-06 -7.6992605549e-07
2.8245516251e-01 6.6200074349e-04
5.5923468992e-01 2.6235194521e-03
8.3028175942e-01 5.8284435671e-03
1.0955587736e+00 1.0242531853e-02
1.3550267133e+00 1.5815362828e-02
1.6086380202e+00 2.2498769169e-02
1.8563458041e+00 3.0258655944e-02
2.0981207537e+00 3.9047151667e-02
2.3339155469e+00 4.8817497505e-02
2.5636870829e+00 5.9529164251e-02
2.7873695015e+00 7.1127788045e-02
3.0049246015e+00 8.3585784415e-02
3.2162941824e+00 9.6852367317e-02
3.4214790967e+00 1.1089560822e-01
3.6204171147e+00 1.2566649749e-01
3.8130695603e+00 1.4112042149e-01
3.9993869275e+00 1.5721721977e-01
4.1793447533e+00 1.7391484691e-01
4.3528827936e+00 1.9116920068e-01
4.5199938043e+00 2.0894005868e-01
4.6806253493e+00 2.2718011397e-01
4.8347503596e+00 2.4585560407e-01
4.9823398429e+00 2.6491504283e-01
5.1233483807e+00 2.8431903669e-01
5.2577667603e+00 3.0402618410e-01
5.3855623292e+00 3.2398765564e-01
5.5066966004e+00 3.4416747182e-01
5.6211709773e+00 3.6451933097e-01
5.7289762107e+00 3.8500095867e-01
5.8300549538e+00 4.0556636788e-01
5.9244386999e+00 4.2617046795e-01
6.0120937439e+00 4.4678366747e-01
6.0930264478e+00 4.6734469153e-01
6.1671877217e+00 4.8781896357e-01
6.2346424334e+00 5.0816266054e-01
6.2953534488e+00 5.2832838412e-01
6.3493407069e+00 5.4827810249e-01
6.3965770071e+00 5.6796105149e-01
6.4371272249e+00 5.8733769627e-01
6.4709613012e+00 6.0636445202e-01
6.4981335012e+00 6.2500040411e-01
6.5186364900e+00 6.4319677389e-01
6.5325105713e+00 6.6091243992e-01
6.5397908196e+00 6.7809833961e-01
6.5404999762e+00 6.9472748706e-01
6.5346989311e+00 7.1073915872e-01
6.5223884290e+00 7.2609818386e-01
6.5036320203e+00 7.4075863762e-01
6.4784974890e+00 7.5468131402e-01
6.4470209921e+00 7.6782048461e-01
6.4092562246e+00 7.8014080744e-01
6.3653118439e+00 7.9159544786e-01
6.3151891772e+00 8.0214368541e-01
6.2589903262e+00 8.1174668429e-01
6.1968023264e+00 8.2035957518e-01
6.1286929598e+00 8.2795170747e-01
6.0547470457e+00 8.3447720585e-01
5.9750816206e+00 8.3990305328e-01
5.8897399914e+00 8.4418314826e-01
5.7988699532e+00 8.4729858323e-01
5.7025458561e+00 8.4919671849e-01
5.6009000284e+00 8.4984903006e-01
5.4940523461e+00 8.4922940906e-01
5.3820922222e+00 8.4729723420e-01
5.2651819632e+00 8.4403714857e-01
5.1434508685e+00 8.3940417118e-01
5.0170101493e+00 8.3338087337e-01
4.8860305953e+00 8.2593943825e-01
4.7506369269e+00 8.1706301575e-01
4.6110235415e+00 8.0673152733e-01
4.4673249002e+00 7.9492467296e-01
4.3197345542e+00 7.8162501503e-01
4.1684108689e+00 7.6683273918e-01
4.0135511619e+00 7.5052871937e-01
3.8553540176e+00 7.3271704649e-01
3.6940265156e+00 7.1338635438e-01
3.5297753273e+00 6.9255635074e-01
3.3628341544e+00 6.7022193156e-01
3.1934434893e+00 6.4640803171e-01
3.0218655624e+00 6.2112599766e-01
2.8483602212e+00 5.9441831230e-01
2.6732038935e+00 5.6629631128e-01
2.4967189129e+00 5.3682330592e-01
2.3192608541e+00 5.0603681310e-01
2.1411506379e+00 4.7402057702e-01
1.9628050265e+00 4.4082899177e-01
1.7846639737e+00 4.0656203186e-01
1.6072279498e+00 3.7133072114e-01
1.4309906906e+00 3.3526221242e-01
1.2566101167e+00 2.9850167463e-01
1.0848071426e+00 2.6124828029e-01
9.1648682585e-01 2.2372138347e-01
7.5260247989e-01 1.8623506700e-01
5.9449012619e-01 1.4912471040e-01
4.4387676737e-01 1.1285692304e-01
3.0316848658e-01 7.8100921527e-02
1.7569971185e-01 4.6006314510e-02
6.7900302983e-02 1.7234448992e-02
-1.1426785607e-05 -3.5295027028e-06
