2.6620676605e+02
2.6621027714e+02
2.6621378823e+02
2.6621587513e+02
2.6621511758e+02
2.6621436002e+02
2.6621331846e+02
2.6621014422e+02
2.6620662991e+02
2.6619825226e+02
2.6619346610e+02
2.6618240066e+02
2.6617113848e+02
2.6616030489e+02
2.6614578995e+02
2.6613049738e+02
2.6610910787e+02
2.6609000238e+02
2.6606843237e+02
2.6604314973e+02
2.6601710159e+02
2.6598420494e+02
2.6595251229e+02
2.6591803524e+02
2.6587976909e+02
2.6584044652e+02
2.6579414511e+02
2.6574973042e+02
2.6569914704e+02
2.6564779974e+02
2.6559094305e+02
2.6553419410e+02
2.6547102028e+02
2.6540715081e+02
2.6533754757e+02
2.6526748199e+02
2.6519253740e+02
2.6511548376e+02
2.6503606150e+02
2.6495110946e+02
2.6486474486e+02
2.6477505604e+02
2.6468269279e+02
2.6458835200e+02
2.6448798044e+02
2.6438868975e+02
2.6428622625e+02
2.6418184978e+02
2.6407195027e+02
2.6396199908e+02
2.6384924267e+02
2.6373704016e+02
2.6362255506e+02
2.6350453081e+02
2.6338490026e+02
2.6326537384e+02
2.6314508548e+02
2.6302440740e+02
2.6290424822e+02
2.6277988192e+02
2.6265690082e+02
2.6253534320e+02
2.6241287716e+02
2.6229174340e+02
2.6217234169e+02
2.6205041347e+02
2.6193190255e+02
2.6181780930e+02
2.6170141049e+02
2.6159082162e+02
2.6147824189e+02
2.6137071833e+02
2.6126560526e+02
2.6116494691e+02
2.6106739505e+02
2.6097279373e+02
2.6088080473e+02
2.6079414597e+02
2.6071200227e+02
2.6063422848e+02
2.6055888741e+02
2.6049059386e+02
2.6042921311e+02
2.6036739230e+02
2.6031457858e+02
2.6026339703e+02
2.6021997166e+02
2.6018469245e+02
2.6014509628e+02
2.6012105896e+02
2.6009275809e+02
2.6007264033e+02
2.6005542040e+02
2.6004474429e+02
2.6003160596e+02
2.6002694115e+02
2.6001830259e+02
2.6001551698e+02
2.6000715275e+02
2.6001196323e+02
