5.3465015735e+02
5.3442399380e+02
5.3419211614e+02
5.3395517773e+02
5.3374681317e+02
5.3354193910e+02
5.3335055264e+02
5.3317027565e+02
5.3300264377e+02
5.3284259439e+02
5.3268721290e+02
5.3255863450e+02
5.3243949986e+02
5.3232036523e+02
5.3221657199e+02
5.3212659834e+02
5.3203662470e+02
5.3197075113e+02
5.3191424584e+02
5.3186514919e+02
5.3183375224e+02
5.3180934660e+02
5.3180323330e+02
5.3180498475e+02
5.3181414868e+02
5.3184806507e+02
5.3188198146e+02
5.3193367649e+02
5.3199514736e+02
5.3205553034e+02
5.3214453199e+02
5.3223287546e+02
5.3233758607e+02
5.3245698510e+02
5.3257665311e+02
5.3272239242e+02
5.3286782095e+02
5.3302482463e+02
5.3319815259e+02
5.3336767956e+02
5.3356536928e+02
5.3376438113e+02
5.3396741950e+02
5.3419066890e+02
5.3441062860e+02
5.3465373898e+02
5.3489736526e+02
5.3514862602e+02
5.3540617681e+02
5.3566976107e+02
5.3594666944e+02
5.3622635324e+02
5.3651327044e+02
5.3680018763e+02
5.3710657332e+02
5.3740384905e+02
5.3771489879e+02
5.3803238323e+02
5.3833781211e+02
5.3867327550e+02
5.3899444465e+02
5.3932057147e+02
5.3965994216e+02
5.3998418490e+02
5.4032356848e+02
5.4066295206e+02
5.4099763035e+02
5.4133614701e+02
5.4167623664e+02
5.4201333703e+02
5.4235120360e+02
5.4268647837e+02
5.4301728497e+02
5.4336480722e+02
5.4368262172e+02
5.4400940628e+02
5.4434780592e+02
5.4464765647e+02
5.4497961140e+02
5.4529036197e+02
5.4558470706e+02
5.4590355937e+02
5.4617673665e+02
5.4646812189e+02
5.4676144442e+02
5.4701195428e+02
5.4727049670e+02
5.4754633992e+02
5.4776772168e+02
5.4797946644e+02
5.4825125302e+02
5.4838811025e+02
5.4858140733e+02
5.4881561997e+02
5.4883115934e+02
5.4886566654e+02
5.4890056254e+02
5.4895528874e+02
5.4834633695e+02
5.4773738517e+02
