-3.2018759723e-05 3.8554007022e-07
2.5835809420e-01 -1.5338682160e-04
5.1231641856e-01 -5.7607354390e-04
7.6184295432e-01 -1.2676746268e-03
1.0069377015e+00 -2.2281900704e-03
1.2476006600e+00 -3.4576198746e-03
1.4838318300e+00 -4.9559640394e-03
1.7156652313e+00 -6.7209079190e-03
1.9432295469e+00 -8.7264261335e-03
2.1665308247e+00 -1.0965811063e-02
2.3855690646e+00 -1.3439062709e-02
2.6003442667e+00 -1.6146181070e-02
2.8108564309e+00 -1.9087166146e-02
3.0171109557e+00 -2.2288074789e-02
3.2191445716e+00 -2.5688049756e-02
3.4170386252e+00 -2.9308675817e-02
3.6107713054e+00 -3.3133257770e-02
3.8003426123e+00 -3.7161795616e-02
3.9857525457e+00 -4.1394289354e-02
4.1670011058e+00 -4.5830738984e-02
4.3441409039e+00 -5.0463078547e-02
4.5172443856e+00 -5.5275997504e-02
4.6863086056e+00 -6.0269293466e-02
4.8513335639e+00 -6.5442966432e-02
5.0122436811e+00 -7.0804429410e-02
7.7890419550e+00 -4.4916174671e-01
7.7256212467e+00 -4.5268396902e-01
7.6579918110e+00 -4.5588402158e-01
7.5860674959e+00 -4.5873613003e-01
7.5098483015e+00 -4.6124029438e-01
7.4293342277e+00 -4.6339651462e-01
7.3445046125e+00 -4.6519272011e-01
7.2553312112e+00 -4.6656135906e-01
7.1617219335e+00 -4.6751529016e-01
7.0635788781e+00 -4.6802430392e-01
6.9609020451e+00 -4.6808840034e-01
6.8536914344e+00 -4.6770757942e-01
6.7420143461e+00 -4.6686962960e-01
-3.2018759723e-05 3.8554007035e-07
5.1691655675e+00 -7.6323657733e-02
5.3221123775e+00 -8.2002429351e-02
5.4710782754e+00 -8.7840335330e-02
5.6160632613e+00 -9.3837375669e-02
5.7570711937e+00 -9.9996998495e-02
5.8940584561e+00 -1.0628186294e-01
6.0270904046e+00 -1.1269255382e-01
6.1562206109e+00 -1.1923334607e-01
6.2814490749e+00 -1.2590423970e-01
6.4027757967e+00 -1.3270523470e-01
6.5201926241e+00 -1.3963330930e-01
6.6337022964e+00 -1.4666045135e-01
6.7433153546e+00 -1.5378010976e-01
6.8490145412e+00 -1.6099174649e-01
6.9508473493e+00 -1.6829358420e-01
7.0488162995e+00 -1.7568557967e-01
7.1429276022e+00 -1.8316566544e-01
7.2331970097e+00 -1.9070748506e-01
7.3196050581e+00 -1.9830439022e-01
7.4021517474e+00 -2.0595638092e-01
7.4808434389e+00 -2.1366235864e-01
7.5557170555e+00 -2.2141451793e-01
7.6267683133e+00 -2.2921011015e-01
7.6939531833e+00 -2.3702530696e-01
7.7573053458e+00 -2.4485171870e-01
7.8168248007e+00 -2.5268934537e-01
7.8725115480e+00 -2.6053818695e-01
7.9243191866e+00 -2.6838883923e-01
7.9723183746e+00 -2.7623023008e-01
8.0164852714e+00 -2.8404290279e-01
8.0567984053e+00 -2.9181852350e-01
8.0932577762e+00 -2.9955709220e-01
8.1258633841e+00 -3.0725860889e-01
8.1546170931e+00 -3.1492262311e-01
8.1794625657e+00 -3.2252027150e-01
8.2003865421e+00 -3.3002639816e-01
8.2174701961e+00 -3.3743751807e-01
8.2306915107e+00 -3.4475645134e-01
8.2400504861e+00 -3.5198319797e-01
8.2455432302e+00 -3.5911696104e-01
8.2470066486e+00 -3.6612482594e-01
8.2446706881e+00 -3.7301851174e-01
8.2383240681e+00 -3.7974655030e-01
8.2279667887e+00 -3.8630894159e-01
8.2135988497e+00 -3.9270568563e-01
8.1952790382e+00 -3.9893512524e-01
8.1730447736e+00 -4.0498509603e-01
8.1467452304e+00 -4.1085397521e-01
8.1163694764e+00 -4.1651840408e-01
8.0819482336e+00 -4.2194562072e-01
8.0434825941e+00 -4.2713544762e-01
8.0009629228e+00 -4.3207640739e-01
7.9542728043e+00 -4.3675223191e-01
7.9033912727e+00 -4.4116467568e-01
7.8483183281e+00 -4.4531373868e-01
6.6258454663e+00 -4.6551108488e-01
6.5049056857e+00 -4.6361717819e-01
6.3792700858e+00 -4.6117150427e-01
6.2489470551e+00 -4.5817672644e-01
6.1139443511e+00 -4.5464270825e-01
5.9741539270e+00 -4.5052133568e-01
5.8294436560e+00 -4.4580898196e-01
