5.5526823794e+01
5.5510921823e+01
5.5495019853e+01
5.5479117882e+01
5.5463215911e+01
5.5449910389e+01
5.5437182431e+01
5.5424454473e+01
5.5411726515e+01
5.5400049293e+01
5.5389139872e+01
5.5378230451e+01
5.5367321030e+01
5.5358889400e+01
5.5351252885e+01
5.5343616370e+01
5.5335895106e+01
5.5329765546e+01
5.5323860359e+01
5.5317955173e+01
5.5312200300e+01
5.5309106480e+01
5.5306012726e+01
5.5302929359e+01
5.5299906354e+01
5.5299526190e+01
5.5299146025e+01
5.5298765860e+01
5.5298519763e+01
5.5300590724e+01
5.5303225802e+01
5.5305202936e+01
5.5307025744e+01
5.5309816650e+01
5.5314646954e+01
5.5319750631e+01
5.5324854308e+01
5.5329957985e+01
5.5335831540e+01
5.5343385798e+01
5.5351282070e+01
5.5359178342e+01
5.5367467408e+01
5.5376431133e+01
5.5386284722e+01
5.5396700358e+01
5.5407696541e+01
5.5419380199e+01
5.5431063857e+01
5.5442951824e+01
5.5456924406e+01
5.5470640141e+01
5.5483839502e+01
5.5497038862e+01
5.5510709314e+01
5.5525562040e+01
5.5541418055e+01
5.5557278320e+01
5.5573195060e+01
5.5589111801e+01
5.5605087982e+01
5.5623517065e+01
5.5641707520e+01
5.5658724719e+01
5.5675741919e+01
5.5692030225e+01
5.5709800636e+01
5.5729107265e+01
5.5747731636e+01
5.5765306441e+01
5.5782881246e+01
5.5801765969e+01
5.5820951289e+01
5.5838834106e+01
5.5856690795e+01
5.5873040868e+01
5.5887591935e+01
5.5906486723e+01
5.5925381512e+01
5.5938600102e+01
5.5951681328e+01
5.5966675925e+01
5.5980937420e+01
5.5993425540e+01
5.6005834657e+01
5.6008738393e+01
5.6016295122e+01
5.6024655895e+01
5.6027048847e+01
5.6016351662e+01
5.6005654477e+01
5.6008432789e+01
5.5990971587e+01
5.5964107082e+01
5.5937242576e+01
5.5897618146e+01
5.5840300624e+01
5.5729200488e+01
5.5618100352e+01
5.5507000216e+01
