1.3496259759e-03 1.5382750881e-06
1.3905135504e-03 1.5977261958e-05
8.7624017291e-04 -2.6584395578e-06
9.9096824012e-04 2.1855408736e-05
1.0522472081e-04 9.2806669688e-06
1.5097061673e-04 1.0105097724e-05
9.6908303041e-04 2.9430902832e-05
8.4780024520e-04 4.1916434006e-06
1.3831492130e-03 1.0423083356e-05
1.3403409247e-03 1.3258225171e-05
1.3651757766e-03 -2.0997302395e-05
1.4003040276e-03 3.1012078919e-05
9.1242833172e-04 -2.3236618355e-05
1.0120766805e-03 3.4868781162e-05
5.8053900954e-05 2.0155911997e-06
1.8273312658e-04 1.4179393665e-05
9.3259347894e-04 -5.6629999991e-06
8.3278314475e-04 9.7865739800e-06
1.3656697655e-03 -1.9618413832e-05
1.3440470125e-03 2.5020252759e-05
1.3671205601e-03 -4.0594929101e-05
1.4082220467e-03 5.0599671044e-05
9.3606314117e-04 -4.0225432718e-05
1.0400858767e-03 5.4441495098e-05
6.1174723310e-05 -8.0760009615e-07
2.2944444790e-04 2.1412215245e-05
9.0156262724e-04 -1.4177509340e-05
8.0090235272e-04 2.3296252105e-05
1.3482894235e-03 -3.3666468500e-05
1.3264350236e-03 4.3633039617e-05
1.3664484855e-03 -4.9327130268e-05
1.4093880682e-03 6.4471744006e-05
9.5417634869e-04 -4.1002377760e-05
1.0618740291e-03 6.1214976077e-05
1.0419687508e-04 -3.9526373982e-06
2.7021297001e-04 2.5411541574e-05
8.6819336742e-04 -2.7924546741e-05
7.7019825914e-04 3.6712832157e-05
1.3317200660e-03 -4.9723761939e-05
1.3142095329e-03 6.2110233942e-05
1.3635230000e-03 -6.0116706270e-05
1.4106220122e-03 7.7649968037e-05
9.6728894530e-04 -4.7899991027e-05
1.0744064078e-03 6.9464388402e-05
1.4497714578e-04 -7.3152650703e-06
3.0418297107e-04 3.0148257299e-05
8.4436118031e-04 -2.6849723690e-05
7.3985776045e-04 3.6172640245e-05
1.3200526033e-03 -5.5922577791e-05
1.3040894375e-03 6.8624877506e-05
1.3598439478e-03 -7.8039384941e-05
1.4204664130e-03 9.8206314320e-05
9.8201830773e-04 -6.6125496981e-05
1.1085603681e-03 9.3456402232e-05
1.8600766302e-04 -1.4026948158e-05
3.4454464319e-04 4.2214357975e-05
8.1042241393e-04 -3.0472228372e-05
6.9913228049e-04 5.3869948332e-05
1.2993244331e-03 -6.6063847429e-05
1.2817735259e-03 9.3268221091e-05
1.3580567433e-03 -9.4273753722e-05
1.0010949165e-03 -7.9995271443e-05
1.4158609989e-03 1.1536810724e-04
2.2472863711e-04 -2.1324375451e-05
1.1216712491e-03 1.0915602854e-04
7.7341890565e-04 -4.9748580609e-05
3.8145698117e-04 5.1643457401e-05
1.2749423869e-03 -8.8889569874e-05
6.5982891581e-04 5.8148201644e-05
1.3517634410e-03 -1.0847808703e-04
1.2577895261e-03 1.0397529869e-04
1.0208881549e-03 -9.1775845798e-05
1.4126788682e-03 1.3105876258e-04
2.6555581309e-04 -2.8467303548e-05
1.1337518468e-03 1.2236929064e-04
7.3660948282e-04 -5.6937418555e-05
4.1612930820e-04 5.9438883001e-05
1.2513297460e-03 -1.0204898625e-04
6.2689628012e-04 6.0501363769e-05
1.3447628922e-03 -1.2467826109e-04
1.2392451792e-03 1.1342312130e-04
1.0314800405e-03 -1.0802369895e-04
1.4050488570e-03 1.4793239105e-04
3.0313496656e-04 -3.8047495609e-05
1.1510139948e-03 1.4036083656e-04
6.9720778270e-04 -6.3203786433e-05
4.5332006710e-04 7.0978259327e-05
1.2214852856e-03 -1.1392816684e-04
5.8600265878e-04 6.9575495561e-05
1.3330775441e-03 -1.3849770856e-04
1.2124432778e-03 1.3109730234e-04
1.0392635656e-03 -1.2034646396e-04
1.3984027952e-03 1.6362050929e-04
3.3425002390e-04 -4.5840713913e-05
1.1627781199e-03 1.5157948077e-04
6.5990185185e-04 -6.7086740388e-05
4.8538128020e-04 7.8831530902e-05
1.1970894199e-03 -1.2429423657e-04
5.4614322581e-04 7.5086739869e-05
1.3243429946e-03 -1.5301304235e-04
1.1885079699e-03 1.4487227643e-04
1.0513024728e-03 -1.3553335604e-04
1.3915533073e-03 1.7796578469e-04
3.6612373251e-04 -5.5747235270e-05
1.1620319251e-03 1.6882341578e-04
6.1948733250e-04 -7.2886549627e-05
5.0832950328e-04 9.0843998132e-05
1.1682548894e-03 -1.3656823491e-04
5.0706510662e-04 7.3127230775e-05
1.3102553675e-03 -1.6850770026e-04
1.1632957283e-03 1.4923036498e-04
1.0583168271e-03 -1.6046142096e-04
1.3768281943e-03 1.9370242395e-04
4.0079689098e-04 -7.2480666973e-05
1.1785149887e-03 1.9145145675e-04
5.7771454698e-04 -7.8936029453e-05
5.4641005863e-04 1.0836917399e-04
1.1314873011e-03 -1.4819912874e-04
4.6398175480e-04 7.9570138083e-05
1.2953339693e-03 -1.7648963284e-04
1.1281874481e-03 1.6609631700e-04
1.0593296209e-03 -1.5470617327e-04
1.3607717460e-03 2.1091711121e-04
4.2737905207e-04 -7.0791966922e-05
1.1841082733e-03 2.0215326112e-04
5.4559133807e-04 -7.9246977657e-05
5.7321929808e-04 1.1644428040e-04
1.1097891651e-03 -1.5537122189e-04
4.1931461374e-04 8.0914535448e-05
1.2785873611e-03 -1.8683868347e-04
1.0644959331e-03 -1.6946882905e-04
1.0968568822e-03 1.7569942696e-04
4.5528023360e-04 -8.2733019227e-05
1.3482478877e-03 2.2538384436e-04
5.0922121301e-04 -8.0125516183e-05
1.1906582931e-03 2.2932091370e-04
1.0828130295e-03 -1.6205630614e-04
6.0083699088e-04 1.3918569149e-04
1.2597384397e-03 -1.9835305642e-04
3.7369317489e-04 8.3187312291e-05
1.0584190645e-03 -1.8356653868e-04
1.0597099592e-03 1.8692582662e-04
4.7858236906e-04 -9.3829077527e-05
1.3299221821e-03 2.3752171673e-04
4.7129629306e-04 -7.7882514593e-05
1.1782339721e-03 2.2791977149e-04
1.0480712848e-03 -1.6447742358e-04
6.1443698292e-04 1.3777994538e-04
1.2399334540e-03 -2.0748339560e-04
3.4117291096e-04 7.6577323025e-05
1.0654682528e-03 -2.0114771127e-04
1.0425907197e-03 1.8512113466e-04
5.0546915060e-04 -1.0907317446e-04
1.3112130171e-03 2.4743690331e-04
4.2945494266e-04 -7.8718289275e-05
1.1796816827e-03 2.3863057859e-04
1.0148131486e-03 -1.7274794380e-04
6.3794279327e-04 1.4605424100e-04
1.2219961840e-03 -2.2078330838e-04
2.9592178282e-04 7.7742025852e-05
1.0606791083e-03 -2.0847666474e-04
1.0077077887e-03 2.0204102721e-04
5.2565378625e-04 -1.1572451093e-04
1.2907253513e-03 2.6168527683e-04
3.9213190951e-04 -8.0357948242e-05
1.1752804091e-03 2.5669778843e-04
9.8066118533e-04 -1.8156559827e-04
6.5749472267e-04 1.6407431518e-04
1.1981915439e-03 -2.2868806645e-04
2.5052347779e-04 7.6417321672e-05
1.0553086504e-03 -2.1418129738e-04
9.6475958638e-04 2.0747172125e-04
5.4492456778e-04 -1.2221129817e-04
3.5511437623e-04 -7.8219206212e-05
1.2676379755e-03 2.7285778545e-04
9.4946454273e-04 -1.8605733935e-04
1.1662366497e-03 2.6843440093e-04
1.1773879974e-03 -2.3778103555e-04
6.7037273080e-04 1.7371586140e-04
1.0521713494e-03 -2.3700072286e-04
2.0816673233e-04 6.8939727723e-05
5.6507550503e-04 -1.4383418080e-04
9.2828016841e-04 2.0700557554e-04
3.1464393952e-04 -7.7054886719e-05
1.2421123900e-03 2.7999504967e-04
9.0816866971e-04 -1.9003322862e-04
1.1686547714e-03 2.8826731108e-04
1.1512249009e-03 -2.4451891823e-04
6.9752286965e-04 1.9554164264e-04
1.0431166721e-03 -2.3397307256e-04
1.6588219299e-04 6.6222138457e-05
5.7940950729e-04 -1.4223709179e-04
8.8938226347e-04 2.1710082086e-04
2.8158668805e-04 -7.3346180300e-05
1.2129568731e-03 2.9418843111e-04
8.8323572279e-04 -1.9331639175e-04
1.1540724328e-03 2.9692928586e-04
1.1294917496e-03 -2.5126909144e-04
7.0585054420e-04 2.0236648332e-04
1.0341234517e-03 -2.4415230549e-04
1.2077907829e-04 6.0615055910e-05
5.9302443323e-04 -1.5327679569e-04
8.5191565208e-04 2.1842777619e-04
2.4476726529e-04 -6.9815219432e-05
1.1886939013e-03 3.0279597503e-04
8.4969937329e-04 -1.9584458989e-04
1.1058518999e-03 -2.5804092989e-04
1.1420927366e-03 3.0926834454e-04
1.0220524513e-03 -2.5293059347e-04
7.1526538622e-04 2.1473798403e-04
6.0217956310e-04 -1.6288316654e-04
8.2329875650e-05 5.4333451131e-05
2.0909815598e-04 -6.5829500644e-05
8.1405175784e-04 2.2243077103e-04
8.1848338424e-04 -1.9815193468e-04
1.1585700881e-03 3.0988550700e-04
1.0808396308e-03 -2.6402864173e-04
1.1219868121e-03 3.1843277479e-04
1.0108827407e-03 -2.6182536103e-04
7.1712402335e-04 2.2495961849e-04
6.1331927349e-04 -1.7330798018e-04
4.3406180186e-05 4.3023920345e-05
1.7391454525e-04 -6.1220822392e-05
7.8357364798e-04 2.2626062363e-04
7.8385784557e-04 -1.9871108688e-04
1.1299718441e-03 3.1829223346e-04
1.0536258371e-03 -2.6873834387e-04
1.1079453421e-03 3.2552221520e-04
9.9699023322e-04 -2.7024639132e-04
7.3019344570e-04 2.3496965720e-04
6.2147773916e-04 -1.8375500919e-04
3.8604952045e-06 3.7838741149e-05
1.3956131776e-04 -5.6085729818e-05
7.3567941936e-04 2.2393118282e-04
7.4668559246e-04 -1.9803722248e-04
1.0248598794e-03 -2.7255506458e-04
1.0946276189e-03 3.2332131369e-04
9.8398189338e-04 -2.7646651419e-04
1.0925774142e-03 3.3683332534e-04
6.2971805412e-04 -1.9173944721e-04
7.3416965550e-04 2.4765367252e-04
1.0652081137e-04 -5.0602099687e-05
1.6567095517e-05 4.4729217823e-05
7.0956276417e-04 -1.9929671088e-04
6.9773473593e-04 2.2446423186e-04
9.9512890022e-04 -2.7641037714e-04
1.0652530885e-03 3.2906024100e-04
9.6899635764e-04 -2.8264645310e-04
1.0737156247e-03 3.4254670013e-04
6.3416630538e-04 -2.0070371488e-04
7.3463432823e-04 2.5322852417e-04
7.0266702477e-05 -4.3880515370e-05
4.9592859732e-05 5.3365913417e-05
6.8035214068e-04 -1.9730157832e-04
6.5948289099e-04 2.2083850097e-04
9.6935669777e-04 -2.7873292089e-04
1.0317286379e-03 3.3223820579e-04
9.5243061875e-04 -2.8791758263e-04
1.0552767849e-03 3.5330457161e-04
6.3882031692e-04 -2.0844172863e-04
7.3960811308e-04 2.6882519226e-04
3.9394074922e-05 -3.7600824942e-05
6.4558914823e-04 -1.9576345077e-04
7.7723285109e-05 6.5441375865e-05
9.4113782180e-04 -2.8115005191e-04
6.1263377052e-04 2.1716154758e-04
9.3567143726e-04 -2.9306973784e-04
9.9283145369e-04 3.3387370500e-04
6.4004640924e-04 -2.1604847672e-04
1.0327060887e-03 3.5898044251e-04
5.4919284347e-05 -4.3350211515e-05
7.3763391217e-04 2.7796332176e-04
6.0719472670e-04 -1.9439704457e-04
1.0703931380e-04 7.6580852948e-05
9.0821471417e-04 -2.8244005513e-04
5.7860108849e-04 2.1515092202e-04
9.1822665801e-04 -2.9593011986e-04
9.6166647573e-04 3.3700076002e-04
6.4115559276e-04 -2.2275173930e-04
1.0082780215e-03 3.6214599083e-04
7.8227852796e-05 -5.3907174807e-05
7.3057275030e-04 2.8122738966e-04
5.7905325833e-04 -1.9210751133e-04
1.3146962251e-04 8.4308582780e-05
8.8241078473e-04 -2.8407374775e-04
8.9783893315e-04 -3.0244465644e-04
5.3810361750e-04 2.0912452218e-04
6.4042729084e-04 -2.3404349516e-04
9.2506153116e-04 3.3613961431e-04
1.0430525706e-04 -6.6000602480e-05
9.8530099802e-04 3.6457801362e-04
5.4261807222e-04 -1.8917950029e-04
7.3025854598e-04 2.8883857428e-04
8.4974602158e-04 -2.8416096728e-04
1.5594855820e-04 9.5123437206e-05
8.7739942289e-04 -3.0469380089e-04
4.9691571328e-04 2.0249447342e-04
6.3721080209e-04 -2.3861484756e-04
8.8635555088e-04 3.3526602786e-04
1.2748877863e-04 -7.4892367457e-05
9.5906585714e-04 3.7056267262e-04
5.0893917746e-04 -1.8535706667e-04
7.2498909041e-04 3.0031827402e-04
8.1816967622e-04 -2.8349880021e-04
1.7905426006e-04 1.0716913653e-04
8.5608696031e-04 -3.0501770835e-04
4.5594551999e-04 1.9507162994e-04
6.3460784985e-04 -2.4069995676e-04
1.5046489282e-04 -8.2632968398e-05
8.4693669295e-04 3.3218915655e-04
4.7508230317e-04 -1.8125819743e-04
9.3245759233e-04 3.6993316607e-04
7.8599830609e-04 -2.8275569251e-04
7.1409650831e-04 3.0044694337e-04
8.3504161572e-04 -3.0661004209e-04
1.9708178338e-04 1.1447325434e-04
6.2965627951e-04 -2.4599226876e-04
4.2566101623e-04 1.9199424065e-04
1.6784994442e-04 -9.1139205163e-05
8.1633978343e-04 3.3486570057e-04
4.4185533901e-04 -1.7704237998e-04
8.9993574990e-04 3.7336366033e-04
7.5472940240e-04 -2.8111354349e-04
6.9980714726e-04 3.1075204405e-04
8.1117768460e-04 -3.0428729332e-04
2.1302370341e-04 1.2807317683e-04
6.2045763350e-04 -2.4539162049e-04
1.8520112452e-04 -9.9207043115e-05
3.8362958943e-04 1.8294571203e-04
4.1510320543e-04 -1.7206736456e-04
7.7350501417e-04 3.2915736482e-04
7.2715997004e-04 -2.7847861152e-04
8.7225128949e-04 3.7540796243e-04
7.8564838699e-04 -3.0536646227e-04
6.8904832128e-04 3.1731711796e-04
6.1004815127e-04 -2.5135826624e-04
2.2794221115e-04 1.3696108902e-04
1.9995963505e-04 -1.0876611404e-04
3.4333210252e-04 1.7204146732e-04
3.8388293676e-04 -1.6782842247e-04
7.3107853460e-04 3.2151083662e-04
6.9560176719e-04 -2.7668749332e-04
8.4233622600e-04 3.7049451551e-04
7.6074172433e-04 -3.0498054690e-04
6.8045856597e-04 3.1594408730e-04
5.9692204676e-04 -2.5320222059e-04
2.1098003598e-04 -1.1473175828e-04
2.4347921377e-04 1.4316136449e-04
3.4935164156e-04 -1.5909735731e-04
3.1060057825e-04 1.6490528099e-04
6.5965751859e-04 -2.7010403480e-04
6.9630702487e-04 3.1918665260e-04
7.3796193167e-04 -3.0518307850e-04
8.0953987401e-04 3.6916724153e-04
5.9814124304e-04 -2.7301481783e-04
6.6223708193e-04 3.1814994027e-04
2.2476945062e-04 -1.3242912650e-04
2.5337212494e-04 1.5083037653e-04
3.1647523741e-04 -1.5547046142e-04
2.7594396701e-04 1.5510813119e-04
6.2702428798e-04 -2.7063035363e-04
6.5638189358e-04 3.1196736647e-04
7.0805295988e-04 -3.0783269494e-04
7.7515271469e-04 3.6437413684e-04
5.7682520316e-04 -2.6790254909e-04
2.3090060387e-04 -1.3658708631e-04
6.4282103454e-04 3.1625362175e-04
2.8707190174e-04 -1.5056720092e-04
2.6087302339e-04 1.5653662130e-04
5.9298998229e-04 -2.6554131618e-04
2.4332131792e-04 1.4583288046e-04
6.7913987889e-04 -3.0370431474e-04
6.1836124512e-04 3.0567911545e-04
5.6255033307e-04 -2.6800833959e-04
7.3997812624e-04 3.6208772916e-04
2.3727417993e-04 -1.4203262899e-04
6.2322280821e-04 3.2303987287e-04
2.5717622109e-04 -1.4372105216e-04
2.6608434665e-04 1.6857470185e-04
5.6151542734e-04 -2.6062361824e-04
2.0768770388e-04 1.3652531979e-04
6.5428559279e-04 -2.9927400418e-04
5.4753800292e-04 -2.6271278239e-04
5.7558330868e-04 2.9739771048e-04
2.4268291755e-04 -1.4430370413e-04
7.0366094064e-04 3.5817848685e-04
2.2946564576e-04 -1.3724526724e-04
6.0161357978e-04 3.2318819000e-04
5.2783546507e-04 -2.5522496078e-04
2.6885947239e-04 1.7542347960e-04
6.2103126681e-04 -2.9481709231e-04
1.7585540032e-04 1.2699391305e-04
5.3095197724e-04 -2.6880195665e-04
5.3684667128e-04 2.8899165126e-04
2.4626080080e-04 -1.5558747522e-04
6.6563712393e-04 3.5263164871e-04
1.9908764897e-04 -1.3147875682e-04
5.7144541669e-04 3.2672407185e-04
4.9175972093e-04 -2.4890745053e-04
5.8922891780e-04 -2.9092387728e-04
2.6524025160e-04 1.8482363622e-04
5.0741153452e-04 -2.6534591256e-04
1.4325687164e-04 1.1401834766e-04
2.4477546015e-04 -1.5877467469e-04
4.9275289875e-04 2.7317611941e-04
1.7258870070e-04 -1.2487874224e-04
6.2999946046e-04 3.4019638558e-04
4.5784767258e-04 -2.4222109822e-04
5.5242959667e-04 3.1218712394e-04
5.5740627930e-04 -2.8669607990e-04
2.6756207005e-04 1.8025097204e-04
4.8569685997e-04 -2.6422951586e-04
1.1816585245e-04 1.0655887137e-04
2.4197928170e-04 -1.6314960788e-04
1.4521745492e-04 -1.1857829562e-04
4.5959624837e-04 2.6975601305e-04
4.2345995377e-04 -2.3599182490e-04
5.8708373769e-04 3.3330834145e-04
5.2304484574e-04 -2.8093308063e-04
5.1762042901e-04 3.0970089268e-04
4.5935855685e-04 -2.6161542427e-04
2.5836725839e-04 1.8645264003e-04
2.3572983624e-04 -1.6725266285e-04
8.7617755125e-05 9.7931075229e-05
1.1859933460e-04 -1.1274737466e-04
4.1389540882e-04 2.5711224672e-04
3.8686952435e-04 -2.2811221479e-04
5.4130288345e-04 3.2198684383e-04
4.8765463704e-04 -2.7364309520e-04
4.3166472712e-04 -2.5648382453e-04
4.8372102852e-04 3.0207692988e-04
2.2715828695e-04 -1.6854326781e-04
2.4880249075e-04 1.8775486065e-04
9.2911157238e-05 -1.0584619118e-04
6.0728661854e-05 8.9323761434e-05
3.4895520093e-04 -2.1851140086e-04
3.7183352310e-04 2.4474979799e-04
4.4903228867e-04 -2.6299538411e-04
4.9487759166e-04 3.0829996467e-04
4.0409518829e-04 -2.4733957041e-04
4.4794432871e-04 2.9229747170e-04
2.1801208432e-04 -1.6767778610e-04
2.3702948163e-04 1.8761648230e-04
6.7666587449e-05 -1.0190129868e-04
3.1220019159e-04 -2.1277919474e-04
3.3990315453e-05 8.0644791115e-05
4.0784931078e-04 -2.5413900602e-04
3.2390261646e-04 2.3195479603e-04
3.7314614119e-04 -2.3986836119e-04
4.4140418671e-04 2.9443567736e-04
2.0674560540e-04 -1.6752033005e-04
4.0357469775e-04 2.8163421009e-04
4.4069487308e-05 -9.7278660520e-05
2.1597761375e-04 1.8747014520e-04
2.7379132021e-04 -2.0742294884e-04
6.3114793747e-06 7.6425592620e-05
3.6199812397e-04 -2.4950793153e-04
2.7649068364e-04 2.2251429933e-04
3.3210603502e-04 -2.4450824085e-04
1.8358894578e-04 -1.7992581085e-04
3.8190389871e-04 2.8022981927e-04
1.3461962867e-05 -9.6533433632e-05
3.4490228812e-04 2.7153225411e-04
2.2712560658e-04 -1.9739789114e-04
1.8222503819e-04 1.8949765218e-04
3.1082044921e-04 -2.3814146494e-04
-2.1918617146e-05 7.3459517506e-05
2.8654463016e-04 -2.3381230324e-04
2.1264862542e-04 2.0276972735e-04
1.5765073883e-04 -1.7747040811e-04
3.0778718982e-04 2.5616789848e-04
-1.1458960455e-05 -9.6948990087e-05
1.7968813975e-04 -1.9256029437e-04
2.8516311547e-04 2.4952114442e-04
2.5061012906e-04 -2.2956012097e-04
1.4999461951e-04 1.7898688563e-04
2.3024199587e-04 -2.2815362018e-04
-4.8305911868e-05 6.9426765705e-05
1.2103050291e-04 -1.8081138707e-04
1.5039897634e-04 1.8502443345e-04
-4.4348886123e-05 -9.9246144009e-05
2.1599204833e-04 2.2417196305e-04
1.1951517020e-04 -1.8307599050e-04
1.8970458140e-04 2.0483724822e-04
1.6981512078e-04 -2.1214473245e-04
1.5573692765e-04 -1.9995164134e-04
8.5493857413e-05 1.6016931158e-04
7.2149719035e-05 -1.7775714597e-04
-8.1351547525e-05 1.1737638275e-04
-7.9405036218e-05 -1.6997868947e-04
1.4915243515e-04 3.2297201308e-04
1.8332823924e-04 -3.7102009044e-04
1.3414897968e-04 2.6516297263e-04
1.3731047156e-04 -2.7978219637e-04
-2.2827898846e-04 4.1260850952e-05
-3.5175125084e-04 1.8821981296e-05
-4.0495019163e-04 -6.6302535231e-05
-5.6401576095e-04 1.4417918231e-04
-1.2127924422e-04 -4.4389895731e-05
-1.4373940591e-04 4.5833560078e-05
