2.9219271003e+02
2.9218910536e+02
2.9218550069e+02
2.9218138615e+02
2.9217702667e+02
2.9217227725e+02
2.9216807202e+02
2.9216306553e+02
2.9215782979e+02
2.9215314068e+02
2.9214713076e+02
2.9214221279e+02
2.9213520025e+02
2.9212864886e+02
2.9212192015e+02
2.9211494405e+02
2.9210742374e+02
2.9209899209e+02
2.9209146240e+02
2.9207961463e+02
2.9206932726e+02
2.9205934846e+02
2.9204899716e+02
2.9203804460e+02
2.9202640084e+02
2.9201304299e+02
2.9199865362e+02
2.9198617508e+02
2.9197369653e+02
2.9195576664e+02
2.9193738679e+02
2.9191818634e+02
2.9189830477e+02
2.9188009103e+02
2.9186453680e+02
2.9184737993e+02
2.9182397348e+02
2.9180060105e+02
2.9177483019e+02
2.9174905934e+02
2.9172765257e+02
2.9170771166e+02
2.9168147461e+02
2.9165528885e+02
2.9162855405e+02
2.9160241542e+02
2.9157264267e+02
2.9154578915e+02
2.9151784072e+02
2.9148847077e+02
2.9145865556e+02
2.9142978666e+02
2.9139899102e+02
2.9136942789e+02
2.9133798712e+02
2.9130751731e+02
2.9127667882e+02
2.9124641544e+02
2.9121475749e+02
2.9118452951e+02
2.9115357601e+02
2.9112372665e+02
2.9109328847e+02
2.9106438204e+02
2.9103450265e+02
2.9100588047e+02
2.9097701896e+02
2.9095076713e+02
2.9092438263e+02
2.9089925335e+02
2.9087453083e+02
2.9085122022e+02
2.9082837098e+02
2.9080748604e+02
2.9078874906e+02
2.9076927758e+02
2.9075488770e+02
2.9073918448e+02
2.9072606448e+02
2.9071495619e+02
2.9070467649e+02
2.9069630686e+02
2.9069116728e+02
2.9068761850e+02
2.9068402643e+02
2.9068701955e+02
2.9068896350e+02
2.9069407752e+02
2.9070112260e+02
2.9071109959e+02
2.9072031429e+02
2.9073508215e+02
2.9075003662e+02
2.9076590426e+02
2.9078577960e+02
2.9080812163e+02
2.9082822294e+02
2.9085617802e+02
2.9087441490e+02
2.9090014134e+02
