1.8807349785e-05 5.1367083489e-07
1.8807349785e-05 5.1367083489e-07
2.1716846066e-01 -1.5748917692e-05
4.2810728923e-01 -6.3621576217e-05
6.3291609364e-01 -1.4318768630e-04
8.3177131253e-01 -2.5654544444e-04
1.0247338752e+00 -4.0359018624e-04
1.2119379819e+00 -5.8472716332e-04
1.3934319443e+00 -7.9997212626e-04
1.5694048714e+00 -1.0523051874e-03
1.7399112015e+00 -1.3425528333e-03
1.9050173126e+00 -1.6675475061e-03
2.0648824084e+00 -2.0258244203e-03
2.2195588557e+00 -2.4203984285e-03
2.3691668750e+00 -2.8454444531e-03
2.5137898604e+00 -3.3084161586e-03
2.6535344509e+00 -3.8154378504e-03
2.7884198066e+00 -4.3687035363e-03
2.9186075009e+00 -4.9528443507e-03
3.0440662313e+00 -5.5728114971e-03
3.1650092434e+00 -6.2338019135e-03
3.2814782258e+00 -6.9312559396e-03
3.3935477288e+00 -7.6630400457e-03
3.5012443558e+00 -8.4318126763e-03
3.6046966544e+00 -9.2328605645e-03
3.7039432418e+00 -1.0065030496e-02
3.7990601381e+00 -1.0932402881e-02
3.8900896871e+00 -1.1832355168e-02
3.9771282123e+00 -1.2766488517e-02
4.0602055890e+00 -1.3731304905e-02
4.1393943180e+00 -1.4724311516e-02
4.2147314454e+00 -1.5743122969e-02
4.2862753368e+00 -1.6789740693e-02
4.3540715084e+00 -1.7858624997e-02
4.4181767695e+00 -1.8948531689e-02
4.4786273198e+00 -2.0060189614e-02
4.5354644941e+00 -2.1193202954e-02
4.5887183089e+00 -2.2342847579e-02
4.6384181236e+00 -2.3509316177e-02
4.6846078374e+00 -2.4688879149e-02
4.7273056206e+00 -2.5880529255e-02
4.7665428453e+00 -2.7081348266e-02
4.8023347744e+00 -2.8289212499e-02
4.8347068702e+00 -2.9500223003e-02
4.8636732818e+00 -3.0715633592e-02
4.8892207879e+00 -3.1931455972e-02
4.9113765502e+00 -3.3141910726e-02
4.9301642143e+00 -3.4342839195e-02
4.9455761669e+00 -3.5534630840e-02
4.9576090281e+00 -3.6715945716e-02
4.9662646140e+00 -3.7883133844e-02
4.9715326989e+00 -3.9032728267e-02
4.9733962300e+00 -4.0162833539e-02
4.9718503528e+00 -4.1269637579e-02
4.9668673050e+00 -4.2348280618e-02
4.9584424296e+00 -4.3398812623e-02
4.9465392557e+00 -4.4414739689e-02
4.9311477176e+00 -4.5395266909e-02
4.9122160264e+00 -4.6334580573e-02
4.8897183875e+00 -4.7231311423e-02
4.8636170558e+00 -4.8081066152e-02
4.8338771775e+00 -4.8881663665e-02
4.8004546748e+00 -4.9625778616e-02
4.7633006229e+00 -5.0313102998e-02
4.7223552394e+00 -5.0938641730e-02
4.6775815653e+00 -5.1499678851e-02
4.6289154814e+00 -5.1994873501e-02
4.5762946019e+00 -5.2406907186e-02
4.5196799616e+00 -5.2766498868e-02
4.4589091649e+00 -5.3045856452e-02
4.3939355940e+00 -5.3223610074e-02
4.3248108561e+00 -5.3313998034e-02
4.2513807512e+00 -5.3325719844e-02
4.1735456160e+00 -5.3242354750e-02
4.0912073237e+00 -5.3056246543e-02
4.0042993398e+00 -5.2770589157e-02
3.9127334232e+00 -5.2379853081e-02
3.8164073548e+00 -5.1877950069e-02
3.7152162320e+00 -5.1268419133e-02
3.6090743313e+00 -5.0538685542e-02
3.4978542292e+00 -4.9683367408e-02
3.3814514025e+00 -4.8701492317e-02
3.2597621210e+00 -4.7590815112e-02
3.1326482400e+00 -4.6348415784e-02
3.0000113715e+00 -4.4966684356e-02
2.8617082107e+00 -4.3444807445e-02
2.7176248442e+00 -4.1773617116e-02
2.5676208685e+00 -3.9953785750e-02
2.4115778861e+00 -3.7976584937e-02
2.2493366508e+00 -3.5838608515e-02
2.0807666855e+00 -3.3538825419e-02
1.9057189101e+00 -3.1065536075e-02
1.7240347592e+00 -2.8420106868e-02
1.5355683780e+00 -2.5593106921e-02
1.3401760334e+00 -2.2573595594e-02
1.1377207648e+00 -1.9360574884e-02
9.2799900523e-01 -1.5957769414e-02
7.1082268963e-01 -1.2356643162e-02
4.8604530798e-01 -8.5338136747e-03
2.5348965935e-01 -4.4967251125e-03
1.3177864184e-02 -2.3722182724e-04
