-6.3148251527e-06 1.9518579972e-10
2.4433954390e-01 -3.2092775781e-07
4.8274946748e-01 -2.4583249696e-07
7.1524381610e-01 1.2856276552e-07
9.4191126566e-01 4.2163800957e-07
1.1627690626e+00 7.6661681820e-07
1.3778889921e+00 1.0948591872e-06
1.5872986347e+00 1.1028673460e-06
1.7910774318e+00 1.3124289880e-06
1.9892412293e+00 1.8222224815e-06
2.1818547713e+00 2.1832439070e-06
2.3689736767e+00 2.4806430401e-06
2.5506106443e+00 2.7662606826e-06
2.7268582826e+00 2.9278978309e-06
2.8977344831e+00 2.8464045169e-06
3.0632814656e+00 2.8118614398e-06
3.2235684250e+00 3.1416456326e-06
3.3786028941e+00 3.7855862293e-06
3.5284622459e+00 4.2602439417e-06
3.6731714913e+00 4.4445597803e-06
3.8127661370e+00 4.4433645353e-06
3.9473084238e+00 4.6223601398e-06
4.0768014300e+00 4.9924666719e-06
4.2013332220e+00 5.4986329491e-06
4.3209154062e+00 5.7478661076e-06
4.4355652579e+00 5.7135500092e-06
4.5453587252e+00 5.6148642001e-06
4.6502993377e+00 5.6238887613e-06
4.7504210983e+00 5.5460088815e-06
4.8457779452e+00 5.1495650754e-06
4.9363760520e+00 4.3492763796e-06
5.0222687796e+00 3.3535327615e-06
5.1034699103e+00 2.1171573363e-06
5.1799936353e+00 1.7295991241e-06
5.2518953097e+00 1.3086220282e-06
5.3191772721e+00 1.8837754628e-07
5.3818737884e+00 -1.9925074605e-06
5.4399796384e+00 -3.7323165153e-06
5.4935286652e+00 -4.0985469086e-06
5.5425639570e+00 -2.6703839272e-06
5.5870878267e+00 -7.9430507996e-07
5.6271422915e+00 -2.0650486371e-06
5.6627334067e+00 -5.3598860964e-06
5.6938164638e+00 -1.0392573318e-05
5.7204260640e+00 -1.3671547338e-05
5.7425908633e+00 -1.2529037420e-05
5.7603132930e+00 -1.2393553428e-05
5.7735992926e+00 -1.4697754179e-05
5.7824479836e+00 -1.9303574651e-05
5.7868965503e+00 -2.3117339968e-05
5.7869036031e+00 -2.4339922181e-05
5.7824801304e+00 -2.3903340476e-05
5.7736255310e+00 -2.3845872533e-05
5.7603388034e+00 -2.5172800690e-05
5.7426085550e+00 -2.6412286558e-05
5.7204444454e+00 -2.6647194439e-05
5.6938260022e+00 -2.6471008517e-05
5.6627423812e+00 -2.6257427998e-05
5.6271961206e+00 -2.6021477936e-05
5.5871630777e+00 -2.6128985277e-05
5.5426250671e+00 -2.6347334753e-05
5.4935881935e+00 -2.6079722321e-05
5.4400050554e+00 -2.5743937585e-05
5.3818743422e+00 -2.4964750207e-05
5.3191765844e+00 -2.4486507650e-05
5.2518858781e+00 -2.4422508893e-05
5.1799992619e+00 -2.4183477965e-05
5.1034561274e+00 -2.3850594231e-05
5.0222519208e+00 -2.3002264378e-05
4.9363730922e+00 -2.2344834662e-05
4.8457560644e+00 -2.1292933839e-05
4.7504078157e+00 -1.9082014462e-05
4.6502811001e+00 -1.7211701349e-05
4.5453327767e+00 -1.6303650410e-05
4.4355483137e+00 -1.5176613912e-05
4.3208822420e+00 -1.3954271254e-05
4.2013207235e+00 -1.2609568782e-05
4.0767879940e+00 -1.0941929240e-05
3.9472762421e+00 -9.2922102338e-06
3.8127508446e+00 -8.0102142545e-06
3.6731359350e+00 -7.4092841147e-06
3.5284327204e+00 -7.3943900792e-06
3.3785745395e+00 -7.0555049680e-06
3.2235191935e+00 -5.8180505261e-06
3.0632542837e+00 -4.4073413280e-06
2.8976930545e+00 -3.9105173606e-06
2.7268314053e+00 -4.2507145426e-06
2.5505913283e+00 -4.5541677648e-06
2.3689326106e+00 -4.2922884378e-06
2.1818377697e+00 -3.3609103696e-06
1.9892149496e+00 -2.8076148307e-06
1.7910487411e+00 -2.4705577978e-06
1.5872882707e+00 -1.9362805760e-06
1.3778597700e+00 -1.6107925322e-06
1.1627582489e+00 -1.1903138197e-06
9.4189568631e-01 -6.6615340790e-07
7.1523121693e-01 -2.1666818220e-07
4.8274373641e-01 -2.5334710108e-08
2.4433726594e-01 -4.1844070263e-09
-1.9794744501e-07 -4.3208591174e-09
