-8.5257210534e-08 2.4103798580e-07
2.5676861084e-02 -8.1580021072e-05
5.0813918419e-02 -3.1091404540e-04
7.5411086746e-02 -6.8776103501e-04
9.9468366067e-02 -1.2121209899e-03
1.2297262778e-01 -1.8747024864e-03
1.4590348172e-01 -2.6596047802e-03
1.6826070942e-01 -3.5666049765e-03
1.9004431088e-01 -4.5957030756e-03
2.1125385164e-01 -5.7472997089e-03
2.3188288444e-01 -7.0077169806e-03
2.5191739966e-01 -8.3597147844e-03
2.7135793080e-01 -9.8034813588e-03
2.9020447787e-01 -1.1339016704e-02
3.0845704086e-01 -1.2966320819e-02
3.2610780381e-01 -1.4675577272e-02
3.4315239084e-01 -1.6451261540e-02
3.5958780604e-01 -1.8292725839e-02
3.7541404940e-01 -2.0199970171e-02
3.9062667964e-01 -2.2164150843e-02
4.0523531001e-01 -2.4172937253e-02
4.1923370933e-01 -2.6225667759e-02
4.3260855993e-01 -2.8321447105e-02
4.4536897945e-01 -3.0452507039e-02
4.5751812423e-01 -3.2605110573e-02
4.6905573339e-01 -3.4779090998e-02
4.7998109144e-01 -3.6974296553e-02
4.9028789304e-01 -3.9183817577e-02
4.9998270139e-01 -4.1391963127e-02
5.0906531123e-01 -4.3598253429e-02
5.1753629051e-01 -4.5802899662e-02
5.2539394303e-01 -4.8002220177e-02
5.3265311433e-01 -5.0182867522e-02
5.3931071739e-01 -5.2340641798e-02
5.4535929320e-01 -5.4472596451e-02
5.5079875185e-01 -5.6578000022e-02
5.5564392940e-01 -5.8644660469e-02
5.5990341964e-01 -6.0668244301e-02
5.6357573299e-01 -6.2648162398e-02
5.6664775425e-01 -6.4579049775e-02
5.6913806798e-01 -6.6454241652e-02
5.7104694420e-01 -6.8264698075e-02
5.7238251657e-01 -7.0010645553e-02
5.7314886921e-01 -7.1691791787e-02
5.7334848449e-01 -7.3300519279e-02
5.7297776243e-01 -7.4829153589e-02
5.7205095774e-01 -7.6273298234e-02
5.7058054283e-01 -7.7630447303e-02
5.6856651771e-01 -7.8900600797e-02
5.6600470082e-01 -8.0077687694e-02
5.6291339897e-01 -8.1152404450e-02
5.5929805438e-01 -8.2122046378e-02
5.5515802609e-01 -8.2988181912e-02
5.5050061677e-01 -8.3747392365e-02
5.4534942295e-01 -8.4395463191e-02
5.3970029822e-01 -8.4925829836e-02
5.3355207078e-01 -8.5336194769e-02
5.2691636900e-01 -8.5625023268e-02
5.1982043636e-01 -8.5787591044e-02
5.1226533735e-01 -8.5823639683e-02
5.0425047657e-01 -8.5732812770e-02
4.9577961386e-01 -8.5508109966e-02
4.8688096982e-01 -8.5147602298e-02
4.7756708293e-01 -8.4650718044e-02
4.6783795320e-01 -8.4017457206e-02
4.5769358062e-01 -8.3247819784e-02
4.4716106401e-01 -8.2337291134e-02
4.3626096866e-01 -8.1283810708e-02
4.2499250058e-01 -8.0088078424e-02
4.1335814106e-01 -7.8750115910e-02
4.0139434678e-01 -7.7274428170e-02
3.8910700847e-01 -7.5659184606e-02
3.7650668723e-01 -7.3899540518e-02
3.6360032539e-01 -7.1997248838e-02
3.5042574904e-01 -6.9960482918e-02
3.3698853964e-01 -6.7790171006e-02
3.2330025890e-01 -6.5483720015e-02
3.0938619916e-01 -6.3041670266e-02
2.9527602766e-01 -6.0472832974e-02
2.8096101730e-01 -5.7779650990e-02
2.6648542352e-01 -5.4974595715e-02
2.5186856807e-01 -5.2060588234e-02
2.3712601918e-01 -4.9033400527e-02
2.2228540787e-01 -4.5906872001e-02
2.0738964705e-01 -4.2694100379e-02
1.9243907965e-01 -3.9395191684e-02
1.7748416172e-01 -3.6024760010e-02
1.6256832458e-01 -3.2607695683e-02
1.4769061013e-01 -2.9144019704e-02
1.3291116573e-01 -2.5664013588e-02
1.1827249233e-01 -2.2215579467e-02
1.0382254937e-01 -1.8789565692e-02
8.9578286915e-02 -1.5404511013e-02
7.5709729827e-02 -1.2133534012e-02
6.2149444003e-02 -9.0246926730e-03
4.8902415920e-02 -6.0860467300e-03
3.6111115865e-02 -3.6153438736e-03
2.3696747977e-02 -1.7772897532e-03
1.1659312253e-02 -5.7188436860e-04
-1.1913045614e-06 8.7228011697e-07
