9.4750004399e-05 5.2687083097e-07
2.9772165248e-01 -2.0105294684e-05
5.8851352777e-01 -8.3169514381e-05
8.7248806828e-01 -1.9297740801e-04
1.1497775281e+00 -3.5214498133e-04
1.4204046628e+00 -5.6563456723e-04
1.6844316530e+00 -8.3531309687e-04
1.9419182199e+00 -1.1618299679e-03
2.1929392818e+00 -1.5608659327e-03
2.4375198710e+00 -2.0188783118e-03
2.6757570411e+00 -2.5455737766e-03
2.9076612257e+00 -3.1459587282e-03
3.1333113125e+00 -3.8221804459e-03
3.3527559921e+00 -4.5737046911e-03
3.5660121054e+00 -5.4009988693e-03
3.7731692588e+00 -6.3069571524e-03
3.9742379499e+00 -7.2960628893e-03
4.1692897734e+00 -8.3689219361e-03
4.3583464209e+00 -9.5207807409e-03
4.5414638845e+00 -1.0754986569e-02
4.7186699067e+00 -1.2073673390e-02
4.8900011469e+00 -1.3471425561e-02
5.0555087737e+00 -1.4953542295e-02
5.2152033012e+00 -1.6518430293e-02
5.3691435489e+00 -1.8160612257e-02
5.5173268145e+00 -1.9880353001e-02
5.6598115468e+00 -2.1677293701e-02
5.7966139873e+00 -2.3549755352e-02
5.9277601699e+00 -2.5493092995e-02
6.0532740899e+00 -2.7507756392e-02
6.1731946599e+00 -2.9592076863e-02
6.2875214196e+00 -3.1732903094e-02
6.3962668574e+00 -3.3930843223e-02
6.4994682205e+00 -3.6189794916e-02
6.5971267288e+00 -3.8501793657e-02
6.6892724584e+00 -4.0859514219e-02
6.7759137921e+00 -4.3263158986e-02
6.8570619479e+00 -4.5699414615e-02
6.9327071594e+00 -4.8166033145e-02
7.0028571158e+00 -5.0659456221e-02
7.0675321991e+00 -5.3180930579e-02
7.1267578060e+00 -5.5714381938e-02
7.1804221366e+00 -5.8254624935e-02
7.2286170555e+00 -6.0796555586e-02
7.2713791660e+00 -6.3350455158e-02
7.3086542275e+00 -6.5911105307e-02
7.3403348422e+00 -6.8437479171e-02
7.3665661381e+00 -7.0930291822e-02
7.3872775110e+00 -7.3394924484e-02
7.4024408553e+00 -7.5831276618e-02
7.4120185032e+00 -7.8227026605e-02
7.4160603817e+00 -8.0575044626e-02
7.4144290772e+00 -8.2859580107e-02
7.4072642682e+00 -8.5088036248e-02
7.3944147836e+00 -8.7243367612e-02
7.3759032975e+00 -8.9323623008e-02
7.3516605313e+00 -9.1307471643e-02
7.3216706470e+00 -9.3189700102e-02
7.2858832950e+00 -9.4976912362e-02
7.2443036228e+00 -9.6665291804e-02
7.1968534127e+00 -9.8222110658e-02
7.1435099630e+00 -9.9656613361e-02
7.0841948761e+00 -1.0096115655e-01
7.0189007958e+00 -1.0213786474e-01
6.9475507706e+00 -1.0315453100e-01
6.8701131938e+00 -1.0402248373e-01
6.7864774311e+00 -1.0475787777e-01
6.6966400055e+00 -1.0527402966e-01
6.6005241303e+00 -1.0565366703e-01
6.4980511387e+00 -1.0583712486e-01
6.3891586017e+00 -1.0584519498e-01
6.2737905345e+00 -1.0564949953e-01
6.1518646688e+00 -1.0525880604e-01
6.0232941258e+00 -1.0466223752e-01
5.8880072728e+00 -1.0385340334e-01
5.7459264273e+00 -1.0282999091e-01
5.5969608709e+00 -1.0157341525e-01
5.4410071698e+00 -1.0009787876e-01
5.2780077404e+00 -9.8383962577e-02
5.1078335039e+00 -9.6432145286e-02
4.9304201801e+00 -9.4236199055e-02
4.7456247488e+00 -9.1792886970e-02
4.5533666339e+00 -8.9093498348e-02
4.3535326193e+00 -8.6138810235e-02
4.1460171320e+00 -8.2922542967e-02
3.9306949697e+00 -7.9434931911e-02
3.7074548292e+00 -7.5688174300e-02
3.4761646585e+00 -7.1651207849e-02
3.2366949523e+00 -6.7353854729e-02
2.9889064934e+00 -6.2766751333e-02
2.7326695312e+00 -5.7890545477e-02
2.4678420002e+00 -5.2728258342e-02
2.1942698414e+00 -4.7281718437e-02
1.9118334104e+00 -4.1510445954e-02
1.6203271431e+00 -3.5471454931e-02
1.3196363968e+00 -2.9114693672e-02
1.0095723056e+00 -2.2430867518e-02
6.8989681285e-01 -1.5440803766e-02
3.6055291070e-01 -8.1335620009e-03
2.1811473403e-02 -4.9119415023e-04
