1.1057751550e-03 -7.1183314019e-06
1.9060604891e-04 1.1698883850e-05
1.6550387093e-03 3.2718047369e-06
1.2034416533e-03 3.1581462767e-05
1.6800941684e-03 2.8508021502e-05
1.6874221949e-03 1.2152599092e-05
1.2005777407e-03 3.5019964902e-05
1.6618395313e-03 -1.9951980156e-05
2.3522032443e-04 1.7812077377e-05
1.1315319202e-03 -2.2454704710e-05
1.0816246011e-03 8.7437427589e-06
1.3844648797e-04 5.2269996562e-06
1.6517270135e-03 2.5741536467e-05
1.1681087365e-03 3.2119262499e-06
1.7047197394e-03 5.9021488812e-05
1.6730733928e-03 -1.7916661146e-05
1.2591842660e-03 6.6364553183e-05
1.6718726794e-03 -4.7554496914e-05
2.8757503407e-04 2.9181359908e-05
1.1669632502e-03 -4.7513673356e-05
1.0325545640e-03 2.7874740746e-05
1.4070754622e-04 -4.6055169445e-06
1.6261201413e-03 5.2213867285e-05
1.1305547015e-03 -1.8089396580e-05
1.7086205764e-03 8.7261132685e-05
1.6549027637e-03 -4.3892766240e-05
1.2826188820e-03 9.1888494844e-05
1.6713248612e-03 -7.3893670075e-05
3.3114038437e-04 4.1830461243e-05
1.1870956525e-03 -6.9479620397e-05
9.9519018403e-04 4.7293396397e-05
1.9297472774e-04 -1.3309831018e-05
1.6097925078e-03 7.9248115836e-05
1.0886258421e-03 -3.6238800577e-05
1.7072019951e-03 1.1073886885e-04
1.6299886581e-03 -6.8920860074e-05
1.2977316494e-03 1.0644637694e-04
1.6718831728e-03 -9.8831107798e-05
3.7210067126e-04 5.0194742751e-05
1.2129644239e-03 -8.9974843130e-05
9.5696341233e-04 6.0587561648e-05
2.4125470767e-04 -2.2812046788e-05
1.5929213232e-03 1.0119018691e-04
1.0553568908e-03 -4.7364199086e-05
1.7086064836e-03 1.3780905973e-04
1.6138728041e-03 -8.8320803056e-05
1.3200155805e-03 1.3434736190e-04
1.6670331737e-03 -1.2606865059e-04
4.1374780111e-04 6.6143042091e-05
1.2272061964e-03 -1.1671793245e-04
9.1424991634e-04 7.8360233560e-05
2.8891663177e-04 -3.6392844838e-05
1.5695349683e-03 1.2714029558e-04
1.0155278785e-03 -5.7962557435e-05
1.6979172661e-03 1.6153806642e-04
1.5869342889e-03 -1.0733925903e-04
1.3215853937e-03 1.5045560818e-04
1.6609980453e-03 -1.5104722365e-04
4.4836970445e-04 7.5916459178e-05
1.2496435725e-03 -1.3791020288e-04
8.7496693129e-04 8.6895940032e-05
3.3552202726e-04 -4.9247984789e-05
1.5489613283e-03 1.4434048289e-04
9.7084997150e-04 -7.9879650832e-05
1.6916331112e-03 1.8601835475e-04
1.5575814330e-03 -1.3464372217e-04
1.3421662601e-03 1.7848143933e-04
1.6469655585e-03 -1.7088899409e-04
4.9253632713e-04 9.2652177818e-05
1.2541056357e-03 -1.5395927440e-04
8.1906136109e-04 1.0027589192e-04
3.7825083473e-04 -6.0911779013e-05
9.3115379350e-04 -8.7208717013e-05
1.5041426373e-03 1.6847341595e-04
1.5278240616e-03 -1.5065035897e-04
1.6766961556e-03 2.1151240607e-04
1.6345469033e-03 -1.9398589649e-04
1.3625701975e-03 1.9912531178e-04
1.2726264384e-03 -1.7442539056e-04
5.3487975828e-04 1.0601396146e-04
4.2273598006e-04 -7.4770720330e-05
7.7114872049e-04 1.0870703721e-04
8.8126153439e-04 -1.0821204135e-04
1.4726149113e-03 1.8694248365e-04
1.4912832273e-03 -1.7911994580e-04
1.6633947599e-03 2.3574131976e-04
1.6218993054e-03 -2.1342449606e-04
1.3665765119e-03 2.2610638150e-04
1.2822664344e-03 -1.8899434260e-04
5.6630297549e-04 1.2582142140e-04
4.5908481193e-04 -8.5950387338e-05
7.1771991279e-04 1.1965944584e-04
8.3152029286e-04 -1.1771814261e-04
1.4323942991e-03 2.0660680039e-04
1.4548038170e-03 -1.9725520482e-04
1.6428859467e-03 2.5674882109e-04
1.6040540458e-03 -2.3487803990e-04
1.3648256348e-03 2.3986121076e-04
1.2856681948e-03 -2.1286178274e-04
5.9509805929e-04 1.3697033016e-04
4.9473273642e-04 -1.0296508399e-04
6.7461508591e-04 1.2052092898e-04
7.9235540918e-04 -1.2232514470e-04
1.4052688377e-03 2.1604199973e-04
1.4245654655e-03 -2.0944442067e-04
1.6244348314e-03 2.8081481047e-04
1.5798143208e-03 -2.5535052675e-04
1.3645225619e-03 2.6857783165e-04
1.2820309192e-03 -2.3537436317e-04
6.1958577055e-04 1.5637823441e-04
5.2547588912e-04 -1.1891785881e-04
6.1667847129e-04 1.3371971288e-04
7.4618672893e-04 -1.2420415358e-04
1.3614987145e-03 2.4467790615e-04
1.3876053296e-03 -2.1829392185e-04
1.6015411618e-03 3.0459829256e-04
1.5593511490e-03 -2.7133766499e-04
1.3669263160e-03 3.0991145780e-04
1.2814867314e-03 -2.4980590619e-04
6.4974550466e-04 1.8949706377e-04
5.5539797025e-04 -1.3248824363e-04
5.5637025920e-04 1.4163724638e-04
6.9876546867e-04 -1.3459485247e-04
1.3055142449e-03 2.6316643452e-04
1.3469094318e-03 -2.3806276477e-04
1.5726220562e-03 3.2499300865e-04
1.5315115672e-03 -2.8984730185e-04
1.3645553168e-03 3.1018672979e-04
1.2811262483e-03 -2.6702526101e-04
6.7571885295e-04 1.8950510975e-04
5.8695546024e-04 -1.4653603052e-04
5.0554465346e-04 1.3619692690e-04
6.5189947014e-04 -1.4039704486e-04
1.2646697080e-03 2.6533217494e-04
1.3047136306e-03 -2.5307704143e-04
1.5425463262e-03 3.3971447551e-04
1.5038829282e-03 -3.0566802853e-04
1.3547427106e-03 3.4508965415e-04
1.2747654465e-03 -2.8799883191e-04
6.9910847588e-04 2.2036346250e-04
6.0885544566e-04 -1.6446306482e-04
4.5540150123e-04 1.4017187013e-04
6.0089165944e-04 -1.4128673707e-04
1.2609296566e-03 -2.6077050596e-04
1.2160849414e-03 2.8216329279e-04
1.4737952611e-03 -3.2131054639e-04
1.5060507236e-03 3.5913760708e-04
1.2648808382e-03 -3.0593289218e-04
1.3461967721e-03 3.4382815767e-04
6.3087966513e-04 -1.8056195604e-04
7.1728495430e-04 2.1828738779e-04
5.5330413879e-04 -1.4283960393e-04
4.0082101562e-04 1.4175491003e-04
1.2168247830e-03 -2.7104111405e-04
1.1725747187e-03 2.9814497361e-04
1.4456387873e-03 -3.3559253524e-04
1.4753342319e-03 3.7329392647e-04
1.2621764165e-03 -3.1390273183e-04
1.3240499888e-03 3.6383827404e-04
6.5314250263e-04 -1.8826590953e-04
7.2666124726e-04 2.3872365371e-04
5.0287741264e-04 -1.4320352746e-04
3.5167976207e-04 1.3340421873e-04
1.1735566915e-03 -2.8200865235e-04
1.1298991624e-03 2.9079651669e-04
1.4183974555e-03 -3.4859969564e-04
1.4405903221e-03 3.8345251173e-04
1.2483487690e-03 -3.3577084276e-04
1.3020440267e-03 3.8094727621e-04
6.6848630293e-04 -2.0932603950e-04
7.3268850012e-04 2.5338294147e-04
4.5598147336e-04 -1.4003348935e-04
3.0031565374e-04 1.2465999977e-04
1.1281270115e-03 -2.8333610907e-04
1.0866222673e-03 2.8773146816e-04
1.3837771799e-03 -3.5861826086e-04
1.4054581032e-03 3.9431135855e-04
1.2327009340e-03 -3.5291428806e-04
1.3005464307e-03 4.0455424627e-04
6.8434781160e-04 -2.2537558892e-04
7.5757709246e-04 2.7667227389e-04
4.1369536264e-04 -1.3719247993e-04
2.3860028349e-04 1.3023963507e-04
1.0836731910e-03 -2.9095644911e-04
1.0179489771e-03 3.2179375748e-04
1.3441051418e-03 -3.6885538225e-04
1.3609590508e-03 4.1664609422e-04
1.2214322456e-03 -3.6132116265e-04
1.2682641215e-03 4.1091144830e-04
7.0392426449e-04 -2.3632440871e-04
3.6892764789e-04 -1.3608978013e-04
7.5243746268e-04 2.8254460089e-04
1.0364429170e-03 -2.9829282510e-04
1.8992953724e-04 1.2261690313e-04
1.3097963520e-03 -3.8029707706e-04
9.7642342743e-04 3.2484676999e-04
1.2048233664e-03 -3.7415471459e-04
1.3230956877e-03 4.2593910854e-04
7.1227964840e-04 -2.4990812390e-04
1.2497424608e-03 4.2580329601e-04
3.2034359038e-04 -1.3343547371e-04
7.6343874475e-04 2.9882703990e-04
9.8846134725e-04 -3.0503405485e-04
1.3746078258e-04 1.1090948470e-04
1.2739148060e-03 -3.8807992710e-04
9.1795985541e-04 3.1842322426e-04
1.1747429797e-03 -3.8112721115e-04
1.2764610705e-03 4.3150894961e-04
7.0942732866e-04 -2.5999872155e-04
1.2261970378e-03 4.4848496647e-04
2.8046427144e-04 -1.2536125953e-04
7.6922634732e-04 3.2583815242e-04
9.4987903218e-04 -2.9681932956e-04
8.7844275567e-05 1.0252410072e-04
1.2383405415e-03 -3.9104965656e-04
8.6496347416e-04 3.2138381222e-04
1.1623238250e-03 -4.0266346454e-04
1.2323687972e-03 4.3916535290e-04
7.2377905180e-04 -2.8530179121e-04
1.1883352696e-03 4.5547391362e-04
2.3554952358e-04 -1.2261540298e-04
7.5432563621e-04 3.3480895294e-04
9.0026490243e-04 -3.0805457745e-04
4.4628018868e-05 9.2954330692e-05
1.1976950942e-03 -4.0109901092e-04
1.1338995608e-03 -3.9950403108e-04
8.2990809591e-04 3.1888785262e-04
7.2139455908e-04 -2.8300978699e-04
1.1951432940e-03 4.4240810305e-04
1.9815011039e-04 -1.1512624893e-04
1.1597209498e-03 4.5782650096e-04
8.5996412829e-04 -3.0432819050e-04
7.5213213316e-04 3.3816701011e-04
1.1607310485e-03 -4.0327585796e-04
-1.8135252535e-06 8.1856462278e-05
1.1123494240e-03 -4.1000418599e-04
7.7463132973e-04 3.1909530088e-04
7.2450670835e-04 -2.9749373700e-04
1.1465953146e-03 4.4720493749e-04
1.5600224814e-04 -1.0659953498e-04
1.1300629306e-03 4.6409864045e-04
8.1825067500e-04 -3.0218743429e-04
7.4912389767e-04 3.4744848239e-04
1.1234114435e-03 -4.0622104772e-04
8.9136881117e-06 8.7072233497e-05
1.0862948417e-03 -4.1697178336e-04
7.2206109180e-04 3.1188235114e-04
7.2298181033e-04 -3.0828025560e-04
1.0996554860e-03 4.4664669821e-04
1.1869553062e-04 -9.8666305834e-05
1.0987910848e-03 4.7088078951e-04
7.7115801176e-04 -2.9762705326e-04
7.4403201769e-04 3.5945928639e-04
1.0818900658e-03 -4.0714646961e-04
3.9775733912e-05 9.9544564218e-05
1.0660893060e-03 -4.2394606576e-04
6.7175201939e-04 2.9953785247e-04
7.2737617662e-04 -3.1935660261e-04
7.9057867613e-05 -8.9695298892e-05
1.0525824418e-03 4.4199270189e-04
7.2361314904e-04 -2.9965140345e-04
1.0687918032e-03 4.7902067995e-04
1.0400428295e-03 -4.1073570447e-04
7.4036364000e-04 3.7464082794e-04
1.0366060678e-03 -4.2417792512e-04
6.7543864163e-05 1.1343567546e-04
7.2025894737e-04 -3.2287505090e-04
6.1715512825e-04 2.9603621223e-04
9.2023834836e-05 -9.7029946479e-05
1.0015529236e-03 4.4350861386e-04
6.8410290459e-04 -2.9364700847e-04
1.0348530268e-03 4.8017050606e-04
1.0017485381e-03 -4.1026830353e-04
7.2905992854e-04 3.7759961272e-04
1.0101099279e-03 -4.3151067336e-04
8.9999698102e-05 1.2491139679e-04
7.1693382195e-04 -3.3598466451e-04
5.6920245362e-04 2.9386376588e-04
1.1700502809e-04 -1.1054445493e-04
9.5498491695e-04 4.4549618256e-04
6.3730062839e-04 -2.8803162498e-04
9.9722898954e-04 4.7992788145e-04
9.5838099881e-04 -4.0868860099e-04
7.1407199540e-04 3.8041487996e-04
9.7906056358e-04 -4.3809504067e-04
7.0642599925e-04 -3.5200156920e-04
1.1159822232e-04 1.3507966703e-04
1.4013448457e-04 -1.2687046515e-04
5.2278372674e-04 2.8358143757e-04
5.9823542937e-04 -2.8601228776e-04
9.0869663338e-04 4.4047520968e-04
9.2012591471e-04 -4.0856725379e-04
9.6137861755e-04 4.8117945322e-04
9.4924677936e-04 -4.3289213697e-04
7.0025506818e-04 3.8900854736e-04
6.9555091080e-04 -3.4554609906e-04
1.3001788392e-04 1.4691071835e-04
1.6133408406e-04 -1.3551694775e-04
4.7438581128e-04 2.7322948082e-04
5.6129616513e-04 -2.7883029773e-04
8.6032806250e-04 4.3530545537e-04
8.8268251109e-04 -4.0534706962e-04
9.2453343763e-04 4.7997492459e-04
9.1828421360e-04 -4.3371616832e-04
6.8440659521e-04 3.9192567147e-04
6.8531786715e-04 -3.5219869788e-04
1.4845395262e-04 1.5778532157e-04
1.8160815932e-04 -1.4805758534e-04
4.2791471095e-04 2.6477631137e-04
5.2243778627e-04 -2.7341442107e-04
8.0999871000e-04 4.2942389730e-04
8.4372397297e-04 -4.0214546096e-04
8.8408355714e-04 -4.2962578591e-04
8.8318993429e-04 4.7346951080e-04
6.6174356385e-04 -3.4994847550e-04
6.6498375985e-04 3.9093815361e-04
1.9241134432e-04 -1.5706843368e-04
1.6398581320e-04 1.6689104561e-04
4.8998224216e-04 -2.5525664465e-04
3.8711922241e-04 2.4780914564e-04
8.0909634555e-04 -3.8740390561e-04
7.6499929760e-04 4.1532450386e-04
8.5507566375e-04 -4.3184093969e-04
8.4602525341e-04 4.7011488006e-04
6.6173874562e-04 -3.6216703284e-04
6.5192831568e-04 3.9384866567e-04
2.1139787744e-04 -1.7046240012e-04
1.7899128441e-04 1.7587329659e-04
4.4255302653e-04 -2.5791269132e-04
3.4473496092e-04 2.3702905473e-04
7.6040635468e-04 -3.9228744697e-04
7.1919224018e-04 4.0867613858e-04
8.2093971566e-04 -4.2866667238e-04
8.0860238343e-04 4.6586000911e-04
6.4213719349e-04 -3.6436442111e-04
2.2064819103e-04 -1.8133405148e-04
6.3011176823e-04 3.9547544831e-04
4.0389751549e-04 -2.4982833682e-04
1.8794132953e-04 1.8403097356e-04
7.1935284294e-04 -3.8583813462e-04
3.0090129427e-04 2.2886615283e-04
7.8721484509e-04 -4.2588629642e-04
6.6924399719e-04 4.0417681803e-04
6.2519249349e-04 -3.6690763903e-04
7.6753885163e-04 4.5640701519e-04
2.2977164320e-04 -1.9111511639e-04
6.0376406484e-04 3.8637412664e-04
3.6638211232e-04 -2.4168700041e-04
1.9244269436e-04 1.8730123019e-04
6.7767811421e-04 -3.7934562786e-04
2.6038492532e-04 2.1269699224e-04
7.5200382283e-04 -4.2217439853e-04
6.2248673887e-04 3.8916401988e-04
6.0974381426e-04 -3.6964804258e-04
7.2654887290e-04 4.4912867590e-04
2.3797699148e-04 -1.9983027088e-04
3.2657920560e-04 -2.3118585800e-04
5.8640010398e-04 3.9595672233e-04
6.3334438880e-04 -3.7114897082e-04
2.0056502193e-04 2.0150329716e-04
7.1639576082e-04 -4.1931895584e-04
2.2066126967e-04 1.9955952055e-04
5.8457895777e-04 -3.7630136527e-04
5.7586479191e-04 3.7726907927e-04
2.3752453709e-04 -2.1150546056e-04
6.8460400474e-04 4.4048600774e-04
2.9079792917e-04 -2.2317303151e-04
5.5135547299e-04 3.8819701301e-04
5.9441612125e-04 -3.6421942014e-04
1.9806486304e-04 2.0541404372e-04
6.8095886661e-04 -4.1331628373e-04
1.8997435295e-04 1.8489901732e-04
5.6076396915e-04 -3.7357424652e-04
5.3725036797e-04 3.6094046190e-04
2.3828035346e-04 -2.1870183945e-04
6.4144574487e-04 4.2981169650e-04
2.5774161210e-04 -2.1625732095e-04
5.5527334784e-04 -3.5680739594e-04
5.3225583675e-04 3.8365169770e-04
6.4368598872e-04 -4.0503344641e-04
2.0430858522e-04 2.0973698376e-04
5.3397998451e-04 -3.6370715991e-04
1.5351427967e-04 1.7425603214e-04
2.3542706808e-04 -2.1866039768e-04
4.8951418460e-04 3.5253330868e-04
2.2568608924e-04 -2.0635528402e-04
5.9967618271e-04 4.1781263311e-04
5.1663029047e-04 -3.4792341436e-04
4.9784106757e-04 3.7416638761e-04
6.0333245596e-04 -3.9654686298e-04
1.9646976011e-04 2.1117741813e-04
5.0637980478e-04 -3.6204810356e-04
1.1855983772e-04 1.5948109283e-04
2.3149452838e-04 -2.2629445556e-04
4.4399232260e-04 3.3561964713e-04
1.9178331184e-04 -1.9531975451e-04
5.5605241095e-04 4.0523072768e-04
4.7346517379e-04 -3.3295854306e-04
5.6340704895e-04 -3.8788825724e-04
4.7099047430e-04 3.7209253340e-04
4.8489776181e-04 -3.6073231272e-04
1.9399005772e-04 2.1813628362e-04
2.2962839216e-04 -2.3092990441e-04
8.4164266106e-05 1.4686533053e-04
1.5664294922e-04 -1.8563855301e-04
3.9519977956e-04 3.2171279492e-04
4.2873102209e-04 -3.2450821531e-04
5.0934374722e-04 3.9258941098e-04
5.2255262859e-04 -3.7765484283e-04
4.3991592873e-04 3.6679118038e-04
4.4803317193e-04 -3.5036243450e-04
1.8694086363e-04 2.2180618336e-04
2.1505778802e-04 -2.3187779657e-04
5.2046926010e-05 1.3348258569e-04
1.2579422314e-04 -1.7872795716e-04
3.8857444451e-04 -3.1332409311e-04
3.5184875745e-04 3.0690869956e-04
4.7945102523e-04 -3.6594953278e-04
4.6634264338e-04 3.7932789297e-04
4.1895690474e-04 -3.4651094106e-04
3.9407278945e-04 3.5551105991e-04
2.0606189147e-04 -2.3642854344e-04
1.6530016335e-04 2.2166176232e-04
9.2901220690e-05 -1.6983792582e-04
2.6029474424e-05 1.2421342178e-04
3.4263543942e-04 -3.0178298694e-04
3.1244482647e-04 2.9355238192e-04
4.3190223183e-04 -3.5416126888e-04
4.1698429382e-04 3.6146459625e-04
3.8103399762e-04 -3.3820979311e-04
3.5728481157e-04 3.3889129330e-04
1.9008896573e-04 -2.3641425173e-04
1.5337500488e-04 2.1750513804e-04
6.0353723570e-05 -1.5915398896e-04
2.9261766449e-04 -2.8687868320e-04
-3.8411456932e-06 1.1292500378e-04
3.8372083432e-04 -3.4211482508e-04
2.5878968728e-04 2.7328066874e-04
3.4239674332e-04 -3.3301080930e-04
3.6156038688e-04 3.3944289070e-04
1.6939341049e-04 -2.4121216550e-04
3.2041408862e-04 3.2570849908e-04
2.9256091547e-05 -1.5587948338e-04
1.4068460720e-04 2.1764746449e-04
2.5368494679e-04 -2.7754930902e-04
-3.1591392971e-05 1.0427076214e-04
3.3583320176e-04 -3.2672005089e-04
2.0905658926e-04 2.5722717651e-04
2.9723741629e-04 -3.1595378351e-04
3.0320518529e-04 3.1879958761e-04
1.4397958753e-04 -2.3351485251e-04
-2.1574128793e-06 -1.4711977989e-04
2.6625141331e-04 3.0748126607e-04
2.0189709863e-04 -2.6514853382e-04
1.1058035657e-04 2.1217009672e-04
2.7874089415e-04 -3.1213948157e-04
-5.9504821784e-05 9.5235000556e-05
2.4587015455e-04 -3.0337818530e-04
1.5459248481e-04 2.3541196600e-04
1.1109312539e-04 -2.3206065125e-04
2.3796952141e-04 2.9386500266e-04
-3.7685714989e-05 -1.4529122053e-04
2.0952277717e-04 2.8529076357e-04
1.4668165984e-04 -2.5167736708e-04
7.6660237855e-05 2.0378563425e-04
2.1636835562e-04 -2.9315243225e-04
-9.0747946055e-05 9.3553834777e-05
1.9391043057e-04 -2.8789028349e-04
7.8512736062e-05 -2.2628874007e-04
9.8547046099e-05 2.2424124442e-04
-7.2978334733e-05 -1.3768318957e-04
1.6269351098e-04 2.6860582592e-04
9.5582884372e-05 -2.3589925234e-04
1.3203187813e-04 2.5932923030e-04
1.4846031263e-04 -2.7153286589e-04
2.3505866102e-05 1.9663078898e-04
1.1342414864e-04 -2.7245908487e-04
-1.2809912669e-04 9.6414176866e-05
1.3339675837e-05 -2.2760498790e-04
1.5970970470e-05 2.0246932419e-04
-1.1982904228e-04 -1.4508870198e-04
5.6854026462e-05 2.3452310958e-04
1.4348792040e-05 -2.2525021591e-04
3.6379097590e-05 -2.5388485850e-04
3.6803692928e-05 2.2062062089e-04
3.3564272329e-05 -2.5229306069e-04
-3.7908996949e-05 1.7707940040e-04
-2.7532043796e-05 -2.2539652444e-04
-1.6668018268e-04 1.1406160790e-04
-1.8698696937e-04 -1.8603002230e-04
-3.3028162393e-05 2.3043709130e-04
-2.0306575275e-05 -3.6015911146e-04
-4.0923975050e-05 1.7845524655e-04
-6.2435646468e-05 -2.5301266930e-04
-3.3510955629e-04 -5.8628428181e-05
-4.9592837238e-04 1.1522322277e-04
-4.8541851419e-04 -1.8558140119e-04
-6.8784796642e-04 2.8108795696e-04
-2.5973684522e-04 1.0556428230e-04
-2.1144598223e-04 -8.5151449492e-05
