1.0124166720e-03 -4.1905450479e-06
1.5676169483e-03 1.6935076549e-06
9.4343725424e-05 3.0007552760e-06
1.6139223912e-03 1.3813967615e-05
1.1102931843e-03 4.0968383515e-06
1.1463290853e-03 1.7057166599e-05
1.5996163306e-03 -5.7602908000e-06
1.4583567752e-04 5.7988740425e-06
1.5737307334e-03 -1.9180010457e-05
9.7206697428e-04 1.1745388257e-05
1.0398765725e-03 -1.8627416596e-05
1.5539560655e-03 2.3290885222e-05
4.2819266877e-05 1.8899869448e-06
1.6244306959e-03 3.4342195418e-05
1.0667560098e-03 -1.0656689363e-05
1.1709389785e-03 3.3681726859e-05
1.5798696025e-03 -2.5837219888e-05
1.9266292748e-04 1.0745875385e-05
1.5825568118e-03 -3.5639161092e-05
9.5042294222e-04 1.9505661836e-05
1.0701214187e-03 -2.8159526865e-05
1.5508782041e-03 3.9294888147e-05
4.2574166792e-05 3.6769431136e-07
1.6297770893e-03 6.0305022263e-05
1.0408880893e-03 -2.3481789193e-05
1.1987610347e-03 6.0279903752e-05
1.5672113003e-03 -4.4776678455e-05
2.4425967020e-04 1.9407955628e-05
1.5823143285e-03 -5.7965678477e-05
9.0999036438e-04 3.4254417892e-05
1.0956436565e-03 -4.7718839052e-05
1.5312221338e-03 6.1247252684e-05
9.5607109791e-05 -4.9028613754e-06
1.6349375034e-03 7.7598984358e-05
9.9349825689e-04 -3.5736574180e-05
1.2216856133e-03 6.8578665685e-05
1.5380458793e-03 -6.3384826140e-05
2.9186063028e-04 2.3120749221e-05
1.6047780451e-03 -7.8008788378e-05
8.6924713328e-04 4.1568570170e-05
1.1505297936e-03 -6.3172817256e-05
1.5091298721e-03 7.6580799459e-05
1.1295075041e-04 -7.8160414244e-06
1.6406872451e-03 9.7392996168e-05
8.6503410504e-04 -3.9593300728e-05
1.2586691097e-03 8.6254890509e-05
1.4746298158e-03 -7.7234092682e-05
3.4315713566e-04 3.1142861508e-05
1.6019964911e-03 -9.8788410985e-05
8.2813784272e-04 5.2978327879e-05
1.1345345065e-03 -8.0109907743e-05
1.4875461383e-03 9.6363566401e-05
1.8493874235e-04 -1.6159085545e-05
1.6380502297e-03 1.1723145243e-04
9.2286760911e-04 -5.3699864667e-05
1.2713637171e-03 1.0236429590e-04
1.4995774161e-03 -9.6104197946e-05
3.8352452943e-04 3.8903734380e-05
1.5711750606e-03 -1.1704507204e-04
7.9414045280e-04 5.9934775285e-05
1.1576861471e-03 -9.7147079555e-05
1.4730911151e-03 1.1273479528e-04
2.3793260845e-04 -2.3586928229e-05
1.6346872130e-03 1.3870863441e-04
8.6931888915e-04 -6.2672626206e-05
1.2876966755e-03 1.2257253012e-04
1.4626276781e-03 -1.1278475745e-04
4.2508859867e-04 4.9473971801e-05
1.5691490871e-03 -1.3465657672e-04
7.4672830331e-04 6.8510597206e-05
1.1808571088e-03 -1.1025762728e-04
1.4422087311e-03 1.3063303612e-04
2.8271636173e-04 -3.0022623043e-05
1.6278671513e-03 1.5779087788e-04
8.3361058112e-04 -7.3849382727e-05
1.3087194577e-03 1.3817156524e-04
1.4394888669e-03 -1.3150221117e-04
4.7123610755e-04 5.8869376159e-05
1.5479667737e-03 -1.4996630526e-04
7.0469812861e-04 7.4595487686e-05
1.1741048331e-03 -1.2092617245e-04
1.4163160999e-03 1.4670187411e-04
3.1809513355e-04 -3.6559776378e-05
1.6218332812e-03 1.7879068743e-04
7.9256607438e-04 -7.9228334923e-05
1.3201060902e-03 1.5953469590e-04
1.4118441237e-03 -1.4499514102e-04
5.0857826957e-04 7.1787330131e-05
1.5361132647e-03 -1.6755226199e-04
6.6169874466e-04 8.0303569390e-05
1.1882945484e-03 -1.3863637891e-04
1.3889617544e-03 1.6237845927e-04
3.6147746518e-04 -4.7178071597e-05
1.6089796943e-03 1.9712782900e-04
7.4836586812e-04 -8.4567364115e-05
1.3367216390e-03 1.7574875264e-04
1.3791297054e-03 -1.5825004544e-04
1.5229215353e-03 -1.8437715809e-04
5.4962558826e-04 8.2355618675e-05
1.1990705306e-03 -1.5480260874e-04
6.1876450105e-04 8.4081161675e-05
4.0013699086e-04 -5.7343195609e-05
1.3618891020e-03 1.7703808979e-04
6.9799158710e-04 -8.7557970179e-05
1.5938134252e-03 2.1632349846e-04
1.3380983999e-03 -1.6925670684e-04
1.3375885421e-03 1.9612588824e-04
1.5046054420e-03 -2.0020626839e-04
5.7982342972e-04 9.6306263373e-05
1.2124000984e-03 -1.7165551769e-04
5.7271381486e-04 8.7233742507e-05
4.4127068555e-04 -6.8663185768e-05
1.3315903358e-03 1.9120849974e-04
6.4516908972e-04 -8.9143846943e-05
1.5806077147e-03 2.3567630876e-04
1.2922994870e-03 -1.7883819483e-04
1.3368478905e-03 2.1095357157e-04
1.4856650849e-03 -2.1544620264e-04
6.1002767406e-04 1.0715386009e-04
1.2204569638e-03 -1.8805348224e-04
5.2407748566e-04 8.8322725412e-05
4.7654424350e-04 -8.0640501189e-05
1.2894941565e-03 2.0287947798e-04
6.0079831048e-04 -9.0390026827e-05
1.5584741618e-03 2.5309200787e-04
1.2574220575e-03 -1.8843250263e-04
1.3479781572e-03 2.3350832996e-04
1.4629350122e-03 -2.3215761549e-04
6.4616926480e-04 1.2432212859e-04
1.2215671191e-03 -2.1506481278e-04
4.7437887327e-04 8.8856458338e-05
5.0911315248e-04 -1.0035324422e-04
1.2522681397e-03 2.1454441732e-04
5.5350669388e-04 -9.2680645100e-05
1.5376397698e-03 2.6955741233e-04
1.2169362490e-03 -1.9840294044e-04
1.3465042533e-03 2.4711438654e-04
1.4451522373e-03 -2.4565408690e-04
6.7379274640e-04 1.3470498180e-04
1.2098312243e-03 -2.2464358033e-04
4.2548109981e-04 8.6103845572e-05
5.2998685503e-04 -1.0912353297e-04
1.2101399601e-03 2.2294634891e-04
5.1589859937e-04 -9.3547335186e-05
1.5124257239e-03 2.8570215419e-04
1.1885835553e-03 -2.0753664646e-04
1.3527978462e-03 2.7026205620e-04
1.4205159595e-03 -2.5755016205e-04
7.0593536702e-04 1.5364578011e-04
1.2109759028e-03 -2.3113673863e-04
3.7208988416e-04 8.3566592176e-05
5.5777910211e-04 -1.1519976273e-04
1.1649954520e-03 2.3191097148e-04
4.7902506334e-04 -9.2766891816e-05
1.1644707786e-03 -2.1644599093e-04
1.4881994964e-03 3.0010912127e-04
1.3946917111e-03 -2.6766284087e-04
1.3351479121e-03 2.8376373992e-04
1.2005845545e-03 -2.4262146908e-04
7.1779632082e-04 1.6599125452e-04
5.7914146399e-04 -1.2610576858e-04
3.2940808214e-04 7.7886223873e-05
4.3277071696e-04 -9.0523931363e-05
1.1341103792e-03 2.3359589013e-04
1.1212019300e-03 -2.2257249296e-04
1.4603770622e-03 3.1302307097e-04
1.3675509643e-03 -2.7826430188e-04
1.3324832722e-03 3.0091416623e-04
1.1969313215e-03 -2.5465188127e-04
7.4379596554e-04 1.8014786065e-04
6.0343914629e-04 -1.3719283591e-04
2.7807686961e-04 7.4308405301e-05
3.8718307253e-04 -8.6927771227e-05
1.0826294610e-03 2.4561966159e-04
1.0792617272e-03 -2.2746111357e-04
1.4307456801e-03 3.2607382327e-04
1.3388420554e-03 -2.8764271339e-04
1.3119122240e-03 3.1135479951e-04
1.1879865487e-03 -2.6564247796e-04
7.4988896417e-04 1.9052918946e-04
6.2355436119e-04 -1.4826231546e-04
2.3396865018e-04 6.8021523380e-05
3.3983058869e-04 -8.1206780316e-05
1.0484662177e-03 2.4977011014e-04
1.0298055881e-03 -2.2823457298e-04
1.3995584022e-03 3.3672482854e-04
1.3065278492e-03 -2.9692451561e-04
1.3195294175e-03 3.4021454087e-04
1.1821443210e-03 -2.8389565073e-04
7.8970392079e-04 2.2224327845e-04
6.4462640639e-04 -1.6609096809e-04
1.8343383283e-04 6.1703479535e-05
2.9366957811e-04 -7.6829543541e-05
9.8534721592e-04 -2.3135841397e-04
9.8894537615e-04 2.5200117695e-04
1.2759380945e-03 -3.0646291406e-04
1.3579001142e-03 3.4847294484e-04
1.1603603543e-03 -3.0614051522e-04
1.3020081828e-03 3.4602256602e-04
6.5039153143e-04 -1.8949453233e-04
8.0032955259e-04 2.2471001530e-04
2.5301390931e-04 -7.4259076990e-05
1.3915815498e-04 5.2516187548e-05
9.4832883108e-04 -2.3627342316e-04
9.5344932912e-04 2.5652821074e-04
1.2454963786e-03 -3.1258699563e-04
1.3297826983e-03 3.5739581542e-04
1.1479981545e-03 -3.0312983646e-04
1.2801792565e-03 3.5447472004e-04
6.6426166128e-04 -1.8625679008e-04
8.0267021377e-04 2.3483619998e-04
2.1627061555e-04 -6.2770998043e-05
9.1773461593e-05 4.3581670683e-05
9.2081215714e-04 -2.3512024354e-04
9.1303028879e-04 2.5984242256e-04
1.2163760987e-03 -3.1669760675e-04
1.2953458487e-03 3.6705846735e-04
1.1354409134e-03 -3.1175295417e-04
1.2549189067e-03 3.6668187721e-04
6.8008673402e-04 -1.9917314741e-04
8.0390039539e-04 2.4847739053e-04
1.7262777395e-04 -5.7975346131e-05
4.7168885162e-05 3.3566421119e-05
8.6829460232e-04 -2.3567026887e-04
8.6227235666e-04 2.5774531125e-04
1.1788062690e-03 -3.2218754772e-04
1.2559828400e-03 3.7336445558e-04
1.1201053011e-03 -3.1674814860e-04
6.9029856751e-04 -2.0531606973e-04
1.2351420128e-03 3.7861742022e-04
1.3411988751e-04 -4.9716558037e-05
8.0888686226e-04 2.6136248911e-04
8.3454268594e-04 -2.3614777252e-04
3.3487140640e-06 2.1085422763e-05
1.1492151268e-03 -3.2654059791e-04
8.2042426668e-04 2.5707612535e-04
1.0979617866e-03 -3.2244868846e-04
1.2184369369e-03 3.7835296157e-04
6.9219359128e-04 -2.1330919173e-04
1.2094366569e-03 3.8565372533e-04
9.5093210885e-05 -3.9969409567e-05
8.1042775945e-04 2.7171104614e-04
7.8638491250e-04 -2.3207469489e-04
2.3113295944e-05 2.8825626518e-05
1.1118610036e-03 -3.2771173456e-04
7.7017209897e-04 2.5372038895e-04
1.0808372959e-03 -3.2599586670e-04
1.1742110785e-03 3.8272331344e-04
6.9889922115e-04 -2.1891015512e-04
1.1853709823e-03 3.9801682339e-04
5.7067040793e-05 -2.8445472914e-05
8.1269664318e-04 2.8772392679e-04
7.4079238704e-04 -2.2665730159e-04
5.8239068580e-05 4.2443231838e-05
1.0738299867e-03 -3.2811915302e-04
7.2708441761e-04 2.5164925491e-04
1.0652364336e-03 -3.3432901182e-04
7.0901952549e-04 -2.3280281975e-04
1.1366248228e-03 3.8646914045e-04
1.7835587409e-05 -2.0685630138e-05
1.1581289895e-03 4.0277390721e-04
7.0292315359e-04 -2.2560457015e-04
8.0815288222e-04 2.9444761524e-04
1.0393926607e-03 -3.3253996768e-04
9.4302058323e-05 5.4287988515e-05
1.0367925912e-03 -3.4724000548e-04
6.7314836251e-04 2.4346793729e-04
7.0295716761e-04 -2.5179145913e-04
1.0860794548e-03 3.8375685738e-04
3.6294888197e-05 -3.0087005299e-05
1.1357240327e-03 4.0508017657e-04
6.5475000981e-04 -2.2065400470e-04
8.1744194609e-04 3.0058243825e-04
9.9739886034e-04 -3.3086086026e-04
1.2760435957e-04 6.4570255284e-05
1.0158650912e-03 -3.4249181037e-04
6.3633556746e-04 2.3916243686e-04
7.0462524426e-04 -2.4555961881e-04
1.0512109355e-03 3.8741209561e-04
6.9768565586e-05 -3.6620544322e-05
1.1035743389e-03 4.1911686076e-04
6.1868393064e-04 -2.1419884641e-04
9.6351062894e-04 -3.2789188599e-04
8.0655976117e-04 3.2666469510e-04
9.8697264563e-04 -3.4065070475e-04
1.5389988167e-04 8.3626616740e-05
6.9274111774e-04 -2.4922449991e-04
5.8732784422e-04 2.3016820182e-04
9.6839672476e-05 -4.8337900215e-05
1.0049296667e-03 3.8395694100e-04
5.9548182940e-04 -2.1128465335e-04
1.0720744020e-03 4.2191828209e-04
9.3763920568e-04 -3.2958305577e-04
7.9622407719e-04 3.3214442998e-04
9.6122689320e-04 -3.4540084642e-04
1.8108401921e-04 9.6015901857e-05
6.8980634571e-04 -2.5695931453e-04
5.3846440558e-04 2.2166122065e-04
1.2058755782e-04 -5.9689497509e-05
9.5530899803e-04 3.7992498875e-04
5.5293050323e-04 -2.0644689903e-04
1.0415020573e-03 4.2024137872e-04
8.9886692359e-04 -3.2931065112e-04
7.9040447979e-04 3.3177080248e-04
9.3563185929e-04 -3.5124397737e-04
2.0481790399e-04 1.0505504153e-04
6.8422279931e-04 -2.6993553648e-04
1.4373497551e-04 -7.3509434081e-05
5.0251270883e-04 2.1595669657e-04
5.1078623651e-04 -1.9899993977e-04
9.1838811312e-04 3.7986065007e-04
8.5826705429e-04 -3.2506748507e-04
1.0050886389e-03 4.2187559172e-04
9.0976474482e-04 -3.5097270086e-04
7.7326294428e-04 3.3826194270e-04
6.7965577991e-04 -2.7326799365e-04
2.2415523179e-04 1.1672067643e-04
1.6646963032e-04 -8.2594625179e-05
4.5771066969e-04 2.0513876201e-04
4.7089152378e-04 -1.9038056345e-04
8.7091016493e-04 3.7269423200e-04
8.1876947128e-04 -3.1979056476e-04
9.6983046643e-04 4.1800871508e-04
8.8416126395e-04 -3.4883131581e-04
7.5814089297e-04 3.3788130963e-04
6.7521395723e-04 -2.7503747394e-04
2.4229651185e-04 1.2531739624e-04
1.8845784303e-04 -9.1003014486e-05
4.3370888980e-04 -1.8099329181e-04
4.2453326264e-04 1.9736149011e-04
7.8021747665e-04 -3.1363954879e-04
8.3534608181e-04 3.6946542456e-04
8.5728384815e-04 -3.4786276395e-04
9.3400965624e-04 4.1594881635e-04
6.6829460463e-04 -2.8049257266e-04
7.4113662264e-04 3.4160516516e-04
2.0574058291e-04 -1.0068284177e-04
2.5733721099e-04 1.3515010262e-04
4.0017807270e-04 -1.7228985968e-04
3.7969477788e-04 1.8402337903e-04
7.4601752107e-04 -3.0875942977e-04
7.8514011885e-04 3.5957203561e-04
8.2509988879e-04 -3.4946834428e-04
8.9813270844e-04 4.1282438573e-04
6.4693126613e-04 -2.9459062451e-04
7.2715874805e-04 3.4464675121e-04
2.1554474160e-04 -1.1755717885e-04
2.7191191263e-04 1.4492492352e-04
3.6127775920e-04 -1.6667170770e-04
7.0409196765e-04 -3.0375807750e-04
3.4072269062e-04 1.7229551205e-04
7.9459702614e-04 -3.4299445597e-04
7.4065103603e-04 3.5098304857e-04
6.2903357045e-04 -2.8074284361e-04
8.5987391749e-04 4.0900533614e-04
2.2680266213e-04 -1.1545829406e-04
7.0490671606e-04 3.4813942466e-04
3.3791345912e-04 -1.5631820486e-04
2.7964197378e-04 1.5445550855e-04
6.7765052018e-04 -2.9614364371e-04
3.0411030436e-04 1.5932963795e-04
7.6086134388e-04 -3.3599851460e-04
6.9895381582e-04 3.4071719301e-04
6.1392380976e-04 -2.8428942798e-04
8.2052110571e-04 4.0354171841e-04
2.3683363532e-04 -1.2650444506e-04
6.7893706807e-04 3.5583000367e-04
2.9978423541e-04 -1.4975132134e-04
2.8484396154e-04 1.6878177739e-04
6.3394158629e-04 -2.9093101238e-04
7.2877262473e-04 -3.3181745705e-04
2.6452066008e-04 1.4720075318e-04
5.9550223909e-04 -2.7774519445e-04
6.4874198014e-04 3.2807326278e-04
2.4424308548e-04 -1.2821335702e-04
7.8075793226e-04 3.9529334291e-04
2.6954392152e-04 -1.3816417311e-04
6.6177242340e-04 3.4472371138e-04
5.9800616888e-04 -2.8053974793e-04
2.9296542731e-04 1.6933655674e-04
6.9541231584e-04 -3.2554573754e-04
2.3518169707e-04 1.4089528278e-04
5.7732172187e-04 -2.8201910663e-04
6.1498918804e-04 3.2692308140e-04
2.4939902380e-04 -1.3830596735e-04
7.3866314383e-04 3.8934373903e-04
2.3654834436e-04 -1.2880970529e-04
5.5837686718e-04 -2.7085646861e-04
6.2075081197e-04 3.3824689485e-04
6.6157611088e-04 -3.1822485202e-04
2.8470287787e-04 1.7179431458e-04
5.5778998608e-04 -2.7577208861e-04
2.0125915558e-04 1.2672731833e-04
2.5326847801e-04 -1.4039770423e-04
5.6829961001e-04 3.1091751901e-04
2.0815080070e-04 -1.1881195390e-04
6.9756566881e-04 3.7567646205e-04
5.2266208674e-04 -2.6126138175e-04
5.9870580821e-04 3.2760803729e-04
6.2599655765e-04 -3.1077085155e-04
2.8806211048e-04 1.7059341996e-04
5.3344254145e-04 -2.7555001942e-04
1.7106968995e-04 1.1045065314e-04
2.5245881161e-04 -1.4743053098e-04
5.2621533802e-04 2.9397929109e-04
1.7898161807e-04 -1.1078986333e-04
4.8455418080e-04 -2.5216154749e-04
6.5321048125e-04 3.6187587460e-04
5.8956532382e-04 -3.0083073159e-04
5.7100963935e-04 3.2589531126e-04
5.0898377240e-04 -2.6570395734e-04
2.8674597001e-04 1.7873154475e-04
2.5063067418e-04 -1.4710110835e-04
1.3589184290e-04 9.6444240320e-05
1.4949059238e-04 -1.0294751081e-04
4.7227278626e-04 2.7468503617e-04
4.4259489125e-04 -2.4387166326e-04
6.0583920834e-04 3.4645769130e-04
5.5014955477e-04 -2.9249653459e-04
5.4027654546e-04 3.1473755696e-04
4.8221538112e-04 -2.6206853271e-04
2.8192329369e-04 1.7732066978e-04
2.4599617666e-04 -1.5000070453e-04
1.2245979161e-04 -9.0239918717e-05
1.0894512310e-04 8.3056078629e-05
4.0381768009e-04 -2.2690361288e-04
4.2964173738e-04 2.5800675305e-04
5.1170428409e-04 -2.7915209693e-04
5.5805964386e-04 3.2959081650e-04
4.5476921482e-04 -2.5486208386e-04
5.0409546621e-04 3.0493363642e-04
2.3966092137e-04 -1.5261644901e-04
2.7154201162e-04 1.7865062604e-04
9.6819083088e-05 -8.6196829405e-05
8.2313695257e-05 7.2226101614e-05
3.6369797856e-04 -2.2210089026e-04
3.8582065776e-04 2.4200774580e-04
4.6778410436e-04 -2.7019301976e-04
5.0752673497e-04 3.1165620579e-04
4.2029001854e-04 -2.4671078925e-04
2.2834559359e-04 -1.5203827627e-04
4.6192439861e-04 2.9098788484e-04
7.2185742538e-05 -7.5285297371e-05
2.5538621437e-04 1.7637748560e-04
3.1955031326e-04 -2.0284567171e-04
5.6521752431e-05 6.2200374539e-05
4.2448512726e-04 -2.5107390717e-04
3.3624353352e-04 2.2376156531e-04
3.8693403788e-04 -2.2853090781e-04
4.5079144082e-04 2.9049862465e-04
2.1541683865e-04 -1.4243723281e-04
4.1295411246e-04 2.7295650718e-04
5.4769807486e-05 -6.4210581015e-05
2.3236679264e-04 1.7046710444e-04
2.9128128234e-04 -1.8845601421e-04
3.8220726303e-04 -2.3534319994e-04
3.2382078788e-05 5.2598440394e-05
3.4813323380e-04 -2.2347007568e-04
2.8540027045e-04 2.0232956019e-04
1.9747612254e-04 -1.4871399464e-04
3.8907439329e-04 2.6478374510e-04
2.7689626137e-05 -5.9320439024e-05
3.5760466189e-04 2.5182657315e-04
2.3450978061e-04 -1.7183647913e-04
2.0293027009e-04 1.6298100773e-04
3.2462898404e-04 -2.1587353298e-04
8.9953870911e-06 4.5543784975e-05
3.0723047970e-04 -2.0166424818e-04
2.3131995345e-04 1.8109107083e-04
1.7849992274e-04 -1.3554011575e-04
9.3983875904e-06 -5.4833624537e-05
3.1877260644e-04 2.3573936621e-04
2.0319452576e-04 -1.6724295421e-04
2.8894239193e-04 2.2718004896e-04
2.7396285515e-04 -2.0697719132e-04
1.6201979017e-04 1.5339730915e-04
2.3822795801e-04 -2.0786539463e-04
-1.2076918009e-05 3.9371840624e-05
1.2682737514e-04 -1.5620357579e-04
1.6125667708e-04 1.4795427070e-04
-1.8146872190e-05 -5.6887470193e-05
2.3044528789e-04 1.8501205939e-04
1.2939472858e-04 -1.3790289107e-04
1.9358661469e-04 1.5241015459e-04
1.9335628309e-04 -1.6562002607e-04
1.6653129622e-04 -1.3867678077e-04
9.2268172149e-05 9.2338126293e-05
8.0182340376e-05 -9.4721826860e-05
-2.4126471419e-05 4.1366042087e-05
-2.2023234233e-05 -6.4014568222e-05
1.6904384576e-04 1.6880384611e-04
1.6189148870e-04 -1.7415094815e-04
1.7132155978e-04 1.5632172767e-04
1.5957808680e-04 -1.4822340998e-04
-2.4309604626e-05 3.8009777225e-05
-8.3255241919e-05 1.3433070449e-05
-1.2951916391e-04 -2.8528570696e-05
-2.0763524468e-04 9.2533459299e-05
-4.1908020811e-05 -1.6498430281e-05
-5.2468384318e-05 2.1978720522e-05
