-6.5914248965e-07 3.7901134090e-08
2.9772117831e-01 -7.2635934348e-04
5.8878530755e-01 -2.8714824452e-03
8.7311672856e-01 -6.3636980609e-03
1.1506768481e+00 -1.1158518825e-02
1.4214148778e+00 -1.7194453672e-02
1.6853096240e+00 -2.4398018394e-02
1.9423088610e+00 -3.2732797203e-02
2.1924117783e+00 -4.2122702832e-02
2.4355833527e+00 -5.2525853900e-02
2.6718184373e+00 -6.3875374802e-02
2.9011067786e+00 -7.6111374552e-02
3.1234182051e+00 -8.9193563486e-02
3.3387632617e+00 -1.0305312678e-01
3.5471272142e+00 -1.1765730163e-01
3.7485197743e+00 -1.3293847310e-01
3.9429565097e+00 -1.4885052927e-01
4.1304417638e+00 -1.6534909967e-01
4.3109866475e+00 -1.8237139457e-01
4.4845995304e+00 -1.9988727866e-01
4.6513110984e+00 -2.1782992271e-01
4.8111107156e+00 -2.3616666130e-01
4.9640374749e+00 -2.5484495227e-01
5.1101033531e+00 -2.7382080709e-01
5.2493252372e+00 -2.9305365999e-01
5.3817396481e+00 -3.1249354935e-01
5.5073600923e+00 -3.3210652053e-01
5.6262193044e+00 -3.5184369718e-01
5.7383288755e+00 -3.7166922727e-01
5.8437009321e+00 -3.9154038351e-01
5.9423906971e+00 -4.1141335753e-01
6.0344172861e+00 -4.3125545556e-01
6.1198096099e+00 -4.5102044341e-01
6.1985849922e+00 -4.7068126969e-01
6.2707708997e+00 -4.9019512972e-01
6.3364069714e+00 -5.0952136915e-01
6.3955138353e+00 -5.2862727800e-01
6.4481380435e+00 -5.4747536164e-01
6.4942941768e+00 -5.6603414266e-01
6.5340236169e+00 -5.8425802133e-01
6.5673649661e+00 -6.0212344375e-01
6.5943264694e+00 -6.1959086567e-01
6.6149690060e+00 -6.3662432702e-01
6.6292882648e+00 -6.5318913508e-01
6.6373531828e+00 -6.6925545386e-01
6.6391887947e+00 -6.8477969265e-01
6.6348196507e+00 -6.9974096540e-01
6.6242948182e+00 -7.1409542855e-01
6.6076565840e+00 -7.2781427984e-01
6.5849392885e+00 -7.4086397619e-01
6.5561794989e+00 -7.5320505622e-01
6.5214183232e+00 -7.6481442032e-01
6.4806970786e+00 -7.7564998981e-01
6.4340653773e+00 -7.8567705986e-01
6.3815741911e+00 -7.9486762772e-01
6.3232609152e+00 -8.0318223317e-01
6.2591784712e+00 -8.1058768975e-01
6.1894112104e+00 -8.1706170457e-01
6.1139621179e+00 -8.2255664411e-01
6.0329225951e+00 -8.2704450259e-01
5.9463519307e+00 -8.3048887913e-01
5.8543174902e+00 -8.3286737726e-01
5.7568655964e+00 -8.3413251831e-01
5.6540954056e+00 -8.3425522474e-01
5.5460727997e+00 -8.3320294923e-01
5.4328814858e+00 -8.3094789734e-01
5.3146191646e+00 -8.2745164625e-01
5.1913550087e+00 -8.2268946415e-01
5.0632055653e+00 -8.1662960254e-01
4.9302768939e+00 -8.0923587243e-01
4.7926569859e+00 -8.0048014885e-01
4.6504923219e+00 -7.9033617100e-01
4.5039067965e+00 -7.7876781574e-01
4.3530512712e+00 -7.6577190626e-01
4.1980410553e+00 -7.5130253715e-01
4.0390738879e+00 -7.3535345084e-01
3.8763125918e+00 -7.1788401813e-01
3.7099371916e+00 -6.9890503927e-01
3.5401610658e+00 -6.7839119305e-01
3.3671930287e+00 -6.5633094721e-01
3.1912865119e+00 -6.3272824369e-01
3.0127104890e+00 -6.0756669150e-01
2.8317357837e+00 -5.8088524981e-01
2.6486752746e+00 -5.5266765296e-01
2.4638944372e+00 -5.2296409976e-01
2.2777773983e+00 -4.9178215963e-01
2.0907349419e+00 -4.5920357429e-01
1.9032583350e+00 -4.2526009904e-01
1.7158979115e+00 -3.9005505387e-01
1.5292803361e+00 -3.5367033784e-01
1.3440897256e+00 -3.1630059738e-01
1.1611693698e+00 -2.7803349122e-01
9.8145965186e-01 -2.3916052050e-01
8.0619908319e-01 -1.9991556989e-01
6.3685053280e-01 -1.6074643892e-01
4.7538876197e-01 -1.2211727737e-01
3.2440992873e-01 -8.4797237202e-02
1.8753885523e-01 -4.9928283720e-02
7.2213736061e-02 -1.8735938346e-02
-2.6161519846e-06 -3.2216904781e-07
