-3.3658478189e-06 -1.5150095577e-06
2.5937588027e-01 1.0213119213e-03
5.1369582093e-01 4.0430134321e-03
7.6283958131e-01 8.9814604472e-03
1.0067526703e+00 1.5788690480e-02
1.2453186408e+00 2.4364527167e-02
1.4784802333e+00 3.4670842787e-02
1.7061327825e+00 4.6613656040e-02
1.9282027495e+00 6.0133234149e-02
2.1446031364e+00 7.5157228045e-02
2.3552402586e+00 9.1603374958e-02
2.5600495925e+00 1.0942475525e-01
2.7589371561e+00 1.2852587611e-01
2.9518259818e+00 1.4884927878e-01
3.1386435276e+00 1.7032045585e-01
3.3193067738e+00 1.9285449976e-01
3.4937525740e+00 2.1640041519e-01
3.6619154262e+00 2.4086306187e-01
3.8237171764e+00 2.6617950724e-01
3.9791160796e+00 2.9227878869e-01
4.1280231941e+00 3.1907521482e-01
4.2704069222e+00 3.4650386527e-01
4.4062092080e+00 3.7448903660e-01
4.5353759871e+00 4.0294734456e-01
4.6578657374e+00 4.3180960650e-01
4.7736475269e+00 4.6100544786e-01
4.8826857160e+00 4.9044798638e-01
4.9849399391e+00 5.2006451121e-01
5.0803970507e+00 5.4978651543e-01
5.1690196541e+00 5.7953106245e-01
5.2508237402e+00 6.0922071181e-01
5.3257846977e+00 6.3879067367e-01
5.3938950019e+00 6.6815427333e-01
5.4551622763e+00 6.9724106683e-01
5.5095938212e+00 7.2598339732e-01
5.5572072349e+00 7.5429582840e-01
5.5980242450e+00 7.8211012048e-01
5.6320740632e+00 8.0935678834e-01
5.6593818251e+00 8.3596397449e-01
5.6799951008e+00 8.6185386691e-01
5.6939563532e+00 8.8696242981e-01
5.7013060305e+00 9.1121837101e-01
5.7021303052e+00 9.3455607183e-01
5.6964836717e+00 9.5690975338e-01
5.6844144396e+00 9.7821102305e-01
5.6660282068e+00 9.9839493040e-01
5.6414050073e+00 1.0174008330e+00
5.6106315266e+00 1.0351737108e+00
5.5737949618e+00 1.0516455110e+00
5.5310346580e+00 1.0667695230e+00
5.4824293281e+00 1.0804919173e+00
5.4281074338e+00 1.0927512355e+00
5.3681976537e+00 1.1034988723e+00
5.3028120289e+00 1.1126936357e+00
5.2320969972e+00 1.1202884324e+00
5.1562142129e+00 1.1262394181e+00
5.0752748837e+00 1.1305079544e+00
4.9894523146e+00 1.1330608566e+00
4.8989047928e+00 1.1338568005e+00
4.8037961280e+00 1.1328750810e+00
4.7042925394e+00 1.1300861888e+00
4.6005734214e+00 1.1254657171e+00
4.4928421433e+00 1.1190008103e+00
4.3812447030e+00 1.1106708707e+00
4.2659922494e+00 1.1004662150e+00
4.1472984945e+00 1.0883889943e+00
4.0253413695e+00 1.0744330660e+00
3.9003181515e+00 1.0585958310e+00
3.7724699616e+00 1.0408888162e+00
3.6420021754e+00 1.0213265417e+00
3.5091282261e+00 9.9993211335e-01
3.3740836177e+00 9.7672955687e-01
3.2370876794e+00 9.5174060401e-01
3.0983998190e+00 9.2500933577e-01
2.9582406440e+00 8.9657891376e-01
2.8168574608e+00 8.6649859309e-01
2.6745192636e+00 8.3483083313e-01
2.5314905367e+00 8.0163862174e-01
2.3880268987e+00 7.6698651038e-01
2.2444099887e+00 7.3096697270e-01
2.1009395401e+00 6.9366832877e-01
1.9579111064e+00 6.5520562411e-01
1.8156171293e+00 6.1567345944e-01
1.6743933930e+00 5.7520504070e-01
1.5345901842e+00 5.3393228694e-01
1.3965775200e+00 4.9201100789e-01
1.2607233168e+00 4.4961315844e-01
1.1274513980e+00 4.0692973896e-01
9.9722170750e-01 3.6416631012e-01
8.7052856744e-01 3.2154999250e-01
7.4791841674e-01 2.7937167777e-01
6.3006306865e-01 2.3792497095e-01
5.1764130572e-01 1.9754407865e-01
4.1147240141e-01 1.5863306929e-01
3.1261795553e-01 1.2170851117e-01
2.2240103643e-01 8.7412363694e-02
1.4255672525e-01 5.6572035746e-02
7.5327212870e-02 3.0168976452e-02
2.4806935032e-02 9.8476597368e-03
-1.2453566251e-05 -6.7671322852e-06
