2.0755926729e+02
2.0762806140e+02
2.0769616772e+02
2.0775970072e+02
2.0782198224e+02
2.0788080506e+02
2.0793887131e+02
2.0799264182e+02
2.0804445517e+02
2.0809477823e+02
2.0814072075e+02
2.0818577224e+02
2.0822858371e+02
2.0826843419e+02
2.0830663245e+02
2.0834166252e+02
2.0837607784e+02
2.0840793542e+02
2.0843670788e+02
2.0846422065e+02
2.0848904015e+02
2.0851224371e+02
2.0853370846e+02
2.0855246228e+02
2.0856995864e+02
2.0858565446e+02
2.0859890474e+02
2.0861076626e+02
2.0862065243e+02
2.0862812468e+02
2.0863400660e+02
2.0863903737e+02
2.0864134293e+02
2.0864188833e+02
2.0864027042e+02
2.0863629731e+02
2.0863351665e+02
2.0862638887e+02
2.0861816175e+02
2.0860886593e+02
2.0859593195e+02
2.0858264838e+02
2.0856643744e+02
2.0854944033e+02
2.0853178715e+02
2.0851085505e+02
2.0848740672e+02
2.0846260640e+02
2.0843762962e+02
2.0840884020e+02
2.0837854469e+02
2.0834646116e+02
2.0831206933e+02
2.0827639814e+02
2.0823634362e+02
2.0819662752e+02
2.0815516109e+02
2.0811038939e+02
2.0806340453e+02
2.0801329925e+02
2.0796286158e+02
2.0790963086e+02
2.0785383997e+02
2.0779331673e+02
2.0773362471e+02
2.0766948316e+02
2.0760276547e+02
2.0753405364e+02
2.0746269365e+02
2.0738778898e+02
2.0730956442e+02
2.0723084404e+02
2.0714437474e+02
2.0706043301e+02
2.0697051394e+02
2.0687651863e+02
2.0678080304e+02
2.0668199379e+02
2.0657976551e+02
2.0646841668e+02
2.0636227712e+02
2.0624802621e+02
2.0613474063e+02
2.0600784509e+02
2.0588776920e+02
2.0576064850e+02
2.0562766907e+02
2.0549654863e+02
2.0535961954e+02
2.0521267522e+02
2.0507913442e+02
2.0492127415e+02
2.0478401699e+02
2.0463971921e+02
2.0449342632e+02
2.0430481546e+02
2.0426625013e+02
2.0404378609e+02
2.0390154974e+02
2.0530546764e+02
