7.5229065487e-03 -4.3066374968e-03
8.0245267907e-03 -4.8556186146e-03
8.5258328755e-03 -5.3960542937e-03
9.0246270632e-03 -5.9355553977e-03
9.5207936295e-03 -6.4740052177e-03
1.0017026391e-02 -7.0147277064e-03
1.0514669942e-02 -7.5580187376e-03
1.1007149312e-02 -8.0914383471e-03
1.1492533216e-02 -8.6106654653e-03
1.1974901252e-02 -9.1255458061e-03
1.2454124446e-02 -9.6359498388e-03
1.2930744456e-02 -1.0143120034e-02
1.3408346957e-02 -1.0649342701e-02
1.3886755944e-02 -1.1151627636e-02
1.4364302459e-02 -1.1647669137e-02
1.4838557496e-02 -1.2136325712e-02
1.5310521451e-02 -1.2619945284e-02
1.5781160577e-02 -1.3097785187e-02
1.6252829700e-02 -1.3572952765e-02
1.6725436221e-02 -1.4045838139e-02
1.7197659528e-02 -1.4515364153e-02
1.7668608383e-02 -1.4979472199e-02
1.8137704701e-02 -1.5438962222e-02
1.8606553929e-02 -1.5896786511e-02
1.9075652476e-02 -1.6353011727e-02
1.9546043792e-02 -1.6808304757e-02
2.0019103778e-02 -1.7261757135e-02
2.0493088168e-02 -1.7711164805e-02
2.0965830571e-02 -1.8156106577e-02
2.1439174258e-02 -1.8600149659e-02
2.1912921311e-02 -1.9043117833e-02
2.2390151595e-02 -1.9486244188e-02
2.2870038915e-02 -1.9927017477e-02
2.3350883718e-02 -2.0364225187e-02
2.3832712942e-02 -2.0800380325e-02
2.4316020530e-02 -2.1236348773e-02
2.4801778322e-02 -2.1672558562e-02
2.5291798236e-02 -2.2108157120e-02
2.5785030877e-02 -2.2541761691e-02
2.6279659885e-02 -2.2973553902e-02
2.6776458835e-02 -2.3405807640e-02
2.7275342791e-02 -2.3838456437e-02
2.7779807646e-02 -2.4272580163e-02
2.8288903623e-02 -2.4705759107e-02
2.8800893839e-02 -2.5137015835e-02
2.9315376069e-02 -2.5568653866e-02
2.9832360116e-02 -2.6000934188e-02
3.0352614978e-02 -2.6434645505e-02
3.0879132587e-02 -2.6869570541e-02
3.1411754800e-02 -2.7305199704e-02
3.1948116810e-02 -2.7741505380e-02
3.2487906687e-02 -2.8177782494e-02
3.3032816288e-02 -2.8613265104e-02
3.3584675100e-02 -2.9049751915e-02
3.4141533011e-02 -2.9488393410e-02
3.4703694393e-02 -2.9929418833e-02
3.5272430459e-02 -3.0371067781e-02
3.5847487411e-02 -3.0812840855e-02
3.6427548317e-02 -3.1256185196e-02
3.7012974718e-02 -3.1702150120e-02
3.7603706847e-02 -3.2150796171e-02
3.8203264138e-02 -3.2603007606e-02
3.8811512844e-02 -3.3056575053e-02
3.9425816450e-02 -3.3509847670e-02
4.0045821212e-02 -3.3965353986e-02
4.0671396384e-02 -3.4423218863e-02
4.1305493300e-02 -3.4885169103e-02
4.1950147841e-02 -3.5349734519e-02
4.2603672907e-02 -3.5815565048e-02
4.3263741992e-02 -3.6283439403e-02
4.3930261177e-02 -3.6754033277e-02
4.4604600762e-02 -3.7227646849e-02
4.5291878872e-02 -3.7704276974e-02
4.5989917286e-02 -3.8183918743e-02
4.6695491880e-02 -3.8667337060e-02
4.7410043528e-02 -3.9154535137e-02
4.8135542488e-02 -3.9643196886e-02
4.8870406605e-02 -4.0132391145e-02
4.9613999183e-02 -4.0627238373e-02
5.0369375802e-02 -4.1127644612e-02
5.1135414455e-02 -4.1633188836e-02
5.1912078203e-02 -4.2138671491e-02
5.2701200104e-02 -4.2648289500e-02
5.3502192841e-02 -4.3161702203e-02
5.4314464770e-02 -4.3678565523e-02
5.5140873701e-02 -4.4203117080e-02
5.5976302879e-02 -4.4727401271e-02
5.6825842131e-02 -4.5256046095e-02
5.7688837764e-02 -4.5788690759e-02
5.8564631434e-02 -4.6324970840e-02
5.9456750765e-02 -4.6870453209e-02
6.0358549851e-02 -4.7416776880e-02
6.1275265090e-02 -4.7966288415e-02
6.2207404354e-02 -4.8520190526e-02
6.3154231570e-02 -4.9078096489e-02
6.4116390626e-02 -4.9641355434e-02
6.5096650710e-02 -5.0216881365e-02
6.6086621115e-02 -5.0788699006e-02
6.7094420981e-02 -5.1365388152e-02
6.8119226238e-02 -5.1946540850e-02
6.9160207352e-02 -5.2531744924e-02
7.0220622306e-02 -5.3127407278e-02
7.1296191274e-02 -5.3726262782e-02
7.2390940443e-02 -5.4326519008e-02
7.3505971396e-02 -5.4932591968e-02
7.4639959578e-02 -5.5543060746e-02
7.5784771534e-02 -5.6166089900e-02
7.6951158620e-02 -5.6791332156e-02
7.8137088067e-02 -5.7417325367e-02
7.9341559453e-02 -5.8043623189e-02
8.0575411328e-02 -5.8688066611e-02
8.1820141561e-02 -5.9334634137e-02
8.3085325910e-02 -5.9980564456e-02
8.4376262733e-02 -6.0629842139e-02
8.5692708285e-02 -6.1284194516e-02
8.7026774652e-02 -6.1950364027e-02
8.8383426079e-02 -6.2619531369e-02
8.9763216960e-02 -6.3293740324e-02
9.1165449007e-02 -6.3972378663e-02
9.2591192218e-02 -6.4657659531e-02
9.4038594017e-02 -6.5345450406e-02
9.5514474544e-02 -6.6040427540e-02
9.7013786460e-02 -6.6739699285e-02
9.8535160843e-02 -6.7442718665e-02
1.0007880895e-01 -6.8149969174e-02
1.0166308213e-01 -6.8874107959e-02
1.0326225405e-01 -6.9592711901e-02
1.0488996739e-01 -7.0315084687e-02
1.0654471867e-01 -7.1040693550e-02
1.0822499538e-01 -7.1768998513e-02
1.0994258526e-01 -7.2510396555e-02
1.1168665571e-01 -7.3259571290e-02
1.1345211283e-01 -7.4003978491e-02
1.1524852844e-01 -7.4751267774e-02
1.1707423051e-01 -7.5500896477e-02
1.1893107018e-01 -7.6255193921e-02
1.2083758220e-01 -7.7035190272e-02
1.2275066095e-01 -7.7799422981e-02
1.2469796746e-01 -7.8565178751e-02
1.2667766230e-01 -7.9331916160e-02
1.2868789493e-01 -8.0099084879e-02
1.3074851138e-01 -8.0885528940e-02
1.3283895169e-01 -8.1682294460e-02
1.3494533717e-01 -8.2463225326e-02
1.3708932950e-01 -8.3244156786e-02
1.3926887854e-01 -8.4024556604e-02
1.4148192166e-01 -8.4803882570e-02
1.4374896367e-01 -8.5612881684e-02
1.4604877835e-01 -8.6418989896e-02
1.4838955474e-01 -8.7212381348e-02
1.5076131952e-01 -8.8008546994e-02
1.5316579510e-01 -8.8799526334e-02
1.5559964490e-01 -8.9589624972e-02
1.5807164925e-01 -9.0384253033e-02
1.6058410134e-01 -9.1181209678e-02
1.6313461228e-01 -9.1979960618e-02
1.6572932708e-01 -9.2782137657e-02
1.6837138659e-01 -9.3581275522e-02
1.7103241664e-01 -9.4370707808e-02
1.7373805665e-01 -9.5160012151e-02
1.7648574521e-01 -9.5948734063e-02
1.7927290258e-01 -9.6736405738e-02
1.8209693073e-01 -9.7522545871e-02
1.8498586090e-01 -9.8306828358e-02
1.8790005572e-01 -9.9075476000e-02
1.9085377639e-01 -9.9840900682e-02
1.9384429130e-01 -1.0060269405e-01
1.9686884762e-01 -1.0136043260e-01
1.9993839891e-01 -1.0211807813e-01
2.0310382721e-01 -1.0288080628e-01
2.0624818791e-01 -1.0361391489e-01
2.0943521870e-01 -1.0434008118e-01
2.1267305831e-01 -1.0506165567e-01
2.1595866653e-01 -1.0577834866e-01
2.1928897821e-01 -1.0648985340e-01
2.2266090315e-01 -1.0719584589e-01
2.2607609467e-01 -1.0789482494e-01
2.2953859150e-01 -1.0857997368e-01
2.3304245241e-01 -1.0924933504e-01
2.3658416303e-01 -1.0990262604e-01
2.4016017924e-01 -1.1053954136e-01
2.4380223400e-01 -1.1117321304e-01
2.4747460668e-01 -1.1180261352e-01
2.5117783070e-01 -1.1240740336e-01
2.5491774158e-01 -1.1298956043e-01
2.5869070042e-01 -1.1354893074e-01
2.6249303369e-01 -1.1408533526e-01
2.6641521441e-01 -1.1461924859e-01
2.7035136291e-01 -1.1514258253e-01
2.7429492512e-01 -1.1563723095e-01
2.7826754253e-01 -1.1610734695e-01
2.8226553338e-01 -1.1655289968e-01
2.8631776149e-01 -1.1696025958e-01
2.9043427151e-01 -1.1735510279e-01
2.9460387054e-01 -1.1773316793e-01
2.9879216957e-01 -1.1807929553e-01
3.0297485494e-01 -1.1841217319e-01
3.0719132075e-01 -1.1872761392e-01
3.1145738870e-01 -1.1901565613e-01
3.1576917934e-01 -1.1927661803e-01
3.2012276401e-01 -1.1951078974e-01
3.2453290833e-01 -1.1971177634e-01
3.2891886274e-01 -1.1990069772e-01
3.3335005711e-01 -1.2005511732e-01
3.3781284871e-01 -1.2017524558e-01
3.4229358403e-01 -1.2026088561e-01
3.4678784435e-01 -1.2031233948e-01
3.5136043514e-01 -1.2031877004e-01
3.5594355422e-01 -1.2031008862e-01
3.6052058997e-01 -1.2026053011e-01
3.6510152861e-01 -1.2016633705e-01
3.6968236465e-01 -1.2002806384e-01
3.7425902070e-01 -1.1984622650e-01
3.7893678741e-01 -1.1964451718e-01
3.8358783210e-01 -1.1941343679e-01
3.8825727494e-01 -1.1913007746e-01
3.9297319542e-01 -1.1880788732e-01
3.9767587640e-01 -1.1843917802e-01
4.0235434658e-01 -1.1802218037e-01
4.0701191216e-01 -1.1756398330e-01
4.1168817323e-01 -1.1707725956e-01
4.1638323492e-01 -1.1655237981e-01
4.2109945259e-01 -1.1598912315e-01
4.2582078016e-01 -1.1537312254e-01
4.3050478861e-01 -1.1470111597e-01
4.3513751558e-01 -1.1398592869e-01
4.3977959662e-01 -1.1322964125e-01
4.4443073689e-01 -1.1243272665e-01
4.4909574992e-01 -1.1158984212e-01
4.5374734711e-01 -1.1068111022e-01
4.5833314728e-01 -1.0972890396e-01
4.6287287478e-01 -1.0876402560e-01
4.6740693753e-01 -1.0774199709e-01
4.7193186905e-01 -1.0666420449e-01
4.7644408503e-01 -1.0553199329e-01
4.8093988214e-01 -1.0434666786e-01
4.8541089147e-01 -1.0313178073e-01
4.8983117365e-01 -1.0187454039e-01
4.9419414720e-01 -1.0056191818e-01
4.9849655509e-01 -9.9195360185e-02
5.0273499440e-01 -9.7776267340e-02
5.0690591480e-01 -9.6305994757e-02
5.1106661594e-01 -9.4764751485e-02
5.1523947704e-01 -9.3178214094e-02
5.1933593746e-01 -9.1577244379e-02
5.2333123995e-01 -8.9920082912e-02
5.2722279860e-01 -8.8208031940e-02
5.3102999503e-01 -8.6445321101e-02
5.3481580621e-01 -8.4638875188e-02
5.3858035136e-01 -8.2790104568e-02
5.4228299189e-01 -8.0894550207e-02
5.4586919642e-01 -7.8950412214e-02
5.4932892554e-01 -7.6963601155e-02
5.5271103552e-01 -7.4933838301e-02
5.5605126208e-01 -7.2856475014e-02
5.5934679397e-01 -7.0733416376e-02
5.6254657239e-01 -6.8531466377e-02
5.6564295913e-01 -6.6332922023e-02
5.6866975090e-01 -6.4128265286e-02
5.7159450946e-01 -6.1865953807e-02
5.7439670426e-01 -5.9553413568e-02
5.7709878861e-01 -5.7210917990e-02
5.7970580265e-01 -5.4841383121e-02
5.8215197661e-01 -5.2395483440e-02
5.8454444258e-01 -4.9902350892e-02
5.8688450761e-01 -4.7378630048e-02
5.8909380287e-01 -4.4835335630e-02
5.9115306899e-01 -4.2269154318e-02
5.9306085885e-01 -3.9681325467e-02
5.9484236057e-01 -3.7090757293e-02
5.9653152703e-01 -3.4479521947e-02
5.9811339404e-01 -3.1826419582e-02
5.9958667975e-01 -2.9133207923e-02
6.0094987367e-01 -2.6401628001e-02
6.0220123436e-01 -2.3633403903e-02
6.0335885189e-01 -2.0839291856e-02
6.0437738193e-01 -1.8046420531e-02
6.0526332584e-01 -1.5245469679e-02
6.0600170756e-01 -1.2430317683e-02
6.0659184695e-01 -9.6026523574e-03
6.0703280547e-01 -6.7641622421e-03
6.0732338357e-01 -3.9165365324e-03
6.0748193384e-01 -1.0359026825e-03
6.0756808870e-01 1.8759375563e-03
6.0750338655e-01 4.7511890199e-03
6.0729164049e-01 7.6253485169e-03
6.0695491067e-01 1.0514227343e-02
6.0649279846e-01 1.3415794307e-02
6.0587478551e-01 1.6325086252e-02
6.0507082197e-01 1.9221571241e-02
6.0418904383e-01 2.2098720999e-02
6.0322096595e-01 2.4980649142e-02
6.0208089842e-01 2.7866765771e-02
6.0079839009e-01 3.0739617735e-02
5.9939261464e-01 3.3598789027e-02
5.9784300622e-01 3.6445012607e-02
5.9612681175e-01 3.9299439231e-02
5.9434326585e-01 4.2132893071e-02
5.9241970533e-01 4.4928454097e-02
5.9033519094e-01 4.7695756147e-02
5.8809138815e-01 5.0433583827e-02
5.8573036330e-01 5.3156221743e-02
5.8327253055e-01 5.5868808396e-02
5.8071898546e-01 5.8568971693e-02
5.7796225226e-01 6.1231418114e-02
5.7508016309e-01 6.3836623681e-02
5.7218095975e-01 6.6444520792e-02
5.6912202148e-01 6.9031579022e-02
5.6590765626e-01 7.1590130781e-02
5.6260138411e-01 7.4097481262e-02
5.5922676523e-01 7.6554662608e-02
5.5570199844e-01 7.8982013863e-02
5.5202192230e-01 8.1408650598e-02
5.4831194043e-01 8.3773791376e-02
5.4449360515e-01 8.6071928236e-02
5.4055021083e-01 8.8313669407e-02
5.3648373001e-01 9.0496872172e-02
5.3229108463e-01 9.2640843980e-02
5.2801190218e-01 9.4781395600e-02
5.2365802992e-01 9.6865353575e-02
5.1922732007e-01 9.8877162771e-02
5.1472802317e-01 1.0082116944e-01
5.1015884715e-01 1.0275333209e-01
5.0544886386e-01 1.0463632144e-01
5.0065266497e-01 1.0644189601e-01
4.9582419098e-01 1.0819531319e-01
4.9096718514e-01 1.0989538984e-01
4.8605498237e-01 1.1154729174e-01
4.8103585084e-01 1.1314093295e-01
4.7591186935e-01 1.1467150629e-01
4.7069858277e-01 1.1614445314e-01
4.6547981652e-01 1.1757139103e-01
4.6023409373e-01 1.1892157896e-01
4.5492027105e-01 1.2020399866e-01
4.4956129601e-01 1.2143469634e-01
4.4414030153e-01 1.2260049568e-01
4.3866149869e-01 1.2367986993e-01
4.3314741370e-01 1.2467392692e-01
4.2764417761e-01 1.2570427424e-01
4.2205613373e-01 1.2666694646e-01
4.1644268660e-01 1.2753674047e-01
4.1084053099e-01 1.2834213120e-01
4.0525545447e-01 1.2908066551e-01
3.9968039596e-01 1.2975091869e-01
3.9405319653e-01 1.3036607260e-01
3.8840727019e-01 1.3092801410e-01
3.8274805079e-01 1.3143488731e-01
3.7708084742e-01 1.3188472514e-01
3.7132606570e-01 1.3221295985e-01
3.6563673580e-01 1.3255640038e-01
3.5991886926e-01 1.3282178841e-01
3.5422507287e-01 1.3302436833e-01
3.4857110637e-01 1.3317783143e-01
3.4296379144e-01 1.3328038131e-01
3.3740936400e-01 1.3333019604e-01
3.3185337830e-01 1.3332638613e-01
3.2628089685e-01 1.3326232065e-01
3.2069772917e-01 1.3313662898e-01
3.1510618506e-01 1.3295301766e-01
3.0954706072e-01 1.3275001874e-01
3.0409477486e-01 1.3246837047e-01
2.9866572930e-01 1.3212892931e-01
2.9325328948e-01 1.3174227447e-01
2.8786508728e-01 1.3130740274e-01
2.8253468932e-01 1.3081856757e-01
2.7722523692e-01 1.3030064999e-01
2.7193915459e-01 1.2973524208e-01
2.6671786486e-01 1.2913005242e-01
2.6156076302e-01 1.2849011135e-01
2.5647516810e-01 1.2781475506e-01
2.5146462549e-01 1.2710667337e-01
2.4647218939e-01 1.2637572692e-01
2.4149733131e-01 1.2559041253e-01
2.3654982275e-01 1.2475326511e-01
2.3167459573e-01 1.2389433404e-01
2.2688983849e-01 1.2302122120e-01
2.2220358538e-01 1.2211416865e-01
2.1755435663e-01 1.2116879238e-01
2.1294593575e-01 1.2018614697e-01
2.0838541911e-01 1.1916627578e-01
2.0387444545e-01 1.1811006744e-01
1.9942106726e-01 1.1704691132e-01
1.9505820268e-01 1.1596045203e-01
1.9073931278e-01 1.1485361715e-01
1.8649557412e-01 1.1372719916e-01
1.8233385373e-01 1.1258145984e-01
1.7822424338e-01 1.1142594574e-01
1.7413747219e-01 1.1024317169e-01
1.7014090797e-01 1.0903848157e-01
1.6622016448e-01 1.0783092765e-01
1.6238254323e-01 1.0662154745e-01
1.5863293129e-01 1.0541424021e-01
1.5493635176e-01 1.0419998358e-01
1.5128444482e-01 1.0295985821e-01
1.4768337038e-01 1.0169467567e-01
1.4413346358e-01 1.0040869152e-01
1.4063751459e-01 9.9133425051e-02
1.3723451926e-01 9.7844238234e-02
1.3389618542e-01 9.6526309416e-02
1.3062270704e-01 9.5237346311e-02
1.2741914446e-01 9.3952974443e-02
1.2428675705e-01 9.2662163549e-02
1.2123185627e-01 9.1366171261e-02
1.1823347348e-01 9.0077743921e-02
1.1527615114e-01 8.8782643337e-02
1.1236555555e-01 8.7482185398e-02
1.0950732855e-01 8.6177895692e-02
1.0670368069e-01 8.4883619594e-02
1.0399108732e-01 8.3576241754e-02
1.0131923351e-01 8.2277629721e-02
9.8712400316e-02 8.0989528579e-02
9.6176124959e-02 7.9713651467e-02
9.3694975514e-02 7.8454369229e-02
9.1234915873e-02 7.7195571775e-02
8.8824927842e-02 7.5925153657e-02
8.6490971995e-02 7.4667973890e-02
8.4209181072e-02 7.3427069183e-02
8.1983253930e-02 7.2203406638e-02
7.9818328644e-02 7.0978086030e-02
7.7690338520e-02 6.9756954157e-02
7.5602945795e-02 6.8541461719e-02
7.3561308391e-02 6.7325390480e-02
7.1581035252e-02 6.6111690129e-02
6.9656982679e-02 6.4925295663e-02
6.7764106127e-02 6.3751316398e-02
6.5906616344e-02 6.2591855338e-02
6.4084345349e-02 6.1433490616e-02
6.2310201632e-02 6.0272048588e-02
6.0598333562e-02 5.9127924672e-02
5.8921879586e-02 5.8001448237e-02
5.7276177181e-02 5.6888940792e-02
5.5664181042e-02 5.5790762355e-02
5.4089276516e-02 5.4692924357e-02
5.2562972915e-02 5.3601703352e-02
5.1081481516e-02 5.2531099811e-02
4.9628759117e-02 5.1468550425e-02
4.8208235295e-02 5.0416068494e-02
4.6822325426e-02 4.9354213803e-02
4.5475956692e-02 4.8328553439e-02
4.4155917806e-02 4.7313769291e-02
4.2864996124e-02 4.6308378824e-02
4.1606280740e-02 4.5314266118e-02
4.0371904652e-02 4.4305528222e-02
3.9177752617e-02 4.3321276064e-02
3.8009148802e-02 4.2355637980e-02
3.6864447632e-02 4.1398848848e-02
3.5746419360e-02 4.0452769773e-02
3.4648702455e-02 3.9501314006e-02
3.3593995791e-02 3.8574735867e-02
3.2559054723e-02 3.7656763113e-02
3.1545083344e-02 3.6747400019e-02
3.0554560347e-02 3.5848461369e-02
2.9586916802e-02 3.4956341611e-02
2.8646125042e-02 3.4072161012e-02
2.7725961425e-02 3.3199740899e-02
2.6824590057e-02 3.2334852840e-02
2.5944237325e-02 3.1479259508e-02
2.5085825533e-02 3.0632420622e-02
2.4249211212e-02 2.9795511155e-02
2.3428622474e-02 2.8965073031e-02
2.2625036746e-02 2.8141267057e-02
2.1841001639e-02 2.7327330764e-02
2.1077610634e-02 2.6519369691e-02
2.0330368529e-02 2.5720462615e-02
1.9597573942e-02 2.4929593928e-02
1.8880498000e-02 2.4145502943e-02
1.8181036841e-02 2.3370040308e-02
1.7498897964e-02 2.2594835200e-02
1.6828094665e-02 2.1829881550e-02
1.6171200556e-02 2.1075239719e-02
1.5528783696e-02 2.0326808671e-02
1.4902565386e-02 1.9586368213e-02
1.4290626654e-02 1.8839995824e-02
1.3687914441e-02 1.8104443174e-02
1.3098630088e-02 1.7382464898e-02
1.2521643363e-02 1.6665385643e-02
1.1958506096e-02 1.5954924831e-02
1.1408913398e-02 1.5246880522e-02
1.0862111164e-02 1.4533327674e-02
1.0329202164e-02 1.3839370331e-02
9.8085464454e-03 1.3152390616e-02
9.3015745376e-03 1.2474072948e-02
8.8054831156e-03 1.1792185413e-02
8.3099041139e-03 1.1105394488e-02
7.8286636601e-03 1.0442802562e-02
7.3594330361e-03 9.7880216928e-03
6.9035273851e-03 9.1426731748e-03
6.4558990267e-03 8.4906908951e-03
6.0074188262e-03 7.8358627639e-03
5.5730039504e-03 7.2091968031e-03
5.1508403528e-03 6.5955875601e-03
4.7421464693e-03 5.9966213988e-03
4.3425953086e-03 5.3954356096e-03
3.9412356587e-03 4.7865211632e-03
3.5539105092e-03 4.2121750590e-03
3.1792281173e-03 3.6606408773e-03
2.8187243454e-03 3.1331733768e-03
2.4744464169e-03 2.6100578897e-03
2.1316979141e-03 2.1018186879e-03
1.7962435532e-03 1.6456109555e-03
