1.5114731105e+02
1.5140513917e+02
1.5166837065e+02
1.5191349270e+02
1.5214641996e+02
1.5238153768e+02
1.5260039784e+02
1.5281922118e+02
1.5301222779e+02
1.5320463396e+02
1.5338548498e+02
1.5356200834e+02
1.5373853171e+02
1.5388705329e+02
1.5403440248e+02
1.5417527463e+02
1.5430321808e+02
1.5443466335e+02
1.5454353808e+02
1.5464903399e+02
1.5474991321e+02
1.5483174410e+02
1.5491887608e+02
1.5498665865e+02
1.5505307786e+02
1.5511824626e+02
1.5515941143e+02
1.5520162116e+02
1.5523191819e+02
1.5526060276e+02
1.5528855825e+02
1.5529271202e+02
1.5529686580e+02
1.5529139212e+02
1.5528276850e+02
1.5527414488e+02
1.5524415936e+02
1.5521274786e+02
1.5517545234e+02
1.5513147335e+02
1.5508749435e+02
1.5502626645e+02
1.5495950476e+02
1.5489969984e+02
1.5482418191e+02
1.5474588118e+02
1.5465131850e+02
1.5455956153e+02
1.5447196260e+02
1.5437117197e+02
1.5426261033e+02
1.5413792087e+02
1.5402748225e+02
1.5391049653e+02
1.5378341530e+02
1.5365498445e+02
1.5351312433e+02
1.5337775319e+02
1.5323890483e+02
1.5308353952e+02
1.5293118028e+02
1.5279666023e+02
1.5264546691e+02
1.5247788846e+02
1.5231046854e+02
1.5214599802e+02
1.5199771450e+02
1.5184471030e+02
1.5167478079e+02
1.5149620347e+02
1.5132683130e+02
1.5116971039e+02
1.5101363956e+02
1.5085822070e+02
1.5070362696e+02
1.5055330077e+02
1.5039928195e+02
1.5025394761e+02
1.5011582718e+02
1.4999692149e+02
1.4989696296e+02
1.4976900691e+02
1.4966539090e+02
1.4958267529e+02
1.4952469128e+02
1.4950227347e+02
1.4947160242e+02
1.4946123555e+02
1.4946972311e+02
1.4954343742e+02
1.4964416408e+02
1.4979091535e+02
1.4994841241e+02
1.5020940773e+02
1.5051130901e+02
1.5089593626e+02
1.5140863151e+02
1.5195752669e+02
1.5266795531e+02
1.5335842449e+02
