2.9771597659e+02
2.9825780450e+02
2.9717680134e+02
2.9879982362e+02
2.9664081272e+02
2.9934437730e+02
2.9610479343e+02
2.9988888858e+02
2.9555827455e+02
3.0043405168e+02
2.9501060310e+02
3.0098035144e+02
2.9446783133e+02
3.0152656446e+02
2.9393237200e+02
3.0206636021e+02
2.9339686145e+02
3.0260616730e+02
2.9285428512e+02
3.0314858693e+02
2.9231053795e+02
3.0369400641e+02
2.9176867775e+02
3.0423949169e+02
2.9122979419e+02
3.0478224843e+02
2.9069082559e+02
3.0532496732e+02
2.9015402965e+02
3.0586810755e+02
2.8961769085e+02
3.0641222498e+02
2.8908159627e+02
3.0695642509e+02
2.8854537997e+02
3.0750040200e+02
2.8800905646e+02
3.0804440491e+02
2.8747413055e+02
3.0858741850e+02
2.8693957602e+02
3.0912954147e+02
2.8640450976e+02
3.0967176886e+02
2.8586707285e+02
3.1021517525e+02
2.8532950646e+02
3.1075876367e+02
2.8479843930e+02
3.1130185513e+02
2.8426963611e+02
3.1184470246e+02
2.8374154042e+02
3.1238767562e+02
2.8321545943e+02
3.1293019669e+02
2.8268923521e+02
3.1347271237e+02
2.8215715297e+02
3.1401347804e+02
2.8162249634e+02
3.1455125058e+02
2.8108939713e+02
3.1508916078e+02
2.8056202561e+02
3.1563235611e+02
2.8003447559e+02
3.1617679794e+02
2.7951001538e+02
3.1671830264e+02
2.7898712902e+02
3.1725342122e+02
2.7846453072e+02
3.1778869763e+02
2.7794300515e+02
3.1833059566e+02
2.7742129239e+02
3.1887446346e+02
2.7690051258e+02
3.1941462612e+02
2.7638028639e+02
3.1994449752e+02
2.7585979091e+02
3.2047453432e+02
2.7533521078e+02
3.2101378184e+02
2.7481041666e+02
3.2155638881e+02
2.7429339318e+02
3.2209656195e+02
2.7378206243e+02
3.2262845820e+02
3.2316054307e+02
2.7327073005e+02
3.2369495710e+02
2.7276010370e+02
3.2423045954e+02
2.7224925384e+02
3.2476508860e+02
2.7173570798e+02
3.2529610706e+02
2.7121984242e+02
3.2582733185e+02
2.7070425691e+02
3.2635954051e+02
2.7019970754e+02
3.2689233214e+02
2.6969491629e+02
3.2742436540e+02
2.6918879638e+02
3.2795196922e+02
2.6868135787e+02
3.2847979611e+02
2.6817372031e+02
3.2900681456e+02
2.6766822874e+02
3.2953337361e+02
2.6716225746e+02
3.3005993202e+02
2.6666022123e+02
3.3058708024e+02
2.6616300884e+02
3.3111446268e+02
2.6566557928e+02
3.3164023331e+02
2.6516704688e+02
3.3216485267e+02
2.6466792495e+02
3.3268931878e+02
2.6417094399e+02
3.3321069264e+02
2.6367714668e+02
3.3373231547e+02
2.6318311026e+02
3.3425392802e+02
2.6269086586e+02
3.3477553943e+02
2.6219831159e+02
3.3529708717e+02
2.6170790737e+02
3.3580836311e+02
2.6122134676e+02
3.3631989110e+02
2.6073452364e+02
3.3683716070e+02
2.6024785170e+02
3.3736023453e+02
2.5976070646e+02
3.3788349390e+02
3.3839356857e+02
2.5927614585e+02
3.3890384870e+02
2.5879711164e+02
3.3941601491e+02
2.5831780354e+02
3.3993035780e+02
2.5783903215e+02
3.4044492727e+02
2.5735985617e+02
3.4095723060e+02
2.5688172749e+02
3.4146987321e+02
2.5640663572e+02
3.4197867214e+02
2.5593124613e+02
3.4248188801e+02
2.5545996033e+02
3.4298536076e+02
2.5498936585e+02
3.4349389082e+02
2.5451902280e+02
3.4400347152e+02
2.5405016191e+02
3.4450953298e+02
2.5358099378e+02
3.4500946751e+02
2.5312025759e+02
3.4550967427e+02
2.5266211110e+02
3.4600781864e+02
2.5220150329e+02
3.4650599268e+02
2.5173277772e+02
3.4700446412e+02
2.5126374149e+02
3.4750319486e+02
2.5080523742e+02
3.4800218606e+02
3.4849742583e+02
2.5035080853e+02
3.4899226138e+02
2.4989670296e+02
3.4948672317e+02
2.4944568947e+02
3.4997981921e+02
2.4899433577e+02
3.5047319611e+02
2.4854417187e+02
3.5096298809e+02
2.4809413348e+02
3.5145213084e+02
2.4764444479e+02
3.5194078016e+02
2.4719935998e+02
3.5242731751e+02
2.4675392145e+02
3.5291414214e+02
2.4631145071e+02
3.5340288073e+02
2.4587037108e+02
3.5389275518e+02
2.4542923360e+02
3.5437974443e+02
2.4499128402e+02
3.5485509123e+02
2.4455295848e+02
3.5533074690e+02
2.4411848415e+02
3.5581206173e+02
2.4368648462e+02
3.5629626299e+02
3.5677843327e+02
2.4325415415e+02
3.5724947401e+02
2.4282325950e+02
3.5772082776e+02
2.4239198673e+02
3.5819520498e+02
2.4196674944e+02
3.5867154705e+02
2.4154646211e+02
3.5914718482e+02
2.4112570369e+02
3.5961619711e+02
2.4070063871e+02
3.6008553089e+02
2.4027519943e+02
3.6055433930e+02
2.3985486004e+02
3.6102312229e+02
2.3943931037e+02
3.6149141058e+02
2.3902331130e+02
3.6195156186e+02
2.3860743259e+02
3.6241203386e+02
2.3819116049e+02
3.6287648422e+02
2.3777909569e+02
3.6334427974e+02
3.6381174033e+02
2.3737188289e+02
3.6426643200e+02
2.3696420802e+02
3.6472145767e+02
2.3656372141e+02
3.6517697994e+02
2.3616340296e+02
3.6563315161e+02
2.3576071398e+02
3.6608963027e+02
2.3535420967e+02
3.6654141884e+02
2.3494722430e+02
3.6699353999e+02
2.3455588029e+02
3.6744431764e+02
2.3416612470e+02
3.6789390137e+02
2.3377316994e+02
3.6834384694e+02
2.3337438912e+02
3.6879128682e+02
2.3297511363e+02
3.6923897596e+02
3.6968246496e+02
2.3259032817e+02
3.7012089610e+02
2.3220776960e+02
3.7055968555e+02
2.3182395433e+02
3.7100256410e+02
2.3143752945e+02
3.7144604061e+02
2.3105060947e+02
3.7188695387e+02
2.3067454516e+02
3.7232450430e+02
2.3030072431e+02
3.7276242270e+02
2.2992491544e+02
3.7319926041e+02
2.2954415493e+02
3.7363626766e+02
2.2916288603e+02
3.7406930849e+02
2.2879232175e+02
3.7449550834e+02
3.7492207818e+02
2.2842467230e+02
3.7535160031e+02
2.2805730174e+02
3.7578192912e+02
2.2769130721e+02
3.7621033721e+02
2.2732480403e+02
3.7663481386e+02
2.2696493664e+02
3.7705966757e+02
2.2660727712e+02
3.7748036055e+02
2.2625026000e+02
3.7790033131e+02
2.2589648592e+02
3.7831884248e+02
2.2554221173e+02
3.7873345379e+02
2.2518811308e+02
3.7914843694e+02
3.7956524061e+02
2.2483388956e+02
3.7998281825e+02
2.2447996504e+02
3.8039868081e+02
2.2412731353e+02
3.8080931652e+02
2.2377414346e+02
3.8122033113e+02
2.2342685319e+02
3.8162927420e+02
2.2308255437e+02
3.8203766064e+02
2.2273912839e+02
3.8244527095e+02
2.2240421046e+02
3.8284929434e+02
2.2206876545e+02
3.8325370137e+02
2.2173385808e+02
3.8365540894e+02
3.8405607828e+02
2.2139914233e+02
3.8445618524e+02
2.2106460841e+02
3.8485247459e+02
2.2073530933e+02
3.8524914987e+02
2.2040547582e+02
3.8564365907e+02
2.2007868258e+02
3.8603714272e+02
2.1975412850e+02
3.8643027713e+02
2.1942943222e+02
3.8681942136e+02
2.1910863840e+02
3.8720895413e+02
2.1878730174e+02
3.8759621470e+02
3.8798211995e+02
2.1846843324e+02
3.8836786766e+02
2.1815176499e+02
3.8874919262e+02
2.1783473425e+02
3.8913090884e+02
2.1752592122e+02
3.8951004434e+02
2.1721655017e+02
3.8988727554e+02
2.1690741061e+02
3.9026474506e+02
2.1659856375e+02
3.9064158665e+02
2.1628918082e+02
3.9101882693e+02
2.1599193407e+02
3.9138898916e+02
3.9175277732e+02
2.1569452063e+02
3.9211691481e+02
2.1539741324e+02
3.9248551508e+02
2.1510084652e+02
3.9285452128e+02
2.1480374547e+02
3.9321722598e+02
2.1451555477e+02
3.9357319892e+02
2.1422747294e+02
3.9392955172e+02
2.1393965208e+02
3.9428822419e+02
2.1365250279e+02
3.9464741760e+02
3.9500144698e+02
2.1336481398e+02
3.9534891518e+02
2.1308772267e+02
3.9569676813e+02
2.1281140182e+02
3.9604433210e+02
2.1253563033e+02
3.9639229294e+02
2.1226127183e+02
3.9673702291e+02
2.1198636897e+02
3.9707679570e+02
2.1171847790e+02
3.9741696412e+02
2.1145123934e+02
3.9775300779e+02
3.9808892750e+02
2.1118605269e+02
3.9842078001e+02
2.1092582233e+02
3.9874520049e+02
2.1066502564e+02
3.9907002251e+02
2.1040885271e+02
3.9939444495e+02
2.1015315881e+02
3.9971917911e+02
2.0990042021e+02
4.0004061449e+02
2.0965612497e+02
4.0035469378e+02
4.0066918935e+02
2.0941122454e+02
4.0097534681e+02
2.0917934157e+02
4.0127980238e+02
2.0895110285e+02
4.0158271473e+02
2.0872232793e+02
4.0188106046e+02
2.0849319883e+02
4.0217981632e+02
2.0826352409e+02
4.0247246303e+02
2.0804161593e+02
4.0276361619e+02
4.0305219213e+02
2.0782189163e+02
4.0333178957e+02
2.0760432973e+02
4.0361181580e+02
2.0739718365e+02
4.0388425858e+02
2.0718939963e+02
4.0415418120e+02
2.0698710207e+02
4.0442137814e+02
2.0678667937e+02
4.0467647281e+02
2.0659144222e+02
4.0493201930e+02
4.0517905641e+02
2.0642603341e+02
4.0542252296e+02
2.0625990208e+02
4.0566318839e+02
2.0610355487e+02
4.0588731998e+02
2.0595219169e+02
4.0611193843e+02
2.0580402384e+02
4.0631677926e+02
2.0568373152e+02
4.0651084606e+02
2.0556269155e+02
4.0670381045e+02
4.0688566918e+02
2.0546174519e+02
4.0706801376e+02
2.0537372103e+02
4.0722559059e+02
2.0528919265e+02
4.0736730158e+02
2.0525245444e+02
4.0750508693e+02
2.0521488284e+02
4.0759249096e+02
2.0522855463e+02
4.0768044884e+02
4.0773172130e+02
2.0528202575e+02
4.0775487406e+02
2.0533805857e+02
4.0777546536e+02
2.0547446390e+02
4.0772096304e+02
2.0560977843e+02
4.0766730693e+02
2.0640748331e+02
4.0686162977e+02
2.0782908792e+02
4.0535277747e+02
4.0384336827e+02
2.0925150125e+02
