2.9489712860e+02
2.9550320297e+02
2.9429128345e+02
2.9610992431e+02
2.9368538049e+02
2.9671669830e+02
2.9308036227e+02
2.9732393969e+02
2.9247544240e+02
2.9793113996e+02
2.9187083648e+02
2.9854017430e+02
2.9126604745e+02
2.9915129933e+02
2.9066117615e+02
2.9976246838e+02
2.9006362670e+02
3.0037386007e+02
2.8946725586e+02
3.0098523658e+02
2.8886930683e+02
3.0159537442e+02
2.8826757648e+02
3.0220479912e+02
2.8766573542e+02
3.0281428260e+02
2.8707133431e+02
3.0343082161e+02
2.8647855368e+02
3.0404751139e+02
2.8588342068e+02
3.0466169647e+02
2.8528191557e+02
3.0527350732e+02
2.8468027842e+02
3.0588539890e+02
2.8409435731e+02
3.0649785748e+02
2.8351287604e+02
3.0711038315e+02
2.8292622273e+02
3.0772656212e+02
2.8232363197e+02
3.0834865484e+02
2.8172086667e+02
3.0897088606e+02
2.8113724881e+02
3.0957848316e+02
2.8056038968e+02
3.1018448012e+02
3.1079746340e+02
2.7998211968e+02
3.1142278808e+02
2.7939820209e+02
3.1204826930e+02
2.7881411217e+02
3.1265911406e+02
2.7823171061e+02
3.1326761244e+02
2.7764999821e+02
3.1387813859e+02
2.7706934600e+02
3.1449310502e+02
2.7649244061e+02
3.1510821154e+02
2.7591533835e+02
3.1572405941e+02
2.7533911805e+02
3.1634013538e+02
2.7476331896e+02
3.1695531292e+02
2.7418812950e+02
3.1756915895e+02
2.7361541142e+02
3.1818317472e+02
2.7304247309e+02
3.1879907778e+02
2.7247296984e+02
3.1941557421e+02
2.7190557246e+02
3.2002953298e+02
2.7133852794e+02
3.2063689493e+02
2.7077351607e+02
3.2124441980e+02
2.7020826562e+02
3.2186427381e+02
2.6964473124e+02
3.2248857063e+02
2.6908244175e+02
3.2310868008e+02
2.6852071631e+02
3.2371474326e+02
2.6796732813e+02
3.2432099376e+02
2.6741368283e+02
3.2493532768e+02
2.6685970528e+02
3.2555323971e+02
2.6630546744e+02
3.2616994744e+02
2.6575134299e+02
3.2678200456e+02
2.6518867484e+02
3.2739427726e+02
2.6462570007e+02
3.2800541291e+02
2.6407703273e+02
3.2861601228e+02
2.6354301960e+02
3.2922656815e+02
2.6300876433e+02
3.2983768656e+02
2.6247191025e+02
3.3044903771e+02
2.6193453088e+02
3.3105863338e+02
2.6139353813e+02
3.3166717905e+02
2.6084836776e+02
3.3227594645e+02
2.6030303897e+02
3.3288771081e+02
3.3349972404e+02
2.5977077120e+02
3.3410534655e+02
2.5923856311e+02
3.3470628451e+02
2.5870700528e+02
3.3530785791e+02
2.5817654276e+02
3.3592246506e+02
2.5764581763e+02
3.3653736125e+02
2.5712093541e+02
3.3714154448e+02
2.5659614791e+02
3.3773640899e+02
2.5607243330e+02
3.3833147139e+02
2.5555078888e+02
3.3894455118e+02
2.5502885662e+02
3.3955793153e+02
2.5452423065e+02
3.4016260565e+02
2.5402205743e+02
3.4075834559e+02
2.5351165582e+02
3.4135432658e+02
2.5298520224e+02
3.4195287930e+02
2.5245848445e+02
3.4255192555e+02
2.5195316216e+02
3.4315056526e+02
2.5145193039e+02
3.4374862859e+02
2.5095000434e+02
3.4434693415e+02
2.5044701026e+02
3.4494311283e+02
2.4994369904e+02
3.4553963446e+02
2.4945094545e+02
3.4613581837e+02
3.4673136018e+02
2.4896071160e+02
3.4732714956e+02
2.4846918769e+02
3.4791228572e+02
2.4797465190e+02
3.4849661620e+02
2.4747979197e+02
3.4908670240e+02
2.4699384071e+02
3.4968617998e+02
2.4651050813e+02
3.5028588402e+02
2.4602735560e+02
3.5087608107e+02
2.4554601847e+02
3.5146528629e+02
2.4506433752e+02
3.5205247968e+02
2.4458639580e+02
3.5263529628e+02
2.4410943880e+02
3.5321839033e+02
2.4363372703e+02
3.5380920007e+02
2.4316572540e+02
3.5440237544e+02
2.4269735922e+02
3.5499102332e+02
2.4223037767e+02
3.5556820333e+02
2.4176349261e+02
3.5614568085e+02
3.5672399542e+02
2.4129753965e+02
3.5730303580e+02
2.4084030754e+02
3.5788329874e+02
2.4038268755e+02
3.5846645897e+02
2.3992756295e+02
3.5904991469e+02
2.3947345741e+02
3.5961951437e+02
2.3901954357e+02
3.6018449209e+02
2.3857171989e+02
3.6075334985e+02
2.3812349318e+02
3.6133563297e+02
2.3767946159e+02
3.6191817113e+02
2.3723803627e+02
3.6249138612e+02
2.3679646127e+02
3.6306115702e+02
2.3636056211e+02
3.6363150863e+02
2.3592425707e+02
3.6420327072e+02
2.3548665967e+02
3.6477535484e+02
3.6534119325e+02
2.3504726676e+02
3.6590410375e+02
2.3460763509e+02
3.6646748042e+02
2.3419279614e+02
3.6703185145e+02
2.3377751892e+02
3.6759654029e+02
2.3335915370e+02
3.6816486803e+02
2.3293711772e+02
3.6873605726e+02
2.3251457677e+02
3.6930539961e+02
2.3209873446e+02
3.6985275614e+02
2.3168268768e+02
3.7040046223e+02
2.3127182976e+02
3.7095742955e+02
2.3086682510e+02
3.7152175247e+02
2.3046131410e+02
3.7208571828e+02
3.7263590223e+02
2.3005265643e+02
3.7318644771e+02
2.2964333270e+02
3.7373455486e+02
2.2924380415e+02
3.7428074886e+02
2.2885826280e+02
3.7482741783e+02
2.2847221317e+02
3.7538271979e+02
2.2807890515e+02
3.7593838446e+02
2.2768430644e+02
3.7648469276e+02
2.2729235377e+02
3.7702148043e+02
2.2690443312e+02
3.7755866231e+02
2.2651598029e+02
3.7810435373e+02
2.2613759885e+02
3.7865065808e+02
2.2576063357e+02
3.7919279710e+02
3.7973013803e+02
2.2538453041e+02
3.8026788579e+02
2.2500999772e+02
3.8080437631e+02
2.2463492431e+02
3.8134110635e+02
2.2426755888e+02
3.8187842000e+02
2.2390165509e+02
3.8241688141e+02
2.2353754672e+02
3.8295576130e+02
2.2317800737e+02
3.8348397587e+02
2.2281792254e+02
3.8401120053e+02
2.2246154677e+02
3.8453714038e+02
2.2210596309e+02
3.8506084621e+02
3.8558497142e+02
2.2175245804e+02
3.8610878093e+02
2.2140546020e+02
3.8663284080e+02
2.2105791181e+02
3.8715564498e+02
2.2071347328e+02
3.8767598946e+02
2.2036991350e+02
3.8819676002e+02
2.2002715919e+02
3.8871440576e+02
2.1968762339e+02
3.8923160218e+02
2.1934752352e+02
3.8974784727e+02
2.1901577743e+02
3.9026167808e+02
3.9077594213e+02
2.1868758228e+02
3.9128683551e+02
2.1835863751e+02
3.9179698498e+02
2.1802658658e+02
3.9230525037e+02
2.1769395852e+02
3.9280741034e+02
2.1737753371e+02
3.9331000592e+02
2.1706976628e+02
3.9381324742e+02
2.1675973487e+02
3.9431697196e+02
2.1643504432e+02
3.9481940436e+02
2.1610976769e+02
3.9531648156e+02
3.9581400172e+02
2.1579766447e+02
3.9631100876e+02
2.1549395760e+02
3.9680799906e+02
2.1519033437e+02
3.9730339467e+02
2.1489125269e+02
3.9778987519e+02
2.1459159052e+02
3.9827680522e+02
2.1429163601e+02
3.9876670537e+02
2.1399135646e+02
3.9925841853e+02
2.1369163210e+02
3.9974817443e+02
2.1341156184e+02
4.0022251163e+02
4.0069730480e+02
2.1313091408e+02
4.0117365067e+02
2.1284713029e+02
4.0165114369e+02
2.1256052070e+02
4.0212839369e+02
2.1227375078e+02
4.0260033500e+02
2.1198830438e+02
4.0307274113e+02
2.1170223141e+02
4.0354143802e+02
2.1142424789e+02
4.0400737660e+02
2.1115492006e+02
4.0447356717e+02
4.0493890173e+02
2.1088501855e+02
4.0540471419e+02
2.1062410817e+02
4.0585988193e+02
2.1036285240e+02
4.0630545317e+02
2.1010170767e+02
4.0675144349e+02
2.0984089649e+02
4.0720775336e+02
2.0957954226e+02
4.0766454528e+02
2.0932519513e+02
4.0811585574e+02
4.0856130951e+02
2.0907059244e+02
4.0900723367e+02
2.0881670816e+02
4.0943759624e+02
2.0856419752e+02
4.0986790358e+02
2.0831109493e+02
4.1029912097e+02
2.0807194193e+02
4.1073133586e+02
2.0783388632e+02
4.1116400723e+02
2.0759843490e+02
4.1158652538e+02
4.1200879068e+02
2.0736804899e+02
4.1243011296e+02
2.0713705952e+02
4.1284980145e+02
2.0690238402e+02
4.1326996762e+02
2.0666622366e+02
4.1367841263e+02
2.0643812931e+02
4.1408587716e+02
2.0622767917e+02
4.1448717480e+02
2.0601659149e+02
4.1487727862e+02
4.1526785995e+02
2.0580687136e+02
4.1566307630e+02
2.0559686369e+02
4.1605964501e+02
2.0538693679e+02
4.1644964487e+02
2.0517825138e+02
4.1682534646e+02
2.0496891403e+02
4.1720154551e+02
2.0477058644e+02
4.1757633600e+02
2.0457490045e+02
4.1795125565e+02
4.1832241593e+02
2.0438424638e+02
4.1868326130e+02
2.0421087017e+02
4.1904463910e+02
2.0403681072e+02
4.1939079784e+02
2.0385845690e+02
4.1973267416e+02
2.0367777189e+02
4.2007261244e+02
2.0350124792e+02
4.2040532879e+02
2.0334331089e+02
4.2073859146e+02
4.2105535014e+02
2.0318461528e+02
4.2136622885e+02
2.0303802991e+02
4.2167617288e+02
2.0289645333e+02
4.2198074438e+02
2.0275701961e+02
4.2228588387e+02
2.0263205937e+02
4.2257020719e+02
2.0250628229e+02
4.2284535308e+02
4.2311693217e+02
2.0240203334e+02
4.2336745827e+02
2.0230912254e+02
4.2361858897e+02
2.0221865109e+02
4.2385481293e+02
2.0215135408e+02
4.2408324211e+02
2.0208319277e+02
4.2430774141e+02
2.0203753588e+02
4.2449970602e+02
4.2469235020e+02
2.0200577329e+02
4.2485904985e+02
2.0198013351e+02
4.2500917731e+02
2.0203439754e+02
4.2515257608e+02
2.0208763571e+02
4.2521170869e+02
2.0219374025e+02
4.2527162186e+02
2.0234089341e+02
4.2528774499e+02
4.2527011216e+02
2.0248855877e+02
4.2525202300e+02
2.0267211549e+02
4.2520416361e+02
2.0285414059e+02
4.2515745194e+02
2.0409704432e+02
4.2387595217e+02
2.0633654920e+02
4.2144357195e+02
2.0857717905e+02
4.1901057779e+02
