9.6078056853e-04 -4.6640233083e-06
6.8291252044e-04 -1.1214812427e-05
9.8442990280e-04 1.8442139959e-05
2.2518763557e-04 6.0025345581e-06
7.4879178909e-04 2.7136485695e-05
7.3074256990e-04 1.4357235738e-05
2.4501165414e-04 1.3789569798e-05
9.7504962310e-04 4.7096004312e-06
6.6817773312e-04 1.0730184018e-06
9.6722815703e-04 -1.2983653479e-05
9.5588682423e-04 1.0105696911e-05
7.0175756790e-04 -1.5617394067e-05
9.8544678837e-04 3.2053213399e-05
1.9796985321e-04 -2.7918536575e-07
7.6291718361e-04 3.7799395230e-05
7.1724908419e-04 3.1276971464e-06
2.7044599379e-04 2.2133388774e-05
9.7125280534e-04 -8.3791684888e-06
6.4325887065e-04 1.5980856635e-05
9.6747568651e-04 -2.8330338407e-05
9.4336545431e-04 2.5757631567e-05
7.1269083768e-04 -3.0510043456e-05
9.8904479111e-04 4.7933430393e-05
2.0289651707e-04 -7.4252247407e-06
7.7753638775e-04 5.7254413927e-05
7.0308936991e-04 -1.0099643013e-05
2.9133393144e-04 3.0962067686e-05
9.6400161517e-04 -2.2527310277e-05
6.2282145675e-04 2.3713788887e-05
9.6345700810e-04 -3.9363142235e-05
9.3323277154e-04 3.7211150407e-05
7.1805496231e-04 -3.9295442451e-05
9.8764434418e-04 6.0816597827e-05
2.2970967891e-04 -1.5629795617e-05
7.8767243546e-04 6.7532668122e-05
6.9334886188e-04 -9.4814585081e-06
3.1347386425e-04 4.0461061435e-05
9.6018147596e-04 -2.7190344387e-05
6.0262666936e-04 3.9430498065e-05
9.6675826503e-04 -5.4831236615e-05
9.2375883973e-04 5.6010366772e-05
7.3464073734e-04 -5.5128201078e-05
9.8718570464e-04 7.4431338858e-05
2.5522416904e-04 -2.4499931474e-05
7.9507883159e-04 7.5924942118e-05
6.7169265885e-04 -1.8834263832e-05
3.3162499654e-04 4.9118166062e-05
9.4758989901e-04 -3.9275064760e-05
5.7736597344e-04 4.9626773655e-05
9.6593396942e-04 -6.7575400021e-05
9.0930917735e-04 6.8230232464e-05
7.4512550105e-04 -6.5298871500e-05
9.8252469287e-04 8.6734017976e-05
2.7765944825e-04 -3.2326019900e-05
8.0072307702e-04 8.7874594605e-05
6.4704607434e-04 -3.9341572882e-05
3.5002600185e-04 5.6614203632e-05
9.3406629286e-04 -5.9467136303e-05
5.5652213033e-04 5.1540928831e-05
9.6822480879e-04 -8.0472980984e-05
8.9943381657e-04 7.3777277901e-05
7.6177789275e-04 -7.9009697970e-05
9.8088576684e-04 9.9468335376e-05
3.0278385880e-04 -4.1781722085e-05
8.0918194428e-04 1.0067467800e-04
6.2339919411e-04 -4.7960274210e-05
3.6728143549e-04 6.6319027603e-05
9.1820324513e-04 -7.1252218614e-05
5.3072032035e-04 6.1080456924e-05
9.6705234232e-04 -9.4231185111e-05
8.8453852921e-04 8.6596586600e-05
7.7702818213e-04 -9.1921375818e-05
9.7427784481e-04 1.1221702402e-04
3.2742152791e-04 -5.0651478330e-05
8.0995236670e-04 1.1313553873e-04
5.8857274499e-04 -5.5141510159e-05
3.8172993552e-04 7.5645167991e-05
8.9157970170e-04 -8.0665950610e-05
5.0791493512e-04 6.5124571946e-05
9.5992000797e-04 -1.0767316658e-04
8.7248656297e-04 9.3130665094e-05
7.7963366594e-04 -1.1261546869e-04
9.6717392800e-04 1.2371916614e-04
3.4829687027e-04 -6.3047252032e-05
8.1285549642e-04 1.2638799828e-04
5.7685654896e-04 -6.3923852741e-05
3.9851730121e-04 8.6051574021e-05
8.8443521035e-04 -9.3086984150e-05
4.8280882557e-04 7.3972885981e-05
9.5089229142e-04 -1.1742136388e-04
8.5509265004e-04 1.0665209987e-04
7.7921161425e-04 -1.1370645052e-04
9.5711849036e-04 1.3746117469e-04
3.6557427877e-04 -6.9157826258e-05
5.5857232395e-04 -7.1018080079e-05
8.1434163306e-04 1.3767482221e-04
8.7261590725e-04 -1.0225867833e-04
4.1187521935e-04 9.6066278956e-05
9.4213964190e-04 -1.2799103324e-04
4.5500312389e-04 8.5260453489e-05
7.8149080058e-04 -1.2479285487e-04
8.3778191549e-04 1.2278562897e-04
3.8229716635e-04 -7.8362870176e-05
9.4694797930e-04 1.5075390425e-04
5.3519456231e-04 -7.7479101869e-05
8.0605338502e-04 1.4912712671e-04
8.5578809056e-04 -1.1171959497e-04
4.1867410710e-04 1.0587016236e-04
9.3336956125e-04 -1.3866638486e-04
4.2635235969e-04 8.2731459988e-05
7.8428628001e-04 -1.3577304768e-04
8.1961805027e-04 1.1955604314e-04
3.9918131384e-04 -8.8199842479e-05
9.3794185146e-04 1.6348065377e-04
5.1195473363e-04 -8.5681922188e-05
8.1377857815e-04 1.6332815951e-04
8.3821099009e-04 -1.2326740465e-04
4.3367226895e-04 1.1683546162e-04
9.2325992120e-04 -1.4929328370e-04
3.9160225520e-04 9.3539728504e-05
7.8498462186e-04 -1.4352569771e-04
7.9344091400e-04 1.3764374677e-04
4.1367043548e-04 -9.5983069082e-05
9.2447863759e-04 1.7350697461e-04
4.8442722279e-04 -8.9655098114e-05
8.1470959492e-04 1.7545179253e-04
8.1618408141e-04 -1.2936335888e-04
4.4891004389e-04 1.2705714835e-04
9.1348194743e-04 -1.5872970483e-04
3.5998833908e-04 9.8292830227e-05
7.9131498224e-04 -1.5826833104e-04
7.6587361073e-04 1.4758020107e-04
4.3157110383e-04 -1.0774767454e-04
9.1083723824e-04 1.8356271520e-04
4.5865275702e-04 -9.5043154276e-05
8.1124030154e-04 1.8697862077e-04
7.9460771015e-04 -1.3843220456e-04
4.5790996260e-04 1.3695529381e-04
9.0121583069e-04 -1.6836980156e-04
3.2877402046e-04 9.8833617470e-05
7.8923888134e-04 -1.6768570632e-04
7.4334711374e-04 1.5093465303e-04
4.4427313543e-04 -1.1657524789e-04
8.9775580196e-04 1.9329499556e-04
4.3400660004e-04 -9.9366874978e-05
8.0853127841e-04 1.9897575586e-04
7.7345040392e-04 -1.4556484188e-04
4.6702587893e-04 1.4792738140e-04
8.8663911342e-04 -1.7682668711e-04
7.9252470444e-04 -1.7479398786e-04
2.9672222937e-04 1.0496874954e-04
4.6110447077e-04 -1.2480498517e-04
7.1865824044e-04 1.6396060905e-04
4.1193251263e-04 -1.0047793068e-04
8.8202549929e-04 2.0465762471e-04
7.5644802424e-04 -1.4711451630e-04
7.9876025601e-04 2.0888704149e-04
8.7467998725e-04 -1.8447298441e-04
4.7106948871e-04 1.5664529014e-04
7.8112646863e-04 -1.8568440269e-04
2.6651412771e-04 1.0460989628e-04
4.6613622227e-04 -1.3404528166e-04
6.9548551721e-04 1.6475471769e-04
3.9143824374e-04 -1.0622036827e-04
8.6427332048e-04 2.1046283501e-04
7.4162178586e-04 -1.5945443009e-04
7.9378525531e-04 2.1938935683e-04
8.6186880245e-04 -1.9267195630e-04
4.7944660044e-04 1.6724930073e-04
7.6944616946e-04 -1.9259653776e-04
2.3425878772e-04 1.0793598458e-04
4.6962162995e-04 -1.4207886800e-04
6.7045613600e-04 1.7615927135e-04
3.6914020885e-04 -1.0980391887e-04
8.4726763300e-04 2.2195939108e-04
7.2459105339e-04 -1.6547809067e-04
7.7583188063e-04 2.2799687283e-04
8.4796738233e-04 -2.0047110059e-04
4.7320508580e-04 1.7480999025e-04
7.6335456106e-04 -2.0102027842e-04
2.0280099235e-04 1.0364474009e-04
4.7633359754e-04 -1.5031581934e-04
6.5078903967e-04 1.6396191737e-04
3.3822534488e-04 -1.1179804454e-04
8.2976053273e-04 2.2268446593e-04
6.9162297491e-04 -1.7064959038e-04
7.7283872441e-04 2.4032128876e-04
8.2983748184e-04 -2.0607162684e-04
7.6468154016e-04 -2.1138811756e-04
4.8305609529e-04 1.8723906462e-04
4.9112059815e-04 -1.6163706230e-04
1.6459967902e-04 1.0797995879e-04
3.1375514713e-04 -1.1410332524e-04
6.1353067746e-04 1.8246703972e-04
6.6718307869e-04 -1.7809490587e-04
8.0675055915e-04 2.3566409969e-04
8.1290224561e-04 -2.1541383394e-04
7.6585937371e-04 2.4968092536e-04
7.5881220104e-04 -2.1920871397e-04
4.9055909006e-04 1.9682146923e-04
4.9728739585e-04 -1.6926789598e-04
1.3197347397e-04 1.0844758118e-04
2.8782322890e-04 -1.1511388999e-04
5.7789223369e-04 1.9200678980e-04
6.4326933763e-04 -1.8018491517e-04
7.8097340512e-04 2.4466154002e-04
7.9521818753e-04 -2.2073714450e-04
7.5242888007e-04 2.5627037827e-04
7.5232696862e-04 -2.2660503000e-04
4.9089853384e-04 2.0345832229e-04
5.0364890259e-04 -1.7750985597e-04
9.9814720845e-05 1.0576834798e-04
2.6399524840e-04 -1.1712546348e-04
5.5167355681e-04 1.9245461249e-04
6.2450917731e-04 -1.8704118689e-04
7.6072363767e-04 2.4957194434e-04
7.7925856941e-04 -2.2738152981e-04
7.4013823803e-04 2.6495453446e-04
7.3207122510e-04 -2.3125953481e-04
4.9061722601e-04 2.1296114933e-04
4.9527975812e-04 -1.8300821193e-04
2.4196905173e-04 -1.1417860274e-04
6.5796242089e-05 1.0461570762e-04
6.0881458251e-04 -1.7629951909e-04
5.2169213836e-04 1.9881962027e-04
7.6482779161e-04 -2.2538252823e-04
7.3783516167e-04 2.5744741896e-04
7.2582925111e-04 -2.3924933548e-04
7.2410553661e-04 2.7213493835e-04
5.0125539664e-04 -1.9230977000e-04
4.8636837292e-04 2.2034434685e-04
2.1684923142e-04 -1.1463367540e-04
3.3186673715e-05 1.0144028567e-04
5.7986161043e-04 -1.8440299351e-04
4.9572186031e-04 1.9773559286e-04
7.4379430021e-04 -2.3128263078e-04
7.1572545967e-04 2.6022612211e-04
7.1644846186e-04 -2.4391071591e-04
7.0730216355e-04 2.7890209089e-04
5.0448202548e-04 -1.9854528247e-04
4.8295356629e-04 2.2808439370e-04
1.9417390217e-04 -1.1364532324e-04
3.7359624493e-05 1.0575839301e-04
5.5792327768e-04 -1.8938031235e-04
4.6156518618e-04 2.0096243253e-04
7.2548816234e-04 -2.3608118415e-04
6.8718916887e-04 2.6562176309e-04
7.0122182234e-04 -2.4658780146e-04
6.9886734568e-04 2.8236504166e-04
4.9990544099e-04 -2.0251403627e-04
1.7264464579e-04 -1.1306825100e-04
4.9471411243e-04 2.3253466825e-04
5.4985435188e-04 -1.8747142192e-04
5.0994395780e-05 1.1653617039e-04
7.1498503555e-04 -2.4013052675e-04
4.2475155361e-04 1.9291420213e-04
6.8966967970e-04 -2.5378521846e-04
6.5859840038e-04 2.6214931216e-04
5.0040530681e-04 -2.0997200493e-04
6.7754783188e-04 2.9108488991e-04
1.4938138013e-04 -1.1580836052e-04
4.7942938894e-04 2.4223901845e-04
5.1601260132e-04 -1.9767683822e-04
6.1515257534e-05 1.1917189956e-04
6.8876111950e-04 -2.4872703988e-04
4.0750364330e-04 1.9973417707e-04
6.8233892110e-04 -2.6354145952e-04
6.4191575081e-04 2.7100694079e-04
5.0558443135e-04 -2.2241473377e-04
6.5470898608e-04 2.9463627961e-04
1.5119045119e-04 -1.2266478190e-04
4.6783951090e-04 2.4815648211e-04
4.8206489570e-04 -2.0002101505e-04
7.3038687950e-05 1.2792030752e-04
6.6221038730e-04 -2.5109891480e-04
6.6776688307e-04 -2.6573835988e-04
3.7391127629e-04 2.0124225454e-04
5.0196628356e-04 -2.2629963930e-04
6.1359284288e-04 2.7532555831e-04
1.6521112777e-04 -1.2766351788e-04
6.3971718132e-04 3.0048250986e-04
4.6193172986e-04 -1.9322624933e-04
4.6555581375e-04 2.5583399420e-04
6.4423348625e-04 -2.4752746808e-04
8.2750836066e-05 1.3589209145e-04
6.5673556522e-04 -2.6892024276e-04
3.3408110770e-04 1.9889190183e-04
5.0247575175e-04 -2.3229378649e-04
5.7889131619e-04 2.7472704039e-04
1.7773759454e-04 -1.3390447342e-04
6.2210716331e-04 3.0088413519e-04
4.4247647481e-04 -1.9544692028e-04
4.6337974173e-04 2.5833316457e-04
6.2628493980e-04 -2.5075195946e-04
9.3950840256e-05 1.4147290230e-04
6.3595815619e-04 -2.6903555391e-04
3.1100898642e-04 2.0220099582e-04
4.8610161954e-04 -2.3267364338e-04
1.8524438771e-04 -1.4171577830e-04
5.5746648419e-04 2.8227129865e-04
4.3968805943e-04 -1.9481153022e-04
5.9764428901e-04 3.0617342823e-04
6.2146808088e-04 -2.5393471085e-04
4.4373376199e-04 2.6345635115e-04
6.1801799749e-04 -2.7567406735e-04
9.6258477388e-05 1.4906666065e-04
4.7947003691e-04 -2.3848612675e-04
2.9062051072e-04 1.9784964559e-04
1.9420276340e-04 -1.5209982961e-04
5.3949333083e-04 2.8189084982e-04
4.0162120671e-04 -2.0285289418e-04
5.7587675801e-04 3.1408825187e-04
5.8787084127e-04 -2.6152416072e-04
4.3630911971e-04 2.7579661535e-04
6.0844942983e-04 -2.8362547025e-04
1.0354045163e-04 1.6030480625e-04
4.8329808694e-04 -2.5262010656e-04
2.3968869584e-04 1.9218111295e-04
2.0164998267e-04 -1.6263070738e-04
3.7086426481e-04 -2.0173668863e-04
4.8990038203e-04 2.7582248746e-04
5.5997547025e-04 -2.6100047443e-04
5.5667551691e-04 3.0964445626e-04
5.8650977126e-04 -2.8389560076e-04
4.3436704731e-04 2.7172298701e-04
4.6410154982e-04 -2.5289408595e-04
1.1347745597e-04 1.6116310641e-04
2.0466098361e-04 -1.6642494099e-04
2.1994040308e-04 1.9373739401e-04
3.5173190210e-04 -1.8658977575e-04
4.7199793624e-04 2.8182920678e-04
5.4241541929e-04 -2.4564684465e-04
5.3064632613e-04 3.0874622225e-04
5.7616569278e-04 -2.8215839711e-04
4.0335857854e-04 2.6987777269e-04
4.7047943568e-04 -2.5696555132e-04
1.0956506320e-04 1.6280644901e-04
2.1558629575e-04 -1.7202466153e-04
2.1061627387e-04 1.6505440551e-04
3.3417788399e-04 -1.9524782354e-04
5.2453890742e-04 -2.5898623327e-04
4.6595911568e-04 2.5246198085e-04
5.5377328441e-04 -2.8972208539e-04
5.1037437997e-04 3.1431975549e-04
4.5448875976e-04 -2.6682331154e-04
4.0500972914e-04 2.8884536004e-04
2.1623586541e-04 -1.8384222254e-04
1.1705314674e-04 1.7974443752e-04
2.9500355144e-04 -1.9477942016e-04
1.6266129649e-04 1.8305383371e-04
4.8372425308e-04 -2.5649074281e-04
4.1635089740e-04 2.7648750283e-04
5.3615867145e-04 -2.8744283642e-04
4.8574007942e-04 3.1523209683e-04
4.5424058755e-04 -2.6194043325e-04
3.8862793561e-04 2.8744131857e-04
2.2415706749e-04 -1.8658926938e-04
1.1754287251e-04 1.8420515895e-04
2.8109937163e-04 -2.0544701895e-04
4.7056089658e-04 -2.7266486368e-04
1.3586698400e-04 1.8101820150e-04
5.1363698314e-04 -2.9569940279e-04
3.8914559573e-04 2.7584869167e-04
4.3046263208e-04 -2.7305172463e-04
4.6066737974e-04 3.1448929676e-04
2.1648528488e-04 -1.9797496620e-04
3.5931471773e-04 2.8740345979e-04
2.5079568243e-04 -2.0066207356e-04
1.0821924213e-04 1.8795114064e-04
4.3855107715e-04 -2.6526349002e-04
1.1779682290e-04 1.6270108285e-04
4.9083405509e-04 -2.9541558136e-04
3.7369874329e-04 2.5311285009e-04
4.2365692845e-04 -2.7705878071e-04
4.3172589990e-04 3.1484302924e-04
2.1885134037e-04 -2.0438651779e-04
3.5562083481e-04 2.9959768213e-04
2.2229869030e-04 -2.0135700679e-04
4.0767611139e-04 -2.6816333590e-04
1.1534675212e-04 2.0101585363e-04
4.6777499196e-04 -2.9646658899e-04
7.5562278411e-05 1.7229603879e-04
4.1074410729e-04 -2.7494372447e-04
3.2248460816e-04 2.7122782276e-04
2.1862142225e-04 -2.0701072834e-04
4.0467180632e-04 3.1463604736e-04
2.0045611953e-04 -2.0084342544e-04
3.4029585382e-04 2.9240146889e-04
3.8226986230e-04 -2.6883317875e-04
1.1509550547e-04 2.0158304459e-04
4.4202502416e-04 -2.9828622075e-04
5.2993857331e-05 1.7488194721e-04
3.9556080422e-04 -2.7891456685e-04
2.9901869995e-04 2.7840542870e-04
2.1388871536e-04 -2.1630147372e-04
1.7844319572e-04 -2.0918578567e-04
3.7579968698e-04 3.1718637364e-04
3.6203390587e-04 -2.8032726581e-04
3.0055441152e-04 2.9618221010e-04
4.1678438389e-04 -3.0585375686e-04
9.3946410604e-05 2.0820221607e-04
3.6293007714e-04 -2.9069228528e-04
2.6163694015e-05 1.5694758911e-04
1.9525565127e-04 -2.2852177861e-04
2.6980041927e-04 2.4671577879e-04
1.5058928676e-04 -2.0507349206e-04
3.4860656070e-04 3.0872144340e-04
3.3119744585e-04 -2.7124298492e-04
3.1018755743e-04 3.0582767150e-04
3.8717950487e-04 -3.0477247058e-04
1.1081152613e-04 2.2337909742e-04
3.4488924390e-04 -2.9549385992e-04
1.8792422799e-04 -2.3599870695e-04
-1.1133250851e-05 1.7263322049e-04
1.2265187833e-04 -2.0608305371e-04
2.2255316619e-04 2.7879783000e-04
3.0018785402e-04 -2.7443148645e-04
3.0974092316e-04 3.1791943145e-04
3.5793371111e-04 -3.0709055367e-04
2.4934167685e-04 2.9348413762e-04
3.1886292602e-04 -2.9764251481e-04
7.1251241428e-05 2.1513379873e-04
1.7306462571e-04 -2.4185556712e-04
-2.3383899398e-05 1.5717865609e-04
8.8761492542e-05 -2.0597747680e-04
2.1762795882e-04 2.4624056578e-04
2.5462786410e-04 -2.7057849378e-04
3.2019243479e-04 -3.0381684605e-04
2.8074889547e-04 3.0798861646e-04
2.9945155198e-04 -2.8578036681e-04
2.3923009832e-04 3.1727796200e-04
1.6458895078e-04 -2.3632406555e-04
7.3880656661e-05 2.4512195787e-04
6.5375021034e-05 -2.1343924432e-04
-6.8459791300e-05 1.7012762038e-04
2.3523178253e-04 -2.8526918472e-04
1.4993559848e-04 2.7200586653e-04
2.8714666792e-04 -3.1388141876e-04
2.2901412415e-04 3.2097996157e-04
2.5686490626e-04 -3.0689295432e-04
2.1216934665e-04 3.2513966543e-04
1.3196821007e-04 -2.6016862345e-04
2.7698337247e-05 -2.1855003422e-04
5.9713474995e-05 2.6145949309e-04
1.9308844991e-04 -2.8372500693e-04
-1.0891043275e-04 1.8869646775e-04
2.4431204015e-04 -3.1413144767e-04
1.0480620029e-04 2.9394390305e-04
2.1237377885e-04 -3.1143375625e-04
1.7803948443e-04 3.3162733300e-04
9.9972767173e-05 -2.6898300580e-04
1.3720572643e-04 3.2444472130e-04
-7.0074438614e-06 -2.2117234078e-04
9.8726319777e-07 2.6357378199e-04
1.4647525381e-04 -2.7947900413e-04
-1.4603183034e-04 1.8335138017e-04
1.9365537974e-04 -3.1372889736e-04
1.7531426643e-04 -3.1302330869e-04
3.8869942056e-05 2.6992430063e-04
7.2376089444e-05 -2.7511044994e-04
1.1241026364e-04 3.1763223464e-04
-5.2417674533e-05 -2.3226967952e-04
1.1295547215e-04 3.1581943459e-04
1.0526871196e-04 -2.9670631292e-04
-5.4475049851e-06 2.6305656760e-04
1.3544947512e-04 -3.3060522210e-04
-1.9664973866e-04 2.0015611179e-04
1.1552671996e-04 -3.3946132277e-04
-2.0655775418e-05 3.0383991007e-04
2.4040240396e-05 -3.0899683656e-04
3.0652562759e-05 3.4270638170e-04
-1.1933497245e-04 -2.5764032726e-04
2.2431471356e-05 -3.2453439915e-04
3.2198858607e-05 3.3208823110e-04
4.6605370214e-05 -3.5385797388e-04
-7.5858252243e-05 2.8958966943e-04
3.3784086436e-05 -3.5753508816e-04
-2.9369091507e-04 2.3855294176e-04
-5.1579325909e-05 -3.3615192116e-04
-9.5546029522e-05 3.5384052329e-04
-2.1759805024e-04 -2.9969939491e-04
-7.8845368455e-05 3.7941566444e-04
-5.7407071051e-05 -3.7168883744e-04
-1.2286813996e-04 4.0586154926e-04
-7.3521420734e-05 -4.0228771735e-04
-5.7791184539e-05 -4.4371186932e-04
-2.1956630086e-04 4.0584257486e-04
-1.2006197289e-04 -4.5553234801e-04
-4.1824373993e-04 3.2759745412e-04
-4.0448006140e-04 -4.0971116676e-04
-2.5052138482e-04 3.7563492991e-04
-2.1516449820e-04 -5.1529111256e-04
-3.8824079060e-04 2.4306468187e-04
-3.6392243497e-04 -3.1849114035e-04
-1.0682745988e-03 -1.0947774076e-04
-1.2700122051e-03 1.8239334811e-04
-1.3552239363e-03 -3.1854888142e-04
-1.6364542671e-03 4.2863145526e-04
-7.2658678033e-04 -2.2407777998e-04
-6.6352802566e-04 2.3182356410e-04
