2.3515165359e+02
2.3525648763e+02
2.3535710159e+02
2.3545352692e+02
2.3554686424e+02
2.3563651828e+02
2.3572338618e+02
2.3580466669e+02
2.3588490055e+02
2.3596165297e+02
2.3603332044e+02
2.3610384660e+02
2.3617060729e+02
2.3623438841e+02
2.3629450020e+02
2.3635231858e+02
2.3640874477e+02
2.3646045499e+02
2.3650947441e+02
2.3655758550e+02
2.3660103627e+02
2.3664346159e+02
2.3668293635e+02
2.3671977704e+02
2.3675495674e+02
2.3678690529e+02
2.3681568510e+02
2.3684319351e+02
2.3686831672e+02
2.3689188203e+02
2.3691290491e+02
2.3693193254e+02
2.3694891902e+02
2.3696320087e+02
2.3697609176e+02
2.3698610077e+02
2.3699442494e+02
2.3700133866e+02
2.3700520940e+02
2.3700789374e+02
2.3700799752e+02
2.3700599341e+02
2.3700079777e+02
2.3699483708e+02
2.3698864411e+02
2.3697780022e+02
2.3696544161e+02
2.3695106964e+02
2.3693435224e+02
2.3691604242e+02
2.3689316773e+02
2.3687111495e+02
2.3684453550e+02
2.3681693989e+02
2.3678630999e+02
2.3675399933e+02
2.3671878472e+02
2.3667877913e+02
2.3663904474e+02
2.3659405886e+02
2.3654989139e+02
2.3650032450e+02
2.3644588136e+02
2.3639190728e+02
2.3633103068e+02
2.3627057199e+02
2.3620366142e+02
2.3613538306e+02
2.3606183831e+02
2.3598453442e+02
2.3590702417e+02
2.3581892490e+02
2.3573204625e+02
2.3563846755e+02
2.3554170911e+02
2.3543860331e+02
2.3533357829e+02
2.3522597624e+02
2.3510841968e+02
2.3498261856e+02
2.3486399109e+02
2.3473276445e+02
2.3459428486e+02
2.3445404235e+02
2.3431531695e+02
2.3416404960e+02
2.3400804997e+02
2.3385388485e+02
2.3369204938e+02
2.3351413898e+02
2.3336025641e+02
2.3316990650e+02
2.3300751549e+02
2.3283146776e+02
2.3266801492e+02
2.3245832916e+02
2.3241800599e+02
2.3214926545e+02
2.3207020843e+02
2.3391527094e+02
