-2.1886304715e-05 -2.4093040274e-05
2.0260329530e-01 1.2379853311e-03
4.0101221471e-01 4.8799538309e-03
5.9509540809e-01 1.0852117733e-02
7.8466934454e-01 1.9026781639e-02
9.6968198348e-01 2.9386203312e-02
1.1499624730e+00 4.1771532157e-02
1.3254826941e+00 5.6151806823e-02
1.4960806118e+00 7.2362540011e-02
1.6616755694e+00 9.0341345222e-02
1.8221767835e+00 1.1003779231e-01
1.9774384626e+00 1.3126050609e-01
2.1274633368e+00 1.5399520946e-01
2.2721344903e+00 1.7807676083e-01
2.4113470029e+00 2.0342591441e-01
2.5450508806e+00 2.2998971451e-01
2.6732037846e+00 2.5756398652e-01
2.7957039092e+00 2.8613328434e-01
2.9125269428e+00 3.1554761614e-01
3.0235903718e+00 3.4568618742e-01
3.1288973592e+00 3.7651370426e-01
3.2284473707e+00 4.0783550350e-01
3.3221111102e+00 4.3961008927e-01
3.4099186037e+00 4.7170893355e-01
3.4919072302e+00 5.0400329034e-01
3.5679773728e+00 5.3644774126e-01
3.6381811210e+00 5.6885489788e-01
3.7025292545e+00 6.0119497906e-01
3.7610137465e+00 6.3333046930e-01
3.8137364062e+00 6.6515160124e-01
3.8606252849e+00 6.9660461779e-01
3.9017199687e+00 7.2753023138e-01
3.9371682840e+00 7.5785912596e-01
3.9669482279e+00 7.8753204064e-01
3.9911193942e+00 8.1640897183e-01
4.0097827190e+00 8.4438487130e-01
4.0229671074e+00 8.7145121894e-01
4.0308371845e+00 8.9746426080e-01
4.0333583181e+00 9.2234885528e-01
4.0307136912e+00 9.4603195985e-01
4.0230223337e+00 9.6845693664e-01
4.0103155513e+00 9.8954446444e-01
3.9927781965e+00 1.0091875341e+00
3.9704369407e+00 1.0273815551e+00
3.9435549626e+00 1.0440624390e+00
3.9121637979e+00 1.0591338115e+00
3.8763587628e+00 1.0725649256e+00
3.8364260273e+00 1.0843206475e+00
3.7923946957e+00 1.0943782233e+00
3.7444442680e+00 1.1026551394e+00
3.6927680904e+00 1.1091293916e+00
3.6374109496e+00 1.1137967886e+00
3.5786834819e+00 1.1166533343e+00
3.5166318441e+00 1.1176279776e+00
3.4514450688e+00 1.1167290698e+00
3.3833611596e+00 1.1139767599e+00
3.3124296891e+00 1.1093479634e+00
3.2389680346e+00 1.1028346857e+00
3.1630113962e+00 1.0944483121e+00
3.0848037930e+00 1.0842406438e+00
3.0045220691e+00 1.0722223422e+00
2.9222579842e+00 1.0583503880e+00
2.8383158828e+00 1.0427293741e+00
2.7527719614e+00 1.0253798189e+00
2.6658121733e+00 1.0063310438e+00
2.5776751702e+00 9.8562920945e-01
2.4884163034e+00 9.6329821439e-01
2.3983084235e+00 9.3947479413e-01
2.3074833642e+00 9.1415987972e-01
2.2160791589e+00 8.8739036370e-01
2.1243485831e+00 8.5930572955e-01
2.0323015154e+00 8.2992712270e-01
1.9402353636e+00 7.9939238550e-01
1.8482689598e+00 7.6772457256e-01
1.7565492462e+00 7.3505067211e-01
1.6652251122e+00 7.0149503693e-01
1.5744546080e+00 6.6708331042e-01
1.4844642410e+00 6.3198562153e-01
1.3953115540e+00 5.9627357157e-01
1.3071647134e+00 5.6008643073e-01
1.2201967115e+00 5.2360106906e-01
1.1345278215e+00 4.8682268851e-01
1.0503378716e+00 4.4997146341e-01
9.6780302518e-01 4.1321719381e-01
8.8697107110e-01 3.7658129602e-01
8.0813164198e-01 3.4034398163e-01
7.3135766167e-01 3.0463200585e-01
6.5681617991e-01 2.6963189819e-01
5.8463923833e-01 2.3558021474e-01
5.1508854790e-01 2.0255903021e-01
4.4832091807e-01 1.7092541660e-01
3.8443197473e-01 1.4080982719e-01
3.2370426093e-01 1.1247311588e-01
2.6631831190e-01 8.6437820226e-02
2.1226653239e-01 6.2793034677e-02
1.6215403918e-01 4.2215706983e-02
1.1588133818e-01 2.4896903348e-02
7.3551842785e-02 1.1505916743e-02
3.4643995850e-02 3.1175361897e-03
-4.0839307714e-05 -1.8923332745e-05
