6.1845736268e-06 6.0910811198e-09
3.0864067755e-01 -1.5106424105e-05
6.1056214155e-01 -6.6594651020e-05
9.0578702128e-01 -1.5553904261e-04
1.1944098376e+00 -2.7981635497e-04
1.4764390129e+00 -4.6397439804e-04
1.7519293111e+00 -6.9961865891e-04
2.0209122053e+00 -9.8935632183e-04
2.2834496188e+00 -1.3340621452e-03
2.5395385974e+00 -1.7454942142e-03
2.7892519781e+00 -2.2266888808e-03
3.0326173352e+00 -2.7845300978e-03
3.2696533315e+00 -3.4061566830e-03
3.5004105128e+00 -4.1068692581e-03
3.7249071742e+00 -4.8886116856e-03
3.9431825580e+00 -5.7529692968e-03
4.1552681954e+00 -6.7005372851e-03
4.3611806229e+00 -7.7291675415e-03
4.5609388839e+00 -8.8449597504e-03
4.7545959591e+00 -1.0046955916e-02
4.9421574724e+00 -1.1334076108e-02
5.1236619974e+00 -1.2707415212e-02
5.2991120195e+00 -1.4168079788e-02
5.4685357340e+00 -1.5713756457e-02
5.6319616060e+00 -1.7343782580e-02
5.7894045920e+00 -1.9057317944e-02
5.9408721773e+00 -2.0850642576e-02
6.0863849822e+00 -2.2723253379e-02
6.2259589418e+00 -2.4671049086e-02
6.3596023164e+00 -2.6695598724e-02
6.4873455074e+00 -2.8787054048e-02
6.6091822813e+00 -3.0944419421e-02
6.7251317401e+00 -3.3163576305e-02
6.8351784104e+00 -3.5444408244e-02
6.9393714614e+00 -3.7778185551e-02
7.0376720779e+00 -4.0161953626e-02
7.1301181238e+00 -4.2590017043e-02
7.2167038982e+00 -4.5057037885e-02
7.2974172665e+00 -4.7556224288e-02
7.3722638586e+00 -5.0084038576e-02
7.4412396481e+00 -5.2632960804e-02
7.5043448015e+00 -5.5196403839e-02
7.5615845502e+00 -5.7770593339e-02
7.6129317763e+00 -6.0351850568e-02
7.6583853374e+00 -6.2924514298e-02
7.6979261295e+00 -6.5484319206e-02
7.7315562196e+00 -6.8026448335e-02
7.7592906062e+00 -7.0548828679e-02
7.7810542494e+00 -7.3036104781e-02
7.7968699825e+00 -7.5478426935e-02
7.8066911823e+00 -7.7872496647e-02
7.8105321637e+00 -8.0215188739e-02
7.8083467384e+00 -8.2492646181e-02
7.8000970275e+00 -8.4697975522e-02
7.7858132391e+00 -8.6830075928e-02
7.7652577578e+00 -8.8875484758e-02
7.7388433004e+00 -9.0812335828e-02
7.7062136979e+00 -9.2646268373e-02
7.6672353086e+00 -9.4393534264e-02
7.6221280354e+00 -9.6025352320e-02
7.5707279722e+00 -9.7517356806e-02
7.5130133406e+00 -9.8878232601e-02
7.4489465275e+00 -1.0010202769e-01
7.3784799532e+00 -1.0118017493e-01
7.3015691585e+00 -1.0210932978e-01
7.2181765738e+00 -1.0286815725e-01
7.1282613339e+00 -1.0346357933e-01
7.0317132750e+00 -1.0388915115e-01
6.9285309317e+00 -1.0413729822e-01
6.8186687439e+00 -1.0419237520e-01
6.7020143867e+00 -1.0405631012e-01
6.5785469323e+00 -1.0372643275e-01
6.4481955469e+00 -1.0319067594e-01
6.3108707976e+00 -1.0244977820e-01
6.1665311067e+00 -1.0149423724e-01
6.0151001600e+00 -1.0032132647e-01
5.8564933221e+00 -9.8931128175e-02
5.6906531478e+00 -9.7310045266e-02
5.5174805290e+00 -9.5463393654e-02
5.3368950247e+00 -9.3384478028e-02
5.1488431221e+00 -9.1066753108e-02
4.9531954994e+00 -8.8515642066e-02
4.7498888746e+00 -8.5723239780e-02
4.5388281816e+00 -8.2687299900e-02
4.3199075165e+00 -7.9409423333e-02
4.0930359926e+00 -7.5883875505e-02
3.8581082055e+00 -7.2114789379e-02
3.6150216952e+00 -6.8094621888e-02
3.3636569311e+00 -6.3827893620e-02
3.1039192067e+00 -5.9309592380e-02
2.8356870845e+00 -5.4540889075e-02
2.5588248358e+00 -4.9524850908e-02
2.2732182254e+00 -4.4259541166e-02
1.9787414131e+00 -3.8743021093e-02
1.6752601095e+00 -3.2972986472e-02
1.3626330801e+00 -2.6956627741e-02
1.0407111350e+00 -2.0686372894e-02
7.0932382496e-01 -1.4165071225e-02
3.6836327075e-01 -7.3839457954e-03
1.8237129321e-02 -3.6671856058e-04
