3.1563090071e+02
3.1563090071e+02
3.1562592844e+02
3.1562095617e+02
3.1561544360e+02
3.1560968655e+02
3.1560378148e+02
3.1559669410e+02
3.1558835399e+02
3.1558002671e+02
3.1557171031e+02
3.1556335429e+02
3.1555421810e+02
3.1554516228e+02
3.1553437583e+02
3.1552007878e+02
3.1550291439e+02
3.1548799765e+02
3.1547358307e+02
3.1546008776e+02
3.1544312566e+02
3.1542556906e+02
3.1540698931e+02
3.1538746891e+02
3.1536691942e+02
3.1534375106e+02
3.1531929687e+02
3.1529322564e+02
3.1526515854e+02
3.1523566547e+02
3.1520798345e+02
3.1517374669e+02
3.1513907708e+02
3.1510477157e+02
3.1506995896e+02
3.1503202715e+02
3.1499274144e+02
3.1495141634e+02
3.1490889382e+02
3.1486466237e+02
3.1481874906e+02
3.1477152260e+02
3.1472279279e+02
3.1467344900e+02
3.1462173231e+02
3.1456927527e+02
3.1451577061e+02
3.1446166616e+02
3.1440547486e+02
3.1434784523e+02
3.1428952997e+02
3.1423013514e+02
3.1417005903e+02
3.1411036590e+02
3.1404863213e+02
3.1398733283e+02
3.1392566005e+02
3.1386352148e+02
3.1380161855e+02
3.1373895086e+02
3.1367679358e+02
3.1361509137e+02
3.1355351442e+02
3.1349262793e+02
3.1343426363e+02
3.1337415950e+02
3.1331400309e+02
3.1325172645e+02
3.1317017251e+02
3.1314192783e+02
3.1309224099e+02
3.1303991555e+02
3.1298463514e+02
3.1294078132e+02
3.1289472226e+02
3.1285059958e+02
3.1280930837e+02
3.1277108862e+02
3.1273546859e+02
3.1270352342e+02
3.1267202659e+02
3.1264341171e+02
3.1261976189e+02
3.1259662591e+02
3.1258019547e+02
3.1256559218e+02
3.1255359303e+02
3.1254557746e+02
3.1253820607e+02
3.1253829390e+02
3.1253852260e+02
3.1254383728e+02
3.1255023476e+02
3.1256004845e+02
3.1257470382e+02
3.1258907145e+02
3.1260246509e+02
3.1262176716e+02
3.1264346324e+02
3.1265681596e+02
3.1268415718e+02
