6.7588224928e-07 1.2178815057e-08
2.8576680912e-02 -1.1795881779e-05
5.6633641533e-02 -4.2242843318e-05
8.4171557744e-02 -9.1328705801e-05
1.1119042955e-01 -1.5905346923e-04
1.3769025694e-01 -2.4541713360e-04
1.6367103992e-01 -3.5041969892e-04
1.8913277850e-01 -4.7406116518e-04
2.1408261997e-01 -6.1649630818e-04
2.3853240505e-01 -7.7283482963e-04
2.6247866318e-01 -9.4124237826e-04
2.8592139435e-01 -1.1217189541e-03
3.0886124570e-01 -1.3178805585e-03
3.3130275044e-01 -1.5311349973e-03
3.5324591733e-01 -1.7614772110e-03
3.7468956227e-01 -2.0059892895e-03
3.9564124415e-01 -2.2609281990e-03
4.1610328280e-01 -2.5268961829e-03
4.3607567821e-01 -2.8038932412e-03
4.5555843038e-01 -3.0919193739e-03
4.7455153931e-01 -3.3909745809e-03
4.9305598283e-01 -3.7016607868e-03
5.1107980947e-01 -4.0221621981e-03
5.2862086174e-01 -4.3516729844e-03
5.4567908234e-01 -4.6900879414e-03
5.6225447128e-01 -5.0374070694e-03
5.7834779903e-01 -5.3934928719e-03
5.9396356916e-01 -5.7570338622e-03
6.0910248170e-01 -6.1277118452e-03
6.2376453668e-01 -6.5055268209e-03
6.3794973408e-01 -6.8904787893e-03
6.5165893784e-01 -7.2824775705e-03
6.6489373951e-01 -7.6795195971e-03
6.7765435689e-01 -8.0812873683e-03
6.8994078997e-01 -8.4877808840e-03
7.0175303876e-01 -8.8990001443e-03
7.1309145165e-01 -9.3149398344e-03
7.2395875659e-01 -9.7344041035e-03
7.3435388312e-01 -1.0156562475e-02
7.4427683124e-01 -1.0581414949e-02
7.5372760096e-01 -1.1008961525e-02
7.6270619227e-01 -1.1439202204e-02
7.7121272640e-01 -1.1871858185e-02
7.7924704757e-01 -1.2304580317e-02
7.8680862839e-01 -1.2737277575e-02
7.9389746886e-01 -1.3169949962e-02
8.0051356897e-01 -1.3602597476e-02
8.0665694131e-01 -1.4035223244e-02
8.1232697906e-01 -1.4466684397e-02
8.1752192278e-01 -1.4895590954e-02
8.2224177246e-01 -1.5321942914e-02
8.2648652811e-01 -1.5745740278e-02
8.3025509373e-01 -1.6167518777e-02
8.3354790271e-01 -1.6585859251e-02
8.3636102760e-01 -1.6999263589e-02
8.3869428172e-01 -1.7407961478e-02
8.4054856017e-01 -1.7811156065e-02
8.4192382771e-01 -1.8208787604e-02
8.4281740828e-01 -1.8601018617e-02
8.4322558752e-01 -1.8985118626e-02
8.4314865298e-01 -1.9360331323e-02
8.4258492400e-01 -1.9728083938e-02
8.4153431635e-01 -2.0088659353e-02
8.3999605011e-01 -2.0440381332e-02
8.3796502258e-01 -2.0780165312e-02
8.3544076551e-01 -2.1107952102e-02
8.3242311527e-01 -2.1423796809e-02
8.2890706136e-01 -2.1729924780e-02
8.2489566671e-01 -2.2024669492e-02
8.2038166079e-01 -2.2304564420e-02
8.1536096757e-01 -2.2570132037e-02
8.0983489629e-01 -2.2820615036e-02
8.0380551563e-01 -2.3054417963e-02
7.9726984084e-01 -2.3272632831e-02
7.9021691223e-01 -2.3472458521e-02
7.8264617103e-01 -2.3651733547e-02
7.7455779413e-01 -2.3812320535e-02
7.6595172153e-01 -2.3955132524e-02
7.5682344670e-01 -2.4075381863e-02
7.4716223967e-01 -2.4173933920e-02
7.3696954430e-01 -2.4249297356e-02
7.2624780519e-01 -2.4299461148e-02
7.1499219370e-01 -2.4325568219e-02
7.0319111777e-01 -2.4323375081e-02
6.9084410957e-01 -2.4291773379e-02
6.7795056547e-01 -2.4233603691e-02
6.6450963993e-01 -2.4145669350e-02
6.5050646324e-01 -2.4026099714e-02
6.3594273911e-01 -2.3873390862e-02
6.2081945543e-01 -2.3686359522e-02
6.0512977287e-01 -2.3464338922e-02
5.8886260268e-01 -2.3202719022e-02
5.7201670716e-01 -2.2903226408e-02
5.5458765405e-01 -2.2566401467e-02
5.3657411030e-01 -2.2185967980e-02
5.1797315115e-01 -2.1761519862e-02
4.9876813986e-01 -2.1290186473e-02
4.7895846178e-01 -2.0771823935e-02
4.5854382280e-01 -2.0206281402e-02
4.3751293554e-01 -1.9588606612e-02
