3.7729655408e-01 -1.3054444389e-01
3.9097117508e-01 -1.4215201670e-01
4.0450418533e-01 -1.5348189198e-01
4.1789384936e-01 -1.6453280942e-01
4.3110025802e-01 -1.7539174743e-01
4.4419556311e-01 -1.8605058111e-01
4.5721365565e-01 -1.9646235026e-01
4.7015239355e-01 -2.0662575002e-01
4.8291676541e-01 -2.1646970711e-01
4.9556932822e-01 -2.2601984811e-01
5.0804799695e-01 -2.3532849797e-01
5.2039780385e-01 -2.4439382433e-01
5.3259292074e-01 -2.5319361642e-01
5.4463107270e-01 -2.6175546231e-01
5.5656426035e-01 -2.7020708260e-01
5.6841893109e-01 -2.7846618782e-01
5.8013101981e-01 -2.8652467302e-01
5.9169515032e-01 -2.9437179852e-01
6.0319075845e-01 -3.0203021471e-01
6.1461183680e-01 -3.0953830143e-01
6.2590015460e-01 -3.1685581082e-01
6.3704636227e-01 -3.2403390963e-01
6.4811960109e-01 -3.3111114485e-01
6.5913651625e-01 -3.3806022387e-01
6.7010292757e-01 -3.4487842084e-01
6.8098611410e-01 -3.5159119307e-01
6.9179010610e-01 -3.5817975756e-01
7.0249449883e-01 -3.6464886190e-01
7.1309627044e-01 -3.7099669446e-01
7.2363266084e-01 -3.7719553212e-01
7.3415562760e-01 -3.8331425802e-01
7.4466218397e-01 -3.8935709214e-01
7.5510972188e-01 -3.9527841773e-01
7.6547802149e-01 -4.0114208098e-01
7.7582253383e-01 -4.0693080362e-01
7.8610764971e-01 -4.1262073260e-01
7.9632354745e-01 -4.1822691767e-01
8.0646684297e-01 -4.2374633391e-01
8.1657446638e-01 -4.2916578202e-01
8.2668298692e-01 -4.3451524364e-01
8.3678894586e-01 -4.3979302650e-01
8.4688478167e-01 -4.4499143270e-01
8.5693651031e-01 -4.5015582897e-01
8.6695133016e-01 -4.5524708509e-01
8.7693249301e-01 -4.6025850388e-01
8.8687657116e-01 -4.6518840931e-01
8.9677443619e-01 -4.7005214026e-01
9.0666834711e-01 -4.7486815097e-01
9.1656952480e-01 -4.7962983189e-01
9.2647431835e-01 -4.8433552328e-01
9.3638888884e-01 -4.8896405559e-01
9.4628882118e-01 -4.9359403066e-01
9.5614813419e-01 -4.9812775145e-01
9.6599541952e-01 -5.0260354648e-01
9.7582696579e-01 -5.0701977950e-01
9.8563833085e-01 -5.1137516293e-01
9.9543222828e-01 -5.1568755561e-01
1.0052493940e+00 -5.1995360585e-01
1.0150859100e+00 -5.2417172490e-01
1.0249378302e+00 -5.2834030816e-01
1.0348129837e+00 -5.3245203479e-01
1.0446788981e+00 -5.3655304841e-01
1.0545304295e+00 -5.4057907811e-01
1.0643782107e+00 -5.4455221212e-01
1.0742182158e+00 -5.4847085795e-01
1.0840421567e+00 -5.5234102441e-01
1.0938864901e+00 -5.5617670601e-01
1.1037676092e+00 -5.5997250172e-01
1.1136812522e+00 -5.6372687312e-01
1.1236223233e+00 -5.6742760138e-01
1.1335898615e+00 -5.7111022462e-01
1.1435266303e+00 -5.7472177333e-01
1.1534807508e+00 -5.7829417604e-01
1.1634479034e+00 -5.8182593148e-01
1.1734237374e+00 -5.8531552239e-01
1.1834167815e+00 -5.8877691473e-01
1.1934501418e+00 -5.9219809918e-01
1.2035205373e+00 -5.9557484899e-01
1.2136088087e+00 -5.9891806261e-01
1.2236976598e+00 -6.0220437057e-01
1.2338178998e+00 -6.0542945929e-01
1.2439852509e+00 -6.0863191755e-01
1.2541640771e+00 -6.1179501753e-01
1.2643422702e+00 -6.1490588175e-01
1.2745369617e+00 -6.1798717106e-01
1.2848010284e+00 -6.2105676182e-01
1.2951012363e+00 -6.2406724892e-01
1.3054111311e+00 -6.2702596598e-01
1.3157477393e+00 -6.2995491266e-01
1.3260918572e+00 -6.3283925110e-01
1.3364809275e+00 -6.3568478064e-01
1.3469229843e+00 -6.3849638947e-01
1.3574111213e+00 -6.4126723278e-01
1.3679313609e+00 -6.4400058085e-01
1.3784930232e+00 -6.4669551694e-01
1.3890759442e+00 -6.4934517293e-01
1.3996763394e+00 -6.5195411651e-01
1.4102882845e+00 -6.5452011701e-01
1.4209303207e+00 -6.5703438772e-01
1.4316354972e+00 -6.5951482198e-01
1.4423982780e+00 -6.6196018071e-01
1.4532130878e+00 -6.6436920681e-01
1.4640721798e+00 -6.6674017664e-01
1.4749622097e+00 -6.6906825852e-01
1.4858802558e+00 -6.7135056325e-01
1.4968207156e+00 -6.7358593452e-01
1.5077779462e+00 -6.7577319761e-01
1.5187825227e+00 -6.7793813341e-01
1.5298515638e+00 -6.8005862222e-01
1.5409782339e+00 -6.8213099881e-01
1.5521547766e+00 -6.8416983876e-01
1.5633514814e+00 -6.8615867815e-01
1.5745853413e+00 -6.8808177733e-01
1.5858897000e+00 -6.8997914042e-01
1.5972233498e+00 -6.9182682618e-01
1.6085761452e+00 -6.9361948959e-01
1.6199633982e+00 -6.9539175871e-01
1.6314209350e+00 -6.9712946561e-01
1.6429417472e+00 -6.9881175905e-01
1.6544968914e+00 -7.0044061087e-01
1.6660877764e+00 -7.0203118267e-01
1.6776883211e+00 -7.0355698919e-01
1.6893484599e+00 -7.0502983042e-01
1.7010833761e+00 -7.0646384122e-01
1.7128654535e+00 -7.0784196564e-01
1.7246583302e+00 -7.0915850736e-01
1.7365272673e+00 -7.1048001001e-01
1.7484633969e+00 -7.1174645634e-01
1.7603917421e+00 -7.1292288816e-01
1.7723634231e+00 -7.1406117243e-01
1.7843715522e+00 -7.1516058375e-01
1.7964229623e+00 -7.1621727435e-01
1.8085356709e+00 -7.1721060401e-01
1.8207026764e+00 -7.1813756468e-01
1.8329253304e+00 -7.1901032686e-01
1.8451801779e+00 -7.1984088960e-01
1.8574288522e+00 -7.2059339560e-01
1.8697567888e+00 -7.2130214134e-01
1.8821341111e+00 -7.2195696891e-01
1.8945286420e+00 -7.2254853951e-01
1.9069729373e+00 -7.2310686708e-01
1.9194825747e+00 -7.2360643475e-01
1.9320354973e+00 -7.2403182646e-01
1.9446113913e+00 -7.2440643410e-01
1.9572022552e+00 -7.2473275087e-01
1.9697936492e+00 -7.2496679690e-01
1.9824510205e+00 -7.2514009701e-01
1.9951690930e+00 -7.2525503618e-01
2.0079400164e+00 -7.2531146072e-01
2.0207089564e+00 -7.2527544274e-01
2.0335854399e+00 -7.2522814476e-01
2.0464483758e+00 -7.2508606692e-01
2.0593293332e+00 -7.2488082030e-01
2.0722205698e+00 -7.2461242684e-01
2.0851184637e+00 -7.2428326552e-01
2.0980741914e+00 -7.2389885123e-01
2.1110731177e+00 -7.2343332016e-01
2.1241158958e+00 -7.2289308446e-01
2.1372190956e+00 -7.2232428744e-01
2.1502925630e+00 -7.2166695879e-01
2.1633773001e+00 -7.2089200550e-01
2.1765237110e+00 -7.2004362030e-01
2.1896745367e+00 -7.1911910147e-01
2.2027974761e+00 -7.1811073151e-01
2.2160228424e+00 -7.1708706810e-01
2.2292622019e+00 -7.1596904537e-01
2.2424788708e+00 -7.1476425277e-01
2.2556991603e+00 -7.1349243416e-01
2.2689189972e+00 -7.1215562378e-01
2.2821648354e+00 -7.1073769080e-01
2.2954343188e+00 -7.0922668189e-01
2.3087190333e+00 -7.0762343488e-01
2.3220640680e+00 -7.0596642439e-01
2.3353241234e+00 -7.0417669814e-01
2.3486307271e+00 -7.0230837999e-01
2.3619424407e+00 -7.0037597560e-01
2.3752218974e+00 -6.9836785943e-01
2.3884687602e+00 -6.9628934412e-01
2.4018005324e+00 -6.9415926287e-01
2.4151063986e+00 -6.9189189090e-01
2.4283548476e+00 -6.8952595875e-01
2.4416300968e+00 -6.8709087551e-01
2.4549232058e+00 -6.8458781719e-01
2.4682028481e+00 -6.8197281399e-01
2.4814305328e+00 -6.7927275954e-01
2.4946568229e+00 -6.7650474537e-01
2.5078707722e+00 -6.7362977226e-01
2.5210658229e+00 -6.7065982151e-01
2.5342393231e+00 -6.6762233713e-01
2.5473341651e+00 -6.6447206294e-01
2.5604242514e+00 -6.6122086423e-01
2.5735011530e+00 -6.5787084380e-01
2.5865558443e+00 -6.5442385859e-01
2.5995814377e+00 -6.5086773266e-01
2.6125694404e+00 -6.4721312928e-01
2.6255051412e+00 -6.4347625313e-01
2.6383799546e+00 -6.3965911660e-01
2.6511851802e+00 -6.3576370179e-01
2.6639741444e+00 -6.3179737682e-01
2.6767343877e+00 -6.2771058918e-01
2.6894242975e+00 -6.2349075941e-01
2.7020497908e+00 -6.1915781455e-01
2.7146549787e+00 -6.1475931070e-01
2.7272101539e+00 -6.1029541530e-01
2.7396528886e+00 -6.0572167563e-01
2.7520305377e+00 -6.0102661255e-01
2.7643344803e+00 -5.9621294065e-01
2.7765966909e+00 -5.9128447352e-01
2.7888425181e+00 -5.8628358826e-01
2.8009147262e+00 -5.8119081038e-01
2.8129290386e+00 -5.7598667995e-01
2.8248766774e+00 -5.7067435293e-01
2.8367225639e+00 -5.6525941765e-01
2.8485235745e+00 -5.5974865691e-01
2.8601808963e+00 -5.5412352668e-01
2.8717518011e+00 -5.4840862117e-01
2.8832281187e+00 -5.4260718200e-01
2.8946015369e+00 -5.3672242346e-01
2.9059168455e+00 -5.3074583768e-01
2.9171244534e+00 -5.2463925311e-01
2.9281876639e+00 -5.1840427075e-01
2.9391555024e+00 -5.1209179519e-01
2.9500312394e+00 -5.0571774528e-01
2.9607488875e+00 -4.9925293791e-01
2.9713394164e+00 -4.9266219327e-01
2.9818016810e+00 -4.8594960603e-01
2.9921276019e+00 -4.7911909913e-01
3.0024281192e+00 -4.7215749871e-01
3.0124797934e+00 -4.6515983642e-01
3.0224234436e+00 -4.5805772728e-01
3.0322492640e+00 -4.5085929847e-01
3.0419154946e+00 -4.4357984413e-01
3.0514552820e+00 -4.3620374768e-01
3.0608503702e+00 -4.2871089263e-01
3.0700897878e+00 -4.2113057738e-01
3.0791639068e+00 -4.1347561581e-01
3.0880763051e+00 -4.0570871499e-01
3.0968389154e+00 -3.9783776518e-01
3.1054081261e+00 -3.8988649291e-01
3.1138626273e+00 -3.8183564974e-01
3.1221207193e+00 -3.7368581655e-01
3.1301788344e+00 -3.6547341767e-01
3.1380844883e+00 -3.5718349549e-01
3.1458308528e+00 -3.4882090046e-01
3.1534550455e+00 -3.4035947165e-01
3.1608510644e+00 -3.3178008801e-01
3.1679953196e+00 -3.2310890869e-01
3.1749878407e+00 -3.1438276916e-01
3.1818313768e+00 -3.0560775584e-01
3.1884764098e+00 -2.9675838709e-01
3.1948728098e+00 -2.8780428787e-01
3.2010149569e+00 -2.7875070026e-01
3.2070064938e+00 -2.6958690411e-01
3.2129177940e+00 -2.6036563257e-01
3.2185843394e+00 -2.5112640562e-01
3.2239811861e+00 -2.4181616933e-01
3.2291395823e+00 -2.3242522613e-01
3.2340540127e+00 -2.2295925187e-01
3.2387907464e+00 -2.1335614228e-01
3.2433490898e+00 -2.0375102765e-01
3.2476588009e+00 -1.9410233320e-01
3.2517309711e+00 -1.8438341018e-01
3.2555608914e+00 -1.7460035378e-01
3.2591436419e+00 -1.6475925986e-01
3.2625468867e+00 -1.5480250304e-01
3.2657166211e+00 -1.4487139054e-01
3.2686454416e+00 -1.3487136082e-01
3.2713295113e+00 -1.2480894881e-01
3.2737647764e+00 -1.1469069759e-01
3.2759364327e+00 -1.0453754523e-01
3.2778783901e+00 -9.4328122025e-02
3.2795865235e+00 -8.4096411456e-02
3.2810524455e+00 -7.3820904118e-02
3.2822730985e+00 -6.3507723434e-02
3.2832452147e+00 -5.3163007583e-02
3.2839705625e+00 -4.2752705815e-02
3.2844134711e+00 -3.2328150694e-02
3.2846111981e+00 -2.1894151210e-02
3.2845653573e+00 -1.1430863884e-02
3.2842736211e+00 -9.4469584687e-04
3.2837334468e+00 9.5579233459e-03
3.2829132940e+00 2.0151725790e-02
3.2818087425e+00 3.0688230019e-02
3.2804601352e+00 4.1245096767e-02
3.2788660983e+00 5.1815707818e-02
3.2770250414e+00 6.2393414707e-02
3.2749157638e+00 7.3039914006e-02
3.2724977650e+00 8.3637796809e-02
3.2698298963e+00 9.4229081780e-02
3.2669110081e+00 1.0482451548e-01
3.2637404942e+00 1.1541730295e-01
3.2603173807e+00 1.2600145959e-01
3.2565754887e+00 1.3663644767e-01
3.2525742371e+00 1.4719436462e-01
3.2483206419e+00 1.5774754613e-01
3.2438151138e+00 1.6828909364e-01
3.2390578457e+00 1.7881206223e-01
3.2340061352e+00 1.8936582652e-01
3.2286609400e+00 1.9984161585e-01
3.2230734850e+00 2.1028146605e-01
3.2172341497e+00 2.2070317947e-01
3.2111441362e+00 2.3109975515e-01
3.2048017947e+00 2.4146694266e-01
3.1981096206e+00 2.5183107138e-01
3.1912036612e+00 2.6209455512e-01
3.1840419150e+00 2.7232790759e-01
3.1766266125e+00 2.8252412951e-01
3.1689597706e+00 2.9267615883e-01
3.1609939932e+00 3.0282049433e-01
3.1528167975e+00 3.1286146472e-01
3.1443665755e+00 3.2285976348e-01
3.1356482357e+00 3.3280599616e-01
3.1266761324e+00 3.4268075783e-01
3.1174494863e+00 3.5248063061e-01
3.1079807428e+00 3.6225343231e-01
3.0983004159e+00 3.7192698657e-01
3.0883514587e+00 3.8153371386e-01
3.0781386855e+00 3.9106606027e-01
3.0676666984e+00 4.0051638318e-01
3.0569189584e+00 4.0990211897e-01
3.0459814384e+00 4.1924736752e-01
3.0348353579e+00 4.2847834271e-01
3.0234404707e+00 4.3761268615e-01
3.0118026900e+00 4.4664292434e-01
2.9998955602e+00 4.5557550074e-01
2.9876958300e+00 4.6448452575e-01
2.9754238758e+00 4.7327679712e-01
2.9629055436e+00 4.8195041184e-01
2.9501342457e+00 4.9050251848e-01
2.9371087314e+00 4.9893141117e-01
2.9238510115e+00 5.0729364714e-01
2.9104396169e+00 5.1558433968e-01
2.8968425674e+00 5.2376626548e-01
2.8829841179e+00 5.3180792395e-01
2.8688948828e+00 5.3970041233e-01
2.8546647772e+00 5.4748134438e-01
2.8402445295e+00 5.5518092328e-01
2.8256426850e+00 5.6279230638e-01
2.8107728164e+00 5.7029526350e-01
2.7957122591e+00 5.7763444232e-01
2.7805290765e+00 5.8485097450e-01
2.7651521005e+00 5.9195701654e-01
2.7495903541e+00 5.9894620782e-01
2.7338527014e+00 6.0581207515e-01
2.7179586562e+00 6.1254579190e-01
2.7018997307e+00 6.1914723625e-01
2.6856663357e+00 6.2561472578e-01
2.6692695934e+00 6.3194184897e-01
2.6527204830e+00 6.3812206453e-01
2.6360211663e+00 6.4414983177e-01
2.6190789436e+00 6.5008051621e-01
2.6020969987e+00 6.5589804402e-01
2.5849766406e+00 6.6155354973e-01
2.5677122123e+00 6.6704156332e-01
2.5503122934e+00 6.7235521777e-01
2.5327351650e+00 6.7752331269e-01
2.5150756613e+00 6.8260473625e-01
2.4973165483e+00 6.8756818278e-01
2.4794043109e+00 6.9234537968e-01
2.4613748292e+00 6.9693404716e-01
2.4433010033e+00 7.0138916471e-01
2.4250957576e+00 7.0572286890e-01
2.4067720015e+00 7.0993007569e-01
2.3883425389e+00 7.1400557229e-01
2.3697912632e+00 7.1790973024e-01
2.3511692150e+00 7.2166672855e-01
2.3324575976e+00 7.2526827656e-01
2.3136869676e+00 7.2871324667e-01
2.2948719571e+00 7.3199659746e-01
2.2758908748e+00 7.3511512096e-01
2.2568522955e+00 7.3813188035e-01
2.2378117082e+00 7.4099846329e-01
2.2187061258e+00 7.4368216570e-01
2.1995502106e+00 7.4617851141e-01
2.1803253661e+00 7.4850254836e-01
2.1610534026e+00 7.5071797247e-01
2.1417559333e+00 7.5282510775e-01
2.1224007176e+00 7.5479096293e-01
2.1029461622e+00 7.5653718064e-01
2.0835111218e+00 7.5811905559e-01
2.0640906442e+00 7.5960732259e-01
2.0445891272e+00 7.6094883731e-01
2.0250339922e+00 7.6214517321e-01
2.0055410003e+00 7.6321619502e-01
1.9859447786e+00 7.6407799496e-01
1.9663748067e+00 7.6483481378e-01
1.9468169227e+00 7.6543314985e-01
1.9272767262e+00 7.6586304424e-01
1.9077672688e+00 7.6612630748e-01
1.8882445830e+00 7.6626094375e-01
1.8687050350e+00 7.6626977507e-01
1.8491558852e+00 7.6614388332e-01
1.8295534274e+00 7.6580166815e-01
1.8100891184e+00 7.6541711093e-01
1.7905609456e+00 7.6487776800e-01
1.7710739788e+00 7.6419582098e-01
1.7516907145e+00 7.6337939685e-01
1.7323365566e+00 7.6235037143e-01
1.7129667220e+00 7.6120151683e-01
1.6936065114e+00 7.5992139934e-01
1.6743189272e+00 7.5848323244e-01
1.6550271628e+00 7.5699674256e-01
1.6357715872e+00 7.5532585857e-01
1.6166178278e+00 7.5353527486e-01
1.5975848758e+00 7.5162448929e-01
1.5785649857e+00 7.4956759393e-01
1.5595793834e+00 7.4739609473e-01
1.5406169211e+00 7.4508633772e-01
1.5217090136e+00 7.4259723979e-01
1.5029642990e+00 7.4004498954e-01
1.4842510957e+00 7.3737853689e-01
1.4655728621e+00 7.3458649741e-01
1.4469473792e+00 7.3166940542e-01
1.4283924686e+00 7.2862769780e-01
1.4099074303e+00 7.2546189228e-01
1.3914889451e+00 7.2217650378e-01
1.3731675690e+00 7.1877211129e-01
1.3549619717e+00 7.1525003885e-01
1.3368908893e+00 7.1161152302e-01
1.3188701206e+00 7.0791942531e-01
1.3008723277e+00 7.0408715403e-01
1.2829564611e+00 7.0014046813e-01
1.2651929321e+00 6.9608900168e-01
1.2474992449e+00 6.9188134801e-01
1.2298709695e+00 6.8759189963e-01
1.2123637579e+00 6.8319783580e-01
1.1949827175e+00 6.7870351480e-01
1.1776744195e+00 6.7412704563e-01
1.1604509049e+00 6.6945730606e-01
1.1433182829e+00 6.6468699983e-01
1.1262641979e+00 6.5975915711e-01
1.1093497069e+00 6.5477857394e-01
1.0925070722e+00 6.4969870848e-01
1.0757540850e+00 6.4452295477e-01
1.0591086236e+00 6.3925464689e-01
1.0425821099e+00 6.3392175989e-01
1.0261463794e+00 6.2848797329e-01
1.0098185829e+00 6.2295439070e-01
9.9361781079e-01 6.1732548477e-01
9.7756326469e-01 6.1160567330e-01
9.6142741711e-01 6.0572434111e-01
9.4554148099e-01 5.9985924698e-01
9.2975641749e-01 5.9388825831e-01
9.1406892329e-01 5.8780692342e-01
8.9849750994e-01 5.8162034374e-01
8.8295648327e-01 5.7531268434e-01
8.6755106968e-01 5.6898980675e-01
8.5226344876e-01 5.6257923062e-01
8.3707508759e-01 5.5606724994e-01
8.2200432165e-01 5.4945970684e-01
8.0696006692e-01 5.4272765322e-01
7.9205892005e-01 5.3598338798e-01
7.7727903436e-01 5.2915375617e-01
7.6260281937e-01 5.2222307033e-01
7.4804826495e-01 5.1519776750e-01
7.3345337498e-01 5.0802857952e-01
7.1904218963e-01 5.0086557405e-01
7.0473408831e-01 4.9359874681e-01
6.9053632824e-01 4.8622858426e-01
6.7642853633e-01 4.7873774594e-01
6.6233501515e-01 4.7114500990e-01
6.4836770577e-01 4.6353267473e-01
6.3451666764e-01 4.5582519695e-01
6.2078669203e-01 4.4801838846e-01
6.0716417943e-01 4.4013729880e-01
5.9355563919e-01 4.3213264321e-01
5.7997721126e-01 4.2401248568e-01
5.6643026945e-01 4.1580961278e-01
5.5303641939e-01 4.0747397285e-01
5.3968531275e-01 3.9906215890e-01
5.2643448065e-01 3.9055809831e-01
5.1330053448e-01 3.8197066850e-01
5.0030023176e-01 3.7330876765e-01
4.8727625289e-01 3.6459217221e-01
4.7427083626e-01 3.5568761158e-01
4.6130603767e-01 3.4662019231e-01
4.4841569796e-01 3.3750238872e-01
4.3565885093e-01 3.2832686257e-01
4.2294759005e-01 3.1897587413e-01
4.1021357157e-01 3.0943849943e-01
3.9749532502e-01 2.9972444265e-01
3.8481373069e-01 2.8995618001e-01
3.7213288242e-01 2.8005519147e-01
3.5956867640e-01 2.7004095318e-01
3.4713132156e-01 2.5993322779e-01
3.3473582101e-01 2.4964682813e-01
3.2229681726e-01 2.3919605849e-01
3.0984467477e-01 2.2862369223e-01
2.9743237214e-01 2.1787912832e-01
2.8508637338e-01 2.0696756552e-01
2.7276205901e-01 1.9594492222e-01
2.6042100823e-01 1.8479970691e-01
2.4805000346e-01 1.7348820036e-01
2.3567013182e-01 1.6195229805e-01
2.2337406366e-01 1.5032983455e-01
2.1112940119e-01 1.3867962519e-01
1.9887863969e-01 1.2691634828e-01
1.8661322866e-01 1.1501091391e-01
1.7426912978e-01 1.0293387268e-01
1.6198147889e-01 9.1013718668e-02
