1.4144435799e-01 5.3721820393e-08
1.4144439871e-01 5.1357376306e-08
1.4144441125e-01 4.4961982176e-08
1.4144439559e-01 3.4535638004e-08
1.4144435174e-01 2.0078343790e-08
1.4144427970e-01 1.5900995350e-09
1.4144434101e-01 -2.9358522524e-08
1.4144440377e-01 -4.2040827132e-08
1.4144442891e-01 -4.6799633174e-08
1.4144445626e-01 -4.7041085476e-08
1.4144448583e-01 -4.2765184038e-08
1.4144451762e-01 -3.3971928860e-08
1.4144455163e-01 -2.0661319942e-08
1.4144449038e-01 3.3216273281e-09
1.4144443449e-01 1.9040963457e-08
1.4144452911e-01 2.1960619925e-08
1.4144459165e-01 2.4583011829e-08
1.4144462211e-01 2.6908139169e-08
1.4144462049e-01 2.8936001944e-08
1.4144458679e-01 3.0666600155e-08
1.4144452101e-01 3.2099933802e-08
1.4144425666e-01 5.3050996978e-08
1.4144434635e-01 6.7028071525e-08
1.4144440599e-01 7.2938410043e-08
1.4144443558e-01 7.0782012533e-08
1.4144443510e-01 6.0558878994e-08
1.4144440456e-01 4.2269009427e-08
1.4144434396e-01 1.5912403832e-08
1.4144432254e-01 -1.9960048753e-08
1.4144442908e-01 -4.3549950093e-08
1.4144445222e-01 -5.2083767111e-08
1.4144447736e-01 -5.4989377418e-08
1.4144450451e-01 -5.2266781014e-08
1.4144453366e-01 -4.3915977899e-08
1.4144456482e-01 -2.9936968073e-08
1.4144459523e-01 -1.0211451844e-08
1.4144439520e-01 1.2995421849e-08
1.4144450161e-01 1.3064155486e-08
1.4144457606e-01 1.3569926744e-08
1.4144461854e-01 1.4512735624e-08
1.4144462906e-01 1.5892582127e-08
1.4144460761e-01 1.7709466252e-08
1.4144455419e-01 1.9963387999e-08
1.4144434775e-01 3.5492423430e-08
1.4144430326e-01 5.3340209994e-08
1.4144437231e-01 6.2065424874e-08
1.4144441085e-01 6.1746455559e-08
1.4144441887e-01 5.2383302048e-08
1.4144439636e-01 3.3975964343e-08
1.4144434334e-01 6.5244424427e-09
1.4144425979e-01 -2.9971263652e-08
1.4144439457e-01 -7.2406456466e-08
1.4144441199e-01 -7.9520094747e-08
1.4144443262e-01 -8.1582681920e-08
1.4144445645e-01 -7.8594217984e-08
1.4144448350e-01 -7.0554702940e-08
1.4144451376e-01 -5.7464136789e-08
1.4144454722e-01 -3.9322519528e-08
1.4144439615e-01 -1.8658848276e-08
1.4144442689e-01 -8.6626788502e-09
1.4144451918e-01 -6.7127483063e-10
1.4144457814e-01 6.4848625199e-09
1.4144460376e-01 1.2805733201e-08
1.4144459605e-01 1.8291337214e-08
1.4144455500e-01 2.2941674557e-08
1.4144443080e-01 2.9585107532e-08
1.4144422054e-01 3.8553823581e-08
1.4144429226e-01 3.8259092981e-08
1.4144433422e-01 3.3315126864e-08
1.4144434643e-01 2.3721925230e-08
1.4144432887e-01 9.4794880782e-09
1.4144428155e-01 -9.4121845908e-09
1.4144420448e-01 -3.2953092777e-08
1.4144429213e-01 -7.5104884615e-08
1.4144434875e-01 -8.4026068061e-08
1.4144436191e-01 -8.0132863500e-08
1.4144438248e-01 -7.1634012291e-08
1.4144441046e-01 -5.8529514434e-08
1.4144444586e-01 -4.0819369927e-08
1.4144448867e-01 -1.8503578772e-08
1.4144444305e-01 5.3006908828e-09
1.4144433178e-01 1.7471456429e-08
1.4144444186e-01 2.5982037942e-08
1.4144451759e-01 3.2450347102e-08
1.4144455896e-01 3.6876383909e-08
1.4144456598e-01 3.9260148362e-08
1.4144453864e-01 3.9601640462e-08
1.4144447695e-01 3.7900860209e-08
1.4144418028e-01 4.3750675636e-08
1.4144421577e-01 4.6149725136e-08
1.4144427105e-01 4.2682906083e-08
1.4144429519e-01 3.3016645595e-08
1.4144428819e-01 1.7150943675e-08
1.4144425004e-01 -4.9141996799e-09
1.4144418075e-01 -3.3178784468e-08
1.4144417800e-01 -7.3684892482e-08
1.4144428429e-01 -9.7514216732e-08
1.4144429137e-01 -9.6196058636e-08
1.4144430572e-01 -9.0936345934e-08
1.4144432735e-01 -8.1735078628e-08
1.4144435625e-01 -6.8592256717e-08
1.4144439242e-01 -5.1507880201e-08
1.4144443587e-01 -3.0481949079e-08
1.4144419516e-01 -2.5739400251e-08
1.4144431211e-01 -2.0031866254e-08
1.4144440890e-01 -1.4145169578e-08
1.4144447325e-01 -8.2744878687e-09
1.4144450517e-01 -2.4198211269e-09
1.4144450466e-01 3.4188306479e-09
1.4144447172e-01 9.2414674556e-09
1.4144425802e-01 3.4253417099e-08
1.4144412110e-01 5.2302047555e-08
1.4144419333e-01 4.9194447674e-08
1.4144423257e-01 4.0274776352e-08
1.4144423883e-01 2.5543033587e-08
1.4144421211e-01 4.9992193810e-09
1.4144415240e-01 -2.1356666267e-08
1.4144405971e-01 -5.3524623357e-08
1.4144419109e-01 -1.0292313051e-07
1.4144422026e-01 -1.1619051149e-07
1.4144423214e-01 -1.1901751821e-07
1.4144425337e-01 -1.1426618820e-07
1.4144428394e-01 -1.0193652148e-07
1.4144432385e-01 -8.2028518041e-08
1.4144437312e-01 -5.4542177881e-08
1.4144423796e-01 -2.6728608309e-08
1.4144419109e-01 -8.7355500505e-09
1.4144428983e-01 6.4090645375e-09
1.4144435779e-01 1.7524702924e-08
1.4144439498e-01 2.4611365110e-08
1.4144440138e-01 2.7669051094e-08
1.4144437701e-01 2.6697760877e-08
1.4144427047e-01 2.6398367439e-08
1.4144395811e-01 3.7595251849e-08
1.4144403721e-01 3.6432750774e-08
1.4144408631e-01 3.0251346243e-08
1.4144410541e-01 1.9051038256e-08
1.4144409453e-01 2.8318268130e-09
1.4144405366e-01 -1.8406288085e-08
1.4144398279e-01 -4.4663306440e-08
1.4144402138e-01 -9.0306036504e-08
1.4144411822e-01 -1.1893351635e-07
1.4144413198e-01 -1.2697723866e-07
1.4144415153e-01 -1.2508797115e-07
1.4144417687e-01 -1.1326571383e-07
1.4144420800e-01 -9.1510466681e-08
1.4144424491e-01 -5.9822229715e-08
1.4144420207e-01 -2.3502902483e-08
1.4144399281e-01 -9.6091449399e-09
1.4144410592e-01 -8.1738596143e-09
1.4144418738e-01 -6.0986076073e-09
1.4144423719e-01 -3.3833889188e-09
1.4144425536e-01 -2.8203548870e-11
1.4144424188e-01 3.9669485026e-09
1.4144419675e-01 8.6020672355e-09
1.4144390336e-01 4.3753805207e-08
1.4144388349e-01 6.8416879204e-08
1.4144396005e-01 8.1282872773e-08
1.4144400127e-01 8.4354710227e-08
1.4144400715e-01 7.7632391566e-08
1.4144397770e-01 6.1115916788e-08
1.4144391292e-01 3.4805285896e-08
1.4144391016e-01 -1.5759395542e-08
1.4144405556e-01 -6.6380414908e-08
1.4144406567e-01 -9.2323290218e-08
1.4144408517e-01 -1.0582229591e-07
1.4144411405e-01 -1.0687743198e-07
1.4144415231e-01 -9.5488698433e-08
1.4144419995e-01 -7.1656095266e-08
1.4144425698e-01 -3.5379622480e-08
1.4144401157e-01 3.0707783224e-10
1.4144405438e-01 9.6588369757e-09
1.4144415347e-01 1.5063259955e-08
1.4144422087e-01 2.0241434210e-08
1.4144425658e-01 2.5193359739e-08
1.4144426061e-01 2.9919036543e-08
1.4144423294e-01 3.4418464623e-08
1.4144403528e-01 4.3741423752e-08
1.4144383624e-01 4.7542700577e-08
1.4144392000e-01 4.1360587261e-08
1.4144396898e-01 3.1259422320e-08
1.4144398318e-01 1.7239205755e-08
1.4144396260e-01 -7.0006243485e-10
1.4144390724e-01 -2.2558382249e-08
1.4144383088e-01 -5.1286582867e-08
1.4144398170e-01 -1.0605343860e-07
1.4144401310e-01 -1.2603676655e-07
1.4144402467e-01 -1.3407432727e-07
1.4144404890e-01 -1.3253338984e-07
1.4144408579e-01 -1.2141395425e-07
1.4144413536e-01 -1.0071602052e-07
1.4144419759e-01 -7.0439588626e-08
1.4144405775e-01 -2.4438314251e-08
1.4144393805e-01 4.0744699106e-09
1.4144404354e-01 1.7215122412e-08
1.4144411176e-01 2.6104793835e-08
1.4144414271e-01 3.0743484180e-08
1.4144413639e-01 3.1131193447e-08
1.4144409280e-01 2.7267921635e-08
1.4144401194e-01 1.9153668746e-08
1.4144382082e-01 3.2012728140e-09
1.4144388321e-01 -5.7687619625e-09
1.4144395790e-01 -1.4918283931e-08
1.4144400077e-01 -2.5125162079e-08
1.4144401180e-01 -3.6389396407e-08
1.4144399100e-01 -4.8710986915e-08
1.4144393836e-01 -6.2089933603e-08
1.4144385810e-01 -5.1012937677e-08
1.4144387189e-01 -3.4505296411e-08
1.4144394655e-01 -3.4735062551e-08
1.4144399567e-01 -3.5911838709e-08
1.4144401926e-01 -3.8035624883e-08
1.4144401731e-01 -4.1106421074e-08
1.4144398983e-01 -4.5124227281e-08
1.4144392518e-01 -5.1000951786e-08
1.4144383811e-01 -6.0278951191e-08
1.4144398326e-01 -5.8178896124e-08
1.4144408753e-01 -5.5893652372e-08
1.4144415093e-01 -5.3423219935e-08
1.4144417344e-01 -5.0767598813e-08
1.4144415508e-01 -4.7926789006e-08
1.4144409584e-01 -4.4900790514e-08
1.4144393771e-01 -4.1658742697e-08
1.4144386415e-01 -4.0504559431e-08
1.4144395078e-01 -3.5760734984e-08
1.4144401149e-01 -3.2069506800e-08
1.4144404629e-01 -2.9430874877e-08
1.4144405517e-01 -2.7844839217e-08
1.4144403814e-01 -2.7311399818e-08
1.4144399519e-01 -2.7830556682e-08
1.4144384817e-01 -1.2776467275e-08
1.4144374165e-01 1.5808711348e-09
1.4144382595e-01 7.4771312366e-09
1.4144387636e-01 1.1255534401e-08
1.4144389287e-01 1.2916080627e-08
1.4144387549e-01 1.2458769916e-08
1.4144382421e-01 9.8836022663e-09
1.4144373904e-01 5.1905776794e-09
1.4144378822e-01 -3.2992539164e-09
1.4144389577e-01 -5.7600613528e-09
1.4144398008e-01 -5.5207510252e-09
1.4144403634e-01 -1.8029489205e-09
1.4144406454e-01 5.3933449612e-09
1.4144406470e-01 1.6068130620e-08
1.4144403679e-01 3.0221408056e-08
1.4144398084e-01 4.7853177269e-08
1.4144394224e-01 6.9568308692e-08
1.4144395504e-01 7.4094664783e-08
1.4144395508e-01 7.0633831134e-08
1.4144393671e-01 6.2981627895e-08
1.4144389992e-01 5.1138055069e-08
1.4144384473e-01 3.5103112653e-08
1.4144377112e-01 1.4876800650e-08
1.4144368679e-01 -1.2425440884e-08
1.4144381527e-01 -2.0317830229e-08
1.4144390731e-01 -2.4643395464e-08
1.4144395040e-01 -2.6370140484e-08
1.4144394454e-01 -2.5498065288e-08
1.4144388973e-01 -2.2027169877e-08
1.4144378597e-01 -1.5957454251e-08
1.4144372002e-01 -8.0774386948e-09
1.4144384164e-01 -1.1203229462e-08
1.4144393394e-01 -1.4777831637e-08
1.4144397162e-01 -1.7454330647e-08
1.4144395469e-01 -1.9232726491e-08
1.4144388314e-01 -2.0113019171e-08
1.4144375696e-01 -2.0095208685e-08
1.4144365175e-01 -3.3372887440e-08
1.4144366570e-01 -5.3345072483e-08
1.4144366952e-01 -5.9107098186e-08
1.4144367436e-01 -6.3988589334e-08
1.4144368022e-01 -6.7989545928e-08
1.4144368711e-01 -7.1109967967e-08
1.4144369502e-01 -7.3349855452e-08
1.4144365300e-01 -6.4444472543e-08
1.4144363097e-01 -5.9395294895e-08
1.4144372583e-01 -6.0362192989e-08
1.4144377705e-01 -6.1336701120e-08
1.4144378464e-01 -6.2318819290e-08
1.4144374860e-01 -6.3308547497e-08
1.4144366893e-01 -6.4305885741e-08
1.4144356718e-01 -6.9763376393e-08
1.4144353852e-01 -8.5328383011e-08
1.4144368538e-01 -8.6309571221e-08
1.4144379812e-01 -8.3105798224e-08
1.4144387332e-01 -7.5842655358e-08
1.4144391098e-01 -6.4520142623e-08
1.4144391111e-01 -4.9138260019e-08
1.4144387369e-01 -2.9697007545e-08
1.4144374639e-01 -3.3634804155e-09
1.4144364965e-01 1.3000978695e-08
1.4144374257e-01 2.5515377819e-08
1.4144380992e-01 3.5231148702e-08
1.4144385170e-01 4.2148291343e-08
1.4144386789e-01 4.6266805742e-08
1.4144385852e-01 4.7586691900e-08
1.4144382357e-01 4.6107949817e-08
1.4144368927e-01 5.6330774670e-08
1.4144356826e-01 6.8191931906e-08
1.4144366861e-01 6.2830960722e-08
1.4144373277e-01 5.6857194281e-08
1.4144376075e-01 5.0270632581e-08
1.4144375253e-01 4.3071275624e-08
1.4144370814e-01 3.5259123409e-08
1.4144362755e-01 2.6834175936e-08
1.4144365637e-01 2.3643883285e-08
1.4144378650e-01 2.5946410219e-08
1.4144390475e-01 2.8598586047e-08
1.4144398102e-01 3.1219480438e-08
1.4144401531e-01 3.3809093392e-08
1.4144400762e-01 3.6367424910e-08
1.4144395794e-01 3.8894474992e-08
1.4144386629e-01 4.1390243637e-08
1.4144385366e-01 5.8042665644e-08
1.4144391294e-01 7.3235095262e-08
1.4144394832e-01 8.5696397434e-08
1.4144395292e-01 9.5771050555e-08
1.4144392673e-01 1.0345905462e-07
1.4144386977e-01 1.0876040964e-07
1.4144378201e-01 1.1167511561e-07
1.4144366348e-01 1.1220317252e-07
1.4144358888e-01 9.9411457554e-08
1.4144360571e-01 7.5419422318e-08
1.4144361875e-01 5.3930279681e-08
1.4144362803e-01 3.4944029645e-08
1.4144363353e-01 1.8460672208e-08
1.4144363526e-01 4.4802073714e-09
1.4144363167e-01 -6.6197416611e-09
1.4144388147e-01 -1.9866888046e-08
1.4144407582e-01 -3.6118212767e-08
1.4144416120e-01 -5.4574098014e-08
1.4144413762e-01 -7.5234543784e-08
1.4144400507e-01 -9.8099550080e-08
1.4144376355e-01 -1.2316911690e-07
1.4144372699e-01 -1.4604283172e-07
1.4144378921e-01 -1.4794235800e-07
1.4144375927e-01 -1.4143341295e-07
1.4144375259e-01 -1.3244081506e-07
1.4144376916e-01 -1.2096456434e-07
1.4144380898e-01 -1.0700466077e-07
1.4144387206e-01 -9.0561104367e-08
1.4144384035e-01 -5.5595424427e-08
1.4144374722e-01 -2.7239563798e-08
1.4144383294e-01 -1.3000389095e-08
1.4144387859e-01 -3.6660462028e-09
1.4144388418e-01 7.6346487876e-10
1.4144384971e-01 2.8814414948e-10
1.4144377518e-01 -5.0920083907e-09
1.4144367451e-01 -1.9031195722e-08
1.4144362834e-01 -4.0601446547e-08
1.4144373577e-01 -5.0800388554e-08
1.4144383700e-01 -5.8710983499e-08
1.4144390345e-01 -6.4709273663e-08
1.4144393513e-01 -6.8795259046e-08
1.4144393204e-01 -7.0968939648e-08
1.4144389418e-01 -7.1230315469e-08
1.4144376597e-01 -5.9557450155e-08
1.4144362135e-01 -5.0003070216e-08
1.4144370305e-01 -3.9488291248e-08
1.4144376261e-01 -2.9343498301e-08
1.4144380001e-01 -1.9568691376e-08
1.4144381525e-01 -1.0163870473e-08
1.4144380835e-01 -1.1290355907e-09
1.4144377928e-01 7.5358132697e-09
1.4144362582e-01 2.8850863445e-08
1.4144345004e-01 5.2318129912e-08
1.4144353864e-01 6.1624914827e-08
1.4144359993e-01 6.7038110579e-08
1.4144362911e-01 6.8765844221e-08
1.4144362616e-01 6.6808115752e-08
1.4144359108e-01 6.1164925173e-08
1.4144352388e-01 5.1836272483e-08
1.4144355714e-01 3.7718364915e-08
1.4144367929e-01 3.6576937663e-08
1.4144379565e-01 4.0570963177e-08
1.4144387440e-01 4.4870636250e-08
1.4144391555e-01 4.9475956881e-08
1.4144391909e-01 5.4386925070e-08
1.4144388503e-01 5.9603540818e-08
1.4144381336e-01 6.5125804124e-08
1.4144377398e-01 6.4219712797e-08
1.4144383300e-01 8.1732723001e-08
1.4144388215e-01 9.9535149122e-08
1.4144389702e-01 1.1089018289e-07
1.4144387762e-01 1.1579782432e-07
1.4144382394e-01 1.1425807339e-07
1.4144373599e-01 1.0627093012e-07
1.4144361377e-01 9.1836394492e-08
1.4144354580e-01 7.4803525132e-08
1.4144354666e-01 5.7292784017e-08
1.4144355087e-01 3.8633120811e-08
1.4144355843e-01 1.8824535516e-08
1.4144356933e-01 -2.1329718687e-09
1.4144358358e-01 -2.4239401344e-08
1.4144359259e-01 -4.6286628287e-08
1.4144380726e-01 -4.9821307538e-08
1.4144398868e-01 -5.4805429056e-08
1.4144406280e-01 -6.3791699019e-08
1.4144402963e-01 -7.6780117428e-08
1.4144388917e-01 -9.3770684282e-08
1.4144364141e-01 -1.1476339958e-07
1.4144363661e-01 -1.4964915003e-07
1.4144373045e-01 -1.6456432820e-07
1.4144372026e-01 -1.6282966221e-07
1.4144372263e-01 -1.5909594206e-07
1.4144373756e-01 -1.5336316773e-07
1.4144376506e-01 -1.4563133925e-07
1.4144380511e-01 -1.3590045659e-07
1.4144372881e-01 -1.0372506802e-07
1.4144362318e-01 -7.9220411559e-08
1.4144371215e-01 -6.0102741364e-08
1.4144377465e-01 -4.2849939174e-08
1.4144381067e-01 -2.7462004989e-08
1.4144382021e-01 -1.3938938808e-08
1.4144380328e-01 -2.2807406322e-09
1.4144374946e-01 6.3261746891e-09
1.4144366041e-01 9.0490741037e-09
1.4144366926e-01 5.5823565922e-09
1.4144369521e-01 -9.5222045951e-10
1.4144370061e-01 -8.4633197146e-09
1.4144368546e-01 -1.6950941173e-08
1.4144364977e-01 -2.6415084835e-08
1.4144359353e-01 -3.6855750700e-08
1.4144362313e-01 -5.2812287921e-08
1.4144371408e-01 -6.6104652594e-08
1.4144373307e-01 -6.1849829737e-08
1.4144375246e-01 -5.6687871315e-08
1.4144377439e-01 -5.1002592291e-08
1.4144379886e-01 -4.4793992667e-08
1.4144382586e-01 -3.8062072441e-08
1.4144382459e-01 -2.9367113603e-08
1.4144360804e-01 -1.7465610309e-08
1.4144344526e-01 -1.9060725720e-08
1.4144351612e-01 -2.9370361739e-08
1.4144355689e-01 -3.4831172369e-08
1.4144356756e-01 -3.5443157612e-08
1.4144354815e-01 -3.1206317467e-08
1.4144349864e-01 -2.2120651933e-08
1.4144341903e-01 -8.1861610122e-09
1.4144342576e-01 -1.4473120988e-08
1.4144353668e-01 -1.5703859606e-08
1.4144370770e-01 -1.2554097562e-08
1.4144382181e-01 -1.5259505303e-09
1.4144387901e-01 1.7380581489e-08
1.4144387930e-01 4.4165498495e-08
1.4144382267e-01 7.8828800490e-08
1.4144378316e-01 1.1688784521e-07
1.4144393376e-01 1.3388542832e-07
1.4144404776e-01 1.3494029945e-07
1.4144410956e-01 1.2759368082e-07
1.4144411437e-01 1.1574406803e-07
1.4144406219e-01 9.9391461075e-08
1.4144395301e-01 7.8535859950e-08
1.4144378685e-01 5.3177264657e-08
1.4144359694e-01 3.2166696910e-08
1.4144357217e-01 3.6869521604e-08
1.4144356407e-01 3.0068034196e-08
1.4144354822e-01 1.9449716287e-08
1.4144352462e-01 5.0145678769e-09
1.4144349327e-01 -1.3237411035e-08
1.4144345416e-01 -3.5306220449e-08
1.4144341244e-01 -5.7551032349e-08
1.4144363442e-01 -6.4315572368e-08
1.4144382216e-01 -7.4552961433e-08
1.4144389315e-01 -8.6940563869e-08
1.4144384737e-01 -1.0147837968e-07
1.4144368484e-01 -1.1816640886e-07
1.4144340554e-01 -1.3700465141e-07
1.4144339688e-01 -1.5604017093e-07
1.4144351667e-01 -1.6343760647e-07
1.4144349488e-01 -1.6855273665e-07
1.4144348976e-01 -1.7175479616e-07
1.4144350130e-01 -1.7304378498e-07
1.4144352950e-01 -1.7241970312e-07
1.4144357436e-01 -1.6988255058e-07
1.4144351191e-01 -1.3576164453e-07
1.4144338090e-01 -1.0714782051e-07
1.4144349410e-01 -8.0497344065e-08
1.4144357353e-01 -5.5670230146e-08
1.4144361920e-01 -3.2666478756e-08
1.4144363110e-01 -1.1486089897e-08
1.4144360923e-01 7.8709364318e-09
1.4144354634e-01 2.9494660391e-08
1.4144345948e-01 6.5539695092e-08
1.4144345612e-01 9.0195340883e-08
1.4144348425e-01 1.0587369333e-07
1.4144349244e-01 1.2030737415e-07
1.4144348069e-01 1.3349638334e-07
1.4144344899e-01 1.4544072089e-07
1.4144339736e-01 1.5614038681e-07
1.4144340970e-01 1.5957672672e-07
1.4144347459e-01 1.5847566386e-07
1.4144348315e-01 1.6167833335e-07
1.4144349172e-01 1.6550397427e-07
1.4144351254e-01 1.6903651272e-07
1.4144354560e-01 1.7227594871e-07
1.4144359091e-01 1.7522228222e-07
1.4144364847e-01 1.7787551327e-07
1.4144348016e-01 1.8636815373e-07
1.4144329999e-01 1.8714411947e-07
