1.6293496198e+02
1.6326454354e+02
1.6359412510e+02
1.6390963596e+02
1.6421099840e+02
1.6451236085e+02
1.6479757765e+02
1.6505841244e+02
1.6531969754e+02
1.6555104067e+02
1.6577847585e+02
1.6600762948e+02
1.6620449626e+02
1.6640492967e+02
1.6658273461e+02
1.6674273391e+02
1.6691284770e+02
1.6704699539e+02
1.6718261680e+02
1.6731169743e+02
1.6740984298e+02
1.6750716285e+02
1.6758710451e+02
1.6766449400e+02
1.6773182186e+02
1.6776922194e+02
1.6780818487e+02
1.6783815997e+02
1.6784983717e+02
1.6786569017e+02
1.6785201800e+02
1.6783178217e+02
1.6780464947e+02
1.6776549237e+02
1.6772633528e+02
1.6765770293e+02
1.6758367820e+02
1.6751363381e+02
1.6742266519e+02
1.6733059303e+02
1.6720904748e+02
1.6709259082e+02
1.6697626326e+02
1.6684129514e+02
1.6669886052e+02
1.6652771853e+02
1.6637831290e+02
1.6621598674e+02
1.6603960886e+02
1.6585089266e+02
1.6565955532e+02
1.6547071705e+02
1.6525348338e+02
1.6503499439e+02
1.6481983512e+02
1.6461245954e+02
1.6437587771e+02
1.6413416302e+02
1.6388413997e+02
1.6364965413e+02
1.6340909200e+02
1.6313823943e+02
1.6287832882e+02
1.6262226383e+02
1.6233510601e+02
1.6207821171e+02
1.6181431063e+02
1.6153940517e+02
1.6124069310e+02
1.6096460936e+02
1.6068852561e+02
1.6042666922e+02
1.6015546002e+02
1.5984552424e+02
1.5957440994e+02
1.5930861751e+02
1.5903193446e+02
1.5875806198e+02
1.5851652338e+02
1.5827910248e+02
1.5800608946e+02
1.5774483197e+02
1.5751873051e+02
1.5731196358e+02
1.5712429269e+02
1.5689629900e+02
1.5670706980e+02
1.5654489407e+02
1.5644518084e+02
1.5626483437e+02
1.5618156342e+02
1.5610118948e+02
1.5610506360e+02
1.5605411955e+02
1.5608508659e+02
1.5636772814e+02
1.5631289708e+02
1.5661088300e+02
1.5718026917e+02
1.5774965534e+02
