4.6236915023e-01 -1.4782129503e-01
4.7752481771e-01 -1.6059411768e-01
4.9259114049e-01 -1.7310879429e-01
5.0746145647e-01 -1.8523889214e-01
5.2213417895e-01 -1.9698332518e-01
5.3661356815e-01 -2.0839731663e-01
5.5096179824e-01 -2.1957749716e-01
5.6519436058e-01 -2.3046336358e-01
5.7930928941e-01 -2.4105374118e-01
5.9330459247e-01 -2.5134743532e-01
6.0723186592e-01 -2.6142350885e-01
6.2088136730e-01 -2.7121289996e-01
6.3434421493e-01 -2.8069801137e-01
6.4762080825e-01 -2.8990690515e-01
6.6070901481e-01 -2.9883817270e-01
6.7361125847e-01 -3.0752650357e-01
6.8640106191e-01 -3.1605717304e-01
6.9910086821e-01 -3.2440229848e-01
7.1170824138e-01 -3.3256044905e-01
7.2423761025e-01 -3.4051516567e-01
7.3665724597e-01 -3.4834381317e-01
7.4890666329e-01 -3.5600399669e-01
7.6101875331e-01 -3.6347589653e-01
7.7301055520e-01 -3.7079019618e-01
7.8487952292e-01 -3.7794539806e-01
7.9663373984e-01 -3.8497168303e-01
8.0833196048e-01 -3.9188973359e-01
8.1998029083e-01 -3.9868678033e-01
8.3157597947e-01 -4.0536132530e-01
8.4310594232e-01 -4.1192065000e-01
8.5454390553e-01 -4.1837493646e-01
8.6588774938e-01 -4.2471385929e-01
8.7713466607e-01 -4.3093590513e-01
8.8828245920e-01 -4.3703982655e-01
8.9938073014e-01 -4.4305204976e-01
9.1045186762e-01 -4.4898650579e-01
9.2149285275e-01 -4.5484166703e-01
9.3250063572e-01 -4.6061598713e-01
9.4346894216e-01 -4.6631298459e-01
9.5437996477e-01 -4.7192465990e-01
9.6523011715e-01 -4.7744073227e-01
9.7601633148e-01 -4.8285968178e-01
9.8673887270e-01 -4.8819765205e-01
9.9744279383e-01 -4.9348067393e-01
1.0081366662e+00 -4.9870089017e-01
1.0188250502e+00 -5.0385466871e-01
1.0295089850e+00 -5.0891166917e-01
1.0401217048e+00 -5.1395843633e-01
1.0507276482e+00 -5.1893910746e-01
1.0612983885e+00 -5.2383381957e-01
1.0718279335e+00 -5.2866283174e-01
1.0823128354e+00 -5.3342456266e-01
1.0927888390e+00 -5.3809832155e-01
1.1032806544e+00 -5.4273167020e-01
1.1137848162e+00 -5.4732256622e-01
1.1242752089e+00 -5.5183682579e-01
1.1347247575e+00 -5.5629656009e-01
1.1451853239e+00 -5.6075839120e-01
1.1556442162e+00 -5.6514596715e-01
1.1660759083e+00 -5.6946355882e-01
1.1764903076e+00 -5.7372824150e-01
1.1868965634e+00 -5.7792671816e-01
1.1973268893e+00 -5.8208328542e-01
1.2077795577e+00 -5.8619155246e-01
1.2182088702e+00 -5.9023440687e-01
1.2286217594e+00 -5.9425849946e-01
1.2390631036e+00 -5.9823919134e-01
1.2495218839e+00 -6.0218111046e-01
1.2599689544e+00 -6.0606619683e-01
1.2704419604e+00 -6.0988494055e-01
1.2809219556e+00 -6.1366286521e-01
1.2913875128e+00 -6.1737770980e-01
1.3018371198e+00 -6.2105688938e-01
1.3123146843e+00 -6.2470424495e-01
1.3228246864e+00 -6.2830768182e-01
1.3333628805e+00 -6.3186578857e-01
1.3439452095e+00 -6.3536692688e-01
1.3545338988e+00 -6.3887114605e-01
1.3651184877e+00 -6.4229914955e-01
1.3757114706e+00 -6.4567743976e-01
1.3863084737e+00 -6.4900460149e-01
1.3969030001e+00 -6.5228382505e-01
1.4075193274e+00 -6.5553715096e-01
1.4181845698e+00 -6.5875114373e-01
1.4288940972e+00 -6.6192445857e-01
1.4396432430e+00 -6.6505573537e-01
1.4504465591e+00 -6.6815673706e-01
1.4612200202e+00 -6.7119758614e-01
1.4720167164e+00 -6.7419440895e-01
1.4828319259e+00 -6.7714587704e-01
1.4936608893e+00 -6.8005064622e-01
1.5045132104e+00 -6.8293534524e-01
1.5154200128e+00 -6.8578213659e-01
1.5263775809e+00 -6.8858511336e-01
1.5373598884e+00 -6.9135958011e-01
1.5483691366e+00 -6.9405129313e-01
1.5594338647e+00 -6.9670984702e-01
1.5705131241e+00 -6.9933332303e-01
1.5815986974e+00 -7.0190376569e-01
1.5926872316e+00 -7.0442631574e-01
1.6038203592e+00 -7.0692677592e-01
1.6150136517e+00 -7.0938534184e-01
1.6262627946e+00 -7.1180276439e-01
1.6375605623e+00 -7.1421672864e-01
1.6488634252e+00 -7.1655033897e-01
1.6602216421e+00 -7.1880919160e-01
1.6716274911e+00 -7.2104453597e-01
1.6830435436e+00 -7.2322251247e-01
1.6944642424e+00 -7.2533809203e-01
1.7059364168e+00 -7.2746506095e-01
1.7174740822e+00 -7.2954065940e-01
1.7290598481e+00 -7.3156856257e-01
1.7406628743e+00 -7.3355004879e-01
1.7523512572e+00 -7.3547389807e-01
1.7640055469e+00 -7.3735083474e-01
1.7757153454e+00 -7.3918307492e-01
1.7874901072e+00 -7.4097197855e-01
1.7993150365e+00 -7.4270729439e-01
1.8111560783e+00 -7.4438033193e-01
1.8230514959e+00 -7.4604201190e-01
1.8350132570e+00 -7.4765957826e-01
1.8470014308e+00 -7.4921466031e-01
1.8590140980e+00 -7.5072163512e-01
1.8710448820e+00 -7.5217956442e-01
1.8830997315e+00 -7.5356809855e-01
1.8952248882e+00 -7.5491238009e-01
1.9074147520e+00 -7.5621280130e-01
1.9196573068e+00 -7.5745828256e-01
1.9319505396e+00 -7.5866780649e-01
1.9442637848e+00 -7.5981247153e-01
1.9566113089e+00 -7.6090334546e-01
1.9689864638e+00 -7.6193972488e-01
1.9813825463e+00 -7.6292088703e-01
1.9938471097e+00 -7.6387160241e-01
2.0063667664e+00 -7.6474782649e-01
2.0189205320e+00 -7.6556679485e-01
2.0315133477e+00 -7.6634038546e-01
2.0441504298e+00 -7.6707614202e-01
2.0568166967e+00 -7.6772883947e-01
2.0695128742e+00 -7.6830181874e-01
2.0822537663e+00 -7.6883638318e-01
2.0950294961e+00 -7.6933595145e-01
2.1078072869e+00 -7.6977188781e-01
2.1206486681e+00 -7.7013500593e-01
2.1335470517e+00 -7.7042518274e-01
2.1465081219e+00 -7.7065349118e-01
2.1595156110e+00 -7.7084278983e-01
2.1725036676e+00 -7.7091299994e-01
2.1855649179e+00 -7.7095801817e-01
2.1986337962e+00 -7.7093573126e-01
2.2117027699e+00 -7.7084574745e-01
2.2247881119e+00 -7.7070647119e-01
2.2379542635e+00 -7.7052033413e-01
2.2511698113e+00 -7.7024153563e-01
2.2644039327e+00 -7.6987875403e-01
2.2776707904e+00 -7.6946856830e-01
2.2909506384e+00 -7.6900815881e-01
2.3042269324e+00 -7.6846567112e-01
2.3175513450e+00 -7.6784245977e-01
2.3309158249e+00 -7.6713872267e-01
2.3443122463e+00 -7.6635463409e-01
2.3577333838e+00 -7.6549621987e-01
2.3711762308e+00 -7.6458235284e-01
2.3846320909e+00 -7.6359243303e-01
2.3980929431e+00 -7.6252683782e-01
2.4115506878e+00 -7.6138592098e-01
2.4250192212e+00 -7.6018105617e-01
2.4385288902e+00 -7.5889680018e-01
2.4520686051e+00 -7.5752371941e-01
2.4656414423e+00 -7.5607664534e-01
2.4792238708e+00 -7.5457404846e-01
2.4927598781e+00 -7.5292618040e-01
2.5063537604e+00 -7.5121275593e-01
2.5199435183e+00 -7.4942243660e-01
2.5334999481e+00 -7.4754654271e-01
2.5470601122e+00 -7.4563099738e-01
2.5606557758e+00 -7.4363555039e-01
2.5742693748e+00 -7.4153747885e-01
2.5878701610e+00 -7.3936096579e-01
2.6014498786e+00 -7.3709312935e-01
2.6150884713e+00 -7.3470015869e-01
2.6286343214e+00 -7.3225471648e-01
2.6421883921e+00 -7.2971395726e-01
2.6557418761e+00 -7.2707915166e-01
2.6692858680e+00 -7.2435154340e-01
2.6828338015e+00 -7.2153649415e-01
2.6963625428e+00 -7.1860415915e-01
2.7098725267e+00 -7.1559437745e-01
2.7233390034e+00 -7.1250068165e-01
2.7367532745e+00 -7.0932449346e-01
2.7501497667e+00 -7.0607760569e-01
2.7635607373e+00 -7.0273214487e-01
2.7769422314e+00 -6.9926726094e-01
2.7903037080e+00 -6.9570974572e-01
2.8036371993e+00 -6.9208520033e-01
2.8168686187e+00 -6.8834814475e-01
2.8300804950e+00 -6.8449966290e-01
2.8432799720e+00 -6.8054764767e-01
2.8564565974e+00 -6.7649368553e-01
2.8695547888e+00 -6.7233127721e-01
2.8826614913e+00 -6.6806855393e-01
2.8956731826e+00 -6.6370576756e-01
2.9086147138e+00 -6.5926502510e-01
2.9214771817e+00 -6.5474853264e-01
2.9342740588e+00 -6.5015966789e-01
2.9470438166e+00 -6.4545879857e-01
2.9597444975e+00 -6.4062432174e-01
2.9723674681e+00 -6.3565879404e-01
2.9849821769e+00 -6.3059760844e-01
2.9975417080e+00 -6.2547446177e-01
3.0099385350e+00 -6.2024649854e-01
3.0222770214e+00 -6.1490248413e-01
3.0345482904e+00 -6.0944539064e-01
3.0467433316e+00 -6.0387816318e-01
3.0588576859e+00 -5.9819477957e-01
3.0708903067e+00 -5.9239265214e-01
3.0828192998e+00 -5.8650731587e-01
3.0946362442e+00 -5.8054187091e-01
3.1063325786e+00 -5.7449939377e-01
3.1179498232e+00 -5.6838123020e-01
3.1294927863e+00 -5.6213640619e-01
3.1409073236e+00 -5.5575192206e-01
3.1522008565e+00 -5.4923800482e-01
3.1634311367e+00 -5.4264975874e-01
3.1745637444e+00 -5.3599925601e-01
3.1855199617e+00 -5.2924265025e-01
3.1963532535e+00 -5.2236147135e-01
3.2070553579e+00 -5.1535958530e-01
3.2176221466e+00 -5.0824011480e-01
3.2281463116e+00 -5.0102378813e-01
3.2384408535e+00 -4.9372964371e-01
3.2486354118e+00 -4.8632603102e-01
3.2586932672e+00 -4.7882716213e-01
3.2685894616e+00 -4.7124088001e-01
3.2783950443e+00 -4.6354897736e-01
3.2879905884e+00 -4.5571831280e-01
3.2974251732e+00 -4.4781033873e-01
3.3067434034e+00 -4.3984078078e-01
3.3159374090e+00 -4.3181411382e-01
3.3249477143e+00 -4.2369886670e-01
3.3337578680e+00 -4.1545239965e-01
3.3423723441e+00 -4.0708135931e-01
3.3508146896e+00 -3.9858746927e-01
3.3591819811e+00 -3.9001300055e-01
3.3673918215e+00 -3.8139634432e-01
3.3753555687e+00 -3.7269908913e-01
3.3831295493e+00 -3.6389182218e-01
3.3907068671e+00 -3.5497970779e-01
3.3980804409e+00 -3.4596789764e-01
3.4053186004e+00 -3.3684894915e-01
3.4123130622e+00 -3.2769098679e-01
3.4191378049e+00 -3.1843511118e-01
3.4257649552e+00 -3.0910329656e-01
3.4321805376e+00 -2.9970461680e-01
3.4384180429e+00 -2.9022047032e-01
3.4444443647e+00 -2.8060912801e-01
3.4502148838e+00 -2.7095063135e-01
3.4557965681e+00 -2.6123677650e-01
3.4611835556e+00 -2.5147324389e-01
3.4663876771e+00 -2.4164216335e-01
3.4713514856e+00 -2.3170168635e-01
3.4760312171e+00 -2.2166754191e-01
3.4804943012e+00 -2.1157347646e-01
3.4847874431e+00 -2.0144548073e-01
3.4888766877e+00 -1.9128808345e-01
3.4926958160e+00 -1.8105260954e-01
3.4962395025e+00 -1.7073463748e-01
3.4995029029e+00 -1.6034024916e-01
3.5025469196e+00 -1.4984557928e-01
3.5054635738e+00 -1.3931051878e-01
3.5081081058e+00 -1.2880668544e-01
3.5104852918e+00 -1.1823364455e-01
3.5125917683e+00 -1.0759752116e-01
3.5144235118e+00 -9.6904923714e-02
3.5159762814e+00 -8.6162474258e-02
3.5173460236e+00 -7.5330902115e-02
3.5184544424e+00 -6.4531287932e-02
3.5193030881e+00 -5.3678690152e-02
3.5198890194e+00 -4.2780226215e-02
3.5202035473e+00 -3.1853836620e-02
3.5202442836e+00 -2.0911229124e-02
3.5200308469e+00 -9.8921249411e-03
3.5195481350e+00 1.1194392042e-03
3.5188140033e+00 1.2150558974e-02
3.5178262560e+00 2.3194506284e-02
3.5165824824e+00 3.4244523882e-02
3.5150694887e+00 4.5410762509e-02
3.5132215384e+00 5.6512039164e-02
3.5111329248e+00 6.7620951696e-02
3.5088027215e+00 7.8731788529e-02
3.5062294336e+00 8.9837395756e-02
3.5033755480e+00 1.0101331364e-01
3.5001595948e+00 1.1218560624e-01
3.4966884441e+00 1.2330914059e-01
3.4929792734e+00 1.3443329058e-01
3.4890316747e+00 1.4555063933e-01
3.4848396555e+00 1.5667759874e-01
3.4803032800e+00 1.6782647918e-01
3.4754114738e+00 1.7893475366e-01
3.4702822851e+00 1.9000651707e-01
3.4649329066e+00 2.0105048614e-01
3.4593640437e+00 2.1205886522e-01
3.4535181226e+00 2.2307756473e-01
3.4473131606e+00 2.3406956462e-01
3.4407492028e+00 2.4502959058e-01
3.4339419733e+00 2.5596719759e-01
3.4269670681e+00 2.6686733041e-01
3.4197827624e+00 2.7771805727e-01
3.4122617004e+00 2.8851475380e-01
3.4043989780e+00 2.9925299986e-01
3.3962022290e+00 3.0995524687e-01
3.3878097116e+00 3.2063831457e-01
3.3792504468e+00 3.3127302172e-01
3.3703978864e+00 3.4183001994e-01
3.3612074608e+00 3.5231556764e-01
3.3516789378e+00 3.6273034978e-01
3.3419105360e+00 3.7311487249e-01
3.3319815094e+00 3.8345165557e-01
3.3218282416e+00 3.9370479782e-01
3.3113444394e+00 4.0386803724e-01
3.3005327524e+00 4.1393541070e-01
3.2894598718e+00 4.2393817376e-01
3.2782170906e+00 4.3388945013e-01
3.2667868101e+00 4.4377281136e-01
3.2550456333e+00 4.5355481859e-01
3.2429818171e+00 4.6322972376e-01
3.2306356708e+00 4.7280214376e-01
3.2181196486e+00 4.8230532272e-01
3.2054475740e+00 4.9173469920e-01
3.1925492298e+00 5.0106734091e-01
3.1793299534e+00 5.1028495172e-01
3.1657949679e+00 5.1938183360e-01
3.1520411695e+00 5.2839085820e-01
3.1381526505e+00 5.3732002064e-01
3.1240962273e+00 5.4614245143e-01
3.1097562586e+00 5.5482921998e-01
3.0951318387e+00 5.6337666807e-01
3.0802398302e+00 5.7180024050e-01
3.0651981941e+00 5.8014771058e-01
3.0500300971e+00 5.8841391492e-01
3.0346642128e+00 5.9655317019e-01
3.0190283734e+00 6.0452529633e-01
3.0031461032e+00 6.1232371009e-01
2.9871329853e+00 6.2000055168e-01
2.9709173622e+00 6.2759221054e-01
2.9545089843e+00 6.3509179483e-01
2.9378794789e+00 6.4248265555e-01
2.9210024741e+00 6.4968331758e-01
2.9040579942e+00 6.5674003186e-01
2.8869063341e+00 6.6367364621e-01
2.8695628535e+00 6.7047639406e-01
2.8520759730e+00 6.7713507785e-01
2.8344107412e+00 6.8364581121e-01
2.8165409305e+00 6.9003898429e-01
2.7985810878e+00 6.9627952724e-01
2.7804618319e+00 7.0236143321e-01
2.7621954606e+00 7.0827815207e-01
2.7437299091e+00 7.1403054612e-01
2.7250851576e+00 7.1967649372e-01
2.7064249403e+00 7.2518130940e-01
2.6876067877e+00 7.3050978979e-01
2.6686434722e+00 7.3565584417e-01
2.6495069354e+00 7.4063009811e-01
2.6302599468e+00 7.4549123408e-01
2.6109378992e+00 7.5023387221e-01
2.5914854442e+00 7.5479463977e-01
2.5718933393e+00 7.5915309040e-01
2.5522403239e+00 7.6335256976e-01
2.5324871886e+00 7.6742445644e-01
2.5126424489e+00 7.7136263916e-01
2.4926535260e+00 7.7514303078e-01
2.4725383950e+00 7.7871707405e-01
2.4524478657e+00 7.8215840666e-01
2.4322236256e+00 7.8546079024e-01
2.4119074182e+00 7.8862047629e-01
2.3915650940e+00 7.9159134249e-01
2.3711258340e+00 7.9436005612e-01
2.3506252352e+00 7.9698341786e-01
2.3300825853e+00 7.9944207758e-01
2.3094914294e+00 8.0177548289e-01
2.2887671985e+00 8.0395002584e-01
2.2680019758e+00 8.0591402236e-01
2.2472614626e+00 8.0774967501e-01
2.2265614579e+00 8.0945106922e-01
2.2058085227e+00 8.1097551151e-01
2.1849613714e+00 8.1232516194e-01
2.1640365464e+00 8.1349661512e-01
2.1430767722e+00 8.1454361051e-01
2.1221957796e+00 8.1540769169e-01
2.1012810908e+00 8.1609715241e-01
2.0803238400e+00 8.1663743339e-01
2.0593834200e+00 8.1701053841e-01
2.0384489410e+00 8.1723442741e-01
2.0173370385e+00 8.1734770752e-01
1.9964030689e+00 8.1724111114e-01
1.9754828417e+00 8.1700813438e-01
1.9545949861e+00 8.1664688078e-01
1.9337539722e+00 8.1615455337e-01
1.9127570886e+00 8.1544714273e-01
1.8918808967e+00 8.1457300516e-01
1.8710620881e+00 8.1358085553e-01
1.8502567271e+00 8.1245479444e-01
1.8294835005e+00 8.1119362219e-01
1.8087136304e+00 8.0976378274e-01
1.7879161861e+00 8.0816733320e-01
1.7671736489e+00 8.0645388120e-01
1.7465058037e+00 8.0458007704e-01
1.7259411251e+00 8.0257264611e-01
1.7054955222e+00 8.0043006967e-01
1.6850501227e+00 7.9813750549e-01
1.6646328376e+00 7.9571156703e-01
1.6442481225e+00 7.9313939010e-01
1.6238994381e+00 7.9036959838e-01
1.6037005821e+00 7.8755572795e-01
1.5835058592e+00 7.8459345973e-01
1.5633419414e+00 7.8148505694e-01
1.5433017209e+00 7.7826502434e-01
1.5233670173e+00 7.7487494298e-01
1.5034556265e+00 7.7132763512e-01
1.4836294891e+00 7.6768703626e-01
1.4639195907e+00 7.6390813689e-01
1.4443255328e+00 7.6000904820e-01
1.4247863626e+00 7.5600012816e-01
1.4053126730e+00 7.5187339409e-01
1.3859242722e+00 7.4763081985e-01
1.3665791088e+00 7.4320348169e-01
1.3473268833e+00 7.3874031317e-01
1.3281715704e+00 7.3411121122e-01
1.3091468932e+00 7.2937025280e-01
1.2902737307e+00 7.2452031205e-01
1.2715164719e+00 7.1956414744e-01
1.2528020109e+00 7.1449259591e-01
1.2341616363e+00 7.0930598077e-01
1.2156022487e+00 7.0399157351e-01
1.1971548951e+00 6.9853707754e-01
1.1788397891e+00 6.9305576239e-01
1.1605746849e+00 6.8743151145e-01
1.1424239870e+00 6.8169328438e-01
1.1244303965e+00 6.7585955705e-01
1.1065415630e+00 6.6989637438e-01
1.0886391559e+00 6.6380909363e-01
1.0709758952e+00 6.5768926992e-01
1.0533979165e+00 6.5143968895e-01
1.0359255090e+00 6.4506554204e-01
1.0185790904e+00 6.3857196870e-01
1.0012290866e+00 6.3195618014e-01
9.8407068039e-01 6.2530605432e-01
9.6699873782e-01 6.1852788298e-01
9.5003347874e-01 6.1162770176e-01
9.3316085760e-01 6.0459291579e-01
9.1636461442e-01 5.9752759698e-01
8.9971016963e-01 5.9035670925e-01
8.8321525408e-01 5.8307856862e-01
8.6683301490e-01 5.7572730329e-01
8.5050703099e-01 5.6825234590e-01
8.3425857447e-01 5.6065036894e-01
8.1804625360e-01 5.5296860868e-01
8.0199598503e-01 5.4519740725e-01
7.8604545625e-01 5.3731371940e-01
7.7021437992e-01 5.2932523212e-01
7.5440064011e-01 5.2117535353e-01
7.3873368757e-01 5.1301146479e-01
7.2317979912e-01 5.0473300744e-01
7.0773066304e-01 4.9632394189e-01
6.9238915141e-01 4.8778251911e-01
6.7700264584e-01 4.7908475880e-01
6.6172746529e-01 4.7037944272e-01
6.4657965261e-01 4.6155436628e-01
6.3156116176e-01 4.5258572549e-01
6.1664991913e-01 4.4346328972e-01
6.0173690505e-01 4.3422787477e-01
5.8687820307e-01 4.2495188161e-01
5.7214703541e-01 4.1559703008e-01
5.5746784913e-01 4.0603945539e-01
5.4285831539e-01 3.9628840735e-01
5.2825596285e-01 3.8638044661e-01
5.1368357679e-01 3.7641053054e-01
4.9923330892e-01 3.6636977937e-01
4.8485489671e-01 3.5614309367e-01
4.7056610133e-01 3.4574073156e-01
4.5624346443e-01 3.3514598066e-01
4.4193674787e-01 3.2446324080e-01
4.2770029635e-01 3.1365633992e-01
4.1353237073e-01 3.0265933632e-01
3.9944177434e-01 2.9147791648e-01
3.8532310242e-01 2.8010732825e-01
3.7121618153e-01 2.6863483289e-01
3.5713339689e-01 2.5700864252e-01
3.4309321973e-01 2.4516264558e-01
3.2910248065e-01 2.3311130068e-01
3.1508869399e-01 2.2089178483e-01
3.0106909389e-01 2.0854756337e-01
2.8706816240e-01 1.9602430844e-01
2.7309893406e-01 1.8330688167e-01
2.5916308412e-01 1.7041053329e-01
2.4519746599e-01 1.5735757611e-01
2.3122266327e-01 1.4416812702e-01
2.1726131072e-01 1.3086797920e-01
2.0330011963e-01 1.1752331764e-01
1.8942846326e-01 1.0427684529e-01
