3.6475253586e+02
3.6467641321e+02
3.6460174320e+02
3.6453077672e+02
3.6446427790e+02
3.6439952814e+02
3.6433845298e+02
3.6427886465e+02
3.6422463782e+02
3.6417249538e+02
3.6412423346e+02
3.6407937041e+02
3.6403730161e+02
3.6400023346e+02
3.6396505584e+02
3.6393522642e+02
3.6390625896e+02
3.6388138951e+02
3.6386021760e+02
3.6384147897e+02
3.6382890537e+02
3.6381856052e+02
3.6381218378e+02
3.6380913778e+02
3.6380998918e+02
3.6381550318e+02
3.6382387978e+02
3.6383701866e+02
3.6385389604e+02
3.6387545712e+02
3.6389928701e+02
3.6392588788e+02
3.6395796430e+02
3.6399402885e+02
3.6403444698e+02
3.6407806130e+02
3.6412509584e+02
3.6417814240e+02
3.6423475667e+02
3.6429473316e+02
3.6435937419e+02
3.6442660263e+02
3.6449771976e+02
3.6457395041e+02
3.6465247961e+02
3.6473722474e+02
3.6482561206e+02
3.6491665479e+02
3.6501075583e+02
3.6511155006e+02
3.6521494496e+02
3.6532147898e+02
3.6543289308e+02
3.6554754979e+02
3.6566492091e+02
3.6578617605e+02
3.6591117047e+02
3.6603987912e+02
3.6617248537e+02
3.6630769182e+02
3.6644771815e+02
3.6658940550e+02
3.6673388574e+02
3.6688270107e+02
3.6703433985e+02
3.6718838492e+02
3.6734539509e+02
3.6750677606e+02
3.6766888839e+02
3.6783196343e+02
3.6800382622e+02
3.6817430931e+02
3.6834791175e+02
3.6851999049e+02
3.6869859573e+02
3.6888104791e+02
3.6905958379e+02
3.6924602473e+02
3.6942647015e+02
3.6961652001e+02
3.6980858845e+02
3.6999537513e+02
3.7018747718e+02
3.7038313405e+02
3.7057772437e+02
3.7077541603e+02
3.7096853071e+02
3.7117228756e+02
3.7137478105e+02
3.7156588165e+02
3.7176699653e+02
3.7197896753e+02
3.7217356069e+02
3.7236784187e+02
3.7256238692e+02
3.7276360877e+02
3.7291650715e+02
3.7305702856e+02
3.7336836695e+02
3.7179064409e+02
