6.6145019402e-03 1.0988595264e-02
1.4651751284e-02 2.3353761672e-02
2.3805298520e-02 -4.6184487700e-02
3.1375830610e-02 4.2254397853e-02
4.5674657158e-02 -7.9691248322e-02
5.2086080268e-02 6.5385666689e-02
7.6063368602e-02 9.2120842936e-02
7.7345575034e-02 -1.1883359424e-01
1.0258492671e-01 1.2180461001e-01
1.1500170138e-01 -1.6391705474e-01
1.3092788931e-01 1.5375625018e-01
1.5748845607e-01 -2.1398650182e-01
1.6528209765e-01 1.9215322491e-01
2.0364489551e-01 -2.6803313158e-01
2.1591795046e-01 2.4131663095e-01
2.6056466220e-01 -3.3051110960e-01
2.7552409427e-01 2.9150659250e-01
3.4063778004e-01 -4.0572366529e-01
3.4329241001e-01 3.4248751383e-01
4.2090452432e-01 3.9619162258e-01
4.2865092643e-01 -4.8171125002e-01
5.0643981612e-01 4.5384203276e-01
5.2236173091e-01 -5.6126576195e-01
5.9516024790e-01 5.1275829143e-01
6.2125125509e-01 -6.4994976060e-01
6.8687707206e-01 5.7253781748e-01
7.3115391788e-01 -7.3670584345e-01
7.9665201839e-01 6.3302917521e-01
8.5110405328e-01 -8.2141116459e-01
9.1248549312e-01 6.9016147375e-01
9.8008474945e-01 -9.0389375812e-01
1.0336545747e+00 7.4383533374e-01
1.1217178987e+00 -9.8924182179e-01
1.1593872796e+00 7.9391343826e-01
1.2721906023e+00 -1.0799803906e+00
1.2882285278e+00 8.4259865876e-01
1.4227747869e+00 8.9140114455e-01
1.4231092028e+00 -1.1701352233e+00
1.5655306040e+00 9.3509365676e-01
1.5788663636e+00 -1.2560482689e+00
1.7155252807e+00 9.7383806629e-01
1.7485214555e+00 -1.3306337037e+00
1.8717322605e+00 1.0077695886e+00
1.9227079574e+00 -1.3969835635e+00
2.0330736875e+00 1.0369959463e+00
2.1007283837e+00 -1.4553658224e+00
2.1984251986e+00 1.0615966889e+00
2.2818103377e+00 -1.5059701912e+00
2.3730733673e+00 1.0901625392e+00
2.4651096785e+00 -1.5489069261e+00
2.5373725146e+00 1.1003455225e+00
2.6535827810e+00 -1.5854075488e+00
2.7073799146e+00 1.1061481853e+00
2.8505852014e+00 -1.6197649893e+00
2.8776708178e+00 1.1050600372e+00
3.0321835151e+00 -1.6445316524e+00
3.0474760251e+00 1.0969978320e+00
3.2112807690e+00 -1.6619699253e+00
3.2163445281e+00 1.0822138877e+00
3.3837664853e+00 1.0609588300e+00
3.3874780920e+00 -1.6723397808e+00
3.5491751028e+00 1.0334803913e+00
3.5602501379e+00 -1.6758300244e+00
3.7161152241e+00 9.9849014474e-01
3.7289470158e+00 -1.6725573018e+00
3.8765671819e+00 9.5675617093e-01
3.8902408196e+00 -1.6593503996e+00
4.0227423170e+00 9.1160262223e-01
4.0453868377e+00 -1.6343673183e+00
4.1649687274e+00 8.5960045714e-01
4.1968345665e+00 -1.6004328748e+00
4.3029853021e+00 8.0116779145e-01
4.3440902000e+00 -1.5595135876e+00
4.4364682811e+00 7.3672818050e-01
4.4838710315e+00 -1.5138405770e+00
4.5650323252e+00 6.6670872411e-01
4.6146852477e+00 -1.4615208225e+00
4.6882319149e+00 5.9153817798e-01
4.7383376437e+00 -1.4023044957e+00
4.8055630716e+00 5.1164507945e-01
4.8556770996e+00 -1.3353249644e+00
4.9147700735e+00 4.2669856517e-01
4.9517686043e+00 -1.2635250926e+00
5.0063750430e+00 3.3532308948e-01
5.0395323568e+00 -1.1873569877e+00
5.0984376384e+00 2.4151939096e-01
5.1189497438e+00 -1.1071874013e+00
5.1776736747e+00 1.4547750791e-01
5.1899317436e+00 -1.0233750165e+00
5.2348946427e+00 4.9189242216e-02
5.2523190521e+00 -9.3626896797e-01
5.2827705467e+00 -4.8795645006e-02
5.3058825967e+00 -8.4620742394e-01
5.3214388904e+00 -1.4806014341e-01
5.3476597197e+00 -7.5067646324e-01
5.3509713303e+00 -2.4817538464e-01
5.3713731588e+00 -3.4870239861e-01
5.3739370835e+00 -6.5038413916e-01
5.3825831573e+00 -4.4919391712e-01
5.3844738220e+00 -5.4919621772e-01
