1.0953768874e+03
1.0918352076e+03
1.0954197041e+03
1.0917951398e+03
1.0954625209e+03
1.0917550720e+03
1.0955053377e+03
1.0917150041e+03
1.0955429626e+03
1.0916808150e+03
1.0955783891e+03
1.0916488643e+03
1.0956138156e+03
1.0916170106e+03
1.0956492421e+03
1.0915896585e+03
1.0956737155e+03
1.0915659091e+03
1.0956987476e+03
1.0915399302e+03
1.0957265236e+03
1.0915159889e+03
1.0957434282e+03
1.0915025057e+03
1.0957581031e+03
1.0914890225e+03
1.0957729704e+03
1.0914739095e+03
1.0957811408e+03
1.0914688126e+03
1.0957811545e+03
1.0914644598e+03
1.0957811682e+03
1.0914601069e+03
1.0957820585e+03
1.0914611210e+03
1.0957693606e+03
1.0914710644e+03
1.0957571783e+03
1.0914810077e+03
1.0957449960e+03
1.0914908411e+03
1.0957218841e+03
1.0915150987e+03
1.0956905368e+03
1.0915370116e+03
1.0956598196e+03
1.0915585321e+03
1.0956301380e+03
1.0915867524e+03
1.0955852187e+03
1.0916222529e+03
1.0955408027e+03
1.0916597406e+03
1.0954968309e+03
1.0916978073e+03
1.0954388660e+03
1.0917499997e+03
1.0953777412e+03
1.0918021922e+03
1.0953197645e+03
1.0918538658e+03
1.0952575939e+03
1.0919095820e+03
1.0951827225e+03
1.0919735670e+03
1.0951078510e+03
1.0920375519e+03
1.0950329796e+03
1.0921031686e+03
1.0949501961e+03
1.0921785297e+03
1.0948650702e+03
1.0922538908e+03
1.0947799442e+03
1.0923323619e+03
1.0946901991e+03
1.0924202135e+03
1.0945923646e+03
1.0925087046e+03
1.0944960378e+03
1.0925936582e+03
1.0944066272e+03
1.0926803124e+03
1.0943075503e+03
1.0927718724e+03
1.0942076087e+03
1.0928692576e+03
1.0941037629e+03
1.0929674225e+03
1.0939965229e+03
1.0930686315e+03
1.0938903758e+03
1.0931705324e+03
1.0937888703e+03
1.0932724332e+03
1.0936871178e+03
1.0933727437e+03
1.0935823264e+03
1.0934775351e+03
