4.1017076336e+02
4.1009031675e+02
4.1001228054e+02
4.0993899425e+02
4.0986818513e+02
4.0979794288e+02
4.0973550505e+02
4.0967487591e+02
4.0961598795e+02
4.0956219620e+02
4.0951118086e+02
4.0946428523e+02
4.0941970753e+02
4.0938086157e+02
4.0934478130e+02
4.0931046646e+02
4.0928308028e+02
4.0925692109e+02
4.0923538156e+02
4.0922027569e+02
4.0920678864e+02
4.0919638409e+02
4.0919132200e+02
4.0918971772e+02
4.0919426318e+02
4.0920040904e+02
4.0921263172e+02
4.0923021155e+02
4.0924962605e+02
4.0927442026e+02
4.0930333711e+02
4.0933655288e+02
4.0937446307e+02
4.0941717046e+02
4.0946363797e+02
4.0951565367e+02
4.0957292471e+02
4.0963168932e+02
4.0969835375e+02
4.0976795345e+02
4.0984133503e+02
4.0992033856e+02
4.1000320547e+02
4.1009443509e+02
4.1018638786e+02
4.1027988681e+02
4.1038273664e+02
4.1048797585e+02
4.1059796983e+02
4.1071276258e+02
4.1083064169e+02
4.1095467838e+02
4.1108081449e+02
4.1121173913e+02
4.1134921365e+02
4.1148644504e+02
4.1163010244e+02
4.1177887360e+02
4.1192825073e+02
4.1208376231e+02
4.1224027765e+02
4.1240306568e+02
4.1257061777e+02
4.1273704138e+02
4.1290862654e+02
4.1308492840e+02
4.1326351654e+02
4.1344246858e+02
4.1362668623e+02
4.1381633689e+02
4.1400184192e+02
4.1419436044e+02
4.1439216209e+02
4.1458568421e+02
4.1478463364e+02
4.1498681601e+02
4.1518751766e+02
4.1539106582e+02
4.1560315882e+02
4.1580644782e+02
4.1601743380e+02
4.1623006657e+02
4.1643848799e+02
4.1666032188e+02
4.1686813093e+02
4.1708904586e+02
4.1730342438e+02
4.1753176707e+02
4.1774292915e+02
4.1796968653e+02
4.1819681033e+02
4.1839371986e+02
4.1864354985e+02
4.1886592123e+02
4.1905445308e+02
4.1936736802e+02
4.1950463718e+02
4.1968937062e+02
4.2011966815e+02
4.1802493241e+02
