-9.9404732186e-06 -2.2643018917e-05
2.4823387608e-01 6.3767607671e-04
4.9075391567e-01 2.4978211290e-03
7.2753495485e-01 5.5360523454e-03
9.5857995439e-01 9.7267851285e-03
1.1838802503e+00 1.5009201766e-02
1.4034284305e+00 2.1340490149e-02
1.6172177515e+00 2.8683297805e-02
1.8252546892e+00 3.6985616061e-02
2.0275253621e+00 4.6215072682e-02
2.2240349605e+00 5.6318880272e-02
2.4147691829e+00 6.7265772760e-02
2.5997360172e+00 7.9004881963e-02
2.7789287703e+00 9.1506636358e-02
2.9523416482e+00 1.0471847438e-01
3.1199673223e+00 1.1860684413e-01
3.2818088943e+00 1.3312878148e-01
3.4378767571e+00 1.4824267652e-01
3.5881476183e+00 1.6391402420e-01
3.7326390643e+00 1.8009683057e-01
3.8713490199e+00 1.9675211590e-01
4.0042570954e+00 2.1384028661e-01
4.1313989137e+00 2.3132552716e-01
4.2527627555e+00 2.4915922242e-01
4.3683474132e+00 2.6731261075e-01
4.4781735552e+00 2.8573098616e-01
4.5822388262e+00 3.0439035070e-01
4.6805345643e+00 3.2323631199e-01
4.7731029809e+00 3.4224396284e-01
4.8599218429e+00 3.6136277392e-01
4.9410277139e+00 3.8055431296e-01
5.0164060194e+00 3.9978064286e-01
5.0860890012e+00 4.1899864025e-01
5.1500886480e+00 4.3817162841e-01
5.2084195428e+00 4.5726025830e-01
5.2610978082e+00 4.7621315458e-01
5.3081461733e+00 4.9500323194e-01
5.3495785931e+00 5.1358563047e-01
5.3854248614e+00 5.3191776022e-01
5.4156992512e+00 5.4995814132e-01
5.4404491187e+00 5.6766900897e-01
5.4596842464e+00 5.8500904201e-01
5.4734298014e+00 6.0193946399e-01
5.4817424278e+00 6.1841323826e-01
5.4846332693e+00 6.3440236086e-01
5.4821413929e+00 6.4985285317e-01
5.4743252047e+00 6.6472725148e-01
5.4611941090e+00 6.7899081087e-01
5.4428050935e+00 6.9260349746e-01
5.4192222600e+00 7.0551901187e-01
5.3904762154e+00 7.1770798224e-01
5.3565998633e+00 7.2912090446e-01
5.3176888028e+00 7.3972183973e-01
5.2737723210e+00 7.4948078511e-01
5.2249035381e+00 7.5834523983e-01
5.1711491597e+00 7.6628982067e-01
5.1125898111e+00 7.7326703453e-01
5.0492817201e+00 7.7925461368e-01
4.9812965155e+00 7.8419854651e-01
4.9087210812e+00 7.8807841967e-01
4.8316151547e+00 7.9085016550e-01
4.7500731863e+00 7.9248791921e-01
4.6641695972e+00 7.9295408912e-01
4.5740036350e+00 7.9222315721e-01
4.4796795171e+00 7.9025754893e-01
4.3812786774e+00 7.8704015414e-01
4.2789129550e+00 7.8253295402e-01
4.1726926863e+00 7.7672411144e-01
4.0627136229e+00 7.6957616107e-01
3.9491231833e+00 7.6108523559e-01
3.8320241125e+00 7.5121659768e-01
3.7115600623e+00 7.3996366611e-01
3.5878506439e+00 7.2730809238e-01
3.4610556596e+00 7.1324535097e-01
3.3313184900e+00 6.9776913140e-01
3.1987857852e+00 6.8086595397e-01
3.0636625872e+00 6.6254180851e-01
2.9261094259e+00 6.4280638491e-01
2.7862987481e+00 6.2166293179e-01
2.6444559421e+00 5.9912416312e-01
2.5007773635e+00 5.7523752727e-01
2.3555094563e+00 5.4999605710e-01
2.2088863470e+00 5.2345693309e-01
2.0611864088e+00 4.9565070064e-01
1.9126867155e+00 4.6664051780e-01
1.7637045088e+00 4.3648957916e-01
1.6146021924e+00 4.0526407143e-01
1.4657566434e+00 3.7309421779e-01
1.3176059408e+00 3.4004231763e-01
1.1706174811e+00 3.0626971969e-01
1.0254187853e+00 2.7191409932e-01
8.8255312428e-01 2.3718836101e-01
7.4289351225e-01 2.0229303895e-01
6.0731603404e-01 1.6757747647e-01
4.7704041656e-01 1.3335285207e-01
3.5355869310e-01 1.0012623998e-01
2.3894833321e-01 6.8480804005e-02
1.3627623037e-01 3.9631326145e-02
5.1177378324e-02 1.4456498182e-02
-3.0488668800e-04 -8.1961241036e-05
