7.5971967807e+00 9.9773286906e-06
7.6525055027e+00 1.0717927601e-05
7.7020685666e+00 8.3775336503e-06
7.7458546563e+00 3.1588535555e-06
7.7838305584e+00 -1.2063438248e-06
7.8160678343e+00 -2.8985053062e-06
7.8425620895e+00 -2.4932456847e-06
7.8633030497e+00 -4.3249365727e-06
7.8782922690e+00 -7.1242478475e-06
7.8875183871e+00 -7.0082573806e-06
7.8910270254e+00 -5.4289480536e-06
7.8887560064e+00 -2.4070401889e-06
7.8807235555e+00 -1.4844964805e-06
7.8669536638e+00 -5.1029432001e-06
7.8474206339e+00 -9.9025327821e-06
7.8221377254e+00 -1.2299841160e-05
7.7911081049e+00 -1.2549084851e-05
7.7543174569e+00 -1.2300891193e-05
7.7117657365e+00 -1.2485195263e-05
7.6634588192e+00 -1.2762675538e-05
7.6093923543e+00 -1.2763413769e-05
7.5495505191e+00 -1.3060209925e-05
7.4839477161e+00 -1.2869648945e-05
7.4125692487e+00 -1.3036014425e-05
7.3354027305e+00 -1.2966937712e-05
7.2524705668e+00 -1.2918679011e-05
7.1637507332e+00 -1.3268589347e-05
7.0692485851e+00 -1.3753375119e-05
6.9689561679e+00 -1.4368773192e-05
6.8628509459e+00 -1.4786992438e-05
6.7509548371e+00 -1.5096790117e-05
6.6332580303e+00 -1.5341182582e-05
6.5097205021e+00 -1.4730208485e-05
6.3803924698e+00 -1.3167399752e-05
6.2452335603e+00 -1.2536306961e-05
6.1042266350e+00 -1.2841251986e-05
5.9573872202e+00 -1.2783649468e-05
5.8047081024e+00 -1.1763794043e-05
5.6461787186e+00 -1.0612628469e-05
5.4817794057e+00 -9.2577988802e-06
5.3115171134e+00 -7.8783336164e-06
5.1353877464e+00 -6.4313449401e-06
4.9533636377e+00 -5.7432428756e-06
4.7654415835e+00 -6.1444704518e-06
4.5716370774e+00 -6.2990911406e-06
4.3719145867e+00 -5.4701428828e-06
4.1662778380e+00 -3.7564204530e-06
3.9547235280e+00 -2.6069329160e-06
3.7372354141e+00 -2.7009280507e-06
3.5138074782e+00 -3.6720599040e-06
3.2844256019e+00 -4.1682458093e-06
3.0490778832e+00 -3.8142042082e-06
2.8077735003e+00 -2.3093921176e-06
2.5604793464e+00 -1.5493133379e-06
2.3072002522e+00 -1.3970128395e-06
2.0479253645e+00 -1.4187850030e-06
1.7826410045e+00 -1.2900477490e-06
1.5113445189e+00 -9.1056503073e-07
-8.2620545226e-06 2.7210894081e-10
3.0280764509e-01 -2.5952565181e-07
5.9955453447e-01 -3.2122415181e-07
8.9023639828e-01 -2.2365838224e-07
1.1748759907e+00 1.8235622130e-08
1.4534760873e+00 4.6353530053e-07
1.7260447769e+00 8.4347436325e-07
1.9925890659e+00 8.3181033436e-07
2.2531370615e+00 8.8837046246e-07
2.5076799199e+00 1.2176345013e-06
2.7562281316e+00 1.7093135423e-06
2.9988029490e+00 2.1251013132e-06
3.2354004823e+00 2.4563870471e-06
3.4660355671e+00 2.7218828093e-06
3.6907238310e+00 2.8172378084e-06
3.9094657992e+00 2.7388236133e-06
4.1222724091e+00 2.9135647118e-06
4.3291547442e+00 3.6452595094e-06
4.5301159561e+00 4.8144374671e-06
4.7251705588e+00 5.6647320166e-06
4.9143195809e+00 6.0719920551e-06
5.0975814340e+00 6.0163392158e-06
5.2749566132e+00 6.3353845473e-06
5.4464381127e+00 6.9724571036e-06
5.6120771673e+00 7.8064734409e-06
5.7718511865e+00 8.3415187297e-06
5.9257591578e+00 8.5202409304e-06
6.0738305938e+00 8.5651925885e-06
6.2160614416e+00 8.8620861117e-06
6.3524491115e+00 9.0938570197e-06
6.4830108007e+00 8.9216975131e-06
6.6077533970e+00 8.4863971900e-06
6.7266842599e+00 7.6048981392e-06
6.8398082451e+00 6.7413347829e-06
6.9471251565e+00 5.8200943212e-06
7.0486352805e+00 5.6102606935e-06
7.1443594825e+00 5.2816840691e-06
7.2342951233e+00 5.0273179266e-06
7.3184432586e+00 4.3150758209e-06
7.3967823586e+00 4.0214257028e-06
7.4693519682e+00 4.4153081517e-06
7.5361598325e+00 6.5087060702e-06
