1.3246309543e-03 -4.8745263803e-06
7.3420123932e-05 5.8707884579e-06
1.9715159754e-03 5.2909206123e-06
1.3328843914e-03 5.3576710772e-06
1.9954622452e-03 3.1872668271e-05
1.9616734435e-03 -6.0194827253e-06
1.4055546654e-03 4.1622131100e-05
1.9574008476e-03 -2.5345213472e-05
1.4589219588e-04 1.3072018659e-05
1.3299498443e-03 -2.8475196004e-05
1.2484669542e-03 2.2813974229e-05
7.6936853827e-05 1.8671953575e-06
1.9276559662e-03 4.0151960663e-05
1.3123272578e-03 1.3352276949e-05
1.9883167089e-03 5.4408224296e-05
1.9591639078e-03 -1.6740185943e-05
1.4114053894e-03 4.9973270406e-05
1.9744539466e-03 -6.0170989082e-05
1.9532298095e-04 1.6342529259e-05
1.3732591028e-03 -5.7915509939e-05
1.2157717430e-03 3.7619151315e-05
1.4485776162e-04 -5.6620004433e-06
1.9174255626e-03 6.5538132580e-05
1.2739992861e-03 -3.1015917423e-05
1.9901688953e-03 8.4839293665e-05
1.9445495995e-03 -6.1271268446e-05
1.4424727449e-03 7.5819330593e-05
1.9728110020e-03 -8.1847924136e-05
2.5809967201e-04 2.5044415020e-05
1.3901478667e-03 -6.9236690416e-05
1.1705181388e-03 5.4528924158e-05
2.0156453120e-04 -1.1005825331e-05
1.8933836034e-03 9.3534894842e-05
1.2337064380e-03 -2.5757403938e-05
1.9880268309e-03 1.1860919990e-04
1.9268087638e-03 -7.0656573622e-05
1.4677304457e-03 1.0633259070e-04
1.9759708693e-03 -1.1476930843e-04
3.1551031907e-04 3.6518120345e-05
1.4194382730e-03 -1.0077968061e-04
1.1146086952e-03 6.5066547573e-05
2.6172779949e-04 -2.2479810756e-05
1.8589890791e-03 1.1624580954e-04
1.1748242367e-03 -5.5386447725e-05
1.9890253055e-03 1.5268365733e-04
1.8904174103e-03 -1.0909187594e-04
1.5053324475e-03 1.3916193355e-04
1.9874882534e-03 -1.5008425756e-04
3.7504623950e-04 5.1829988347e-05
1.4764667820e-03 -1.3564845249e-04
1.0553458001e-03 8.4595609935e-05
3.2527097196e-04 -3.8408180928e-05
1.8201464026e-03 1.4642681153e-04
1.1074063695e-03 -8.1222849243e-05
1.9785532964e-03 1.8388352131e-04
1.8465752810e-03 -1.4473961679e-04
1.5225792436e-03 1.6769081970e-04
1.9734782430e-03 -1.8535791312e-04
4.2697318385e-04 6.6040973305e-05
1.4833963440e-03 -1.7090857417e-04
1.0027926092e-03 1.0357115496e-04
3.7903463049e-04 -5.4707244184e-05
1.7845347431e-03 1.7620031058e-04
1.0713642791e-03 -9.3212251532e-05
1.9568448012e-03 2.0420226236e-04
1.8260968924e-03 -1.6742203878e-04
1.5150415688e-03 1.7432801645e-04
1.9619330957e-03 -2.0225520676e-04
4.6645103346e-04 7.1101795931e-05
1.4919714054e-03 -1.6807008873e-04
9.5872556561e-04 1.1020680883e-04
4.2772473036e-04 -5.6769733764e-05
1.7587258284e-03 1.9600978541e-04
1.0239388324e-03 -1.0334682675e-04
1.9416488084e-03 2.3429974711e-04
1.7956647175e-03 -1.8958858146e-04
1.5367133418e-03 2.0851022262e-04
1.9509527463e-03 -2.3170008832e-04
5.1771647114e-04 9.1119499049e-05
1.5247959147e-03 -2.0419412781e-04
8.9178238318e-04 1.2210328014e-04
4.8450410307e-04 -7.8571683977e-05
1.7073126788e-03 2.1949014291e-04
9.5664603618e-04 -1.1754394769e-04
1.9202789475e-03 2.5902397497e-04
1.7443743381e-03 -2.1441891228e-04
1.5335260359e-03 2.2868875605e-04
1.9303049948e-03 -2.5796913925e-04
5.6008921073e-04 1.0435414842e-04
1.5245870896e-03 -2.2760996223e-04
8.4531764547e-04 1.2228630092e-04
5.2667084735e-04 -9.1470744317e-05
1.6719591393e-03 2.3173812549e-04
9.1525979702e-04 -1.1347660186e-04
1.8952633821e-03 2.8670213400e-04
1.7191757777e-03 -2.2276213307e-04
1.5384796412e-03 2.5437473059e-04
1.9124564158e-03 -2.8555470545e-04
6.0111111124e-04 1.2097748340e-04
1.5404335179e-03 -2.5820725234e-04
7.8064883314e-04 1.3261867427e-04
5.7578827251e-04 -1.1239550228e-04
1.6186306292e-03 2.5609507807e-04
8.4786705781e-04 -1.3309539910e-04
1.8682614835e-03 3.1299218244e-04
1.6626515289e-03 -2.5574100116e-04
1.5508462393e-03 2.9962298542e-04
1.8882948212e-03 -3.0693186981e-04
6.4268671854e-04 1.5246530822e-04
1.5405236444e-03 -2.6838520667e-04
7.1185595816e-04 1.3835749705e-04
6.1599732868e-04 -1.2181929632e-04
1.5590452577e-03 2.7384676378e-04
7.9535506414e-04 -1.3861651849e-04
1.8355780259e-03 3.3562313299e-04
1.6217208620e-03 -2.7399856974e-04
1.5319741175e-03 3.0428983683e-04
1.8610227308e-03 -3.2954261651e-04
6.6653872424e-04 1.5676029008e-04
1.5445618759e-03 -2.9648227188e-04
6.6679330131e-04 1.4119534154e-04
6.5288560702e-04 -1.4246373801e-04
1.5306451833e-03 2.9102549339e-04
7.3349124946e-04 -1.3933021758e-04
1.8007650457e-03 3.5671136130e-04
1.5722089245e-03 -2.8683346696e-04
1.5199827540e-03 3.2669745924e-04
1.8302338699e-03 -3.5328581417e-04
6.9533574647e-04 1.7504137066e-04
1.5406730641e-03 -3.3031790174e-04
6.0326032847e-04 1.4182820526e-04
6.8821321718e-04 -1.6857477209e-04
1.4702826511e-03 3.0454998253e-04
6.7170999863e-04 -1.4253654643e-04
1.7645357164e-03 3.7727690305e-04
1.5157143753e-03 -3.0151227015e-04
1.5178332603e-03 3.4988152139e-04
1.7995499551e-03 -3.7427863437e-04
7.2667590541e-04 1.9337751935e-04
1.5300053294e-03 -3.3803621766e-04
5.3344908777e-04 1.3907140839e-04
7.1522628492e-04 -1.7588619381e-04
1.4030267516e-03 3.1488131579e-04
6.2391666866e-04 -1.4412195263e-04
1.7248548788e-03 3.9566460452e-04
1.4814217657e-03 -3.1785129862e-04
1.5109983145e-03 3.6951937646e-04
1.7649824179e-03 -3.9085831364e-04
7.5531035273e-04 2.0994507512e-04
1.5118956545e-03 -3.5992342721e-04
4.7670763946e-04 1.3601969781e-04
7.3807681699e-04 -1.9599579343e-04
1.3540941727e-03 3.2591592986e-04
5.6397713588e-04 -1.3763939218e-04
1.6856520777e-03 4.1282105897e-04
1.4230630734e-03 -3.1994815032e-04
1.4911097295e-03 3.8818672371e-04
1.7260610583e-03 -4.0917040897e-04
7.7345743872e-04 2.2712091924e-04
1.5158322397e-03 -3.8425044998e-04
4.1889793057e-04 1.3229316488e-04
7.7596023025e-04 -2.1667265656e-04
4.9856278836e-04 -1.3659774468e-04
1.2977743490e-03 3.3522491759e-04
1.3544758582e-03 -3.3369490940e-04
1.6393002259e-03 4.2746860615e-04
1.6866550149e-03 -4.2610997528e-04
1.4699471935e-03 4.0555251253e-04
1.5022795659e-03 -4.1708644336e-04
7.9182240070e-04 2.4485756774e-04
7.9794816651e-04 -2.4776101582e-04
3.6114037765e-04 1.2664540041e-04
4.3888891565e-04 -1.3239154024e-04
1.2380727393e-03 3.3999431507e-04
1.2946260487e-03 -3.3969530595e-04
1.5966360431e-03 4.4088457868e-04
1.6426410201e-03 -4.3863508995e-04
1.4462779208e-03 4.2942989874e-04
1.4827575879e-03 -4.1762681401e-04
8.0371829213e-04 2.6743492078e-04
8.1403215968e-04 -2.4963790862e-04
3.0059256084e-04 1.1820735394e-04
3.8922739680e-04 -1.2643919787e-04
1.1643042048e-03 3.4524035839e-04
1.2560606350e-03 -3.4851595610e-04
1.5421227134e-03 4.4741493305e-04
1.6030047077e-03 -4.4991964241e-04
1.4186620450e-03 4.2903242022e-04
1.4534388220e-03 -4.2762226317e-04
8.1167720327e-04 2.6934920763e-04
8.2285172400e-04 -2.6225564513e-04
2.5091374810e-04 1.0233054838e-04
3.3904325453e-04 -1.1917216832e-04
1.1244393448e-03 3.3772386178e-04
1.2062157089e-03 -3.5193150910e-04
1.4999561218e-03 4.5441250822e-04
1.5602459220e-03 -4.5969450893e-04
1.4118155000e-03 4.6321186850e-04
1.4281194228e-03 -4.4219009764e-04
8.4168971133e-04 3.0847754125e-04
8.3361450775e-04 -2.7813908985e-04
1.9092752866e-04 9.5384681859e-05
2.8417604255e-04 -1.0755304257e-04
1.0483478524e-03 3.4240523968e-04
1.1397026407e-03 -3.4889017620e-04
1.4395913253e-03 4.6684518070e-04
1.5125169542e-03 -4.6539949893e-04
1.3726790443e-03 4.6232251296e-04
1.4212619012e-03 -4.6606327726e-04
8.3815601742e-04 3.0504529622e-04
8.5873149803e-04 -3.0728945437e-04
1.4135757703e-04 8.2444586305e-05
2.2700596854e-04 -9.7879285742e-05
9.8944766965e-04 3.4043872302e-04
1.0792621026e-03 -3.5142420540e-04
1.3889429174e-03 4.7135187308e-04
1.4659957415e-03 -4.7725518091e-04
1.3449018516e-03 4.7381056397e-04
1.3876095677e-03 -4.6950038841e-04
8.4372075397e-04 3.2198541888e-04
8.5516484363e-04 -3.0999622758e-04
9.1446340580e-05 7.1786986178e-05
1.7865866116e-04 -8.8208748947e-05
9.4521445119e-04 3.4112417552e-04
1.0354591826e-03 -3.5256715235e-04
1.3444514661e-03 4.7926582007e-04
1.4215780980e-03 -4.8323154670e-04
1.3009089410e-03 4.9012922881e-04
1.3601258780e-03 -4.8314092131e-04
8.2866617609e-04 3.4323646850e-04
8.6302863706e-04 -3.2933235253e-04
4.0560509400e-05 5.9252528022e-05
1.2967854209e-04 -7.6857925423e-05
8.8181022919e-04 3.3673372585e-04
9.7403770799e-04 -3.4846299016e-04
1.2864479650e-03 4.8072566356e-04
1.3707969320e-03 -4.8522702507e-04
1.2651325649e-03 4.9056452370e-04
1.3257929751e-03 -4.8325621426e-04
8.2622400004e-04 3.4592936136e-04
8.5697674257e-04 -3.3145705266e-04
-4.1457005980e-06 4.4399275081e-05
8.2934016102e-05 -6.1788376095e-05
8.3050131424e-04 3.3107946618e-04
9.3474869747e-04 -3.3455989440e-04
1.2363472958e-03 4.8087777974e-04
1.3304412216e-03 -4.8432495713e-04
1.2290125287e-03 4.9432238734e-04
1.2957004120e-03 -5.0122644979e-04
8.2050093239e-04 3.5467833235e-04
8.5759246341e-04 -3.5523160223e-04
3.8730576809e-05 -4.7976884672e-05
1.1752287125e-05 5.1321776296e-05
8.6995952251e-04 -3.4038493212e-04
7.7561644991e-04 3.2574579033e-04
1.2743265343e-03 -4.9063486065e-04
1.1840908478e-03 4.8088062184e-04
1.2644641360e-03 -5.0039245407e-04
1.1880871250e-03 4.9671746710e-04
8.5691023342e-04 -3.5890270667e-04
8.0805389847e-04 3.6316172215e-04
5.4677399797e-05 -5.7189135348e-05
4.9887680069e-05 6.8441790902e-05
8.1676529075e-04 -3.3471620743e-04
7.2291493136e-04 3.1573188254e-04
1.2249763726e-03 -4.9169461277e-04
1.1297809813e-03 4.7651971769e-04
1.2264727886e-03 -5.0853360017e-04
1.1475351201e-03 4.9935681940e-04
8.4583976553e-04 -3.7333914325e-04
7.9646216043e-04 3.7127403614e-04
9.2191146503e-05 -7.4020708299e-05
8.1784553915e-05 8.1054085713e-05
7.6254646210e-04 -3.2306428370e-04
6.6475374770e-04 3.0547784365e-04
1.1730408925e-03 -4.8528989472e-04
1.0732061753e-03 4.7157802149e-04
1.1968473396e-03 -5.1554211605e-04
1.1122145898e-03 4.9832370965e-04
8.4634633327e-04 -3.9436896914e-04
7.9219099926e-04 3.7622956799e-04
1.2508097329e-04 -9.3079809775e-05
1.1170659190e-04 9.3154783521e-05
7.0713775827e-04 -3.1613835680e-04
6.1328708825e-04 2.9364282998e-04
1.1190331444e-03 -4.8509772582e-04
1.0212196261e-03 4.6593571905e-04
1.1626148815e-03 -5.1645220365e-04
1.0712657915e-03 4.9921495789e-04
8.4227053722e-04 -3.9577432731e-04
7.7600328771e-04 3.8436545939e-04
1.5452964974e-04 -1.0798502773e-04
1.3849131364e-04 1.0724035299e-04
6.5461541482e-04 -3.0511397989e-04
5.5794766761e-04 2.8079434107e-04
1.0681331743e-03 -4.7918370330e-04
9.6368876751e-04 4.5589289005e-04
1.1248549625e-03 -5.1714663391e-04
1.0300503134e-03 4.8887921277e-04
8.2675451078e-04 -4.0313564433e-04
7.5936664705e-04 3.7663636900e-04
1.8000001841e-04 -1.2299771433e-04
1.6188610199e-04 1.1639110314e-04
6.0567581838e-04 -2.9490678180e-04
5.2322550300e-04 2.6790790207e-04
1.0174325354e-03 -4.7319142758e-04
9.2293781937e-04 4.4858639937e-04
1.0865001178e-03 -5.1410273245e-04
9.8269288826e-04 4.9182633633e-04
8.1478431403e-04 -4.0423545257e-04
7.2984490684e-04 3.9038940058e-04
2.0500282173e-04 -1.3406264010e-04
1.7503014247e-04 1.3067320402e-04
5.6580894568e-04 -2.8677019549e-04
4.7306776657e-04 2.5728458789e-04
9.7441211674e-04 -4.6948256973e-04
8.7168007494e-04 4.4179707261e-04
1.0410391847e-03 -5.0873640932e-04
7.8362050335e-04 -4.0271033616e-04
9.4362534697e-04 4.8533256627e-04
2.2023199787e-04 -1.4596642785e-04
7.1529811322e-04 3.9140976097e-04
5.1985609124e-04 -2.7532934781e-04
1.9555989289e-04 1.4458152220e-04
9.2445808608e-04 -4.6152304313e-04
4.2713018263e-04 2.4437162431e-04
1.0018607646e-03 -5.0667833779e-04
8.1819259372e-04 4.3045876542e-04
7.7176405740e-04 -4.1022195939e-04
8.9774512293e-04 4.7790789710e-04
2.4026458817e-04 -1.6048428063e-04
6.8315062099e-04 3.8329739339e-04
4.7178949088e-04 -2.6120655573e-04
2.0604189297e-04 1.4765808320e-04
8.7121963819e-04 -4.4986987915e-04
3.7766655770e-04 2.2644023540e-04
9.6146014739e-04 -5.0186986478e-04
7.6092606876e-04 4.1405859611e-04
7.5756776398e-04 -4.1550375680e-04
8.6403804014e-04 4.6754487371e-04
2.5585463444e-04 -1.7279378489e-04
6.9038136906e-04 4.0269848267e-04
4.2363141891e-04 -2.4470900692e-04
2.2847980814e-04 1.6712298496e-04
8.1894760295e-04 -4.3697508012e-04
3.3587767833e-04 2.1150325983e-04
9.1963710596e-04 -4.9894635914e-04
7.1361973346e-04 4.0402273881e-04
7.3051317563e-04 -4.2729139907e-04
8.1470075801e-04 4.6011158396e-04
2.6377783336e-04 -1.9126033062e-04
6.5378315740e-04 3.8802638701e-04
3.8361017137e-04 -2.3536331002e-04
2.3267692916e-04 1.7078330187e-04
7.7250249694e-04 -4.2870279865e-04
2.9371355089e-04 1.9637126483e-04
8.7329810230e-04 -4.9097728649e-04
6.6011221956e-04 3.8695598675e-04
6.9512710557e-04 -4.2384946341e-04
7.7151670505e-04 4.5019876924e-04
2.6631993583e-04 -2.0025714674e-04
6.3333980976e-04 3.8700833930e-04
3.4231720054e-04 -2.2269558964e-04
2.4056339107e-04 1.7862348792e-04
7.2195269198e-04 -4.1517209460e-04
2.5765962495e-04 1.8201920534e-04
8.2862439373e-04 -4.7562684259e-04
6.1669550423e-04 3.7481874537e-04
6.7655183573e-04 -4.0672948965e-04
7.2730459511e-04 4.4084623873e-04
2.7601417275e-04 -1.9879256662e-04
3.0276525837e-04 -2.0725409950e-04
5.9339492006e-04 3.8361308915e-04
6.7355842297e-04 -4.0181697652e-04
2.3496359208e-04 1.8581935300e-04
7.8302692431e-04 -4.6510546916e-04
2.1852109427e-04 1.6671269508e-04
6.4945884610e-04 -4.0581881935e-04
5.6570918272e-04 3.5682077194e-04
2.7888809581e-04 -2.0824329003e-04
6.8253361639e-04 4.2382193158e-04
2.6426406045e-04 -1.9388426224e-04
5.6350970161e-04 3.6580409536e-04
6.2454530871e-04 -3.8749405160e-04
2.3526343823e-04 1.8113952504e-04
7.3564438282e-04 -4.5247043887e-04
1.9117776070e-04 1.4922534723e-04
6.1728770947e-04 -3.9697754193e-04
5.2988183181e-04 3.3988082499e-04
2.7705659122e-04 -2.1177175928e-04
6.4065429025e-04 4.0769810007e-04
2.2688718155e-04 -1.7923588817e-04
5.3817602178e-04 3.5959798047e-04
5.7530460806e-04 -3.7093019568e-04
2.3663227517e-04 1.8676421261e-04
6.8867371955e-04 -4.3777778308e-04
1.5973284754e-04 1.3685192470e-04
5.8570595893e-04 -3.9017916845e-04
4.8527004139e-04 3.2615307468e-04
2.7333995538e-04 -2.1724236584e-04
5.9441500956e-04 3.9219442765e-04
1.8896234450e-04 -1.6506573380e-04
5.0629203463e-04 3.4804196324e-04
5.2348709917e-04 -3.5294297004e-04
2.3308860495e-04 1.8774875721e-04
6.3980770169e-04 -4.2223350048e-04
1.2572402406e-04 1.2075476845e-04
5.5115133879e-04 -3.8276111448e-04
4.3140239009e-04 3.0333854739e-04
2.6641405840e-04 -2.2146714855e-04
5.4634987939e-04 3.7138253712e-04
1.5310123815e-04 -1.5053071785e-04
4.7837525270e-04 3.3193771044e-04
4.7161207047e-04 -3.3330830372e-04
2.3075909614e-04 1.8461717673e-04
5.8983681247e-04 -4.0329752156e-04
9.8496521988e-05 1.0805169272e-04
5.1437091585e-04 -3.6899715571e-04
2.5688366102e-04 -2.1907165159e-04
3.8907082681e-04 2.8914782764e-04
1.2259395387e-04 -1.3240181096e-04
4.9894149785e-04 3.5609262090e-04
4.2503526880e-04 -3.0911694773e-04
4.3929009343e-04 3.2564565417e-04
5.3956369025e-04 -3.8079855407e-04
2.1703856664e-04 1.8845820905e-04
4.8076230904e-04 -3.5550909471e-04
6.9822995388e-05 8.9935737879e-05
2.4873024447e-04 -2.1892385135e-04
3.4346153365e-04 2.6016099599e-04
9.0783441523e-05 -1.2020109594e-04
4.5190031765e-04 3.3279823695e-04
3.7327414044e-04 -2.9200073712e-04
3.9772405741e-04 3.1656385616e-04
4.8351152927e-04 -3.6073351289e-04
1.9928848218e-04 1.9225990825e-04
4.3363982155e-04 -3.3798838238e-04
4.3750186428e-05 7.8138850387e-05
2.2844394010e-04 -2.1435226171e-04
2.9613098609e-04 2.3795351441e-04
6.1026076809e-05 -1.0729777620e-04
3.9971681588e-04 3.0712908976e-04
3.2177946683e-04 -2.6905071055e-04
3.6205063074e-04 2.9052963781e-04
4.2661845533e-04 -3.3556004629e-04
1.8893401164e-04 1.8041180303e-04
3.8605313324e-04 -3.1707365181e-04
2.3385416901e-05 6.9117061181e-05
2.0623102013e-04 -2.0687038465e-04
2.5443217879e-04 2.2255520503e-04
3.3525942567e-05 -9.4966844182e-05
3.4607280572e-04 2.8471443868e-04
2.7092395459e-04 -2.4558987695e-04
3.1165714452e-04 2.6949024385e-04
3.6710115975e-04 -3.0740841473e-04
1.6235463102e-04 1.7370680872e-04
3.3225251560e-04 -2.9161960517e-04
-2.0195912634e-06 6.2513470561e-05
1.7734005191e-04 -1.9494435087e-04
1.9887340595e-04 2.0355924049e-04
8.5668687984e-06 -8.2810071797e-05
2.2157910664e-04 -2.2125895776e-04
2.8295853857e-04 2.5649209602e-04
3.0378980550e-04 -2.7445886262e-04
2.5524657271e-04 2.3675030552e-04
2.7420547400e-04 -2.5754802838e-04
1.3071133493e-04 1.5319419566e-04
1.4499878658e-04 -1.7807370071e-04
-1.9420308033e-05 4.9032368719e-05
-1.6900274379e-05 -8.0884286092e-05
1.5380113469e-04 1.6994411843e-04
1.5979211381e-04 -2.1260491326e-04
2.2119718209e-04 2.1733753783e-04
2.2461842915e-04 -2.5071044936e-04
1.9822387308e-04 2.0679562312e-04
2.0264856130e-04 -2.2996204956e-04
9.7756312370e-05 1.4022194650e-04
1.0137466202e-04 -1.6683972621e-04
-4.1151651066e-05 4.2287259881e-05
-4.5797851012e-05 -7.8444347556e-05
9.4272804638e-05 1.4201467976e-04
8.6434099066e-05 -1.8559981430e-04
1.3951478905e-04 1.7416705356e-04
1.3014832465e-04 -2.0927246822e-04
1.1413772544e-04 1.5432090299e-04
1.0989128351e-04 -1.7847260690e-04
3.9832282883e-05 1.0880340238e-04
3.7003272675e-05 -1.3752577787e-04
-6.2188997562e-05 5.9433716798e-05
-7.4567501404e-05 -1.0508952284e-04
6.4228206504e-05 1.8029557533e-04
2.4474784061e-05 -2.6033168066e-04
6.3273067342e-05 1.5071140321e-04
3.2083300163e-05 -1.9644950915e-04
-1.2033316011e-04 -4.0449262123e-07
-1.7403407907e-04 6.2727491912e-05
-2.1538310999e-04 -7.5424051720e-05
-2.9211154344e-04 1.6758484223e-04
-1.0233322472e-04 2.3099288023e-05
-7.3734073640e-05 -2.9707563503e-05
