-4.2551819408e-06 -3.0330895760e-07
2.9866853906e-01 1.0412232157e-03
5.9158057633e-01 4.1218976210e-03
8.7862557674e-01 9.1542609755e-03
1.1597371863e+00 1.6092794534e-02
1.4348077939e+00 2.4842984870e-02
1.7037784749e+00 3.5354445809e-02
1.9665416468e+00 4.7542922997e-02
2.2230144248e+00 6.1340551135e-02
2.4731077488e+00 7.6685774040e-02
2.7167307188e+00 9.3491837189e-02
2.9538116586e+00 1.1170825780e-01
3.1842446549e+00 1.3125122139e-01
3.4079512432e+00 1.5205085146e-01
3.6248575179e+00 1.7404200759e-01
3.8348727930e+00 1.9714073169e-01
4.0379220128e+00 2.2129541189e-01
4.2339213108e+00 2.4641465803e-01
4.4228061331e+00 2.7243241814e-01
4.6044937175e+00 2.9928319128e-01
4.7789115720e+00 3.2687722644e-01
4.9460237650e+00 3.5516273857e-01
5.1057303405e+00 3.8404431523e-01
5.2580102313e+00 4.1346141204e-01
5.4027878636e+00 4.4333906643e-01
5.5400098921e+00 4.7359152511e-01
5.6696491400e+00 5.0416036659e-01
5.7916454290e+00 5.3496032507e-01
5.9059798627e+00 5.6591327926e-01
6.0126277209e+00 5.9695774945e-01
6.1115491503e+00 6.2800304307e-01
6.2027109849e+00 6.5898083981e-01
6.2861424476e+00 6.8982084401e-01
6.3618079946e+00 7.2043706949e-01
6.4297187200e+00 7.5076710990e-01
6.4898605388e+00 7.8073136858e-01
6.5422736469e+00 8.1025166534e-01
6.5869439307e+00 8.3925563132e-01
6.6239251913e+00 8.6767589536e-01
6.6532270184e+00 8.9543654741e-01
6.6748992835e+00 9.2245792097e-01
6.6889836350e+00 9.4868150905e-01
6.6955303016e+00 9.7403442490e-01
6.6946065578e+00 9.9843173192e-01
6.6862593843e+00 1.0218234762e+00
6.6705954047e+00 1.0441398238e+00
6.6476708957e+00 1.0653002479e+00
6.6175710742e+00 1.0852559962e+00
6.5804099986e+00 1.1039327782e+00
6.5362591584e+00 1.1212708328e+00
6.4852513532e+00 1.1372151258e+00
6.4275167394e+00 1.1516965229e+00
6.3631518867e+00 1.1646660132e+00
6.2922987775e+00 1.1760723580e+00
6.2151123045e+00 1.1858533720e+00
6.1317080751e+00 1.1939654444e+00
6.0422580999e+00 1.2003566745e+00
5.9469248530e+00 1.2049794294e+00
5.8458667732e+00 1.2078017629e+00
5.7392468246e+00 1.2087759287e+00
5.6272834410e+00 1.2078718534e+00
5.5101385515e+00 1.2050457235e+00
5.3879783300e+00 1.2002755054e+00
5.2610447516e+00 1.1935419778e+00
5.1295434978e+00 1.1848091531e+00
4.9936542658e+00 1.1740695260e+00
4.8536327598e+00 1.1613130888e+00
4.7097020230e+00 1.1465195757e+00
4.5620703594e+00 1.1296981811e+00
4.4109818367e+00 1.1108425278e+00
4.2567087551e+00 1.0899561763e+00
4.0994897933e+00 1.0670695856e+00
3.9395781815e+00 1.0421875505e+00
3.7772294351e+00 1.0153281801e+00
3.6127550986e+00 9.8655336665e-01
3.4463953129e+00 9.5587220092e-01
3.2784590074e+00 9.2334086806e-01
3.1092616938e+00 8.8903518480e-01
2.9390853226e+00 8.5298774109e-01
2.7682463586e+00 8.1529183254e-01
2.5971050982e+00 7.7603880283e-01
2.4260065101e+00 7.3530662704e-01
2.2552820649e+00 6.9322150244e-01
2.0853240088e+00 6.4988189502e-01
1.9165545713e+00 6.0543930495e-01
1.7493981350e+00 5.6006695279e-01
1.5842893026e+00 5.1389027575e-01
1.4217251257e+00 4.6714266277e-01
1.2622481421e+00 4.2000788049e-01
1.1064797012e+00 3.7275291252e-01
9.5507309713e-01 3.2570273850e-01
8.0875980790e-01 2.7908505542e-01
6.6840461410e-01 2.3335870484e-01
5.3504613199e-01 1.8893809202e-01
4.1002610463e-01 1.4636434068e-01
2.9485428707e-01 1.0646485348e-01
1.9159640282e-01 6.9921864372e-02
1.0343332589e-01 3.8098448517e-02
3.5086615281e-02 1.2685309298e-02
-3.7683930414e-06 -6.5458175017e-07
