1.4067275884e-06 -5.5495314244e-09
2.4453786006e-01 -5.0780541339e-07
4.8314076994e-01 -3.9811177596e-07
7.1583409369e-01 6.7234465764e-08
9.4269727959e-01 3.3035356628e-07
1.1637470521e+00 2.2534419114e-07
1.3790630689e+00 3.1752712502e-07
1.5886700672e+00 3.4407271249e-07
1.7926386353e+00 3.7825854631e-07
1.9909905853e+00 5.8689949776e-07
2.1837966887e+00 7.0209833859e-07
2.3711004173e+00 5.7682723589e-07
2.5529317027e+00 4.6656607044e-07
2.7293636113e+00 9.0740772579e-07
2.9004066779e+00 1.7163905983e-06
3.0661491998e+00 2.1363927572e-06
3.2266067369e+00 1.6110568445e-06
3.3818150657e+00 3.8601690450e-07
3.5318447010e+00 -4.8930351771e-08
3.6767010620e+00 6.1458588942e-07
3.8164762329e+00 1.4040317733e-06
3.9511840209e+00 1.2975289009e-06
4.0808378817e+00 1.9146477380e-07
4.2055212312e+00 -3.2327424792e-07
4.3252394478e+00 -1.1545168475e-07
4.4400445263e+00 2.6229341297e-07
4.5499772847e+00 -1.1018708867e-07
4.6550423042e+00 -1.2759333298e-06
4.7553081146e+00 -1.6265214405e-06
4.8507843325e+00 -1.2158495916e-06
4.9414991708e+00 -4.8349546297e-07
5.0275099358e+00 -2.9756785228e-07
5.1088167114e+00 -4.7795915293e-07
5.1854574110e+00 -6.1651670219e-07
5.2574546057e+00 -5.1237583398e-07
5.3248249044e+00 -2.5375044754e-07
5.3876116793e+00 -1.1098801912e-07
5.4458176247e+00 -3.2781177832e-07
5.4994706363e+00 -7.0561988727e-07
5.5485886972e+00 -1.1204158834e-06
5.5931783396e+00 -1.8212553047e-06
5.6332733670e+00 -2.1980373685e-06
5.6688744089e+00 -2.0387016167e-06
5.6999947605e+00 -1.3993790413e-06
5.7266529595e+00 -1.2954582438e-06
5.7488515347e+00 -1.3615896274e-06
5.7666025177e+00 -1.6590273772e-06
5.7799056969e+00 -2.1371289362e-06
5.7887776833e+00 -2.3722942842e-06
5.7932052081e+00 -2.1649108317e-06
5.7932001950e+00 -1.3942951097e-06
5.7887734245e+00 -1.1700768886e-06
5.7798996850e+00 -1.7681223331e-06
5.7665919767e+00 -2.5167696423e-06
5.7488380433e+00 -2.5728644185e-06
5.7266344833e+00 -1.7673029150e-06
5.6999726051e+00 -1.2951723246e-06
5.6688441779e+00 -1.6703848280e-06
5.6332461016e+00 -2.4481168068e-06
5.5931449791e+00 -2.4671721715e-06
5.5485418750e+00 -1.7268851480e-06
5.4994402645e+00 -1.1214591705e-06
5.4457822855e+00 -9.0261647390e-07
5.3875728812e+00 -1.0074530291e-06
5.3247844081e+00 -1.1039995162e-06
5.2574064850e+00 -1.1324369402e-06
5.1854151141e+00 -1.2468908427e-06
5.1087689697e+00 -1.3966546823e-06
5.0274679561e+00 -1.4900428013e-06
4.9414587550e+00 -1.2593389638e-06
4.8507232149e+00 -5.3615919317e-07
4.7552600188e+00 9.0839203514e-08
4.6549953664e+00 4.1728167942e-07
4.5499265243e+00 9.3476215077e-07
4.4400086607e+00 9.4764305690e-07
4.3251993389e+00 1.3230025935e-07
4.2054896446e+00 -6.8603598074e-07
4.0808079927e+00 -9.7353342029e-07
3.9511424778e+00 -2.5795269100e-07
3.8164447387e+00 3.6428865237e-07
3.6766737275e+00 6.0693408790e-08
3.5318157024e+00 -6.6825417796e-07
3.3817869874e+00 -6.4294664746e-07
3.2265663999e+00 1.0871963865e-07
3.0661210927e+00 8.1678246648e-07
2.9003809660e+00 9.4537162690e-07
2.7293363641e+00 2.1561828403e-07
2.5529022085e+00 -1.6602486978e-07
2.3710734959e+00 -1.7356800406e-08
2.1837841650e+00 6.1755304307e-08
1.9909694874e+00 3.4048045382e-07
1.7926219751e+00 5.5974105379e-07
1.5886573530e+00 5.9679892728e-07
1.3790401676e+00 3.7565147092e-07
1.1637481288e+00 -6.0321874111e-08
9.4268019723e-01 -1.0911946195e-07
7.1582806671e-01 7.5700632464e-08
4.8314054839e-01 4.4760618273e-07
2.4452963396e-01 4.3320168944e-07
-6.1902419127e-06 -6.5461737523e-09
