3.5627548923e-02 -1.4012118326e-02
3.7080631092e-02 -1.5317561980e-02
3.8519903036e-02 -1.6611728581e-02
3.9964834409e-02 -1.7902388826e-02
4.1387165205e-02 -1.9161043628e-02
4.2776089069e-02 -2.0370194054e-02
4.4159157595e-02 -2.1549807150e-02
4.5536064914e-02 -2.2699666049e-02
4.6907382984e-02 -2.3820545652e-02
4.8253660009e-02 -2.4933341894e-02
4.9579913301e-02 -2.6014093679e-02
5.0890332098e-02 -2.7063250405e-02
5.2184605859e-02 -2.8080579095e-02
5.3476751349e-02 -2.9074727746e-02
5.4768685903e-02 -3.0059897849e-02
5.6019063390e-02 -3.1012541058e-02
5.7264863928e-02 -3.1945416814e-02
5.8505732199e-02 -3.2858289877e-02
5.9741309861e-02 -3.3750922507e-02
6.0968012029e-02 -3.4631307031e-02
6.2178959567e-02 -3.5502959818e-02
6.3380418859e-02 -3.6354900291e-02
6.4572029538e-02 -3.7186891167e-02
6.5754907543e-02 -3.7999239537e-02
6.6946776563e-02 -3.8805068912e-02
6.8115109897e-02 -3.9595747868e-02
6.9275216679e-02 -4.0372059059e-02
7.0433617354e-02 -4.1136158008e-02
7.1589915488e-02 -4.1887805398e-02
7.2743711539e-02 -4.2626759531e-02
7.3890540332e-02 -4.3360133160e-02
7.5030600096e-02 -4.4087855841e-02
7.6165978167e-02 -4.4801798088e-02
7.7296270508e-02 -4.5501724562e-02
7.8426069750e-02 -4.6190149017e-02
7.9561950038e-02 -4.6876767787e-02
8.0679102188e-02 -4.7549918782e-02
8.1798283838e-02 -4.8214846618e-02
8.2919058193e-02 -4.8871315872e-02
8.4040985242e-02 -4.9519088869e-02
8.5159700377e-02 -5.0161297206e-02
8.6275061050e-02 -5.0802008083e-02
8.7389264752e-02 -5.1433042950e-02
8.8501865728e-02 -5.2054167882e-02
8.9613348673e-02 -5.2665611561e-02
9.0736861160e-02 -5.3277766365e-02
9.1846510315e-02 -5.3878712044e-02
9.2958352175e-02 -5.4473521412e-02
9.4073990572e-02 -5.5063004449e-02
9.5192889155e-02 -5.5646842857e-02
9.6311567034e-02 -5.6222374804e-02
9.7431729465e-02 -5.6797313758e-02
9.8554242619e-02 -5.7368116955e-02
9.9677187963e-02 -5.7931708503e-02
1.0080082193e-01 -5.8489031981e-02
1.0192437219e-01 -5.9040055192e-02
1.0304917102e-01 -5.9587443463e-02
1.0417937681e-01 -6.0130892052e-02
1.0531446872e-01 -6.0670170463e-02
1.0645511468e-01 -6.1204249195e-02
1.0759870310e-01 -6.1732874966e-02
1.0874459854e-01 -6.2264365078e-02
1.0989219256e-01 -6.2785998335e-02
1.1104308169e-01 -6.3303061027e-02
1.1219672440e-01 -6.3815323310e-02
1.1335213453e-01 -6.4322868351e-02
1.1451152858e-01 -6.4827548762e-02
1.1567800541e-01 -6.5329005192e-02
1.1685099138e-01 -6.5827011821e-02
1.1802990917e-01 -6.6321340646e-02
1.1921610304e-01 -6.6811252834e-02
1.2040429748e-01 -6.7301589272e-02
1.2159638752e-01 -6.7784750004e-02
1.2279324316e-01 -6.8263633553e-02
1.2399426740e-01 -6.8738015801e-02
1.2519866255e-01 -6.9208034609e-02
1.2640868155e-01 -6.9676272110e-02
1.2762723126e-01 -7.0141718203e-02
1.2885367751e-01 -7.0604152630e-02
1.3008926594e-01 -7.1062298102e-02
1.3133132405e-01 -7.1519758942e-02
1.3257845212e-01 -7.1974704001e-02
1.3383052655e-01 -7.2423317859e-02
1.3508732966e-01 -7.2867976541e-02
1.3634819712e-01 -7.3308456198e-02
1.3761279745e-01 -7.3744328569e-02
1.3888684450e-01 -7.4177450175e-02
1.4017138117e-01 -7.4608465225e-02
1.4146569767e-01 -7.5037156777e-02
1.4276907985e-01 -7.5463305464e-02
1.4408162463e-01 -7.5884893944e-02
1.4539878023e-01 -7.6306048345e-02
1.4672176170e-01 -7.6720498226e-02
1.4805186030e-01 -7.7131069903e-02
1.4938834595e-01 -7.7537555747e-02
1.5073021172e-01 -7.7940317246e-02
1.5207985524e-01 -7.8342572897e-02
1.5344143861e-01 -7.8741252709e-02
1.5481418683e-01 -7.9136160375e-02
1.5619732007e-01 -7.9527097058e-02
1.5758704798e-01 -7.9914043773e-02
1.5898326145e-01 -8.0297167023e-02
1.6038903230e-01 -8.0676785485e-02
1.6180261379e-01 -8.1052059819e-02
1.6322320625e-01 -8.1422798327e-02
1.6465000494e-01 -8.1788806621e-02
1.6609744306e-01 -8.2156145837e-02
1.6754605236e-01 -8.2514968977e-02
1.6900282776e-01 -8.2870132554e-02
1.7046691928e-01 -8.3221446543e-02
1.7193778093e-01 -8.3570776291e-02
1.7342121907e-01 -8.3917191505e-02
1.7491783869e-01 -8.4259200343e-02
1.7642351708e-01 -8.4598757283e-02
1.7793510741e-01 -8.4929776319e-02
1.7945781121e-01 -8.5252069285e-02
1.8099404873e-01 -8.5572740613e-02
1.8253896412e-01 -8.5890123139e-02
1.8408905308e-01 -8.6201385443e-02
1.8564343612e-01 -8.6506344469e-02
1.8721404716e-01 -8.6815220319e-02
1.8879788866e-01 -8.7116953627e-02
1.9038792480e-01 -8.7408559099e-02
1.9198603610e-01 -8.7695451217e-02
1.9359269709e-01 -8.7978641255e-02
1.9520585852e-01 -8.8257362620e-02
1.9682975695e-01 -8.8530400331e-02
1.9846717251e-01 -8.8798122935e-02
2.0011706442e-01 -8.9060389338e-02
2.0177822321e-01 -8.9316373073e-02
2.0344918285e-01 -8.9569019085e-02
2.0512899965e-01 -8.9814375753e-02
2.0681634793e-01 -9.0052858481e-02
2.0851016361e-01 -9.0284338039e-02
2.1020937516e-01 -9.0508681495e-02
2.1191356375e-01 -9.0724420795e-02
2.1363238554e-01 -9.0934866231e-02
2.1536528701e-01 -9.1140210632e-02
2.1711112399e-01 -9.1340344755e-02
2.1886800616e-01 -9.1532683043e-02
2.2062972853e-01 -9.1713711292e-02
2.2241114293e-01 -9.1902661318e-02
2.2418865415e-01 -9.2071596787e-02
2.2597532658e-01 -9.2233974490e-02
2.2777000795e-01 -9.2389714901e-02
2.2957153748e-01 -9.2538734484e-02
2.3138167609e-01 -9.2682517309e-02
2.3320536944e-01 -9.2818753968e-02
2.3504021948e-01 -9.2944757482e-02
2.3688352808e-01 -9.3060928065e-02
2.3873416610e-01 -9.3170217756e-02
2.4058954734e-01 -9.3272026407e-02
2.4244729659e-01 -9.3361839318e-02
2.4431949051e-01 -9.3443514657e-02
2.4620497815e-01 -9.3516453859e-02
2.4809626338e-01 -9.3578539389e-02
2.4999028494e-01 -9.3630931436e-02
2.5190292199e-01 -9.3685893088e-02
2.5381548793e-01 -9.3722538788e-02
2.5573114638e-01 -9.3747662436e-02
2.5765355523e-01 -9.3764697276e-02
2.5958140883e-01 -9.3773640830e-02
2.6151490858e-01 -9.3774369323e-02
2.6345854619e-01 -9.3763641434e-02
2.6541156915e-01 -9.3740694334e-02
2.6737302837e-01 -9.3706287614e-02
2.6934125474e-01 -9.3663966475e-02
2.7130248226e-01 -9.3608167171e-02
2.7327309407e-01 -9.3540752062e-02
2.7525456285e-01 -9.3462684039e-02
2.7723753994e-01 -9.3372902741e-02
2.7922032994e-01 -9.3271564983e-02
2.8121996247e-01 -9.3156278460e-02
2.8322270937e-01 -9.3037019629e-02
2.8522747242e-01 -9.2905028802e-02
2.8723131962e-01 -9.2755331048e-02
2.8923750561e-01 -9.2594934964e-02
2.9124462647e-01 -9.2423954305e-02
2.9325126462e-01 -9.2242497363e-02
2.9525998511e-01 -9.2048653129e-02
2.9727438025e-01 -9.1839650474e-02
2.9929262904e-01 -9.1615807355e-02
3.0131331760e-01 -9.1377293100e-02
3.0334092138e-01 -9.1128010847e-02
3.0536421431e-01 -9.0863766651e-02
3.0738738308e-01 -9.0581907144e-02
3.0941720813e-01 -9.0288937203e-02
3.1144225925e-01 -8.9982546990e-02
3.1346068335e-01 -8.9662674338e-02
3.1547770695e-01 -8.9333808467e-02
3.1750158500e-01 -8.8994007752e-02
3.1952399684e-01 -8.8635425806e-02
3.2153858781e-01 -8.8258254991e-02
3.2355157149e-01 -8.7869094851e-02
3.2556220413e-01 -8.7468549745e-02
3.2756237644e-01 -8.7051753652e-02
3.2956271273e-01 -8.6618199726e-02
3.3156307091e-01 -8.6168575511e-02
3.3356198374e-01 -8.5703198397e-02
3.3555796630e-01 -8.5222379708e-02
3.3755314998e-01 -8.4726983539e-02
3.3953032794e-01 -8.4212927434e-02
3.4150646978e-01 -8.3684688663e-02
3.4347451204e-01 -8.3142203089e-02
3.4543308523e-01 -8.2585829061e-02
3.4738080042e-01 -8.2015919259e-02
3.4932488053e-01 -8.1432860339e-02
3.5127106816e-01 -8.0831146123e-02
3.5320397735e-01 -8.0207904029e-02
3.5512389432e-01 -7.9568355720e-02
3.5703410246e-01 -7.8917495543e-02
3.5893313112e-01 -7.8255751847e-02
3.6081545921e-01 -7.7577412031e-02
3.6268810905e-01 -7.6878955149e-02
3.6455066498e-01 -7.6161161916e-02
3.6640171269e-01 -7.5424520151e-02
3.6823981542e-01 -7.4669511475e-02
3.7007624743e-01 -7.3899281544e-02
3.7188435859e-01 -7.3111991939e-02
3.7368540247e-01 -7.2310243093e-02
3.7546833885e-01 -7.1494433507e-02
3.7723186323e-01 -7.0665067381e-02
3.7897706333e-01 -6.9822761186e-02
3.8072415909e-01 -6.8963422127e-02
3.8244864696e-01 -6.8081774528e-02
3.8414441910e-01 -6.7179163655e-02
3.8582531204e-01 -6.6265118001e-02
3.8749319407e-01 -6.5341316826e-02
3.8914394871e-01 -6.4406216487e-02
3.9077160610e-01 -6.3450475107e-02
3.9237787368e-01 -6.2474273013e-02
3.9396151022e-01 -6.1478250940e-02
3.9552876417e-01 -6.0463430541e-02
3.9708487575e-01 -5.9438751492e-02
3.9860498675e-01 -5.8403814949e-02
4.0010294661e-01 -5.7350212873e-02
4.0157754448e-01 -5.6278670582e-02
4.0302754034e-01 -5.5189908465e-02
4.0445678805e-01 -5.4086012351e-02
4.0585957227e-01 -5.2969191316e-02
4.0723878776e-01 -5.1837138421e-02
4.0859155401e-01 -5.0691523486e-02
4.0991676466e-01 -4.9533040430e-02
4.1122533245e-01 -4.8353040813e-02
4.1249250749e-01 -4.7161982327e-02
4.1373365453e-01 -4.5958648791e-02
4.1494920756e-01 -4.4742993014e-02
4.1613812649e-01 -4.3515789210e-02
4.1730314361e-01 -4.2274953209e-02
4.1844295423e-01 -4.1010227096e-02
4.1953815024e-01 -3.9732337255e-02
4.2060293814e-01 -3.8447145297e-02
4.2164031822e-01 -3.7154832019e-02
4.2265064864e-01 -3.5855531800e-02
4.2363412059e-01 -3.4539629377e-02
4.2457749242e-01 -3.3207231102e-02
4.2547991794e-01 -3.1859168496e-02
4.2635508994e-01 -3.0500547053e-02
4.2720951126e-01 -2.9139104583e-02
4.2801155441e-01 -2.7756160425e-02
4.2879793508e-01 -2.6363279435e-02
4.2954638517e-01 -2.4964387279e-02
4.3024919361e-01 -2.3555809758e-02
4.3090563299e-01 -2.2138427780e-02
4.3152270960e-01 -2.0710412437e-02
4.3211769253e-01 -1.9271748865e-02
4.3269041857e-01 -1.7824648414e-02
4.3322668855e-01 -1.6372821427e-02
4.3371423556e-01 -1.4911430913e-02
4.3415247571e-01 -1.3441399431e-02
4.3454437964e-01 -1.1962724777e-02
4.3491054270e-01 -1.0475719321e-02
4.3525331401e-01 -8.9817290773e-03
4.3556681046e-01 -7.4831737621e-03
4.3583086760e-01 -5.9796047174e-03
4.3604336817e-01 -4.4705888513e-03
4.3620414979e-01 -2.9570936784e-03
4.3632907959e-01 -1.4387913047e-03
4.3642593300e-01 8.4618568184e-05
4.3649433040e-01 1.6120122758e-03
4.3652486755e-01 3.1446537994e-03
4.3650199273e-01 4.6803611440e-03
4.3642518396e-01 6.2179246749e-03
4.3630153603e-01 7.7587370803e-03
4.3615040571e-01 9.3016598727e-03
4.3597244027e-01 1.0845234638e-02
4.3575988637e-01 1.2391265019e-02
4.3549337817e-01 1.3937816032e-02
4.3517191993e-01 1.5482608646e-02
4.3480207449e-01 1.7025810377e-02
4.3440317402e-01 1.8570174355e-02
4.3397629061e-01 2.0114771692e-02
4.3351390014e-01 2.1660684332e-02
4.3299657245e-01 2.3204292421e-02
4.3242341509e-01 2.4743191456e-02
4.3180364567e-01 2.6273050069e-02
4.3115462025e-01 2.7802565932e-02
4.3047675443e-01 2.9331014213e-02
4.2976771441e-01 3.0858880208e-02
4.2900394358e-01 3.2386366116e-02
4.2818298838e-01 3.3904928695e-02
4.2732636913e-01 3.5406255964e-02
4.2643683524e-01 3.6903365093e-02
4.2550846156e-01 3.8399859921e-02
4.2454157967e-01 3.9894620375e-02
4.2353619037e-01 4.1386622170e-02
4.2246990291e-01 4.2872763281e-02
4.2137949190e-01 4.4338647394e-02
4.2024769045e-01 4.5799114909e-02
4.1907499344e-01 4.7253117746e-02
4.1786368995e-01 4.8698057550e-02
4.1661590178e-01 5.0131004964e-02
4.1532410870e-01 5.1559967542e-02
4.1400213185e-01 5.2972428492e-02
4.1263885259e-01 5.4374147546e-02
4.1123503396e-01 5.5763955698e-02
4.0979139966e-01 5.7140668379e-02
4.0830863373e-01 5.8503085360e-02
4.0677937123e-01 5.9865930139e-02
4.0523503186e-01 6.1213375354e-02
4.0365289358e-01 6.2543614279e-02
4.0203092192e-01 6.3856935235e-02
4.0036999639e-01 6.5152199735e-02
3.9866372742e-01 6.6430850687e-02
3.9692316810e-01 6.7702954930e-02
3.9516401413e-01 6.8968018786e-02
3.9338028456e-01 7.0216293357e-02
3.9155526851e-01 7.1443130907e-02
3.8968944318e-01 7.2647912151e-02
3.8778884681e-01 7.3829578844e-02
3.8586319860e-01 7.4997127024e-02
3.8390865718e-01 7.6153813364e-02
3.8192648029e-01 7.7298559321e-02
3.7991324115e-01 7.8429842784e-02
3.7784656046e-01 7.9538399110e-02
3.7577333565e-01 8.0618421925e-02
3.7367587284e-01 8.1682678377e-02
3.7154840957e-01 8.2731882276e-02
3.6939228831e-01 8.3765045570e-02
3.6720882028e-01 8.4781160718e-02
3.6499613775e-01 8.5779125677e-02
3.6275947943e-01 8.6755345617e-02
3.6049503577e-01 8.7710471425e-02
3.5820855115e-01 8.8644473168e-02
3.5590173945e-01 8.9556345873e-02
3.5357628685e-01 9.0445061504e-02
3.5122428216e-01 9.1309117832e-02
3.4883903771e-01 9.2156007330e-02
3.4644243703e-01 9.2989584706e-02
3.4402912905e-01 9.3799778374e-02
3.4159215424e-01 9.4582238289e-02
3.3913341073e-01 9.5335943403e-02
3.3666125689e-01 9.6066345457e-02
3.3417429759e-01 9.6781764833e-02
3.3167449222e-01 9.7481340747e-02
3.2916377667e-01 9.8164189573e-02
3.2660999227e-01 9.8815433462e-02
3.2403895844e-01 9.9435359814e-02
3.2148206115e-01 1.0004343955e-01
3.1890081737e-01 1.0063171982e-01
3.1629721653e-01 1.0119942483e-01
3.1368591696e-01 1.0174547485e-01
3.1107743712e-01 1.0227020340e-01
3.0843520920e-01 1.0275944576e-01
3.0579029375e-01 1.0323442829e-01
3.0313951652e-01 1.0368629459e-01
3.0048020416e-01 1.0411115456e-01
2.9781450155e-01 1.0450827269e-01
2.9514397613e-01 1.0487961248e-01
2.9246552480e-01 1.0523359632e-01
2.8978077100e-01 1.0557031755e-01
2.8709203086e-01 1.0588915575e-01
2.8438886751e-01 1.0618272952e-01
2.8166218609e-01 1.0643760465e-01
2.7896077531e-01 1.0668780143e-01
2.7624590899e-01 1.0691619168e-01
2.7352156573e-01 1.0711776514e-01
2.7080510006e-01 1.0729767097e-01
2.6809991056e-01 1.0745619898e-01
2.6538099959e-01 1.0758602649e-01
2.6265887330e-01 1.0769841683e-01
2.5993550350e-01 1.0779156770e-01
2.5721169400e-01 1.0785746076e-01
2.5449217003e-01 1.0789573527e-01
2.5178740460e-01 1.0791858538e-01
2.4907937266e-01 1.0792252135e-01
2.4637057617e-01 1.0790723422e-01
2.4366351027e-01 1.0787239333e-01
2.4096066319e-01 1.0781764611e-01
2.3825208246e-01 1.0773596335e-01
2.3554815239e-01 1.0763142064e-01
2.3285499184e-01 1.0750860801e-01
2.3017532930e-01 1.0736729943e-01
2.2751189185e-01 1.0720724762e-01
2.2485575250e-01 1.0703310088e-01
2.2219456836e-01 1.0683597535e-01
2.1953241931e-01 1.0661798418e-01
2.1688772045e-01 1.0638273947e-01
2.1425724186e-01 1.0611584251e-01
2.1162775788e-01 1.0583223420e-01
2.0900385637e-01 1.0553359930e-01
2.0639565635e-01 1.0521295958e-01
2.0380271479e-01 1.0488469144e-01
2.0120927094e-01 1.0453784823e-01
1.9862175797e-01 1.0416798785e-01
1.9605600157e-01 1.0378497032e-01
1.9351145998e-01 1.0338396721e-01
1.9097250713e-01 1.0295963063e-01
1.8844077263e-01 1.0251967088e-01
1.8591900571e-01 1.0205889841e-01
1.8341606114e-01 1.0158086939e-01
1.8092464470e-01 1.0109268503e-01
1.7844382776e-01 1.0058894082e-01
1.7597625068e-01 1.0006982932e-01
1.7351920152e-01 9.9534443305e-02
1.7108158049e-01 9.8986386668e-02
1.6865336781e-01 9.8420969400e-02
1.6624214679e-01 9.7840237693e-02
1.6385081889e-01 9.7244536383e-02
1.6145574185e-01 9.6627274596e-02
1.5909168920e-01 9.6004163373e-02
1.5673934539e-01 9.5361989046e-02
1.5440172745e-01 9.4702249081e-02
1.5208691755e-01 9.4027462273e-02
1.4977576768e-01 9.3352120707e-02
1.4747617673e-01 9.2657550391e-02
1.4519861640e-01 9.1950460668e-02
1.4294219001e-01 9.1227203923e-02
1.4069394543e-01 9.0483887578e-02
1.3846457191e-01 8.9735891224e-02
1.3625095588e-01 8.8974480075e-02
1.3404749902e-01 8.8202320355e-02
1.3187064158e-01 8.7422221991e-02
1.2970766133e-01 8.6626260783e-02
1.2755650036e-01 8.5813903545e-02
1.2541131422e-01 8.4986462470e-02
1.2328335250e-01 8.4157201898e-02
1.2118348222e-01 8.3317886392e-02
1.1909791617e-01 8.2460292912e-02
1.1702923678e-01 8.1585141726e-02
1.1495467503e-01 8.0694490969e-02
1.1290664109e-01 7.9811858676e-02
1.1088006243e-01 7.8912923222e-02
1.0887759083e-01 7.7998483323e-02
1.0688457538e-01 7.7067306360e-02
1.0490116641e-01 7.6133062027e-02
1.0293830564e-01 7.5199747894e-02
1.0099041575e-01 7.4251256450e-02
9.9054978431e-02 7.3283889982e-02
9.7134467652e-02 7.2298538567e-02
9.5218964091e-02 7.1304579621e-02
9.3324023754e-02 7.0312389926e-02
9.1448852860e-02 6.9309968920e-02
8.9586339360e-02 6.8291701294e-02
8.7738982545e-02 6.7258647980e-02
8.5898997520e-02 6.6217582423e-02
8.4070620610e-02 6.5174051992e-02
8.2262597920e-02 6.4117941210e-02
8.0477520299e-02 6.3050593389e-02
7.8705918826e-02 6.1973062830e-02
7.6940690597e-02 6.0884605531e-02
7.5183442915e-02 5.9783281458e-02
7.3441875410e-02 5.8660811437e-02
7.1708241656e-02 5.7541979460e-02
6.9977104546e-02 5.6410821855e-02
6.8273279689e-02 5.5266954154e-02
6.6583840924e-02 5.4118217090e-02
6.4911186674e-02 5.2966009367e-02
6.3247373245e-02 5.1806427845e-02
6.1587497308e-02 5.0624144859e-02
5.9939029820e-02 4.9422619077e-02
5.8300275015e-02 4.8215215248e-02
5.6672029405e-02 4.7003779367e-02
5.5052506793e-02 4.5780046106e-02
5.3450345280e-02 4.4539303681e-02
5.1862213022e-02 4.3284174976e-02
5.0280288653e-02 4.2023124333e-02
4.8707625423e-02 4.0758793723e-02
4.7146269302e-02 3.9492440745e-02
4.5590050307e-02 3.8204776359e-02
4.4039538025e-02 3.6893465311e-02
4.2494284034e-02 3.5562217438e-02
4.0954718579e-02 3.4226288980e-02
3.9441863367e-02 3.2888831265e-02
3.7930878936e-02 3.1531885317e-02
3.6420024586e-02 3.0154269745e-02
3.4921467755e-02 2.8764035055e-02
3.3441638039e-02 2.7366764942e-02
3.1934358496e-02 2.5955173779e-02
3.0448712615e-02 2.4534335547e-02
2.8980426835e-02 2.3109905431e-02
2.7519593799e-02 2.1676950996e-02
2.6068290427e-02 2.0237267943e-02
2.4603361173e-02 1.8763015719e-02
2.3163156348e-02 1.7299698951e-02
2.1735776018e-02 1.5834935751e-02
2.0313837933e-02 1.4357999093e-02
1.8895422472e-02 1.2862464399e-02
1.7474133320e-02 1.1380689917e-02
1.6043189298e-02 9.9495947874e-03
