2.8158509384e+02
2.8157982814e+02
2.8157456244e+02
2.8156887550e+02
2.8156310448e+02
2.8155419305e+02
2.8154544041e+02
2.8153745313e+02
2.8152655776e+02
2.8151407877e+02
2.8150163156e+02
2.8149002882e+02
2.8147613796e+02
2.8146170076e+02
2.8144494145e+02
2.8142451942e+02
2.8140284076e+02
2.8138114561e+02
2.8135688503e+02
2.8133060644e+02
2.8130277170e+02
2.8127457591e+02
2.8124137056e+02
2.8120658863e+02
2.8117137772e+02
2.8113600829e+02
2.8109357956e+02
2.8104981719e+02
2.8100546115e+02
2.8096113267e+02
2.8090926611e+02
2.8085429177e+02
2.8079773224e+02
2.8073883708e+02
2.8067761935e+02
2.8061600874e+02
2.8054930403e+02
2.8047911023e+02
2.8040743336e+02
2.8033496808e+02
2.8025836020e+02
2.8017845407e+02
2.8009754815e+02
2.8001531641e+02
2.7992977258e+02
2.7984292681e+02
2.7975274287e+02
2.7966221320e+02
2.7956927041e+02
2.7947537912e+02
2.7937877679e+02
2.7927921932e+02
2.7918079791e+02
2.7908189138e+02
2.7897983951e+02
2.7887986296e+02
2.7877478828e+02
2.7867189442e+02
2.7856920046e+02
2.7846579791e+02
2.7836489232e+02
2.7826125330e+02
2.7816070194e+02
2.7806069722e+02
2.7796072920e+02
2.7786174655e+02
2.7776535160e+02
2.7766859673e+02
2.7757647510e+02
2.7748496561e+02
2.7739944371e+02
2.7731250330e+02
2.7723108054e+02
2.7714993632e+02
2.7707722878e+02
2.7700361818e+02
2.7693448849e+02
2.7686934709e+02
2.7681056457e+02
2.7675285573e+02
2.7670505110e+02
2.7665622843e+02
2.7661671969e+02
2.7657921465e+02
2.7654961223e+02
2.7652112689e+02
2.7650092981e+02
2.7648138685e+02
2.7647159308e+02
2.7646385126e+02
2.7646326642e+02
2.7646288363e+02
2.7647062125e+02
2.7647993466e+02
2.7649314558e+02
2.7650972487e+02
2.7652751132e+02
2.7655184421e+02
2.7657154231e+02
2.7658938689e+02
