-4.5703205058e-07 -8.0705443877e-07
2.8112531096e-01 7.4286993102e-04
5.5662632286e-01 2.9427690890e-03
8.2643193408e-01 6.5363379309e-03
1.0905088236e+00 1.1485561506e-02
1.3487909437e+00 1.7732325871e-02
1.6012471713e+00 2.5227478226e-02
1.8478044377e+00 3.3926500884e-02
2.0884310915e+00 4.3771385573e-02
2.3230629652e+00 5.4723820236e-02
2.5516544159e+00 6.6721633842e-02
2.7741513413e+00 7.9728371533e-02
2.9904948706e+00 9.3685629356e-02
3.2006604878e+00 1.0855425363e-01
3.4045591363e+00 1.2427768468e-01
3.6021863876e+00 1.4081748034e-01
3.7934549784e+00 1.5810800508e-01
3.9783495078e+00 1.7612221082e-01
4.1568032373e+00 1.9478992940e-01
4.3287787735e+00 2.1408247564e-01
4.4942529228e+00 2.3393481645e-01
4.6531625420e+00 2.5430806707e-01
4.8054808630e+00 2.7515085212e-01
4.9511758671e+00 2.9641074010e-01
5.0901876668e+00 3.1804267657e-01
5.2225259023e+00 3.3999189503e-01
5.3481419397e+00 3.6222119293e-01
5.4670068211e+00 3.8466641459e-01
5.5791023318e+00 4.0728590187e-01
5.6844133941e+00 4.3003293055e-01
5.7829230389e+00 4.5284775905e-01
5.8746070795e+00 4.7568792767e-01
5.9594705993e+00 4.9850514039e-01
6.0374763295e+00 5.2124161745e-01
6.1086591209e+00 5.4385163738e-01
6.1729936481e+00 5.6628437918e-01
6.2305032639e+00 5.8849283292e-01
6.2811720442e+00 6.1042446743e-01
6.3250225034e+00 6.3203278014e-01
6.3620720366e+00 6.5325723181e-01
6.3923522107e+00 6.7406553774e-01
6.4158822624e+00 6.9439349989e-01
6.4326564207e+00 7.1420150081e-01
6.4427475733e+00 7.3343078449e-01
6.4461748258e+00 7.5203806456e-01
6.4429846918e+00 7.6997679477e-01
6.4332253588e+00 7.8719456455e-01
6.4169415534e+00 8.0364208765e-01
6.3941790354e+00 8.1927874216e-01
6.3650301145e+00 8.3405170516e-01
6.3295411574e+00 8.4792146690e-01
6.2877472186e+00 8.6082958735e-01
6.2397936282e+00 8.7274118705e-01
6.1856986065e+00 8.8361098875e-01
6.1255840473e+00 8.9338615888e-01
6.0595129929e+00 9.0204068403e-01
5.9876071466e+00 9.0951147809e-01
5.9099541276e+00 9.1577691773e-01
5.8266489317e+00 9.2078547584e-01
5.7378274878e+00 9.2450739036e-01
5.6435643539e+00 9.2689361023e-01
5.5440436651e+00 9.2792467341e-01
5.4393370515e+00 9.2754960188e-01
5.3295989663e+00 9.2574764999e-01
5.2149836488e+00 9.2248348043e-01
5.0956103133e+00 9.1773124923e-01
4.9716361644e+00 9.1146522752e-01
4.8432292585e+00 9.0365829334e-01
4.7105237571e+00 8.9429442591e-01
4.5737269601e+00 8.8335278142e-01
4.4329904885e+00 8.7082317874e-01
4.2884992411e+00 8.5668396298e-01
4.1404564066e+00 8.4093297264e-01
3.9890622199e+00 8.2357039433e-01
3.8344952420e+00 8.0458820897e-01
3.6769898291e+00 7.8399330083e-01
3.5167821750e+00 7.6179750015e-01
3.3540918610e+00 7.3801250657e-01
3.1891610370e+00 7.1265639122e-01
3.0222765191e+00 6.8575985482e-01
2.8536791102e+00 6.5736202128e-01
2.6836748500e+00 6.2749321239e-01
2.5125677829e+00 5.9621942867e-01
2.3406969567e+00 5.6358310723e-01
2.1683871590e+00 5.2966390318e-01
1.9960254547e+00 4.9454404963e-01
1.8240552627e+00 4.5832191803e-01
1.6529012321e+00 4.2113333930e-01
1.4830761156e+00 3.8307484965e-01
1.3151120858e+00 3.4432750113e-01
1.1496991962e+00 3.0506453133e-01
9.8754984702e-01 2.6552696541e-01
8.2949683140e-01 2.2598445535e-01
6.7664593884e-01 1.8673657973e-01
5.3027949646e-01 1.4828581279e-01
3.9209897684e-01 1.1102713332e-01
2.6423273404e-01 7.5786343393e-02
1.5033046755e-01 4.3538571280e-02
5.6593171192e-02 1.6673289519e-02
-1.0143803367e-05 -3.3653724270e-06
