2.6634336320e+02
2.6634662968e+02
2.6634989616e+02
2.6635189974e+02
2.6635143890e+02
2.6635097806e+02
2.6634897706e+02
2.6634575903e+02
2.6634254099e+02
2.6633571435e+02
2.6632883479e+02
2.6631965971e+02
2.6630685357e+02
2.6629619764e+02
2.6628252914e+02
2.6626527374e+02
2.6624801834e+02
2.6622764914e+02
2.6620660037e+02
2.6617994535e+02
2.6615381215e+02
2.6612449207e+02
2.6609138094e+02
2.6605741103e+02
2.6601890845e+02
2.6598069522e+02
2.6593592998e+02
2.6589092472e+02
2.6584261020e+02
2.6579014494e+02
2.6573733677e+02
2.6567666800e+02
2.6561681233e+02
2.6555212930e+02
2.6548617791e+02
2.6541561645e+02
2.6534079824e+02
2.6526556007e+02
2.6518391060e+02
2.6510220995e+02
2.6501946148e+02
2.6493046003e+02
2.6484027582e+02
2.6474396736e+02
2.6464761556e+02
2.6454977701e+02
2.6444865879e+02
2.6434425711e+02
2.6423765469e+02
2.6412982169e+02
2.6402013085e+02
2.6390693781e+02
2.6379170683e+02
2.6367682425e+02
2.6355988400e+02
2.6344296751e+02
2.6332562201e+02
2.6320430094e+02
2.6308365600e+02
2.6296205374e+02
2.6284033643e+02
2.6272040067e+02
2.6260258730e+02
2.6248186962e+02
2.6236413421e+02
2.6224392062e+02
2.6212869877e+02
2.6201326420e+02
2.6189960789e+02
2.6179064702e+02
2.6168090243e+02
2.6157589328e+02
2.6146859251e+02
2.6136547993e+02
2.6127182796e+02
2.6117829891e+02
2.6109376319e+02
2.6101173345e+02
2.6092528680e+02
2.6085127426e+02
2.6078019139e+02
2.6070644710e+02
2.6064270969e+02
2.6058605944e+02
2.6052968424e+02
2.6047555867e+02
2.6044043367e+02
2.6039900194e+02
2.6036379771e+02
2.6033975536e+02
2.6031655220e+02
2.6029710806e+02
2.6027995111e+02
2.6026762229e+02
2.6025057921e+02
2.6024572242e+02
2.6023960725e+02
2.6025410491e+02
2.6021976245e+02
2.6022311628e+02
