-3.6876097193e-06 -2.8122324167e-06
2.6970284443e-01 1.8268123702e-03
5.3389678167e-01 7.1300300878e-03
7.9251790542e-01 1.5913952861e-02
1.0451783244e+00 2.7921501290e-02
1.2918983849e+00 4.3045881011e-02
1.5325501840e+00 6.1235169238e-02
1.7667811689e+00 8.2185563111e-02
1.9945127504e+00 1.0586208884e-01
2.2155978191e+00 1.3215756964e-01
2.4297753162e+00 1.6079499167e-01
2.6370580358e+00 1.9176727625e-01
2.8372204938e+00 2.2482586478e-01
3.0300734014e+00 2.5983917600e-01
3.2155116808e+00 2.9673977093e-01
3.3934839900e+00 3.3524207661e-01
3.5637618027e+00 3.7529870728e-01
3.7262849051e+00 4.1671324226e-01
3.8809203025e+00 4.5928958982e-01
4.0276753308e+00 5.0298560848e-01
4.1663624716e+00 5.4750404497e-01
4.2969077646e+00 5.9278343403e-01
4.4192876441e+00 6.3864664785e-01
4.5335206530e+00 6.8490455939e-01
4.6393799929e+00 7.3146418547e-01
4.7369906906e+00 7.7807730596e-01
4.8263342313e+00 8.2467699168e-01
4.9073108709e+00 8.7109286518e-01
4.9799825082e+00 9.1707641970e-01
5.0443618664e+00 9.6262788416e-01
5.1005367277e+00 1.0075199749e+00
5.1484843971e+00 1.0515746804e+00
5.1882067440e+00 1.0947282111e+00
5.2199710082e+00 1.1367839256e+00
5.2436785295e+00 1.1776304255e+00
5.2594660087e+00 1.2171199064e+00
5.2675225215e+00 1.2551148496e+00
5.2678833163e+00 1.2915689933e+00
5.2607497859e+00 1.3262410793e+00
5.2461567336e+00 1.3590938593e+00
5.2244166154e+00 1.3900221508e+00
5.1956061505e+00 1.4188858920e+00
5.1598431176e+00 1.4455948358e+00
5.1174992548e+00 1.4700660344e+00
5.0686124876e+00 1.4922534070e+00
5.0135163912e+00 1.5119932285e+00
4.9522918416e+00 1.5292654395e+00
4.8853321611e+00 1.5440396865e+00
4.8127838071e+00 1.5561915579e+00
4.7348270141e+00 1.5656797792e+00
4.6519012763e+00 1.5725204770e+00
4.5640861511e+00 1.5766455230e+00
4.4717813327e+00 1.5780009738e+00
4.3751610568e+00 1.5765997330e+00
4.2745490524e+00 1.5724624783e+00
4.1702575290e+00 1.5655341232e+00
4.0624485310e+00 1.5558258856e+00
3.9515691395e+00 1.5434361092e+00
3.8377683113e+00 1.5282771661e+00
3.7214444567e+00 1.5104424965e+00
3.6028188450e+00 1.4899888046e+00
3.4822291227e+00 1.4669547596e+00
3.3598799174e+00 1.4413795988e+00
3.2361528347e+00 1.4133272614e+00
3.1112744656e+00 1.3829266441e+00
2.9855614899e+00 1.3502416021e+00
2.8592617925e+00 1.3153132332e+00
2.7326803126e+00 1.2783514400e+00
2.6060678172e+00 1.2393530534e+00
2.4797434847e+00 1.1984939496e+00
2.3538588469e+00 1.1558917017e+00
2.2288175259e+00 1.1117159248e+00
2.1047297252e+00 1.0660420557e+00
1.9819606133e+00 1.0190305210e+00
1.8607083427e+00 9.7087245321e-01
1.7411641158e+00 9.2175428527e-01
1.6236347819e+00 8.7172179804e-01
1.5083548760e+00 8.2108683412e-01
1.3954403006e+00 7.6995036858e-01
1.2851720866e+00 7.1850283280e-01
1.1778738221e+00 6.6700441881e-01
1.0736218275e+00 6.1559104393e-01
9.7260053357e-01 5.6453571401e-01
8.7521391199e-01 5.1398214325e-01
7.8154375575e-01 4.6421478058e-01
6.9170333087e-01 4.1544962356e-01
6.0610067301e-01 3.6786847860e-01
5.2495768463e-01 3.2184734240e-01
4.4832971699e-01 2.7750242529e-01
3.7653819804e-01 2.3523402418e-01
3.1002055882e-01 1.9531375817e-01
2.4888698652e-01 1.5805049992e-01
1.9334903572e-01 1.2374500443e-01
1.4404785990e-01 9.2765354458e-02
1.0107929290e-01 6.5447631679e-02
6.4925749620e-02 4.2181359557e-02
3.6309316652e-02 2.3597447057e-02
1.5456805976e-02 1.0017931850e-02
3.4188413484e-03 2.2778939076e-03
-3.0802348999e-06 -1.3916692063e-06
