-1.2112977270e-06 2.7557898218e-09
4.4466155475e-06 -3.7289162691e-08
5.7970782230e-02 -1.7818688287e-06
1.1478010290e-01 -7.9867369411e-06
1.4223543608e-01 -7.9655594168e-04
1.7042675070e-01 -1.8611848547e-05
2.2491328193e-01 -3.3424608882e-05
2.6088434952e-01 -1.1545329438e-03
2.7825457002e-01 -5.1984994812e-05
3.3045280576e-01 -7.4460433915e-05
3.5595118393e-01 -1.0739689978e-03
3.8150707986e-01 -9.9703163001e-05
4.2877299874e-01 -6.6341590662e-04
4.3141850482e-01 -1.2848871869e-04
4.8019583747e-01 -1.6007841833e-04
4.9903952655e-01 -1.3512566448e-03
5.2784122819e-01 -1.9505081775e-04
5.6287730215e-01 -2.2096460073e-03
5.7435537505e-01 -2.3291861353e-04
6.1975146863e-01 -2.7534223802e-04
6.2134123301e-01 -2.6947704785e-03
6.6401414442e-01 -3.1977451247e-04
6.7545703237e-01 -2.9394108413e-03
7.0716420306e-01 -3.6560706943e-04
7.2674880814e-01 -3.1762680002e-03
7.4920214611e-01 -4.1500886190e-04
7.7516910960e-01 -3.4036675539e-03
7.9011773884e-01 -4.6749658541e-04
8.2082596562e-01 -3.7364992591e-03
8.2990622734e-01 -5.2370854899e-04
8.6446510508e-01 -3.8652025745e-03
8.6858939034e-01 -5.8281850235e-04
9.0616399556e-01 -6.4416018934e-04
9.0620157317e-01 -3.9913782238e-03
9.4263274941e-01 -7.0702607995e-04
9.4603289080e-01 -4.1069813013e-03
9.7799519083e-01 -7.7120879700e-04
9.8402663335e-01 -4.2812680575e-03
1.0122518837e+00 -8.3760677362e-04
1.0204792052e+00 -4.3460475146e-03
1.0454093418e+00 -9.0864295084e-04
1.0554586314e+00 -4.4349087488e-03
1.0774680720e+00 -9.8093653003e-04
1.0889649120e+00 -4.5478517600e-03
1.1084245568e+00 -1.0538693182e-03
1.1210332202e+00 -4.6768483301e-03
1.1382826575e+00 -1.1295761022e-03
1.1517360593e+00 -4.7441161522e-03
1.1670498093e+00 -1.2087509547e-03
1.1811160503e+00 -4.7831095929e-03
1.1947247404e+00 -1.2901653467e-03
1.2091995058e+00 -4.8688380175e-03
1.2213004550e+00 -1.3715978647e-03
1.2360421298e+00 -4.9040206166e-03
1.2467825558e+00 -1.4560146784e-03
1.2616401830e+00 -4.9149930629e-03
1.2711737854e+00 -1.5425435498e-03
1.2859928156e+00 -4.9029232595e-03
1.2944730011e+00 -1.6316223392e-03
1.3091124130e+00 -4.9158341104e-03
1.3166829802e+00 -1.7215156269e-03
1.3310792155e+00 -4.8924741693e-03
1.3378023211e+00 -1.8136317267e-03
1.3518660709e+00 -4.8677012914e-03
1.3578338213e+00 -1.9053683363e-03
1.3714830194e+00 -4.8334539160e-03
1.3767774474e+00 -1.9967097374e-03
1.3899259882e+00 -4.8164047899e-03
1.3946310445e+00 -2.0889123394e-03
1.4072294364e+00 -4.7619885520e-03
1.4113990941e+00 -2.1863197932e-03
1.4233995337e+00 -4.7138132011e-03
1.4270817873e+00 -2.2838493995e-03
1.4384362528e+00 -4.6719940301e-03
1.4416741340e+00 -2.3798911152e-03
1.4523365515e+00 -4.6261552417e-03
1.4551758246e+00 -2.4780743149e-03
1.4651129067e+00 -4.5613097489e-03
1.4675996081e+00 -2.5766191537e-03
1.4767675145e+00 -4.4920614103e-03
1.4789454844e+00 -2.6755256317e-03
1.4873102058e+00 -4.4329997196e-03
1.4891983835e+00 -2.7750124793e-03
1.4967409242e+00 -4.3612033335e-03
1.4983554331e+00 -2.8749159230e-03
1.5050665446e+00 -4.2821309204e-03
1.5064284838e+00 -2.9750544007e-03
1.5122870672e+00 -4.1957824804e-03
1.5134175356e+00 -3.0754279122e-03
1.5183917168e+00 -4.1131558047e-03
1.5193201936e+00 -3.1733291666e-03
1.5233990948e+00 -4.0241056880e-03
1.5241412618e+00 -3.2753241851e-03
1.5273141935e+00 -3.9346073319e-03
1.5278524745e+00 -3.3737761590e-03
1.5301373439e+00 -3.8423551829e-03
1.5304764685e+00 -3.4663135494e-03
1.5318454692e+00 -3.7549302065e-03
1.5320214094e+00 -3.5594157762e-03
1.5324769096e+00 -3.6560327423e-03
