-1.9116943311e-06 -4.0669902497e-06
2.5587716993e-01 9.4893082360e-04
5.0666566823e-01 3.7508354403e-03
7.5225893551e-01 8.3345339295e-03
9.9260454504e-01 1.4641942592e-02
1.2276377585e+00 2.2602728232e-02
1.4572486536e+00 3.2150066661e-02
1.6814040791e+00 4.3222817244e-02
1.9000117655e+00 5.5749123824e-02
2.1129929579e+00 6.9668928738e-02
2.3203005122e+00 8.4918746726e-02
2.5218426093e+00 1.0142185847e-01
2.7175508728e+00 1.1912794414e-01
2.9073791828e+00 1.3796193274e-01
3.0912382924e+00 1.5785343494e-01
3.2690775154e+00 1.7875141012e-01
3.4408343964e+00 2.0057369898e-01
3.6064426490e+00 2.2326207136e-01
3.7658571593e+00 2.4674731271e-01
3.9190157619e+00 2.7096278971e-01
4.0658684547e+00 2.9583798539e-01
4.2063733890e+00 3.2131403306e-01
4.3404785102e+00 3.4731476502e-01
4.4681401240e+00 3.7377021196e-01
4.5893330795e+00 4.0062668633e-01
4.7040161582e+00 4.2779963191e-01
4.8121519583e+00 4.5522612778e-01
4.9137351038e+00 4.8284452590e-01
5.0087304476e+00 5.1057719018e-01
5.0971219663e+00 5.3836222846e-01
5.1789048193e+00 5.6613045272e-01
5.2540503802e+00 5.9380659697e-01
5.3225860592e+00 6.2133395170e-01
5.3844938057e+00 6.4863878366e-01
5.4397802059e+00 6.7564792934e-01
5.4884708680e+00 7.0230501790e-01
5.5305751585e+00 7.2854207980e-01
5.5661124408e+00 7.5428328650e-01
5.5951252472e+00 7.7947164536e-01
5.6176227629e+00 8.0404211167e-01
5.6336864532e+00 8.2792345522e-01
5.6433139555e+00 8.5106061964e-01
5.6465790204e+00 8.7338776621e-01
5.6435456776e+00 8.9484143875e-01
5.6342563971e+00 9.1536350326e-01
5.6187917667e+00 9.3488239827e-01
5.5972315138e+00 9.5334915529e-01
5.5696556290e+00 9.7070723881e-01
5.5361371609e+00 9.8689702976e-01
5.4967828127e+00 1.0018647285e+00
5.4516738533e+00 1.0155629878e+00
5.4009274821e+00 1.0279377496e+00
5.3446526924e+00 1.0389381213e+00
5.2829695998e+00 1.0485229417e+00
5.2159798967e+00 1.0566367479e+00
5.1438252794e+00 1.0632394817e+00
5.0666315971e+00 1.0682971029e+00
4.9845510148e+00 1.0717686279e+00
4.8977186504e+00 1.0736106951e+00
4.8062778118e+00 1.0738008284e+00
4.7103919901e+00 1.0723088718e+00
4.6102334221e+00 1.0691039175e+00
4.5059372293e+00 1.0641600685e+00
4.3977010348e+00 1.0574640568e+00
4.2856982706e+00 1.0489971430e+00
4.1701074996e+00 1.0387505356e+00
4.0511021605e+00 1.0267075959e+00
3.9289043155e+00 1.0128679485e+00
3.8036971776e+00 9.9723948184e-01
3.6756732308e+00 9.7982198518e-01
3.5450572908e+00 9.6061786182e-01
3.4120723199e+00 9.3965217726e-01
3.2769115655e+00 9.1695573938e-01
3.1398417556e+00 8.9253106001e-01
3.0010508051e+00 8.6642510578e-01
2.8608058841e+00 8.3867360150e-01
2.7193585835e+00 8.0932776739e-01
2.5769604755e+00 7.7844789157e-01
2.4338619327e+00 7.4608331367e-01
2.2903478823e+00 7.1230427837e-01
2.1466944264e+00 6.7719765477e-01
2.0032165600e+00 6.4084714892e-01
1.8602199573e+00 6.0336879313e-01
1.7180132939e+00 5.6486098823e-01
1.5769516012e+00 5.2544439711e-01
1.4373964282e+00 4.8526123172e-01
1.2997497372e+00 4.4448535531e-01
1.1644166439e+00 4.0328624273e-01
1.0318966235e+00 3.6184707798e-01
9.0265027058e-01 3.2039017791e-01
7.7727347626e-01 2.7921385658e-01
6.5643092219e-01 2.3855239950e-01
5.4079330887e-01 1.9879968005e-01
4.3125161663e-01 1.6029101166e-01
3.2892242870e-01 1.2356174827e-01
2.3516364696e-01 8.9295384622e-02
1.5163089458e-01 5.8192404515e-02
8.0785122323e-02 3.1295787984e-02
2.7028322763e-02 1.0177588754e-02
-3.1004325333e-05 -9.7492169885e-06
