-4.5462060324e-06 3.0826950709e-07
2.8352560279e-01 -1.1287115186e-03
5.6043591111e-01 -4.3968667401e-03
8.3067287220e-01 -9.8051258610e-03
1.0940786538e+00 -1.7172642452e-02
1.3506787348e+00 -2.6446216454e-02
1.6003488711e+00 -3.7528951531e-02
1.8429851339e+00 -5.0288365868e-02
2.0785805810e+00 -6.4699596683e-02
2.3070819217e+00 -8.0590956304e-02
2.5284800694e+00 -9.7929563255e-02
2.7427237262e+00 -1.1660238395e-01
2.9497774441e+00 -1.3649044524e-01
3.1496506142e+00 -1.5756428906e-01
3.3423443899e+00 -1.7965983456e-01
3.5278532970e+00 -2.0275059316e-01
3.7061680569e+00 -2.2672844483e-01
3.8772982280e+00 -2.5148139863e-01
4.0412581998e+00 -2.7698082415e-01
4.1980947700e+00 -3.0307831493e-01
4.3478094702e+00 -3.2975101219e-01
4.4904179751e+00 -3.5688999131e-01
4.6259548410e+00 -3.8440549284e-01
4.7544575972e+00 -4.1226176272e-01
4.8759863959e+00 -4.4032829352e-01
4.9905341166e+00 -4.6859168256e-01
5.0981534263e+00 -4.9693465867e-01
5.1989294251e+00 -5.2527061749e-01
5.2928270646e+00 -5.5360277527e-01
5.3799572910e+00 -5.8180421577e-01
5.4603509321e+00 -6.0981356041e-01
5.5340246305e+00 -6.3760458570e-01
5.6010982939e+00 -6.6505607130e-01
5.6615549345e+00 -6.9215136488e-01
5.7154928500e+00 -7.1880693341e-01
5.7629466194e+00 -7.4495764700e-01
5.8039585232e+00 -7.7058107242e-01
5.8386499461e+00 -7.9557782756e-01
5.8669881731e+00 -8.1992434363e-01
5.8890945808e+00 -8.4353046214e-01
5.9050445445e+00 -8.6637082727e-01
5.9148419030e+00 -8.8839752050e-01
5.9186285827e+00 -9.0953898074e-01
5.9163754017e+00 -9.2976478876e-01
5.9082166555e+00 -9.4898875142e-01
5.8942152084e+00 -9.6720811453e-01
5.8744113914e+00 -9.8436114053e-01
5.8489295768e+00 -1.0003993844e+00
5.8177713055e+00 -1.0152856213e+00
5.7810814199e+00 -1.0289469121e+00
5.7388976792e+00 -1.0413891058e+00
5.6913313768e+00 -1.0525540149e+00
5.6384371733e+00 -1.0623905598e+00
5.5802786750e+00 -1.0708703722e+00
5.5170087812e+00 -1.0779411551e+00
5.4486513823e+00 -1.0836069505e+00
5.3753844646e+00 -1.0878198688e+00
5.2972053965e+00 -1.0905252902e+00
5.2142555852e+00 -1.0917028673e+00
5.1266562799e+00 -1.0913414222e+00
5.0345063490e+00 -1.0894059437e+00
4.9378989460e+00 -1.0858736981e+00
4.8369558212e+00 -1.0807394145e+00
4.7318313301e+00 -1.0739523995e+00
4.6225605616e+00 -1.0655059571e+00
4.5093820498e+00 -1.0553865694e+00
4.3923548158e+00 -1.0435985033e+00
4.2716771698e+00 -1.0301401652e+00
4.1474377028e+00 -1.0149668739e+00
4.0197820335e+00 -9.9808676874e-01
3.8889633160e+00 -9.7951407262e-01
3.7550439759e+00 -9.5927361989e-01
3.6183014990e+00 -9.3737247082e-01
3.4787781545e+00 -9.1376535810e-01
3.3368273631e+00 -8.8851131599e-01
3.1925351464e+00 -8.6163252323e-01
3.0461969274e+00 -8.3321367038e-01
2.8980091967e+00 -8.0323122740e-01
2.7481488602e+00 -7.7168824046e-01
2.5970110082e+00 -7.3868968841e-01
2.4446868720e+00 -7.0429445974e-01
2.2916675273e+00 -6.6864413967e-01
2.1380355731e+00 -6.3165942031e-01
1.9843605925e+00 -5.9349693474e-01
1.8307709785e+00 -5.5423519766e-01
1.6778326680e+00 -5.1409717968e-01
1.5258830651e+00 -4.7320905268e-01
1.3753705745e+00 -4.3155200729e-01
1.2268017799e+00 -3.8941826006e-01
1.0806940682e+00 -3.4695834824e-01
9.3787616012e-01 -3.0443382151e-01
7.9883511841e-01 -2.6225169299e-01
6.6445001302e-01 -2.2053008315e-01
5.3595279171e-01 -1.7968250770e-01
4.1414666045e-01 -1.4022965650e-01
3.0104624358e-01 -1.0304539840e-01
1.9866116032e-01 -6.8457268268e-02
1.0874472517e-01 -3.7179679428e-02
4.0247369145e-02 -1.3388664166e-02
-2.4928305177e-06 4.2966334659e-07
