1.8036289059e+02
1.8054231605e+02
1.8071747255e+02
1.8088295965e+02
1.8104453840e+02
1.8120241449e+02
1.8134778188e+02
1.8149309430e+02
1.8162826931e+02
1.8175858847e+02
1.8188675504e+02
1.8200411614e+02
1.8211823827e+02
1.8222580274e+02
1.8232822978e+02
1.8242586205e+02
1.8251576157e+02
1.8260329418e+02
1.8268312266e+02
1.8275832301e+02
1.8282781631e+02
1.8289446337e+02
1.8295239985e+02
1.8300666599e+02
1.8305776670e+02
1.8310125915e+02
1.8314210437e+02
1.8317539717e+02
1.8320687599e+02
1.8323380966e+02
1.8325314838e+02
1.8326783938e+02
1.8327997160e+02
1.8328732791e+02
1.8329022227e+02
1.8328673451e+02
1.8328004533e+02
1.8326908541e+02
1.8325390599e+02
1.8323322572e+02
1.8320625216e+02
1.8317957027e+02
1.8314702965e+02
1.8310680830e+02
1.8306406199e+02
1.8302037319e+02
1.8296529830e+02
1.8291321645e+02
1.8285025703e+02
1.8278896156e+02
1.8271918862e+02
1.8264501708e+02
1.8256552834e+02
1.8248545402e+02
1.8240133616e+02
1.8230758382e+02
1.8221081054e+02
1.8211382857e+02
1.8200730304e+02
1.8189660730e+02
1.8178552189e+02
1.8166495765e+02
1.8154263767e+02
1.8141518606e+02
1.8128320204e+02
1.8114750742e+02
1.8100263220e+02
1.8086031488e+02
1.8070935761e+02
1.8055157328e+02
1.8039820871e+02
1.8022784523e+02
1.8006487885e+02
1.7989163638e+02
1.7971378283e+02
1.7953972402e+02
1.7934800546e+02
1.7916566048e+02
1.7897691694e+02
1.7877874263e+02
1.7859204687e+02
1.7838802633e+02
1.7819171294e+02
1.7799234068e+02
1.7778861788e+02
1.7759564282e+02
1.7739242951e+02
1.7719926288e+02
1.7700444208e+02
1.7682240335e+02
1.7663404452e+02
1.7646706032e+02
1.7631586981e+02
1.7615530860e+02
1.7607399559e+02
1.7593625268e+02
1.7592119922e+02
1.7591209098e+02
1.7629429589e+02
1.7752199168e+02
