1.3012725016e-03 -2.3279918546e-06
1.3258668557e-03 2.1205871621e-05
9.2842314898e-04 -1.0901081018e-05
1.0047436687e-03 2.8721192497e-05
3.0840234003e-04 8.0340044189e-06
3.3538144407e-04 1.7649082117e-05
1.0006363502e-03 2.5682601714e-05
9.0934737780e-04 1.6847500093e-06
1.3265424175e-03 7.3050119462e-06
1.2991472221e-03 1.2955310870e-05
1.3080188972e-03 -2.7522773530e-05
1.3378681892e-03 4.4922205858e-05
9.4943387693e-04 -3.2585729275e-05
1.0346984310e-03 5.7423081855e-05
2.7438791394e-04 -2.2130588739e-06
3.6661113196e-04 3.2374027508e-05
9.7913739217e-04 8.3375529502e-07
8.7738269977e-04 1.9934082087e-05
1.3179002727e-03 -1.5446061621e-05
1.2821042806e-03 3.5096103298e-05
1.3093296003e-03 -4.1610032468e-05
1.3372095410e-03 6.6649318683e-05
9.6658922645e-04 -4.3904756649e-05
1.0495095552e-03 7.4604557575e-05
2.7795665096e-04 -1.3457428993e-05
3.9767435002e-04 4.2236225674e-05
9.5772176535e-04 -8.9347147104e-06
8.5005056618e-04 3.2121012096e-05
1.3090314191e-03 -3.0518673913e-05
1.2692909296e-03 5.2265597610e-05
1.3096146330e-03 -6.3382458384e-05
1.3392297493e-03 8.6745141530e-05
9.8044949086e-04 -6.3949772519e-05
1.0660891723e-03 9.3764549901e-05
3.1608094703e-04 -2.4208913719e-05
4.2434453988e-04 5.7798786990e-05
9.3774441553e-04 -1.2832126661e-05
8.2128993884e-04 5.2878652990e-05
1.3068701293e-03 -4.3144933674e-05
1.2551267920e-03 7.5825268819e-05
1.3142648880e-03 -8.5658659410e-05
1.3306600365e-03 1.0499312781e-04
9.8844993762e-04 -8.2381545064e-05
1.0626496041e-03 1.0590786714e-04
3.5878136418e-04 -3.7102856781e-05
4.4474593248e-04 6.6743039365e-05
9.0097653889e-04 -4.7281926379e-05
7.9430979393e-04 5.5037365833e-05
1.2730937140e-03 -7.3874160721e-05
1.2433091164e-03 8.2340459134e-05
1.3157272317e-03 -1.0403356355e-04
1.3268407472e-03 1.2301766232e-04
1.0250625460e-03 -1.0247323087e-04
1.0708690411e-03 1.2571398489e-04
3.8407940675e-04 -4.9992216400e-05
4.6880766623e-04 8.2007726960e-05
8.6875355288e-04 -6.1064023865e-05
7.6452436336e-04 7.0845297884e-05
1.2555921302e-03 -9.2997586793e-05
1.2262618333e-03 1.0455733064e-04
1.3129818731e-03 -1.2420344411e-04
1.3178903774e-03 1.4799315818e-04
1.0389360973e-03 -1.1838977339e-04
1.0813503084e-03 1.5067915145e-04
4.1347000644e-04 -6.2194201164e-05
4.9372970708e-04 9.8731171225e-05
8.3799000412e-04 -7.8746134805e-05
7.1751179807e-04 8.8851823943e-05
1.2351853942e-03 -1.1377651870e-04
1.1903875824e-03 1.2636289391e-04
1.2991488225e-03 -1.4070648955e-04
1.3097187594e-03 1.6421740474e-04
1.0349545022e-03 -1.3319344683e-04
1.0983283759e-03 1.5964320679e-04
4.4011662687e-04 -7.4699031586e-05
5.1884685633e-04 1.0839467069e-04
8.1662697800e-04 -8.7204133523e-05
1.2223556575e-03 -1.2661453915e-04
6.8140862991e-04 8.7801088385e-05
1.2911648411e-03 -1.5945043872e-04
1.1700397240e-03 1.2816630998e-04
1.0426077767e-03 -1.5398737824e-04
1.3020350213e-03 1.8648679802e-04
4.6814711263e-04 -8.9925929836e-05
1.1021413780e-03 1.8838310729e-04
7.8658977852e-04 -9.8347535536e-05
5.3764852458e-04 1.2725151516e-04
1.1997721302e-03 -1.4216207933e-04
6.3936243537e-04 1.1547363160e-04
1.2806618834e-03 -1.7683410322e-04
1.1400711698e-03 1.6644879371e-04
1.0505099599e-03 -1.6880657524e-04
1.2854319873e-03 2.0448429308e-04
4.9325289178e-04 -1.0191726243e-04
1.0963259101e-03 2.0293933886e-04
7.5432038627e-04 -1.1208945813e-04
5.5148793116e-04 1.3958393722e-04
1.1759091918e-03 -1.6066692928e-04
6.0005682730e-04 1.2245598066e-04
1.2654033200e-03 -1.9221867477e-04
1.1134592514e-03 1.7835542288e-04
1.0480739011e-03 -1.8329287681e-04
1.2692287324e-03 2.2075220056e-04
5.1544603389e-04 -1.1525643745e-04
1.0784786036e-03 2.1654967030e-04
7.2429433045e-04 -1.1938786506e-04
5.5691611853e-04 1.5036708273e-04
1.1528051756e-03 -1.7155627580e-04
5.6844227221e-04 1.0056717798e-04
1.2519927624e-03 -2.0775375894e-04
1.0955342747e-03 1.4881522432e-04
1.0529328667e-03 -2.0241838563e-04
1.2475330986e-03 2.3745878359e-04
5.3784611126e-04 -1.3060410033e-04
1.0964985871e-03 2.4268009335e-04
6.8409692194e-04 -1.2648964241e-04
5.8500833755e-04 1.7264912250e-04
1.1184786544e-03 -1.8283314143e-04
5.1316205866e-04 1.4266757108e-04
1.2363081363e-03 -2.2277789062e-04
1.0450348758e-03 2.1525286390e-04
1.0554580131e-03 -2.1856282893e-04
1.2280185140e-03 2.6065971671e-04
5.5912345375e-04 -1.4514210316e-04
1.0854242796e-03 2.5873591497e-04
6.5481088046e-04 -1.3528551018e-04
5.9533081972e-04 1.8570139709e-04
1.0962709046e-03 -1.9668693546e-04
4.7027845870e-04 1.4642382814e-04
1.2190368125e-03 -2.3893727761e-04
1.0092826957e-03 2.2258932493e-04
1.0499601369e-03 -2.3027586647e-04
1.2049992716e-03 2.7393525111e-04
5.7314893859e-04 -1.5702147516e-04
1.0798586999e-03 2.7458777080e-04
6.1748562043e-04 -1.4588787731e-04
6.0712670463e-04 1.9944013023e-04
1.0649117531e-03 -2.1216950161e-04
1.1981806098e-03 -2.5205728011e-04
4.2269152455e-04 1.5135079264e-04
1.0470192774e-03 -2.4278695908e-04
9.6909548917e-04 2.3558725594e-04
5.8943359865e-04 -1.6896175877e-04
1.1813053268e-03 2.8754923739e-04
5.8210352127e-04 -1.5506057639e-04
1.0689537339e-03 2.9003918301e-04
1.0353182070e-03 -2.2779438904e-04
6.1576352365e-04 2.1328714985e-04
1.1789466147e-03 -2.6586172921e-04
3.8499770487e-04 1.5336853460e-04
1.0296291340e-03 -2.5703226437e-04
9.4194622580e-04 2.4626948109e-04
5.9557314264e-04 -1.8171057221e-04
1.1562219934e-03 3.0245603452e-04
5.5057495143e-04 -1.5634961696e-04
1.0416106705e-03 3.0095063659e-04
1.0093035433e-03 -2.3231783715e-04
6.0809305128e-04 2.2283200079e-04
1.1594960756e-03 -2.7608445071e-04
3.4229796234e-04 1.4620797824e-04
1.0255991833e-03 -2.7090476267e-04
9.1178976271e-04 2.2958741233e-04
6.1100073704e-04 -1.9457366308e-04
1.1347219718e-03 3.0313514116e-04
5.1753337954e-04 -1.5694569864e-04
1.0303958989e-03 3.1644323490e-04
9.7803835249e-04 -2.3620510368e-04
6.1170808403e-04 2.3708100176e-04
1.1372820663e-03 -2.8505965973e-04
2.9876788682e-04 1.3822723274e-04
1.0196957065e-03 -2.8456231625e-04
8.8410536331e-04 2.2154851234e-04
6.2299876681e-04 -2.0760559720e-04
1.1075841860e-03 3.1036859305e-04
4.7873347276e-04 -1.5602506687e-04
1.0241884326e-03 3.3356453115e-04
9.3961771602e-04 -2.3773626301e-04
6.2553795944e-04 2.5465277283e-04
1.1128877994e-03 -2.9280042718e-04
1.0157978834e-03 -2.9753068719e-04
2.4854424673e-04 1.5510928857e-04
6.3799113980e-04 -2.2150453179e-04
8.2652204686e-04 2.6718614326e-04
4.4663371127e-04 -1.5991114156e-04
1.0714578296e-03 3.3672305348e-04
9.0906019051e-04 -2.4699358645e-04
1.0078761610e-03 3.4633037849e-04
1.0890703065e-03 -3.0377731406e-04
6.2882589425e-04 2.6681722345e-04
1.0039228408e-03 -3.0843555429e-04
2.0286723901e-04 1.5623547329e-04
6.4331063978e-04 -2.3385734472e-04
7.8241174522e-04 2.7751974327e-04
4.1255170634e-04 -1.6693920647e-04
1.0380015035e-03 3.4808917904e-04
8.8066507447e-04 -2.6124076399e-04
9.8365483782e-04 3.5600784794e-04
1.0636055207e-03 -3.1615717307e-04
6.2245727458e-04 2.7600657156e-04
9.8928351264e-04 -3.1754578752e-04
1.5821942611e-04 1.5113442419e-04
6.4743509188e-04 -2.4342506776e-04
7.4366755831e-04 2.7556451710e-04
3.7596356292e-04 -1.7023982622e-04
1.0073021831e-03 3.5213761949e-04
8.4334292838e-04 -2.7147515198e-04
9.6394305666e-04 3.6562614742e-04
1.0368061156e-03 -3.2586893531e-04
6.2066829019e-04 2.8686690213e-04
9.6960063235e-04 -3.2640382336e-04
1.1576629772e-04 1.4617983154e-04
6.4536646732e-04 -2.5348300604e-04
3.4411635706e-04 -1.6990631456e-04
7.0884831682e-04 2.7816724185e-04
8.1535841205e-04 -2.7422297214e-04
9.7705872244e-04 3.5887727581e-04
1.0120601990e-03 -3.3160000912e-04
9.3144770375e-04 3.7319211182e-04
9.5042831948e-04 -3.3396327564e-04
6.0227154885e-04 2.9413232505e-04
6.4337455802e-04 -2.6240973184e-04
7.1916550940e-05 1.3797414199e-04
3.1151960692e-04 -1.6822042882e-04
6.7577147517e-04 2.5043172869e-04
7.8347424319e-04 -2.7677371915e-04
9.4789258413e-04 3.4665880264e-04
9.8559205996e-04 -3.3695045785e-04
9.2339271622e-04 3.8554489710e-04
9.3534307279e-04 -3.4223362027e-04
6.1509546480e-04 3.0991514749e-04
6.4568239222e-04 -2.7253670053e-04
2.4286594811e-05 1.3392359678e-04
2.7979701654e-04 -1.6616548009e-04
6.1916000547e-04 2.8042473927e-04
7.5069426003e-04 -2.7886715258e-04
9.0312432343e-04 3.7041719965e-04
9.5807697848e-04 -3.4208297893e-04
8.9473132147e-04 3.9337753869e-04
9.1834155245e-04 -3.4955203719e-04
6.4515391438e-04 -2.8171586682e-04
6.0664378629e-04 3.1847611718e-04
2.4794416953e-04 -1.6428124831e-04
3.0198676217e-05 1.4051629471e-04
7.1707499339e-04 -2.8028882451e-04
5.7469599045e-04 2.8020776334e-04
9.2959760538e-04 -3.4631290510e-04
8.6501260500e-04 3.7171646432e-04
9.0397800208e-04 -3.5740009313e-04
8.6240999028e-04 3.9329323522e-04
6.4801480257e-04 -2.9211585241e-04
5.8750708102e-04 3.1928666698e-04
2.1567909928e-04 -1.6191616752e-04
4.5687212102e-05 1.4776713087e-04
6.7784907560e-04 -2.8081696188e-04
5.5500879886e-04 2.6792320607e-04
8.9747406879e-04 -3.4994003208e-04
8.4392617668e-04 3.6978703531e-04
8.8776515356e-04 -3.6462842601e-04
8.3627925831e-04 4.0025363318e-04
6.4870749845e-04 -3.0204413468e-04
5.7826390463e-04 3.2529674202e-04
1.8535824251e-04 -1.5963991975e-04
5.7609737360e-05 1.5795086332e-04
6.4480596176e-04 -2.8236850773e-04
8.6848857226e-04 -3.5419802718e-04
4.9085650439e-04 2.7740275559e-04
8.6862967884e-04 -3.7117454882e-04
7.9116666747e-04 3.7805025285e-04
6.4510862596e-04 -3.1115420987e-04
8.1562208793e-04 4.0817134099e-04
1.9019022763e-04 -1.6786315840e-04
5.7687889559e-04 3.3995412972e-04
6.1254846680e-04 -2.8513973430e-04
7.0939797892e-05 1.6683787833e-04
8.3931648971e-04 -3.5908955823e-04
4.5063921319e-04 2.7119324560e-04
8.4521009306e-04 -3.7624749970e-04
7.5507724905e-04 3.7626040415e-04
6.3517666727e-04 -3.1813050860e-04
7.8661883486e-04 4.1024834031e-04
2.0497301486e-04 -1.7911321143e-04
5.6218525171e-04 3.4467006331e-04
5.8466622590e-04 -2.8799606507e-04
8.2249751467e-05 1.7458722647e-04
8.1287353204e-04 -3.6380542786e-04
4.1444657741e-04 2.6641373964e-04
8.2178594674e-04 -3.8104001968e-04
7.1969993588e-04 3.7561008325e-04
6.2531828543e-04 -3.2521873953e-04
2.1834413147e-04 -1.8970072867e-04
7.5658171686e-04 4.1437557270e-04
5.4936565058e-04 -2.8831818414e-04
5.5179992207e-04 3.5349585221e-04
7.8064142161e-04 -3.6502748048e-04
9.2597708821e-05 1.8482759691e-04
7.9626412546e-04 -3.8110893815e-04
3.7058506321e-04 2.6566772105e-04
6.1073170627e-04 -3.2705401178e-04
6.7874129887e-04 3.7842203694e-04
2.3143216828e-04 -1.9642519701e-04
7.2509721981e-04 4.1608418614e-04
5.2600977996e-04 -2.7693962955e-04
5.3317513208e-04 3.5599171746e-04
7.5785357612e-04 -3.5634652437e-04
9.9305138167e-05 1.9121878165e-04
7.7668575161e-04 -3.8162556316e-04
3.3095744763e-04 2.5610517650e-04
6.0323592811e-04 -3.3156223777e-04
6.4108361705e-04 3.7350238349e-04
2.4179562111e-04 -2.0158161568e-04
4.9709544569e-04 -2.6569943352e-04
6.9982293989e-04 4.1996359156e-04
7.3012887133e-04 -3.4840646933e-04
5.3042183659e-04 3.6675553121e-04
7.5810561227e-04 -3.8283214644e-04
1.0876048994e-04 2.0335729854e-04
6.0143175352e-04 -3.3831428014e-04
2.7738880911e-04 2.5940091594e-04
2.5159520639e-04 -2.1192191113e-04
5.8776443944e-04 3.7963692919e-04
4.6389535400e-04 -2.7021178096e-04
6.6204347353e-04 4.1587150880e-04
6.9737946345e-04 -3.5535014740e-04
5.0211577885e-04 3.5798750096e-04
7.3260745524e-04 -3.8827444706e-04
1.1192401345e-04 2.0242558822e-04
5.9036855110e-04 -3.4724581683e-04
2.4497168153e-04 2.4537450076e-04
2.5678514804e-04 -2.2474278792e-04
4.2817817725e-04 -2.7329350243e-04
5.5461477938e-04 3.6856783597e-04
6.6219304257e-04 -3.5986851907e-04
6.3460772405e-04 4.1180661897e-04
7.0589929772e-04 -3.9259861968e-04
4.9398979292e-04 3.6126700273e-04
5.7746820661e-04 -3.5432114470e-04
1.1935645267e-04 2.1085537902e-04
2.6035647087e-04 -2.3664485747e-04
2.1535387626e-04 2.4350853462e-04
3.9641476010e-04 -2.7652241030e-04
5.2547582964e-04 3.7195125531e-04
6.2988501192e-04 -3.6538099243e-04
5.9794485375e-04 4.1490320772e-04
6.7728862769e-04 -3.9905019695e-04
4.5986499062e-04 3.6747599850e-04
5.6421800304e-04 -3.6473280188e-04
1.1228124742e-04 2.2024264167e-04
2.6279391810e-04 -2.4949744108e-04
3.5250593742e-04 -2.7888039371e-04
1.7955601524e-04 2.3335919855e-04
5.8474915756e-04 -3.6778897437e-04
4.8954275772e-04 3.6299182061e-04
6.4492775522e-04 -3.9429604260e-04
5.6370605540e-04 4.1398039311e-04
5.2109598893e-04 -3.4625018908e-04
4.3626291855e-04 3.7356311058e-04
2.5183572124e-04 -2.4071630271e-04
1.1056367808e-04 2.2961136468e-04
3.4460492360e-04 -2.4858436631e-04
1.3678277123e-04 2.1883785989e-04
5.7956235696e-04 -3.3393164438e-04
4.4216785558e-04 3.4606596851e-04
6.2268350241e-04 -3.8857044832e-04
5.3118334525e-04 4.0600080207e-04
5.1285786962e-04 -3.6065365835e-04
4.2172271926e-04 3.6799618338e-04
2.5380473988e-04 -2.5486173154e-04
3.1055259994e-04 -2.4700132429e-04
1.1459293258e-04 2.3055973935e-04
5.4297728918e-04 -3.3377457965e-04
1.0845183606e-04 2.1424110345e-04
5.9225962458e-04 -3.8929158467e-04
4.1146548167e-04 3.4773044093e-04
5.0937179422e-04 -3.6629017760e-04
4.9423978000e-04 4.0242208996e-04
2.5912023415e-04 -2.6656845100e-04
3.9896356182e-04 3.7245013799e-04
2.7291706668e-04 -2.6355855823e-04
1.1155126070e-04 2.4184659325e-04
5.0054545027e-04 -3.5728278669e-04
6.9122715121e-05 2.1002573177e-04
5.5522920294e-04 -3.9667826243e-04
3.6534286035e-04 3.4423016266e-04
4.8594656053e-04 -3.7608602084e-04
2.5159743943e-04 -2.8072487675e-04
4.5614378363e-04 4.0192006591e-04
2.3126426746e-04 -2.7004854990e-04
3.7682064394e-04 3.7671941709e-04
4.5259223657e-04 -3.6443092925e-04
1.0708721562e-04 2.5183950099e-04
5.1979198659e-04 -3.9912967722e-04
2.8397327324e-05 2.0911846327e-04
4.4583355195e-04 -3.7030264962e-04
3.1719635344e-04 3.4656641393e-04
2.3221918906e-04 -2.7999651970e-04
4.1636993570e-04 4.0094634209e-04
2.0121878108e-04 -2.5929771420e-04
3.3867752049e-04 3.7255807400e-04
4.2040414304e-04 -3.4872281785e-04
4.8818140082e-04 -3.8849726103e-04
9.1899984082e-05 2.5186099096e-04
4.1739996773e-04 -3.6604476747e-04
-3.7089902797e-06 1.9329464971e-04
2.1884995546e-04 -2.8142868552e-04
2.7737862090e-04 3.2634654418e-04
1.7947126447e-04 -2.4574935191e-04
3.8023755741e-04 3.8822150654e-04
4.0107262909e-04 -3.3179764216e-04
3.1639115579e-04 3.6731067470e-04
4.5213518103e-04 -3.8624195787e-04
8.6440434246e-05 2.5604082594e-04
3.9550252763e-04 -3.8049794218e-04
-2.8563030953e-05 1.9052781362e-04
2.0918672066e-04 -3.0054213537e-04
2.5218485398e-04 3.2642465962e-04
1.3265710427e-04 -2.5669588879e-04
3.4039797726e-04 -3.4641473585e-04
3.3818532531e-04 3.8511074467e-04
4.0761940304e-04 -3.8806148129e-04
2.7104638234e-04 3.7234126347e-04
3.5769958063e-04 -3.7128456133e-04
6.1502756275e-05 2.6957768138e-04
1.8577591045e-04 -2.9650479558e-04
-6.5761674815e-05 1.8656725172e-04
9.8784202791e-05 -2.5279050841e-04
2.0393082041e-04 3.1223628907e-04
3.0432769274e-04 -3.4134951640e-04
2.8966344457e-04 3.7668598082e-04
3.6350537825e-04 -3.8405267787e-04
2.3253876065e-04 3.7259015341e-04
3.2586638825e-04 -3.7874038367e-04
1.6721372942e-04 -3.1068575906e-04
4.2112912318e-05 2.7763140410e-04
5.5144103401e-05 -2.5779976393e-04
-1.0188634017e-04 1.8389368064e-04
2.5121374013e-04 -3.4734036020e-04
1.5593168849e-04 3.0595633222e-04
3.1214448125e-04 -3.8593534328e-04
2.3691738220e-04 3.6926691206e-04
2.7436178805e-04 -3.7907140291e-04
1.8685098849e-04 3.7097799290e-04
1.3094362397e-04 -3.1649893010e-04
1.5726798169e-05 2.8605052129e-04
1.2930087681e-05 -2.5806391141e-04
-1.3935893468e-04 1.8653386725e-04
1.9858388056e-04 -3.4167642501e-04
2.5780228556e-04 -3.8290842937e-04
1.0482794698e-04 3.0570247928e-04
2.2644026605e-04 -3.7688870557e-04
1.7413196071e-04 3.6914351295e-04
9.5124892714e-05 -3.1905817653e-04
1.5001626905e-04 3.8207966880e-04
-3.3560774581e-05 -2.5948096945e-04
5.4537571313e-07 3.0549221832e-04
1.4763099611e-04 -3.4111988969e-04
-1.9920113621e-04 1.9438623879e-04
1.9649687412e-04 -3.8051892070e-04
1.9559897485e-06 3.1878671612e-04
1.7112180038e-04 -3.8164905133e-04
5.3578865231e-05 -3.3210353736e-04
8.3129178168e-05 3.7430724650e-04
-9.2542470091e-05 -2.6760561058e-04
7.2706904074e-05 3.6999027187e-04
7.2469477249e-05 -3.4677706344e-04
-6.1416961248e-05 2.9869847300e-04
1.1558646891e-04 -3.8219348335e-04
-2.5931903862e-04 2.0185746056e-04
9.7349995669e-05 -3.8720147548e-04
-6.9437505561e-05 3.2551700385e-04
-5.7648011112e-06 -3.4578126501e-04
-1.0207504885e-05 3.7129637785e-04
-1.6294010712e-04 -2.7797054208e-04
-1.6480261056e-05 -3.5280806379e-04
-2.7694865177e-05 3.5356163936e-04
1.4655260240e-05 -3.9063304488e-04
-1.4607027379e-04 2.9432013891e-04
1.3603741938e-05 -3.9145899598e-04
-3.4412353846e-04 2.2069781629e-04
-8.1542430888e-05 -3.5890666595e-04
-1.4291720263e-04 3.3581310946e-04
-2.7819930393e-04 -3.1395355777e-04
-1.3198264214e-04 3.7207057309e-04
-7.7782182224e-05 -3.9520347301e-04
-1.4701192014e-04 4.0266289269e-04
-9.8845715441e-05 -4.1617357806e-04
-2.3831157600e-04 3.8940601146e-04
-1.6399655299e-04 -4.6441633627e-04
-2.5172284227e-04 -4.8773038250e-04
-5.0146827416e-04 2.9498372828e-04
-4.5135829121e-04 -4.2535905880e-04
-3.2128362328e-04 4.0249158398e-04
-2.8585599084e-04 -4.4525776466e-04
-4.1660105440e-04 2.6025223201e-04
-4.5325501728e-04 -2.6027755995e-04
-1.0489085417e-03 -2.3940316371e-04
-1.3408400958e-03 2.2625560526e-04
-1.3239162915e-03 -5.2158708464e-04
-1.6828899971e-03 4.9184029634e-04
-7.1610975606e-04 2.7548850507e-04
-7.0122991098e-04 -2.8912270274e-04
