1.9172112689e+02
1.9183232650e+02
1.9194146090e+02
1.9204545699e+02
1.9214538167e+02
1.9224327464e+02
1.9233690144e+02
1.9242584640e+02
1.9251029446e+02
1.9259343136e+02
1.9267100772e+02
1.9274636050e+02
1.9281691976e+02
1.9288371355e+02
1.9294953883e+02
1.9300989188e+02
1.9306824043e+02
1.9312122472e+02
1.9317194618e+02
1.9322078748e+02
1.9326507388e+02
1.9330839697e+02
1.9334677921e+02
1.9338240554e+02
1.9341481455e+02
1.9344389599e+02
1.9347282942e+02
1.9349706354e+02
1.9351843091e+02
1.9353733268e+02
1.9355116586e+02
1.9356560088e+02
1.9357726488e+02
1.9358532546e+02
1.9358981878e+02
1.9359332792e+02
1.9359317486e+02
1.9359027036e+02
1.9358615498e+02
1.9357637029e+02
1.9356686807e+02
1.9355442737e+02
1.9353877937e+02
1.9351991172e+02
1.9349967168e+02
1.9347761772e+02
1.9345057230e+02
1.9342286957e+02
1.9338923932e+02
1.9335595264e+02
1.9331800591e+02
1.9327800224e+02
1.9323461308e+02
1.9318760752e+02
1.9314181840e+02
1.9308991964e+02
1.9303617952e+02
1.9297646165e+02
1.9291570926e+02
1.9285260253e+02
1.9278458939e+02
1.9271486545e+02
1.9264012497e+02
1.9256198247e+02
1.9248349992e+02
1.9239734702e+02
1.9231044815e+02
1.9221680995e+02
1.9212271870e+02
1.9202411508e+02
1.9192131781e+02
1.9181192864e+02
1.9170325257e+02
1.9158776283e+02
1.9146925398e+02
1.9134366709e+02
1.9122002638e+02
1.9108713439e+02
1.9095344200e+02
1.9081049752e+02
1.9067291461e+02
1.9052255584e+02
1.9037368829e+02
1.9021555527e+02
1.9006465753e+02
1.8989955407e+02
1.8973513030e+02
1.8957280301e+02
1.8939930631e+02
1.8923785667e+02
1.8906075747e+02
1.8891224827e+02
1.8873276105e+02
1.8855513330e+02
1.8842112962e+02
1.8830284608e+02
1.8809385365e+02
1.8796931451e+02
1.8831461329e+02
1.8929344617e+02
