2.0113773425e+01
2.0112941170e+01
2.0112108916e+01
2.0111276661e+01
2.0110444406e+01
2.0109612151e+01
2.0108800871e+01
2.0108003449e+01
2.0107206027e+01
2.0106523217e+01
2.0106051246e+01
2.0105579275e+01
2.0105033700e+01
2.0104475311e+01
2.0103916921e+01
2.0103358532e+01
2.0102827701e+01
2.0102485770e+01
2.0102055944e+01
2.0101621077e+01
2.0101186211e+01
2.0100751344e+01
2.0100376243e+01
2.0100021352e+01
2.0099699305e+01
2.0099430157e+01
2.0099161010e+01
2.0098951506e+01
2.0098774225e+01
2.0098596943e+01
2.0098373497e+01
2.0098118334e+01
2.0098007275e+01
2.0097910717e+01
2.0097799735e+01
2.0097688753e+01
2.0097633450e+01
2.0097614685e+01
2.0097595920e+01
2.0097577155e+01
2.0097555338e+01
2.0097600280e+01
2.0097635163e+01
2.0097670046e+01
2.0097704929e+01
2.0097861005e+01
2.0098047655e+01
2.0098170178e+01
2.0098331897e+01
2.0098573098e+01
2.0098814299e+01
2.0099018216e+01
2.0099292359e+01
2.0099583802e+01
2.0099872844e+01
2.0100161886e+01
2.0100678646e+01
2.0101049824e+01
2.0101402833e+01
2.0101760509e+01
2.0102344700e+01
2.0102928891e+01
2.0103447811e+01
2.0103899872e+01
2.0104547018e+01
2.0105194164e+01
2.0105854646e+01
2.0106654322e+01
2.0107402524e+01
2.0108124513e+01
2.0108846503e+01
2.0109804615e+01
2.0110843732e+01
2.0111652911e+01
2.0112478831e+01
2.0113596950e+01
2.0114715068e+01
2.0115834709e+01
2.0116994102e+01
2.0118137749e+01
2.0119291358e+01
2.0120884577e+01
2.0122124542e+01
2.0123323576e+01
2.0124951720e+01
2.0126537284e+01
2.0127933465e+01
2.0129675331e+01
2.0131472668e+01
2.0133107841e+01
2.0134929333e+01
2.0136829618e+01
2.0138749445e+01
2.0140985661e+01
2.0142968937e+01
2.0144952213e+01
2.0147376627e+01
2.0149619135e+01
2.0151920264e+01
2.0154500343e+01
