1.1374556022e-03 1.0721169665e-06
7.3210727427e-04 -9.1034300809e-07
1.1698175800e-03 4.4397691054e-06
6.4441217704e-05 9.4872083377e-07
8.2681622181e-04 5.7404342363e-06
8.0230944643e-04 -2.3266600958e-06
1.0138179402e-04 2.0273377493e-06
1.1589229649e-03 -7.3789567788e-06
7.1199419828e-04 6.8377481330e-06
1.1446031429e-03 -1.0802736358e-05
1.1330320120e-03 1.3025284629e-05
7.5557100935e-04 -8.8597476232e-06
1.1779547295e-03 1.6668995749e-05
2.1747944719e-05 3.8230744113e-07
8.4959545699e-04 1.4706138609e-05
7.7860182366e-04 -1.1505532288e-05
1.3861035779e-04 3.8658817214e-06
1.1509288414e-03 -1.9821818554e-05
6.8826423657e-04 1.3100448134e-05
1.1441226432e-03 -2.2278380542e-05
1.1258866912e-03 2.4023768025e-05
7.7112736514e-04 -1.6769046959e-05
1.1873634040e-03 2.9515656519e-05
3.1536329995e-05 -8.3653942591e-08
8.7343891219e-04 2.4942622281e-05
7.5947865453e-04 -1.7961988594e-05
1.7308458586e-04 6.8052020121e-06
1.1390767021e-03 -3.0496786169e-05
6.6318926616e-04 2.0575148632e-05
1.1435369675e-03 -3.4360244925e-05
1.1178327367e-03 3.6243132704e-05
7.8766375426e-04 -2.5945302450e-05
1.1920253604e-03 4.1363775444e-05
6.4732868359e-05 -1.9438143390e-06
8.9105364853e-04 3.3411482135e-05
7.2700718042e-04 -2.5113677741e-05
2.0805153748e-04 9.5789119696e-06
1.1225395174e-03 -4.1704553302e-05
6.3745934782e-04 2.6210207812e-05
1.1438702345e-03 -4.5204248620e-05
1.1066963891e-03 4.7174199781e-05
8.0283456514e-04 -3.3528877773e-05
1.1946376858e-03 5.4558881630e-05
9.8213591679e-05 -3.9308103602e-06
9.1173104255e-04 4.5217351397e-05
7.0676910094e-04 -3.0140576352e-05
2.4451693211e-04 1.4438462752e-05
1.1136877882e-03 -5.1397405230e-05
6.0678207965e-04 3.1861303439e-05
1.1479904829e-03 -5.7264021100e-05
1.0907843341e-03 5.8326929645e-05
8.2980053825e-04 -4.3702519912e-05
1.1971538938e-03 6.7222767320e-05
1.3796494299e-04 -7.4693536152e-06
9.2869941170e-04 5.5413214433e-05
6.5717194792e-04 -3.5688593918e-05
2.7804422086e-04 1.8916965311e-05
1.0791319943e-03 -6.1657812003e-05
5.8145440773e-04 3.6715610510e-05
1.1457544591e-03 -6.8976746293e-05
1.0802603913e-03 6.9194726367e-05
8.4388334564e-04 -5.3296728536e-05
1.1979754858e-03 8.0130991168e-05
1.6791601637e-04 -1.1198224833e-05
9.4454163249e-04 6.6458346993e-05
6.2956547634e-04 -4.1087667856e-05
3.1054266599e-04 2.4351832881e-05
1.0637291025e-03 -7.1900331678e-05
5.5172914399e-04 4.1335386545e-05
1.1402453605e-03 -8.0076333306e-05
1.0640339357e-03 7.9938681483e-05
8.5631199996e-04 -6.2522188381e-05
1.1941057214e-03 9.2616443757e-05
2.0264859794e-04 -1.5568875467e-05
9.5798162006e-04 7.8169142636e-05
6.0223506572e-04 -4.5633656506e-05
3.4143149678e-04 3.0700645892e-05
1.0454267598e-03 -8.1244176207e-05
5.1875628499e-04 4.4251351836e-05
1.1298871405e-03 -9.0280318068e-05
8.5900725706e-04 -7.0915011660e-05
1.0458946064e-03 8.9174822731e-05
2.3139051761e-04 -1.9822226475e-05
1.1945647445e-03 1.0539453108e-04
5.7252418262e-04 -4.6898113097e-05
9.7298931336e-04 8.9765152924e-05
1.0265744585e-03 -8.7676683645e-05
3.7237948165e-04 3.7251298524e-05
1.1246016531e-03 -1.0112097069e-04
4.8727633396e-04 4.7339789825e-05
8.6909597513e-04 -8.0857612019e-05
1.0275866887e-03 9.9151261086e-05
2.6185626203e-04 -2.5447561319e-05
1.1892554452e-03 1.1767576261e-04
5.4807326927e-04 -5.2474549874e-05
9.8316438947e-04 1.0090623173e-04
1.0109931561e-03 -9.8591135829e-05
4.0229816659e-04 4.4247618690e-05
1.1119563529e-03 -1.1121321359e-04
4.5695201308e-04 4.9719388767e-05
8.7189818861e-04 -8.9926811694e-05
1.0085264047e-03 1.0843234019e-04
2.8872943320e-04 -3.1108981923e-05
1.1808533637e-03 1.2991344979e-04
5.1600494252e-04 -5.4733750685e-05
9.9397363798e-04 1.1472200873e-04
9.8740461215e-04 -1.0612416125e-04
4.3145095342e-04 5.3376258289e-05
1.1013911714e-03 -1.2097362166e-04
4.2439947721e-04 5.1439695954e-05
8.8022997098e-04 -9.9354400109e-05
9.8696436416e-04 1.1715738164e-04
3.1626178397e-04 -3.7098963803e-05
1.1699797910e-03 1.4161971205e-04
4.7982125461e-04 -5.5387486897e-05
9.9969019397e-04 1.2373360227e-04
9.6010883870e-04 -1.1225883035e-04
4.5660488921e-04 5.9511594298e-05
1.0934913889e-03 -1.3091415564e-04
3.8702283844e-04 5.1388685350e-05
8.9543779723e-04 -1.1102254704e-04
9.6156377013e-04 1.2457612761e-04
3.4689766136e-04 -4.4847868587e-05
1.1669463827e-03 1.5342208946e-04
4.4321125544e-04 -5.5887821180e-05
1.0059936205e-03 1.3515152815e-04
9.3032995502e-04 -1.1817483277e-04
4.8031810515e-04 6.7601685329e-05
1.0803517583e-03 -1.4000837115e-04
3.5550078416e-04 5.0318616749e-05
9.0021088766e-04 -1.1936566070e-04
9.4131227381e-04 1.3028194857e-04
3.7240606768e-04 -5.0986575773e-05
1.1546774637e-03 1.6398682639e-04
4.1074710055e-04 -5.6082912144e-05
1.0140056804e-03 1.4766977363e-04
9.0451863607e-04 -1.2395667072e-04
5.0582536227e-04 7.6945230363e-05
1.0669964302e-03 -1.4839443919e-04
3.1850077460e-04 4.9633289323e-05
8.9972341520e-04 -1.2755430682e-04
3.9241212779e-04 -5.7329474593e-05
9.1505698693e-04 1.3786516638e-04
3.7844896979e-04 -5.5657895850e-05
1.1421559135e-03 1.7503959450e-04
8.7972108821e-04 -1.2916237882e-04
1.0147888813e-03 1.5857958018e-04
1.0505092307e-03 -1.5653916191e-04
5.2585329439e-04 8.5367786450e-05
8.8951642524e-04 -1.3564252778e-04
2.8295209199e-04 4.8026739721e-05
4.0586760508e-04 -6.3930363044e-05
8.8901379473e-04 1.4449284804e-04
3.5013996473e-04 -5.3937880811e-05
1.1287329482e-03 1.8566239735e-04
8.6102916194e-04 -1.3290378851e-04
1.0134132213e-03 1.7032046491e-04
1.0365177785e-03 -1.6430811422e-04
5.4595045580e-04 9.5329599247e-05
8.8796073867e-04 -1.4339595866e-04
2.5079181880e-04 4.6134581038e-05
4.2602940103e-04 -7.0685654750e-05
8.6204468394e-04 1.5003759870e-04
3.2305103593e-04 -5.3986632523e-05
1.1110860176e-03 1.9508586710e-04
8.3856419150e-04 -1.3921986140e-04
1.0149614575e-03 1.8075995574e-04
1.0184847470e-03 -1.7150227034e-04
5.6762081012e-04 1.0433453027e-04
8.8400606719e-04 -1.5154076980e-04
2.1532352256e-04 4.2660773728e-05
4.4277050821e-04 -7.8036765535e-05
8.3450788091e-04 1.5463416653e-04
2.8945991320e-04 -5.1545465749e-05
1.0959279110e-03 2.0476622732e-04
8.0922452045e-04 -1.4219793849e-04
1.0130759437e-03 1.9299762608e-04
1.0005390441e-03 -1.7809992265e-04
5.8430565270e-04 1.1513878487e-04
8.8367455296e-04 -1.5968878892e-04
1.7917679324e-04 3.8548443282e-05
4.6076968117e-04 -8.5380717483e-05
8.0372493444e-04 1.5806132629e-04
2.5417796380e-04 -4.8111192064e-05
7.7718304880e-04 -1.4423321265e-04
1.0770134145e-03 2.1332519082e-04
9.8135688894e-04 -1.8424626756e-04
1.0099679889e-03 2.0311680474e-04
8.8000839309e-04 -1.6934418749e-04
5.9967800013e-04 1.2412579630e-04
4.7692168272e-04 -9.4716334952e-05
1.4245573107e-04 3.3309754292e-05
2.2128376822e-04 -4.4682503854e-05
7.7524043259e-04 1.6153348982e-04
7.4482298060e-04 -1.4565282200e-04
1.0569326078e-03 2.2121237955e-04
9.6078506500e-04 -1.8960396117e-04
1.0023025607e-03 2.1240755678e-04
8.7308342233e-04 -1.7492650680e-04
6.1300881017e-04 1.3335944757e-04
4.8893971413e-04 -1.0040077816e-04
1.0943339561e-04 2.7851532641e-05
1.8946393678e-04 -4.0349493025e-05
7.4476267110e-04 1.6277409159e-04
7.1452111375e-04 -1.4624057512e-04
1.0368528421e-03 2.2806392099e-04
9.3932475547e-04 -1.9400112057e-04
9.9847514173e-04 2.2279308701e-04
8.7143302808e-04 -1.8274262704e-04
6.2741969683e-04 1.4361198480e-04
5.0596078575e-04 -1.0865894371e-04
7.3585708079e-05 2.1707472558e-05
1.5762031823e-04 -3.5699083889e-05
7.1427711105e-04 1.6521887367e-04
6.8530837946e-04 -1.4675057461e-04
1.0148732933e-03 2.3584872156e-04
9.1855086695e-04 -1.9836889427e-04
8.6305138625e-04 -1.8995366407e-04
9.8740792205e-04 2.3683056013e-04
5.1622227845e-04 -1.1647675924e-04
6.3576218772e-04 1.5922169647e-04
1.3060691961e-04 -3.1264556677e-05
3.8695284307e-05 1.5505889367e-05
6.6591495914e-04 -1.4898835532e-04
6.8154295083e-04 1.6569882479e-04
9.0155625159e-04 -2.0308841653e-04
9.9083295302e-04 2.4181198265e-04
8.4968966220e-04 -1.9428332642e-04
9.7756183296e-04 2.4591314150e-04
5.2021508439e-04 -1.2159624322e-04
6.4541238088e-04 1.6901699243e-04
1.0070013979e-04 -2.5930278644e-05
5.6724024021e-06 7.6627418037e-06
6.3725220083e-04 -1.4893012412e-04
6.4676140187e-04 1.6595086225e-04
8.7912418209e-04 -2.0641205843e-04
9.6304228355e-04 2.4640477191e-04
8.3840322348e-04 -1.9936768532e-04
9.6553295111e-04 2.4886393799e-04
5.2695447527e-04 -1.2795382295e-04
6.5364174842e-04 1.7164774218e-04
7.1294290831e-05 -2.0088544016e-05
2.1913744091e-05 1.1099039922e-05
6.0948900967e-04 -1.4818503814e-04
6.1887457733e-04 1.6526033774e-04
8.5707185932e-04 -2.0917880463e-04
8.2656881437e-04 -2.0399000941e-04
9.4248537192e-04 2.5121655946e-04
5.3240386770e-04 -1.3388635846e-04
9.5268399049e-04 2.5627652136e-04
4.2759932327e-05 -1.3916906145e-05
6.5600188893e-04 1.8000978560e-04
5.7845886815e-04 -1.4622156379e-04
5.1264030625e-05 1.9468232620e-05
8.3296286041e-04 -2.1123243942e-04
5.8742935735e-04 1.6379614408e-04
8.1985724137e-04 -2.1165131102e-04
9.1558003704e-04 2.5458096242e-04
5.4493847347e-04 -1.4436836588e-04
9.3660418692e-04 2.6295543332e-04
1.4917570411e-05 -7.7612568139e-06
6.6027425265e-04 1.8898694141e-04
5.4337999166e-04 -1.4269635181e-04
8.1442921606e-05 2.8615329150e-05
8.0581080356e-04 -2.1195897818e-04
5.5586313859e-04 1.6161824317e-04
8.0682955999e-04 -2.1531805597e-04
8.8839845631e-04 2.5733500764e-04
5.4764544475e-04 -1.4939129788e-04
9.2116560849e-04 2.6937024444e-04
2.8044247440e-05 -1.1430617199e-05
6.6348877665e-04 1.9767157104e-04
5.1676084695e-04 -1.4096681255e-04
7.8275010245e-04 -2.1324345745e-04
1.0631174783e-04 3.7005039076e-05
7.9239928605e-04 -2.1763310983e-04
5.2077119947e-04 1.5807183117e-04
5.4887030752e-04 -1.5330478554e-04
8.6070953659e-04 2.5958806877e-04
5.0910077570e-05 -1.8112161100e-05
9.0547602457e-04 2.7543838002e-04
4.8728352623e-04 -1.3746197096e-04
6.6246012920e-04 2.0543038024e-04
7.5803791062e-04 -2.1336909045e-04
1.3170410202e-04 4.6156420138e-05
7.7817841826e-04 -2.2168145986e-04
4.9107818231e-04 1.5519288297e-04
5.5082790925e-04 -1.6021384519e-04
8.3251592735e-04 2.6098750924e-04
7.5490993040e-05 -2.5786308695e-05
8.8583306058e-04 2.8014814089e-04
4.6451108156e-04 -1.3581265292e-04
6.6272900149e-04 2.1418928269e-04
7.3644953310e-04 -2.1432297619e-04
1.5522859375e-04 5.5468267726e-05
7.6203075711e-04 -2.2361741646e-04
5.5133644485e-04 -1.6471925907e-04
4.5735537868e-04 1.5016110319e-04
9.6306482433e-05 -3.2909174580e-05
8.0176103959e-04 2.6079323592e-04
4.2708508711e-04 -1.2896985330e-04
8.6636525458e-04 2.8378759764e-04
7.0472011559e-04 -2.1165134891e-04
6.6123293103e-04 2.1995651887e-04
7.4622621840e-04 -2.2755013960e-04
1.7443920175e-04 6.3101533479e-05
5.4795719151e-04 -1.7191299409e-04
4.2335058761e-04 1.4456727068e-04
1.1596171794e-04 -4.1041800021e-05
7.7252049025e-04 2.6055364115e-04
4.0381462797e-04 -1.2626113449e-04
8.4706855139e-04 2.8715659283e-04
6.8191102428e-04 -2.1124139576e-04
6.5382257416e-04 2.2485403630e-04
7.2937458445e-04 -2.2783145535e-04
1.9288882617e-04 7.1283129595e-05
5.4882718028e-04 -1.7438983249e-04
1.3560784636e-04 -4.7078070351e-05
3.9467343571e-04 1.3970639585e-04
3.8307887162e-04 -1.2370586954e-04
7.4417363168e-04 2.5980259430e-04
6.6207533087e-04 -2.1140601222e-04
8.2315877136e-04 2.8917938918e-04
7.0869055249e-04 -2.2754153429e-04
6.4582767001e-04 2.3059372986e-04
5.3949283993e-04 -1.7608050388e-04
2.1078109808e-04 8.0201205924e-05
1.4999561320e-04 -5.3061479370e-05
3.6402894271e-04 1.3375646696e-04
3.5446044121e-04 -1.1783481211e-04
7.1228013572e-04 2.5730843649e-04
6.3545790335e-04 -2.0849759355e-04
7.9866815496e-04 2.8941640928e-04
6.8997128094e-04 -2.2765948763e-04
6.3825352581e-04 2.3389528949e-04
5.2958283817e-04 -1.7756073092e-04
2.2541161681e-04 8.7176510498e-05
1.6345731060e-04 -5.9003943135e-05
3.3008636392e-04 -1.1332664418e-04
3.3288179463e-04 1.2668429022e-04
6.1034465114e-04 -2.0613176211e-04
6.8146331935e-04 2.5450162080e-04
6.7031741014e-04 -2.2744951393e-04
7.7396569353e-04 2.9068359683e-04
5.2669568311e-04 -1.8137245107e-04
6.2954534755e-04 2.4151739545e-04
1.7812239297e-04 -6.5601521263e-05
2.4027176109e-04 9.7568467060e-05
3.0229366135e-04 -1.0716585461e-04
3.0069806498e-04 1.1914381490e-04
5.8226073881e-04 -2.0218117031e-04
6.4663794240e-04 2.4975665101e-04
6.5118977228e-04 -2.2688379024e-04
7.5114178425e-04 2.9068581495e-04
5.2292538105e-04 -1.8469629218e-04
6.1778809384e-04 2.4168617137e-04
1.9085674074e-04 -7.1774835432e-05
2.7133489401e-04 -9.9542714364e-05
2.4999856917e-04 1.0228462154e-04
5.4982237023e-04 -1.9642242941e-04
2.7407456190e-04 1.1225885436e-04
6.3062827226e-04 -2.2587867189e-04
6.1858168059e-04 2.4646273810e-04
5.1404975245e-04 -1.8698541188e-04
7.2198175710e-04 2.8812930292e-04
2.0082670493e-04 -7.7610763267e-05
6.0471414564e-04 2.4386053413e-04
2.5020479267e-04 -9.4772164068e-05
2.5846134349e-04 1.0864685465e-04
5.2754006729e-04 -1.9345877262e-04
2.4260725943e-04 1.0293649087e-04
6.0718068953e-04 -2.2294265596e-04
5.8440665493e-04 2.4002760655e-04
4.9669415546e-04 -1.8478236077e-04
6.9528833765e-04 2.8641139570e-04
2.0609524869e-04 -8.1147955184e-05
2.2175184586e-04 -8.7172851823e-05
5.8964580080e-04 2.4591869154e-04
4.9289519728e-04 -1.8603711239e-04
2.6628260935e-04 1.1568793758e-04
5.8436927485e-04 -2.2008588666e-04
2.1562929224e-04 9.5106152612e-05
4.9663385464e-04 -1.8906270053e-04
5.5124216603e-04 2.3360478024e-04
2.1886209335e-04 -8.7780270004e-05
6.6572092185e-04 2.8246787935e-04
1.9688908295e-04 -7.9999599885e-05
5.7393751935e-04 2.4565734025e-04
4.6625727191e-04 -1.8037263032e-04
2.7187498971e-04 1.2060878328e-04
5.6224223305e-04 -2.1740646307e-04
1.8750228789e-04 8.5802639690e-05
4.8078931558e-04 -1.8880850169e-04
2.2166188643e-04 -9.2008579656e-05
5.1720822674e-04 2.2581234411e-04
1.7541571286e-04 -7.4194940158e-05
6.3675777228e-04 2.7809276800e-04
4.4047710572e-04 -1.7501532067e-04
5.5614480606e-04 2.4528479230e-04
5.3605980222e-04 -2.1259081475e-04
2.7403689690e-04 1.2526731036e-04
4.6724178420e-04 -1.8743017963e-04
1.6019967741e-04 7.6564198525e-05
2.2634516501e-04 -9.5529739737e-05
4.8343398447e-04 2.1759758569e-04
1.5154845957e-04 -6.6734905908e-05
6.0424720654e-04 2.7187176720e-04
4.0883795346e-04 -1.6686314032e-04
5.3328637143e-04 2.4234245838e-04
5.0918460345e-04 -2.0729883114e-04
4.4540100086e-04 -1.8585506221e-04
2.7315558157e-04 1.2853132428e-04
2.2341500352e-04 -9.8995986175e-05
1.3586734506e-04 6.7935482240e-05
1.3164382681e-04 -6.0817695724e-05
4.4983578131e-04 2.0864751081e-04
3.8264528478e-04 -1.6024450831e-04
5.6989653657e-04 2.6380966612e-04
4.8159331025e-04 -2.0091643224e-04
5.0961962465e-04 2.3778798086e-04
4.2690070754e-04 -1.8063454423e-04
2.7104274683e-04 1.3078084410e-04
2.2201147285e-04 -9.9089598477e-05
1.1142426594e-04 5.9074100484e-05
1.1249864742e-04 -5.4798209952e-05
4.1317763357e-04 1.9821774805e-04
3.5837256481e-04 -1.5442720343e-04
4.5494081843e-04 -1.9453080686e-04
5.3299844239e-04 2.5438971757e-04
4.0609767100e-04 -1.7595385721e-04
4.8158284950e-04 2.3230649527e-04
2.1763184466e-04 -9.9506371660e-05
2.6416634267e-04 1.3201855993e-04
9.3147004781e-05 -4.8248412043e-05
8.8198828721e-05 4.9457530997e-05
3.3116636713e-04 -1.4650753159e-04
3.7598601576e-04 1.8503519602e-04
4.2456697202e-04 -1.8613307615e-04
4.9380287535e-04 2.4204893030e-04
3.8762673130e-04 -1.7173144600e-04
4.5183860256e-04 2.2395166842e-04
2.1674068086e-04 -1.0116716661e-04
7.2808099016e-05 -4.1524863283e-05
2.5569338678e-04 1.3131559527e-04
2.9653541026e-04 -1.3611453424e-04
6.5976738355e-05 4.0600948383e-05
3.9161088468e-04 -1.7699261716e-04
3.3561712473e-04 1.7130515406e-04
3.6323347366e-04 -1.6621108454e-04
4.4955336393e-04 2.2741277486e-04
2.0849224306e-04 -1.0116226037e-04
4.1637850665e-04 2.1215311475e-04
5.4972114616e-05 -3.5793676285e-05
2.4099569917e-04 1.2745849976e-04
2.6787230216e-04 -1.2724509028e-04
4.4494343568e-05 3.2581511490e-05
3.5800719974e-04 -1.6667932590e-04
3.3228017681e-04 -1.5663468012e-04
2.9759266907e-04 1.5916876544e-04
1.9425796062e-04 -9.7479353958e-05
4.0093673745e-04 2.1143327547e-04
3.8832396340e-05 -3.0089776436e-05
3.6880478806e-04 1.9973588821e-04
2.3797214528e-04 -1.1698892153e-04
2.1650668553e-04 1.2484841838e-04
3.2016160078e-04 -1.5382811795e-04
2.5576706410e-05 2.5085112268e-05
2.9800406787e-04 -1.4533370905e-04
2.4876558230e-04 1.3727691967e-04
1.7779389575e-04 -9.2987932423e-05
3.4240784393e-04 1.8647411482e-04
2.2619466276e-05 -2.4853200299e-05
2.0137026299e-04 -1.0442546365e-04
3.1894538595e-04 1.7793839205e-04
2.7543663721e-04 -1.3850589361e-04
1.9050775980e-04 1.1294570565e-04
2.5607930512e-04 -1.3160708016e-04
7.5320241447e-06 1.8006884318e-05
1.5343619220e-04 -8.6471722929e-05
1.9317240248e-04 1.1461179030e-04
6.7680743630e-06 -2.1606798572e-05
2.6849732137e-04 1.5406889596e-04
1.5952086022e-04 -9.1705569860e-05
2.4677772435e-04 1.4156020474e-04
2.1931057031e-04 -1.1864828586e-04
2.0156567251e-04 -1.0737665927e-04
1.4542871740e-04 8.9423842235e-05
1.1868029554e-04 -7.0802266293e-05
-8.9912296577e-06 1.7921136376e-05
-1.0945267108e-05 -2.3492124736e-05
1.3170785344e-04 1.0557195542e-04
1.2101934435e-04 -9.1494174733e-05
1.6623727198e-04 1.1414054659e-04
1.4798794010e-04 -9.5368407333e-05
8.3371621282e-05 3.3418680232e-05
5.4856583032e-05 -4.3712700238e-05
4.5305329704e-06 -1.9557362142e-05
-2.2233348248e-05 -4.1958896828e-06
-2.5658462575e-05 -8.2541072819e-06
-2.7733350537e-05 7.3427928387e-06
