2.7975477329e+02
2.7971340119e+02
2.7967202910e+02
2.7963065700e+02
2.7958928490e+02
2.7955000996e+02
2.7951128178e+02
2.7947255361e+02
2.7940109992e+02
2.7936229032e+02
2.7932348072e+02
2.7928513263e+02
2.7924879450e+02
2.7921245637e+02
2.7917611825e+02
2.7864676677e+02
2.7859854152e+02
2.7854925971e+02
2.7849997790e+02
2.7845069609e+02
2.7839913978e+02
2.7834554577e+02
2.7829195175e+02
2.7823835774e+02
2.7818286252e+02
2.7812207323e+02
2.7806128393e+02
2.7800049464e+02
2.7793942913e+02
2.7787759092e+02
2.7781575270e+02
2.7775160175e+02
2.7768498816e+02
2.7761732756e+02
2.7755014598e+02
2.7748296439e+02
2.7741494745e+02
2.7734674110e+02
2.7727509093e+02
2.7720113611e+02
2.7712534712e+02
2.7705358339e+02
2.7698252661e+02
2.7691041871e+02
2.7683572311e+02
2.7676102751e+02
2.7668633191e+02
2.7943642654e+02
2.7914106752e+02
2.7910280141e+02
2.7906373243e+02
2.7902466345e+02
2.7898422908e+02
2.7894122390e+02
2.7889821872e+02
2.7885944856e+02
2.7882113698e+02
2.7877945279e+02
2.7873526439e+02
2.7869107600e+02
2.7661490170e+02
2.7655303084e+02
2.7649115999e+02
2.7642928914e+02
2.7636619476e+02
2.7630149097e+02
2.7623678719e+02
2.7617496829e+02
2.7612479939e+02
2.7606863312e+02
2.7601608159e+02
2.7597076134e+02
2.7592435251e+02
2.7587495147e+02
2.7583682973e+02
2.7580359265e+02
2.7577112646e+02
2.7575281102e+02
2.7573449558e+02
2.7570977400e+02
2.7569473929e+02
2.7569244129e+02
2.7569082370e+02
2.7569835595e+02
2.7571637799e+02
2.7573440004e+02
2.7574971166e+02
2.7578609932e+02
2.7582493703e+02
2.7586428299e+02
2.7592561010e+02
2.7598693722e+02
2.7604802210e+02
2.7612986196e+02
2.7621575097e+02
2.7630163997e+02
2.7640219422e+02
2.7650364559e+02
2.7663250041e+02
2.7675675769e+02
