-1.1068323087e-05 -7.5916585183e-07
2.6180468154e-01 1.0828301924e-03
5.1838127509e-01 4.2330986173e-03
7.6966233426e-01 9.4499761585e-03
1.0155158940e+00 1.6583814893e-02
1.2559482593e+00 2.5598777172e-02
1.4907979410e+00 3.6388542789e-02
1.7200076169e+00 4.8902417509e-02
1.9434919843e+00 6.3055530266e-02
2.1611313502e+00 7.8759465257e-02
2.3729395764e+00 9.5971729039e-02
2.5787297764e+00 1.1456093610e-01
2.7784618825e+00 1.3451159764e-01
2.9720668539e+00 1.5571666856e-01
3.1594407872e+00 1.7808537204e-01
3.3405819276e+00 2.0158812489e-01
3.5153246359e+00 2.2609067517e-01
3.6836439392e+00 2.5156911065e-01
3.8454851244e+00 2.7792175651e-01
4.0007664102e+00 3.0505364679e-01
4.1494668309e+00 3.3293542213e-01
4.2914562686e+00 3.6143466250e-01
4.4267474338e+00 3.9052469362e-01
4.5552817402e+00 4.2009664246e-01
4.6770005500e+00 4.5006705650e-01
4.7918895042e+00 4.8039745136e-01
4.8998570135e+00 5.1095987194e-01
5.0009541067e+00 5.4172453918e-01
5.0951225664e+00 5.7257561063e-01
5.1823105708e+00 6.0345999325e-01
5.2625638844e+00 6.3428954675e-01
5.3358137170e+00 6.6497076030e-01
5.4021110329e+00 6.9546968007e-01
5.4614327004e+00 7.2565665433e-01
5.5137857615e+00 7.5551357040e-01
5.5592270913e+00 7.8491639405e-01
5.5977384144e+00 8.1380675252e-01
5.6293461307e+00 8.4211873043e-01
5.6540857285e+00 8.6974487352e-01
5.6720163325e+00 8.9666833782e-01
5.6832073553e+00 9.2276267071e-01
5.6876761061e+00 9.4798258216e-01
5.6854771416e+00 9.7226386811e-01
5.6767093773e+00 9.9548620803e-01
5.6614283357e+00 1.0176531395e+00
5.6397313375e+00 1.0386577646e+00
5.6117379799e+00 1.0584343050e+00
5.5774477212e+00 1.0769476780e+00
5.5370619001e+00 1.0940754689e+00
5.4906533650e+00 1.1098055329e+00
5.4383111644e+00 1.1240819924e+00
5.3802653067e+00 1.1368175199e+00
5.3164994052e+00 1.1479984691e+00
5.2472492280e+00 1.1575286126e+00
5.1726606930e+00 1.1653715184e+00
5.0928026672e+00 1.1715025484e+00
5.0079438148e+00 1.1758448814e+00
4.9181938807e+00 1.1784096365e+00
4.8237364373e+00 1.1791148002e+00
4.7247285004e+00 1.1779391654e+00
4.6213924557e+00 1.1748520934e+00
4.5138494628e+00 1.1698260081e+00
4.4024010361e+00 1.1628334407e+00
4.2871354918e+00 1.1538797020e+00
4.1683986054e+00 1.1429522465e+00
4.0462368082e+00 1.1300115429e+00
3.9210216186e+00 1.1150664852e+00
3.7929258706e+00 1.0981297825e+00
3.6621226841e+00 1.0792112008e+00
3.5289872494e+00 1.0583488807e+00
3.3935833015e+00 1.0355086644e+00
3.2563570532e+00 1.0107379862e+00
3.1173599236e+00 9.8406999497e-01
2.9770333087e+00 9.5557651715e-01
2.8355459347e+00 9.2529510805e-01
2.6931931379e+00 8.9326747674e-01
2.5502676472e+00 8.5955768752e-01
2.4069834965e+00 8.2422304775e-01
2.2637534803e+00 7.8740301825e-01
2.1207950708e+00 7.4916555947e-01
1.9784735359e+00 7.0958774688e-01
1.8370464705e+00 6.6884386987e-01
1.6969669867e+00 6.2710004821e-01
1.5583715844e+00 5.8433729955e-01
1.4219425383e+00 5.4085463314e-01
1.2876875431e+00 4.9671701203e-01
1.1563473149e+00 4.5230992491e-01
1.0281708106e+00 4.0775800106e-01
9.0364884581e-01 3.6322789770e-01
7.8337943084e-01 3.1904553212e-01
6.6761433061e-01 2.7536327711e-01
5.5767963798e-01 2.3284590610e-01
4.5329897059e-01 1.9152308815e-01
3.5603644266e-01 1.5238381736e-01
2.6666610337e-01 1.1569691744e-01
1.8611319371e-01 8.1658271715e-02
1.1657872191e-01 5.1316178330e-02
5.9049588197e-02 2.5664759305e-02
1.9939842795e-02 8.4194061436e-03
-2.7016152091e-06 -9.2538061104e-07
