2.6774828344e+02
2.6838900089e+02
2.6710729494e+02
2.6902482763e+02
2.6646630717e+02
2.6966055657e+02
2.6582414490e+02
2.7030994147e+02
2.6518188507e+02
2.7097223892e+02
2.6454342090e+02
2.7163400356e+02
2.6390536596e+02
2.7226513917e+02
2.6327343667e+02
2.7289627945e+02
2.6265090428e+02
2.7352589821e+02
2.6202827394e+02
2.7415438449e+02
2.6138206936e+02
2.7478293017e+02
2.6073196838e+02
2.7544970291e+02
2.6008963326e+02
2.7611714358e+02
2.5946090119e+02
2.7676992255e+02
2.5883198480e+02
2.7740748630e+02
2.5820028928e+02
2.7804519138e+02
2.5756791647e+02
2.7869546980e+02
2.5694337900e+02
2.7934658859e+02
2.5633653412e+02
2.7999546388e+02
2.5572951772e+02
2.8064246396e+02
2.5509380208e+02
2.8128964938e+02
2.5444992932e+02
2.8193375358e+02
2.5381210204e+02
2.8257758108e+02
2.5318780991e+02
2.8322119370e+02
2.5256323369e+02
2.8386544432e+02
2.5194634890e+02
2.8450989507e+02
2.5133212276e+02
2.8515707396e+02
2.5071726069e+02
2.8580479275e+02
2.5009849534e+02
2.8645009957e+02
2.4947942867e+02
2.8709180999e+02
2.8773376022e+02
2.4886816031e+02
2.8837713999e+02
2.4826020408e+02
2.8902093143e+02
2.4765110701e+02
2.8966463432e+02
2.4703398202e+02
2.9030964773e+02
2.4641647893e+02
2.9095494958e+02
2.4581105149e+02
2.9159333897e+02
2.4521186693e+02
2.9222984436e+02
2.4461331967e+02
2.9286881490e+02
2.4401733099e+02
2.9351672424e+02
2.4342097460e+02
2.9416495658e+02
2.4282356771e+02
2.9480087318e+02
2.4222548309e+02
2.9543252022e+02
2.4162797578e+02
2.9606539486e+02
2.4103229005e+02
2.9670374904e+02
2.4043621468e+02
2.9734242719e+02
2.3984550053e+02
2.9797874301e+02
2.3925871137e+02
2.9861415266e+02
2.3867221698e+02
2.9924861445e+02
2.3808742183e+02
2.9987966007e+02
2.3750219565e+02
3.0051105878e+02
2.3691900187e+02
3.0114316986e+02
2.3633759374e+02
3.0177575485e+02
2.3575650860e+02
3.0240753488e+02
2.3519559721e+02
3.0303555684e+02
2.3463425207e+02
3.0366396697e+02
2.3406168607e+02
3.0429117095e+02
2.3347776618e+02
3.0491769666e+02
2.3289352864e+02
3.0554377212e+02
2.3232709079e+02
3.0616694569e+02
2.3175991514e+02
3.0679053008e+02
2.3119902066e+02
3.0741306819e+02
2.3064587254e+02
3.0803487355e+02
2.3009233830e+02
3.0865636750e+02
2.2953703903e+02
3.0927411132e+02
2.2898067322e+02
3.0989229213e+02
2.2842831046e+02
3.1050837796e+02
2.2788191216e+02
3.1112262769e+02
2.2733511426e+02
3.1173688889e+02
3.1235580426e+02
2.2678365689e+02
3.1297517868e+02
2.2623058692e+02
3.1358843442e+02
2.2568633238e+02
3.1419539094e+02
2.2515729523e+02
3.1480274396e+02
2.2462780005e+02
3.1540512531e+02
2.2409163095e+02
3.1600801423e+02
2.2355313034e+02
3.1661222616e+02
2.2301852798e+02
3.1721789803e+02
2.2249246567e+02
3.1782397364e+02
2.2196593669e+02
3.1842671843e+02
2.2145252372e+02
3.1902994494e+02
2.2094130766e+02
3.1962832326e+02
2.2042643787e+02
3.2021960634e+02
2.1990359733e+02
3.2081131692e+02
2.1938027552e+02
3.2141075647e+02
2.1886966437e+02
3.2201180701e+02
2.1836179563e+02
3.2260525753e+02
2.1785402940e+02
3.2318559908e+02
2.1734782880e+02
3.2376638209e+02
2.1684110898e+02
3.2436412211e+02
2.1635259711e+02
3.2496584188e+02
2.1586994304e+02
3.2555756844e+02
2.1538222454e+02
3.2612863093e+02
2.1487742257e+02
3.2670015636e+02
3.2727373725e+02
2.1437212687e+02
3.2784844380e+02
2.1387958986e+02
3.2842546883e+02
2.1339138789e+02
3.2900730105e+02
2.1290581960e+02
3.2958958081e+02
2.1243567920e+02
3.3015705943e+02
2.1196497948e+02
3.3072093164e+02
2.1149368569e+02
3.3128747963e+02
2.1102122351e+02
3.3186086199e+02
2.1054916655e+02
3.3243470997e+02
2.1008357642e+02
3.3300027290e+02
2.0961742242e+02
3.3356364559e+02
2.0915672869e+02
3.3412528106e+02
2.0869872768e+02
3.3467885703e+02
2.0824094228e+02
3.3523289720e+02
2.0779131527e+02
3.3579192660e+02
2.0734112066e+02
3.3635405402e+02
2.0688624075e+02
3.3691375375e+02
2.0642661880e+02
3.3745948746e+02
3.3800571196e+02
2.0596775999e+02
3.3855584924e+02
2.0553645164e+02
3.3910884718e+02
2.0510451434e+02
3.3966031651e+02
2.0467338003e+02
3.4019834995e+02
2.0424244694e+02
3.4073689119e+02
2.0381089297e+02
3.4127238061e+02
2.0338597354e+02
3.4180651549e+02
2.0296045702e+02
3.4234162825e+02
2.0253496757e+02
3.4288129836e+02
2.0210862617e+02
3.4342143417e+02
2.0168156113e+02
3.4395642793e+02
2.0127216704e+02
3.4448848310e+02
2.0086271877e+02
3.4502077083e+02
2.0045473608e+02
3.4554685461e+02
2.0004802934e+02
3.4607347818e+02
3.4659509756e+02
1.9964060895e+02
3.4711267747e+02
1.9923988277e+02
3.4763083579e+02
1.9883909146e+02
3.4814866565e+02
1.9844113668e+02
3.4866702095e+02
1.9804685370e+02
3.4918423314e+02
1.9765186059e+02
3.4970083387e+02
1.9726609022e+02
3.5021804170e+02
1.9688092677e+02
3.5072106874e+02
1.9649600790e+02
3.5122416793e+02
1.9611101372e+02
3.5173050428e+02
1.9572528645e+02
3.5224131117e+02
1.9535197373e+02
3.5275273008e+02
1.9498036897e+02
3.5324745489e+02
1.9460926394e+02
3.5374141267e+02
3.5423720543e+02
1.9423875319e+02
3.5473595686e+02
1.9386750339e+02
3.5523531938e+02
1.9350432319e+02
3.5572285603e+02
1.9314256817e+02
3.5620939078e+02
1.9278273417e+02
3.5669901620e+02
1.9242776159e+02
3.5719419666e+02
1.9207205444e+02
3.5768999523e+02
1.9172083483e+02
3.5816867565e+02
1.9137050948e+02
3.5864477184e+02
1.9102323639e+02
3.5911777432e+02
1.9068595756e+02
3.5958401482e+02
1.9034794730e+02
3.6005085077e+02
1.9001073503e+02
3.6052949016e+02
3.6101131926e+02
1.8967343032e+02
3.6148777639e+02
1.8933727386e+02
3.6195130065e+02
1.8900598764e+02
3.6241544015e+02
1.8867395751e+02
3.6288305703e+02
1.8834959551e+02
3.6335212123e+02
1.8802838937e+02
3.6381620841e+02
1.8770762543e+02
3.6426438678e+02
1.8739034948e+02
3.6471317004e+02
1.8707233407e+02
3.6516816371e+02
1.8675955459e+02
3.6562583318e+02
1.8644936090e+02
3.6608117689e+02
3.6652687380e+02
1.8613978072e+02
3.6697319228e+02
1.8583668906e+02
3.6741699251e+02
1.8553285915e+02
3.6785994058e+02
1.8523227332e+02
3.6830211584e+02
1.8493359409e+02
3.6873922382e+02
1.8463526967e+02
3.6917695648e+02
1.8434445717e+02
3.6961062764e+02
1.8405290255e+02
3.7004232705e+02
1.8376465971e+02
3.7047335059e+02
1.8347884312e+02
3.7089712628e+02
1.8319301334e+02
3.7132151827e+02
3.7174403587e+02
1.8291552085e+02
3.7216552590e+02
1.8263728703e+02
3.7258639345e+02
1.8236088493e+02
3.7299629027e+02
1.8208611446e+02
3.7340680509e+02
1.8181085402e+02
3.7381829555e+02
1.8154859387e+02
3.7423063579e+02
1.8128557263e+02
3.7464280414e+02
1.8102269602e+02
3.7504453580e+02
1.8076005078e+02
3.7544689176e+02
1.8049671905e+02
3.7584593467e+02
3.7624201579e+02
1.8024330173e+02
3.7663852712e+02
1.7998934361e+02
3.7702996807e+02
1.7973859697e+02
3.7742206238e+02
1.7949208417e+02
3.7780908514e+02
1.7924487269e+02
3.7819065704e+02
1.7900518176e+02
3.7857283040e+02
1.7876526210e+02
3.7894383069e+02
1.7852732750e+02
3.7931509490e+02
1.7829270095e+02
3.7968661694e+02
3.8005828284e+02
1.7805736434e+02
3.8043053871e+02
1.7783725133e+02
3.8079106586e+02
1.7761841666e+02
3.8115136737e+02
1.7739753829e+02
3.8150850300e+02
1.7717366778e+02
3.8186065186e+02
1.7694911136e+02
3.8221340939e+02
1.7673770051e+02
3.8255394537e+02
1.7652785313e+02
3.8289351983e+02
1.7631986661e+02
3.8323260791e+02
3.8357034591e+02
1.7611662570e+02
3.8390868067e+02
1.7591266506e+02
3.8423408419e+02
1.7571712824e+02
3.8455778776e+02
1.7552284909e+02
3.8487881770e+02
1.7533112311e+02
3.8519353495e+02
1.7514708713e+02
3.8550887230e+02
1.7496231362e+02
3.8581335902e+02
1.7478528898e+02
3.8611580845e+02
1.7460991962e+02
3.8641512356e+02
3.8670547837e+02
1.7443776124e+02
3.8699646284e+02
1.7427732545e+02
3.8727628627e+02
1.7411612281e+02
3.8755321583e+02
1.7396223672e+02
3.8782718054e+02
1.7381043773e+02
3.8809047371e+02
1.7366171747e+02
3.8835440731e+02
1.7352757891e+02
3.8860463937e+02
1.7339264206e+02
3.8885015885e+02
3.8909268598e+02
1.7327239216e+02
3.8932140943e+02
1.7315837287e+02
3.8955078908e+02
1.7304659898e+02
3.8976439677e+02
1.7294998597e+02
3.8997116459e+02
1.7285256017e+02
3.9017456661e+02
1.7277068049e+02
3.9035763483e+02
1.7269676237e+02
3.9054138235e+02
1.7262678943e+02
3.9070920954e+02
3.9086869525e+02
1.7259091090e+02
3.9102313618e+02
1.7255415406e+02
3.9113649178e+02
1.7254292184e+02
3.9125057711e+02
1.7254806722e+02
3.9133552216e+02
1.7255768329e+02
3.9140140468e+02
1.7262774442e+02
3.9146372381e+02
1.7269687576e+02
3.9147790728e+02
3.9149284761e+02
1.7283226026e+02
3.9142935619e+02
1.7301964697e+02
3.9130446124e+02
1.7320676121e+02
3.9118265036e+02
1.7340741365e+02
3.9111744724e+02
1.7360677226e+02
3.9105337293e+02
1.7454640513e+02
3.9005467294e+02
1.7618625879e+02
3.8818089405e+02
3.8630633042e+02
1.7782737425e+02
