2.6534387011e+02
2.6596683863e+02
2.6472169232e+02
2.6660177232e+02
2.6409836904e+02
2.6723664147e+02
2.6347263894e+02
2.6786814523e+02
2.6284682773e+02
2.6849755620e+02
2.6221787790e+02
2.6912709333e+02
2.6158860406e+02
2.6976021097e+02
2.6096397935e+02
2.7039331126e+02
2.6034572587e+02
2.7102470701e+02
2.5972736081e+02
2.7165506422e+02
2.5910492066e+02
2.7228549779e+02
2.5848179173e+02
2.7292216951e+02
2.5785972932e+02
2.7355897162e+02
2.5723845203e+02
2.7419334258e+02
2.5661701211e+02
2.7482569621e+02
2.5600371474e+02
2.7545816248e+02
2.5539218360e+02
2.7609515760e+02
2.5477980113e+02
2.7673246872e+02
2.5416428242e+02
2.7736851405e+02
2.5354858388e+02
2.7800380060e+02
2.5293636778e+02
2.7863923692e+02
2.5232508281e+02
2.7927419949e+02
2.5171576584e+02
2.7990915973e+02
2.5111090314e+02
2.8054287846e+02
2.5050582331e+02
2.8117535876e+02
2.4990285977e+02
2.8180799454e+02
2.4930061760e+02
2.8244622507e+02
2.4869784124e+02
2.8308544926e+02
2.4809091431e+02
2.8372336847e+02
2.4748373141e+02
2.8435966594e+02
2.4688568673e+02
2.8499615778e+02
2.4629154764e+02
2.8563113040e+02
2.4569743523e+02
2.8626586427e+02
2.4510208944e+02
2.8689933193e+02
2.4450647231e+02
2.8753046815e+02
2.4391489096e+02
2.8816181481e+02
2.4332535717e+02
2.8879684187e+02
2.4273623849e+02
2.8943302671e+02
2.4214754111e+02
2.9006771882e+02
2.4155851593e+02
2.9069887560e+02
2.4097569560e+02
2.9133027529e+02
2.4039671076e+02
2.9196264196e+02
2.3981758496e+02
2.9259545383e+02
2.3923479612e+02
2.9322765898e+02
2.3865167238e+02
2.9385866366e+02
2.3807478333e+02
2.9448994202e+02
2.3750245433e+02
2.9511739717e+02
2.3693061708e+02
2.9574328000e+02
2.3636639474e+02
2.9637024198e+02
2.3580181869e+02
2.9700350086e+02
2.3523422628e+02
2.9763706385e+02
2.3466404402e+02
2.9826099456e+02
2.3409418214e+02
2.9887994883e+02
2.3353275497e+02
2.9950109144e+02
2.3297093356e+02
3.0013879943e+02
2.3241287459e+02
3.0077686946e+02
2.3185872162e+02
3.0139963299e+02
2.3130425254e+02
3.0201291451e+02
2.3075450434e+02
3.0262704040e+02
3.0325075570e+02
2.3020415690e+02
3.0387484236e+02
2.2965561666e+02
3.0449848647e+02
2.2910939141e+02
3.0512182033e+02
2.2856283900e+02
3.0574412888e+02
2.2802000305e+02
3.0634928451e+02
2.2747662667e+02
3.0695478556e+02
2.2693688137e+02
3.0757092411e+02
2.2640249932e+02
3.0819628934e+02
2.2586773659e+02
3.0882134222e+02
2.2533853158e+02
3.0943154842e+02
2.2480928872e+02
3.1004214266e+02
2.2428243060e+02
3.1065234441e+02
2.2375993296e+02
3.1126207669e+02
2.2323704947e+02
3.1187211487e+02
2.2270900520e+02
3.1248048897e+02
2.2217926599e+02
3.1308952033e+02
2.2165787908e+02
3.1369685060e+02
2.2115372189e+02
3.1430200578e+02
2.2064912184e+02
3.1490748667e+02
2.2014623547e+02
3.1551183818e+02
2.1964316867e+02
3.1611681482e+02
2.1913817049e+02
3.1671865710e+02
2.1862926354e+02
3.1731584229e+02
2.1811995267e+02
3.1791337304e+02
2.1762636330e+02
3.1851288345e+02
3.1911331704e+02
2.1713656908e+02
3.1971057006e+02
2.1664567815e+02
3.2030215439e+02
2.1615259352e+02
3.2089409775e+02
2.1565906806e+02
3.2148849305e+02
2.1516711133e+02
3.2208402003e+02
2.1467484792e+02
3.2267588848e+02
2.1418744863e+02
3.2325994254e+02
2.1371967163e+02
3.2384436813e+02
2.1325140828e+02
3.2443469361e+02
2.1277951807e+02
3.2502710422e+02
2.1230526319e+02
3.2561493282e+02
2.1183123472e+02
3.2619100190e+02
2.1136054817e+02
3.2676746318e+02
2.1088936822e+02
3.2735004657e+02
2.1043281093e+02
3.2793510902e+02
2.0998343983e+02
3.2851601826e+02
2.0953320601e+02
3.2908365992e+02
2.0908049514e+02
3.2965169344e+02
2.0862731342e+02
3.3023448344e+02
3.3082353864e+02
2.0817314155e+02
3.3140687021e+02
2.0771731929e+02
3.3196751867e+02
2.0726265493e+02
3.3252861429e+02
2.0682513397e+02
3.3309409931e+02
2.0638707873e+02
3.3366201722e+02
2.0595223630e+02
3.3422861728e+02
2.0551921573e+02
3.3478696493e+02
2.0508587576e+02
3.3534575279e+02
2.0465739561e+02
3.3590776110e+02
2.0422837668e+02
3.3647206937e+02
2.0381202906e+02
3.3703552171e+02
2.0340656147e+02
3.3759044941e+02
2.0300029754e+02
3.3814582865e+02
2.0257249567e+02
3.3869204028e+02
2.0214427869e+02
3.3923280276e+02
2.0172706312e+02
3.3977557026e+02
3.4033395200e+02
2.0131982138e+02
3.4089272590e+02
2.0091195608e+02
3.4144170977e+02
2.0051076052e+02
3.4198423772e+02
2.0010924199e+02
3.4252748418e+02
1.9971020781e+02
3.4307497568e+02
1.9931365952e+02
3.4362292969e+02
1.9891647287e+02
3.4416392119e+02
1.9852924782e+02
3.4469923029e+02
1.9814226240e+02
3.4523500984e+02
1.9775768747e+02
3.4576593065e+02
1.9737620329e+02
3.4629732997e+02
1.9699407776e+02
3.4683115730e+02
1.9661739239e+02
3.4736801988e+02
1.9624089949e+02
3.4790543252e+02
3.4842923628e+02
1.9586774689e+02
3.4895309446e+02
1.9549994032e+02
3.4947625033e+02
1.9513148568e+02
3.4999875958e+02
1.9476868741e+02
3.5052180525e+02
1.9440643208e+02
3.5104129348e+02
1.9404477146e+02
3.5156097960e+02
1.9368406174e+02
3.5207705364e+02
1.9332268895e+02
3.5258797101e+02
1.9297661817e+02
3.5309942922e+02
1.9263373378e+02
3.5361252955e+02
1.9229034308e+02
3.5412627264e+02
1.9194587149e+02
3.5463757336e+02
3.5514479951e+02
1.9160073836e+02
3.5565257731e+02
1.9126175435e+02
3.5615270982e+02
1.9092423775e+02
3.5665189774e+02
1.9059104237e+02
3.5714864723e+02
1.9027145951e+02
3.5764014675e+02
1.8995123690e+02
3.5813218830e+02
1.8962370411e+02
3.5862867085e+02
1.8929312212e+02
3.5912655123e+02
1.8896485545e+02
3.5962306100e+02
1.8864486948e+02
3.6011663668e+02
1.8832421748e+02
3.6061077296e+02
1.8801229951e+02
3.6109629777e+02
3.6157958090e+02
1.8770405170e+02
3.6206218541e+02
1.8739656040e+02
3.6254213872e+02
1.8709416214e+02
3.6302265779e+02
1.8679110002e+02
3.6349848927e+02
1.8649076478e+02
3.6397288203e+02
1.8619167557e+02
3.6444683368e+02
1.8589319181e+02
3.6491835826e+02
1.8560045448e+02
3.6539045405e+02
1.8530704246e+02
3.6585646479e+02
1.8501949566e+02
3.6631997963e+02
3.6678335600e+02
1.8473557375e+02
3.6724460964e+02
1.8445182268e+02
3.6770642966e+02
1.8417367056e+02
3.6816127505e+02
1.8389484553e+02
3.6861251576e+02
1.8362098865e+02
3.6906447468e+02
1.8335084383e+02
3.6952024988e+02
1.8308021077e+02
3.6997660486e+02
1.8280560733e+02
3.7042604518e+02
1.8253031494e+02
3.7087117361e+02
1.8226899436e+02
3.7131597388e+02
3.7175317574e+02
1.8202028630e+02
3.7219096333e+02
1.8177100797e+02
3.7262574963e+02
1.8151615872e+02
3.7305834526e+02
1.8126057577e+02
3.7349101520e+02
1.8100628434e+02
3.7391634354e+02
1.8075343970e+02
3.7434225929e+02
1.8049996896e+02
3.7476584251e+02
1.8026222009e+02
3.7518735367e+02
1.8002419004e+02
3.7560927467e+02
1.7978849121e+02
3.7601539058e+02
3.7642209555e+02
1.7955591898e+02
3.7683119774e+02
1.7932271632e+02
3.7724277404e+02
1.7909381076e+02
3.7765488217e+02
1.7886440509e+02
3.7805498041e+02
1.7863945917e+02
3.7845543773e+02
1.7842145683e+02
3.7885168862e+02
1.7820281151e+02
3.7924250778e+02
1.7798056934e+02
3.7963389046e+02
1.7775696002e+02
3.8002011025e+02
3.8040661536e+02
1.7754171576e+02
3.8078835062e+02
1.7734166996e+02
3.8116274767e+02
1.7714093618e+02
3.8153772846e+02
1.7694275602e+02
3.8190476948e+02
1.7674436064e+02
3.8227141505e+02
1.7654878133e+02
3.8263472961e+02
1.7635990516e+02
3.8299174093e+02
1.7617034681e+02
3.8334934475e+02
3.8369553018e+02
1.7598750534e+02
3.8404019761e+02
1.7580558816e+02
3.8438248597e+02
1.7562516118e+02
3.8471910766e+02
1.7544964510e+02
3.8505632827e+02
1.7527342842e+02
3.8538918680e+02
1.7510797497e+02
3.8572164883e+02
1.7494510373e+02
3.8604647423e+02
1.7478444740e+02
3.8635094085e+02
3.8665603882e+02
1.7463234010e+02
3.8695043399e+02
1.7447949905e+02
3.8724192087e+02
1.7434146924e+02
3.8753232922e+02
1.7420847719e+02
3.8781803208e+02
1.7407568914e+02
3.8810435887e+02
1.7394601238e+02
3.8838111544e+02
1.7381559486e+02
3.8865482142e+02
1.7370584407e+02
3.8892273378e+02
3.8916579085e+02
1.7360496924e+02
3.8940952195e+02
1.7350529167e+02
3.8963248953e+02
1.7341524398e+02
3.8984613212e+02
1.7332443176e+02
3.9005809233e+02
1.7324937427e+02
3.9025849631e+02
1.7318213856e+02
3.9045955579e+02
1.7311969200e+02
3.9064684316e+02
3.9082712473e+02
1.7309745936e+02
3.9100055140e+02
1.7307435128e+02
3.9111976342e+02
1.7307342684e+02
3.9123971010e+02
1.7308652688e+02
3.9133060599e+02
1.7310457017e+02
3.9140229972e+02
1.7318862809e+02
3.9147085340e+02
1.7327172035e+02
3.9149640107e+02
1.7341128641e+02
3.9152271885e+02
3.9147850751e+02
1.7359457411e+02
3.9137962519e+02
1.7378188333e+02
3.9127946822e+02
1.7408779166e+02
3.9113013664e+02
1.7439249016e+02
3.9098188382e+02
1.7543305066e+02
3.8984227534e+02
1.7716861586e+02
3.8777300967e+02
1.7890535892e+02
3.8570258201e+02
