3.9932328636e-07 8.3613511950e-12
3.9710564761e-02 -5.3695338915e-08
7.8605348861e-02 -5.9243604687e-08
1.1668452015e-01 -1.1811914367e-08
1.5394812859e-01 1.1537755628e-08
1.9039662945e-01 1.8723180079e-08
2.2603053747e-01 4.3806437651e-08
2.6084943426e-01 9.8852313090e-08
2.9485440805e-01 1.1730680378e-07
3.2804604426e-01 1.4151080710e-07
3.6042321668e-01 1.3848769138e-07
3.9198745985e-01 1.3461617097e-07
4.2273835976e-01 1.5192648993e-07
4.5267613413e-01 1.9006722040e-07
4.8180131881e-01 2.5909285020e-07
5.1011495561e-01 2.8385896523e-07
5.3761555498e-01 2.9234934773e-07
5.6430441966e-01 3.1601080973e-07
5.9018182800e-01 3.1682998193e-07
6.1524815103e-01 3.3075242014e-07
6.3950261411e-01 2.9757606169e-07
6.6294658293e-01 2.5934628538e-07
6.8558002918e-01 2.7135351720e-07
7.0740313081e-01 2.9308827650e-07
7.2841607346e-01 3.1967871325e-07
7.4861859169e-01 3.5774732884e-07
7.6801189345e-01 3.2376036664e-07
7.8659505733e-01 2.8103180569e-07
8.0436912621e-01 2.5378097946e-07
8.2133391894e-01 2.4968025255e-07
8.3748987737e-01 2.9540102393e-07
8.5283621594e-01 2.6843550649e-07
8.6737265449e-01 2.3510380696e-07
8.8110268862e-01 2.2658170550e-07
8.9402386738e-01 1.8638575253e-07
9.0613673973e-01 2.3792920529e-07
9.1744167862e-01 2.0855645776e-07
9.2793813358e-01 2.0628122113e-07
9.3762766308e-01 2.1784698385e-07
9.4650874979e-01 2.1711723654e-07
9.5458167065e-01 2.6815359117e-07
9.6184791967e-01 2.1962171039e-07
9.6830513720e-01 1.1150372784e-07
9.7395541630e-01 2.4339361178e-08
9.7879791991e-01 -1.5220528396e-08
9.8283308343e-01 2.6764371426e-08
9.8606100324e-01 1.0624357940e-08
9.8848231393e-01 -8.4446472959e-08
9.9009813571e-01 -1.3952026606e-07
9.9090513107e-01 -1.1932563089e-07
9.9090416061e-01 -3.2375413731e-08
9.9009641645e-01 3.3931265652e-08
9.8848111778e-01 1.6051107534e-08
9.8606020623e-01 -9.7578795049e-09
9.8283100112e-01 -8.7000010223e-08
9.7879367031e-01 -1.6842573758e-07
9.7395080908e-01 -2.2282366032e-07
9.6829905651e-01 -2.2737660488e-07
9.6184129424e-01 -2.0422606216e-07
9.5457607811e-01 -2.0778209351e-07
9.4650165640e-01 -1.6591490910e-07
9.3762058787e-01 -1.7240314200e-07
9.2793131489e-01 -2.2591059715e-07
9.1743482822e-01 -2.8667516662e-07
9.0613045239e-01 -3.1570735908e-07
8.9401753296e-01 -2.0760677939e-07
8.8109652855e-01 -4.9582805308e-08
8.6736689639e-01 -5.4431515521e-08
8.5282818359e-01 -5.0256146634e-08
8.3748048822e-01 -6.9247540647e-08
8.2132639417e-01 -4.6864636645e-08
8.0436184358e-01 2.3945722997e-08
7.8658776675e-01 5.1896405239e-08
7.6800446655e-01 5.3844964977e-08
7.4861222272e-01 6.1228552542e-08
7.2840974864e-01 6.4744720316e-08
7.0739688923e-01 1.1065527891e-07
6.8557366813e-01 1.3838988412e-07
6.6294100790e-01 1.1822254841e-07
6.3949680393e-01 1.3252863880e-07
6.1524207274e-01 1.3758570135e-07
5.9017617667e-01 1.3493081333e-07
5.6429839674e-01 1.2871625145e-07
5.3760915376e-01 1.2619219139e-07
5.1010828274e-01 1.6211134060e-07
4.8179559700e-01 2.1165782154e-07
4.5267037024e-01 2.6122201597e-07
4.2273249917e-01 2.7630927359e-07
3.9198260654e-01 2.4681863277e-07
3.6041904833e-01 2.2565167284e-07
3.2804211536e-01 2.0915461609e-07
2.9485148109e-01 1.7371562212e-07
2.6084655305e-01 4.7539787505e-08
2.2602812748e-01 -8.7904507619e-08
1.9039502783e-01 -1.7480838866e-07
1.5394671418e-01 -1.7814562430e-07
1.1668343795e-01 -6.1357085457e-08
7.8604946137e-02 1.4488937326e-07
3.9710056614e-02 1.0559241464e-07
-1.6179092216e-06 -1.1388396154e-10
