3.0268638437e+01
3.0266620530e+01
3.0264602622e+01
3.0262584715e+01
3.0260566807e+01
3.0258941441e+01
3.0257673847e+01
3.0256363687e+01
3.0254435303e+01
3.0252506918e+01
3.0251059612e+01
3.0249734831e+01
3.0248410049e+01
3.0247101146e+01
3.0245913550e+01
3.0244942956e+01
3.0244027092e+01
3.0242860833e+01
3.0241694574e+01
3.0240528315e+01
3.0239609213e+01
3.0238795714e+01
3.0237982215e+01
3.0237176465e+01
3.0236429205e+01
3.0235681946e+01
3.0235177803e+01
3.0234668176e+01
3.0234125779e+01
3.0233583382e+01
3.0233040985e+01
3.0232540614e+01
3.0232172605e+01
3.0231937229e+01
3.0231726520e+01
3.0231482707e+01
3.0231194267e+01
3.0230905828e+01
3.0230928428e+01
3.0230952690e+01
3.0230875708e+01
3.0230798726e+01
3.0230831405e+01
3.0230989759e+01
3.0231148112e+01
3.0231311135e+01
3.0231475326e+01
3.0231944693e+01
3.0232433257e+01
3.0232752980e+01
3.0233046996e+01
3.0233464474e+01
3.0234072208e+01
3.0234679942e+01
3.0235317540e+01
3.0236013360e+01
3.0237055815e+01
3.0237825749e+01
3.0238569367e+01
3.0239355794e+01
3.0240522412e+01
3.0241689029e+01
3.0242855646e+01
3.0244029583e+01
3.0245366740e+01
3.0246703898e+01
3.0248041056e+01
3.0249481829e+01
3.0251357386e+01
3.0253232943e+01
3.0254759781e+01
3.0256424610e+01
3.0258404459e+01
3.0260419276e+01
3.0262510649e+01
3.0265014911e+01
3.0267431780e+01
3.0269655856e+01
3.0271911441e+01
3.0274823296e+01
3.0277735151e+01
3.0280647006e+01
3.0283424257e+01
3.0286575528e+01
3.0289729693e+01
3.0292982382e+01
3.0296926215e+01
3.0300625202e+01
3.0303980234e+01
3.0307941208e+01
3.0312036902e+01
3.0316189874e+01
3.0320815991e+01
3.0325225167e+01
3.0329634343e+01
3.0334538762e+01
3.0339647528e+01
3.0344756295e+01
3.0350234831e+01
3.0355679384e+01
