4.5387000302e-03 6.2273804787e-03
1.2275380007e-02 1.7683734652e-02
3.0961874437e-02 3.7921375933e-02
3.2011400405e-02 -6.2218117024e-02
5.4442572377e-02 6.3291880464e-02
6.1256619356e-02 -1.0715231669e-01
8.1861208285e-02 9.3037803158e-02
1.0357167826e-01 -1.5940078598e-01
1.1235851485e-01 1.2637159348e-01
1.4507643702e-01 1.6247943904e-01
1.5387735459e-01 -2.1950990346e-01
1.8471442008e-01 2.0636008612e-01
2.1063385859e-01 -2.8621716061e-01
2.4389800968e-01 2.6354968925e-01
2.7229235133e-01 -3.5818749295e-01
3.1476838381e-01 3.2255988727e-01
3.4841197001e-01 -4.4141618140e-01
3.9627998663e-01 3.8307967432e-01
4.5557576061e-01 -5.4167296982e-01
4.9059691802e-01 4.4763909492e-01
5.7327985921e-01 -6.4291805779e-01
5.9518463961e-01 5.1772029436e-01
6.9858779812e-01 -7.4897817891e-01
7.0394481273e-01 5.8976193541e-01
8.1664884163e-01 6.6322899451e-01
8.3085947741e-01 -8.6741391524e-01
9.5287625464e-01 7.3806999292e-01
9.7773210846e-01 -9.8318848978e-01
1.0977799903e+00 8.0908742836e-01
1.1379320577e+00 -1.0961635338e+00
1.2503872622e+00 8.7615147769e-01
1.3101164520e+00 -1.2061338770e+00
1.4096649183e+00 9.3908762702e-01
1.4992422038e+00 -1.3199781946e+00
1.5733995552e+00 1.0004493410e+00
1.7003101288e+00 -1.4411472779e+00
1.7448002075e+00 1.0620206380e+00
1.9020199218e+00 -1.5616218337e+00
1.9277607408e+00 1.1177131966e+00
2.1101995095e+00 -1.6764235848e+00
2.1209507610e+00 1.1677023309e+00
2.3229700127e+00 1.2121318767e+00
2.3367070786e+00 -1.7759326858e+00
2.5323546435e+00 1.2511132646e+00
2.5690355106e+00 -1.8644276875e+00
2.7475837539e+00 1.2847247788e+00
2.8062884551e+00 -1.9422844219e+00
2.9750099555e+00 1.3242102979e+00
3.0474678322e+00 -2.0097712764e+00
3.1914089017e+00 1.3395473858e+00
3.2914778944e+00 -2.0670475270e+00
3.4159218987e+00 1.3492261625e+00
3.5423359558e+00 -2.1156770782e+00
3.6414802221e+00 1.3499803491e+00
3.8045901752e+00 -2.1612105407e+00
3.8670559681e+00 1.3417089922e+00
4.0457253064e+00 -2.1942736367e+00
4.0920143874e+00 1.3247414780e+00
4.2832091008e+00 -2.2177471070e+00
4.3156451117e+00 1.2994068101e+00
4.5165402830e+00 -2.2319671078e+00
4.5371648176e+00 1.2660320217e+00
4.7450463448e+00 -2.2371718924e+00
4.7616606203e+00 1.2229902483e+00
4.9678859853e+00 -2.2335005543e+00
4.9783279758e+00 1.1713288529e+00
5.1763072163e+00 1.1152286500e+00
5.1804721710e+00 -2.2166678516e+00
5.3695188978e+00 1.0500224255e+00
5.3843485647e+00 -2.1841975983e+00
5.5575870034e+00 9.7624904571e-01
5.5829237877e+00 -2.1398701942e+00
5.7400547377e+00 8.9445662398e-01
5.7756702631e+00 -2.0863252210e+00
5.9163860644e+00 8.0520006077e-01
5.9583745173e+00 -2.0265624413e+00
6.0859676641e+00 7.0903858216e-01
6.1289226653e+00 -1.9579615773e+00
6.2481113069e+00 6.0653328688e-01
6.2895727911e+00 -1.8802719473e+00
6.3999404530e+00 4.9731711908e-01
6.4412149197e+00 -1.7926551140e+00
6.5292340996e+00 3.7992861818e-01
6.5644714181e+00 -1.6984509297e+00
6.6588502470e+00 2.5884824156e-01
6.6764002681e+00 -1.5987319915e+00
6.7713330437e+00 1.3482205478e-01
6.7769767675e+00 -1.4939530486e+00
6.8545192653e+00 1.0644549000e-02
6.8660832188e+00 -1.3845558457e+00
6.9251869067e+00 -1.1593417524e-01
6.9435091130e+00 -1.2709673243e+00
6.9835116112e+00 -2.4439942781e-01
7.0089518286e+00 -1.1535979169e+00
7.0295830999e+00 -3.7421895471e-01
7.0581865802e+00 -1.0291030028e+00
7.0634044839e+00 -5.0484509635e-01
7.0848920615e+00 -6.3571701785e-01
7.0864695945e+00 -8.9836275678e-01
7.0938756029e+00 -7.6626300243e-01
