2.9634560920e+02
2.9555409474e+02
2.9713755326e+02
2.9474958844e+02
2.9794634278e+02
2.9392759769e+02
2.9875502479e+02
2.9310540166e+02
2.9956283277e+02
2.9231992411e+02
3.0037127300e+02
2.9153678734e+02
3.0117981782e+02
2.9075733045e+02
3.0198092597e+02
2.8998211199e+02
3.0278185624e+02
2.8920675165e+02
3.0359202852e+02
2.8839245576e+02
3.0441427619e+02
2.8757387387e+02
3.0523665775e+02
2.8677522130e+02
3.0603582021e+02
2.8600618664e+02
3.0683354027e+02
2.8523690420e+02
3.0764443300e+02
2.8443701484e+02
3.0847597273e+02
2.8363207126e+02
3.0930786636e+02
2.8284169388e+02
3.1010413540e+02
2.8207737344e+02
3.1089648646e+02
2.8131276898e+02
3.1169968418e+02
2.8053068016e+02
3.1252195295e+02
2.7974459359e+02
3.1334448314e+02
2.7895700281e+02
3.1414944465e+02
2.7816156252e+02
3.1495164979e+02
2.7736555671e+02
3.1575863547e+02
2.7660957571e+02
3.1657713149e+02
2.7586486274e+02
3.1739603311e+02
2.7511594526e+02
3.1820289397e+02
2.7435428230e+02
3.1900719493e+02
2.7359222738e+02
3.1981409122e+02
2.7283127119e+02
3.2062908866e+02
2.7207052166e+02
3.2144446980e+02
2.7131236866e+02
3.2225142315e+02
2.7056211943e+02
3.2305614512e+02
2.6981140643e+02
3.2385560972e+02
2.6906436871e+02
3.2464045562e+02
2.6831876811e+02
3.2542565624e+02
2.6757348631e+02
3.2624529230e+02
2.6682760884e+02
3.2707728030e+02
2.6608120650e+02
3.2790116794e+02
2.6534337241e+02
3.2869999515e+02
2.6460986516e+02
3.2949931884e+02
2.6387996168e+02
3.3029978296e+02
2.6317203064e+02
3.3110090982e+02
2.6246356196e+02
3.3190059494e+02
2.6173586000e+02
3.3269441651e+02
2.6099614549e+02
3.3348871729e+02
2.6025816643e+02
3.3428533876e+02
2.5952688408e+02
3.3508332754e+02
2.5879490740e+02
3.3588255349e+02
2.5808757229e+02
3.3669343369e+02
2.5739835934e+02
3.3750494870e+02
2.5670830695e+02
3.3829442182e+02
2.5599970466e+02
3.3907027115e+02
2.5529038033e+02
3.3984642042e+02
2.5458854040e+02
3.4062584243e+02
2.5389325672e+02
3.4140586626e+02
2.5319830508e+02
3.4219509348e+02
2.5252136577e+02
3.4299108792e+02
2.5184373125e+02
3.4378516305e+02
2.5116028641e+02
3.4455454445e+02
2.5047103417e+02
3.4532455162e+02
2.4978122987e+02
3.4610355995e+02
2.4911491469e+02
3.4689035757e+02
2.4844788011e+02
3.4767677291e+02
2.4778079157e+02
3.4845032272e+02
2.4711389244e+02
3.4922456554e+02
2.4644640073e+02
3.4999516874e+02
3.5076194517e+02
2.4578922327e+02
3.5152928209e+02
2.4513145279e+02
3.5229439856e+02
2.4447902680e+02
3.5306070006e+02
2.4383457520e+02
3.5382321588e+02
2.4318948908e+02
3.5458093728e+02
2.4253908241e+02
3.5533923561e+02
2.4188671734e+02
3.5610337943e+02
2.4124776551e+02
3.5686929610e+02
2.4063192499e+02
3.5762531041e+02
2.4001541029e+02
3.5836691311e+02
2.3937222949e+02
3.5910915930e+02
2.3872285570e+02
3.5986374302e+02
2.3809050904e+02
3.6062138408e+02
2.3749322697e+02
3.6137234551e+02
2.3689520347e+02
3.6211139498e+02
2.3629036791e+02
3.6285112498e+02
2.3568296536e+02
3.6357618511e+02
2.3507704971e+02
3.6429986816e+02
2.3447596805e+02
3.6502662845e+02
2.3387416170e+02
3.6575860013e+02
2.3328717455e+02
3.6649116663e+02
2.3270344733e+02
3.6723374263e+02
2.3211841598e+02
3.6798031414e+02
2.3153124703e+02
3.6871466053e+02
2.3094334756e+02
3.6941822113e+02
2.3037339328e+02
3.7012251900e+02
2.2980879034e+02
3.7083472503e+02
2.2924229150e+02
3.7155026843e+02
2.2867124100e+02
3.7226639858e+02
2.2809950908e+02
3.7298253326e+02
2.2754250045e+02
3.7369934910e+02
2.2699063216e+02
3.7439252848e+02
2.2643838308e+02
3.7507823875e+02
2.2588769111e+02
3.7577099398e+02
2.2533622142e+02
3.7648756091e+02
2.2479287042e+02
3.7720474653e+02
2.2425266422e+02
3.7790660755e+02
2.2371390854e+02
3.7860354251e+02
2.2319002159e+02
3.7929890236e+02
2.2266534626e+02
3.7998314447e+02
2.2214219583e+02
3.8066818027e+02
2.2161895113e+02
3.8134991676e+02
2.2109592177e+02
3.8203119305e+02
2.2058337224e+02
3.8271299892e+02
2.2007000812e+02
3.8339284149e+02
3.8407347544e+02
2.1956885763e+02
3.8473896975e+02
2.1907603717e+02
3.8539563925e+02
2.1858224980e+02
3.8605468125e+02
2.1808674004e+02
3.8672951450e+02
2.1759050888e+02
3.8740515724e+02
2.1709669401e+02
3.8806971065e+02
2.1660338664e+02
3.8872694726e+02
2.1610936735e+02
3.8938423947e+02
2.1563796787e+02
3.9002579256e+02
2.1516574837e+02
3.9066812792e+02
2.1469634737e+02
3.9131721155e+02
2.1422916873e+02
3.9197347101e+02
2.1376106596e+02
3.9263045991e+02
2.1330028628e+02
3.9326715485e+02
2.1283893505e+02
3.9390468243e+02
2.1238504650e+02
3.9453268093e+02
2.1193970449e+02
3.9515117878e+02
2.1149343374e+02
3.9577057138e+02
2.1104834893e+02
3.9641278201e+02
2.1060260634e+02
3.9705644480e+02
2.1016171624e+02
3.9768157679e+02
2.0972720099e+02
3.9828497016e+02
2.0929175253e+02
3.9888927255e+02
2.0886496572e+02
3.9951378156e+02
2.0843851648e+02
4.0014049795e+02
2.0802194357e+02
4.0076272543e+02
2.0762271309e+02
4.0138012680e+02
2.0722260476e+02
4.0199849435e+02
2.0680446761e+02
4.0259589317e+02
2.0638246273e+02
4.0319143945e+02
2.0596781594e+02
4.0378854067e+02
2.0556774690e+02
4.0438854849e+02
4.0498953411e+02
2.0516675074e+02
4.0557827951e+02
2.0477770231e+02
4.0616556491e+02
2.0439086730e+02
4.0674920207e+02
2.0400302835e+02
4.0732500913e+02
2.0361245138e+02
4.0790176426e+02
2.0322091061e+02
4.0847853452e+02
2.0284722321e+02
4.0905595730e+02
2.0247838098e+02
4.0963275465e+02
2.0211012804e+02
4.1020800234e+02
2.0174444601e+02
4.1078422427e+02
2.0137785988e+02
4.1134573002e+02
2.0101786824e+02
4.1190339530e+02
2.0065986153e+02
4.1245964161e+02
2.0030254244e+02
4.1301045636e+02
1.9994879547e+02
4.1356222262e+02
1.9959414696e+02
4.1411402146e+02
1.9924965168e+02
4.1466636451e+02
1.9890936329e+02
4.1521535963e+02
1.9856994453e+02
4.1575026425e+02
1.9823698815e+02
4.1628612293e+02
1.9790315140e+02
4.1682495866e+02
1.9757347666e+02
4.1736560525e+02
1.9724574337e+02
4.1790262122e+02
1.9691811866e+02
4.1841922864e+02
1.9659362670e+02
4.1893677502e+02
4.1945897656e+02
1.9626823935e+02
4.1998409224e+02
1.9595368953e+02
4.2050823324e+02
1.9564594101e+02
4.2102316838e+02
1.9533809740e+02
4.2153907635e+02
1.9503476951e+02
4.2204436638e+02
1.9473057232e+02
4.2254303639e+02
1.9443156629e+02
4.2304202597e+02
1.9413641105e+02
4.2353809367e+02
1.9384072856e+02
4.2403512233e+02
1.9354326407e+02
4.2452567719e+02
1.9324492330e+02
4.2501143207e+02
1.9295979443e+02
4.2549744465e+02
1.9268657869e+02
4.2597584739e+02
1.9241265611e+02
4.2645521224e+02
1.9213711468e+02
4.2692911790e+02
1.9186058462e+02
4.2739813017e+02
1.9158735054e+02
4.2786782781e+02
1.9131773130e+02
4.2832906611e+02
1.9104731779e+02
4.2879131157e+02
1.9080125714e+02
4.2924796943e+02
1.9055522141e+02
4.2969859777e+02
1.9030263726e+02
4.3015014013e+02
4.3058907379e+02
1.9004213101e+02
4.3102858056e+02
1.8978088697e+02
4.3146422909e+02
1.8953865005e+02
4.3189478631e+02
1.8929685500e+02
4.3232624939e+02
1.8905682704e+02
4.3274671152e+02
1.8881984424e+02
4.3316732962e+02
1.8858208077e+02
4.3358247307e+02
1.8835418561e+02
4.3398905043e+02
1.8812662787e+02
4.3439653164e+02
1.8790175187e+02
4.3480057216e+02
1.8768223261e+02
4.3520522938e+02
1.8746191538e+02
4.3559985731e+02
1.8725381308e+02
4.3597618109e+02
1.8704716347e+02
4.3635342800e+02
1.8684175961e+02
4.3672823052e+02
1.8663989854e+02
4.3710353286e+02
1.8643723742e+02
4.3747111643e+02
1.8624471912e+02
4.3782145046e+02
1.8605384967e+02
4.3817270015e+02
1.8586625256e+02
4.3851886535e+02
4.3886470147e+02
1.8568828225e+02
4.3920452451e+02
1.8550950138e+02
4.3952760183e+02
1.8533850831e+02
4.3985160644e+02
1.8516914883e+02
4.4015995326e+02
1.8500312348e+02
4.4046419195e+02
1.8484935514e+02
4.4076492556e+02
1.8469475517e+02
4.4105266584e+02
1.8455274071e+02
4.4134132809e+02
1.8441489925e+02
4.4161181956e+02
1.8427882365e+02
4.4187606583e+02
1.8415227235e+02
4.4213594908e+02
1.8402486918e+02
4.4237576348e+02
1.8392136904e+02
4.4261650030e+02
1.8382851078e+02
4.4283879525e+02
1.8373655332e+02
4.4305317715e+02
1.8365291011e+02
4.4326338926e+02
1.8356844874e+02
4.4344795304e+02
1.8350590649e+02
4.4363346447e+02
4.4378650559e+02
1.8345481852e+02
4.4392190432e+02
1.8340734489e+02
4.4405386516e+02
1.8339167002e+02
4.4415486041e+02
1.8337510198e+02
4.4425677452e+02
1.8339201292e+02
4.4432015150e+02
1.8343059222e+02
4.4435859993e+02
1.8347417210e+02
4.4439098333e+02
1.8358437734e+02
4.4434423860e+02
1.8369370226e+02
4.4429842010e+02
1.8386758123e+02
4.4418084869e+02
1.8409209117e+02
4.4400713868e+02
1.8431874324e+02
4.4383218009e+02
1.8461539655e+02
4.4360705823e+02
1.8491096063e+02
4.4338320229e+02
1.8587442745e+02
4.4232386128e+02
1.8747035271e+02
4.4047647034e+02
1.8906759477e+02
4.3862778809e+02
