4.4587773523e-04 1.0702012319e-07
4.6170493227e-04 1.4580113975e-06
2.8056573443e-04 -3.4566969248e-07
3.3259369568e-04 2.0072529256e-06
3.8821549675e-05 5.6912843495e-07
5.4909827317e-05 9.8045277015e-07
3.2308871673e-04 1.4896267767e-08
2.7275494157e-04 1.6009402340e-06
4.5761945995e-04 -1.1141137586e-06
4.4456957176e-04 2.8241234356e-06
4.4945792623e-04 -1.9966813893e-06
4.6753518885e-04 3.7108783340e-06
2.9210401504e-04 -1.5775173785e-06
3.4487414784e-04 3.5012368259e-06
2.4892138897e-05 3.1031178943e-07
6.9270798726e-05 1.3740364066e-06
3.1221091268e-04 -1.9490053344e-06
2.6333215931e-04 2.8530266562e-06
4.5497736717e-04 -3.6087472350e-06
4.4287442360e-04 4.9802425743e-06
4.4802889791e-04 -4.0950176321e-06
4.7203684956e-04 6.2765149776e-06
2.9391454030e-04 -2.9080837636e-06
3.5436082482e-04 5.7669379354e-06
1.2597227071e-05 3.6581524172e-07
8.3420186624e-05 2.0410040133e-06
3.0094665116e-04 -2.6045003107e-06
4.4629124814e-04 -5.2954060182e-06
2.5334015894e-04 3.1473961022e-06
4.4828843080e-04 -6.7491527739e-06
4.4075821159e-04 6.3423192618e-06
3.0285242762e-04 -5.1203097032e-06
4.7786789420e-04 8.7296179295e-06
9.4373520786e-06 9.6413923297e-08
3.6556495509e-04 7.5845420229e-06
2.9096333338e-04 -4.5760167620e-06
9.8376802488e-05 2.7977294847e-06
4.4090196865e-04 -7.9570764567e-06
2.4546636208e-04 5.5095524765e-06
4.4547265051e-04 -9.8661017650e-06
4.3917876141e-04 9.7637612055e-06
3.0727431594e-04 -8.0311217133e-06
4.7914230182e-04 1.1337015141e-05
2.6128953823e-05 -6.1304371067e-07
3.7284666590e-04 9.8200926224e-06
2.7934791696e-04 -6.0834084121e-06
1.1195908983e-04 3.7662197097e-06
4.3314506418e-04 -1.0166545643e-05
2.3296391730e-04 5.5367371664e-06
4.4952282302e-04 -1.1257837072e-05
4.3466353912e-04 1.0931892061e-05
3.2133461761e-04 -8.4186685995e-06
4.8515614580e-04 1.4246480314e-05
3.7741678713e-05 -8.8832635701e-07
3.8371062803e-04 1.2405715718e-05
2.7125455092e-04 -7.2242152192e-06
1.2529010935e-04 4.9686022504e-06
4.3020933005e-04 -1.2203085024e-05
2.2370666229e-04 7.7104221132e-06
4.3980238436e-04 -1.3800614766e-05
4.3268095842e-04 1.4489768789e-05
3.1187324715e-04 -1.0933506133e-05
4.8519724464e-04 1.6749023098e-05
5.1497530231e-05 -1.9138758122e-06
3.9129752289e-04 1.4310728278e-05
2.6315331701e-04 -8.2989549346e-06
1.3957987623e-04 6.0076036700e-06
4.2511699030e-04 -1.4075653745e-05
2.1139423764e-04 8.3889655521e-06
4.4228842601e-04 -1.5423381673e-05
4.2744577433e-04 1.6456501690e-05
3.2463874462e-04 -1.1764715684e-05
4.8901969914e-04 1.9568095482e-05
6.5111249559e-05 -2.3140396508e-06
3.9905955970e-04 1.7120687919e-05
2.4653174060e-04 -8.4267438863e-06
1.5286967513e-04 7.5941467082e-06
4.1392500305e-04 -1.5218660438e-05
1.9991677856e-04 8.9795032764e-06
4.4196548644e-04 -1.7568625023e-05
4.2306011271e-04 1.8424292752e-05
3.3316689627e-04 -1.3878993591e-05
4.9199934477e-04 2.2482061999e-05
7.7768528918e-05 -3.3206685466e-06
4.0907823325e-04 1.9917496713e-05
2.3128500079e-04 -9.4428678866e-06
1.6699550847e-04 9.2379910594e-06
4.0397978615e-04 -1.7230938033e-05
1.8959533448e-04 1.0001964854e-05
4.3956245806e-04 -1.9752621713e-05
4.2098444766e-04 2.1076182656e-05
3.3685212990e-04 -1.5852236207e-05
4.9352026721e-04 2.5127230064e-05
9.1349393808e-05 -4.4970498493e-06
4.1385853989e-04 2.2068605559e-05
2.1922955444e-04 -1.0304315175e-05
3.9474768910e-04 -1.8985079142e-05
1.7922241979e-04 1.0624012066e-05
4.3574572920e-04 -2.1514429600e-05
1.7884036252e-04 1.0185773150e-05
3.3902530089e-04 -1.7194115223e-05
4.1638539959e-04 2.2610437310e-05
1.0219921664e-04 -5.3947856807e-06
4.9343597373e-04 2.7856746788e-05
2.0447724449e-04 -1.0436797543e-05
4.2065833414e-04 2.4995128919e-05
3.8337991133e-04 -2.0119577514e-05
1.9180451146e-04 1.2562792418e-05
4.3155990239e-04 -2.3883585783e-05
1.6404209046e-04 9.9073042335e-06
3.4136813993e-04 -2.0435898603e-05
4.0825791086e-04 2.3707746747e-05
1.1421531097e-04 -7.3635450250e-06
4.9565412126e-04 3.0819270768e-05
1.9930067423e-04 -1.1448053656e-05
4.3141274843e-04 2.8520371566e-05
3.8234773730e-04 -2.2159140078e-05
2.0615793654e-04 1.4954251696e-05
4.3037116075e-04 -2.5511650657e-05
1.5151438804e-04 1.0999269189e-05
3.4780450529e-04 -2.1086032947e-05
4.0474505843e-04 2.7214955966e-05
1.2526337604e-04 -7.8586188686e-06
4.9617586152e-04 3.3850160099e-05
1.8320934299e-04 -1.1174514586e-05
4.3392921059e-04 3.0518990021e-05
3.6976517240e-04 -2.2931932734e-05
2.1689641683e-04 1.6416873639e-05
4.2551078648e-04 -2.7289141332e-05
1.4003178392e-04 1.1038103623e-05
3.4960117127e-04 -2.3466323639e-05
3.9852564370e-04 2.8925213641e-05
1.3583190666e-04 -9.6382587166e-06
4.9503458005e-04 3.6519799494e-05
1.7034744123e-04 -1.1446673076e-05
3.5950491206e-04 -2.4188586652e-05
4.4086741227e-04 3.3726517945e-05
4.2141252885e-04 -2.9016308953e-05
2.2958027788e-04 1.8853468996e-05
3.4985811978e-04 -2.4851879679e-05
1.2409165562e-04 1.0736225480e-05
1.4429831631e-04 -1.0694383380e-05
3.8862419818e-04 3.0416948895e-05
1.6027314255e-04 -1.1464216245e-05
4.9378333398e-04 3.9249128348e-05
3.5320401850e-04 -2.5339266963e-05
4.4632438852e-04 3.6649244454e-05
4.1604054772e-04 -3.0631265044e-05
2.4193334081e-04 2.1145936885e-05
3.5316189472e-04 -2.6841966216e-05
1.1060456378e-04 1.0514005571e-05
1.5493213033e-04 -1.2297228659e-05
3.8055373833e-04 3.2199347412e-05
1.4657408749e-04 -1.1360935180e-05
4.9392307157e-04 4.2132166894e-05
3.4169717635e-04 -2.6272249684e-05
4.5311835050e-04 3.9628013775e-05
4.1151956775e-04 -3.2284939540e-05
2.5272384683e-04 2.3370702315e-05
3.5284528150e-04 -2.8430549557e-05
9.4393811400e-05 9.8598991220e-06
1.6246570173e-04 -1.3628162927e-05
3.7441496630e-04 3.3843485341e-05
1.3530410152e-04 -1.1091094337e-05
3.3417702543e-04 -2.7120880441e-05
4.9199267388e-04 4.4813309796e-05
4.0737327594e-04 -3.3852625184e-05
4.5649463294e-04 4.2760658564e-05
3.5589235899e-04 -3.0420694450e-05
2.6364140784e-04 2.6086730455e-05
1.7193108651e-04 -1.5312692682e-05
7.9553947207e-05 9.2052365608e-06
1.2241803514e-04 -1.0819205403e-05
3.6451461684e-04 3.5146002026e-05
3.2402811787e-04 -2.7984666769e-05
4.9089665472e-04 4.7587694606e-05
4.0198293120e-04 -3.5283979235e-05
4.6116075767e-04 4.5883143242e-05
3.5247774159e-04 -3.1770277822e-05
2.7376688407e-04 2.8654925166e-05
1.7730349361e-04 -1.6633487010e-05
6.4997770148e-05 8.3493133675e-06
1.1165656120e-04 -1.0415459563e-05
3.5732957869e-04 3.6526966617e-05
3.1486966620e-04 -2.8535805006e-05
4.8772322782e-04 5.0152379952e-05
3.9466002325e-04 -3.6458207045e-05
3.5476686929e-04 -3.3650080527e-05
4.6459077290e-04 4.9180612699e-05
1.8717873590e-04 -1.8437423771e-05
2.8501243799e-04 3.1708613173e-05
9.9384299746e-05 -9.9635334841e-06
4.9385498121e-05 7.3242768880e-06
3.0445755364e-04 -2.9223494520e-05
3.4568766487e-04 3.7628142456e-05
3.8885527891e-04 -3.7682479979e-05
4.8456261478e-04 5.2690509683e-05
3.5517743635e-04 -3.4969476541e-05
4.6774945162e-04 5.1879504956e-05
1.9446718426e-04 -1.9745711837e-05
2.9392063941e-04 3.3995565049e-05
8.6399906549e-05 -9.1091977981e-06
3.4299195196e-05 5.9629929226e-06
2.9298492885e-04 -2.9324416521e-05
3.3720625041e-04 3.8337792047e-05
3.8229343523e-04 -3.8733781396e-05
4.8128027629e-04 5.4984513577e-05
3.5376380389e-04 -3.6754018317e-05
4.7121130305e-04 5.5279621187e-05
1.9982200588e-04 -2.1551186760e-05
7.3192580626e-05 -8.3496539844e-06
3.0428223789e-04 3.7217568641e-05
2.8143226116e-04 -2.9627002386e-05
1.7725251467e-05 4.4780536551e-06
3.7538458977e-04 -3.9826494293e-05
3.2928008549e-04 3.9899876601e-05
3.5278344580e-04 -3.8220587555e-05
4.7767976192e-04 5.7722436009e-05
2.0639187784e-04 -2.3126891986e-05
4.7164161250e-04 5.8159729678e-05
6.3283808702e-05 -7.6468836262e-06
3.1265287307e-04 4.0045760040e-05
2.7428861405e-04 -3.0056970881e-05
2.5213104766e-06 2.8537097295e-06
3.7066682648e-04 -4.0983442361e-05
3.1762766967e-04 4.0516528876e-05
3.5223580345e-04 -3.9815684039e-05
4.7256660413e-04 5.9927646428e-05
2.1217653868e-04 -2.4803174897e-05
5.1605847079e-05 -6.8132891305e-06
4.7302694785e-04 6.0986180558e-05
2.6480407254e-04 -3.0475323010e-05
3.2066590849e-04 4.2749848180e-05
3.6412553841e-04 -4.1913627265e-05
1.1102853521e-05 3.9885889688e-06
3.4869854913e-04 -4.0579588929e-05
3.0765651971e-04 4.1333453708e-05
2.1505388708e-04 -2.5698646003e-05
4.6897099074e-04 6.2420660824e-05
4.0558189499e-05 -5.6535970159e-06
4.7506507342e-04 6.4063867961e-05
2.5871004671e-04 -3.0313453835e-05
3.2878905950e-04 4.5738305393e-05
3.5932604992e-04 -4.2678963180e-05
2.7301228546e-05 6.3061612547e-06
3.4673425241e-04 -4.2410089757e-05
2.9533040292e-04 4.1625367535e-05
2.2011032648e-04 -2.7894632369e-05
3.0629213113e-05 -4.9536237875e-06
4.6115665760e-04 6.4276460384e-05
2.5274054824e-04 -3.1345616776e-05
4.7510678883e-04 6.7137597119e-05
3.5460893398e-04 -4.4016375634e-05
3.3782115183e-04 4.9257349572e-05
3.4347293703e-04 -4.3408483211e-05
4.1952390908e-05 8.7229221506e-06
2.2280618930e-04 -2.9043409194e-05
2.8154666856e-04 4.1603858080e-05
1.7976195502e-05 -3.6199129201e-06
4.5554143409e-04 6.6331388998e-05
2.3761605666e-04 -3.0601393274e-05
4.7757123585e-04 7.0416302219e-05
3.4436029737e-04 -4.4307241067e-05
3.4380352862e-04 5.2257389821e-05
3.4225478463e-04 -4.4808896422e-05
2.2885634840e-04 -3.0892815343e-05
5.4606078674e-05 1.0966559213e-05
6.4646101625e-06 -2.4402674131e-06
2.7268909489e-04 4.2065126450e-05
2.2548336734e-04 -3.0213511373e-05
4.5142228510e-04 6.8524398305e-05
3.3630770113e-04 -4.4914406024e-05
4.7557632269e-04 7.3253603267e-05
3.3482654370e-04 -4.6437762723e-05
3.4920193323e-04 5.5485255174e-05
2.2467990524e-04 -3.2982420833e-05
6.8967883515e-05 1.3653487002e-05
1.2321454634e-05 -3.6186448053e-06
2.6087744742e-04 4.1988803963e-05
2.1443101827e-04 -2.9780993704e-05
3.2670188745e-04 -4.5092067928e-05
4.4377240222e-04 7.0145314986e-05
3.3430377347e-04 -4.7162041424e-05
4.7288387186e-04 7.5856517535e-05
2.3423628826e-04 -3.4172352578e-05
3.5462808724e-04 5.8554346135e-05
2.4733752781e-05 -5.2379845547e-06
8.2800564177e-05 1.6265292844e-05
2.0426973759e-04 -2.9476426999e-05
2.4704890564e-04 4.1657182555e-05
3.1976646208e-04 -4.5587134025e-05
4.3551992322e-04 7.1726089430e-05
3.3345708083e-04 -4.8087714101e-05
4.7236079981e-04 7.8373819805e-05
2.3839725191e-04 -3.5322739693e-05
3.3252520551e-05 -6.5886292206e-06
3.6046658241e-04 6.1231969086e-05
1.9399238103e-04 -2.8895607697e-05
9.4948999465e-05 1.8670309641e-05
3.1182413329e-04 -4.5775109806e-05
2.3468520724e-04 4.1273036990e-05
3.2917451065e-04 -4.8882171741e-05
4.2814230246e-04 7.3284233285e-05
2.4100663144e-04 -3.6750306689e-05
4.6833600016e-04 8.0749591875e-05
4.3737180204e-05 -8.3896835987e-06
3.6367846011e-04 6.4328284814e-05
1.8285699980e-04 -2.8253044576e-05
1.0952692956e-04 2.2002659329e-05
3.0217950415e-04 -4.5815106002e-05
3.2442847499e-04 -4.9927109289e-05
2.2347646659e-04 4.0929502573e-05
2.4301946281e-04 -3.8740219946e-05
4.2036457314e-04 7.4641185448e-05
5.2732646249e-05 -1.0285078191e-05
4.6621189931e-04 8.3329430144e-05
1.7383163664e-04 -2.7821395651e-05
3.6764417062e-04 6.7165847679e-05
2.9593740372e-04 -4.6206710476e-05
1.2020215961e-04 2.4565155158e-05
3.2100470353e-04 -5.0492242402e-05
2.0933305796e-04 3.9784321123e-05
2.4357877276e-04 -3.9184586157e-05
6.1668483314e-05 -1.1664324379e-05
4.1171164862e-04 7.5659309700e-05
1.6496553509e-04 -2.7263578738e-05
4.6345500976e-04 8.6033762743e-05
2.8817258803e-04 -4.6291232323e-05
3.7108941950e-04 7.0676788972e-05
3.1513789985e-04 -5.0949539861e-05
1.3208199613e-04 2.7845141652e-05
2.4267815696e-04 -4.0308404620e-05
1.9630701597e-04 3.8948395007e-05
6.8525477813e-05 -1.3290416100e-05
4.0206624946e-04 7.6679814472e-05
1.5383012609e-04 -2.6377624500e-05
2.7872793177e-04 -4.6114699988e-05
4.5836231087e-04 8.8128091080e-05
3.0951597291e-04 -5.1508361107e-05
3.7388970189e-04 7.3642429558e-05
2.4272568797e-04 -4.1489468867e-05
1.4262852215e-04 3.0719342574e-05
7.6626655554e-05 -1.5081441051e-05
1.8152063702e-04 3.7626932045e-05
1.4450903689e-04 -2.5675564126e-05
3.9174728918e-04 7.7478011870e-05
2.7033734193e-04 -4.6035958179e-05
4.5455675665e-04 9.0102113376e-05
3.0540730123e-04 -5.2268877351e-05
2.4780066007e-04 -4.3470513670e-05
3.7668566849e-04 7.6063211378e-05
8.5922010182e-05 -1.7107526680e-05
1.5341991400e-04 3.3510983569e-05
1.3191733870e-04 -2.4419034816e-05
1.6771543579e-04 3.6285601755e-05
2.5891668800e-04 -4.5414364086e-05
3.8102737873e-04 7.8087359596e-05
3.0030962555e-04 -5.2643684204e-05
4.4862579200e-04 9.1947300709e-05
2.4674399409e-04 -4.4143333863e-05
9.1733249301e-05 -1.8445015102e-05
3.7732271428e-04 7.8812662491e-05
1.2410375958e-04 -2.3776951344e-05
1.6297169356e-04 3.6666867700e-05
2.5231306806e-04 -4.5461806458e-05
1.5495523902e-04 3.5019783976e-05
2.9224115712e-04 -5.2657815240e-05
3.7135668639e-04 7.8719030913e-05
2.4168246902e-04 -4.4669275607e-05
4.4189228213e-04 9.3720098593e-05
9.5522074010e-05 -1.9840528478e-05
1.1381186301e-04 -2.2717395460e-05
3.7661389480e-04 8.1178429771e-05
2.4248825755e-04 -4.4928242824e-05
1.7125120574e-04 3.9543565424e-05
2.8456941840e-04 -5.2709636617e-05
1.4049528364e-04 3.3163641043e-05
2.3504715188e-04 -4.4850377210e-05
3.5931952815e-04 7.8697586710e-05
9.8527266337e-05 -2.1129597178e-05
4.3530129078e-04 9.5389978796e-05
1.0636221641e-04 -2.2192678104e-05
3.7708122765e-04 8.4123437751e-05
2.3549074572e-04 -4.4951972830e-05
2.7792439287e-04 -5.2877839949e-05
1.7917283442e-04 4.2691423142e-05
2.3759338185e-04 -4.6281745913e-05
1.2535810462e-04 3.1053717562e-05
1.0584180109e-04 -2.2935792294e-05
3.4773130997e-04 7.8722475971e-05
9.5277601298e-05 -2.0819308637e-05
4.2884583041e-04 9.7008884662e-05
2.2460360306e-04 -4.4063333974e-05
3.7723573199e-04 8.6854288831e-05
2.7133420287e-04 -5.2915694768e-05
2.3183167390e-04 -4.6322474641e-05
1.8731314260e-04 4.5965562033e-05
1.0785836893e-04 -2.3974870969e-05
1.1075704259e-04 2.9073962467e-05
8.7615514075e-05 -2.0137852910e-05
3.3477612355e-04 7.8539158407e-05
2.1740827572e-04 -4.3962618918e-05
4.2003215759e-04 9.8193041015e-05
2.6361079675e-04 -5.2840098320e-05
2.3178849888e-04 -4.7507308436e-05
3.7365189678e-04 8.8843241338e-05
1.1383791516e-04 -2.5771722477e-05
1.9310702619e-04 4.8849544964e-05
7.6601203561e-05 -1.8669417287e-05
9.6715524838e-05 2.7014004646e-05
2.0448422071e-04 -4.2574362421e-05
3.2077605103e-04 7.7913783733e-05
2.5473618954e-04 -5.2214636863e-05
4.0940051593e-04 9.8903679078e-05
2.2852439524e-04 -4.7431165943e-05
1.1689488119e-04 -2.6622795346e-05
3.6878310389e-04 9.0667539861e-05
6.8405809031e-05 -1.7729491029e-05
1.9748855908e-04 5.1673039823e-05
1.9815017298e-04 -4.2573269423e-05
8.2699929429e-05 2.4914155667e-05
2.4916189099e-04 -5.2554295103e-05
3.0724978605e-04 7.7338526013e-05
2.2482384350e-04 -4.8468188564e-05
3.9739350878e-04 9.9245968778e-05
1.1943564846e-04 -2.8490924758e-05
6.0556097683e-05 -1.6983361183e-05
3.6256274850e-04 9.2195280276e-05
1.8932374592e-04 -4.1935330487e-05
2.0125593558e-04 5.4455405271e-05
2.4051638791e-04 -5.2564098924e-05
6.8119219023e-05 2.2522089404e-05
2.1626562846e-04 -5.0213964355e-05
2.9020334255e-04 7.5811492034e-05
1.1805493811e-04 -3.1175190220e-05
5.0981910838e-05 -1.6434314495e-05
3.8416008769e-04 9.9146288824e-05
1.7558744720e-04 -4.1051806694e-05
3.5518379494e-04 9.3204666319e-05
2.2858514623e-04 -5.1563382919e-05
2.0327717503e-04 5.6716175750e-05
2.1240395661e-04 -4.8286783471e-05
5.4456573039e-05 2.0187398263e-05
1.2088755203e-04 -3.0328900821e-05
2.7361119174e-04 7.4270580150e-05
4.1818855430e-05 -1.5198176792e-05
1.6520865238e-04 -4.0496387481e-05
3.6664494031e-04 9.8043052864e-05
2.1927281276e-04 -5.1635878558e-05
3.4177162663e-04 9.3058431685e-05
2.0494402457e-04 -5.0376149971e-05
2.0157986008e-04 5.8579945400e-05
1.1971163155e-04 -3.3473210626e-05
4.1436993860e-05 1.8314950341e-05
3.3872107685e-05 -1.4648430965e-05
1.5444123038e-04 -3.9025009395e-05
2.5437116110e-04 7.2408750639e-05
2.0886066136e-04 -5.0706864841e-05
3.4877890802e-04 9.7151329502e-05
1.9972916498e-04 -4.9689100065e-05
3.2968068847e-04 9.3515085239e-05
1.2021017364e-04 -3.3758017234e-05
1.9855693880e-04 6.0648199334e-05
2.3805383975e-05 -1.4055800711e-05
1.4103280367e-04 -3.8741406567e-05
2.6162827496e-05 1.6700607890e-05
1.9557357990e-04 -5.0520213161e-05
2.3460302794e-04 7.1350376152e-05
1.8857388121e-04 -4.9917947029e-05
3.2463895389e-04 9.5646732332e-05
1.1579458040e-04 -3.5178103148e-05
3.0736281510e-04 9.2182221694e-05
1.6205935126e-05 -1.4243151289e-05
1.2957780603e-04 -3.8236141666e-05
1.8930844526e-04 6.2189973291e-05
1.8069094271e-04 -4.9677337220e-05
1.3633153333e-05 1.7785013303e-05
1.7663306178e-04 -4.9357914706e-05
2.0699585863e-04 7.1261294671e-05
1.1167447763e-04 -3.6214290594e-05
2.8879899401e-04 9.2578602496e-05
7.2471756179e-06 -1.5615350402e-05
1.1397955615e-04 -3.9925702036e-05
2.7003549002e-04 8.3880976154e-05
1.5998849595e-04 -5.0410960103e-05
1.6418104420e-04 5.7478678139e-05
1.5404625704e-04 -4.5996564674e-05
-3.8139882854e-06 2.4789308461e-05
9.6171009118e-05 -3.5887003172e-05
1.9958889243e-04 8.5932612744e-05
-2.7236694573e-06 -2.8776896235e-05
1.2625909231e-04 -7.3774424730e-05
2.4724733350e-04 9.1375289207e-05
1.4451572173e-04 -6.5278613229e-05
1.2620009942e-04 4.5602098946e-05
4.2259060615e-05 -1.6193274369e-05
1.4349110157e-05 7.8237381577e-06
-3.5533987378e-05 9.8167942339e-06
-2.8992308929e-05 -6.7201074822e-06
-3.3653869268e-05 9.6280964381e-07
