-5.3976021127e-06 -2.1196485248e-07
2.7407252710e-01 3.7280375895e-04
5.4268016004e-01 1.4683294966e-03
8.0579544787e-01 3.2610417216e-03
1.0634019599e+00 5.7289514983e-03
1.3154692267e+00 8.8465470307e-03
1.5619603405e+00 1.2584544714e-02
1.8028632218e+00 1.6925179161e-02
2.0381422598e+00 2.1839969768e-02
2.2677742038e+00 2.7306315202e-02
2.4917349382e+00 3.3301668745e-02
2.7099928138e+00 3.9802043059e-02
2.9225243384e+00 4.6788714593e-02
3.1293007332e+00 5.4232667543e-02
3.3302958296e+00 6.2117991986e-02
3.5254800605e+00 7.0413753979e-02
3.7148414771e+00 7.9105284097e-02
3.8983422060e+00 8.8165497127e-02
4.0759592695e+00 9.7575975686e-02
4.2476759491e+00 1.0731098566e-01
4.4134611477e+00 1.1735011573e-01
4.5732930710e+00 1.2767066734e-01
4.7271584979e+00 1.3825026133e-01
4.8750268076e+00 1.4906782446e-01
5.0168904739e+00 1.6009926985e-01
5.1527111725e+00 1.7132565957e-01
5.2824963549e+00 1.8272222177e-01
5.4061880413e+00 1.9426860906e-01
5.5238256881e+00 2.0594150223e-01
5.6353516136e+00 2.1772050057e-01
5.7407675230e+00 2.2957832320e-01
5.8400787794e+00 2.4149961373e-01
5.9332347574e+00 2.5345586190e-01
6.0202699570e+00 2.6542831497e-01
6.1011621669e+00 2.7739179504e-01
6.1758730286e+00 2.8932425998e-01
6.2444493226e+00 3.0120572352e-01
6.3068656619e+00 3.1301332405e-01
6.3631124902e+00 3.2472117966e-01
6.4132221157e+00 3.3631087819e-01
6.4571548598e+00 3.4775414098e-01
6.4949367969e+00 3.5902920718e-01
6.5265798065e+00 3.7011552646e-01
6.5520654077e+00 3.8098772455e-01
6.5714438073e+00 3.9162395493e-01
6.5847047785e+00 4.0199883017e-01
6.5918717753e+00 4.1208782560e-01
6.5929483001e+00 4.2186709185e-01
6.5879595042e+00 4.3131697279e-01
6.5769223450e+00 4.4041192940e-01
6.5598898010e+00 4.4912894696e-01
6.5368459219e+00 4.5744227353e-01
6.5078393000e+00 4.6532573337e-01
6.4729255748e+00 4.7276009180e-01
6.4320910288e+00 4.7971500092e-01
6.3854050809e+00 4.8616859635e-01
6.3328924046e+00 4.9209732037e-01
6.2746044423e+00 4.9747986801e-01
6.2105758014e+00 5.0228684908e-01
6.1408602342e+00 5.0649573035e-01
6.0655015742e+00 5.1007891410e-01
5.9845643543e+00 5.1301944156e-01
5.8980930616e+00 5.1528659651e-01
5.8061612172e+00 5.1685808306e-01
5.7088250663e+00 5.1771347125e-01
5.6061451132e+00 5.1782565483e-01
5.4982113126e+00 5.1717125793e-01
5.3850805341e+00 5.1572869575e-01
5.2668314671e+00 5.1347489184e-01
5.1435712232e+00 5.1038727632e-01
5.0153622609e+00 5.0644262628e-01
4.8823054211e+00 5.0162095393e-01
4.7444909231e+00 4.9590329475e-01
4.6020385907e+00 4.8927034594e-01
4.4550476968e+00 4.8170388279e-01
4.3036334616e+00 4.7318292849e-01
4.1479182243e+00 4.6369000545e-01
3.9880366935e+00 4.5321587901e-01
3.8241162221e+00 4.4174154318e-01
3.6563283110e+00 4.2925987504e-01
3.4848020245e+00 4.1575757984e-01
3.3097397665e+00 4.0122902762e-01
3.1313093041e+00 3.8566799682e-01
2.9497105040e+00 3.6907507740e-01
2.7651726791e+00 3.5144877843e-01
2.5779383087e+00 3.3279272466e-01
2.3882720267e+00 3.1312446585e-01
2.1964803477e+00 2.9245934181e-01
2.0029215788e+00 2.7081965484e-01
1.8079494903e+00 2.4823934113e-01
1.6120424020e+00 2.2476418557e-01
1.4157707520e+00 2.0045203479e-01
1.2197340031e+00 1.7537769337e-01
1.0247510760e+00 1.4963552981e-01
8.3190737721e-01 1.2339032584e-01
6.4255250847e-01 9.6864666369e-02
4.5872289011e-01 7.0316622534e-02
2.8366321581e-01 4.4238489608e-02
1.2335124085e-01 1.8806652209e-02
-9.1261407654e-06 1.8117773501e-06
