-3.9076321951e-06 -2.9805615139e-07
2.7937446877e-01 1.0073741099e-03
5.5333259804e-01 3.9848040230e-03
8.2176488663e-01 8.8515338315e-03
1.0846165392e+00 1.5554515350e-02
1.3417709974e+00 2.4012767465e-02
1.5931763857e+00 3.4170704234e-02
1.8387389725e+00 4.5942005174e-02
2.0783621397e+00 5.9271037850e-02
2.3119828662e+00 7.4088623355e-02
2.5394963113e+00 9.0313019797e-02
2.7608383329e+00 1.0789746734e-01
2.9759145347e+00 1.2675430377e-01
3.1846570552e+00 1.4682013391e-01
3.3869759711e+00 1.6803427733e-01
3.5827998340e+00 1.9030826664e-01
3.7720690672e+00 2.1358958974e-01
3.9546827432e+00 2.3779959713e-01
4.1305981333e+00 2.6286221558e-01
4.2997452429e+00 2.8872879893e-01
4.4620393649e+00 3.1529679911e-01
4.6174371073e+00 3.4251718552e-01
4.7658943868e+00 3.7031278928e-01
4.9073327470e+00 3.9860444580e-01
5.0417329219e+00 4.2733024544e-01
5.1690357247e+00 4.5641176722e-01
5.2891925649e+00 4.8577404703e-01
5.4021899205e+00 5.1534842616e-01
5.5079736761e+00 5.4506608053e-01
5.6065366540e+00 5.7484651663e-01
5.6978476659e+00 6.0461608833e-01
5.7819016223e+00 6.3431194301e-01
5.8586800546e+00 6.6385046655e-01
5.9281828219e+00 6.9316407587e-01
5.9904342959e+00 7.2218384495e-01
6.0453962207e+00 7.5083553801e-01
6.0931278465e+00 7.7904480383e-01
6.1336068533e+00 8.0673739416e-01
6.1668933314e+00 8.3385670049e-01
6.1930053849e+00 8.6032091624e-01
6.2119851216e+00 8.8605987494e-01
6.2238828939e+00 9.1101308958e-01
6.2287341763e+00 9.3510778632e-01
6.2266162645e+00 9.5827723370e-01
6.2175893577e+00 9.8046475420e-01
6.2017406899e+00 1.0015923831e+00
6.1790984476e+00 1.0215935072e+00
6.1497941126e+00 1.0404303926e+00
6.1139183770e+00 1.0580212120e+00
6.0715467899e+00 1.0743067028e+00
6.0228022368e+00 1.0892439456e+00
5.9677889099e+00 1.1027652883e+00
5.9066436429e+00 1.1148226158e+00
5.8394668450e+00 1.1253649912e+00
5.7664162192e+00 1.1343398168e+00
5.6876232341e+00 1.1417051376e+00
5.6032094793e+00 1.1474098069e+00
5.5133573503e+00 1.1514122780e+00
5.4182286280e+00 1.1536810429e+00
5.3179583956e+00 1.1541786957e+00
5.2127431126e+00 1.1528622674e+00
5.1027572471e+00 1.1497138312e+00
4.9881751124e+00 1.1447019781e+00
4.8691995045e+00 1.1378022805e+00
4.7459991699e+00 1.1290016220e+00
4.6188076880e+00 1.1182853895e+00
4.4878319125e+00 1.1056369750e+00
4.3532491295e+00 1.0910541627e+00
4.2153228443e+00 1.0745409779e+00
4.0742549541e+00 1.0560955817e+00
3.9302894298e+00 1.0357361424e+00
3.7836387496e+00 1.0134645993e+00
3.6345814070e+00 9.8930779490e-01
3.4833452055e+00 9.6329393890e-01
3.3301852014e+00 9.3545752659e-01
3.1753877329e+00 9.0584294068e-01
3.0192288232e+00 8.7449987295e-01
2.8619493910e+00 8.4146895344e-01
2.7038727429e+00 8.0683448531e-01
2.5452999966e+00 7.7065413383e-01
2.3865234271e+00 7.3301803424e-01
2.2278926014e+00 6.9403024543e-01
2.0697466298e+00 6.5379812266e-01
1.9124140592e+00 6.1242028224e-01
1.7562758296e+00 5.7003797257e-01
1.6017608776e+00 5.2680058253e-01
1.4492971281e+00 4.8288687007e-01
1.2993180087e+00 4.3848233652e-01
1.1523360799e+00 3.9378030359e-01
1.0089089946e+00 3.4902749709e-01
8.6969449915e-01 3.0449693394e-01
7.3530142863e-01 2.6051094135e-01
6.0667665345e-01 2.1741211376e-01
4.8465476672e-01 1.7563342601e-01
3.7043040681e-01 1.3571735023e-01
2.6548341764e-01 9.8334020600e-02
1.7186217966e-01 6.4349147861e-02
9.2172013006e-02 3.4873719975e-02
3.1221187004e-02 1.1785944906e-02
-2.5223565738e-06 -3.1522787423e-06
