2.0216152268e+01
2.0214801132e+01
2.0213449996e+01
2.0212098860e+01
2.0210747724e+01
2.0209396588e+01
2.0208045452e+01
2.0206984245e+01
2.0206130116e+01
2.0205275988e+01
2.0204421860e+01
2.0203567731e+01
2.0202625600e+01
2.0201140692e+01
2.0199912551e+01
2.0199008477e+01
2.0198332810e+01
2.0197657142e+01
2.0196981475e+01
2.0196305808e+01
2.0195630141e+01
2.0194877779e+01
2.0194124109e+01
2.0193414762e+01
2.0193016133e+01
2.0192617505e+01
2.0192203040e+01
2.0191698852e+01
2.0191194663e+01
2.0190690475e+01
2.0190225974e+01
2.0189978109e+01
2.0189730243e+01
2.0189479725e+01
2.0189228026e+01
2.0188976328e+01
2.0188724629e+01
2.0188528227e+01
2.0188372923e+01
2.0188236962e+01
2.0188215795e+01
2.0188194628e+01
2.0188173462e+01
2.0188149460e+01
2.0188115746e+01
2.0188082032e+01
2.0188288713e+01
2.0188496993e+01
2.0188705273e+01
2.0188891849e+01
2.0188950326e+01
2.0189048094e+01
2.0189498760e+01
2.0189949426e+01
2.0190400092e+01
2.0190850758e+01
2.0191059960e+01
2.0191337775e+01
2.0192012711e+01
2.0192687648e+01
2.0193362585e+01
2.0194037521e+01
2.0194712458e+01
2.0195372134e+01
2.0196057712e+01
2.0196953998e+01
2.0197850283e+01
2.0198746568e+01
2.0199642853e+01
2.0200638029e+01
2.0201835169e+01
2.0203032308e+01
2.0204229448e+01
2.0205426587e+01
2.0206561300e+01
2.0208106278e+01
2.0209651256e+01
2.0211196234e+01
2.0212741212e+01
2.0214148754e+01
2.0216060201e+01
2.0217971647e+01
2.0219883094e+01
2.0221794540e+01
2.0223678293e+01
2.0225925781e+01
2.0228173268e+01
2.0230415517e+01
2.0232694727e+01
2.0235341106e+01
2.0237938592e+01
2.0240536078e+01
2.0243133564e+01
2.0246403002e+01
2.0249386238e+01
2.0252369475e+01
2.0255352711e+01
2.0259020655e+01
2.0262463364e+01
2.0265906074e+01
