5.6671963428e-05 8.8585835388e-07
2.7334832914e-01 -1.6176247038e-05
5.4024165100e-01 -7.0385987764e-05
8.0077834165e-01 -1.6274324530e-04
1.0550607038e+00 -2.9799106564e-04
1.3031168663e+00 -4.7565308451e-04
1.5450278685e+00 -6.9959241338e-04
1.7808301400e+00 -9.6949390217e-04
2.0105904249e+00 -1.2972692473e-03
2.2343658034e+00 -1.6704631459e-03
2.4522032647e+00 -2.1062015172e-03
2.6641719861e+00 -2.5952057505e-03
2.8703045317e+00 -3.1446113376e-03
3.0706643418e+00 -3.7547323199e-03
3.2652894269e+00 -4.4221902872e-03
3.4542334455e+00 -5.1561839770e-03
3.6375436920e+00 -5.9513761390e-03
3.8152553330e+00 -6.8086016342e-03
3.9874256754e+00 -7.7304820564e-03
4.1540718457e+00 -8.7166253382e-03
4.3152628359e+00 -9.7648344032e-03
4.4710102642e+00 -1.0876912377e-02
4.6213728110e+00 -1.2051020335e-02
4.7663647661e+00 -1.3286152281e-02
4.9060383700e+00 -1.4581406284e-02
5.0404152125e+00 -1.5935756423e-02
5.1695401642e+00 -1.7347607094e-02
5.2934282141e+00 -1.8813842742e-02
5.4121191478e+00 -2.0333660989e-02
5.5256152392e+00 -2.1905689528e-02
5.6339585254e+00 -2.3523355671e-02
5.7371658728e+00 -2.5189525760e-02
5.8352614176e+00 -2.6900259824e-02
5.9282601247e+00 -2.8649032720e-02
6.0162012275e+00 -3.0432466898e-02
6.0990587018e+00 -3.2250795502e-02
6.1768884325e+00 -3.4095445550e-02
6.2496779736e+00 -3.5966458778e-02
6.3174386654e+00 -3.7859537885e-02
6.3801939288e+00 -3.9768601147e-02
6.4379158711e+00 -4.1691588644e-02
6.4906581636e+00 -4.3620793910e-02
6.5383913645e+00 -4.5546291415e-02
6.5811106447e+00 -4.7477278997e-02
6.6188306168e+00 -4.9402110212e-02
6.6515376606e+00 -5.1313123835e-02
6.6792431501e+00 -5.3212675352e-02
6.7019181051e+00 -5.5084390066e-02
6.7195654996e+00 -5.6929233698e-02
6.7321702542e+00 -5.8739285621e-02
6.7397153863e+00 -6.0514148720e-02
6.7422064299e+00 -6.2244512779e-02
6.7395895320e+00 -6.3929779404e-02
6.7318799406e+00 -6.5559882469e-02
6.7190090568e+00 -6.7126222705e-02
6.7010139265e+00 -6.8630623039e-02
6.6778342250e+00 -7.0061026614e-02
6.6494085003e+00 -7.1413747499e-02
6.6157621398e+00 -7.2685082578e-02
6.5768330648e+00 -7.3870084879e-02
6.5325936600e+00 -7.4962286199e-02
6.4830027823e+00 -7.5953422387e-02
6.4280328042e+00 -7.6843718539e-02
6.3676229983e+00 -7.7622229919e-02
6.3017273884e+00 -7.8288099184e-02
6.2303248009e+00 -7.8832758549e-02
6.1533354606e+00 -7.9259454450e-02
6.0707069362e+00 -7.9552684319e-02
5.9824160516e+00 -7.9715523504e-02
5.8883574148e+00 -7.9728569338e-02
5.7885236065e+00 -7.9627470408e-02
5.6828463736e+00 -7.9344595749e-02
5.5712433847e+00 -7.8929499782e-02
5.4536404334e+00 -7.8361284467e-02
5.3299885255e+00 -7.7628031001e-02
5.2002026334e+00 -7.6738639396e-02
5.0642172054e+00 -7.5681331116e-02
4.9219584302e+00 -7.4456250900e-02
4.7733381654e+00 -7.3056924005e-02
4.6182899473e+00 -7.1484355362e-02
4.4566988117e+00 -6.9732093851e-02
4.2885160225e+00 -6.7803927536e-02
4.1136181214e+00 -6.5688047251e-02
3.9319373734e+00 -6.3392035373e-02
3.7433617436e+00 -6.0912691974e-02
3.5478159188e+00 -5.8241855077e-02
3.3451870994e+00 -5.5383100572e-02
3.1353638815e+00 -5.2331095037e-02
2.9182470381e+00 -4.9089495529e-02
2.6937299065e+00 -4.5648306187e-02
2.4616913787e+00 -4.2012767287e-02
2.2220100227e+00 -3.8182449297e-02
1.9745849873e+00 -3.4155672069e-02
1.7192864245e+00 -2.9926440658e-02
1.4559884483e+00 -2.5497028117e-02
1.1845482746e+00 -2.0872212529e-02
9.0484616408e-01 -1.6031952798e-02
6.1677692773e-01 -1.1003032817e-02
3.2009742429e-01 -5.7330346450e-03
1.5021999140e-02 -2.6805289461e-04
