-1.4005420400e-05 -4.1588776493e-06
2.7771628893e-01 1.1554619806e-03
5.4981801096e-01 4.5158792510e-03
8.1623650757e-01 1.0077585112e-02
1.0768295141e+00 1.7686010116e-02
1.3316236324e+00 2.7292712104e-02
1.5804613763e+00 3.8809105716e-02
1.8232315889e+00 5.2136318569e-02
2.0599011853e+00 6.7248307187e-02
2.2903382186e+00 8.3987980348e-02
2.5145297982e+00 1.0232922305e-01
2.7323362868e+00 1.2217008586e-01
2.9436184837e+00 1.4342968993e-01
3.1484311015e+00 1.6605186977e-01
3.3466004078e+00 1.8990047962e-01
3.5380879765e+00 2.1495442236e-01
3.7228041980e+00 2.4110484063e-01
3.9006525765e+00 2.6825630152e-01
4.0716497583e+00 2.9636513187e-01
4.2356282100e+00 3.2529881512e-01
4.3925867250e+00 3.5503056448e-01
4.5424575639e+00 3.8544239388e-01
4.6851908916e+00 4.1644238252e-01
4.8207579818e+00 4.4799370476e-01
4.9490280539e+00 4.7995828369e-01
5.0700816969e+00 5.1230133842e-01
5.1838073002e+00 5.4490661180e-01
5.2901944281e+00 5.7769856166e-01
5.3892293188e+00 6.1062244625e-01
5.4808416611e+00 6.4354219903e-01
5.5650938607e+00 6.7643034568e-01
5.6419589236e+00 7.0915478912e-01
5.7114094631e+00 7.4167078094e-01
5.7734624184e+00 7.7389083109e-01
5.8281169836e+00 8.0570116886e-01
5.8754235627e+00 8.3707038271e-01
5.9154013293e+00 8.6786448531e-01
5.9480495956e+00 8.9805981139e-01
5.9734256845e+00 9.2752992497e-01
5.9915814384e+00 9.5620837088e-01
6.0025813866e+00 9.8403641064e-01
6.0064524107e+00 1.0108955106e+00
6.0032580998e+00 1.0367759838e+00
5.9931346722e+00 1.0615391720e+00
5.9761195410e+00 1.0851331916e+00
5.9522850931e+00 1.1075029490e+00
5.9217734662e+00 1.1285670596e+00
5.8846557406e+00 1.1482390405e+00
5.8410569434e+00 1.1664661669e+00
5.7910715701e+00 1.1832035137e+00
5.7349194388e+00 1.1983546379e+00
5.6725891632e+00 1.2118955962e+00
5.6043397985e+00 1.2237198440e+00
5.5302876354e+00 1.2337937353e+00
5.4505243165e+00 1.2420916925e+00
5.3653483850e+00 1.2485204182e+00
5.2748027388e+00 1.2530752616e+00
5.1791450978e+00 1.2556938470e+00
5.0785592176e+00 1.2563219712e+00
4.9731357114e+00 1.2549469090e+00
4.8632156767e+00 1.2515085810e+00
4.7488879902e+00 1.2460182703e+00
4.6304511163e+00 1.2384320430e+00
4.5081283276e+00 1.2287469063e+00
4.3820014488e+00 1.2169247060e+00
4.2524968856e+00 1.2029605933e+00
4.1196989289e+00 1.1868756621e+00
3.9839225774e+00 1.1686562718e+00
3.8454254293e+00 1.1483000369e+00
3.7044112347e+00 1.1258561049e+00
3.5612065288e+00 1.1013558755e+00
3.4160194773e+00 1.0747825248e+00
3.2691229513e+00 1.0461846241e+00
3.1208549471e+00 1.0156159386e+00
2.9714186120e+00 9.8315920669e-01
2.8211830785e+00 9.4885471706e-01
2.6703881868e+00 9.1275623647e-01
2.5193717565e+00 8.7500192583e-01
2.3684075345e+00 8.3562200466e-01
2.2179122351e+00 7.9474564258e-01
2.0680144295e+00 7.5244056373e-01
1.9193581022e+00 7.0894037052e-01
1.7719778998e+00 6.6428327254e-01
1.6265117247e+00 6.1877653086e-01
1.4831643243e+00 5.7242999328e-01
1.3423551137e+00 5.2544952907e-01
1.2046898974e+00 4.7811704844e-01
1.0702857533e+00 4.3058640029e-01
9.4003387050e-01 3.8332095555e-01
8.1412191918e-01 3.3638734438e-01
6.9344931154e-01 2.9028701196e-01
5.7817167538e-01 2.4521240291e-01
4.6960509945e-01 2.0151522291e-01
3.6854700549e-01 1.5995602774e-01
2.7530265416e-01 1.2096342955e-01
1.9171135951e-01 8.5276362163e-02
1.1969926726e-01 5.3444028510e-02
6.0420850922e-02 2.6624754820e-02
2.0282481249e-02 8.6716499624e-03
-1.8903851204e-05 -6.0001014774e-06
