-7.0219236319e-06 9.4116701670e-11
2.7066289769e-01 -1.9309201186e-07
5.3572232383e-01 -2.3748116056e-07
7.9517513702e-01 -1.6572971483e-07
1.0490326655e+00 9.5441001061e-08
1.2972948498e+00 5.5417326579e-07
1.5399632585e+00 8.0619579792e-07
1.7770457131e+00 7.7203151693e-07
2.0085533237e+00 9.4068313105e-07
2.2344746743e+00 1.3452951672e-06
2.4548299578e+00 1.7807734183e-06
2.6696135197e+00 2.1312054953e-06
2.8788286446e+00 2.4126339708e-06
3.0824875526e+00 2.5740498298e-06
3.2805895150e+00 2.5620269465e-06
3.4731382119e+00 2.6384544736e-06
3.6601381578e+00 3.2270020366e-06
3.8415917882e+00 4.2785292801e-06
4.0175043606e+00 5.0959199976e-06
4.1878748558e+00 5.4943962466e-06
4.3527177015e+00 5.4731677971e-06
4.5120247226e+00 5.8020578264e-06
4.6657933958e+00 6.4465887408e-06
4.8140611210e+00 7.1727365005e-06
4.9568011704e+00 7.6089726016e-06
5.0940186045e+00 7.6963541613e-06
5.2257287043e+00 7.8313344427e-06
5.3519259487e+00 8.1985621244e-06
5.4726062511e+00 8.1924087438e-06
5.5877844931e+00 7.9241912943e-06
5.6974627596e+00 7.2574737523e-06
5.8016434354e+00 6.5016468485e-06
5.9003253910e+00 5.6820438676e-06
5.9935046468e+00 5.3139421655e-06
6.0811943520e+00 5.0507664131e-06
6.1633943879e+00 4.8960405613e-06
6.2401060903e+00 4.2477390696e-06
6.3113036512e+00 3.9625986490e-06
6.3770196145e+00 4.2769312022e-06
6.4372614769e+00 6.1359970186e-06
6.4920250735e+00 8.9655777628e-06
6.5413366540e+00 9.2184790531e-06
6.5851876320e+00 6.4913158445e-06
6.6235230611e+00 1.6406764927e-06
6.6563614963e+00 -1.8407039740e-06
6.6837328054e+00 -2.2207105943e-06
6.7056378390e+00 -2.6473688285e-06
6.7220705360e+00 -4.9382247293e-06
6.7330128751e+00 -6.3061648795e-06
6.7385040881e+00 -5.4442944222e-06
6.7385059593e+00 -3.5092997754e-06
6.7330312868e+00 -1.2250389724e-06
6.7220788201e+00 -3.3752953715e-06
6.7056515535e+00 -8.0140064188e-06
6.6837454382e+00 -1.0575993904e-05
6.6563717850e+00 -1.1051170015e-05
6.6235172939e+00 -1.0806955787e-05
6.5851826407e+00 -1.0971416358e-05
6.5413736554e+00 -1.1209413916e-05
6.4920872330e+00 -1.1234031041e-05
6.4373090782e+00 -1.1456190279e-05
6.3770611208e+00 -1.1344478839e-05
6.3113201953e+00 -1.1436538032e-05
6.2400874367e+00 -1.1316553120e-05
6.1633765000e+00 -1.1382942265e-05
6.0811731572e+00 -1.1821896974e-05
5.9934888922e+00 -1.2252165097e-05
5.9003021190e+00 -1.2698346952e-05
5.8016113406e+00 -1.2984265038e-05
5.6974454919e+00 -1.3242210064e-05
5.5877621094e+00 -1.3061908513e-05
5.4725779320e+00 -1.1765762210e-05
5.3519031563e+00 -1.0862773098e-05
5.2256998875e+00 -1.1091601442e-05
5.0939914139e+00 -1.1130954129e-05
4.9567737123e+00 -1.0283687165e-05
4.8140403647e+00 -9.2415613532e-06
4.6657794244e+00 -8.0124344532e-06
4.5119975725e+00 -6.7971476352e-06
4.3526952668e+00 -5.5085169201e-06
4.1878505567e+00 -5.0628221787e-06
4.0174709872e+00 -5.5025736552e-06
3.8415619706e+00 -5.3900159835e-06
3.6601015057e+00 -4.3243811894e-06
3.4731057925e+00 -2.7737285595e-06
3.2805592542e+00 -2.2443004925e-06
3.0824635753e+00 -2.8084705787e-06
2.8788077963e+00 -3.5275765996e-06
2.6695891233e+00 -3.4935729157e-06
2.4548092226e+00 -2.3748616615e-06
2.2344584814e+00 -1.4219765121e-06
2.0085308520e+00 -1.2187287282e-06
1.7770308955e+00 -1.2563342054e-06
1.5399482656e+00 -1.1540001235e-06
1.2972807798e+00 -8.2480364162e-07
1.0490217923e+00 -3.1975041972e-07
7.9516817803e-01 -1.1309861747e-08
5.3571801180e-01 -1.5287345606e-07
2.7066233139e-01 -2.5345544728e-07
-2.2620030867e-07 -2.1314824771e-09
