5.6256094142e+02
5.6274689264e+02
5.6293293655e+02
5.6311907449e+02
5.6330005475e+02
5.6345261562e+02
5.6352856699e+02
5.6356598922e+02
5.6360359583e+02
5.6364138929e+02
5.6367101728e+02
5.6365247174e+02
5.6363410788e+02
5.6361592800e+02
5.6359793440e+02
5.6352300162e+02
5.6343442213e+02
5.6334755334e+02
5.6326999255e+02
5.6316986431e+02
5.6303588940e+02
5.6289952753e+02
5.6276345856e+02
5.6263018446e+02
5.6248514415e+02
5.6231662614e+02
5.6214842357e+02
5.6198052903e+02
5.6178155185e+02
5.6157176528e+02
5.6136232150e+02
5.6115583248e+02
5.6094916291e+02
5.6071413342e+02
5.6048217505e+02
5.6025057688e+02
5.6001934244e+02
5.5975787232e+02
5.5948796971e+02
5.5921847049e+02
5.5894937846e+02
5.5866490655e+02
5.5837953493e+02
5.5809457183e+02
5.5781002098e+02
5.5750896820e+02
5.5719544394e+02
5.5688588910e+02
5.5657720228e+02
5.5624040588e+02
5.5590592026e+02
5.5557905888e+02
5.5525266718e+02
5.5490085483e+02
5.5454150534e+02
5.5418791526e+02
5.5383611661e+02
5.5348058351e+02
5.5309485970e+02
5.5270969567e+02
5.5232509587e+02
5.5194460235e+02
5.5155711836e+02
5.5115442047e+02
5.5075265161e+02
5.5035146397e+02
5.4995086196e+02
5.4952823046e+02
5.4909772337e+02
5.4866784610e+02
5.4824134819e+02
5.4781061561e+02
5.4735611402e+02
5.4690229744e+02
5.4644917075e+02
5.4599673886e+02
5.4553429652e+02
5.4505846218e+02
5.4458331860e+02
5.4410887055e+02
5.4363512281e+02
5.4314275668e+02
5.4264136850e+02
5.4214071536e+02
5.4164080219e+02
5.4114163388e+02
5.4062982464e+02
5.4010233205e+02
5.3957563100e+02
5.3904972661e+02
5.3852462399e+02
5.3798507974e+02
5.3743281209e+02
5.3688032931e+02
5.3632870893e+02
5.3577643942e+02
5.3519410551e+02
5.3461269274e+02
5.3403220672e+02
5.3345265309e+02
5.3286058614e+02
5.3225709213e+02
5.3165454186e+02
5.3105294093e+02
5.3045229492e+02
5.2983976962e+02
5.2920816268e+02
5.2857338002e+02
5.2793962374e+02
5.2730637334e+02
5.2664438641e+02
5.2598349567e+02
5.2532370729e+02
5.2466450010e+02
5.2398329974e+02
5.2330321268e+02
5.2262424504e+02
5.2194640296e+02
5.2124760932e+02
5.2053314925e+02
5.1982080831e+02
5.1911043536e+02
5.1838210054e+02
5.1763684872e+02
5.1689286124e+02
5.1615014473e+02
5.1541973864e+02
5.1464647544e+02
5.1387529274e+02
5.1310540374e+02
5.1233681504e+02
5.1156953326e+02
5.1077370409e+02
5.0996496537e+02
5.0915544782e+02
5.0834524582e+02
5.0753586429e+02
5.0668765046e+02
5.0584093849e+02
5.0499573572e+02
5.0415204948e+02
5.0328406442e+02
5.0240818727e+02
5.0153913567e+02
5.0067157455e+02
4.9980551096e+02
4.9889624438e+02
4.9797830569e+02
4.9705465169e+02
4.9613259502e+02
4.9521214307e+02
4.9429417813e+02
4.9334278616e+02
4.9237611688e+02
4.9141135662e+02
4.9044828934e+02
4.8948692266e+02
4.8848527744e+02
4.8748340956e+02
4.8648334758e+02
4.8547992627e+02
4.8445862041e+02
4.8339972796e+02
4.8235817942e+02
4.8132795498e+02
4.8029949020e+02
4.7924374974e+02
4.7816768123e+02
4.7707582466e+02
4.7598389091e+02
4.7489382759e+02
4.7379984196e+02
4.7267908712e+02
4.7156030717e+02
4.7042327577e+02
4.6927770060e+02
4.6813045428e+02
4.6696071942e+02
4.6579304275e+02
4.6462743266e+02
4.6343975926e+02
4.6224324529e+02
4.6102108515e+02
4.5980106854e+02
4.5858320404e+02
4.5736750023e+02
4.5612238619e+02
4.5485031176e+02
4.5358078766e+02
4.5232496695e+02
4.5107114560e+02
4.4980765463e+02
4.4850312572e+02
4.4719272285e+02
4.4588438188e+02
4.4457811072e+02
4.4325717568e+02
4.4192462512e+02
4.4058516950e+02
4.3921450473e+02
4.3784596645e+02
4.3647655241e+02
4.3509630179e+02
4.3371824727e+02
4.3233351429e+02
4.3091029140e+02
4.2948708443e+02
4.2805703298e+02
4.2662919713e+02
4.2520358493e+02
4.2375600803e+02
4.2228675287e+02
4.2081218211e+02
4.1933981740e+02
4.1786966662e+02
4.1640173764e+02
4.1489664369e+02
4.1337662679e+02
4.1185820221e+02
4.1034195942e+02
4.0882790607e+02
4.0731056530e+02
4.0574845616e+02
4.0418840741e+02
4.0263224833e+02
4.0108360939e+02
3.9953682729e+02
3.9797274348e+02
3.9637353757e+02
3.9477609909e+02
3.9318043399e+02
3.9158654826e+02
3.8999455600e+02
3.8841155598e+02
3.8677481353e+02
3.8513972202e+02
3.8350628694e+02
3.8187451376e+02
3.8025547677e+02
3.7860245380e+02
3.7694063173e+02
3.7528033372e+02
3.7362156474e+02
3.7196838498e+02
3.7030979709e+02
3.6862416737e+02
3.6693987533e+02
3.6525692524e+02
3.6357532139e+02
3.6190524512e+02
3.6020023111e+02
3.5849635160e+02
3.5679361017e+02
3.5509201038e+02
3.5340120104e+02
3.5168886809e+02
3.4997910265e+02
3.4827334000e+02
3.4656868762e+02
3.4484548038e+02
3.4311137036e+02
3.4140789201e+02
3.3970521328e+02
3.3800333661e+02
3.3624860405e+02
3.3448211254e+02
3.3277373172e+02
3.3107609464e+02
3.2937893684e+02
3.2763825021e+02
3.2588641402e+02
3.2413501724e+02
3.2241839016e+02
3.2072919403e+02
3.1900088015e+02
3.1726901753e+02
3.1553725925e+02
3.1380560561e+02
3.1210006779e+02
3.1039556866e+02
3.0868142540e+02
3.0696707231e+02
3.0525198255e+02
3.0353482567e+02
3.0181832277e+02
3.0012596108e+02
2.9843298569e+02
2.9673939485e+02
2.9504518683e+02
2.9332429060e+02
2.9162589852e+02
2.8996660464e+02
2.8830635105e+02
2.8664513509e+02
2.8496516256e+02
2.8327992123e+02
2.8159366720e+02
2.7995385185e+02
2.7833268710e+02
2.7669653574e+02
2.7505594098e+02
2.7341400427e+02
2.7177072196e+02
2.7013607257e+02
2.6855030865e+02
2.6695298326e+02
2.6535376624e+02
2.6375265251e+02
2.6214963699e+02
2.6055350653e+02
2.5895676202e+02
2.5739083153e+02
2.5584822192e+02
2.5430340950e+02
2.5277017692e+02
2.5123831261e+02
2.4970426472e+02
2.4816802754e+02
2.4665054587e+02
2.4517977665e+02
2.4369163763e+02
2.4220075986e+02
2.4070713630e+02
2.3921588435e+02
2.3775017588e+02
2.3628731145e+02
2.3485794013e+02
2.3342562565e+02
2.3201142934e+02
2.3061297460e+02
2.2921163011e+02
2.2779779293e+02
2.2643433624e+02
2.2506771180e+02
2.2369791170e+02
2.2232492802e+02
2.2099262708e+02
2.1967224581e+02
2.1834838448e+02
2.1702103447e+02
2.1569018721e+02
2.1440957304e+02
2.1314769725e+02
2.1188238806e+02
2.1060150076e+02
2.0937481043e+02
2.0814438722e+02
2.0691022207e+02
2.0568285117e+02
2.0447245050e+02
2.0329101446e+02
2.0210573549e+02
2.0092459479e+02
1.9977846360e+02
1.9862858789e+02
1.9748619083e+02
1.9634843114e+02
1.9524665487e+02
1.9417923673e+02
1.9310132903e+02
1.9199597377e+02
1.9088662811e+02
1.8985963560e+02
1.8882882296e+02
1.8779401639e+02
1.8675388617e+02
1.8577273629e+02
1.8478228448e+02
1.8377936213e+02
1.8277234784e+02
1.8181425722e+02
1.8087904686e+02
1.7993994777e+02
1.7900084599e+02
1.7806052728e+02
1.7718481868e+02
1.7631863899e+02
1.7542168468e+02
1.7452066606e+02
1.7363645454e+02
1.7281243513e+02
1.7198458307e+02
1.7115288978e+02
1.7031739731e+02
1.6951297827e+02
1.6874901317e+02
1.6796420427e+02
1.6717552146e+02
1.6638295621e+02
1.6563905868e+02
1.6492457347e+02
1.6420639576e+02
1.6348451749e+02
1.6275893059e+02
1.6207911733e+02
1.6140692747e+02
1.6073118427e+02
1.6005188005e+02
1.5936900712e+02
1.5870866167e+02
1.5808925132e+02
1.5746959386e+02
1.5684691074e+02
1.5622072278e+02
1.5564420924e+02
1.5507713387e+02
1.5450662522e+02
1.5393267601e+02
1.5336795547e+02
1.5283867829e+02
1.5230621215e+02
1.5177055037e+02
1.5123168626e+02
1.5071631191e+02
1.5021984087e+02
1.4971924303e+02
1.4921543944e+02
1.4876076332e+02
1.4831165789e+02
1.4785948073e+02
1.4740452769e+02
1.4696655916e+02
1.4655187403e+02
1.4612627286e+02
1.4569311147e+02
1.4529338919e+02
1.4491056332e+02
1.4451472326e+02
1.4411599050e+02
1.4373188817e+02
1.4337247903e+02
1.4303191655e+02
1.4268867407e+02
1.4234274621e+02
1.4199412760e+02
1.4165886315e+02
1.4135000172e+02
1.4104831515e+02
1.4074411736e+02
1.4043740340e+02
1.4014390602e+02
1.3986097890e+02
1.3957568000e+02
1.3928800464e+02
1.3903947258e+02
1.3879043156e+02
1.3854586974e+02
1.3830233891e+02
1.3805660949e+02
1.3782894703e+02
1.3760969347e+02
1.3739457636e+02
1.3718784948e+02
1.3697908924e+02
1.3679371532e+02
1.3660825639e+02
1.3642850149e+02
1.3624939045e+02
1.3607414309e+02
1.3592761694e+02
1.3577935550e+02
1.3562701430e+02
1.3546692523e+02
1.3534213374e+02
1.3522394929e+02
1.3510550734e+02
1.3498548465e+02
1.3486387823e+02
1.3477210637e+02
1.3468364351e+02
1.3460754201e+02
1.3453002070e+02
1.3445107695e+02
1.3440084250e+02
1.3434925945e+02
1.3431201122e+02
1.3427702748e+02
1.3424839817e+02
1.3423690637e+02
1.3422419232e+02
1.3424539736e+02
1.3427377099e+02
1.3430112755e+02
1.3434157772e+02
1.3440431593e+02
1.3446621725e+02
1.3453054014e+02
1.3463457528e+02
1.3475734490e+02
1.3487951661e+02
1.3500696420e+02
1.3517509161e+02
1.3534618390e+02
1.3556405392e+02
1.3578341038e+02
1.3601652875e+02
1.3630679123e+02
1.3660343096e+02
1.3691629227e+02
1.3728539059e+02
