5.1967699080e-06 1.1607879406e-08
5.1967700280e-06 1.1607981534e-08
1.0108271171e-05 -2.3566699010e-06
1.7379892221e-01 -5.8613488903e-05
3.4388204645e-01 -2.1017341101e-04
3.4862505389e-01 -3.8582272095e-04
5.1025456951e-01 -4.5466815845e-04
6.6731793197e-01 -2.5660294061e-03
6.7291649138e-01 -7.9209773122e-04
8.3189996248e-01 -1.2182062404e-03
9.5608873881e-01 -6.5429784260e-03
9.8736666467e-01 -1.7475110541e-03
1.1393349700e+00 -2.3841202697e-03
1.2157220596e+00 -1.2280493600e-02
1.2878063262e+00 -3.0868591179e-03
1.4327652990e+00 -3.8708109754e-03
1.4602550438e+00 -1.7985281517e-02
1.5743301296e+00 -4.7411832956e-03
1.6896117757e+00 -2.2735454377e-02
1.7125223972e+00 -5.6883385798e-03
1.8473335461e+00 -6.7278936988e-03
1.9026609994e+00 -2.8104233283e-02
1.9787955860e+00 -7.8430909069e-03
2.1022984038e+00 -3.4936204142e-02
2.1070080711e+00 -9.0512974091e-03
2.2319850324e+00 -1.0349138718e-02
2.2889573167e+00 -4.1628224971e-02
2.3536830936e+00 -1.1702090503e-02
2.4636380699e+00 -4.7336289347e-02
2.4721330343e+00 -1.3118269713e-02
2.5874374742e+00 -1.4614845915e-02
2.6278663319e+00 -5.2778169692e-02
2.6995934356e+00 -1.6187154240e-02
2.7829796888e+00 -5.8239233339e-02
2.8086009185e+00 -1.7835194686e-02
2.9144630422e+00 -1.9559312504e-02
2.9289781405e+00 -6.3719480289e-02
3.0172454449e+00 -2.1347033775e-02
3.0664875330e+00 -6.8856812934e-02
3.1169541839e+00 -2.3192699428e-02
3.1957456106e+00 -7.3549063394e-02
3.2135892593e+00 -2.5096309463e-02
3.3071506709e+00 -2.7057863879e-02
3.3181935041e+00 -7.7928035629e-02
3.3977005378e+00 -2.9070130808e-02
3.4337904537e+00 -8.2010203730e-02
3.4852454994e+00 -3.1159003773e-02
3.5423980210e+00 -8.5811839272e-02
3.5697404443e+00 -3.3299800610e-02
3.6446959441e+00 -8.9381172095e-02
3.6512294565e+00 -3.5472611416e-02
3.7297166498e+00 -3.7677581537e-02
3.7412118434e+00 -9.2633160042e-02
3.8052389976e+00 -3.9933890415e-02
3.8322603293e+00 -9.5553564562e-02
3.8778044043e+00 -4.2251039042e-02
3.9178414019e+00 -9.8142385656e-02
3.9474345092e+00 -4.4611700644e-02
3.9980107189e+00 -1.0041302308e-01
4.0141026331e+00 -4.6985530967e-02
4.0733553135e+00 -1.0246272062e-01
4.0778002066e+00 -4.9378661302e-02
4.1385523753e+00 -5.1803792631e-02
4.1439488654e+00 -1.0426173283e-01
4.1963767813e+00 -5.4257748688e-02
4.2099252260e+00 -1.0575638740e-01
4.2512734245e+00 -5.6740529475e-02
4.2713775189e+00 -1.0697420845e-01
4.3032347224e+00 -5.9225066618e-02
4.3284225076e+00 -1.0789697377e-01
4.3522117409e+00 -6.1715760721e-02
4.3813626965e+00 -1.0858370414e-01
4.3982430034e+00 -6.4206413911e-02
4.4302133920e+00 -1.0904663892e-01
4.4413348923e+00 -6.6697078982e-02
4.4750075209e+00 -1.0929729591e-01
4.4814876465e+00 -6.9190898031e-02
4.5158656404e+00 -1.0933965703e-01
4.5186976834e+00 -7.1677238417e-02
4.5529194196e+00 -1.0911552004e-01
4.5529427850e+00 -7.4141518023e-02
4.5841911243e+00 -7.6576834955e-02
4.5863506210e+00 -1.0871338394e-01
4.6124447227e+00 -7.8972882598e-02
4.6161713301e+00 -1.0812813255e-01
4.6377035802e+00 -8.1329660953e-02
4.6423521346e+00 -1.0735039121e-01
4.6599666862e+00 -8.3642072641e-02
4.6649342721e+00 -1.0646594592e-01
4.6792214389e+00 -8.5906938730e-02
4.6840602298e+00 -1.0537852833e-01
4.6953991289e+00 -8.8139557336e-02
4.6998417576e+00 -1.0415518648e-01
4.7084880940e+00 -9.0289455410e-02
4.7122871334e+00 -1.0281174336e-01
4.7184883342e+00 -9.2356632952e-02
4.7213967611e+00 -1.0134923125e-01
4.7254076065e+00 -9.4329210939e-02
4.7272335184e+00 -9.9768346727e-02
4.7292070376e+00 -9.6225496664e-02
4.7298417778e+00 -9.8057096243e-02
