2.4500767412e+02
2.4500783177e+02
2.4500797858e+02
2.4500802478e+02
2.4500793072e+02
2.4500789681e+02
2.4500794295e+02
2.4500790918e+02
2.4500789470e+02
2.4500786740e+02
2.4500785297e+02
2.4500785229e+02
2.4500790794e+02
2.4500802995e+02
2.4500806082e+02
2.4500764497e+02
2.4500726876e+02
2.4500727882e+02
2.4500769164e+02
2.4500810446e+02
2.4500780787e+02
2.4500749001e+02
2.4500743449e+02
2.4500769185e+02
2.4500794920e+02
2.4500774179e+02
2.4500745228e+02
2.4500729230e+02
2.4500759937e+02
2.4500790645e+02
2.4500792020e+02
2.4500777559e+02
2.4500770957e+02
2.4500777867e+02
2.4500786730e+02
2.4500785055e+02
2.4500772361e+02
2.4500760092e+02
2.4500763376e+02
2.4500758852e+02
2.4500761728e+02
2.4500774650e+02
2.4500790185e+02
2.4500788080e+02
2.4500782247e+02
2.4500775108e+02
2.4500766584e+02
2.4500759463e+02
2.4500776170e+02
2.4500795756e+02
2.4500793957e+02
2.4500760799e+02
2.4500730391e+02
2.4500750411e+02
2.4500780550e+02
2.4500797009e+02
2.4500772390e+02
2.4500747771e+02
2.4500761121e+02
2.4500790752e+02
2.4500813925e+02
2.4500797696e+02
2.4500781467e+02
2.4500773150e+02
2.4500770217e+02
2.4500767085e+02
2.4500758173e+02
2.4500749261e+02
2.4500757779e+02
2.4500784113e+02
2.4500810447e+02
2.4500797688e+02
2.4500774600e+02
2.4500752688e+02
2.4500725302e+02
2.4500725859e+02
2.4500741903e+02
2.4500767106e+02
2.4500796319e+02
2.4500789773e+02
2.4500769973e+02
2.4500780210e+02
2.4500810045e+02
2.4500811310e+02
2.4500808752e+02
2.4500784309e+02
2.4500767948e+02
2.4500784784e+02
2.4500782519e+02
2.4500784838e+02
2.4500779804e+02
2.4500772773e+02
2.4500770270e+02
2.4500767344e+02
2.4500767901e+02
2.4500768226e+02
2.4500768289e+02
2.4500763558e+02
2.4500758045e+02
2.4500752533e+02
