3.3615196055e-06 -4.3225871417e-06
3.2455453230e-01 1.7441206348e-03
6.4263726023e-01 6.8208483017e-03
9.5418860696e-01 1.5229962303e-02
1.2589191860e+00 2.6734430876e-02
1.5568516865e+00 4.1245674850e-02
1.8478024201e+00 5.8668185533e-02
2.1314851875e+00 7.8798270785e-02
2.4078864461e+00 1.0162179369e-01
2.6767701436e+00 1.2690839231e-01
2.9380405883e+00 1.5455122289e-01
3.1916268867e+00 1.8449256024e-01
3.4371685386e+00 2.1650398670e-01
3.6747063441e+00 2.5052660483e-01
3.9040454658e+00 2.8640818284e-01
4.1250639081e+00 3.2396611603e-01
4.3376887194e+00 3.6317293313e-01
4.5416255269e+00 4.0378588692e-01
4.7369438419e+00 4.4573078940e-01
4.9234788611e+00 4.8887379198e-01
5.1011116345e+00 5.3300078473e-01
5.2697565347e+00 5.7811256644e-01
5.4292846935e+00 6.2394940653e-01
5.5796633185e+00 6.7040325345e-01
5.7208843492e+00 7.1739310058e-01
5.8528047167e+00 7.6468573461e-01
5.9753981315e+00 8.1225376519e-01
6.0886105477e+00 8.5984262509e-01
6.1924234306e+00 9.0737836976e-01
6.2868536391e+00 9.5474745317e-01
6.3718732481e+00 1.0017685218e+00
6.4474650251e+00 1.0482979267e+00
6.5136318157e+00 1.0942127736e+00
6.5704610722e+00 1.1394335022e+00
6.6180144843e+00 1.1837351726e+00
6.6562678782e+00 1.2270828093e+00
6.6852841037e+00 1.2692661568e+00
6.7052168197e+00 1.3101912069e+00
6.7160965139e+00 1.3497588145e+00
6.7180319443e+00 1.3878265708e+00
6.7111858551e+00 1.4242544885e+00
6.6956152992e+00 1.4589401731e+00
6.6715073093e+00 1.4918381629e+00
6.6390427526e+00 1.5227403172e+00
6.5983331725e+00 1.5516217016e+00
6.5495685619e+00 1.5783289699e+00
6.4929713539e+00 1.6027797540e+00
6.4286513108e+00 1.6249152128e+00
6.3569466660e+00 1.6445944915e+00
6.2779666787e+00 1.6618195322e+00
6.1920860447e+00 1.6764582312e+00
6.0994514078e+00 1.6884454782e+00
6.0002415021e+00 1.6977511496e+00
5.8949128308e+00 1.7042479957e+00
5.7835659503e+00 1.7079731257e+00
5.6665700830e+00 1.7088519254e+00
5.5442689962e+00 1.7068473772e+00
5.4167853258e+00 1.7019584468e+00
5.2846717348e+00 1.6941394630e+00
5.1479874195e+00 1.6833698639e+00
5.0071783085e+00 1.6696778484e+00
4.8626398205e+00 1.6530379480e+00
4.7144405175e+00 1.6334908719e+00
4.5632408223e+00 1.6110817630e+00
4.4092104687e+00 1.5858332876e+00
4.2525835871e+00 1.5577510956e+00
4.0939690848e+00 1.5269110301e+00
3.9333807451e+00 1.4933483668e+00
3.7714143328e+00 1.4571807809e+00
3.6083920399e+00 1.4184873143e+00
3.4444740667e+00 1.3773365413e+00
3.2802722551e+00 1.3339099881e+00
3.1158441245e+00 1.2881836103e+00
2.9518119722e+00 1.2403766125e+00
2.7883014930e+00 1.1905740546e+00
2.6257226722e+00 1.1389450815e+00
2.4645507514e+00 1.0857082600e+00
2.3048859392e+00 1.0309515878e+00
2.1473068249e+00 9.7495877271e-01
1.9919005482e+00 9.1773364405e-01
1.8392920866e+00 8.5965432698e-01
1.6896472804e+00 8.0086401996e-01
1.5432893694e+00 7.4160240162e-01
1.4007312073e+00 6.8223247203e-01
1.2621798365e+00 6.2286027855e-01
1.1281666619e+00 5.6392553830e-01
9.9875818467e-01 5.0553873693e-01
8.7469755694e-01 4.4803511249e-01
7.5638964496e-01 3.9193488390e-01
6.4396831250e-01 3.3741039231e-01
5.3806025109e-01 2.8502137821e-01
4.3942327456e-01 2.3520152248e-01
3.4834763328e-01 1.8823524635e-01
2.6545011230e-01 1.4487143587e-01
1.9184449827e-01 1.0558513434e-01
1.2808809741e-01 7.1271274139e-02
7.4957593543e-02 4.2380157654e-02
3.5002321142e-02 1.9702865821e-02
9.8817840557e-03 5.4388473810e-03
-1.1183203617e-05 -4.5892962560e-06
