2.3500751547e+02
2.3500766881e+02
2.3500781075e+02
2.3500785680e+02
2.3500776702e+02
2.3500773567e+02
2.3500778212e+02
2.3500774536e+02
2.3500772881e+02
2.3500769941e+02
2.3500768575e+02
2.3500768621e+02
2.3500774298e+02
2.3500786690e+02
2.3500789791e+02
2.3500747343e+02
2.3500708954e+02
2.3500710017e+02
2.3500752189e+02
2.3500794360e+02
2.3500764032e+02
2.3500731531e+02
2.3500725874e+02
2.3500752270e+02
2.3500778667e+02
2.3500757336e+02
2.3500727573e+02
2.3500711166e+02
2.3500742696e+02
2.3500774227e+02
2.3500775589e+02
2.3500760663e+02
2.3500753785e+02
2.3500760992e+02
2.3500770181e+02
2.3500768532e+02
2.3500755554e+02
2.3500742923e+02
2.3500746337e+02
2.3500741684e+02
2.3500744616e+02
2.3500757846e+02
2.3500773761e+02
2.3500771607e+02
2.3500765630e+02
2.3500758232e+02
2.3500749328e+02
2.3500741911e+02
2.3500759184e+02
2.3500779461e+02
2.3500777655e+02
2.3500743465e+02
2.3500712101e+02
2.3500732760e+02
2.3500763869e+02
2.3500780839e+02
2.3500755355e+02
2.3500729871e+02
2.3500743600e+02
2.3500774138e+02
2.3500798015e+02
2.3500781250e+02
2.3500764485e+02
2.3500756028e+02
2.3500753230e+02
2.3500750215e+02
2.3500740843e+02
2.3500731471e+02
2.3500740163e+02
2.3500767354e+02
2.3500794546e+02
2.3500781374e+02
2.3500757552e+02
2.3500735082e+02
2.3500707274e+02
2.3500708090e+02
2.3500724565e+02
2.3500750306e+02
2.3500780087e+02
2.3500773264e+02
2.3500752891e+02
2.3500763356e+02
2.3500793962e+02
2.3500795368e+02
2.3500792704e+02
2.3500767618e+02
2.3500750856e+02
2.3500768177e+02
2.3500765991e+02
2.3500768225e+02
2.3500762894e+02
2.3500755696e+02
2.3500753749e+02
2.3500751426e+02
2.3500751354e+02
2.3500750831e+02
2.3500750103e+02
2.3500746478e+02
2.3500742381e+02
2.3500738285e+02
