1.2288952383e-05 1.8137410942e-07
3.1391758931e-01 -1.7930206407e-05
6.2100768030e-01 -7.8616379609e-05
9.2130940737e-01 -1.8443611422e-04
1.2148969861e+00 -3.3964131072e-04
1.5017886381e+00 -5.4725584603e-04
1.7820310608e+00 -8.0938674583e-04
2.0556533093e+00 -1.1310250437e-03
2.3226932943e+00 -1.5236180113e-03
2.5831912777e+00 -1.9741127329e-03
2.8371759995e+00 -2.5037893746e-03
3.0846953468e+00 -3.1017858603e-03
3.3257655590e+00 -3.7781499630e-03
3.5604281973e+00 -4.5325930866e-03
3.7887058649e+00 -5.3625309881e-03
4.0106342124e+00 -6.2787349160e-03
4.2262388368e+00 -7.2753410898e-03
4.4355468523e+00 -8.3540044534e-03
4.6385855280e+00 -9.5175374624e-03
4.8353671091e+00 -1.0766210994e-02
5.0259372223e+00 -1.2096908802e-02
5.2102967046e+00 -1.3512784592e-02
5.3884845347e+00 -1.5009141128e-02
5.5605041143e+00 -1.6589277141e-02
5.7263885227e+00 -1.8245712031e-02
5.8861511030e+00 -1.9983577928e-02
6.0398175581e+00 -2.1795869656e-02
6.1873970814e+00 -2.3680837396e-02
6.3289072009e+00 -2.5636331413e-02
6.4643431829e+00 -2.7660433530e-02
6.5937328239e+00 -2.9745269781e-02
6.7170825414e+00 -3.1893599455e-02
6.8344048598e+00 -3.4099318704e-02
6.9457039351e+00 -3.6354920537e-02
7.0510121955e+00 -3.8654582198e-02
7.1502864512e+00 -4.0999703661e-02
7.2435805939e+00 -4.3377465112e-02
7.3308678851e+00 -4.5788920221e-02
7.4121519973e+00 -4.8226507896e-02
7.4874500246e+00 -5.0683273851e-02
7.5567217655e+00 -5.3155647124e-02
7.6200205364e+00 -5.5632674743e-02
7.6773047786e+00 -5.8103233856e-02
7.7285615046e+00 -6.0576246610e-02
7.7738016749e+00 -6.3038278948e-02
7.8130047225e+00 -6.5477301216e-02
7.8461784908e+00 -6.7895838468e-02
7.8732874808e+00 -7.0275689791e-02
7.8943288300e+00 -7.2613392701e-02
7.9092876062e+00 -7.4903547167e-02
7.9181390589e+00 -7.7139805841e-02
7.9208807744e+00 -7.9313979018e-02
7.9174660614e+00 -8.1420878508e-02
7.9079046590e+00 -8.3449227810e-02
7.8921191621e+00 -8.5393073360e-02
7.8701543899e+00 -8.7245428554e-02
7.8419438882e+00 -8.8998856085e-02
7.8074194895e+00 -9.0642819752e-02
7.7666156793e+00 -9.2175924854e-02
7.7194663062e+00 -9.3590372875e-02
7.6659437880e+00 -9.4878198697e-02
7.6060099526e+00 -9.6029703126e-02
7.5396379666e+00 -9.7044326015e-02
7.4667681994e+00 -9.7909416076e-02
7.3873545795e+00 -9.8623376137e-02
7.3013844097e+00 -9.9177009817e-02
7.2087767235e+00 -9.9572627119e-02
7.1094820194e+00 -9.9793788086e-02
7.0034853465e+00 -9.9842235512e-02
6.8906832329e+00 -9.9703230503e-02
6.7710713434e+00 -9.9394454012e-02
6.6445937780e+00 -9.8880672614e-02
6.5111671197e+00 -9.8177847508e-02
6.3707402789e+00 -9.7284381724e-02
6.2232475133e+00 -9.6187538614e-02
6.0686267284e+00 -9.4887088331e-02
5.9068161488e+00 -9.3380526322e-02
5.7377524176e+00 -9.1665347507e-02
5.5613572304e+00 -8.9737345629e-02
5.3775734301e+00 -8.7597176238e-02
5.1862929761e+00 -8.5240904275e-02
4.9874852776e+00 -8.2674774751e-02
4.7810313168e+00 -7.9883497402e-02
4.5668733641e+00 -7.6881837434e-02
4.3449230324e+00 -7.3669291393e-02
4.1151090160e+00 -7.0236799900e-02
3.8773361934e+00 -6.6590303707e-02
3.6315035269e+00 -6.2728023229e-02
3.3775269525e+00 -5.8657158096e-02
3.1153151258e+00 -5.4368711755e-02
2.8447606277e+00 -4.9870820306e-02
2.5657571295e+00 -4.5169614895e-02
2.2782217881e+00 -4.0261960890e-02
1.9820370132e+00 -3.5149800664e-02
1.6770960253e+00 -2.9837474764e-02
1.3632751020e+00 -2.4327038475e-02
1.0404667532e+00 -1.8615076729e-02
7.0856348636e-01 -1.2717201802e-02
3.6736095062e-01 -6.6052575134e-03
1.7163990427e-02 -3.0778110842e-04
