1.2863204819e+02
1.2796395235e+02
1.2796891096e+02
1.2862639061e+02
1.2797386958e+02
1.2862073304e+02
1.2797882820e+02
1.2861507547e+02
1.2798406221e+02
1.2860896787e+02
1.2798951282e+02
1.2860295703e+02
1.2799496343e+02
1.2859694109e+02
1.2800041404e+02
1.2859064600e+02
1.2858435091e+02
1.2800608569e+02
1.2857719276e+02
1.2801164475e+02
1.2857005639e+02
1.2801720381e+02
1.2856326779e+02
1.2802276287e+02
1.2855648320e+02
1.2802867463e+02
1.2854988528e+02
1.2803457208e+02
1.2854281587e+02
1.2804004223e+02
1.2853518992e+02
1.2804554864e+02
1.2852778435e+02
1.2805129882e+02
1.2852052378e+02
1.2805704899e+02
1.2851326320e+02
1.2806279917e+02
1.2850624655e+02
1.2806863350e+02
1.2849874918e+02
1.2807450534e+02
1.2849114791e+02
1.2808037718e+02
1.2848354663e+02
1.2808630434e+02
1.2847616057e+02
1.2809240338e+02
1.2846885561e+02
1.2809848326e+02
1.2846131435e+02
1.2810425659e+02
1.2845326028e+02
1.2811026429e+02
1.2844548640e+02
1.2811633328e+02
1.2843784216e+02
1.2812260067e+02
1.2843023794e+02
1.2812899422e+02
1.2842287366e+02
1.2813542766e+02
1.2841519210e+02
1.2814174131e+02
1.2840720696e+02
1.2814805497e+02
1.2839927781e+02
1.2815453215e+02
1.2839144962e+02
1.2816102810e+02
1.2838362144e+02
1.2816752405e+02
1.2837581811e+02
1.2817408972e+02
1.2836806101e+02
1.2818100583e+02
1.2836018639e+02
1.2818794785e+02
1.2835231177e+02
1.2819490169e+02
1.2834456308e+02
1.2820201120e+02
1.2833695808e+02
1.2820902165e+02
1.2832930486e+02
1.2821589345e+02
1.2832120197e+02
1.2822300919e+02
1.2831340211e+02
1.2823024580e+02
1.2830562937e+02
1.2823748241e+02
1.2829791000e+02
1.2824489399e+02
1.2829033888e+02
1.2825236659e+02
1.2828273679e+02
1.2825983920e+02
1.2827500323e+02
1.2826731181e+02
