-2.3140203477e-05 -3.9330744566e-08
1.6175392764e-02 -5.3120584906e-03
3.3229524097e-01 -8.0153656096e-07
3.6066863022e-01 2.4584520980e-04
6.5512042030e-01 -7.2813602809e-07
6.8531821560e-01 5.7424387083e-04
9.6845239779e-01 1.8087085403e-07
9.9851113736e-01 5.4712201342e-04
1.2724008574e+00 2.1833695098e-06
1.3019758295e+00 2.5947458388e-04
1.5673150495e+00 4.0497051721e-06
1.5960849437e+00 2.2621874372e-05
1.8532204766e+00 5.3897348674e-06
1.8811299247e+00 -1.1946913241e-04
2.1301491834e+00 2.9050971391e-06
2.1571510892e+00 -8.0903815425e-05
2.3984389070e+00 -1.6850663791e-07
2.4246949563e+00 -5.7138033589e-05
2.6582326380e+00 3.3036999268e-08
2.6836452646e+00 -7.3287335980e-05
2.9095146415e+00 2.8380080960e-06
2.9340534758e+00 -7.1724662659e-05
3.1524154042e+00 5.3761752402e-06
3.1762179370e+00 -7.4725716126e-05
3.3872692581e+00 5.9898491120e-06
3.4103077188e+00 -7.7299254852e-05
3.6141114170e+00 5.1256877663e-06
3.6363136066e+00 -7.7903370648e-05
3.8329582601e+00 3.8920522101e-06
3.8543723394e+00 -7.8572347745e-05
4.0441091832e+00 2.5068767985e-06
4.0648206634e+00 -8.0792797962e-05
4.2476939869e+00 1.0270739478e-06
4.2676470679e+00 -8.4056044462e-05
4.4437036400e+00 4.4260498200e-07
4.4628628004e+00 -8.8227669836e-05
4.6323025579e+00 1.1053268260e-06
4.6508127209e+00 -9.0939574783e-05
4.8137603444e+00 3.9891246822e-07
4.8315714888e+00 -9.2781039487e-05
4.9880564613e+00 -2.2756355936e-06
5.0051391041e+00 -9.3752063947e-05
5.1552463633e+00 -6.1251222330e-06
5.1716550117e+00 -9.2724168189e-05
5.3156383162e+00 -9.4270543541e-06
5.3314018515e+00 -9.1317536237e-05
5.4692392843e+00 -1.2715112005e-05
5.4843819153e+00 -9.0289290852e-05
5.6161902713e+00 -1.6341288392e-05
5.6306130988e+00 -8.9699519944e-05
5.7564748048e+00 -1.9078991229e-05
5.7703532642e+00 -8.9643966056e-05
5.8904784193e+00 -2.1301218779e-05
5.9036838064e+00 -8.9945763845e-05
6.0180507173e+00 -2.2745821637e-05
6.0306047256e+00 -9.0604913311e-05
6.1393004042e+00 -2.3958727860e-05
6.1512412181e+00 -9.1136652890e-05
6.2544895336e+00 -2.6463970198e-05
6.2657974780e+00 -9.1019988759e-05
6.3635755932e+00 -3.0181419110e-05
6.3742768429e+00 -8.9849777388e-05
6.4665956919e+00 -3.3608337335e-05
6.4767063028e+00 -8.7723166430e-05
6.5637507711e+00 -3.7630509224e-05
6.5732926426e+00 -8.6172361824e-05
6.6551210996e+00 -4.2250571515e-05
6.6640789647e+00 -8.5646120626e-05
6.7406966655e+00 -4.6734976628e-05
6.7490612101e+00 -8.5954304535e-05
6.8205591988e+00 -5.0946225095e-05
6.8283639588e+00 -8.6374968221e-05
6.8948648550e+00 -5.5398770184e-05
6.9021040847e+00 -8.6200637664e-05
6.9636107879e+00 -6.0262025338e-05
6.9702877129e+00 -8.5418823255e-05
7.0268106008e+00 -6.4767570758e-05
7.0329370949e+00 -8.4386611340e-05
7.0846063434e+00 -6.9356794599e-05
7.0901902116e+00 -8.3568105071e-05
7.1370270298e+00 -7.2676450133e-05
7.1420663897e+00 -8.2906141001e-05
7.1840771928e+00 -7.4132408669e-05
7.1885718928e+00 -8.2604332618e-05
7.2258157456e+00 -7.4798697975e-05
7.2297857694e+00 -8.2353320942e-05
7.2623136516e+00 -7.6713918925e-05
7.2657538032e+00 -8.2836727565e-05
7.2935702434e+00 -7.9925303627e-05
7.2964762258e+00 -8.4116129663e-05
7.3196011953e+00 -8.2306839019e-05
7.3219868459e+00 -8.5693804571e-05
7.3404747399e+00 -8.4728695322e-05
7.3423257968e+00 -8.6836291431e-05
7.3561805716e+00 -8.6313520836e-05
7.3574925791e+00 -8.7539042788e-05
7.3667153277e+00 -8.6940580348e-05
7.3675048650e+00 -8.7933936415e-05
7.3721166194e+00 -8.7294608231e-05
7.3723798718e+00 -8.7631695794e-05
