-2.1134128557e-06 2.7901275176e-08
2.9216610164e-01 -3.5021953329e-04
5.7809188077e-01 -1.3866615301e-03
8.5774147936e-01 -3.0757953463e-03
1.1310986692e+00 -5.3974703088e-03
1.3981421185e+00 -8.3173710226e-03
1.6588599863e+00 -1.1814009438e-02
1.9132274346e+00 -1.5860110235e-02
2.1612446583e+00 -2.0424808289e-02
2.4028965751e+00 -2.5488899672e-02
2.6381711025e+00 -3.1021386617e-02
2.8670801000e+00 -3.6999564739e-02
3.0895959215e+00 -4.3400258971e-02
3.3057384939e+00 -5.0193935895e-02
3.5154953866e+00 -5.7362497096e-02
3.7188555932e+00 -6.4877457076e-02
3.9158566924e+00 -7.2718992864e-02
4.1064718831e+00 -8.0862915604e-02
4.2907123613e+00 -8.9284222075e-02
4.4685999401e+00 -9.7965169379e-02
4.6401053470e+00 -1.0688158274e-01
4.8052752956e+00 -1.1601175715e-01
4.9641014874e+00 -1.2533917094e-01
5.1165912056e+00 -1.3483692323e-01
5.2627522584e+00 -1.4448745384e-01
5.4025969882e+00 -1.5427361819e-01
5.5361337403e+00 -1.6417085508e-01
5.6633731849e+00 -1.7416515928e-01
5.7843286982e+00 -1.8423494145e-01
5.8990036016e+00 -1.9435925780e-01
6.0074230306e+00 -2.0452267133e-01
6.1095849256e+00 -2.1470776321e-01
6.2055275295e+00 -2.2489487711e-01
6.2952263607e+00 -2.3506656817e-01
6.3787197902e+00 -2.4520742991e-01
6.4559991099e+00 -2.5529815304e-01
6.5270890164e+00 -2.6532314369e-01
6.5920177840e+00 -2.7526209422e-01
6.6507879891e+00 -2.8510114723e-01
6.7033973969e+00 -2.9482611619e-01
6.7498777627e+00 -3.0441538408e-01
6.7902291296e+00 -3.1385545560e-01
6.8244954035e+00 -3.2312977862e-01
6.8526517122e+00 -3.3222164538e-01
6.8747296318e+00 -3.4111216067e-01
6.8907412205e+00 -3.4979170824e-01
6.9007047044e+00 -3.5823829524e-01
6.9046297940e+00 -3.6643378033e-01
6.9025483930e+00 -3.7436754712e-01
6.8944610469e+00 -3.8201815046e-01
6.8804097321e+00 -3.8937407005e-01
6.8603696165e+00 -3.9641490208e-01
6.8343880906e+00 -4.0312228597e-01
6.8024852972e+00 -4.0948436656e-01
6.7646628309e+00 -4.1547924062e-01
6.7209648915e+00 -4.2109038737e-01
6.6713903749e+00 -4.2630203711e-01
6.6159651498e+00 -4.3109507987e-01
6.5547239634e+00 -4.3544901470e-01
6.4876801989e+00 -4.3934836640e-01
6.4148581987e+00 -4.4277471786e-01
6.3362979121e+00 -4.4570531510e-01
6.2520207271e+00 -4.4812532370e-01
6.1620539387e+00 -4.5001179494e-01
6.0664322585e+00 -4.5134085837e-01
5.9652107902e+00 -4.5210244804e-01
5.8583929163e+00 -4.5226800722e-01
5.7460408909e+00 -4.5181284481e-01
5.6281954478e+00 -4.5072707400e-01
5.5048779888e+00 -4.4897692954e-01
5.3761830125e+00 -4.4654088349e-01
5.2421477353e+00 -4.4340457865e-01
5.1028102639e+00 -4.3953664892e-01
4.9582602667e+00 -4.3491614234e-01
4.8085580256e+00 -4.2951791505e-01
4.6537861244e+00 -4.2331957779e-01
4.4940102218e+00 -4.1629375297e-01
4.3293355519e+00 -4.0841495342e-01
4.1598583839e+00 -3.9966525087e-01
3.9856928244e+00 -3.9000983910e-01
3.8069596401e+00 -3.7942955291e-01
3.6237994254e+00 -3.6790713765e-01
3.4363713279e+00 -3.5539817499e-01
3.2448161169e+00 -3.4190176006e-01
3.0493517086e+00 -3.2739420941e-01
2.8501908323e+00 -3.1183467129e-01
2.6475604889e+00 -2.9522712940e-01
2.4417690379e+00 -2.7753983144e-01
2.2331407820e+00 -2.5879726097e-01
2.0220309544e+00 -2.3895005680e-01
1.8088945673e+00 -2.1803426826e-01
1.5942958757e+00 -1.9606350354e-01
1.3789144057e+00 -1.7304355772e-01
1.1635070759e+00 -1.4906213436e-01
9.4916829390e-01 -1.2417202426e-01
7.3738719366e-01 -9.8579742029e-02
5.3032967323e-01 -7.2432185830e-02
3.3119301518e-01 -4.6256575380e-02
1.4678153871e-01 -2.0428924826e-02
-5.6626697048e-06 9.1592535818e-07
