-2.5757898561e-04 1.4417950687e-04
6.1611529700e-04 -2.4843572939e-03
1.1480217397e-03 3.0077286922e-03
3.3558427602e-03 -8.1180972226e-03
4.5637917017e-03 8.3460700580e-03
8.5440523182e-03 -1.6819169152e-02
8.9885013233e-03 1.5219142707e-02
1.4100948151e-02 2.3200019811e-02
1.5061669767e-02 -2.7620046535e-02
2.0061347691e-02 3.3155798001e-02
2.2468421654e-02 -3.9918172064e-02
3.0041886176e-02 4.8606422234e-02
3.1596628836e-02 -5.5719217539e-02
4.3911632893e-02 6.6580006011e-02
4.6685055399e-02 -7.8616612574e-02
6.1092107913e-02 8.7240610142e-02
6.6678985607e-02 -1.0424241327e-01
7.9402744748e-02 1.0914951520e-01
9.0110938610e-02 -1.3270987586e-01
9.8554055268e-02 1.3196355854e-01
1.1490445660e-01 -1.6254344638e-01
1.2398126556e-01 1.5834716064e-01
1.4095698151e-01 -1.9358720849e-01
1.5392772953e-01 1.8556167454e-01
1.7546902164e-01 -2.2952769428e-01
1.8776573001e-01 2.1328046067e-01
2.1513358639e-01 -2.6562698393e-01
2.2569942026e-01 2.4315713110e-01
2.5924778510e-01 -3.0154778947e-01
2.6566518236e-01 2.7524557836e-01
3.0812140859e-01 3.0608865824e-01
3.0859147378e-01 -3.4038775372e-01
3.5539204333e-01 3.3568630963e-01
3.5991577266e-01 -3.8098605046e-01
4.0654400716e-01 3.6408400455e-01
4.1370869706e-01 -4.2020973755e-01
4.6085974253e-01 3.9107696527e-01
4.7269757870e-01 -4.5731066518e-01
5.1778423786e-01 4.1662284080e-01
5.3540796564e-01 -4.9228752026e-01
5.7940353500e-01 4.4531449164e-01
6.0107929207e-01 -5.2498808150e-01
6.4044440684e-01 4.6936878887e-01
6.6891645299e-01 -5.5519921509e-01
7.0464506869e-01 4.9056343906e-01
7.4163637643e-01 -5.8664126261e-01
7.7132590663e-01 5.0894836495e-01
8.1402250243e-01 -6.1470543503e-01
8.3976139454e-01 5.2452708140e-01
8.8778874656e-01 -6.3799418736e-01
9.0918347566e-01 5.3725660311e-01
9.6341245260e-01 -6.5769505483e-01
9.8049461806e-01 5.4794491032e-01
1.0402162777e+00 -6.7389443674e-01
1.0516534025e+00 5.5553459330e-01
1.1171792317e+00 -6.8669420825e-01
1.1230212503e+00 5.5864340198e-01
1.1937779921e+00 -6.9601613675e-01
1.1958647587e+00 5.5896581682e-01
1.2679861356e+00 5.5587971127e-01
1.2684254479e+00 -7.0188866657e-01
1.3389824484e+00 5.4960037163e-01
1.3427028657e+00 -7.0358753819e-01
1.4084064095e+00 5.4032712747e-01
1.4162581082e+00 -7.0131739674e-01
1.4794406233e+00 5.2740947460e-01
1.4886872541e+00 -6.9526042494e-01
1.5461455892e+00 5.1011394853e-01
1.5595363332e+00 -6.8557543525e-01
1.6098277165e+00 4.8953748416e-01
1.6281319478e+00 -6.7141674782e-01
1.6720917661e+00 4.6597682652e-01
1.6949273875e+00 -6.5389717549e-01
1.7325848440e+00 4.3978262168e-01
1.7541130216e+00 -6.3153655466e-01
1.7909002728e+00 4.1129200347e-01
1.8109234393e+00 -6.0589698974e-01
1.8471524260e+00 3.7803569791e-01
1.8651464059e+00 -5.7737867403e-01
1.8966381397e+00 3.4213405698e-01
1.9165059792e+00 -5.4636343520e-01
1.9407522731e+00 3.0464118602e-01
1.9647149613e+00 -5.1231371380e-01
1.9822255265e+00 2.6465962761e-01
2.0071834313e+00 -4.7439357226e-01
2.0208657314e+00 2.2262825183e-01
2.0424619778e+00 -4.3391012728e-01
2.0564223332e+00 1.7897999460e-01
2.0725732965e+00 -3.9189660307e-01
2.0883521158e+00 1.3392483709e-01
2.0994665922e+00 -3.4810958210e-01
2.1120549786e+00 8.5587510247e-02
2.1230234392e+00 -3.0301708121e-01
2.1341949592e+00 3.8008331935e-02
2.1423249566e+00 -2.5648742592e-01
2.1463111747e+00 -1.1026182239e-02
2.1539551954e+00 -2.0766961446e-01
2.1542615094e+00 -6.0452798189e-02
2.1583264995e+00 -1.0977876340e-01
2.1584885267e+00 -1.5851242377e-01
