1.5788569015e-06 -2.5321386013e-10
2.7759808699e-01 -4.3213486542e-07
5.4946103316e-01 -4.0577983307e-07
8.1559351732e-01 -1.7034980794e-07
1.0759978959e+00 1.4726719936e-07
1.3306749311e+00 2.0863147965e-07
1.5796314040e+00 3.9490210922e-07
1.8228731741e+00 3.8852032613e-07
2.0604022256e+00 5.0706683991e-07
2.2922152960e+00 5.3755487438e-07
2.5183247551e+00 5.2560592323e-07
2.7387326188e+00 4.6830338636e-07
2.9534433682e+00 3.8568788377e-07
3.1624529950e+00 8.9531708056e-07
3.3657658133e+00 1.8696184958e-06
3.5634047358e+00 2.3867280217e-06
3.7553452263e+00 1.8265904180e-06
3.9416062706e+00 4.2439431117e-07
4.1221799614e+00 2.8633429862e-08
4.2970635850e+00 8.7793573185e-07
4.4663074345e+00 1.8689903183e-06
4.6298684315e+00 1.8592922608e-06
4.7877527324e+00 7.1365651121e-07
4.9399782115e+00 2.5912550894e-07
5.0865333179e+00 7.2989973389e-07
5.2274415981e+00 1.3963568049e-06
5.3626882897e+00 1.1228743036e-06
5.4922740613e+00 -1.5148592175e-07
5.6162137211e+00 -5.6394043586e-07
5.7344942233e+00 -1.6108012555e-07
5.8471294974e+00 6.6240295382e-07
5.9541258629e+00 9.1243301612e-07
6.0554785682e+00 6.6200535475e-07
6.1511889136e+00 4.8782847843e-07
6.2412527362e+00 6.6011987358e-07
6.3256808509e+00 1.0504094901e-06
6.4044762198e+00 1.3396356990e-06
6.4776347631e+00 1.2007851752e-06
6.5451629983e+00 8.4088544074e-07
6.6070553143e+00 4.4664382886e-07
6.6633148533e+00 -2.4184243707e-07
6.7139487992e+00 -5.3245515041e-07
6.7589516239e+00 -2.4228964087e-07
6.7983251109e+00 6.1891267774e-07
6.8320737516e+00 7.8914578113e-07
6.8601975733e+00 7.3947184660e-07
6.8826947782e+00 3.9739079573e-07
6.8995629127e+00 -1.8087657577e-07
6.9108149825e+00 -4.6170618977e-07
6.9164310505e+00 -1.8734264847e-07
6.9164247410e+00 7.6062093298e-07
6.9108088109e+00 1.0342378560e-06
6.8995543156e+00 3.3017939077e-07
6.8826792725e+00 -5.3272843040e-07
6.8601782291e+00 -6.3226877543e-07
6.8320479735e+00 2.8708696082e-07
6.7982934383e+00 8.4238245102e-07
6.7589126695e+00 3.8672132617e-07
6.7139090958e+00 -5.7395302526e-07
6.6632682883e+00 -6.6135436287e-07
6.6069939117e+00 1.4873184014e-07
6.5451172651e+00 8.2421709273e-07
6.4775875812e+00 9.0406229065e-07
6.4044192757e+00 4.2443149508e-07
6.3256222844e+00 -9.7610846199e-08
6.2411901196e+00 -5.0690339225e-07
6.1511276775e+00 -1.0977136828e-06
6.0554174212e+00 -1.8456476907e-06
5.9540673463e+00 -2.5565960381e-06
5.8470729257e+00 -2.4557802551e-06
5.7344238940e+00 -1.6815267763e-06
5.6161459115e+00 -6.3932494322e-07
5.4922123771e+00 -1.8130584202e-07
5.3626239018e+00 3.5482288249e-08
5.2273889601e+00 -4.0672202802e-07
5.0864873895e+00 -1.3591211387e-06
4.9399307832e+00 -2.2164133182e-06
4.7877099125e+00 -2.4865426805e-06
4.6298173259e+00 -1.5150713632e-06
4.4662600762e+00 -7.1545780033e-07
4.2970332390e+00 -8.9046829814e-07
4.1221377792e+00 -1.5360166942e-06
3.9415643041e+00 -1.3468313457e-06
3.7553005355e+00 -3.6925954781e-07
3.5633621477e+00 1.8848315526e-07
3.3657348505e+00 3.5749767072e-07
3.1624163981e+00 -3.1556667944e-07
2.9534008575e+00 -6.3783369501e-07
2.7387072544e+00 -6.0468565028e-07
2.5183009063e+00 -3.8813583123e-07
2.2921924583e+00 -9.6477002385e-08
2.0603789197e+00 -6.4379432836e-08
1.8228523746e+00 -8.0859513078e-08
1.5796142394e+00 -4.5852084907e-08
1.3306615595e+00 3.8715069286e-08
1.0759847124e+00 2.6987268638e-08
8.1558608076e-01 -3.2358270466e-08
5.4945734505e-01 -6.9302955840e-08
2.7759283164e-01 -5.7743791798e-08
-7.0580271756e-06 -4.1694425503e-10
