-6.8790610319e-06 8.7879935802e-11
2.6552568892e-01 -1.8405978699e-07
5.2521498870e-01 -1.4728832316e-07
7.7907141793e-01 7.2204616037e-08
1.0271367236e+00 3.9362972722e-07
1.2694174485e+00 8.6292384827e-07
1.5059424069e+00 1.2104319241e-06
1.7367274842e+00 1.2544587145e-06
1.9618106115e+00 1.4913841822e-06
2.1811906499e+00 1.9831914537e-06
2.3949053889e+00 2.4175151611e-06
2.6029729605e+00 2.7330100072e-06
2.8054004386e+00 3.0090454580e-06
3.0022319271e+00 3.1727863317e-06
3.1934739905e+00 3.0666828485e-06
3.3791451073e+00 3.0336094095e-06
3.5592748784e+00 3.3920647879e-06
3.7338678356e+00 4.0838421011e-06
3.9029575266e+00 4.5958343492e-06
4.0665530163e+00 4.7964132452e-06
4.2246773561e+00 4.7748963593e-06
4.3773492685e+00 4.9527223092e-06
4.5245682717e+00 5.3535172446e-06
4.6663929550e+00 5.8979833773e-06
4.8028107772e+00 6.1528792794e-06
4.9338314948e+00 6.1029159265e-06
5.0594942263e+00 5.9807900355e-06
5.1797969510e+00 5.9720542402e-06
5.2947503420e+00 5.8735974670e-06
5.4043849122e+00 5.4161795894e-06
5.5087043436e+00 4.4996182167e-06
5.6077305149e+00 3.3721084233e-06
5.7014679724e+00 1.9960315254e-06
5.7899200887e+00 1.5678918487e-06
5.8731176704e+00 1.0789069052e-06
5.9510612958e+00 -2.0852331414e-07
6.0237643324e+00 -2.6734604811e-06
6.0912081066e+00 -4.6507165004e-06
6.1534237463e+00 -5.0790153614e-06
6.2104362578e+00 -3.4530898300e-06
6.2622461688e+00 -1.2871524386e-06
6.3088850192e+00 -2.6659030919e-06
6.3503499316e+00 -6.3254089809e-06
6.3865870965e+00 -1.1942210644e-05
6.4176217241e+00 -1.5613612062e-05
6.4434843377e+00 -1.4302685438e-05
6.4641693274e+00 -1.4126777690e-05
6.4796799992e+00 -1.6695072382e-05
6.4900133892e+00 -2.1845142257e-05
6.4952073504e+00 -2.6116730796e-05
6.4952153790e+00 -2.7489575708e-05
6.4900495357e+00 -2.6990783433e-05
6.4797105040e+00 -2.6917644192e-05
6.4641977448e+00 -2.8400909592e-05
6.4435047575e+00 -2.9785417228e-05
6.4176437314e+00 -3.0038967288e-05
6.3865974106e+00 -2.9834297577e-05
6.3503630898e+00 -2.9597900645e-05
6.3089448693e+00 -2.9346305691e-05
6.2623315495e+00 -2.9483518955e-05
6.2105076711e+00 -2.9741651077e-05
6.1534887188e+00 -2.9451670529e-05
6.0912408561e+00 -2.9095640688e-05
6.0237642370e+00 -2.8247279228e-05
5.9510608003e+00 -2.7735862393e-05
5.8731118011e+00 -2.7685191066e-05
5.7899235182e+00 -2.7413927912e-05
5.7014578560e+00 -2.7056868520e-05
5.6077118946e+00 -2.6148374415e-05
5.5086987112e+00 -2.5449747881e-05
5.4043676845e+00 -2.4261549411e-05
5.2947322299e+00 -2.1718935108e-05
5.1797792606e+00 -1.9638549916e-05
5.0594684249e+00 -1.8671477369e-05
4.9338087265e+00 -1.7408629333e-05
4.8027812282e+00 -1.6023086230e-05
4.6663756478e+00 -1.4488781279e-05
4.5245539123e+00 -1.2598207136e-05
4.3773185023e+00 -1.0739340008e-05
4.2246550294e+00 -9.2870619037e-06
4.0665211957e+00 -8.5894824913e-06
3.9029219904e+00 -8.5571162716e-06
3.7338337799e+00 -8.1653170961e-06
3.5592278234e+00 -6.7562807036e-06
3.3791087297e+00 -5.1497383167e-06
3.1934335227e+00 -4.5807226625e-06
3.0022016303e+00 -4.9487290780e-06
2.8053743976e+00 -5.2561073189e-06
2.6029358182e+00 -4.9158106999e-06
2.3948798692e+00 -3.7991100108e-06
2.1811646853e+00 -3.1595360189e-06
1.9617805854e+00 -2.8543628383e-06
1.7367093392e+00 -2.3545547629e-06
1.5059173044e+00 -1.9529852482e-06
1.2694005290e+00 -1.4144921943e-06
1.0271205368e+00 -7.5418655311e-07
7.7905963558e-01 -3.0325588380e-07
5.2520838000e-01 -2.0353191654e-07
2.6552361672e-01 -1.6185166080e-07
-2.1960495780e-07 -1.9287391508e-09
