-1.3495068964e-06 6.6389319639e-07
2.7028904339e-01 -7.7256517732e-04
5.3438272963e-01 -3.0552180100e-03
7.9220286804e-01 -6.7662048525e-03
1.0437059145e+00 -1.1868564784e-02
1.2888605243e+00 -1.8273087668e-02
1.5276216739e+00 -2.5932653451e-02
1.7599684708e+00 -3.4779989847e-02
1.9858605189e+00 -4.4757564555e-02
2.2053015529e+00 -5.5791478647e-02
2.4182691969e+00 -6.7839241659e-02
2.6247460424e+00 -8.0829265833e-02
2.8247342394e+00 -9.4706052161e-02
3.0182343659e+00 -1.0941554309e-01
3.2052400607e+00 -1.2489421386e-01
3.3857714187e+00 -1.4109285424e-01
3.5598216156e+00 -1.5795242528e-01
3.7274176133e+00 -1.7541841609e-01
3.8885612362e+00 -1.9344080489e-01
4.0432654090e+00 -2.1196290133e-01
4.1915532603e+00 -2.3093821179e-01
4.3334592719e+00 -2.5031536855e-01
4.4689873152e+00 -2.7004021537e-01
4.5981657874e+00 -2.9006942644e-01
4.7210124295e+00 -3.1035455448e-01
4.8375738278e+00 -3.3084532001e-01
4.9478483067e+00 -3.5149962445e-01
5.0518780753e+00 -3.7226994318e-01
5.1496952718e+00 -3.9310883915e-01
5.2413209559e+00 -4.1397826529e-01
5.3267949221e+00 -4.3483104508e-01
5.4061405964e+00 -4.5562480518e-01
5.4793755398e+00 -4.7631959107e-01
5.5465600314e+00 -4.9687061558e-01
5.6077156053e+00 -5.1724009584e-01
5.6628726698e+00 -5.3738711721e-01
5.7120794148e+00 -5.5727119370e-01
5.7553419850e+00 -5.7685296587e-01
5.7927252980e+00 -5.9609399098e-01
5.8242312532e+00 -6.1495224386e-01
5.8499313153e+00 -6.3339574047e-01
5.8698323882e+00 -6.5138208431e-01
5.8839863806e+00 -6.6887497027e-01
5.8924370550e+00 -6.8583597186e-01
5.8952074639e+00 -7.0222988746e-01
5.8923488649e+00 -7.1801991856e-01
5.8839006545e+00 -7.3316498191e-01
5.8698958099e+00 -7.4763550815e-01
5.8503840337e+00 -7.6139283207e-01
5.8254030207e+00 -7.7439679465e-01
5.7949994699e+00 -7.8661805625e-01
5.7592389865e+00 -7.9801635051e-01
5.7181526845e+00 -8.0856019505e-01
5.6717841119e+00 -8.1821131128e-01
5.6202080775e+00 -8.2693437849e-01
5.5634525356e+00 -8.3469664931e-01
5.5015823901e+00 -8.4146364946e-01
5.4346636709e+00 -8.4719944561e-01
5.3627562026e+00 -8.5186843853e-01
5.2859214653e+00 -8.5544537608e-01
5.2042175241e+00 -8.5788946038e-01
5.1177376340e+00 -8.5916475283e-01
5.0265417618e+00 -8.5924692691e-01
4.9307243462e+00 -8.5810624667e-01
4.8303424220e+00 -8.5570123224e-01
4.7255079542e+00 -8.5200924707e-01
4.6163117458e+00 -8.4700380799e-01
4.5028473553e+00 -8.4065002438e-01
4.3852232357e+00 -8.3292495978e-01
4.2635609481e+00 -8.2380504442e-01
4.1379569029e+00 -8.1325683187e-01
4.0085568550e+00 -8.0127099919e-01
3.8754993106e+00 -7.8782555826e-01
3.7389342667e+00 -7.7289712547e-01
3.5989986697e+00 -7.5647276515e-01
3.4558667487e+00 -7.3854272344e-01
3.3097301884e+00 -7.1910709245e-01
3.1607843911e+00 -6.9815021171e-01
3.0092189818e+00 -6.7567843760e-01
2.8552728767e+00 -6.5169882233e-01
2.6991941252e+00 -6.2622730956e-01
2.5412519900e+00 -5.9926591954e-01
2.3817046856e+00 -5.7084971027e-01
2.2208895414e+00 -5.4102408440e-01
2.0591432122e+00 -5.0982894923e-01
1.8968639559e+00 -4.7731354726e-01
1.7344399737e+00 -4.4356693325e-01
1.5723524809e+00 -4.0868735529e-01
1.4110975512e+00 -3.7276499711e-01
1.2513087725e+00 -3.3593876309e-01
1.0936210721e+00 -2.9838468091e-01
9.3880024583e-01 -2.6032858428e-01
7.8776994776e-01 -2.2203434740e-01
6.4161723518e-01 -1.8379845304e-01
5.0175824417e-01 -1.4604092470e-01
3.6978109084e-01 -1.0935477034e-01
2.4810245197e-01 -7.4558629010e-02
1.4007835199e-01 -4.2852856589e-02
5.1742606683e-02 -1.5425926917e-02
-8.1180893798e-06 3.0045001061e-06
