3.0640867165e+02
3.0633901916e+02
3.0626936668e+02
3.0619971420e+02
3.0613006171e+02
3.0606040923e+02
3.0599075674e+02
3.0592686896e+02
3.0586959600e+02
3.0581232304e+02
3.0575505008e+02
3.0569777712e+02
3.0564050416e+02
3.0557765089e+02
3.0551957697e+02
3.0546405649e+02
3.0540853602e+02
3.0535301554e+02
3.0529749506e+02
3.0524197458e+02
3.0519086834e+02
3.0514138844e+02
3.0509190855e+02
3.0504242865e+02
3.0498932674e+02
3.0210515848e+02
3.0209027886e+02
3.0207965782e+02
3.0206903679e+02
3.0205841576e+02
3.0204779473e+02
3.0204222776e+02
3.0205961565e+02
3.0207591803e+02
3.0209222040e+02
3.0210852278e+02
3.0212482515e+02
3.0215072234e+02
3.0640867165e+02
3.0493716903e+02
3.0488458813e+02
3.0483200723e+02
3.0477942632e+02
3.0473003474e+02
3.0467894261e+02
3.0462518324e+02
3.0457142387e+02
3.0451766450e+02
3.0446390513e+02
3.0441034049e+02
3.0435699520e+02
3.0430364991e+02
3.0424956621e+02
3.0419542517e+02
3.0414128412e+02
3.0408656288e+02
3.0402993377e+02
3.0397330465e+02
3.0391667554e+02
3.0386066783e+02
3.0380539621e+02
3.0374938044e+02
3.0369026054e+02
3.0363114063e+02
3.0357202073e+02
3.0351290082e+02
3.0345725991e+02
3.0340135172e+02
3.0334170914e+02
3.0328206655e+02
3.0322242397e+02
3.0316278139e+02
3.0310345582e+02
3.0304973059e+02
3.0299451594e+02
3.0293776534e+02
3.0288101473e+02
3.0282426413e+02
3.0276730831e+02
3.0270530994e+02
3.0265818406e+02
3.0261105817e+02
3.0256393228e+02
3.0251680640e+02
3.0246755962e+02
3.0241355299e+02
3.0235954637e+02
3.0232454970e+02
3.0229054857e+02
3.0225654744e+02
3.0222274831e+02
3.0218906206e+02
3.0215537580e+02
3.0212168955e+02
3.0220514516e+02
3.0225845439e+02
3.0231176362e+02
3.0236382170e+02
3.0241319309e+02
3.0246573657e+02
3.0256111690e+02
