5.1927849661e-06 6.2267438984e-08
2.8374269447e-01 -1.5992559492e-05
5.6119145024e-01 -6.4596334205e-05
8.3239087261e-01 -1.4913722832e-04
1.0974095607e+00 -2.7095378060e-04
1.3562650280e+00 -4.4167577134e-04
1.6090244756e+00 -6.5735255660e-04
1.8557082787e+00 -9.1797223000e-04
2.0963677870e+00 -1.2359452165e-03
2.3310433037e+00 -1.6062339843e-03
2.5597610889e+00 -2.0350315981e-03
2.7825744324e+00 -2.5250822432e-03
2.9995055159e+00 -3.0739410765e-03
3.2105954986e+00 -3.6899373567e-03
3.4158784072e+00 -4.3674316151e-03
3.6153811282e+00 -5.1139676353e-03
3.8091417000e+00 -5.9280829866e-03
3.9971785331e+00 -6.8093867260e-03
4.1795260502e+00 -7.7610017242e-03
4.3562222317e+00 -8.7818050084e-03
4.5272810292e+00 -9.8723426214e-03
4.6927245655e+00 -1.1029242227e-02
4.8525920650e+00 -1.2258001775e-02
5.0068997176e+00 -1.3550149122e-02
5.1556523295e+00 -1.4909546096e-02
5.2988978728e+00 -1.6333283450e-02
5.4366507447e+00 -1.7820291545e-02
5.5688993860e+00 -1.9365461314e-02
5.6956922797e+00 -2.0971383712e-02
5.8170341480e+00 -2.2634548385e-02
5.9329340218e+00 -2.4354915954e-02
6.0434135295e+00 -2.6122638629e-02
6.1484790028e+00 -2.7933368718e-02
6.2481481076e+00 -2.9788402757e-02
6.3424276555e+00 -3.1681482013e-02
6.4313192969e+00 -3.3612317158e-02
6.5148434438e+00 -3.5573001066e-02
6.5929873897e+00 -3.7566236926e-02
6.6657607344e+00 -3.9587725501e-02
6.7331826319e+00 -4.1617097803e-02
6.7952509615e+00 -4.3652046398e-02
6.8519394244e+00 -4.5700163535e-02
6.9031855588e+00 -4.7752156364e-02
6.9491541636e+00 -4.9809620531e-02
6.9896594079e+00 -5.1852609400e-02
7.0247739220e+00 -5.3873076899e-02
7.0545462254e+00 -5.5878308756e-02
7.0789560413e+00 -5.7858111205e-02
7.0978540115e+00 -5.9810284950e-02
7.1113461027e+00 -6.1736900656e-02
7.1194169108e+00 -6.3609418477e-02
7.1219763295e+00 -6.5425122716e-02
7.1190730964e+00 -6.7187504146e-02
7.1106637933e+00 -6.8890547971e-02
7.0966987194e+00 -7.0526376002e-02
7.0771970852e+00 -7.2089416233e-02
7.0521390824e+00 -7.3573653571e-02
7.0214568468e+00 -7.4969651131e-02
6.9851345581e+00 -7.6273639156e-02
6.9431469060e+00 -7.7481469238e-02
6.8954407575e+00 -7.8583500479e-02
6.8419968349e+00 -7.9581476922e-02
6.7828026996e+00 -8.0468242770e-02
6.7177881842e+00 -8.1225499508e-02
6.6469153238e+00 -8.1860442085e-02
6.5701554560e+00 -8.2374362899e-02
6.4874469884e+00 -8.2751703588e-02
6.3987439760e+00 -8.2989215029e-02
6.3040042031e+00 -8.3062293285e-02
6.2031956467e+00 -8.3005044079e-02
6.0962646389e+00 -8.2789575733e-02
5.9831145180e+00 -8.2432681616e-02
5.8637789578e+00 -8.1909615268e-02
5.7380168160e+00 -8.1212992784e-02
5.6060775446e+00 -8.0359522560e-02
5.4674021566e+00 -7.9316250072e-02
5.3224402888e+00 -7.8113226319e-02
5.1709211844e+00 -7.6752023398e-02
5.0127522972e+00 -7.5191906450e-02
4.8478764129e+00 -7.3454566149e-02
4.6762248072e+00 -7.1540142511e-02
4.4977497876e+00 -6.9440083410e-02
4.3123409898e+00 -6.7156927812e-02
4.1199240379e+00 -6.4693099582e-02
3.9204194213e+00 -6.2042831296e-02
3.7137455464e+00 -5.9206422789e-02
3.4998178237e+00 -5.6186365440e-02
3.2785430953e+00 -5.2976357104e-02
3.0498169718e+00 -4.9584789202e-02
2.8135494617e+00 -4.6009416831e-02
2.5696676453e+00 -4.2248233759e-02
2.3180578770e+00 -3.8301335216e-02
2.0585704433e+00 -3.4174467635e-02
1.7911699456e+00 -2.9869027954e-02
1.5157094628e+00 -2.5374277038e-02
1.2320685958e+00 -2.0700350187e-02
9.4015028634e-01 -1.5855882066e-02
6.3979163398e-01 -1.0822617880e-02
3.3090328997e-01 -5.6355608131e-03
1.3712846883e-02 -2.3182515566e-04
