4.5388879526e-06 3.1170797314e-05
1.9810495638e-01 -3.0585732544e-04
3.8987983154e-01 -1.1491657119e-03
5.7543188039e-01 -2.5512122673e-03
7.5483800293e-01 -4.4583528860e-03
9.2821006713e-01 -6.8655574371e-03
1.0956397139e+00 -9.7325497104e-03
1.2572157458e+00 -1.3046265049e-02
1.4130605009e+00 -1.6776260924e-02
1.5632465392e+00 -2.0907471767e-02
1.7078994550e+00 -2.5413671468e-02
1.8471006690e+00 -3.0274228977e-02
1.9809585250e+00 -3.5471119063e-02
2.1095795957e+00 -4.0983715120e-02
2.2330526712e+00 -4.6793482225e-02
2.3514779798e+00 -5.2880729556e-02
2.4649646170e+00 -5.9228830227e-02
2.5735976190e+00 -6.5818269433e-02
2.6774819343e+00 -7.2633027605e-02
2.7767030557e+00 -7.9654247119e-02
2.8713725996e+00 -8.6869583627e-02
2.9615508922e+00 -9.4255590109e-02
3.0473436715e+00 -1.0180639660e-01
3.1288556523e+00 -1.0949787542e-01
3.2061407345e+00 -1.1732271123e-01
3.2793141963e+00 -1.2525897380e-01
3.3484227163e+00 -1.3329884078e-01
3.4135805692e+00 -1.4142529603e-01
3.4748353990e+00 -1.4962148991e-01
3.5322820986e+00 -1.5787734238e-01
3.5859695563e+00 -1.6617749846e-01
3.6359942883e+00 -1.7451050500e-01
3.6823952344e+00 -1.8286450508e-01
3.7252548749e+00 -1.9121966381e-01
3.7646217586e+00 -1.9956820642e-01
3.8005533635e+00 -2.0789512443e-01
3.8331092352e+00 -2.1618928692e-01
3.8623279159e+00 -2.2443306741e-01
3.8882765714e+00 -2.3262081482e-01
3.9109786526e+00 -2.4073172016e-01
3.9304958813e+00 -2.4875689291e-01
3.9468478327e+00 -2.5668169079e-01
3.9600832032e+00 -2.6449124987e-01
3.9702299083e+00 -2.7217556061e-01
3.9773107636e+00 -2.7971543827e-01
3.9813599161e+00 -2.8710301754e-01
3.9824002531e+00 -2.9431915498e-01
3.9804346774e+00 -3.0135455862e-01
3.9755135890e+00 -3.0818820188e-01
3.9676223371e+00 -3.1481128799e-01
3.9567898519e+00 -3.2120296980e-01
3.9430205377e+00 -3.2735259187e-01
3.9263092796e+00 -3.3324268380e-01
3.9066735680e+00 -3.3885683961e-01
3.8840975010e+00 -3.4417340403e-01
3.8585919046e+00 -3.4918738410e-01
3.8301636843e+00 -3.5387010667e-01
3.7987853302e+00 -3.5821083787e-01
3.7644482524e+00 -3.6218701531e-01
3.7271722850e+00 -3.6578899377e-01
3.6869167472e+00 -3.6898532180e-01
3.6436840343e+00 -3.7176601929e-01
3.5974522922e+00 -3.7411109789e-01
3.5482095559e+00 -3.7599506012e-01
3.4959391221e+00 -3.7740659498e-01
3.4406369937e+00 -3.7831822763e-01
3.3822657416e+00 -3.7871045175e-01
3.3208227738e+00 -3.7856154259e-01
3.2562851552e+00 -3.7784621099e-01
3.1886583385e+00 -3.7655658928e-01
3.1178937246e+00 -3.7465227098e-01
3.0440059494e+00 -3.7212660760e-01
2.9669832112e+00 -3.6894948509e-01
2.8868022935e+00 -3.6509749979e-01
2.8034755184e+00 -3.6054846973e-01
2.7170063255e+00 -3.5528613709e-01
2.6273802530e+00 -3.4928738993e-01
2.5346160038e+00 -3.4251575730e-01
2.4387506541e+00 -3.3497706199e-01
2.3397835004e+00 -3.2662457672e-01
2.2377670089e+00 -3.1744889397e-01
2.1327278860e+00 -3.0744348397e-01
2.0247372031e+00 -2.9657132394e-01
1.9138729547e+00 -2.8482590327e-01
1.8002168466e+00 -2.7218815428e-01
1.6838789352e+00 -2.5866330130e-01
1.5649990632e+00 -2.4421354427e-01
1.4437445028e+00 -2.2889117682e-01
1.3203269178e+00 -2.1266476136e-01
1.1949235489e+00 -1.9552378879e-01
1.0679556045e+00 -1.7756789303e-01
9.3969616452e-01 -1.5873340109e-01
8.1071417211e-01 -1.3916859766e-01
6.8156172726e-01 -1.1888167902e-01
5.5311653462e-01 -9.8060226449e-02
4.2636673994e-01 -7.6851674393e-02
3.0298469745e-01 -5.5498015647e-02
1.8562000012e-01 -3.4449947152e-02
7.9066600603e-02 -1.4448196503e-02
-7.9635388676e-04 1.4677001794e-04
