3.1293062564e+02
3.1292397167e+02
3.1291731769e+02
3.1291079189e+02
3.1290438379e+02
3.1289301192e+02
3.1288213493e+02
3.1287191910e+02
3.1286256862e+02
3.1285059329e+02
3.1283705714e+02
3.1282107693e+02
3.1280685846e+02
3.1279146197e+02
3.1277320888e+02
3.1275273272e+02
3.1273132369e+02
3.1271006567e+02
3.1268681833e+02
3.1266260385e+02
3.1263360611e+02
3.1260460837e+02
3.1257120822e+02
3.1253749655e+02
3.1250135686e+02
3.1246267727e+02
3.1242295704e+02
3.1238011227e+02
3.1233655544e+02
3.1228842337e+02
3.1223908596e+02
3.1218699927e+02
3.1213412340e+02
3.1208091657e+02
3.1201976038e+02
3.1195473138e+02
3.1188970538e+02
3.1182451543e+02
3.1175399278e+02
3.1167723069e+02
3.1160086834e+02
3.1153075181e+02
3.1145622805e+02
3.1137327828e+02
3.1128895479e+02
3.1120447258e+02
3.1111858466e+02
3.1103126357e+02
3.1093907534e+02
3.1085057271e+02
3.1075534868e+02
3.1065928612e+02
3.1056356318e+02
3.1046820197e+02
3.1037306761e+02
3.1027561812e+02
3.1017558829e+02
3.1007503196e+02
3.0997640804e+02
3.0987748128e+02
3.0977887048e+02
3.0968054275e+02
3.0958116108e+02
3.0948732592e+02
3.0939073487e+02
3.0929547169e+02
3.0920451773e+02
3.0911243598e+02
3.0902669929e+02
3.0894084381e+02
3.0885546783e+02
3.0877819113e+02
3.0869913208e+02
3.0862472544e+02
3.0855462992e+02
3.0848562200e+02
3.0842498003e+02
3.0836627658e+02
3.0831113317e+02
3.0826230189e+02
3.0821587361e+02
3.0817796620e+02
3.0814171482e+02
3.0811246620e+02
3.0809085709e+02
3.0806785050e+02
3.0805613938e+02
3.0804746799e+02
3.0804666715e+02
3.0804642664e+02
3.0805434134e+02
3.0806798699e+02
3.0808423391e+02
3.0810583851e+02
3.0812991839e+02
3.0816112354e+02
3.0818996568e+02
3.0823038536e+02
3.0825757321e+02
3.0829144421e+02
