1.4165383140e-03 3.3312864202e-06
1.3792472570e-03 -9.8882937746e-07
9.9817640294e-04 6.0220529552e-06
8.8399414679e-04 -2.4596837483e-06
1.1602615365e-04 1.8454651352e-06
6.6987757431e-05 1.8359768350e-07
8.5784639342e-04 7.2585225443e-06
9.6811077844e-04 -6.9571799383e-06
1.3694388045e-03 1.4011814982e-05
1.4020663018e-03 -1.3305070172e-05
1.4252604668e-03 1.7208121261e-05
1.3843954949e-03 -1.6189492171e-05
1.0274779995e-03 1.4811961662e-05
9.1510500963e-04 -1.2807252729e-05
1.6169616524e-04 3.2787016253e-06
2.6334718417e-05 -9.0032708035e-08
8.3085396489e-04 1.5597795957e-05
9.3689151116e-04 -1.6560034825e-05
1.3633007082e-03 2.8216952226e-05
1.3873653913e-03 -2.7830604404e-05
1.4357303860e-03 3.2762943627e-05
1.3861675323e-03 -3.1213620094e-05
1.0530254663e-03 2.6676477335e-05
9.3529805382e-04 -2.3431920619e-05
2.0712899518e-04 6.4123971369e-06
2.6298551364e-05 -4.8606577233e-07
8.0318715227e-04 2.4045275011e-05
9.0248131124e-04 -2.5651371190e-05
1.3533542084e-03 4.2752052826e-05
1.3677394824e-03 -4.1938438084e-05
1.4408598118e-03 4.8264282409e-05
1.3862020941e-03 -4.5028667223e-05
1.0769814786e-03 3.8867895205e-05
9.5697569920e-04 -3.2988527125e-05
2.4951794894e-04 1.0328949587e-05
6.9201137393e-05 -2.2965143502e-06
8.6871582064e-04 -3.3651620954e-05
7.6907509449e-04 3.1303938007e-05
1.3518457107e-03 -5.5359563880e-05
1.3377754513e-03 5.6645210695e-05
1.3874946192e-03 -5.9550890814e-05
1.4455539856e-03 6.4081564644e-05
9.7633776246e-04 -4.3995519296e-05
1.1023921042e-03 5.1640055165e-05
1.1008503431e-04 -4.8475955858e-06
2.9282247699e-04 1.5121577849e-05
8.3830912341e-04 -4.1418687806e-05
7.3605049433e-04 3.8042281923e-05
1.3424823858e-03 -6.9136292385e-05
1.3226624981e-03 7.0456184124e-05
1.3910472082e-03 -7.4094243077e-05
1.4478489660e-03 8.0079317439e-05
9.9073758600e-04 -5.4865421159e-05
1.1245885906e-03 6.5178110273e-05
1.5238987213e-04 -8.7357616464e-06
3.3277673426e-04 2.0906301354e-05
7.9986214853e-04 -4.7640133936e-05
6.9770703370e-04 4.3850469269e-05
1.3108869663e-03 -8.0877740597e-05
1.3044328745e-03 8.3808885205e-05
1.3745503738e-03 -8.7447255525e-05
1.4503247098e-03 9.6587128481e-05
1.0041291046e-03 -6.6008340826e-05
1.1424377614e-03 8.0142606259e-05
1.9666951956e-04 -1.3333947536e-05
3.7291830796e-04 2.8169435269e-05
7.6301431784e-04 -5.3553304976e-05
6.6583998109e-04 4.9524729614e-05
1.2865164283e-03 -9.2788571284e-05
1.2885947686e-03 9.7195478780e-05
1.3665644747e-03 -1.0078120207e-04
1.4475053629e-03 1.1163708514e-04
1.0135880186e-03 -7.6883214281e-05
1.1592043636e-03 9.2414529756e-05
2.3379898121e-04 -1.8140415310e-05
4.1134855550e-04 3.4512803821e-05
7.2428769503e-04 -5.6583865957e-05
6.2787758944e-04 5.2800382437e-05
1.2606685807e-03 -1.0214108624e-04
1.2661449419e-03 1.0835387981e-04
1.3639422703e-03 -1.1481585734e-04
1.4439327018e-03 1.2717030867e-04
1.0395133102e-03 -9.0064768069e-05
1.1780199758e-03 1.0663883711e-04
2.7730119186e-04 -2.4726195827e-05
4.5008439232e-04 4.2589239760e-05
6.8169369479e-04 -6.1593893519e-05
5.8931172149e-04 5.6839450857e-05
1.2291737178e-03 -1.1360703197e-04
1.2431369723e-03 1.2105335884e-04
1.3509844119e-03 -1.2815099455e-04
1.4355641117e-03 1.4294938163e-04
1.0436037704e-03 -1.0226456520e-04
1.1924239790e-03 1.2335062512e-04
3.1027808734e-04 -3.1503363363e-05
4.8679377637e-04 5.2820121499e-05
6.5361155433e-04 -6.5987293912e-05
5.4808912008e-04 5.9451200493e-05
1.2124547712e-03 -1.2465427436e-04
1.2169279613e-03 1.3245418012e-04
1.3376082530e-03 -1.4055018557e-04
1.4305496524e-03 1.5805011428e-04
1.0511414817e-03 -1.1346973925e-04
1.2021307747e-03 1.3579466999e-04
3.4415149619e-04 -3.8279766795e-05
5.1859867487e-04 6.0614697445e-05
6.1284562643e-04 -6.8395412051e-05
5.0618424120e-04 6.0570294591e-05
1.1822840023e-03 -1.3381665926e-04
1.1894304045e-03 1.4268199491e-04
1.3258703205e-03 -1.5218245960e-04
1.4233420364e-03 1.7370821289e-04
1.0597627731e-03 -1.2387565074e-04
1.2145154906e-03 1.5075995867e-04
3.7585616325e-04 -4.4950400826e-05
5.5076558015e-04 7.0543278549e-05
5.6668822249e-04 -6.8778911284e-05
1.1456713352e-03 -1.4089523299e-04
4.6686440963e-04 6.1277419551e-05
1.3110191559e-03 -1.6360295894e-04
1.1658772022e-03 1.5287353835e-04
1.0628219416e-03 -1.3520442827e-04
1.4082146361e-03 1.8769148201e-04
4.0521516325e-04 -5.2738392821e-05
1.2141678343e-03 1.6458639898e-04
5.2942114072e-04 -6.9498384097e-05
5.7969832603e-04 8.0867796616e-05
1.1174145626e-03 -1.4842582712e-04
4.2941535949e-04 6.1384233158e-05
1.2941321233e-03 -1.7452498567e-04
1.1366889137e-03 1.6197950128e-04
1.0654923596e-03 -1.4636904618e-04
1.3925787047e-03 2.0145054255e-04
4.3263481725e-04 -6.0746584754e-05
1.2231620131e-03 1.7964898983e-04
4.9491338495e-04 -7.0186104148e-05
6.0963105365e-04 9.1904865705e-05
1.0940740405e-03 -1.5649996388e-04
3.8277313732e-04 5.9436563120e-05
1.2762265646e-03 -1.8473464339e-04
1.1043312992e-03 1.7007476912e-04
1.0645324746e-03 -1.5641466486e-04
1.3814029032e-03 2.1545373295e-04
4.5833878016e-04 -6.8667019355e-05
1.2254697076e-03 1.9367549389e-04
4.5289456636e-04 -6.8815004257e-05
6.3548142805e-04 1.0281774083e-04
1.0573096017e-03 -1.6177845911e-04
3.4432398618e-04 5.7558733164e-05
1.2561650697e-03 -1.9496915574e-04
1.0750119339e-03 1.7774421557e-04
1.0676613430e-03 -1.6945995866e-04
1.3598794447e-03 2.2772255553e-04
4.8740348512e-04 -7.9281625549e-05
1.2266508248e-03 2.0842452593e-04
4.1198311101e-04 -6.6992788748e-05
6.6191790734e-04 1.1508321157e-04
1.0193891710e-03 -1.6624632791e-04
2.9797926881e-04 5.3668246963e-05
1.2360942421e-03 -2.0399899306e-04
1.0358802968e-03 1.8328282991e-04
1.0720070317e-03 -1.7881453727e-04
5.1356156432e-04 -8.7104944798e-05
1.3426134486e-03 2.4022052295e-04
3.6872832788e-04 -6.3521788912e-05
1.2271119291e-03 2.2224974313e-04
9.8123703616e-04 -1.6951132413e-04
6.8305385453e-04 1.2623712818e-04
1.2145372734e-03 -2.1212623395e-04
2.5493935676e-04 4.9217861159e-05
1.0721168918e-03 -1.8942932086e-04
1.0052015124e-03 1.8952005398e-04
5.3726404365e-04 -9.6520691893e-05
1.3203711164e-03 2.5130038565e-04
3.3124890879e-04 -6.0440342798e-05
1.2212275815e-03 2.3485427845e-04
9.5029218451e-04 -1.7341536375e-04
7.0380558780e-04 1.3794227400e-04
1.1915973585e-03 -2.1978797497e-04
2.1406617276e-04 4.4324581422e-05
1.0601575915e-03 -1.9780826737e-04
9.6895809843e-04 1.9395545936e-04
5.5168804253e-04 -1.0459983779e-04
1.2987398573e-03 2.6253673739e-04
2.9699756906e-04 -5.7293330488e-05
1.2152933677e-03 2.5179933936e-04
9.2302645779e-04 -1.7753356317e-04
7.2105609571e-04 1.5376697819e-04
1.1693378620e-03 -2.2699531980e-04
1.7079138816e-04 3.8225996039e-05
1.0473233172e-03 -2.0522309816e-04
9.2829928823e-04 1.9689354436e-04
5.6350161920e-04 -1.1200337059e-04
1.2713409310e-03 2.7179049379e-04
2.6011081901e-04 -5.2532437121e-05
1.2109223385e-03 2.6134153053e-04
8.9133723355e-04 -1.7941899651e-04
1.1465692918e-03 -2.3339218800e-04
7.4035750236e-04 1.6237843925e-04
1.0439375999e-03 -2.1470652104e-04
1.2780627391e-04 3.0432594381e-05
5.8280683748e-04 -1.2149637758e-04
8.9457060375e-04 2.0023742440e-04
2.2302599604e-04 -4.7621498111e-05
1.2476897927e-03 2.8108089068e-04
8.5843880366e-04 -1.8166749439e-04
1.1995013863e-03 2.7249806193e-04
1.1222313410e-03 -2.3947656919e-04
7.5291794934e-04 1.7366721122e-04
1.0287002461e-03 -2.2164944456e-04
8.9618239216e-05 2.3193873525e-05
5.9154560917e-04 -1.2924041779e-04
8.5839508506e-04 2.0226926873e-04
1.8689878336e-04 -4.1981398196e-05
1.2193198915e-03 2.8907712428e-04
8.2160051840e-04 -1.8179927090e-04
1.1865510195e-03 2.8419121501e-04
1.0952305523e-03 -2.4423490229e-04
7.6427770747e-04 1.8610743996e-04
1.0157719954e-03 -2.2859873864e-04
4.7851836069e-05 1.4366068907e-05
6.0069428102e-04 -1.3699615517e-04
8.2006840838e-04 2.0253533407e-04
1.5042316148e-04 -3.5547451369e-05
1.1892674529e-03 2.9558475305e-04
7.8701115809e-04 -1.8172592639e-04
1.0686953089e-03 -2.4852335972e-04
1.1733491515e-03 2.9434042384e-04
1.0095785356e-03 -2.3685733619e-04
7.7440901689e-04 1.9679676940e-04
6.1691856171e-04 -1.4658709402e-04
6.9201127496e-06 4.3433881121e-06
1.1215083424e-04 -2.7997502376e-05
7.7967311072e-04 2.0214586560e-04
7.4466012156e-04 -1.7909376476e-04
1.1587961874e-03 3.0199332427e-04
1.0383471263e-03 -2.5134317707e-04
1.1580578907e-03 3.0452822677e-04
9.9958456934e-04 -2.4407053977e-04
7.8225480535e-04 2.0862546260e-04
6.2859067691e-04 -1.5539703408e-04
2.5952404410e-05 9.6564479796e-06
7.7262908009e-05 -2.0595689571e-05
7.3987450573e-04 2.0086807186e-04
7.1052827959e-04 -1.7789523306e-04
1.1277870693e-03 3.0736446085e-04
1.0098932933e-03 -2.5402459203e-04
1.1420469782e-03 3.1365909337e-04
9.8419676441e-04 -2.4903282536e-04
7.8839052495e-04 2.1939268568e-04
6.3464995461e-04 -1.6226763149e-04
4.2277806567e-05 -1.2344629446e-05
6.3590011562e-05 2.0444725282e-05
6.7392233535e-04 -1.7497164433e-04
7.0022464793e-04 1.9856060354e-04
9.8107706275e-04 -2.5587887323e-04
1.0933741016e-03 3.1109192338e-04
9.6747769460e-04 -2.5406426616e-04
1.1225960646e-03 3.2191998216e-04
6.3784456747e-04 -1.6933413153e-04
7.9206959373e-04 2.3008510159e-04
1.1792254544e-05 -4.8211736214e-06
9.5655407827e-05 3.0592719068e-05
6.4183961170e-04 -1.7253660519e-04
6.6249849592e-04 1.9609958546e-04
9.5293377287e-04 -2.5733614801e-04
1.0619878025e-03 3.1503754315e-04
9.5167097056e-04 -2.5887935727e-04
1.1009450191e-03 3.2860235440e-04
6.4245569946e-04 -1.7661430667e-04
7.9069532925e-04 2.3857041531e-04
2.6833080964e-05 -9.1324454780e-06
1.2954650031e-04 4.1708344321e-05
6.0730144565e-04 -1.6905287163e-04
6.2493269322e-04 1.9245075632e-04
9.2335796611e-04 -2.5801955364e-04
9.3508289978e-04 -2.6309403739e-04
1.0265522395e-03 3.1684352770e-04
6.4611476109e-04 -1.8360166045e-04
1.0778398921e-03 3.3492703636e-04
5.7093086894e-05 -1.8000267985e-05
7.9172935105e-04 2.4877744241e-04
5.7440416338e-04 -1.6544523004e-04
1.5758090763e-04 5.2301376254e-05
8.9303666916e-04 -2.5795047798e-04
5.8325123332e-04 1.8699786056e-04
9.1547799958e-04 -2.6613535496e-04
9.9073010416e-04 3.1786102601e-04
6.4746056490e-04 -1.9014391118e-04
1.0548235936e-03 3.4048909260e-04
8.3951384666e-05 -2.6607585176e-05
7.8700447874e-04 2.5678510857e-04
5.3312050408e-04 -1.5882794502e-04
1.8536084905e-04 6.3183408530e-05
8.5672678576e-04 -2.5562211461e-04
5.4524788664e-04 1.8147344997e-04
8.9560841075e-04 -2.6929323788e-04
6.4711594016e-04 -1.9711271857e-04
9.5483479237e-04 3.1796469040e-04
1.1018460773e-04 -3.5773311408e-05
1.0306999759e-03 3.4530246933e-04
5.0386842172e-04 -1.5483665266e-04
7.8290265800e-04 2.6494689554e-04
8.2953193209e-04 -2.5512847028e-04
2.0808864976e-04 7.3113274691e-05
8.7423016539e-04 -2.7088981875e-04
5.0682136848e-04 1.7514063027e-04
6.4136381161e-04 -2.0113297566e-04
9.1876169841e-04 3.1719605834e-04
1.3275218904e-04 -4.3850518385e-05
1.0027754792e-03 3.4787971206e-04
4.7314800339e-04 -1.4991124820e-04
7.7541559150e-04 2.7142100523e-04
8.0061302380e-04 -2.5363243393e-04
2.3165807837e-04 8.3619713707e-05
8.4999653816e-04 -2.7114226270e-04
4.6847116856e-04 1.6778261074e-04
6.2934323184e-04 -2.0316329031e-04
1.5134384720e-04 -5.1066667979e-05
8.7996186153e-04 3.1464885055e-04
4.4414149705e-04 -1.4499905092e-04
9.7297499511e-04 3.4972435749e-04
7.7182595754e-04 -2.5162851657e-04
7.6549108087e-04 2.7819338385e-04
8.2890361335e-04 -2.7145572515e-04
2.5276810150e-04 9.4697907297e-05
6.3036835336e-04 -2.0816438534e-04
4.3172015412e-04 1.6050554435e-04
1.7223288135e-04 -5.8948180633e-05
8.4187886626e-04 3.1173495629e-04
4.1245635912e-04 -1.3858873488e-04
9.4598325068e-04 3.5159441272e-04
7.4184099125e-04 -2.4858668568e-04
7.5643963117e-04 2.8335576782e-04
8.0508086292e-04 -2.7081919449e-04
2.6942374419e-04 1.0337623054e-04
6.1756560818e-04 -2.0955052196e-04
1.8693242992e-04 -6.5613340845e-05
3.9380512493e-04 1.5112840725e-04
3.7841059306e-04 -1.3086004881e-04
8.0347302629e-04 3.0719399234e-04
7.0750744067e-04 -2.4357072258e-04
9.1464745656e-04 3.5116324294e-04
7.8342261280e-04 -2.7070015055e-04
7.4360022732e-04 2.8793980628e-04
6.1538615457e-04 -2.1436577831e-04
2.8406449393e-04 1.1257423105e-04
2.0495062490e-04 -7.3606305128e-05
3.5737262476e-04 1.4197101480e-04
3.4666496405e-04 -1.2327750393e-04
7.6472378385e-04 3.0206505016e-04
6.7456565542e-04 -2.3841383334e-04
8.8233946298e-04 3.4989954917e-04
7.5798975745e-04 -2.6883605800e-04
6.0291138888e-04 -2.1573238496e-04
7.2877777323e-04 2.9140331059e-04
2.1750571683e-04 -8.0125736343e-05
2.9686109091e-04 1.2137411565e-04
3.2015408056e-04 -1.1694861031e-04
3.2228086963e-04 1.3245163962e-04
6.4618062118e-04 -2.3420997076e-04
7.2626052602e-04 2.9612903464e-04
7.3210365040e-04 -2.6628352223e-04
8.5030989245e-04 3.4850542028e-04
5.9488607491e-04 -2.1817860324e-04
7.1114942483e-04 2.9636676492e-04
2.3027004680e-04 -8.6775841713e-05
3.0686628008e-04 1.3125831182e-04
2.8865194590e-04 -1.0840608353e-04
2.8770263306e-04 1.2251910366e-04
6.1212978365e-04 -2.2749138945e-04
7.0591882728e-04 -2.6306925291e-04
6.8533260025e-04 2.8853183322e-04
5.8325331192e-04 -2.1899102687e-04
8.1598824732e-04 3.4472935830e-04
2.4099772132e-04 -9.2820826774e-05
6.9307484528e-04 2.9415890172e-04
2.5796712030e-04 -9.9739745593e-05
3.1436030848e-04 1.3573215290e-04
5.7614519463e-04 -2.1965780629e-04
2.5432878919e-04 1.1142979070e-04
6.7838856775e-04 -2.5907945089e-04
6.4619862486e-04 2.7988954243e-04
5.6810847932e-04 -2.1878633861e-04
7.7956511900e-04 3.3898211340e-04
2.4747967953e-04 -9.7781776352e-05
6.7111208724e-04 2.9372635839e-04
2.3230882147e-04 -9.2296767693e-05
5.4665878797e-04 -2.1334181756e-04
3.1911369779e-04 1.4215134983e-04
6.4725265717e-04 -2.5328402394e-04
2.2197718355e-04 1.0058870877e-04
5.4566645578e-04 -2.1515143933e-04
6.0539779602e-04 2.7007367962e-04
2.4890643201e-04 -1.0062728028e-04
7.4179085994e-04 3.3204606918e-04
2.0377191958e-04 -8.3370053913e-05
6.4759930179e-04 2.9166054074e-04
5.1154774156e-04 -2.0450328928e-04
3.2231633830e-04 1.4753366717e-04
6.1840145787e-04 -2.4750002966e-04
1.9165256692e-04 8.9637759281e-05
5.3319783031e-04 -2.1461526759e-04
2.5637511332e-04 -1.0560362216e-04
5.6400375411e-04 2.5888940411e-04
1.7556412902e-04 -7.4166903751e-05
7.0332475625e-04 3.2382520310e-04
4.7334966372e-04 -1.9400685532e-04
6.2211441504e-04 2.8807664442e-04
5.8698155743e-04 -2.4043751431e-04
3.2072201369e-04 1.5088110037e-04
5.1997585082e-04 -2.1432067930e-04
1.6075242820e-04 7.7877357508e-05
2.6217654054e-04 -1.1061048277e-04
5.2332697040e-04 2.4714644440e-04
1.5164307166e-04 -6.6074915974e-05
6.6124156671e-04 3.1312599044e-04
4.4327070914e-04 -1.8565257258e-04
5.5636857009e-04 -2.3292837855e-04
5.9145108291e-04 2.8171449558e-04
4.9249110047e-04 -2.0760013099e-04
3.1637275021e-04 1.5304901864e-04
2.5540554607e-04 -1.1023562740e-04
1.3257806190e-04 6.6670500265e-05
1.3016519056e-04 -5.8500021535e-05
4.7994150788e-04 2.3321168521e-04
4.1504162279e-04 -1.7758808262e-04
6.1698456918e-04 3.0035475819e-04
5.2265086495e-04 -2.2352262246e-04
5.5848650386e-04 2.7353246128e-04
4.6800786166e-04 -2.0139072270e-04
3.0868798642e-04 1.5358281719e-04
2.5187922051e-04 -1.1091054730e-04
1.0624555900e-04 -4.9740741014e-05
1.0576141482e-04 5.5471615315e-05
3.7781713243e-04 -1.6560753104e-04
4.3599906561e-04 2.1792411447e-04
4.8575121632e-04 -2.1247645577e-04
5.6951396347e-04 2.8489761568e-04
4.4014134218e-04 -1.9401216130e-04
5.2113096281e-04 2.6227786014e-04
2.4491947201e-04 -1.1067336033e-04
2.9721699435e-04 1.5190285991e-04
8.4992932846e-05 -4.1838743180e-05
8.1347138247e-05 4.4652817064e-05
3.4085625197e-04 -1.5311654624e-04
4.4745034327e-04 -2.0016588290e-04
3.8986955822e-04 2.0034129606e-04
4.1151263559e-04 -1.8532408272e-04
5.1808161325e-04 2.6623220396e-04
2.3586305272e-04 -1.0892507606e-04
4.7943249896e-04 2.4781491924e-04
6.4848816966e-05 -3.4079568518e-05
2.8002698772e-04 1.4707376498e-04
3.0543688207e-04 -1.4066502522e-04
5.5891042075e-05 3.3146628497e-05
4.0704137495e-04 -1.8624664495e-04
3.4089546862e-04 1.8059670466e-04
3.8012428302e-04 -1.7491250923e-04
4.6057752862e-04 2.4345324918e-04
2.2449292311e-04 -1.0598928700e-04
4.5362887576e-05 -2.6435943438e-05
4.2860862286e-04 2.2805728496e-04
2.6698280357e-04 -1.2649841282e-04
2.5558262804e-04 1.3847670322e-04
3.6320753840e-04 -1.7056620466e-04
3.4970696370e-05 2.3483728777e-05
3.3893735049e-04 -1.6192830005e-04
2.8775286638e-04 1.5740205246e-04
2.0249524522e-04 -1.0074663585e-04
3.9309311760e-04 2.1423501860e-04
2.9265738846e-05 -2.0516035198e-05
3.6564535798e-04 2.0148209607e-04
2.2979856670e-04 -1.1208747358e-04
3.1457126028e-04 -1.5148366569e-04
2.2100597018e-04 1.2484656033e-04
2.9164357862e-04 -1.4209067035e-04
1.6985187211e-05 1.6261845290e-05
1.7575258244e-04 -8.8907257569e-05
2.2553687149e-04 1.3151573774e-04
1.4313086144e-05 -1.4687280976e-05
3.0834228057e-04 1.7552741076e-04
1.8510055126e-04 -9.4466801609e-05
2.8099772496e-04 1.5836116200e-04
2.5362308471e-04 -1.2612394194e-04
1.6732031898e-04 9.6218105102e-05
2.2929396907e-04 -1.1451300884e-04
1.3551055597e-04 -7.1172404240e-05
1.3184383654e-08 8.0490399434e-06
-4.1625608318e-07 -1.1730817623e-05
1.5075221982e-04 9.0696947007e-05
1.3428045025e-04 -7.7527655936e-05
1.9479374690e-04 1.1173953244e-04
1.7055413780e-04 -9.1097999234e-05
1.3182476274e-04 6.0304060288e-05
1.0854610059e-04 -5.4800357646e-05
5.7127021090e-05 1.3594047959e-05
3.8619743094e-05 -1.7589526715e-05
-1.1359870163e-05 -3.5423712644e-06
-1.3343984077e-05 3.7122688414e-06
