5.2768361370e+01
5.2778730571e+01
5.2787783355e+01
5.2796696059e+01
5.2805612360e+01
5.2814532334e+01
5.2823456055e+01
5.2825820183e+01
5.2816267928e+01
5.2808078767e+01
5.2800418236e+01
5.2792765285e+01
5.2785120052e+01
5.2770787438e+01
5.2754725376e+01
5.2738673153e+01
5.2720905692e+01
5.2702347322e+01
5.2683798771e+01
5.2661540069e+01
5.2638789003e+01
5.2616049285e+01
5.2593321091e+01
5.2570311993e+01
5.2544415282e+01
5.2517128159e+01
5.2489361033e+01
5.2461675409e+01
5.2435180113e+01
5.2408695469e+01
5.2381288681e+01
5.2352035618e+01
5.2321789759e+01
5.2291555456e+01
5.2261332860e+01
5.2230788035e+01
5.2198870928e+01
5.2166966392e+01
5.2135074584e+01
5.2102143884e+01
5.2068943593e+01
5.2035551420e+01
5.2001309837e+01
5.1967081627e+01
5.1932866945e+01
5.1898665944e+01
5.1864153592e+01
5.1828087378e+01
5.1792441402e+01
5.1756808550e+01
5.1721188963e+01
5.1685582783e+01
5.1649059964e+01
5.1612093614e+01
5.1575135154e+01
5.1537522131e+01
5.1499923302e+01
5.1462190569e+01
5.1423737285e+01
5.1385298890e+01
5.1346875528e+01
5.1308467346e+01
5.1269460659e+01
5.1229411115e+01
5.1189976583e+01
5.1150598290e+01
5.1111234984e+01
5.1071886801e+01
5.1031403987e+01
5.0990835801e+01
5.0950109502e+01
5.0909161112e+01
5.0868228639e+01
5.0826978334e+01
5.0785213278e+01
5.0743464843e+01
5.0701733168e+01
5.0659907229e+01
5.0617418336e+01
5.0574373026e+01
5.0531890233e+01
5.0489424064e+01
5.0446974652e+01
5.0403860275e+01
5.0360290809e+01
5.0316684003e+01
5.0272933525e+01
5.0229200635e+01
5.0185245875e+01
5.0140594388e+01
5.0095961155e+01
5.0051320441e+01
5.0006189216e+01
4.9961021104e+01
4.9915920254e+01
4.9870898616e+01
4.9825258196e+01
4.9779438580e+01
4.9733637471e+01
4.9687854999e+01
4.9642038291e+01
4.9595393095e+01
4.9548767298e+01
4.9501787657e+01
4.9454821952e+01
4.9407875798e+01
4.9360381099e+01
4.9312738891e+01
4.9265117047e+01
4.9217515704e+01
4.9169478976e+01
4.9121102642e+01
4.9072343937e+01
4.9023606327e+01
4.8974889947e+01
4.8926313769e+01
4.8877676185e+01
4.8828198148e+01
4.8778703894e+01
4.8729230492e+01
4.8679778070e+01
4.8629960527e+01
4.8579589021e+01
4.8529239293e+01
4.8478839463e+01
4.8428334433e+01
4.8377546945e+01
4.8326134365e+01
4.8274744425e+01
4.8223377257e+01
4.8172032992e+01
4.8120744302e+01
4.8068709541e+01
4.8016519088e+01
4.7964350768e+01
4.7912204707e+01
4.7860081028e+01
4.7807356279e+01
4.7754424308e+01
4.7701493029e+01
4.7648094310e+01
4.7594718697e+01
4.7541085983e+01
4.7487074384e+01
4.7433086739e+01
4.7379123178e+01
4.7325041072e+01
4.7270181286e+01
4.7215155822e+01
4.7160440164e+01
4.7105747704e+01
4.7051078559e+01
4.6996010990e+01
4.6940489273e+01
4.6884706743e+01
4.6828948046e+01
4.6773213301e+01
4.6717041575e+01
4.6660633708e+01
4.6604250560e+01
4.6547751002e+01
4.6490731638e+01
4.6433736650e+01
4.6376504089e+01
4.6318924437e+01
4.6261370014e+01
4.6203840943e+01
4.6146337344e+01
4.6088215764e+01
4.6029577560e+01
4.5970897815e+01
4.5912271368e+01
4.5853997356e+01
4.5795747388e+01
4.5736801547e+01
4.5677409007e+01
4.5618040726e+01
4.5558696812e+01
4.5499377378e+01
4.5439432374e+01
4.5379489985e+01
4.5319572798e+01
4.5259116207e+01
4.5198527512e+01
4.5137685321e+01
4.5076733292e+01
4.5015806705e+01
4.4954905671e+01
4.4893778482e+01
4.4831972868e+01
4.4770040310e+01
4.4708212388e+01
4.4646626140e+01
4.4585063665e+01
4.4523156360e+01
4.4460643478e+01
4.4398026628e+01
4.4335433550e+01
4.4272864342e+01
4.4209863294e+01
4.4146758238e+01
4.4083677687e+01
4.4020277025e+01
4.3956471712e+01
4.3892545499e+01
4.3828561790e+01
4.3764602416e+01
4.3700667474e+01
4.3636668540e+01
4.3571870816e+01
4.3507051640e+01
4.3442256312e+01
4.3377484925e+01
4.3312737572e+01
4.3247893113e+01
4.3182425116e+01
4.3116978376e+01
4.3051552976e+01
4.2986148998e+01
4.2920731784e+01
4.2855079273e+01
4.2788922786e+01
4.2722576102e+01
4.2656250295e+01
4.2589911094e+01
4.2523343670e+01
4.2456797532e+01
4.2390272759e+01
4.2323279745e+01
4.2255819363e+01
4.2188460972e+01
4.2121134659e+01
4.2053828775e+01
4.1986543392e+01
4.1919278585e+01
4.1851188963e+01
4.1783033727e+01
4.1715107372e+01
4.1647232247e+01
4.1579374397e+01
4.1511521064e+01
4.1443396879e+01
4.1374713041e+01
4.1306045321e+01
4.1237393776e+01
4.1168734343e+01
4.1100046203e+01
4.1031374443e+01
4.0962572048e+01
4.0892827080e+01
4.0823227001e+01
4.0754143759e+01
4.0685075126e+01
4.0616021149e+01
4.0545976285e+01
4.0475946631e+01
4.0406437148e+01
4.0336940580e+01
4.0267456970e+01
4.0196952488e+01
4.0126734342e+01
4.0056963247e+01
3.9987203157e+01
3.9916981118e+01
3.9846305191e+01
3.9775639994e+01
3.9705421674e+01
3.9635583607e+01
3.9564868656e+01
3.9494111718e+01
3.9423361851e+01
3.9352672680e+01
3.9282504880e+01
3.9212343947e+01
3.9141545495e+01
3.9070061478e+01
3.8998582507e+01
3.8927470250e+01
3.8856995236e+01
3.8786524562e+01
3.8715673452e+01
3.8643883721e+01
3.8572134304e+01
3.8501237339e+01
3.8430342157e+01
3.8359448766e+01
3.8288557170e+01
3.8216479800e+01
3.8145055706e+01
3.8073884432e+01
3.8002712228e+01
3.7931539090e+01
3.7860365017e+01
3.7788535171e+01
3.7717163115e+01
3.7645787284e+01
3.7574467601e+01
3.7503199142e+01
3.7431925294e+01
3.7361132679e+01
3.7289567229e+01
3.7217993196e+01
3.7146410556e+01
3.7074819284e+01
3.7003983585e+01
3.6933430590e+01
3.6862558568e+01
3.6790746412e+01
3.6718922356e+01
3.6647339482e+01
3.6575767830e+01
3.6504442625e+01
3.6433807883e+01
3.6363171886e+01
3.6293019276e+01
3.6222497757e+01
3.6150857338e+01
3.6079199741e+01
3.6007683023e+01
3.5937493884e+01
3.5867286122e+01
3.5797059686e+01
3.5725609148e+01
3.5654099769e+01
3.5583820139e+01
3.5513845566e+01
3.5443848815e+01
3.5373363618e+01
3.5302064497e+01
3.5231293432e+01
3.5161654514e+01
3.5091989618e+01
3.5022298673e+01
3.4951948657e+01
3.4881121389e+01
3.4811248931e+01
3.4742010415e+01
3.4672741871e+01
3.4603443221e+01
3.4533355345e+01
3.4462954222e+01
3.4394091106e+01
3.4325193795e+01
3.4256262202e+01
3.4187296237e+01
3.4117656334e+01
3.4048315809e+01
3.3980052709e+01
3.3911751207e+01
3.3843411202e+01
3.3775032598e+01
3.3706037226e+01
3.3636943236e+01
3.3569349000e+01
3.3501711549e+01
3.3434060361e+01
3.3366559025e+01
3.3299014291e+01
3.3231426050e+01
3.3163520096e+01
3.3096443517e+01
3.3029397269e+01
3.2962271165e+01
3.2895098023e+01
3.2827877728e+01
3.2762000131e+01
3.2695880346e+01
3.2629709816e+01
3.2563401266e+01
3.2496997241e+01
3.2430539267e+01
3.2364528316e+01
3.2299420603e+01
3.2234255384e+01
3.2169032520e+01
3.2103751874e+01
3.2038081293e+01
3.1973381307e+01
3.1909146319e+01
3.1844849073e+01
3.1780489424e+01
3.1716067224e+01
3.1651348994e+01
3.1587669136e+01
3.1524002467e+01
3.1460268846e+01
3.1396507003e+01
3.1333970358e+01
3.1271367239e+01
3.1208697492e+01
3.1145960963e+01
3.1082969233e+01
3.1020503209e+01
3.0959040894e+01
3.0897504205e+01
3.0835892974e+01
3.0774207029e+01
3.0712446201e+01
3.0650559182e+01
3.0589699366e+01
3.0529583423e+01
3.0469389145e+01
3.0409116357e+01
3.0348644711e+01
3.0287974460e+01
3.0228590325e+01
3.0169842904e+01
3.0111013150e+01
3.0052100881e+01
2.9992816428e+01
2.9933357957e+01
2.9875118418e+01
2.9817815593e+01
2.9760426438e+01
2.9702839210e+01
2.9645006756e+01
2.9587086805e+01
2.9529763476e+01
2.9474006402e+01
2.9418159005e+01
2.9361976138e+01
2.9305623939e+01
2.9249180186e+01
2.9194488333e+01
2.9140455717e+01
2.9085964733e+01
2.9031112875e+01
2.8976165551e+01
2.8921122559e+01
2.8868642233e+01
2.8816322980e+01
2.8763248581e+01
2.8710074955e+01
2.8656801892e+01
2.8604354479e+01
2.8553959011e+01
2.8503062078e+01
2.8450933471e+01
2.8398698437e+01
2.8348461841e+01
2.8298225098e+01
2.8248678620e+01
2.8199720864e+01
2.8151040940e+01
2.8103006568e+01
2.8054865826e+01
2.8006618497e+01
2.7958264362e+01
2.7911317999e+01
2.7866610842e+01
2.7822008542e+01
2.7775664084e+01
2.7729200402e+01
2.7682617258e+01
2.7637827494e+01
2.7593595503e+01
2.7550970768e+01
2.7508431997e+01
2.7465772530e+01
2.7424368821e+01
2.7383158820e+01
2.7341830341e+01
2.7301815752e+01
2.7262838959e+01
2.7224817020e+01
2.7187793069e+01
2.7150649908e+01
2.7113387303e+01
2.7076224565e+01
2.7042337251e+01
2.7010635988e+01
2.6978816412e+01
2.6946878292e+01
2.6914821399e+01
2.6882645503e+01
2.6854115661e+01
2.6828194986e+01
2.6802060637e+01
2.6775787073e+01
2.6749374028e+01
2.6722888795e+01
2.6701024367e+01
2.6679033048e+01
2.6661470306e+01
2.6646103021e+01
2.6630602296e+01
2.6617970585e+01
2.6609861913e+01
2.6601638693e+01
2.6595393576e+01
2.6591403951e+01
2.6594305513e+01
2.6601996164e+01
2.6609605000e+01
2.6618805144e+01
2.6636096914e+01
2.6649537833e+01
2.6660848849e+01
2.6672054284e+01
2.6729176968e+01
