1.8676847993e+02
1.8689737766e+02
1.8702390580e+02
1.8714425720e+02
1.8726111542e+02
1.8737133428e+02
1.8747981116e+02
1.8758156371e+02
1.8768058850e+02
1.8777403180e+02
1.8786382556e+02
1.8795014295e+02
1.8803182651e+02
1.8811173384e+02
1.8818470700e+02
1.8825612969e+02
1.8832202589e+02
1.8838524828e+02
1.8844377949e+02
1.8849975254e+02
1.8855182154e+02
1.8859873390e+02
1.8864414808e+02
1.8868447043e+02
1.8872338164e+02
1.8875758863e+02
1.8878948451e+02
1.8881590027e+02
1.8884107371e+02
1.8886072499e+02
1.8888074969e+02
1.8889507342e+02
1.8890817364e+02
1.8891639311e+02
1.8892301582e+02
1.8892517445e+02
1.8892509972e+02
1.8892069329e+02
1.8891389892e+02
1.8890313166e+02
1.8889089171e+02
1.8887493268e+02
1.8885681891e+02
1.8883497970e+02
1.8881014749e+02
1.8878118426e+02
1.8875102475e+02
1.8871581850e+02
1.8868025874e+02
1.8863828707e+02
1.8859528729e+02
1.8854644257e+02
1.8849865339e+02
1.8844371979e+02
1.8838812660e+02
1.8832745244e+02
1.8826464782e+02
1.8819627798e+02
1.8812617040e+02
1.8805254534e+02
1.8797401800e+02
1.8789425917e+02
1.8780605334e+02
1.8772131935e+02
1.8762435992e+02
1.8753018713e+02
1.8742644383e+02
1.8732101820e+02
1.8721351493e+02
1.8710488159e+02
1.8698566670e+02
1.8686523987e+02
1.8673939365e+02
1.8660916393e+02
1.8647828210e+02
1.8633559609e+02
1.8619929612e+02
1.8605066313e+02
1.8589820187e+02
1.8574496293e+02
1.8558769124e+02
1.8543111637e+02
1.8526038726e+02
1.8509436928e+02
1.8493057684e+02
1.8475050963e+02
1.8457537535e+02
1.8439956261e+02
1.8422375861e+02
1.8405498611e+02
1.8386245850e+02
1.8370684356e+02
1.8354150268e+02
1.8335754239e+02
1.8322797576e+02
1.8308783035e+02
1.8299101589e+02
1.8296555735e+02
1.8297222453e+02
1.8439568192e+02
