2.8320156334e+02
2.8319705690e+02
2.8319241763e+02
2.8318498782e+02
2.8318077520e+02
2.8317481247e+02
2.8316632524e+02
2.8315939787e+02
2.8315068239e+02
2.8314098827e+02
2.8313202588e+02
2.8312030823e+02
2.8310784940e+02
2.8309569691e+02
2.8308110759e+02
2.8306651826e+02
2.8305048343e+02
2.8303242883e+02
2.8301404485e+02
2.8299307937e+02
2.8297111023e+02
2.8294853347e+02
2.8292271596e+02
2.8289481664e+02
2.8286719128e+02
2.8283911545e+02
2.8280543712e+02
2.8277186843e+02
2.8273618192e+02
2.8269603987e+02
2.8265609570e+02
2.8261517789e+02
2.8257288987e+02
2.8252616013e+02
2.8247848498e+02
2.8242860710e+02
2.8237705721e+02
2.8232375473e+02
2.8226753094e+02
2.8220966446e+02
2.8215052839e+02
2.8208841335e+02
2.8202547877e+02
2.8196025354e+02
2.8189472450e+02
2.8182419621e+02
2.8175379732e+02
2.8168192097e+02
2.8161002920e+02
2.8153709229e+02
2.8146227871e+02
2.8138757457e+02
2.8130997295e+02
2.8123020602e+02
2.8115398417e+02
2.8107361714e+02
2.8099782627e+02
2.8091624964e+02
2.8083196844e+02
2.8075144338e+02
2.8067408265e+02
2.8059686931e+02
2.8051659173e+02
2.8043625241e+02
2.8035992226e+02
2.8028406834e+02
2.8020832063e+02
2.8013647104e+02
2.8006458564e+02
2.7999414088e+02
2.7992427918e+02
2.7985937409e+02
2.7979411293e+02
2.7973551352e+02
2.7967473209e+02
2.7962241442e+02
2.7956816391e+02
2.7951830575e+02
2.7947286182e+02
2.7943059659e+02
2.7939243354e+02
2.7935534178e+02
2.7932538595e+02
2.7929755942e+02
2.7927245013e+02
2.7925364209e+02
2.7923743855e+02
2.7922405644e+02
2.7921601006e+02
2.7921004037e+02
2.7920978787e+02
2.7921264031e+02
2.7921647854e+02
2.7922581174e+02
2.7923665102e+02
2.7924809879e+02
2.7926426076e+02
2.7927510104e+02
2.7929724060e+02
2.7931593364e+02
