-1.4898205560e-05 -8.0486550010e-07
-1.0226244971e-05 -1.4293981658e-06
5.2734579541e-01 7.8203305287e-04
5.4089394028e-01 5.2406548676e-04
1.0425297739e+00 3.1391863207e-03
1.0719719306e+00 2.0817016619e-03
1.5454514710e+00 6.9734144833e-03
1.5932190727e+00 4.6721036599e-03
2.0363390115e+00 1.2310542987e-02
2.1046062810e+00 8.2964921185e-03
2.5154525966e+00 1.9051931628e-02
2.6058742870e+00 1.2897617194e-02
2.9828166237e+00 2.7252610412e-02
3.0970230675e+00 1.8447093889e-02
3.4386952603e+00 3.6763516208e-02
3.5779150453e+00 2.4999323468e-02
3.8832646692e+00 4.7536936140e-02
4.0484872517e+00 3.2525359397e-02
4.3165530181e+00 5.9542826696e-02
4.5087071774e+00 4.0935217423e-02
4.7388972484e+00 7.2665475854e-02
4.9583704176e+00 5.0232957167e-02
5.1503999766e+00 8.6885695483e-02
5.3973639176e+00 6.0391744928e-02
5.5511276281e+00 1.0218241685e-01
5.8256797007e+00 7.1399062232e-02
5.9413121833e+00 1.1832951539e-01
6.2432273793e+00 8.3204412180e-02
6.3209675092e+00 1.3529671300e-01
6.6497668379e+00 9.5732226851e-02
6.6904184220e+00 1.5307026375e-01
7.0452914001e+00 1.0897683553e-01
7.0497007651e+00 1.7156359667e-01
7.3988958142e+00 1.9056070677e-01
7.4297883075e+00 1.2293082913e-01
7.7380581851e+00 2.1003874589e-01
7.8029839260e+00 1.3751319666e-01
8.0674963961e+00 2.2995932104e-01
8.1648455775e+00 1.5266920490e-01
8.3871499631e+00 2.5017722056e-01
8.5153705110e+00 1.6836568501e-01
8.6971353709e+00 2.7054062815e-01
8.8544759265e+00 1.8456496001e-01
8.9974526196e+00 2.9104954381e-01
9.1818867943e+00 2.0118085014e-01
9.2882120401e+00 3.1163750626e-01
9.4975841901e+00 2.1818730989e-01
9.5695471209e+00 3.3205600018e-01
9.8016635191e+00 2.3553039558e-01
9.8414477576e+00 3.5228819384e-01
1.0093932846e+01 2.5314405440e-01
1.0103913950e+01 3.7233408725e-01
1.0356930394e+01 3.9198426826e-01
1.0374220865e+01 2.7093705998e-01
1.0600487397e+01 4.1121902660e-01
1.0642544461e+01 2.8889811762e-01
1.0834716015e+01 4.2990511544e-01
1.0898968282e+01 3.0697721239e-01
1.1059607090e+01 4.4801351489e-01
1.1143277897e+01 3.2505011619e-01
1.1274946630e+01 4.6542465932e-01
1.1375453024e+01 3.4305934034e-01
1.1480674496e+01 4.8212266227e-01
1.1595480892e+01 3.6101395950e-01
1.1676945679e+01 4.9797643145e-01
1.1803333140e+01 3.7881808844e-01
1.1863710016e+01 5.1295055608e-01
1.1998945550e+01 3.9634669189e-01
1.2040692360e+01 5.2696697468e-01
1.2182351365e+01 4.1358749251e-01
1.2207879334e+01 5.4001832605e-01
1.2353565408e+01 4.3052374235e-01
1.2365289636e+01 5.5205139936e-01
1.2512493185e+01 4.4699131935e-01
1.2512786474e+01 5.6297161823e-01
1.2650179244e+01 5.7273834572e-01
1.2659116993e+01 4.6295885180e-01
1.2777488618e+01 5.8136732869e-01
1.2793575507e+01 4.7841261983e-01
1.2894610197e+01 5.8881634589e-01
1.2915873846e+01 4.9329532116e-01
1.3001331795e+01 5.9509877853e-01
1.3025947378e+01 5.0744979011e-01
1.3097566957e+01 6.0012160031e-01
1.3123843559e+01 5.2086603325e-01
1.3183307794e+01 6.0388097746e-01
1.3209699583e+01 5.3356348688e-01
1.3258319741e+01 6.0641777280e-01
1.3283508050e+01 5.4541359102e-01
1.3322473252e+01 6.0778061655e-01
1.3345338911e+01 5.5633739416e-01
1.3375713257e+01 6.0787314385e-01
1.3395192168e+01 5.6633489629e-01
1.3417989616e+01 6.0668820135e-01
1.3433219867e+01 5.7537815221e-01
1.3449059448e+01 6.0433700891e-01
1.3459556000e+01 5.8336593775e-01
1.3468846438e+01 6.0083359259e-01
1.3474235010e+01 5.9028744135e-01
1.3477246774e+01 5.9614278666e-01
