2.8425201738e+01
2.8440561429e+01
2.8455921120e+01
2.8471280811e+01
2.8486640502e+01
2.8498643353e+01
2.8510539811e+01
2.8523711150e+01
2.8536012186e+01
2.8546048636e+01
2.8556546417e+01
2.8566878836e+01
2.8574559477e+01
2.8582518155e+01
2.8591345899e+01
2.8599515490e+01
2.8605003284e+01
2.8610706505e+01
2.8616784336e+01
2.8622178862e+01
2.8625206922e+01
2.8628234982e+01
2.8632018028e+01
2.8635028408e+01
2.8635719603e+01
2.8637108627e+01
2.8638633514e+01
2.8638923378e+01
2.8637483629e+01
2.8636043879e+01
2.8634903238e+01
2.8632165042e+01
2.8629173771e+01
2.8626296564e+01
2.8623419357e+01
2.8618155683e+01
2.8612295754e+01
2.8606435826e+01
2.8600406709e+01
2.8592839465e+01
2.8585529909e+01
2.8578220352e+01
2.8570151652e+01
2.8559959621e+01
2.8549767590e+01
2.8539575558e+01
2.8528323482e+01
2.8516554895e+01
2.8504786307e+01
2.8493017720e+01
2.8478510965e+01
2.8463709145e+01
2.8448907325e+01
2.8434719527e+01
2.8418604766e+01
2.8402399816e+01
2.8386194866e+01
2.8366974963e+01
2.8347671314e+01
2.8329525316e+01
2.8310810778e+01
2.8290452716e+01
2.8269662460e+01
2.8248156398e+01
2.8224766675e+01
2.8201376951e+01
2.8179349839e+01
2.8155185011e+01
2.8131005851e+01
2.8106826691e+01
2.8078595768e+01
2.8050995191e+01
2.8025032737e+01
2.7999109284e+01
2.7971455710e+01
2.7942108137e+01
2.7912360753e+01
2.7879272356e+01
2.7847299094e+01
2.7818632273e+01
2.7788700425e+01
2.7757781371e+01
2.7724288764e+01
2.7685026294e+01
2.7656118110e+01
2.7627209926e+01
2.7587804348e+01
2.7550989727e+01
2.7521564656e+01
2.7488437581e+01
2.7447062302e+01
2.7414971735e+01
2.7382881169e+01
2.7352403790e+01
2.7322587707e+01
2.7291345323e+01
2.7263012719e+01
2.7305076664e+01
2.7440363918e+01
2.7575651171e+01
