2.6995757959e-07 9.2950974349e-06
2.7766889245e-01 -8.4190213567e-04
5.4874738295e-01 -3.3071452990e-03
8.1316538722e-01 -7.3326184434e-03
1.0708846747e+00 -1.2849089817e-02
1.3218758717e+00 -1.9781595918e-02
1.5661040791e+00 -2.8069910257e-02
1.8035451822e+00 -3.7632656423e-02
2.0341971899e+00 -4.8418669586e-02
2.2580452905e+00 -6.0344816520e-02
2.4750706539e+00 -7.3356680475e-02
2.6852810446e+00 -8.7385907223e-02
2.8886852673e+00 -1.0236109595e-01
3.0852876186e+00 -1.1823606234e-01
3.2751023720e+00 -1.3492833682e-01
3.4581398871e+00 -1.5239234610e-01
3.6344149105e+00 -1.7056436458e-01
3.8039694296e+00 -1.8937614761e-01
3.9668029912e+00 -2.0878548248e-01
4.1229576653e+00 -2.2872089673e-01
4.2724600402e+00 -2.4913623378e-01
4.4153250096e+00 -2.6997637128e-01
4.5516081133e+00 -2.9117795776e-01
4.6813155870e+00 -3.1270196349e-01
4.8044901373e+00 -3.3448452042e-01
4.9211839613e+00 -3.5648250706e-01
5.0314034444e+00 -3.7864349188e-01
5.1352274302e+00 -4.0091341242e-01
5.2326587909e+00 -4.2325447642e-01
5.3237281138e+00 -4.4560963485e-01
5.4085151966e+00 -4.6793498850e-01
5.4870264749e+00 -4.9019018550e-01
5.5593028637e+00 -5.1232016289e-01
5.6254049839e+00 -5.3429017332e-01
5.6853431326e+00 -5.5604762538e-01
5.7391912654e+00 -5.7755023436e-01
5.7869669754e+00 -5.9876446696e-01
5.8287058786e+00 -6.1963232801e-01
5.8644677659e+00 -6.4012471473e-01
5.8942915602e+00 -6.6019663253e-01
5.9182139595e+00 -6.7980595286e-01
5.9362684556e+00 -6.9891578772e-01
5.9485200654e+00 -7.1747340619e-01
5.9549922711e+00 -7.3545336779e-01
5.9557512692e+00 -7.5280598491e-01
5.9508010706e+00 -7.6949783986e-01
5.9402226543e+00 -7.8548755037e-01
5.9240606882e+00 -8.0073942579e-01
5.9023420882e+00 -8.1520446811e-01
5.8751285714e+00 -8.2885963442e-01
5.8424694474e+00 -8.4165330769e-01
5.8044068712e+00 -8.5355578242e-01
5.7609972722e+00 -8.6452943573e-01
5.7122988679e+00 -8.7452472774e-01
5.6583677564e+00 -8.8352207921e-01
5.5992391478e+00 -8.9147416803e-01
5.5350054323e+00 -8.9834236353e-01
5.4657151183e+00 -9.0410290747e-01
5.3914230336e+00 -9.0870819977e-01
5.3122075568e+00 -9.1212332408e-01
5.2281419764e+00 -9.1432030862e-01
5.1392878418e+00 -9.1525938641e-01
5.0457441476e+00 -9.1491383817e-01
4.9475851795e+00 -9.1324077050e-01
4.8448854295e+00 -9.1021633908e-01
4.7377526451e+00 -9.0581272886e-01
4.6262786513e+00 -8.9998374189e-01
4.5105774786e+00 -8.9272408941e-01
4.3907335454e+00 -8.8398950299e-01
4.2669021442e+00 -8.7375799724e-01
4.1391891234e+00 -8.6201881338e-01
4.0077134190e+00 -8.4873418185e-01
3.8726415138e+00 -8.3389647613e-01
3.7341157166e+00 -8.1748794324e-01
3.5922857931e+00 -7.9949247087e-01
3.4473611296e+00 -7.7991716179e-01
3.2994980262e+00 -7.5872847821e-01
3.1489077950e+00 -7.3595343264e-01
2.9958044025e+00 -7.1158603364e-01
2.8404444625e+00 -6.8563388260e-01
2.6830509172e+00 -6.5812813661e-01
2.5239077246e+00 -6.2907299091e-01
2.3633281813e+00 -5.9853347538e-01
2.2016348949e+00 -5.6651953615e-01
2.0391619665e+00 -5.3312022267e-01
1.8763161565e+00 -4.9838531012e-01
1.7135361311e+00 -4.6239538088e-01
1.5513078424e+00 -4.2530285314e-01
1.3901541450e+00 -3.8716734050e-01
1.2306660527e+00 -3.4820867006e-01
1.0735381599e+00 -3.0856317440e-01
9.1960848210e-01 -2.6848945039e-01
7.6977696695e-01 -2.2831835034e-01
6.2515728566e-01 -1.8832485371e-01
4.8706860202e-01 -1.4905050771e-01
3.5731039456e-01 -1.1098809697e-01
2.3827803798e-01 -7.5197974330e-02
1.3334525253e-01 -4.2685214425e-02
4.8540505436e-02 -1.5270602839e-02
-1.1759058591e-04 5.3651351892e-05
