-2.9594868236e-07 -3.4940394702e-07
2.6041962239e-01 1.3552806393e-03
5.1588894271e-01 5.3130126266e-03
7.6631627814e-01 1.1849820622e-02
1.0114487232e+00 2.0787172013e-02
1.2512371026e+00 3.2114566022e-02
1.4854987517e+00 4.5687602662e-02
1.7141821497e+00 6.1416779111e-02
1.9371408014e+00 7.9211278374e-02
2.1541501498e+00 9.8956277991e-02
2.3652125356e+00 1.2060788346e-01
2.5701352880e+00 1.4397480067e-01
2.7688517139e+00 1.6903285127e-01
2.9612384192e+00 1.9565602540e-01
3.1470790426e+00 2.2371607202e-01
3.3264497474e+00 2.5316881039e-01
3.4991339966e+00 2.8383407148e-01
3.6650608105e+00 3.1564942364e-01
3.8241724884e+00 3.4852533479e-01
3.9762758608e+00 3.8229732165e-01
4.1214648937e+00 4.1692746594e-01
4.2595507333e+00 4.5223699648e-01
4.3904878374e+00 4.8815090950e-01
4.5142506248e+00 5.2459402509e-01
4.6307018189e+00 5.6137169082e-01
4.7399233942e+00 5.9846104714e-01
4.8418105457e+00 6.3570213437e-01
4.9363588861e+00 6.7297858808e-01
5.0235203697e+00 7.1024744904e-01
5.1032662275e+00 7.4730146508e-01
5.1756632047e+00 7.8411318389e-01
5.2406796035e+00 8.2054208265e-01
5.2983525252e+00 8.5646992502e-01
5.3486676474e+00 8.9185494479e-01
5.3916876604e+00 9.2649297673e-01
5.4274482573e+00 9.6036001937e-01
5.4559942827e+00 9.9334219430e-01
5.4774193330e+00 1.0253010083e+00
5.4917347771e+00 1.0562197346e+00
5.4990861564e+00 1.0859142270e+00
5.4995180295e+00 1.1143358222e+00
5.4931239861e+00 1.1414228521e+00
5.4800526753e+00 1.1670209722e+00
5.4603689589e+00 1.1911273909e+00
5.4342701919e+00 1.2136101959e+00
5.4018413137e+00 1.2344038822e+00
5.3631834759e+00 1.2534537034e+00
5.3185310892e+00 1.2706408893e+00
5.2679574619e+00 1.2859773347e+00
5.2117286033e+00 1.2993552180e+00
5.1499580345e+00 1.3107379542e+00
5.0827871472e+00 1.3200646258e+00
5.0105019916e+00 1.3272663885e+00
4.9331519827e+00 1.3323554802e+00
4.8511128034e+00 1.3352629578e+00
4.7645103882e+00 1.3359806224e+00
4.6734797893e+00 1.3344676688e+00
4.5783961655e+00 1.3307003908e+00
4.4792834360e+00 1.3246856498e+00
4.3765235500e+00 1.3163935336e+00
4.2703576616e+00 1.3058238702e+00
4.1608425438e+00 1.2930265741e+00
4.0484232220e+00 1.2780230030e+00
3.9332387526e+00 1.2607734941e+00
3.8154272532e+00 1.2412896818e+00
3.6954686301e+00 1.2196549958e+00
3.5733702332e+00 1.1959002785e+00
3.4495166369e+00 1.1700923567e+00
3.3241685617e+00 1.1422948712e+00
3.1973685428e+00 1.1124809737e+00
3.0696635767e+00 1.0807930522e+00
2.9411157753e+00 1.0472905460e+00
2.8118743188e+00 1.0120304984e+00
2.6824539939e+00 9.7519513727e-01
2.5528806956e+00 9.3680296145e-01
2.4234595915e+00 8.9698875971e-01
2.2944816698e+00 8.5587921749e-01
2.1660290393e+00 8.1351967572e-01
2.0385951870e+00 7.7016325327e-01
1.9121812000e+00 7.2584325980e-01
1.7871479883e+00 6.8083701567e-01
1.6637259997e+00 6.3524078078e-01
1.5420428483e+00 5.8912485777e-01
1.4226046792e+00 5.4282785477e-01
1.3053023976e+00 4.9641764965e-01
1.1906365143e+00 4.5026598751e-01
1.0787870830e+00 4.0450662921e-01
9.6993010317e-01 3.5928809143e-01
8.6448374232e-01 3.1503739124e-01
7.6257619609e-01 2.7190627918e-01
6.6454474726e-01 2.3023990592e-01
5.7059056897e-01 1.9030401645e-01
4.8120295333e-01 1.5273569431e-01
3.9655306456e-01 1.1770994500e-01
3.1672890548e-01 8.5938137588e-02
2.4235508992e-01 5.7802300708e-02
1.7370353307e-01 3.4324801148e-02
1.1055603870e-01 1.5949960925e-02
5.2511386779e-02 4.2421242559e-03
-2.6321989933e-06 -9.8950170539e-07
