2.5723148834e+02
2.5649267210e+02
2.5799186247e+02
2.5575527875e+02
2.5875199446e+02
2.5501809218e+02
2.5950904850e+02
2.5428003299e+02
2.6026584668e+02
2.5354185947e+02
2.6102260995e+02
2.5279756620e+02
2.6177196783e+02
2.5205256614e+02
2.6252130676e+02
2.5130688550e+02
2.6326536305e+02
2.5055832227e+02
2.6400537357e+02
2.4980953451e+02
2.6474553917e+02
2.4908279497e+02
2.6551179183e+02
2.4835966900e+02
2.6627842840e+02
2.4762558302e+02
2.6703235157e+02
2.4686643680e+02
2.6777380968e+02
2.4610688303e+02
2.6851543545e+02
2.4539033864e+02
2.6928557255e+02
2.4468326904e+02
2.7005752611e+02
2.4397085998e+02
2.7081760425e+02
2.4324465811e+02
2.7156319204e+02
2.4251818046e+02
2.7230899800e+02
2.4179406399e+02
2.7307139108e+02
2.4107049041e+02
2.7383571860e+02
2.4034798225e+02
2.7459558787e+02
2.3962670070e+02
2.7535005509e+02
2.3890504440e+02
2.7610482728e+02
2.3819604419e+02
2.7686099126e+02
2.3749144529e+02
2.7761749118e+02
2.3678234839e+02
2.7837227889e+02
2.3605277299e+02
2.7912564150e+02
2.3532265985e+02
2.7987935431e+02
2.3462369845e+02
2.8062960157e+02
2.3393816763e+02
2.8137919871e+02
2.3325072639e+02
2.8213223311e+02
2.3254999102e+02
2.8289580534e+02
2.3184864233e+02
2.8365979719e+02
2.3115170533e+02
2.8440894460e+02
2.3045705099e+02
2.8515401430e+02
2.2976694162e+02
2.8589891487e+02
2.2910125055e+02
2.8664521785e+02
2.2843502018e+02
2.8739197095e+02
2.2774960684e+02
2.8813532648e+02
2.2705222590e+02
2.8887759005e+02
2.2635636021e+02
2.8962120985e+02
2.2566534111e+02
2.9037259163e+02
2.2497365372e+02
2.9112445685e+02
2.2430902667e+02
2.9186947181e+02
2.9261166637e+02
2.2366431180e+02
2.9335237996e+02
2.2301855365e+02
2.9408803763e+02
2.2235592026e+02
2.9482420953e+02
2.2169268797e+02
2.9556342395e+02
2.2103202656e+02
2.9630436077e+02
2.2037361248e+02
2.9704354343e+02
2.1971560502e+02
2.9777386825e+02
2.1908182549e+02
2.9850474658e+02
2.1844741420e+02
2.9923730791e+02
2.1780269203e+02
2.9997101439e+02
2.1714759603e+02
3.0070394340e+02
2.1649204765e+02
3.0143235881e+02
2.1586422740e+02
3.0216137521e+02
2.1523553345e+02
3.0288653382e+02
2.1460419020e+02
3.0360889961e+02
2.1396993099e+02
3.0433097014e+02
2.1333510939e+02
3.0504882274e+02
2.1272633024e+02
3.0576727963e+02
2.1211806770e+02
3.0648598492e+02
2.1150546082e+02
3.0720490254e+02
2.1088712503e+02
3.0792375307e+02
2.1026819696e+02
3.0864220227e+02
2.0966710131e+02
3.0936131576e+02
2.0906673634e+02
3.1007226407e+02
2.0846765448e+02
3.1077477861e+02
2.0787135626e+02
3.1147783840e+02
2.0727442224e+02
3.1218455396e+02
2.0668776637e+02
3.1289290171e+02
2.0610150554e+02
3.1359770990e+02
2.0551773130e+02
3.1429794330e+02
2.0493985689e+02
3.1499872200e+02
3.1568330232e+02
2.0436132634e+02
3.1636782381e+02
2.0378485739e+02
3.1705767355e+02
2.0320740565e+02
3.1775469571e+02
2.0263664956e+02
3.1845227227e+02
2.0208336587e+02
3.1915217939e+02
2.0152938346e+02
3.1985400753e+02
2.0097141220e+02
3.2054401378e+02
2.0041096526e+02
3.2121354705e+02
1.9985326596e+02
3.2188372081e+02
1.9930546325e+02
3.2254776213e+02
1.9875691580e+02
3.2321170672e+02
1.9823322581e+02
3.2388351029e+02
1.9771762057e+02
3.2457018672e+02
1.9719429989e+02
3.2525742152e+02
1.9664472890e+02
3.2591733025e+02
1.9609448439e+02
3.2657225503e+02
1.9557876308e+02
3.2723207109e+02
1.9507719863e+02
3.2790258922e+02
1.9457110059e+02
3.2857374719e+02
1.9404638172e+02
3.2923207141e+02
1.9352096040e+02
3.2988774181e+02
1.9300868621e+02
3.3054243045e+02
3.3119263300e+02
1.9250174461e+02
3.3184350140e+02
1.9199619053e+02
3.3249289559e+02
1.9150519978e+02
3.3314287944e+02
1.9101340268e+02
3.3379034009e+02
1.9053181180e+02
3.3442619121e+02
1.9005592807e+02
3.3506273263e+02
1.8957850065e+02
3.3569876759e+02
1.8909370053e+02
3.3633555049e+02
1.8860810315e+02
3.3697112302e+02
1.8813852494e+02
3.3759775112e+02
1.8767990454e+02
3.3822507763e+02
1.8722008831e+02
3.3884926189e+02
1.8675462870e+02
3.3947257126e+02
1.8628843746e+02
3.4009585547e+02
1.8583694616e+02
3.4071454382e+02
1.8539713916e+02
3.4133393687e+02
1.8495630587e+02
3.4195225063e+02
1.8450407176e+02
3.4257089066e+02
3.4318841096e+02
1.8405105553e+02
3.4378720130e+02
1.8361198564e+02
3.4438669002e+02
1.8318642055e+02
3.4499641903e+02
1.8275992653e+02
3.4561524644e+02
1.8233407741e+02
3.4623306184e+02
1.8190745761e+02
3.4681595331e+02
1.8148363673e+02
3.4739959566e+02
1.8106224737e+02
3.4798647565e+02
1.8063988655e+02
3.4857687894e+02
1.8024055611e+02
3.4916806092e+02
1.7984221301e+02
3.4975466225e+02
1.7944259574e+02
3.5034199627e+02
1.7904051252e+02
3.5091707236e+02
1.7863747585e+02
3.5147980449e+02
1.7824825365e+02
3.5204332971e+02
3.5262994890e+02
1.7786002863e+02
3.5321793558e+02
1.7747503512e+02
3.5379473373e+02
1.7709511240e+02
3.5435892602e+02
1.7671423090e+02
3.5492394531e+02
1.7634165762e+02
3.5548535632e+02
1.7596989188e+02
3.5604717087e+02
1.7560040180e+02
3.5661081057e+02
1.7523528476e+02
3.5717804013e+02
1.7486921553e+02
3.5774615689e+02
1.7451087164e+02
3.5828840303e+02
1.7415372302e+02
3.5882808885e+02
1.7380166214e+02
3.5936888039e+02
1.7346242604e+02
3.5991154294e+02
1.7312224402e+02
3.6045503907e+02
3.6099252591e+02
1.7278357532e+02
3.6152955805e+02
1.7244484417e+02
3.6206657276e+02
1.7210598654e+02
3.6260370236e+02
1.7176605178e+02
3.6314168336e+02
1.7142515575e+02
3.6366452081e+02
1.7110041142e+02
3.6418434429e+02
1.7078121410e+02
3.6470434025e+02
1.7046657166e+02
3.6522495054e+02
1.7017160172e+02
3.6574645068e+02
1.6987576190e+02
3.6625934827e+02
1.6956228879e+02
3.6677014494e+02
1.6924043421e+02
3.6727940960e+02
3.6778350408e+02
1.6892169369e+02
3.6828842938e+02
1.6861677040e+02
3.6878998492e+02
1.6831089528e+02
3.6929075139e+02
1.6801897217e+02
3.6979014739e+02
1.6773433887e+02
3.7028316455e+02
1.6744977532e+02
3.7077702591e+02
1.6716957684e+02
3.7126510103e+02
1.6688849253e+02
3.7175093780e+02
1.6661049068e+02
3.7223424555e+02
1.6633423328e+02
3.7270255170e+02
1.6605757488e+02
3.7317166629e+02
1.6577946469e+02
3.7364786863e+02
3.7412825177e+02
1.6550039360e+02
3.7460704988e+02
1.6523895180e+02
3.7507314433e+02
1.6499092854e+02
3.7554007140e+02
1.6474192905e+02
3.7600026167e+02
1.6448050379e+02
3.7645632100e+02
1.6421812905e+02
3.7691238728e+02
1.6396846325e+02
3.7736341111e+02
1.6373028423e+02
3.7781527476e+02
1.6349143789e+02
3.7826084833e+02
1.6325687518e+02
3.7870173776e+02
1.6302136971e+02
3.7914276765e+02
3.7957555175e+02
1.6279051983e+02
3.8000917183e+02
1.6256475269e+02
3.8043911909e+02
1.6233820162e+02
3.8086578174e+02
1.6211104346e+02
3.8129300613e+02
1.6188263313e+02
3.8170859532e+02
1.6166088475e+02
3.8212503642e+02
1.6144774400e+02
3.8253894378e+02
1.6123378416e+02
3.8295008121e+02
1.6103174028e+02
3.8336201088e+02
1.6082972947e+02
3.8375231915e+02
3.8414267117e+02
1.6062804681e+02
3.8453588660e+02
1.6042729431e+02
3.8493246377e+02
1.6022572824e+02
3.8532982638e+02
1.6003280010e+02
3.8570816747e+02
1.5983998913e+02
3.8608587628e+02
1.5965220593e+02
3.8645888551e+02
1.5947392345e+02
3.8682453278e+02
1.5929481477e+02
3.8719095931e+02
1.5912145941e+02
3.8755473818e+02
3.8791910039e+02
1.5894827664e+02
3.8827416570e+02
1.5877825473e+02
3.8861230916e+02
1.5861583999e+02
3.8895124601e+02
1.5845259804e+02
3.8928954253e+02
1.5829822848e+02
3.8962861286e+02
1.5814522066e+02
3.8996007328e+02
1.5799514723e+02
3.9027464624e+02
1.5785386794e+02
3.9059001612e+02
1.5771175269e+02
3.9089790083e+02
3.9120474715e+02
1.5757314907e+02
3.9150648609e+02
1.5743466644e+02
3.9179396639e+02
1.5730234072e+02
3.9208224293e+02
1.5719123961e+02
3.9235921929e+02
1.5707928308e+02
3.9263339426e+02
1.5697390607e+02
3.9290277837e+02
1.5687033272e+02
3.9315541878e+02
1.5676945866e+02
3.9340886416e+02
1.5668190073e+02
3.9364933130e+02
3.9388551769e+02
1.5659346980e+02
3.9411712435e+02
1.5652085508e+02
3.9432813386e+02
1.5645493813e+02
3.9453995788e+02
1.5639202663e+02
3.9473253644e+02
1.5634854550e+02
3.9491671747e+02
1.5630417034e+02
3.9509721068e+02
1.5627852304e+02
3.9525505098e+02
1.5626271847e+02
3.9541371948e+02
3.9554668763e+02
1.5625101354e+02
3.9566579552e+02
1.5627488708e+02
3.9578090609e+02
1.5629783516e+02
3.9586171786e+02
1.5634947968e+02
3.9594337875e+02
1.5641972649e+02
3.9598937654e+02
1.5649452988e+02
3.9601217166e+02
1.5663101564e+02
3.9602975599e+02
1.5676654868e+02
3.9597896415e+02
3.9592905530e+02
1.5697802195e+02
3.9579101854e+02
1.5724945292e+02
3.9558352700e+02
1.5752145593e+02
3.9537854975e+02
1.5782634396e+02
3.9521548688e+02
1.5813010338e+02
3.9505363567e+02
1.5911745606e+02
3.9396744092e+02
1.6075483311e+02
3.9201251557e+02
1.6239393920e+02
3.9005643110e+02
