-2.5061092392e-05 1.5303529252e-06
-9.7371672477e-06 1.3057863067e-06
6.8614048309e-01 -4.6515488127e-04
7.3931186266e-01 -4.4477874011e-04
1.3584535713e+00 -1.8419063336e-03
1.4623427327e+00 -1.7276344665e-03
2.0168247141e+00 -4.0634428991e-03
2.1690828729e+00 -3.8472613929e-03
2.6614364043e+00 -7.1134072717e-03
2.8594927028e+00 -6.7597320179e-03
3.2923884183e+00 -1.0968877769e-02
3.5336071048e+00 -1.0355795118e-02
3.9096881998e+00 -1.5564777268e-02
4.1914331933e+00 -1.4631398955e-02
4.5132947270e+00 -2.0828865266e-02
4.8328856982e+00 -1.9608389007e-02
5.1033857679e+00 -2.6716878487e-02
5.4581215896e+00 -2.5157042986e-02
5.6799810734e+00 -3.3210636384e-02
6.0671300150e+00 -3.1232986182e-02
6.2430683511e+00 -4.0274832534e-02
6.6599209681e+00 -3.7836884037e-02
6.7926673889e+00 -4.7837549571e-02
7.2365173993e+00 -4.4925070619e-02
7.3288369621e+00 -5.5807970423e-02
7.7970151053e+00 -5.2400504683e-02
7.8515757542e+00 -6.4204595725e-02
8.3414077638e+00 -6.0257527004e-02
8.3608663324e+00 -7.2981285375e-02
8.8567997398e+00 -8.2049704020e-02
8.8696903592e+00 -6.8491110204e-02
9.3393063211e+00 -9.1362050836e-02
9.3819738874e+00 -7.6993923515e-02
9.8083761236e+00 -1.0091042509e-01
9.8783967331e+00 -8.5733572895e-02
1.0264015005e+01 -1.1063000549e-01
1.0358875670e+01 -9.4703470344e-02
1.0706317262e+01 -1.2045698005e-01
1.0823423502e+01 -1.0387999441e-01
1.1135169381e+01 -1.3036080512e-01
1.1272226832e+01 -1.1316524379e-01
1.1550552927e+01 -1.4033422302e-01
1.1705321113e+01 -1.2254257571e-01
1.1952524580e+01 -1.5028927721e-01
1.2122660181e+01 -1.3198806318e-01
1.2341047578e+01 -1.6018755439e-01
1.2524327336e+01 -1.4148886512e-01
1.2716066840e+01 -1.7001032656e-01
1.2910488179e+01 -1.5095915652e-01
1.3077582473e+01 -1.7973850076e-01
1.3281143273e+01 -1.6039843411e-01
1.3425585037e+01 -1.8928764553e-01
1.3636284728e+01 -1.6979041137e-01
1.3760060177e+01 -1.9865039448e-01
1.3976040643e+01 -1.7906157841e-01
1.4081008044e+01 -2.0782986518e-01
1.4300448427e+01 -1.8819293836e-01
1.4388358440e+01 -2.1673799187e-01
1.4609507863e+01 -1.9718627263e-01
1.4682101026e+01 -2.2536050997e-01
1.4903305961e+01 -2.0599524732e-01
1.4962230175e+01 -2.3369725910e-01
1.5181987105e+01 -2.1458752341e-01
1.5228673912e+01 -2.4172941552e-01
1.5445501817e+01 -2.2293522956e-01
1.5481425293e+01 -2.4937248544e-01
1.5693857624e+01 -2.3103397043e-01
1.5720486556e+01 -2.5663330431e-01
1.5927216659e+01 -2.3884417836e-01
1.5945816037e+01 -2.6353022288e-01
1.6145618378e+01 -2.4635084506e-01
1.6157348546e+01 -2.7001310678e-01
1.6349016314e+01 -2.5351320812e-01
1.6355076150e+01 -2.7603701018e-01
1.6537521724e+01 -2.6034063032e-01
1.6538971341e+01 -2.8160479991e-01
1.6709008219e+01 -2.8674201482e-01
1.6711247023e+01 -2.6679931375e-01
1.6865134233e+01 -2.9139506016e-01
1.6870176916e+01 -2.7287643296e-01
1.7007301355e+01 -2.9555335031e-01
1.7014289035e+01 -2.7853839794e-01
1.7135509585e+01 -2.9921688525e-01
1.7143770943e+01 -2.8380015908e-01
1.7249774239e+01 -3.0238561787e-01
1.7258600935e+01 -2.8861144630e-01
1.7349956217e+01 -3.0504803310e-01
1.7358771936e+01 -2.9298302165e-01
1.7436060495e+01 -3.0719736138e-01
1.7444347226e+01 -2.9689953908e-01
1.7508090805e+01 -3.0884231213e-01
1.7515476198e+01 -3.0035472305e-01
1.7565980175e+01 -3.0995880654e-01
1.7572099632e+01 -3.0331603035e-01
1.7609664359e+01 -3.1053569927e-01
1.7614215727e+01 -3.0578213642e-01
1.7639168060e+01 -3.1060789664e-01
1.7641915920e+01 -3.0774762671e-01
1.7654414764e+01 -3.1018223717e-01
1.7655313358e+01 -3.0922814435e-01
