-7.1650568515e-06 -1.5253655721e-11
-2.2633404719e-06 2.5113088310e-11
1.6345873968e-01 2.2521783236e-07
1.6346077778e-01 -1.1406575006e-07
3.2356771424e-01 3.0925746851e-07
3.2356894333e-01 -1.8768981769e-07
4.8031975863e-01 2.5210365477e-07
4.8032191906e-01 -2.3445928679e-07
6.3371897261e-01 1.4997982903e-07
6.3372142013e-01 -2.9454226772e-07
7.8376751164e-01 5.3041658069e-08
7.8377003783e-01 -3.2868187667e-07
9.3046440557e-01 -6.1557550323e-08
9.3046735033e-01 -3.0054421182e-07
1.0738116488e+00 -1.5946035942e-07
1.0738135205e+00 -1.4609273587e-07
1.2138092226e+00 -1.6708958749e-07
1.2138092806e+00 1.7546050797e-08
1.3504572167e+00 -1.3838535235e-07
1.3504585813e+00 2.1977348776e-07
1.4837597434e+00 -1.0798047447e-07
1.4837614227e+00 4.6058957501e-07
1.6137183477e+00 6.6389592184e-07
1.6137197323e+00 -7.1935881298e-08
1.7403300231e+00 4.2480452407e-08
1.7403304002e+00 8.0137624087e-07
1.8635923426e+00 2.4597997411e-07
1.8635975783e+00 8.9584303885e-07
1.9835118187e+00 4.5341868775e-07
1.9835202463e+00 8.8204578470e-07
2.1000923575e+00 6.6285270195e-07
2.1001030237e+00 7.7928828034e-07
2.2133348426e+00 8.6592472727e-07
2.2133456944e+00 7.9567741027e-07
2.3232334494e+00 1.0942648864e-06
2.3232467644e+00 8.1800217119e-07
2.4297927020e+00 1.4261935172e-06
2.4298054585e+00 8.7938144414e-07
2.5330127013e+00 1.7148782043e-06
2.5330224935e+00 9.9730117197e-07
2.6328935407e+00 2.0149066581e-06
2.6329017395e+00 1.0357914147e-06
2.7294367750e+00 2.3323671046e-06
2.7294460467e+00 8.9984247813e-07
2.8226450617e+00 2.8356246986e-06
2.8226585355e+00 6.2879280660e-07
2.9125158800e+00 3.4433912419e-06
2.9125326598e+00 6.4811455808e-07
2.9990584556e+00 4.0131893339e-06
2.9990656962e+00 5.8325453197e-07
3.0822617295e+00 4.5498554571e-06
3.0822625631e+00 3.7932331833e-07
3.1621263765e+00 4.8783452775e-06
3.1621321964e+00 9.1621910039e-08
3.2386547376e+00 5.0541434083e-06
3.2386671060e+00 -1.1970386027e-07
3.3118535909e+00 5.3102611371e-06
3.3118674187e+00 -4.5000711139e-07
3.3817248762e+00 5.7570520300e-06
3.3817305996e+00 -8.0620293130e-07
3.4482667538e+00 6.2242514327e-06
3.4482711404e+00 -7.1903259135e-07
3.5114755047e+00 6.6633339699e-06
3.5114863157e+00 -4.1826207941e-07
3.5713537145e+00 7.0543098620e-06
3.5713682350e+00 -1.4017983182e-08
3.6279023457e+00 7.3115427704e-06
3.6279149446e+00 1.8833203254e-07
3.6811189588e+00 7.3642057318e-06
3.6811343895e+00 2.0280361502e-07
3.7310076566e+00 7.2893236438e-06
3.7310256798e+00 -1.7368385900e-08
3.7775719251e+00 7.2150414581e-06
3.7775970672e+00 -2.2548120643e-07
3.8208100234e+00 7.0779180912e-06
3.8208327812e+00 6.7704484690e-08
3.8607194355e+00 6.9245268484e-06
3.8607377688e+00 6.6411790560e-07
3.8973049333e+00 6.7968608884e-06
3.8973196301e+00 1.3004122822e-06
3.9305613934e+00 6.7284741054e-06
3.9305766497e+00 1.7244112057e-06
3.9604879483e+00 6.5731773681e-06
3.9605045797e+00 1.9885154526e-06
3.9870882374e+00 6.3469811797e-06
3.9871063599e+00 1.9495941242e-06
4.0103663714e+00 6.1150890325e-06
4.0103812598e+00 2.0638533100e-06
4.0303206377e+00 5.9064777482e-06
4.0303373608e+00 2.4204738475e-06
4.0469500205e+00 5.7365460563e-06
4.0469685564e+00 2.8716542648e-06
4.0602511659e+00 5.3534289256e-06
4.0602719278e+00 3.3268773502e-06
4.0702272246e+00 4.9575840044e-06
4.0702466771e+00 3.6882714237e-06
4.0768860959e+00 4.3811313887e-06
4.0768925307e+00 3.8979788369e-06
4.0802134858e+00 3.8829901372e-06
4.0802166409e+00 3.9252845228e-06
