2.7444725984e+02
2.7444548566e+02
2.7444366079e+02
2.7444150728e+02
2.7443867401e+02
2.7443573864e+02
2.7443314171e+02
2.7443053449e+02
2.7442790323e+02
2.7442495059e+02
2.7442207038e+02
2.7441903366e+02
2.7441572062e+02
2.7441231495e+02
2.7440906313e+02
2.7440523039e+02
2.7440129004e+02
2.7439729435e+02
2.7439331605e+02
2.7438873721e+02
2.7438397531e+02
2.7437932450e+02
2.7437402003e+02
2.7436846383e+02
2.7436246387e+02
2.7435663224e+02
2.7435057879e+02
2.7434439595e+02
2.7433742222e+02
2.7433046183e+02
2.7432346644e+02
2.7431554427e+02
2.7430683601e+02
2.7429847758e+02
2.7428993732e+02
2.7428034076e+02
2.7427230882e+02
2.7426178799e+02
2.7425075956e+02
2.7424268327e+02
2.7423190699e+02
2.7421896416e+02
2.7420760049e+02
2.7419568626e+02
2.7418600674e+02
2.7417489303e+02
2.7416175523e+02
2.7415020503e+02
2.7413774155e+02
2.7412521723e+02
2.7411239657e+02
2.7409956782e+02
2.7408697896e+02
2.7407354298e+02
2.7406079605e+02
2.7404754417e+02
2.7403423299e+02
2.7402163879e+02
2.7400851641e+02
2.7399580411e+02
2.7398291967e+02
2.7397009620e+02
2.7395838174e+02
2.7394591677e+02
2.7393336076e+02
2.7392251327e+02
2.7391131938e+02
2.7390036664e+02
2.7388985766e+02
2.7388012631e+02
2.7387023415e+02
2.7386185764e+02
2.7385384109e+02
2.7384505109e+02
2.7383950777e+02
2.7383354910e+02
2.7382815202e+02
2.7382312492e+02
2.7382037215e+02
2.7381749653e+02
2.7381510598e+02
2.7381395124e+02
2.7381463753e+02
2.7381543435e+02
2.7381771154e+02
2.7382029469e+02
2.7382465523e+02
2.7382978547e+02
2.7383551257e+02
2.7384352930e+02
2.7385216995e+02
2.7386135302e+02
2.7387206369e+02
2.7388276684e+02
2.7389537477e+02
2.7390811357e+02
2.7392150926e+02
2.7393526897e+02
2.7395043203e+02
2.7396733427e+02
