1.9010052588e-07 2.0550059747e-08
1.7867294982e-02 -2.7622247163e-06
3.5397012801e-02 -1.0294578934e-05
5.2589343559e-02 -2.2576512592e-05
6.9444287256e-02 -3.9608025691e-05
8.5961843891e-02 -6.1389118232e-05
1.0214411998e-01 -8.7606834644e-05
1.1799530495e-01 -1.1781689423e-04
1.3351550351e-01 -1.5202753757e-04
1.4870471564e-01 -1.9023876469e-04
1.6356294136e-01 -2.3245057557e-04
1.7809105303e-01 -2.7826219184e-04
1.9229223525e-01 -3.2733393650e-04
2.0616674022e-01 -3.7964523261e-04
2.1971456792e-01 -4.3519608019e-04
2.3293571837e-01 -4.9398647923e-04
2.4583210409e-01 -5.5583851792e-04
2.5840602395e-01 -6.2034470867e-04
2.7065747824e-01 -6.8749585489e-04
2.8258654276e-01 -7.5746380390e-04
2.9419321875e-01 -8.3013800670e-04
3.0548022742e-01 -9.0506656027e-04
3.1644747814e-01 -9.8215005526e-04
3.2709489203e-01 -1.0613572425e-03
3.3742305831e-01 -1.1427314864e-03
3.4743375556e-01 -1.2259077777e-03
3.5712707591e-01 -1.3107800549e-03
3.6650293098e-01 -1.3976956400e-03
3.7556205393e-01 -1.4862443627e-03
3.8430581694e-01 -1.5761639650e-03
3.9273421150e-01 -1.6674787635e-03
4.0084700793e-01 -1.7600357558e-03
4.0864444095e-01 -1.8538990570e-03
4.1612778067e-01 -1.9488542255e-03
4.2329716925e-01 -2.0447371434e-03
4.3015289618e-01 -2.1415526145e-03
4.3669500304e-01 -2.2392857074e-03
4.4292329550e-01 -2.3377063857e-03
4.4883869696e-01 -2.4365502577e-03
4.5444136581e-01 -2.5358262197e-03
4.5973164715e-01 -2.6354978509e-03
4.6470897129e-01 -2.7355694608e-03
4.6937402196e-01 -2.8357544685e-03
4.7372616431e-01 -2.9359968125e-03
4.7776553657e-01 -3.0361401923e-03
4.8149253825e-01 -3.1361052415e-03
4.8490733675e-01 -3.2356729762e-03
4.8800909382e-01 -3.3347379641e-03
4.9079780946e-01 -3.4333002051e-03
4.9327384323e-01 -3.5313064079e-03
4.9543684222e-01 -3.6285176341e-03
4.9728618066e-01 -3.7247149103e-03
4.9882185854e-01 -3.8198982367e-03
5.0004419338e-01 -3.9139350654e-03
5.0095198264e-01 -4.0066458908e-03
5.0154466091e-01 -4.0980506731e-03
5.0182266629e-01 -4.1877401492e-03
5.0178614720e-01 -4.2757464636e-03
5.0143339812e-01 -4.3617733246e-03
5.0076409973e-01 -4.4457034477e-03
4.9977842739e-01 -4.5277519186e-03
4.9847525504e-01 -4.6073723804e-03
4.9685372575e-01 -4.6845121845e-03
4.9491393330e-01 -4.7588078849e-03
4.9265589211e-01 -4.8302508170e-03
4.9007762998e-01 -4.8987305444e-03
4.8717805164e-01 -4.9642139204e-03
4.8395660131e-01 -5.0262226594e-03
4.8041415911e-01 -5.0846181384e-03
4.7654797256e-01 -5.1389973737e-03
4.7235798854e-01 -5.1893314551e-03
4.6784405701e-01 -5.2356745666e-03
4.6300343348e-01 -5.2776846597e-03
4.5783619644e-01 -5.3150495323e-03
4.5234218367e-01 -5.3473720082e-03
4.4651906248e-01 -5.3745309357e-03
4.4036503915e-01 -5.3963961923e-03
4.3388021022e-01 -5.4128318428e-03
4.2706430003e-01 -5.4233486743e-03
4.1991393982e-01 -5.4273641468e-03
4.1242928029e-01 -5.4250541676e-03
4.0460966435e-01 -5.4160557434e-03
3.9645148484e-01 -5.4003122186e-03
3.8795511770e-01 -5.3770664618e-03
3.7912032348e-01 -5.3460700094e-03
3.6994309071e-01 -5.3073920938e-03
3.6042239975e-01 -5.2607104729e-03
3.5055860288e-01 -5.2046944204e-03
3.4034857064e-01 -5.1397110178e-03
3.2979058182e-01 -5.0653374938e-03
3.1888470847e-01 -4.9815915900e-03
3.0762764052e-01 -4.8875652927e-03
2.9601853573e-01 -4.7828585100e-03
2.8405625592e-01 -4.6671213519e-03
2.7173685149e-01 -4.5403215888e-03
2.5906038621e-01 -4.4012761162e-03
2.4602511058e-01 -4.2500488670e-03
2.3262781904e-01 -4.0857827418e-03
2.1886828106e-01 -3.9085203952e-03
2.0474315727e-01 -3.7173522334e-03
