3.8400949887e+02
3.8375294773e+02
3.8349639659e+02
3.8323984544e+02
3.8298329430e+02
3.8272674315e+02
3.8247021071e+02
3.8221365259e+02
3.8195708279e+02
3.8170051299e+02
3.8144394320e+02
3.8118737340e+02
3.8093080360e+02
3.8067424836e+02
3.8041776567e+02
3.8016132015e+02
3.7990487464e+02
3.7964842912e+02
3.7939198361e+02
3.7913553809e+02
3.7887909257e+02
3.7862258175e+02
3.7836603550e+02
3.7810948925e+02
3.7785294301e+02
3.7759639676e+02
3.7733985051e+02
3.7708330427e+02
3.7682677070e+02
3.7657024271e+02
3.7631368019e+02
3.7605711767e+02
3.7580055516e+02
3.7554399264e+02
3.7528743013e+02
3.7503086792e+02
3.7477434905e+02
3.7451790364e+02
3.7426145822e+02
3.7400501281e+02
3.7374856739e+02
3.7349212198e+02
3.7323567656e+02
3.7297919284e+02
3.7272266204e+02
3.7246612285e+02
3.7220958367e+02
3.7195304448e+02
3.7169650529e+02
3.7143996610e+02
3.7118342691e+02
3.7092691838e+02
3.7067033867e+02
3.7041375896e+02
3.7015717926e+02
3.6990059955e+02
3.6964401984e+02
3.6938744013e+02
3.6913088802e+02
3.6887442640e+02
3.6861798833e+02
3.6836155027e+02
3.6810511220e+02
3.6784867413e+02
3.6759223606e+02
3.6733578117e+02
3.6707925919e+02
3.6682271907e+02
3.6656617894e+02
3.6630963882e+02
3.6605309869e+02
3.6579655856e+02
3.6554001844e+02
3.6528350636e+02
3.6502694313e+02
3.6477035737e+02
3.6451377161e+02
3.6425718585e+02
3.6400060009e+02
3.6374401433e+02
3.6348744593e+02
3.6323094947e+02
3.6297451600e+02
3.6271808254e+02
3.6246164908e+02
3.6220521562e+02
3.6194878215e+02
3.6169234869e+02
3.6143584130e+02
3.6117930455e+02
3.6092276521e+02
3.6066622587e+02
3.6040968652e+02
3.6015314718e+02
3.5989660784e+02
3.5964008367e+02
3.5938355158e+02
3.5912696911e+02
3.5887038663e+02
3.5861380415e+02
3.5835722167e+02
3.5810063920e+02
3.5784405672e+02
3.5758751647e+02
3.5733107221e+02
3.5707463082e+02
3.5681818943e+02
3.5656174804e+02
3.5630530665e+02
3.5604886526e+02
3.5579238655e+02
3.5553585685e+02
3.5527931044e+02
3.5502276403e+02
3.5476621763e+02
3.5450967122e+02
3.5425312481e+02
3.5399657840e+02
3.5374006621e+02
3.5348350103e+02
3.5322692748e+02
3.5297035393e+02
3.5271378038e+02
3.5245720683e+02
3.5220063329e+02
3.5194408126e+02
3.5168760156e+02
3.5143116485e+02
3.5117472814e+02
3.5091829142e+02
3.5066185471e+02
3.5040541800e+02
3.5014896976e+02
3.4989246483e+02
3.4963592388e+02
3.4937938294e+02
3.4912284199e+02
3.4886630105e+02
3.4860976010e+02
3.4835321916e+02
3.4809669001e+02
3.4784014157e+02
3.4758356554e+02
3.4732698950e+02
3.4707041346e+02
3.4681383743e+02
3.4655726139e+02
3.4630069348e+02
3.4604416466e+02
3.4578771658e+02
3.4553126850e+02
3.4527482041e+02
3.4501837233e+02
3.4476192425e+02
3.4450547617e+02
3.4424899911e+02
3.4399248459e+02
3.4373595757e+02
3.4347943056e+02
3.4322290355e+02
3.4296637654e+02
3.4270984952e+02
3.4245332709e+02
3.4219679960e+02
3.4194023110e+02
3.4168366260e+02
3.4142709410e+02
3.4117052560e+02
3.4091395710e+02
3.4065738860e+02
3.4040083884e+02
3.4014436906e+02
3.3988791897e+02
3.3963146887e+02
3.3937501878e+02
3.3911856869e+02
3.3886211860e+02
3.3860564724e+02
3.3834913970e+02
3.3809260154e+02
3.3783606338e+02
3.3757952522e+02
3.3732298706e+02
3.3706644890e+02
3.3680991318e+02
3.3655341075e+02
3.3629686050e+02
3.3604030181e+02
3.3578374313e+02
3.3552718444e+02
3.3527062576e+02
3.3501406707e+02
3.3475749751e+02
3.3450097608e+02
3.3424452692e+02
3.3398807775e+02
3.3373162859e+02
3.3347517943e+02
3.3321873026e+02
3.3296228110e+02
3.3270590836e+02
3.3244937955e+02
3.3219282468e+02
3.3193626980e+02
3.3167971493e+02
3.3142316006e+02
3.3116660518e+02
3.3090996541e+02
3.3065334923e+02
3.3039682533e+02
3.3014030143e+02
3.2988377754e+02
3.2962725364e+02
3.2937072974e+02
3.2911422605e+02
3.2885777926e+02
3.2860120555e+02
3.2834463184e+02
3.2808805813e+02
3.2783148442e+02
3.2757491071e+02
3.2731833700e+02
3.2706178280e+02
3.2680527048e+02
3.2654881518e+02
3.2629235987e+02
3.2603590456e+02
3.2577944926e+02
3.2552299395e+02
3.2526653864e+02
3.2501003002e+02
3.2475350928e+02
3.2449696185e+02
3.2424041441e+02
3.2398386697e+02
3.2372731953e+02
3.2347077210e+02
3.2321422466e+02
3.2295769711e+02
3.2270116245e+02
3.2244462511e+02
3.2218808777e+02
3.2193155043e+02
3.2167501309e+02
3.2141847575e+02
3.2116193841e+02
3.2090540479e+02
3.2064890654e+02
3.2039241806e+02
3.2013592958e+02
3.1987944110e+02
3.1962295263e+02
3.1936646415e+02
3.1910996809e+02
3.1885342368e+02
3.1859687708e+02
3.1834033048e+02
3.1808378389e+02
3.1782723729e+02
3.1757069069e+02
3.1731416195e+02
3.1705764867e+02
3.1680113598e+02
3.1654462329e+02
3.1628811060e+02
3.1603159791e+02
3.1577508522e+02
3.1551856774e+02
3.1526205951e+02
3.1500556645e+02
3.1474907339e+02
3.1449258032e+02
3.1423608726e+02
3.1397959420e+02
3.1372309447e+02
3.1346658243e+02
3.1321005818e+02
3.1295353394e+02
3.1269700970e+02
3.1244048546e+02
3.1218396121e+02
3.1192744195e+02
3.1167094162e+02
3.1141442321e+02
3.1115790448e+02
3.1090138575e+02
3.1064486701e+02
3.1038834828e+02
3.1013182954e+02
3.0987529795e+02
3.0961877368e+02
3.0936228543e+02
3.0910579719e+02
3.0884930895e+02
3.0859282071e+02
3.0833633246e+02
3.0807984422e+02
3.0782335796e+02
3.0756686864e+02
3.0731034475e+02
3.0705382086e+02
3.0679729696e+02
3.0654077307e+02
3.0628424917e+02
3.0602772528e+02
3.0577119913e+02
3.0551466016e+02
3.0525811629e+02
3.0500157243e+02
3.0474502856e+02
3.0448848469e+02
3.0423194083e+02
3.0397539696e+02
3.0371887253e+02
3.0346238658e+02
3.0320590394e+02
3.0294942129e+02
3.0269293865e+02
3.0243645601e+02
3.0217997336e+02
3.0192349072e+02
3.0166698572e+02
3.0141047679e+02
3.0115396786e+02
3.0089745894e+02
3.0064095001e+02
3.0038444108e+02
3.0012793364e+02
2.9987140256e+02
2.9961486519e+02
2.9935832781e+02
2.9910179043e+02
2.9884525305e+02
2.9858871567e+02
2.9833219036e+02
2.9807570187e+02
2.9781923758e+02
2.9756277329e+02
2.9730630900e+02
2.9704984471e+02
2.9679338042e+02
2.9653687858e+02
2.9628034769e+02
2.9602381311e+02
2.9576727853e+02
2.9551074395e+02
2.9525420937e+02
2.9499767479e+02
2.9474115196e+02
2.9448467588e+02
2.9422816880e+02
2.9397165595e+02
2.9371514309e+02
2.9345863024e+02
2.9320211739e+02
2.9294560454e+02
2.9268907319e+02
2.9243253826e+02
2.9217604069e+02
2.9191954311e+02
2.9166304554e+02
2.9140654797e+02
2.9115005040e+02
2.9089355283e+02
2.9063706004e+02
2.9038056822e+02
2.9012405761e+02
2.8986754668e+02
2.8961103575e+02
2.8935452481e+02
2.8909801388e+02
2.8884150295e+02
2.8858498334e+02
2.8832845566e+02
2.8807192250e+02
2.8781538934e+02
2.8755885619e+02
2.8730232303e+02
2.8704578988e+02
2.8678925672e+02
2.8653272720e+02
2.8627623283e+02
2.8601974642e+02
2.8576326001e+02
2.8550677359e+02
2.8525028718e+02
2.8499380077e+02
2.8473731436e+02
2.8448081404e+02
2.8422431011e+02
2.8396780618e+02
2.8371130224e+02
2.8345479831e+02
2.8319829438e+02
2.8294179200e+02
2.8268526116e+02
2.8242872064e+02
2.8217218013e+02
2.8191563961e+02
2.8165909909e+02
2.8140255857e+02
2.8114604440e+02
2.8088956546e+02
2.8063310905e+02
2.8037665263e+02
2.8012019621e+02
2.7986373980e+02
2.7960728338e+02
2.7935075608e+02
2.7909421762e+02
2.7883767598e+02
2.7858113433e+02
2.7832459269e+02
2.7806805105e+02
2.7781150940e+02
2.7755497975e+02
2.7729849443e+02
2.7704198546e+02
2.7678546666e+02
2.7652894786e+02
2.7627242905e+02
2.7601591025e+02
2.7575939145e+02
2.7550286533e+02
2.7524633531e+02
2.7498984447e+02
2.7473335471e+02
2.7447686494e+02
2.7422037518e+02
2.7396388541e+02
2.7370739731e+02
2.7345091983e+02
2.7319443663e+02
2.7293793614e+02
2.7268143565e+02
2.7242493516e+02
2.7216843468e+02
2.7191193419e+02
2.7165543370e+02
2.7139891136e+02
2.7114237932e+02
2.7088583810e+02
2.7062929688e+02
2.7037275566e+02
2.7011621444e+02
2.6985967322e+02
2.6960313662e+02
2.6934661462e+02
2.6909010654e+02
2.6883362932e+02
2.6857715209e+02
2.6832067486e+02
2.6806419763e+02
2.6780772040e+02
2.6755124077e+02
2.6729473774e+02
2.6703822836e+02
2.6678171898e+02
2.6652520960e+02
2.6626870022e+02
2.6601219084e+02
2.6575568212e+02
2.6549914570e+02
2.6524259962e+02
2.6498605355e+02
2.6472950747e+02
2.6447296140e+02
2.6421641533e+02
2.6395989243e+02
2.6370340413e+02
2.6344695288e+02
2.6319050163e+02
2.6293405038e+02
2.6267759912e+02
2.6242114787e+02
2.6216463196e+02
2.6190810633e+02
2.6165156758e+02
2.6139502883e+02
2.6113849008e+02
2.6088195133e+02
2.6062541258e+02
2.6036888249e+02
2.6011238576e+02
2.5985588273e+02
2.5959937498e+02
2.5934286723e+02
2.5908635948e+02
2.5882985174e+02
2.5857334399e+02
2.5831682762e+02
2.5806030578e+02
2.5780379382e+02
2.5754728376e+02
2.5729077370e+02
2.5703426364e+02
2.5677775359e+02
2.5652124353e+02
2.5626474144e+02
2.5600823850e+02
