1.4701381341e-01 -7.8162398053e-02
1.5677872649e-01 -8.7715037377e-02
1.6654157866e-01 -9.7278569517e-02
1.7627472140e-01 -1.0681197373e-01
1.8600286188e-01 -1.1630576949e-01
1.9570663112e-01 -1.2569674979e-01
2.0536078619e-01 -1.3496080664e-01
2.1502415662e-01 -1.4410570854e-01
2.2472276340e-01 -1.5314457007e-01
2.3444243850e-01 -1.6209947950e-01
2.4410347192e-01 -1.7097945542e-01
2.5370233406e-01 -1.7971307640e-01
2.6326571380e-01 -1.8828840286e-01
2.7276758890e-01 -1.9672067845e-01
2.8230346107e-01 -2.0509018882e-01
2.9187322175e-01 -2.1339471567e-01
3.0146979176e-01 -2.2162870573e-01
3.1108313296e-01 -2.2977109434e-01
3.2068153172e-01 -2.3780245946e-01
3.3024928475e-01 -2.4572700936e-01
3.3977966934e-01 -2.5353950809e-01
3.4926598062e-01 -2.6123471462e-01
3.5872235717e-01 -2.6886178355e-01
3.6821479346e-01 -2.7642908064e-01
3.7774225393e-01 -2.8391519822e-01
3.8729805315e-01 -2.9131659229e-01
3.9687819273e-01 -2.9868768705e-01
4.0645192578e-01 -3.0597968502e-01
4.1606274122e-01 -3.1312199370e-01
4.2572767961e-01 -3.2023998372e-01
4.3538265803e-01 -3.2728673428e-01
4.4502088275e-01 -3.3422347555e-01
4.5465147665e-01 -3.4117131496e-01
4.6434066991e-01 -3.4806604662e-01
4.7406193316e-01 -3.5486813297e-01
4.8378689477e-01 -3.6160722168e-01
4.9351556412e-01 -3.6829597534e-01
5.0325746734e-01 -3.7490555848e-01
5.1306803542e-01 -3.8144942135e-01
5.2294037029e-01 -3.8792405367e-01
5.3288179332e-01 -3.9440966949e-01
5.4277505373e-01 -4.0083797136e-01
5.5270164770e-01 -4.0717274757e-01
5.6266295122e-01 -4.1341416890e-01
5.7270967860e-01 -4.1963398222e-01
5.8277524156e-01 -4.2583368786e-01
5.9282123118e-01 -4.3195626747e-01
6.0293946414e-01 -4.3802233275e-01
6.1312169347e-01 -4.4402769440e-01
6.2340363995e-01 -4.5002686302e-01
6.3368629861e-01 -4.5598633442e-01
6.4397764680e-01 -4.6185948086e-01
6.5434678801e-01 -4.6768578069e-01
6.6478478966e-01 -4.7346085819e-01
6.7524081090e-01 -4.7920065258e-01
6.8575798232e-01 -4.8494265911e-01
6.9633351869e-01 -4.9062381557e-01
7.0695653936e-01 -4.9623975508e-01
7.1765972836e-01 -5.0179946954e-01
7.2844082447e-01 -5.0733407262e-01
7.3920250548e-01 -5.1279877010e-01
7.5004445043e-01 -5.1822469622e-01
7.6095745315e-01 -5.2360798253e-01
7.7193230822e-01 -5.2894473146e-01
7.8300269840e-01 -5.3426479164e-01
7.9410337727e-01 -5.3952609561e-01
8.0528559165e-01 -5.4475207095e-01
8.1653697545e-01 -5.4993744929e-01
8.2784713319e-01 -5.5508443024e-01
8.3924327378e-01 -5.6017930458e-01
8.5069577059e-01 -5.6523499285e-01
8.6219518394e-01 -5.7024791362e-01
8.7372727404e-01 -5.7520708898e-01
8.8535381048e-01 -5.8012404421e-01
8.9708847970e-01 -5.8500503432e-01
9.0892134510e-01 -5.8984672453e-01
9.2086674653e-01 -5.9469406585e-01
9.3281953098e-01 -5.9941967529e-01
9.4488877388e-01 -6.0414077328e-01
9.5702225664e-01 -6.0881007467e-01
9.6920844885e-01 -6.1342176989e-01
9.8145195641e-01 -6.1799462465e-01
9.9382825748e-01 -6.2257360621e-01
1.0063112777e+00 -6.2708877740e-01
1.0188562083e+00 -6.3155136105e-01
1.0314466900e+00 -6.3596778951e-01
1.0440914400e+00 -6.4029254585e-01
1.0568692546e+00 -6.4459453884e-01
1.0697690580e+00 -6.4887091015e-01
1.0827713713e+00 -6.5310435092e-01
1.0958647431e+00 -6.5730546549e-01
1.1090037508e+00 -6.6143062292e-01
1.1222278835e+00 -6.6550218008e-01
1.1355410803e+00 -6.6953230820e-01
1.1489324989e+00 -6.7351854039e-01
1.1624232485e+00 -6.7747806191e-01
1.1760673121e+00 -6.8140133158e-01
1.1897577737e+00 -6.8522356928e-01
1.2035375194e+00 -6.8900096418e-01
1.2173950990e+00 -6.9273118108e-01
1.2313199417e+00 -6.9641647565e-01
1.2453710176e+00 -7.0005128376e-01
1.2595401029e+00 -7.0363312415e-01
1.2738335954e+00 -7.0721507493e-01
1.2881778640e+00 -7.1063099922e-01
1.3026603302e+00 -7.1401674165e-01
1.3172243560e+00 -7.1735949436e-01
1.3318419805e+00 -7.2063579413e-01
1.3465016844e+00 -7.2384387526e-01
1.3613518234e+00 -7.2705711984e-01
1.3763199139e+00 -7.3017545925e-01
1.3913183162e+00 -7.3318163047e-01
1.4064190527e+00 -7.3615470496e-01
1.4216095981e+00 -7.3909307562e-01
1.4368845630e+00 -7.4196230043e-01
1.4522814198e+00 -7.4475257922e-01
1.4678063290e+00 -7.4748373480e-01
1.4834191648e+00 -7.5018269070e-01
1.4990515107e+00 -7.5275096031e-01
1.5148135962e+00 -7.5523469408e-01
1.5307111274e+00 -7.5765502209e-01
1.5466647835e+00 -7.5997841782e-01
1.5627091176e+00 -7.6226784345e-01
1.5789010247e+00 -7.6452423511e-01
1.5951316075e+00 -7.6665913082e-01
1.6114223653e+00 -7.6870718889e-01
1.6277683340e+00 -7.7067049404e-01
1.6442311920e+00 -7.7256966218e-01
1.6608153187e+00 -7.7440837371e-01
1.6775040205e+00 -7.7615625291e-01
1.6942593045e+00 -7.7778033940e-01
1.7111060889e+00 -7.7932658926e-01
1.7280000188e+00 -7.8080303998e-01
1.7449411561e+00 -7.8218443803e-01
1.7620050291e+00 -7.8346735805e-01
1.7791897639e+00 -7.8467964381e-01
1.7964306930e+00 -7.8578276233e-01
1.8136899921e+00 -7.8675752941e-01
1.8309920230e+00 -7.8765252861e-01
1.8484014284e+00 -7.8847321780e-01
1.8659064638e+00 -7.8921985131e-01
1.8835285725e+00 -7.8985563125e-01
1.9011409698e+00 -7.9035425694e-01
1.9187700430e+00 -7.9075467106e-01
1.9364970120e+00 -7.9106651562e-01
1.9543077424e+00 -7.9129058895e-01
1.9722501137e+00 -7.9140780584e-01
1.9901687585e+00 -7.9137991073e-01
2.0080733882e+00 -7.9124736147e-01
2.0260501519e+00 -7.9101153313e-01
2.0440851605e+00 -7.9067371912e-01
2.0621644172e+00 -7.9023512228e-01
2.0803971371e+00 -7.8963410349e-01
2.0985813995e+00 -7.8897241142e-01
2.1168066279e+00 -7.8820500183e-01
2.1350768865e+00 -7.8730709726e-01
2.1533461543e+00 -7.8628528878e-01
2.1716047076e+00 -7.8514786751e-01
2.1898846702e+00 -7.8380336695e-01
2.2082682584e+00 -7.8236324783e-01
2.2266442203e+00 -7.8081249539e-01
2.2449749656e+00 -7.7914104152e-01
2.2632945261e+00 -7.7737094378e-01
2.2817162429e+00 -7.7549727091e-01
2.3001130830e+00 -7.7343957075e-01
2.3184296033e+00 -7.7121617514e-01
2.3367746430e+00 -7.6889605207e-01
2.3551337398e+00 -7.6648189152e-01
2.3735055797e+00 -7.6395919849e-01
2.3918463264e+00 -7.6126233466e-01
2.4101283924e+00 -7.5838733983e-01
2.4283797132e+00 -7.5536186069e-01
2.4466474627e+00 -7.5223938996e-01
2.4649046178e+00 -7.4902145594e-01
2.4830863804e+00 -7.4564839318e-01
2.5011968460e+00 -7.4209929460e-01
2.5192341519e+00 -7.3837851730e-01
2.5373003803e+00 -7.3453339546e-01
2.5553606551e+00 -7.3059371833e-01
2.5732804187e+00 -7.2652014378e-01
2.5911192557e+00 -7.2227326092e-01
2.6088641569e+00 -7.1785724155e-01
2.6265677273e+00 -7.1328146081e-01
2.6443139724e+00 -7.0859717539e-01
2.6619045457e+00 -7.0381600414e-01
2.6793784436e+00 -6.9886309359e-01
2.6967285766e+00 -6.9374116071e-01
2.7139422020e+00 -6.8845474831e-01
2.7311336913e+00 -6.8300066412e-01
2.7483234603e+00 -6.7744848043e-01
2.7653120636e+00 -6.7178684116e-01
2.7821566372e+00 -6.6595518664e-01
2.7988450608e+00 -6.5995857997e-01
2.8153730214e+00 -6.5379810268e-01
2.8319169041e+00 -6.4746778645e-01
2.8483525066e+00 -6.4106316848e-01
2.8645828973e+00 -6.3451362589e-01
2.8806300853e+00 -6.2780052455e-01
2.8964825885e+00 -6.2092930759e-01
2.9122694175e+00 -6.1388489297e-01
2.9279471120e+00 -6.0675680551e-01
2.9434077651e+00 -5.9950797522e-01
2.9586692086e+00 -5.9209588669e-01
2.9737205063e+00 -5.8452646326e-01
2.9885703267e+00 -5.7679033566e-01
3.0033776432e+00 -5.6888089820e-01
3.0180120855e+00 -5.6092341150e-01
3.0323975922e+00 -5.5283009074e-01
3.0465373519e+00 -5.4458932174e-01
3.0604212598e+00 -5.3620733661e-01
3.0741139149e+00 -5.2764519587e-01
3.0877286811e+00 -5.1896098955e-01
3.1011381901e+00 -5.1022320583e-01
3.1142700371e+00 -5.0134183445e-01
3.1271176944e+00 -4.9231836477e-01
3.1396705023e+00 -4.8314426257e-01
3.1520269821e+00 -4.7377083928e-01
3.1642704766e+00 -4.6430336461e-01
3.1763106263e+00 -4.5476035305e-01
3.1880205023e+00 -4.4512257279e-01
3.1993932722e+00 -4.3539106970e-01
3.2105592367e+00 -4.2559566027e-01
3.2214787424e+00 -4.1565386789e-01
3.2320981425e+00 -4.0555117170e-01
3.2424400326e+00 -3.9529893672e-01
3.2526900113e+00 -3.8498714208e-01
3.2625420750e+00 -3.7451521155e-01
3.2721529352e+00 -3.6394548908e-01
3.2814656425e+00 -3.5333749234e-01
3.2904263408e+00 -3.4263574171e-01
3.2990300973e+00 -3.3184379892e-01
3.3073915167e+00 -3.2091366153e-01
3.3155615777e+00 -3.0989928834e-01
3.3234045860e+00 -2.9879897840e-01
3.3308426996e+00 -2.8761453074e-01
3.3379639327e+00 -2.7640067094e-01
3.3448333027e+00 -2.6510208688e-01
3.3514393503e+00 -2.5371410107e-01
3.3577642465e+00 -2.4221856132e-01
3.3636788080e+00 -2.3058905416e-01
3.3692634471e+00 -2.1901410483e-01
3.3745502297e+00 -2.0737016654e-01
3.3795280460e+00 -1.9564633552e-01
3.3841927459e+00 -1.8385028785e-01
3.3885398329e+00 -1.7198966776e-01
3.3925570917e+00 -1.6007209870e-01
3.3962251790e+00 -1.4811219805e-01
3.3995430389e+00 -1.3611978428e-01
3.4025078359e+00 -1.2410339367e-01
3.4051163638e+00 -1.1207154661e-01
3.4073248053e+00 -9.9912278330e-02
3.4093266359e+00 -8.7723348177e-02
3.4109878940e+00 -7.5561766989e-02
3.4122530397e+00 -6.3393770257e-02
3.4131202580e+00 -5.1227557832e-02
3.4135919387e+00 -3.9045618027e-02
3.4137739425e+00 -2.6804416478e-02
3.4136909993e+00 -1.4517149989e-02
3.4132390276e+00 -2.2268849868e-03
3.4123386844e+00 1.0045906010e-02
3.4110886845e+00 2.2262781543e-02
3.4095390145e+00 3.4487509967e-02
3.4076697627e+00 4.6732010513e-02
3.4054808954e+00 5.8987902279e-02
3.4028733624e+00 7.1281620404e-02
3.3999421781e+00 8.3493235142e-02
3.3966879846e+00 9.5680878644e-02
3.3930590569e+00 1.0786173451e-01
3.3890936692e+00 1.1999437908e-01
3.3847994989e+00 1.3206580981e-01
3.3800064685e+00 1.4421027175e-01
3.3750241990e+00 1.5631171914e-01
3.3697200727e+00 1.6831731568e-01
3.3640428328e+00 1.8024232673e-01
3.3579950703e+00 1.9207830957e-01
3.3515705771e+00 2.0383621487e-01
3.3448289658e+00 2.1558585176e-01
3.3377957800e+00 2.2732656106e-01
3.3304541173e+00 2.3904584799e-01
3.3226550217e+00 2.5067658424e-01
3.3145791665e+00 2.6218619157e-01
3.3062287743e+00 2.7363073469e-01
3.2975382422e+00 2.8502111840e-01
3.2885118047e+00 2.9634952679e-01
3.2792333900e+00 3.0758410108e-01
3.2695098533e+00 3.1877137643e-01
3.2595544293e+00 3.2985760392e-01
3.2493010083e+00 3.4081950693e-01
3.2387556196e+00 3.5164859735e-01
3.2279648072e+00 3.6235541129e-01
3.2168291323e+00 3.7299367016e-01
3.2053071749e+00 3.8356033756e-01
3.1934404044e+00 3.9407581066e-01
3.1814189928e+00 4.0449669397e-01
3.1691418011e+00 4.1470775564e-01
3.1565298700e+00 4.2479941769e-01
3.1436278471e+00 4.3481951065e-01
3.1304172578e+00 4.4473021234e-01
3.1169700466e+00 4.5447977577e-01
3.1032742627e+00 4.6412456691e-01
3.0893067795e+00 4.7366115163e-01
3.0751197778e+00 4.8306271052e-01
3.0607044339e+00 4.9232503266e-01
3.0459091803e+00 5.0151715586e-01
3.0310089205e+00 5.1050718777e-01
3.0158408177e+00 5.1935377001e-01
3.0004146552e+00 5.2804927167e-01
2.9846821359e+00 5.3664925526e-01
2.9687658107e+00 5.4518227534e-01
2.9527011279e+00 5.5342204405e-01
2.9363910118e+00 5.6154094517e-01
2.9198456181e+00 5.6953153604e-01
2.9030668176e+00 5.7734952347e-01
2.8860899580e+00 5.8497560598e-01
2.8690291954e+00 5.9258739717e-01
2.8516614493e+00 6.0001659934e-01
2.8341504609e+00 6.0727006128e-01
2.8165480937e+00 6.1436478587e-01
2.7987980595e+00 6.2126593355e-01
2.7808172572e+00 6.2800593637e-01
2.7626601143e+00 6.3462168980e-01
2.7443316786e+00 6.4110163561e-01
2.7257579694e+00 6.4735141654e-01
2.7071790818e+00 6.5354933769e-01
2.6883683534e+00 6.5955747786e-01
2.6694562103e+00 6.6537949844e-01
2.6504740717e+00 6.7101544018e-01
2.6313346436e+00 6.7644763716e-01
2.6120443964e+00 6.8174663393e-01
2.5926650122e+00 6.8692767276e-01
2.5731522474e+00 6.9191128011e-01
2.5535429124e+00 6.9667508616e-01
2.5339068824e+00 7.0131670424e-01
2.5141375770e+00 7.0585290213e-01
2.4941825489e+00 7.1021768595e-01
2.4741767380e+00 7.1441611504e-01
2.4542087406e+00 7.1845875119e-01
2.4341682937e+00 7.2227266832e-01
2.4140226655e+00 7.2593067364e-01
2.3937957710e+00 7.2944354548e-01
2.3734850303e+00 7.3274537601e-01
2.3531510130e+00 7.3583721755e-01
2.3327791001e+00 7.3893093240e-01
2.3122486318e+00 7.4183076201e-01
2.2917317614e+00 7.4452322458e-01
2.2712538398e+00 7.4708422779e-01
2.2508323657e+00 7.4950964567e-01
2.2304063929e+00 7.5177732693e-01
2.2098852267e+00 7.5386091478e-01
2.1892904204e+00 7.5575840138e-01
2.1686366303e+00 7.5748115834e-01
2.1480174906e+00 7.5911723204e-01
2.1274875562e+00 7.6055983331e-01
2.1069167594e+00 7.6185162183e-01
2.0863392000e+00 7.6298682440e-01
2.0658138548e+00 7.6394693049e-01
2.0453168577e+00 7.6482513868e-01
2.0247525916e+00 7.6555523355e-01
2.0042233157e+00 7.6610979082e-01
1.9837893212e+00 7.6654623993e-01
1.9634714637e+00 7.6685599236e-01
1.9431958465e+00 7.6699934443e-01
1.9228965859e+00 7.6699696529e-01
1.9025912179e+00 7.6684700465e-01
1.8822972045e+00 7.6654748276e-01
1.8620512579e+00 7.6609950839e-01
1.8418886396e+00 7.6552754462e-01
1.8218245694e+00 7.6483716052e-01
1.8018771621e+00 7.6402703049e-01
1.7820548648e+00 7.6310255542e-01
1.7622145142e+00 7.6208640719e-01
1.7423739816e+00 7.6090445114e-01
1.7226370074e+00 7.5959375414e-01
1.7030504941e+00 7.5817877689e-01
1.6835922636e+00 7.5664086994e-01
1.6641741725e+00 7.5498039822e-01
1.6448083275e+00 7.5320090162e-01
1.6255052318e+00 7.5126870601e-01
1.6062769457e+00 7.4921588694e-01
1.5871162805e+00 7.4710450177e-01
1.5681276545e+00 7.4486852288e-01
1.5492560076e+00 7.4254138294e-01
1.5305193659e+00 7.4012342017e-01
1.5119349370e+00 7.3761494816e-01
1.4933263485e+00 7.3499774417e-01
1.4748119676e+00 7.3223493940e-01
1.4564625125e+00 7.2938820846e-01
1.4382339700e+00 7.2646860138e-01
1.4201443938e+00 7.2347731901e-01
1.4020888427e+00 7.2036248613e-01
1.3841858388e+00 7.1712684625e-01
1.3664472574e+00 7.1383400162e-01
1.3488185192e+00 7.1047098331e-01
1.3313170049e+00 7.0703937985e-01
1.3138731791e+00 7.0351152368e-01
1.2965618045e+00 6.9987289941e-01
1.2794199089e+00 6.9617957087e-01
1.2623944582e+00 6.9241315362e-01
1.2455025382e+00 6.8857566303e-01
1.2286818207e+00 6.8460962220e-01
1.2120532891e+00 6.8062541157e-01
1.1955190772e+00 6.7657099457e-01
1.1790953251e+00 6.7244867364e-01
1.1628151032e+00 6.6826690434e-01
1.1466949993e+00 6.6395951836e-01
1.1307023786e+00 6.5961842870e-01
1.1148556684e+00 6.5524034672e-01
1.0991554118e+00 6.5083177674e-01
1.0835329610e+00 6.4635179149e-01
1.0680057433e+00 6.4176892305e-01
1.0526132624e+00 6.3714009105e-01
1.0373978614e+00 6.3250574127e-01
1.0223863336e+00 6.2781487060e-01
1.0074706138e+00 6.2304456173e-01
9.9266652502e-01 6.1819829527e-01
9.7797868052e-01 6.1327826806e-01
9.6336350852e-01 6.0833469335e-01
9.4896797442e-01 6.0337232277e-01
9.3467634781e-01 5.9834825747e-01
9.2050709367e-01 5.9326736230e-01
9.0650372499e-01 5.8814263114e-01
8.9257175540e-01 5.8298580881e-01
8.7879180707e-01 5.7779042538e-01
8.6515297987e-01 5.7255358285e-01
8.5167027690e-01 5.6727942266e-01
8.3830678197e-01 5.6201198450e-01
8.2502640007e-01 5.5668271574e-01
8.1185242464e-01 5.5129072254e-01
7.9883845280e-01 5.4587621778e-01
7.8589131924e-01 5.4035107131e-01
7.7313760105e-01 5.3489212519e-01
7.6051012357e-01 5.2940131928e-01
7.4799366554e-01 5.2385831725e-01
7.3560252017e-01 5.1826807265e-01
7.2334979012e-01 5.1263468038e-01
7.1113741733e-01 5.0694450692e-01
6.9909073727e-01 5.0127491795e-01
6.8715014738e-01 4.9556183661e-01
6.7532940379e-01 4.8981057111e-01
6.6361939852e-01 4.8399928485e-01
6.5200396145e-01 4.7817884874e-01
6.4051428935e-01 4.7233740083e-01
6.2916211313e-01 4.6648055631e-01
6.1789481989e-01 4.6061977914e-01
6.0671771723e-01 4.5469249302e-01
5.9564035633e-01 4.4871100525e-01
5.8466179762e-01 4.4272732220e-01
5.7379855349e-01 4.3675260199e-01
5.6304670215e-01 4.3072777318e-01
5.5239038776e-01 4.2463206582e-01
5.4180555529e-01 4.1847898884e-01
5.3128694305e-01 4.1233407559e-01
5.2087960763e-01 4.0617881001e-01
5.1061567224e-01 3.9997102310e-01
5.0048211803e-01 3.9374163726e-01
4.9039794137e-01 3.8748547259e-01
4.8036817471e-01 3.8120287525e-01
4.7038019130e-01 3.7486507201e-01
4.6047133173e-01 3.6843351851e-01
4.5072270043e-01 3.6199475600e-01
4.4104274931e-01 3.5555629964e-01
4.3143680766e-01 3.4912190099e-01
4.2187414054e-01 3.4265624115e-01
4.1236095844e-01 3.3608914345e-01
4.0294596849e-01 3.2945020154e-01
3.9361418524e-01 3.2280101190e-01
3.8433293852e-01 3.1613577269e-01
3.7510757895e-01 3.0943642677e-01
3.6594781586e-01 3.0265039548e-01
3.5686830185e-01 2.9579016653e-01
3.4784148801e-01 2.8890088902e-01
3.3885522146e-01 2.8199069488e-01
3.2991826806e-01 2.7504058399e-01
3.2104213237e-01 2.6799934023e-01
3.1223510234e-01 2.6087644051e-01
3.0346571400e-01 2.5371180353e-01
2.9472797827e-01 2.4651379133e-01
2.8600204395e-01 2.3924025054e-01
2.7733672463e-01 2.3186044813e-01
2.6876733137e-01 2.2443678911e-01
2.6022257606e-01 2.1697613047e-01
2.5169653477e-01 2.0947284343e-01
2.4316646169e-01 2.0189488748e-01
2.3462438376e-01 1.9415952426e-01
2.2616425947e-01 1.8634781491e-01
2.1776311639e-01 1.7851159371e-01
2.0936679899e-01 1.7061521219e-01
2.0098451760e-01 1.6266667182e-01
1.9254400923e-01 1.5453227712e-01
1.8415222620e-01 1.4630642558e-01
1.7583264209e-01 1.3806733812e-01
1.6752054535e-01 1.2977151101e-01
1.5922512885e-01 1.2142744086e-01
1.5087776187e-01 1.1290633236e-01
1.4255089600e-01 1.0431831373e-01
1.3426160810e-01 9.5739737375e-02
1.2598940662e-01 8.7142610229e-02
1.1773982547e-01 7.8518066410e-02
1.0947549234e-01 6.9868884540e-02
1.0118693914e-01 6.1324260448e-02
