1.2286676105e+02
1.2315696848e+02
1.2345299871e+02
1.2372149483e+02
1.2398260537e+02
1.2423508787e+02
1.2448613451e+02
1.2471701567e+02
1.2493413676e+02
1.2515475588e+02
1.2535069354e+02
1.2555004084e+02
1.2572504676e+02
1.2589365440e+02
1.2606180131e+02
1.2620141919e+02
1.2634426774e+02
1.2646994714e+02
1.2659050802e+02
1.2670675243e+02
1.2679436140e+02
1.2688197036e+02
1.2695754434e+02
1.2702808823e+02
1.2709395951e+02
1.2713546755e+02
1.2717706074e+02
1.2720069366e+02
1.2721589355e+02
1.2723859236e+02
1.2723640785e+02
1.2723097942e+02
1.2721360112e+02
1.2718492277e+02
1.2715606463e+02
1.2710931507e+02
1.2706346639e+02
1.2700956844e+02
1.2694566298e+02
1.2687223334e+02
1.2678084856e+02
1.2669696854e+02
1.2661226617e+02
1.2651061876e+02
1.2640314262e+02
1.2628509201e+02
1.2616632127e+02
1.2604051067e+02
1.2590904119e+02
1.2577748421e+02
1.2563874560e+02
1.2549152289e+02
1.2532988452e+02
1.2518002699e+02
1.2503113748e+02
1.2487041199e+02
1.2469642034e+02
1.2452475526e+02
1.2435309018e+02
1.2418955841e+02
1.2401381411e+02
1.2383665901e+02
1.2365205433e+02
1.2347472760e+02
1.2329740087e+02
1.2311134452e+02
1.2292662259e+02
1.2276226002e+02
1.2258861344e+02
1.2240150871e+02
1.2223170036e+02
1.2206491934e+02
1.2190703510e+02
1.2174002411e+02
1.2157301312e+02
1.2143891544e+02
1.2130311645e+02
1.2115125676e+02
1.2102598540e+02
1.2090349069e+02
1.2082359814e+02
1.2070805489e+02
1.2062096922e+02
1.2057070019e+02
1.2050797300e+02
1.2048013791e+02
1.2045432328e+02
1.2048304880e+02
1.2051509319e+02
1.2056620472e+02
1.2066018442e+02
1.2079912844e+02
1.2095097581e+02
1.2115268457e+02
1.2139958736e+02
1.2172524194e+02
1.2209259992e+02
1.2255533164e+02
1.2307349896e+02
1.2356989237e+02
