3.7200916518e+02
3.7176063129e+02
3.7151209741e+02
3.7126356352e+02
3.7101502963e+02
3.7076649574e+02
3.7051797996e+02
3.7026943930e+02
3.7002088732e+02
3.6977233533e+02
3.6952378335e+02
3.6927523137e+02
3.6902667938e+02
3.6877814150e+02
3.6852967390e+02
3.6828124232e+02
3.6803281073e+02
3.6778437915e+02
3.6753594756e+02
3.6728751598e+02
3.6703908439e+02
3.6679058955e+02
3.6654206041e+02
3.6629353126e+02
3.6604500212e+02
3.6579647297e+02
3.6554794382e+02
3.6529941468e+02
3.6505089781e+02
3.6480238634e+02
3.6455384141e+02
3.6430529649e+02
3.6405675156e+02
3.6380820663e+02
3.6355966170e+02
3.6331111707e+02
3.6306261443e+02
3.6281418294e+02
3.6256575146e+02
3.6231731997e+02
3.6206888849e+02
3.6182045700e+02
3.6157202552e+02
3.6132355694e+02
3.6107504276e+02
3.6082652045e+02
3.6057799815e+02
3.6032947585e+02
3.6008095355e+02
3.5983243125e+02
3.5958390894e+02
3.5933541633e+02
3.5908685475e+02
3.5883829317e+02
3.5858973159e+02
3.5834117001e+02
3.5809260844e+02
3.5784404686e+02
3.5759551200e+02
3.5734706482e+02
3.5709864046e+02
3.5685021609e+02
3.5660179172e+02
3.5635336736e+02
3.5610494299e+02
3.5585650233e+02
3.5560799670e+02
3.5535947350e+02
3.5511095029e+02
3.5486242708e+02
3.5461390387e+02
3.5436538067e+02
3.5411685746e+02
3.5386836141e+02
3.5361981580e+02
3.5337124836e+02
3.5312268092e+02
3.5287411348e+02
3.5262554604e+02
3.5237697860e+02
3.5212842797e+02
3.5187994703e+02
3.5163152713e+02
3.5138310723e+02
3.5113468733e+02
3.5088626743e+02
3.5063784753e+02
3.5038942763e+02
3.5014093613e+02
3.4989241619e+02
3.4964389374e+02
3.4939537130e+02
3.4914684885e+02
3.4889832640e+02
3.4864980396e+02
3.4840129621e+02
3.4815278078e+02
3.4790421652e+02
3.4765565226e+02
3.4740708800e+02
3.4715852374e+02
3.4690995948e+02
3.4666139522e+02
3.4641287186e+02
3.4616444149e+02
3.4591601390e+02
3.4566758632e+02
3.4541915873e+02
3.4517073115e+02
3.4492230357e+02
3.4467383984e+02
3.4442532672e+02
3.4417679743e+02
3.4392826813e+02
3.4367973883e+02
3.4343120954e+02
3.4318268024e+02
3.4293415094e+02
3.4268565479e+02
3.4243710728e+02
3.4218855167e+02
3.4193999606e+02
3.4169144045e+02
3.4144288484e+02
3.4119432923e+02
3.4094579447e+02
3.4069732977e+02
3.4044890672e+02
3.4020048367e+02
3.3995206061e+02
3.3970363756e+02
3.3945521451e+02
3.3920678029e+02
3.3895829118e+02
3.3870976718e+02
3.3846124317e+02
3.3821271917e+02
3.3796419517e+02
3.3771567117e+02
3.3746714717e+02
3.3721863459e+02
3.3697010331e+02
3.3672154529e+02
3.3647298727e+02
3.3622442925e+02
3.3597587123e+02
3.3572731321e+02
3.3547876306e+02
3.3523025078e+02
3.3498181672e+02
3.3473338266e+02
3.3448494861e+02
3.3423651455e+02
3.3398808049e+02
3.3373964643e+02
3.3349118432e+02
3.3324268592e+02
3.3299417542e+02
3.3274566492e+02
3.3249715442e+02
3.3224864392e+02
3.3200013343e+02
3.3175162736e+02
3.3150311639e+02
3.3125456567e+02
3.3100601495e+02
3.3075746423e+02
3.3050891351e+02
3.3026036279e+02
3.3001181207e+02
3.2976327950e+02
3.2951482443e+02
3.2926638843e+02
3.2901795243e+02
3.2876951643e+02
3.2852108043e+02
3.2827264443e+02
3.2802418784e+02
3.2777569621e+02
3.2752717492e+02
3.2727865363e+02
3.2703013234e+02
3.2678161105e+02
3.2653308976e+02
3.2628457083e+02
3.2603608416e+02
3.2578755114e+02
3.2553900996e+02
3.2529046877e+02
3.2504192759e+02
3.2479338641e+02
3.2454484522e+02
3.2429629348e+02
3.2404778837e+02
3.2379935327e+02
3.2355091817e+02
3.2330248307e+02
3.2305404797e+02
3.2280561287e+02
3.2255717777e+02
3.2230881676e+02
3.2206030457e+02
3.2181176713e+02
3.2156322968e+02
3.2131469224e+02
3.2106615479e+02
3.2081761735e+02
3.2056899762e+02
3.2032040069e+02
3.2007189316e+02
3.1982338562e+02
3.1957487809e+02
3.1932637056e+02
3.1907786303e+02
3.1882937508e+02
3.1858094229e+02
3.1833238654e+02
3.1808383079e+02
3.1783527505e+02
3.1758671930e+02
3.1733816355e+02
3.1708960780e+02
3.1684107096e+02
3.1659257469e+02
3.1634413366e+02
3.1609569263e+02
3.1584725160e+02
3.1559881057e+02
3.1535036954e+02
3.1510192851e+02
3.1485343585e+02
3.1460493144e+02
3.1435640118e+02
3.1410787092e+02
3.1385934066e+02
3.1361081039e+02
3.1336228013e+02
3.1311374987e+02
3.1286523886e+02
3.1261672096e+02
3.1236820046e+02
3.1211967997e+02
3.1187115947e+02
3.1162263897e+02
3.1137411848e+02
3.1112559798e+02
3.1087708109e+02
3.1062859844e+02
3.1038012527e+02
3.1013165209e+02
3.0988317891e+02
3.0963470573e+02
3.0938623255e+02
3.0913775204e+02
3.0888922471e+02
3.0864069526e+02
3.0839216581e+02
3.0814363636e+02
3.0789510691e+02
3.0764657746e+02
3.0739806529e+02
3.0714956809e+02
3.0690107145e+02
3.0665257482e+02
3.0640407818e+02
3.0615558155e+02
3.0590708492e+02
3.0565858365e+02
3.0541009136e+02
3.0516161376e+02
3.0491313617e+02
3.0466465857e+02
3.0441618097e+02
3.0416770337e+02
3.0391921932e+02
3.0367072333e+02
3.0342221553e+02
3.0317370773e+02
3.0292519993e+02
3.0267669212e+02
3.0242818432e+02
3.0217968135e+02
3.0193119670e+02
3.0168269455e+02
3.0143419208e+02
3.0118568962e+02
3.0093718715e+02
3.0068868468e+02
3.0044018221e+02
3.0019166729e+02
2.9994315945e+02
2.9969468652e+02
2.9944621358e+02
2.9919774064e+02
2.9894926771e+02
2.9870079477e+02
2.9845232183e+02
2.9820385082e+02
2.9795537686e+02
2.9770686940e+02
2.9745836195e+02
2.9720985449e+02
2.9696134704e+02
2.9671283959e+02
2.9646433213e+02
2.9621582249e+02
2.9596730041e+02
2.9571877360e+02
2.9547024678e+02
2.9522171996e+02
2.9497319314e+02
2.9472466632e+02
2.9447613951e+02
2.9422763152e+02
2.9397916080e+02
2.9373069328e+02
2.9348222576e+02
2.9323375824e+02
2.9298529071e+02
2.9273682319e+02
2.9248835567e+02
2.9223986650e+02
2.9199137354e+02
2.9174288058e+02
2.9149438761e+02
2.9124589465e+02
2.9099740168e+02
2.9074891016e+02
2.9050039573e+02
2.9025187518e+02
2.9000335464e+02
2.8975483410e+02
2.8950631356e+02
2.8925779301e+02
2.8900928416e+02
2.8876081098e+02
2.8851236125e+02
2.8826391151e+02
2.8801546178e+02
2.8776701204e+02
2.8751856231e+02
2.8727007620e+02
2.8702156194e+02
2.8677304413e+02
2.8652452631e+02
2.8627600849e+02
2.8602749067e+02
2.8577897285e+02
2.8553046642e+02
2.8528200526e+02
2.8503351407e+02
2.8478501729e+02
2.8453652052e+02
2.8428802374e+02
2.8403952696e+02
2.8379103019e+02
2.8354251548e+02
2.8329399731e+02
2.8304551533e+02
2.8279703334e+02
2.8254855136e+02
2.8230006938e+02
2.8205158739e+02
2.8180310541e+02
2.8155462806e+02
2.8130615165e+02
2.8105765705e+02
2.8080916214e+02
2.8056066723e+02
2.8031217231e+02
2.8006367740e+02
2.7981518249e+02
2.7956667916e+02
2.7931816801e+02
2.7906965156e+02
2.7882113510e+02
2.7857261865e+02
2.7832410219e+02
2.7807558574e+02
2.7782706928e+02
2.7757855635e+02
2.7733007745e+02
2.7708160627e+02
2.7683313509e+02
2.7658466391e+02
2.7633619273e+02
2.7608772154e+02
2.7583925036e+02
2.7559076571e+02
2.7534227758e+02
2.7509378944e+02
2.7484530131e+02
2.7459681318e+02
2.7434832504e+02
2.7409983841e+02
2.7385132420e+02
2.7360280060e+02
2.7335427701e+02
2.7310575342e+02
2.7285722982e+02
2.7260870623e+02
2.7236020817e+02
2.7211174423e+02
2.7186330211e+02
2.7161485999e+02
2.7136641788e+02
2.7111797576e+02
2.7086953364e+02
2.7062102285e+02
2.7037250126e+02
2.7012397659e+02
2.6987545191e+02
2.6962692723e+02
2.6937840256e+02
2.6912987788e+02
2.6888136482e+02
2.6863289471e+02
2.6838440168e+02
2.6813589913e+02
2.6788739658e+02
2.6763889403e+02
2.6739039148e+02
2.6714188893e+02
2.6689337929e+02
2.6664486588e+02
2.6639639041e+02
2.6614791598e+02
2.6589944155e+02
2.6565096712e+02
2.6540249268e+02
2.6515401986e+02
2.6490555734e+02
2.6465708928e+02
2.6440860449e+02
2.6416011969e+02
2.6391163489e+02
2.6366315009e+02
2.6341466530e+02
2.6316618050e+02
2.6291767453e+02
2.6266915914e+02
2.6242063486e+02
2.6217211058e+02
2.6192358629e+02
2.6167506201e+02
2.6142653772e+02
2.6117801792e+02
2.6092951225e+02
2.6068102007e+02
2.6043255778e+02
2.6018409549e+02
2.5993563319e+02
2.5968717090e+02
2.5943870861e+02
2.5919024399e+02
2.5894175670e+02
2.5869326328e+02
2.5844476985e+02
2.5819627642e+02
2.5794778300e+02
2.5769928957e+02
2.5745079678e+02
2.5720227714e+02
2.5695374815e+02
2.5670521915e+02
2.5645669016e+02
2.5620816117e+02
2.5595963218e+02
2.5571112564e+02
2.5546265263e+02
2.5521421550e+02
2.5496577837e+02
2.5471734124e+02
2.5446890411e+02
2.5422046698e+02
2.5397196722e+02
2.5372345804e+02
2.5347493615e+02
2.5322641427e+02
2.5297789238e+02
2.5272937049e+02
2.5248084861e+02
2.5223233511e+02
2.5198385392e+02
2.5173536663e+02
2.5148687478e+02
2.5123838292e+02
2.5098989106e+02
2.5074139921e+02
2.5049290735e+02
2.5024440714e+02
2.4999590162e+02
2.4974740567e+02
2.4949891156e+02
2.4925041745e+02
2.4900192334e+02
2.4875342923e+02
2.4850493512e+02
2.4825644874e+02
2.4800796155e+02
