2.7500641473e+02
2.7500644716e+02
2.7500647959e+02
2.7500651712e+02
2.7500655963e+02
2.7500655760e+02
2.7500649004e+02
2.7500646599e+02
2.7500653806e+02
2.7500660822e+02
2.7500654151e+02
2.7500647396e+02
2.7500642758e+02
2.7500641086e+02
2.7500639415e+02
2.7500651079e+02
2.7500664347e+02
2.7500669716e+02
2.7500656170e+02
2.7500642624e+02
2.7500645182e+02
2.7500651105e+02
2.7500655893e+02
2.7500651269e+02
2.7500646646e+02
2.7500637989e+02
2.7500634506e+02
2.7500631023e+02
2.7500604415e+02
2.7500577233e+02
2.7500568733e+02
2.7500595668e+02
2.7500622603e+02
2.7500643930e+02
2.7500663041e+02
2.7500661641e+02
2.7500657217e+02
2.7500653988e+02
2.7500692705e+02
2.7500758012e+02
2.7500792339e+02
2.7500695320e+02
2.7500593226e+02
2.7500574648e+02
2.7500624866e+02
2.7500647234e+02
2.7500594637e+02
2.7500534444e+02
2.7500563490e+02
2.7500638199e+02
2.7500680953e+02
2.7500647833e+02
2.7500597880e+02
2.7500585677e+02
2.7500604113e+02
2.7500619390e+02
2.7500621874e+02
2.7500628489e+02
2.7500631051e+02
2.7500626949e+02
2.7500624330e+02
2.7500627751e+02
2.7500633495e+02
2.7500632705e+02
2.7500613338e+02
2.7500593972e+02
2.7500592563e+02
2.7500600500e+02
2.7500607556e+02
2.7500608145e+02
2.7500618593e+02
2.7500623848e+02
2.7500608858e+02
2.7500603683e+02
2.7500613290e+02
2.7500619250e+02
2.7500627461e+02
2.7500639716e+02
2.7500641618e+02
2.7500627448e+02
2.7500612962e+02
2.7500612992e+02
2.7500639727e+02
2.7500660244e+02
2.7500643418e+02
2.7500611621e+02
2.7500586290e+02
2.7500595268e+02
2.7500619352e+02
2.7500625265e+02
2.7500617855e+02
2.7500617233e+02
2.7500616267e+02
2.7500620049e+02
2.7500623070e+02
2.7500622348e+02
2.7500621626e+02
2.7500621972e+02
2.7500622856e+02
2.7500623741e+02
